# Chunk-averaged data for fix tensor3 and group c2
# Timestep Number-of-chunks Total-count
# Chunk Coord1 Ncount density/number
80000000 624 7134.000000000005
  1 0.5 1.31046 0.000568778
  2 1.5 1.3174 0.000571786
  3 2.5 1.31257 0.000569693
  4 3.5 1.3186 0.000572307
  5 4.5 1.33092 0.000577658
  6 5.5 1.33901 0.000581169
  7 6.5 1.34761 0.000584901
  8 7.5 1.36068 0.000590572
  9 8.5 1.37886 0.000598464
  10 9.5 1.40654 0.000610479
  11 10.5 1.43574 0.00062315
  12 11.5 1.46061 0.000633947
  13 12.5 1.50759 0.000654336
  14 13.5 1.5613 0.000677648
  15 14.5 1.62592 0.000705696
  16 15.5 1.70247 0.000738918
  17 16.5 1.79138 0.00077751
  18 17.5 1.8966 0.000823178
  19 18.5 2.02123 0.000877268
  20 19.5 2.16562 0.00093994
  21 20.5 2.3381 0.0010148
  22 21.5 2.51656 0.00109226
  23 22.5 2.7312 0.00118542
  24 23.5 2.94828 0.00127964
  25 24.5 3.18633 0.00138295
  26 25.5 3.44095 0.00149347
  27 26.5 3.70228 0.00160689
  28 27.5 3.95344 0.0017159
  29 28.5 4.20232 0.00182392
  30 29.5 4.44949 0.0019312
  31 30.5 4.69603 0.00203821
  32 31.5 4.90887 0.00213059
  33 32.5 5.0916 0.0022099
  34 33.5 5.24991 0.00227861
  35 34.5 5.39749 0.00234266
  36 35.5 5.51098 0.00239192
  37 36.5 5.59251 0.0024273
  38 37.5 5.65926 0.00245628
  39 38.5 5.70324 0.00247536
  40 39.5 5.7225 0.00248372
  41 40.5 5.72142 0.00248325
  42 41.5 5.71679 0.00248125
  43 42.5 5.69984 0.00247389
  44 43.5 5.68848 0.00246896
  45 44.5 5.65129 0.00245282
  46 45.5 5.61784 0.0024383
  47 46.5 5.58689 0.00242486
  48 47.5 5.54689 0.0024075
  49 48.5 5.52042 0.00239601
  50 49.5 5.49005 0.00238283
  51 50.5 5.45796 0.0023689
  52 51.5 5.40201 0.00234462
  53 52.5 5.36548 0.00232877
  54 53.5 5.34279 0.00231892
  55 54.5 5.31707 0.00230776
  56 55.5 5.29517 0.00229825
  57 56.5 5.27842 0.00229098
  58 57.5 5.25636 0.00228141
  59 58.5 5.25673 0.00228157
  60 59.5 5.23197 0.00227082
  61 60.5 5.20112 0.00225743
  62 61.5 5.19544 0.00225496
  63 62.5 5.17925 0.00224794
  64 63.5 5.17411 0.00224571
  65 64.5 5.15686 0.00223822
  66 65.5 5.14958 0.00223506
  67 66.5 5.15876 0.00223904
  68 67.5 5.15754 0.00223852
  69 68.5 5.15036 0.0022354
  70 69.5 5.16302 0.00224089
  71 70.5 5.18346 0.00224976
  72 71.5 5.17759 0.00224722
  73 72.5 5.15922 0.00223924
  74 73.5 5.16021 0.00223967
  75 74.5 5.162 0.00224045
  76 75.5 5.16944 0.00224368
  77 76.5 5.17565 0.00224638
  78 77.5 5.17005 0.00224394
  79 78.5 5.18217 0.00224921
  80 79.5 5.18331 0.0022497
  81 80.5 5.17945 0.00224803
  82 81.5 5.17924 0.00224793
  83 82.5 5.19322 0.002254
  84 83.5 5.19786 0.00225602
  85 84.5 5.18362 0.00224984
  86 85.5 5.17068 0.00224422
  87 86.5 5.15815 0.00223878
  88 87.5 5.15518 0.00223749
  89 88.5 5.17064 0.0022442
  90 89.5 5.17533 0.00224624
  91 90.5 5.1643 0.00224145
  92 91.5 5.17621 0.00224662
  93 92.5 5.16776 0.00224295
  94 93.5 5.14204 0.00223179
  95 94.5 5.12845 0.00222589
  96 95.5 5.11576 0.00222038
  97 96.5 5.10262 0.00221468
  98 97.5 5.09094 0.00220961
  99 98.5 5.0693 0.00220022
  100 99.5 5.05919 0.00219583
  101 100.5 5.04372 0.00218911
  102 101.5 5.03652 0.00218599
  103 102.5 5.01594 0.00217706
  104 103.5 5.01118 0.00217499
  105 104.5 4.98897 0.00216535
  106 105.5 4.98309 0.0021628
  107 106.5 4.96535 0.0021551
  108 107.5 4.95918 0.00215242
  109 108.5 4.94134 0.00214468
  110 109.5 4.93806 0.00214326
  111 110.5 4.93065 0.00214004
  112 111.5 4.91054 0.00213131
  113 112.5 4.91295 0.00213236
  114 113.5 4.91494 0.00213322
  115 114.5 4.90901 0.00213065
  116 115.5 4.89933 0.00212645
  117 116.5 4.90987 0.00213102
  118 117.5 4.89456 0.00212437
  119 118.5 4.89815 0.00212593
  120 119.5 4.8903 0.00212253
  121 120.5 4.88885 0.0021219
  122 121.5 4.89727 0.00212555
  123 122.5 4.88991 0.00212236
  124 123.5 4.89691 0.00212539
  125 124.5 4.88936 0.00212212
  126 125.5 4.89431 0.00212427
  127 126.5 4.89668 0.00212529
  128 127.5 4.90013 0.00212679
  129 128.5 4.9236 0.00213698
  130 129.5 4.92457 0.0021374
  131 130.5 4.91653 0.00213391
  132 131.5 4.90477 0.0021288
  133 132.5 4.90309 0.00212808
  134 133.5 4.90084 0.0021271
  135 134.5 4.9051 0.00212895
  136 135.5 4.89815 0.00212593
  137 136.5 4.90282 0.00212796
  138 137.5 4.909 0.00213064
  139 138.5 4.92198 0.00213628
  140 139.5 4.90907 0.00213067
  141 140.5 4.92175 0.00213618
  142 141.5 4.92427 0.00213727
  143 142.5 4.9145 0.00213303
  144 143.5 4.92916 0.00213939
  145 144.5 4.93009 0.0021398
  146 145.5 4.95334 0.00214989
  147 146.5 4.96236 0.0021538
  148 147.5 4.97511 0.00215934
  149 148.5 4.99941 0.00216988
  150 149.5 5.0244 0.00218073
  151 150.5 5.03775 0.00218652
  152 151.5 5.05226 0.00219282
  153 152.5 5.06428 0.00219804
  154 153.5 5.08146 0.00220549
  155 154.5 5.09991 0.0022135
  156 155.5 5.10775 0.00221691
  157 156.5 5.11572 0.00222036
  158 157.5 5.11872 0.00222167
  159 158.5 5.12794 0.00222567
  160 159.5 5.1195 0.002222
  161 160.5 5.13605 0.00222919
  162 161.5 5.15054 0.00223548
  163 162.5 5.15041 0.00223542
  164 163.5 5.14482 0.00223299
  165 164.5 5.16907 0.00224352
  166 165.5 5.16632 0.00224233
  167 166.5 5.16506 0.00224178
  168 167.5 5.17435 0.00224581
  169 168.5 5.17223 0.00224489
  170 169.5 5.16471 0.00224163
  171 170.5 5.16301 0.00224089
  172 171.5 5.16962 0.00224376
  173 172.5 5.16349 0.0022411
  174 173.5 5.1753 0.00224622
  175 174.5 5.19281 0.00225382
  176 175.5 5.21555 0.0022637
  177 176.5 5.22491 0.00226775
  178 177.5 5.25115 0.00227914
  179 178.5 5.25252 0.00227974
  180 179.5 5.26564 0.00228543
  181 180.5 5.28275 0.00229286
  182 181.5 5.29524 0.00229828
  183 182.5 5.3053 0.00230265
  184 183.5 5.33613 0.00231603
  185 184.5 5.34982 0.00232197
  186 185.5 5.33858 0.00231709
  187 186.5 5.33431 0.00231524
  188 187.5 5.36122 0.00232692
  189 188.5 5.36838 0.00233002
  190 189.5 5.36416 0.00232819
  191 190.5 5.37488 0.00233285
  192 191.5 5.37995 0.00233505
  193 192.5 5.38107 0.00233554
  194 193.5 5.39099 0.00233984
  195 194.5 5.40421 0.00234558
  196 195.5 5.41821 0.00235165
  197 196.5 5.42239 0.00235347
  198 197.5 5.44358 0.00236267
  199 198.5 5.46609 0.00237243
  200 199.5 5.47805 0.00237763
  201 200.5 5.48958 0.00238263
  202 201.5 5.50767 0.00239048
  203 202.5 5.5237 0.00239744
  204 203.5 5.54015 0.00240458
  205 204.5 5.56705 0.00241625
  206 205.5 5.59757 0.0024295
  207 206.5 5.62534 0.00244155
  208 207.5 5.65973 0.00245648
  209 208.5 5.69317 0.00247099
  210 209.5 5.73103 0.00248743
  211 210.5 5.79723 0.00251616
  212 211.5 5.85605 0.00254169
  213 212.5 5.93732 0.00257696
  214 213.5 6.02248 0.00261392
  215 214.5 6.12212 0.00265717
  216 215.5 6.2427 0.00270951
  217 216.5 6.3878 0.00277248
  218 217.5 6.54359 0.0028401
  219 218.5 6.74373 0.00292696
  220 219.5 6.98252 0.00303061
  221 220.5 7.25129 0.00314726
  222 221.5 7.55725 0.00328006
  223 222.5 7.92514 0.00343973
  224 223.5 8.33755 0.00361873
  225 224.5 8.79048 0.00381531
  226 225.5 9.29868 0.00403589
  227 226.5 9.89249 0.00429362
  228 227.5 10.5245 0.00456793
  229 228.5 11.2269 0.00487281
  230 229.5 11.9708 0.00519564
  231 230.5 12.7521 0.00553478
  232 231.5 13.581 0.00589453
  233 232.5 14.4608 0.00627641
  234 233.5 15.3424 0.00665902
  235 234.5 16.2502 0.00705305
  236 235.5 17.1508 0.00744394
  237 236.5 18.0296 0.00782536
  238 237.5 18.9122 0.00820843
  239 238.5 19.7324 0.00856441
  240 239.5 20.5364 0.00891338
  241 240.5 21.3249 0.00925558
  242 241.5 22.0466 0.00956883
  243 242.5 22.6634 0.00983656
  244 243.5 23.3173 0.0101204
  245 244.5 23.8655 0.0103583
  246 245.5 24.3532 0.0105699
  247 246.5 24.7982 0.0107631
  248 247.5 25.1663 0.0109229
  249 248.5 25.5006 0.011068
  250 249.5 25.8049 0.0112001
  251 250.5 26.0535 0.0113079
  252 251.5 26.2635 0.0113991
  253 252.5 26.4425 0.0114768
  254 253.5 26.6257 0.0115563
  255 254.5 26.7757 0.0116214
  256 255.5 26.8604 0.0116582
  257 256.5 26.9885 0.0117138
  258 257.5 27.0918 0.0117586
  259 258.5 27.1812 0.0117974
  260 259.5 27.1932 0.0118026
  261 260.5 27.2724 0.011837
  262 261.5 27.3452 0.0118686
  263 262.5 27.3954 0.0118904
  264 263.5 27.375 0.0118815
  265 264.5 27.4462 0.0119124
  266 265.5 27.4612 0.0119189
  267 266.5 27.4717 0.0119235
  268 267.5 27.455 0.0119162
  269 268.5 27.467 0.0119214
  270 269.5 27.5088 0.0119396
  271 270.5 27.498 0.0119349
  272 271.5 27.5059 0.0119383
  273 272.5 27.5163 0.0119428
  274 273.5 27.5347 0.0119508
  275 274.5 27.5329 0.01195
  276 275.5 27.5287 0.0119482
  277 276.5 27.5337 0.0119504
  278 277.5 27.5352 0.011951
  279 278.5 27.5238 0.0119461
  280 279.5 27.4974 0.0119346
  281 280.5 27.5076 0.011939
  282 281.5 27.4978 0.0119348
  283 282.5 27.4906 0.0119317
  284 283.5 27.4654 0.0119207
  285 284.5 27.5052 0.011938
  286 285.5 27.4579 0.0119175
  287 286.5 27.4452 0.011912
  288 287.5 27.4424 0.0119108
  289 288.5 27.4365 0.0119082
  290 289.5 27.4332 0.0119068
  291 290.5 27.4089 0.0118962
  292 291.5 27.4152 0.0118989
  293 292.5 27.4494 0.0119138
  294 293.5 27.436 0.011908
  295 294.5 27.3979 0.0118914
  296 295.5 27.428 0.0119045
  297 296.5 27.4571 0.0119172
  298 297.5 27.4283 0.0119047
  299 298.5 27.4279 0.0119045
  300 299.5 27.4267 0.011904
  301 300.5 27.4243 0.0119029
  302 301.5 27.4108 0.011897
  303 302.5 27.3946 0.01189
  304 303.5 27.4184 0.0119003
  305 304.5 27.3846 0.0118857
  306 305.5 27.3756 0.0118818
  307 306.5 27.3409 0.0118667
  308 307.5 27.362 0.0118759
  309 308.5 27.3414 0.0118669
  310 309.5 27.3506 0.0118709
  311 310.5 27.3374 0.0118652
  312 311.5 27.3644 0.0118769
  313 312.5 27.3494 0.0118704
  314 313.5 27.3519 0.0118715
  315 314.5 27.3333 0.0118634
  316 315.5 27.3365 0.0118648
  317 316.5 27.3534 0.0118721
  318 317.5 27.3494 0.0118704
  319 318.5 27.3154 0.0118557
  320 319.5 27.3183 0.0118569
  321 320.5 27.3486 0.01187
  322 321.5 27.3745 0.0118813
  323 322.5 27.3676 0.0118783
  324 323.5 27.3729 0.0118806
  325 324.5 27.44 0.0119097
  326 325.5 27.4189 0.0119006
  327 326.5 27.4334 0.0119069
  328 327.5 27.4451 0.0119119
  329 328.5 27.4854 0.0119294
  330 329.5 27.4563 0.0119168
  331 330.5 27.4758 0.0119253
  332 331.5 27.4754 0.0119251
  333 332.5 27.4953 0.0119337
  334 333.5 27.4791 0.0119267
  335 334.5 27.4801 0.0119271
  336 335.5 27.5011 0.0119362
  337 336.5 27.5141 0.0119419
  338 337.5 27.5003 0.0119359
  339 338.5 27.4947 0.0119335
  340 339.5 27.5055 0.0119382
  341 340.5 27.5115 0.0119408
  342 341.5 27.4961 0.0119341
  343 342.5 27.5354 0.0119511
  344 343.5 27.4846 0.0119291
  345 344.5 27.4981 0.0119349
  346 345.5 27.5136 0.0119417
  347 346.5 27.4853 0.0119294
  348 347.5 27.4746 0.0119247
  349 348.5 27.4659 0.011921
  350 349.5 27.4504 0.0119142
  351 350.5 27.4778 0.0119261
  352 351.5 27.4383 0.011909
  353 352.5 27.4275 0.0119043
  354 353.5 27.43 0.0119054
  355 354.5 27.4233 0.0119025
  356 355.5 27.3761 0.011882
  357 356.5 27.3913 0.0118886
  358 357.5 27.4239 0.0119027
  359 358.5 27.4086 0.0118961
  360 359.5 27.407 0.0118954
  361 360.5 27.4507 0.0119143
  362 361.5 27.45 0.0119141
  363 362.5 27.44 0.0119097
  364 363.5 27.4457 0.0119122
  365 364.5 27.4946 0.0119334
  366 365.5 27.4952 0.0119337
  367 366.5 27.4924 0.0119325
  368 367.5 27.5192 0.0119441
  369 368.5 27.5276 0.0119478
  370 369.5 27.5143 0.011942
  371 370.5 27.4992 0.0119354
  372 371.5 27.5182 0.0119437
  373 372.5 27.523 0.0119457
  374 373.5 27.4973 0.0119346
  375 374.5 27.4937 0.011933
  376 375.5 27.4817 0.0119278
  377 376.5 27.5126 0.0119412
  378 377.5 27.4837 0.0119287
  379 378.5 27.4633 0.0119198
  380 379.5 27.4594 0.0119181
  381 380.5 27.4872 0.0119302
  382 381.5 27.4387 0.0119091
  383 382.5 27.4495 0.0119138
  384 383.5 27.4298 0.0119053
  385 384.5 27.4326 0.0119065
  386 385.5 27.4172 0.0118998
  387 386.5 27.4023 0.0118934
  388 387.5 27.3788 0.0118832
  389 388.5 27.3947 0.0118901
  390 389.5 27.4255 0.0119034
  391 390.5 27.4204 0.0119012
  392 391.5 27.3864 0.0118865
  393 392.5 27.4036 0.0118939
  394 393.5 27.4385 0.0119091
  395 394.5 27.4224 0.0119021
  396 395.5 27.4195 0.0119008
  397 396.5 27.4222 0.011902
  398 397.5 27.4632 0.0119198
  399 398.5 27.4286 0.0119048
  400 399.5 27.4305 0.0119056
  401 400.5 27.4433 0.0119112
  402 401.5 27.4624 0.0119195
  403 402.5 27.4496 0.0119139
  404 403.5 27.4552 0.0119163
  405 404.5 27.4656 0.0119209
  406 405.5 27.4812 0.0119276
  407 406.5 27.4535 0.0119156
  408 407.5 27.4598 0.0119183
  409 408.5 27.4558 0.0119166
  410 409.5 27.4246 0.011903
  411 410.5 27.4459 0.0119123
  412 411.5 27.3962 0.0118907
  413 412.5 27.3576 0.011874
  414 413.5 27.3313 0.0118625
  415 414.5 27.3259 0.0118602
  416 415.5 27.2547 0.0118293
  417 416.5 27.1831 0.0117982
  418 417.5 27.1592 0.0117878
  419 418.5 27.0606 0.011745
  420 419.5 26.9661 0.011704
  421 420.5 26.8575 0.0116569
  422 421.5 26.6735 0.011577
  423 422.5 26.5141 0.0115079
  424 423.5 26.313 0.0114206
  425 424.5 26.0938 0.0113254
  426 425.5 25.8278 0.01121
  427 426.5 25.514 0.0110738
  428 427.5 25.1498 0.0109157
  429 428.5 24.78 0.0107552
  430 429.5 24.2886 0.0105419
  431 430.5 23.7414 0.0103044
  432 431.5 23.1681 0.0100556
  433 432.5 22.5131 0.00977132
  434 433.5 21.7885 0.00945679
  435 434.5 20.9892 0.00910991
  436 435.5 20.2058 0.00876986
  437 436.5 19.3438 0.00839574
  438 437.5 18.4054 0.00798844
  439 438.5 17.4698 0.00758236
  440 439.5 16.5322 0.00717542
  441 440.5 15.6004 0.006771
  442 441.5 14.6896 0.00637567
  443 442.5 13.8029 0.00599085
  444 443.5 12.939 0.00561587
  445 444.5 12.119 0.00525999
  446 445.5 11.356 0.00492883
  447 446.5 10.6535 0.00462389
  448 447.5 10.023 0.00435025
  449 448.5 9.47084 0.00411061
  450 449.5 8.97725 0.00389637
  451 450.5 8.53314 0.00370362
  452 451.5 8.14515 0.00353522
  453 452.5 7.80397 0.00338714
  454 453.5 7.53477 0.0032703
  455 454.5 7.2961 0.00316671
  456 455.5 7.08366 0.0030745
  457 456.5 6.875 0.00298394
  458 457.5 6.69294 0.00290492
  459 458.5 6.51081 0.00282587
  460 459.5 6.31957 0.00274287
  461 460.5 6.12774 0.00265961
  462 461.5 5.94129 0.00257869
  463 462.5 5.73659 0.00248984
  464 463.5 5.51833 0.00239511
  465 464.5 5.26279 0.0022842
  466 465.5 4.9957 0.00216827
  467 466.5 4.72755 0.00205189
  468 467.5 4.43616 0.00192542
  469 468.5 4.16644 0.00180835
  470 469.5 3.87293 0.00168096
  471 470.5 3.5925 0.00155925
  472 471.5 3.30857 0.00143601
  473 472.5 3.04314 0.00132081
  474 473.5 2.81713 0.00122271
  475 474.5 2.59729 0.00112729
  476 475.5 2.40004 0.00104168
  477 476.5 2.22103 0.00096399
  478 477.5 2.07 0.000898435
  479 478.5 1.93936 0.000841737
  480 479.5 1.82023 0.00079003
  481 480.5 1.72345 0.000748023
  482 481.5 1.64742 0.000715027
  483 482.5 1.57397 0.000683149
  484 483.5 1.52303 0.000661038
  485 484.5 1.47295 0.000639303
  486 485.5 1.4366 0.000623523
  487 486.5 1.40273 0.000608826
  488 487.5 1.38538 0.000601295
  489 488.5 1.36459 0.000592268
  490 489.5 1.34683 0.000584563
  491 490.5 1.33001 0.000577259
  492 491.5 1.31477 0.000570645
  493 492.5 1.30401 0.000565974
  494 493.5 1.29937 0.000563961
  495 494.5 1.29503 0.000562077
  496 495.5 1.29034 0.000560042
  497 496.5 1.28885 0.000559397
  498 497.5 1.29185 0.000560701
  499 498.5 1.28194 0.000556399
  500 499.5 1.27917 0.000555196
  501 500.5 1.27724 0.000554357
  502 501.5 1.27539 0.000553555
  503 502.5 1.27389 0.000552905
  504 503.5 1.28125 0.000556099
  505 504.5 1.28232 0.000556561
  506 505.5 1.28525 0.000557836
  507 506.5 1.2842 0.000557378
  508 507.5 1.28185 0.000556359
  509 508.5 1.27454 0.000553187
  510 509.5 1.27951 0.000555342
  511 510.5 1.27855 0.000554926
  512 511.5 1.28268 0.000556719
  513 512.5 1.2875 0.000558809
  514 513.5 1.2861 0.000558204
  515 514.5 1.28241 0.000556601
  516 515.5 1.28752 0.000558819
  517 516.5 1.28686 0.000558535
  518 517.5 1.28376 0.000557189
  519 518.5 1.28582 0.000558082
  520 519.5 1.2917 0.000560633
  521 520.5 1.29283 0.000561126
  522 521.5 1.28718 0.000558673
  523 522.5 1.28465 0.000557574
  524 523.5 1.28727 0.000558711
  525 524.5 1.2862 0.000558246
  526 525.5 1.28657 0.000558407
  527 526.5 1.28601 0.000558165
  528 527.5 1.29235 0.000560918
  529 528.5 1.29112 0.000560382
  530 529.5 1.28552 0.00055795
  531 530.5 1.27948 0.000555331
  532 531.5 1.27867 0.000554978
  533 532.5 1.28664 0.000558437
  534 533.5 1.28465 0.000557574
  535 534.5 1.28049 0.000555769
  536 535.5 1.28033 0.000555701
  537 536.5 1.27926 0.000555235
  538 537.5 1.28021 0.000555647
  539 538.5 1.28413 0.000557348
  540 539.5 1.28336 0.000557016
  541 540.5 1.28248 0.000556631
  542 541.5 1.27934 0.000555269
  543 542.5 1.27764 0.000554533
  544 543.5 1.27513 0.00055344
  545 544.5 1.27875 0.000555013
  546 545.5 1.27945 0.000555318
  547 546.5 1.27746 0.000554453
  548 547.5 1.27615 0.000553885
  549 548.5 1.27575 0.00055371
  550 549.5 1.27841 0.000554865
  551 550.5 1.28468 0.000557587
  552 551.5 1.28667 0.00055845
  553 552.5 1.28812 0.000559081
  554 553.5 1.28963 0.000559735
  555 554.5 1.28613 0.000558217
  556 555.5 1.28541 0.000557904
  557 556.5 1.28758 0.000558845
  558 557.5 1.28295 0.000556837
  559 558.5 1.28376 0.000557186
  560 559.5 1.284 0.000557291
  561 560.5 1.28837 0.00055919
  562 561.5 1.28756 0.000558838
  563 562.5 1.28385 0.000557227
  564 563.5 1.28323 0.000556957
  565 564.5 1.28425 0.000557402
  566 565.5 1.28832 0.000559168
  567 566.5 1.29092 0.000560297
  568 567.5 1.28629 0.000558284
  569 568.5 1.2863 0.000558291
  570 569.5 1.29308 0.000561233
  571 570.5 1.29047 0.000560102
  572 571.5 1.28836 0.000559186
  573 572.5 1.28943 0.000559648
  574 573.5 1.28974 0.000559781
  575 574.5 1.28602 0.00055817
  576 575.5 1.28269 0.000556724
  577 576.5 1.2802 0.000555644
  578 577.5 1.27699 0.000554251
  579 578.5 1.27513 0.000553442
  580 579.5 1.27526 0.000553497
  581 580.5 1.279 0.000555121
  582 581.5 1.28156 0.000556234
  583 582.5 1.28166 0.000556277
  584 583.5 1.28685 0.000558526
  585 584.5 1.28255 0.00055666
  586 585.5 1.28665 0.000558444
  587 586.5 1.29248 0.000560972
  588 587.5 1.287 0.000558595
  589 588.5 1.28792 0.000558994
  590 589.5 1.29374 0.000561517
  591 590.5 1.29236 0.000560921
  592 591.5 1.28855 0.000559265
  593 592.5 1.29158 0.000560584
  594 593.5 1.29483 0.000561992
  595 594.5 1.29207 0.000560796
  596 595.5 1.28689 0.000558547
  597 596.5 1.28474 0.000557612
  598 597.5 1.28772 0.000558905
  599 598.5 1.29088 0.000560276
  600 599.5 1.28861 0.000559293
  601 600.5 1.28158 0.000556242
  602 601.5 1.28689 0.000558547
  603 602.5 1.28819 0.000559112
  604 603.5 1.28533 0.000557871
  605 604.5 1.28792 0.000558994
  606 605.5 1.28893 0.000559433
  607 606.5 1.28593 0.000558128
  608 607.5 1.29038 0.000560062
  609 608.5 1.28854 0.000559264
  610 609.5 1.28762 0.000558865
  611 610.5 1.28713 0.000558652
  612 611.5 1.28565 0.000558007
  613 612.5 1.28782 0.000558951
  614 613.5 1.28822 0.000559122
  615 614.5 1.29085 0.000560265
  616 615.5 1.29458 0.000561885
  617 616.5 1.29237 0.000560923
  618 617.5 1.29479 0.000561974
  619 618.5 1.29892 0.000563767
  620 619.5 1.29223 0.000560863
  621 620.5 1.29587 0.000562442
  622 621.5 1.299 0.000563801
  623 622.5 1.30194 0.000565079
  624 623.5 1.3 0.000564238
100000000 624 7133.9999999999945
  1 0.5 1.31763 0.000571887
  2 1.5 1.32715 0.000576021
  3 2.5 1.33925 0.000581273
  4 3.5 1.3624 0.000591318
  5 4.5 1.39146 0.00060393
  6 5.5 1.42031 0.000616454
  7 6.5 1.45648 0.000632151
  8 7.5 1.50495 0.000653188
  9 8.5 1.5628 0.000678299
  10 9.5 1.6271 0.000706206
  11 10.5 1.69995 0.000737824
  12 11.5 1.78888 0.000776423
  13 12.5 1.89012 0.000820365
  14 13.5 2.00634 0.000870807
  15 14.5 2.13407 0.000926247
  16 15.5 2.28132 0.000990156
  17 16.5 2.43576 0.00105719
  18 17.5 2.60973 0.0011327
  19 18.5 2.79975 0.00121517
  20 19.5 3.00622 0.00130478
  21 20.5 3.21139 0.00139383
  22 21.5 3.42164 0.00148509
  23 22.5 3.65213 0.00158513
  24 23.5 3.8736 0.00168125
  25 24.5 4.06848 0.00176583
  26 25.5 4.29638 0.00186475
  27 26.5 4.49621 0.00195148
  28 27.5 4.67334 0.00202836
  29 28.5 4.83954 0.0021005
  30 29.5 4.9924 0.00216684
  31 30.5 5.13149 0.00222721
  32 31.5 5.23961 0.00227414
  33 32.5 5.32779 0.00231241
  34 33.5 5.40246 0.00234482
  35 34.5 5.47084 0.0023745
  36 35.5 5.50899 0.00239106
  37 36.5 5.50707 0.00239022
  38 37.5 5.52409 0.00239761
  39 38.5 5.51375 0.00239312
  40 39.5 5.48154 0.00237914
  41 40.5 5.46007 0.00236982
  42 41.5 5.44488 0.00236323
  43 42.5 5.44048 0.00236132
  44 43.5 5.3999 0.00234371
  45 44.5 5.3631 0.00232773
  46 45.5 5.32214 0.00230995
  47 46.5 5.28133 0.00229224
  48 47.5 5.24431 0.00227618
  49 48.5 5.21697 0.00226431
  50 49.5 5.19072 0.00225292
  51 50.5 5.17959 0.00224809
  52 51.5 5.15118 0.00223576
  53 52.5 5.12748 0.00222547
  54 53.5 5.11397 0.0022196
  55 54.5 5.10186 0.00221435
  56 55.5 5.07421 0.00220235
  57 56.5 5.06537 0.00219851
  58 57.5 5.05845 0.00219551
  59 58.5 5.07167 0.00220125
  60 59.5 5.06293 0.00219745
  61 60.5 5.0638 0.00219783
  62 61.5 5.05811 0.00219536
  63 62.5 5.04488 0.00218962
  64 63.5 5.03884 0.002187
  65 64.5 5.03563 0.0021856
  66 65.5 5.03427 0.00218501
  67 66.5 5.02081 0.00217917
  68 67.5 5.0339 0.00218485
  69 68.5 5.0171 0.00217756
  70 69.5 5.02013 0.00217888
  71 70.5 5.02752 0.00218209
  72 71.5 5.02494 0.00218096
  73 72.5 5.00137 0.00217073
  74 73.5 5.00479 0.00217222
  75 74.5 4.99119 0.00216631
  76 75.5 4.99204 0.00216668
  77 76.5 4.98472 0.00216351
  78 77.5 4.98148 0.0021621
  79 78.5 4.97984 0.00216139
  80 79.5 4.97637 0.00215988
  81 80.5 4.96787 0.00215619
  82 81.5 4.96787 0.00215619
  83 82.5 4.96485 0.00215488
  84 83.5 4.96862 0.00215652
  85 84.5 4.96123 0.00215331
  86 85.5 4.96615 0.00215545
  87 86.5 4.9713 0.00215768
  88 87.5 4.97574 0.00215961
  89 88.5 4.98802 0.00216494
  90 89.5 4.98457 0.00216344
  91 90.5 4.99633 0.00216855
  92 91.5 5.00019 0.00217022
  93 92.5 4.99979 0.00217005
  94 93.5 4.99777 0.00216917
  95 94.5 4.98973 0.00216568
  96 95.5 4.96898 0.00215668
  97 96.5 4.96121 0.0021533
  98 97.5 4.95751 0.0021517
  99 98.5 4.95728 0.0021516
  100 99.5 4.95385 0.00215011
  101 100.5 4.94297 0.00214539
  102 101.5 4.93942 0.00214385
  103 102.5 4.94257 0.00214521
  104 103.5 4.93656 0.00214261
  105 104.5 4.94181 0.00214488
  106 105.5 4.92781 0.00213881
  107 106.5 4.92 0.00213541
  108 107.5 4.92153 0.00213608
  109 108.5 4.91955 0.00213522
  110 109.5 4.92016 0.00213549
  111 110.5 4.90817 0.00213028
  112 111.5 4.91888 0.00213493
  113 112.5 4.92231 0.00213642
  114 113.5 4.93107 0.00214022
  115 114.5 4.94168 0.00214483
  116 115.5 4.95486 0.00215055
  117 116.5 4.96657 0.00215563
  118 117.5 4.98272 0.00216264
  119 118.5 4.9956 0.00216823
  120 119.5 5.01177 0.00217525
  121 120.5 5.00212 0.00217106
  122 121.5 5.00266 0.00217129
  123 122.5 5.00927 0.00217416
  124 123.5 5.02511 0.00218104
  125 124.5 5.02371 0.00218043
  126 125.5 5.01883 0.00217831
  127 126.5 5.03374 0.00218478
  128 127.5 5.05486 0.00219395
  129 128.5 5.05914 0.00219581
  130 129.5 5.06857 0.0021999
  131 130.5 5.10348 0.00221505
  132 131.5 5.10736 0.00221674
  133 132.5 5.12152 0.00222288
  134 133.5 5.13416 0.00222837
  135 134.5 5.15145 0.00223587
  136 135.5 5.17999 0.00224826
  137 136.5 5.16385 0.00224126
  138 137.5 5.17018 0.002244
  139 138.5 5.18645 0.00225107
  140 139.5 5.182 0.00224913
  141 140.5 5.16512 0.00224181
  142 141.5 5.16503 0.00224177
  143 142.5 5.17619 0.00224661
  144 143.5 5.18465 0.00225028
  145 144.5 5.19634 0.00225536
  146 145.5 5.18569 0.00225073
  147 146.5 5.19863 0.00225635
  148 147.5 5.20439 0.00225885
  149 148.5 5.20509 0.00225915
  150 149.5 5.19079 0.00225295
  151 150.5 5.1989 0.00225647
  152 151.5 5.2102 0.00226137
  153 152.5 5.1968 0.00225556
  154 153.5 5.20282 0.00225817
  155 154.5 5.20268 0.00225811
  156 155.5 5.18912 0.00225222
  157 156.5 5.18519 0.00225052
  158 157.5 5.18995 0.00225258
  159 158.5 5.19575 0.0022551
  160 159.5 5.18193 0.0022491
  161 160.5 5.18244 0.00224932
  162 161.5 5.18155 0.00224894
  163 162.5 5.16913 0.00224355
  164 163.5 5.17106 0.00224438
  165 164.5 5.17107 0.00224439
  166 165.5 5.1794 0.002248
  167 166.5 5.16666 0.00224247
  168 167.5 5.1585 0.00223893
  169 168.5 5.15853 0.00223895
  170 169.5 5.14936 0.00223496
  171 170.5 5.12924 0.00222623
  172 171.5 5.1378 0.00222995
  173 172.5 5.14479 0.00223298
  174 173.5 5.14659 0.00223376
  175 174.5 5.14727 0.00223406
  176 175.5 5.15262 0.00223638
  177 176.5 5.15552 0.00223764
  178 177.5 5.14959 0.00223506
  179 178.5 5.14575 0.0022334
  180 179.5 5.14452 0.00223287
  181 180.5 5.15865 0.002239
  182 181.5 5.16141 0.00224019
  183 182.5 5.17528 0.00224622
  184 183.5 5.19063 0.00225288
  185 184.5 5.18731 0.00225144
  186 185.5 5.19675 0.00225554
  187 186.5 5.20428 0.0022588
  188 187.5 5.2238 0.00226727
  189 188.5 5.23698 0.00227299
  190 189.5 5.24764 0.00227762
  191 190.5 5.25557 0.00228106
  192 191.5 5.26489 0.00228511
  193 192.5 5.27885 0.00229117
  194 193.5 5.28031 0.0022918
  195 194.5 5.28774 0.00229503
  196 195.5 5.31015 0.00230475
  197 196.5 5.30523 0.00230262
  198 197.5 5.29988 0.00230029
  199 198.5 5.31609 0.00230733
  200 199.5 5.32502 0.00231121
  201 200.5 5.34176 0.00231847
  202 201.5 5.34739 0.00232092
  203 202.5 5.37174 0.00233148
  204 203.5 5.39817 0.00234296
  205 204.5 5.42668 0.00235533
  206 205.5 5.44058 0.00236136
  207 206.5 5.46347 0.0023713
  208 207.5 5.49184 0.00238361
  209 208.5 5.5172 0.00239462
  210 209.5 5.55449 0.0024108
  211 210.5 5.60242 0.00243161
  212 211.5 5.6751 0.00246315
  213 212.5 5.75463 0.00249767
  214 213.5 5.82794 0.00252949
  215 214.5 5.93375 0.00257541
  216 215.5 6.08359 0.00264045
  217 216.5 6.22731 0.00270283
  218 217.5 6.40195 0.00277862
  219 218.5 6.6023 0.00286558
  220 219.5 6.82829 0.00296367
  221 220.5 7.09788 0.00308068
  222 221.5 7.39273 0.00320865
  223 222.5 7.74125 0.00335992
  224 223.5 8.14735 0.00353618
  225 224.5 8.61308 0.00373831
  226 225.5 9.13765 0.00396599
  227 226.5 9.69725 0.00420887
  228 227.5 10.3241 0.00448094
  229 228.5 11.0002 0.00477441
  230 229.5 11.7447 0.00509751
  231 230.5 12.5292 0.00543804
  232 231.5 13.3519 0.0057951
  233 232.5 14.201 0.00616361
  234 233.5 15.1162 0.00656083
  235 234.5 16.0419 0.00696263
  236 235.5 16.9568 0.0073597
  237 236.5 17.8755 0.00775848
  238 237.5 18.7851 0.00815326
  239 238.5 19.6763 0.00854008
  240 239.5 20.4972 0.00889634
  241 240.5 21.2755 0.00923416
  242 241.5 22.0311 0.0095621
  243 242.5 22.7241 0.00986288
  244 243.5 23.3201 0.0101216
  245 244.5 23.8974 0.0103721
  246 245.5 24.4208 0.0105993
  247 246.5 24.8666 0.0107928
  248 247.5 25.2698 0.0109678
  249 248.5 25.6556 0.0111353
  250 249.5 25.9387 0.0112581
  251 250.5 26.1663 0.0113569
  252 251.5 26.3939 0.0114557
  253 252.5 26.6102 0.0115496
  254 253.5 26.7464 0.0116087
  255 254.5 26.8936 0.0116726
  256 255.5 26.9953 0.0117167
  257 256.5 27.107 0.0117652
  258 257.5 27.1751 0.0117948
  259 258.5 27.2156 0.0118123
  260 259.5 27.2801 0.0118403
  261 260.5 27.3525 0.0118718
  262 261.5 27.3836 0.0118852
  263 262.5 27.4272 0.0119042
  264 263.5 27.4492 0.0119137
  265 264.5 27.5177 0.0119434
  266 265.5 27.5333 0.0119502
  267 266.5 27.541 0.0119535
  268 267.5 27.5818 0.0119712
  269 268.5 27.6052 0.0119814
  270 269.5 27.6294 0.0119919
  271 270.5 27.6396 0.0119964
  272 271.5 27.6743 0.0120114
  273 272.5 27.6399 0.0119965
  274 273.5 27.6135 0.011985
  275 274.5 27.6262 0.0119906
  276 275.5 27.6263 0.0119906
  277 276.5 27.5861 0.0119732
  278 277.5 27.5789 0.01197
  279 278.5 27.5802 0.0119706
  280 279.5 27.5544 0.0119594
  281 280.5 27.5329 0.01195
  282 281.5 27.5279 0.0119479
  283 282.5 27.511 0.0119405
  284 283.5 27.4854 0.0119294
  285 284.5 27.5062 0.0119385
  286 285.5 27.4933 0.0119329
  287 286.5 27.4952 0.0119337
  288 287.5 27.4928 0.0119326
  289 288.5 27.5006 0.011936
  290 289.5 27.5037 0.0119374
  291 290.5 27.4986 0.0119352
  292 291.5 27.5029 0.011937
  293 292.5 27.5016 0.0119365
  294 293.5 27.5148 0.0119422
  295 294.5 27.504 0.0119375
  296 295.5 27.467 0.0119214
  297 296.5 27.5095 0.0119399
  298 297.5 27.4907 0.0119317
  299 298.5 27.4807 0.0119274
  300 299.5 27.4916 0.0119321
  301 300.5 27.5012 0.0119363
  302 301.5 27.4799 0.011927
  303 302.5 27.5082 0.0119393
  304 303.5 27.482 0.011928
  305 304.5 27.4833 0.0119285
  306 305.5 27.5109 0.0119405
  307 306.5 27.5075 0.011939
  308 307.5 27.5 0.0119358
  309 308.5 27.4981 0.0119349
  310 309.5 27.5373 0.011952
  311 310.5 27.4989 0.0119353
  312 311.5 27.4801 0.0119271
  313 312.5 27.4998 0.0119357
  314 313.5 27.4739 0.0119244
  315 314.5 27.4728 0.011924
  316 315.5 27.4376 0.0119087
  317 316.5 27.4434 0.0119112
  318 317.5 27.4299 0.0119053
  319 318.5 27.4139 0.0118984
  320 319.5 27.4333 0.0119068
  321 320.5 27.4531 0.0119154
  322 321.5 27.4226 0.0119022
  323 322.5 27.4333 0.0119068
  324 323.5 27.4524 0.0119151
  325 324.5 27.4838 0.0119287
  326 325.5 27.4638 0.0119201
  327 326.5 27.4614 0.011919
  328 327.5 27.4801 0.0119271
  329 328.5 27.4743 0.0119246
  330 329.5 27.4477 0.0119131
  331 330.5 27.4492 0.0119137
  332 331.5 27.4341 0.0119072
  333 332.5 27.4473 0.0119129
  334 333.5 27.4503 0.0119142
  335 334.5 27.4516 0.0119148
  336 335.5 27.4554 0.0119164
  337 336.5 27.4651 0.0119206
  338 337.5 27.4057 0.0118948
  339 338.5 27.408 0.0118959
  340 339.5 27.4233 0.0119025
  341 340.5 27.3812 0.0118842
  342 341.5 27.3425 0.0118674
  343 342.5 27.3578 0.0118741
  344 343.5 27.327 0.0118607
  345 344.5 27.2873 0.0118435
  346 345.5 27.2924 0.0118457
  347 346.5 27.3174 0.0118565
  348 347.5 27.2765 0.0118388
  349 348.5 27.2534 0.0118287
  350 349.5 27.2485 0.0118266
  351 350.5 27.3019 0.0118498
  352 351.5 27.2756 0.0118384
  353 352.5 27.2861 0.0118429
  354 353.5 27.3179 0.0118567
  355 354.5 27.315 0.0118555
  356 355.5 27.3277 0.011861
  357 356.5 27.3328 0.0118632
  358 357.5 27.3318 0.0118628
  359 358.5 27.3353 0.0118643
  360 359.5 27.3372 0.0118651
  361 360.5 27.3581 0.0118742
  362 361.5 27.3653 0.0118773
  363 362.5 27.3874 0.0118869
  364 363.5 27.4082 0.0118959
  365 364.5 27.4306 0.0119057
  366 365.5 27.4342 0.0119072
  367 366.5 27.4344 0.0119073
  368 367.5 27.4574 0.0119173
  369 368.5 27.4582 0.0119176
  370 369.5 27.4473 0.0119129
  371 370.5 27.4594 0.0119182
  372 371.5 27.469 0.0119223
  373 372.5 27.4499 0.011914
  374 373.5 27.4414 0.0119103
  375 374.5 27.4381 0.0119089
  376 375.5 27.4505 0.0119143
  377 376.5 27.4221 0.0119019
  378 377.5 27.4339 0.0119071
  379 378.5 27.4612 0.0119189
  380 379.5 27.4394 0.0119095
  381 380.5 27.4451 0.0119119
  382 381.5 27.4354 0.0119077
  383 382.5 27.4446 0.0119117
  384 383.5 27.4492 0.0119137
  385 384.5 27.4467 0.0119126
  386 385.5 27.4534 0.0119155
  387 386.5 27.4518 0.0119148
  388 387.5 27.4613 0.011919
  389 388.5 27.4566 0.0119169
  390 389.5 27.4634 0.0119199
  391 390.5 27.4919 0.0119322
  392 391.5 27.484 0.0119288
  393 392.5 27.4864 0.0119299
  394 393.5 27.4883 0.0119307
  395 394.5 27.4867 0.01193
  396 395.5 27.4908 0.0119318
  397 396.5 27.5113 0.0119407
  398 397.5 27.4924 0.0119324
  399 398.5 27.5078 0.0119392
  400 399.5 27.5151 0.0119423
  401 400.5 27.5009 0.0119362
  402 401.5 27.4889 0.011931
  403 402.5 27.5005 0.011936
  404 403.5 27.4718 0.0119235
  405 404.5 27.4859 0.0119296
  406 405.5 27.4639 0.0119201
  407 406.5 27.4805 0.0119273
  408 407.5 27.4397 0.0119096
  409 408.5 27.4581 0.0119176
  410 409.5 27.4489 0.0119136
  411 410.5 27.4386 0.0119091
  412 411.5 27.4314 0.011906
  413 412.5 27.4043 0.0118942
  414 413.5 27.3719 0.0118802
  415 414.5 27.3372 0.0118651
  416 415.5 27.3034 0.0118504
  417 416.5 27.2625 0.0118327
  418 417.5 27.2259 0.0118168
  419 418.5 27.1165 0.0117693
  420 419.5 27.0398 0.011736
  421 420.5 26.9641 0.0117032
  422 421.5 26.8531 0.011655
  423 422.5 26.7026 0.0115897
  424 423.5 26.5307 0.0115151
  425 424.5 26.3656 0.0114434
  426 425.5 26.1207 0.0113371
  427 426.5 25.8382 0.0112145
  428 427.5 25.5324 0.0110818
  429 428.5 25.1742 0.0109263
  430 429.5 24.7634 0.010748
  431 430.5 24.2866 0.0105411
  432 431.5 23.7674 0.0103157
  433 432.5 23.1874 0.010064
  434 433.5 22.5334 0.00978011
  435 434.5 21.8122 0.00946708
  436 435.5 21.0652 0.00914287
  437 436.5 20.2242 0.00877787
  438 437.5 19.3422 0.00839504
  439 438.5 18.4519 0.00800866
  440 439.5 17.5333 0.00760993
  441 440.5 16.5626 0.00718862
  442 441.5 15.6124 0.00677623
  443 442.5 14.6646 0.00636484
  444 443.5 13.7574 0.00597109
  445 444.5 12.8948 0.00559668
  446 445.5 12.0651 0.00523659
  447 446.5 11.2786 0.00489522
  448 447.5 10.564 0.00458506
  449 448.5 9.87907 0.00428779
  450 449.5 9.2855 0.00403017
  451 450.5 8.7494 0.00379748
  452 451.5 8.24806 0.00357989
  453 452.5 7.79819 0.00338463
  454 453.5 7.41033 0.00321629
  455 454.5 7.03058 0.00305147
  456 455.5 6.68666 0.0029022
  457 456.5 6.385 0.00277127
  458 457.5 6.08484 0.00264099
  459 458.5 5.79761 0.00251632
  460 459.5 5.51752 0.00239476
  461 460.5 5.23507 0.00227217
  462 461.5 4.95349 0.00214995
  463 462.5 4.66284 0.0020238
  464 463.5 4.37769 0.00190004
  465 464.5 4.10345 0.00178101
  466 465.5 3.85398 0.00167273
  467 466.5 3.59101 0.0015586
  468 467.5 3.34295 0.00145093
  469 468.5 3.10897 0.00134938
  470 469.5 2.89211 0.00125525
  471 470.5 2.68646 0.001166
  472 471.5 2.49089 0.00108111
  473 472.5 2.32063 0.00100722
  474 473.5 2.1707 0.000942143
  475 474.5 2.03417 0.000882888
  476 475.5 1.91087 0.000829368
  477 476.5 1.79939 0.000780984
  478 477.5 1.71098 0.000742615
  479 478.5 1.64067 0.000712094
  480 479.5 1.57892 0.000685295
  481 480.5 1.53189 0.000664884
  482 481.5 1.48187 0.000643172
  483 482.5 1.44319 0.000626385
  484 483.5 1.41084 0.000612346
  485 484.5 1.3829 0.000600219
  486 485.5 1.36028 0.000590398
  487 486.5 1.34703 0.000584647
  488 487.5 1.3345 0.000579212
  489 488.5 1.32113 0.000573407
  490 489.5 1.30836 0.000567866
  491 490.5 1.30042 0.000564417
  492 491.5 1.29048 0.000560104
  493 492.5 1.29142 0.000560512
  494 493.5 1.28728 0.000558714
  495 494.5 1.28382 0.000557214
  496 495.5 1.27949 0.000555335
  497 496.5 1.26847 0.000550552
  498 497.5 1.27119 0.00055173
  499 498.5 1.27279 0.000552426
  500 499.5 1.27567 0.000553674
  501 500.5 1.2705 0.000551433
  502 501.5 1.27122 0.000551745
  503 502.5 1.2698 0.000551129
  504 503.5 1.27501 0.000553391
  505 504.5 1.27647 0.000554024
  506 505.5 1.27091 0.000551609
  507 506.5 1.27536 0.000553543
  508 507.5 1.26915 0.000550845
  509 508.5 1.27098 0.000551639
  510 509.5 1.27247 0.000552287
  511 510.5 1.27084 0.000551581
  512 511.5 1.27421 0.000553043
  513 512.5 1.27137 0.000551809
  514 513.5 1.27234 0.00055223
  515 514.5 1.27198 0.000552074
  516 515.5 1.2762 0.000553907
  517 516.5 1.27185 0.00055202
  518 517.5 1.27251 0.000552303
  519 518.5 1.27959 0.000555377
  520 519.5 1.27334 0.000552663
  521 520.5 1.26772 0.000550227
  522 521.5 1.27253 0.000552312
  523 522.5 1.26967 0.000551073
  524 523.5 1.27007 0.000551247
  525 524.5 1.26994 0.000551191
  526 525.5 1.27284 0.000552447
  527 526.5 1.26837 0.000550507
  528 527.5 1.27093 0.000551619
  529 528.5 1.26683 0.00054984
  530 529.5 1.26748 0.000550121
  531 530.5 1.2692 0.000550867
  532 531.5 1.26636 0.000549635
  533 532.5 1.26231 0.000547879
  534 533.5 1.25853 0.000546237
  535 534.5 1.25808 0.000546043
  536 535.5 1.264 0.000548612
  537 536.5 1.26272 0.000548054
  538 537.5 1.26546 0.000549244
  539 538.5 1.25666 0.000545427
  540 539.5 1.26256 0.000547984
  541 540.5 1.26262 0.000548014
  542 541.5 1.26074 0.000547196
  543 542.5 1.25561 0.00054497
  544 543.5 1.25492 0.000544668
  545 544.5 1.26007 0.000546904
  546 545.5 1.26297 0.000548165
  547 546.5 1.26404 0.00054863
  548 547.5 1.2638 0.000548525
  549 548.5 1.2653 0.000549175
  550 549.5 1.26014 0.000546937
  551 550.5 1.26324 0.000548283
  552 551.5 1.26349 0.000548391
  553 552.5 1.26669 0.000549778
  554 553.5 1.26314 0.000548236
  555 554.5 1.26544 0.000549235
  556 555.5 1.26783 0.000550274
  557 556.5 1.26113 0.000547367
  558 557.5 1.26426 0.000548726
  559 558.5 1.26293 0.000548145
  560 559.5 1.25647 0.000545342
  561 560.5 1.26061 0.000547139
  562 561.5 1.2569 0.000545527
  563 562.5 1.25882 0.000546365
  564 563.5 1.25543 0.000544892
  565 564.5 1.2595 0.000546659
  566 565.5 1.25476 0.000544599
  567 566.5 1.25136 0.000543125
  568 567.5 1.26131 0.000547445
  569 568.5 1.26326 0.00054829
  570 569.5 1.26281 0.000548096
  571 570.5 1.26362 0.000548447
  572 571.5 1.26185 0.000547676
  573 572.5 1.26206 0.000547767
  574 573.5 1.26014 0.000546934
  575 574.5 1.26143 0.000547493
  576 575.5 1.2655 0.000549262
  577 576.5 1.26794 0.000550319
  578 577.5 1.26224 0.000547846
  579 578.5 1.26623 0.000549577
  580 579.5 1.26635 0.000549633
  581 580.5 1.26582 0.000549401
  582 581.5 1.26678 0.000549818
  583 582.5 1.2686 0.000550608
  584 583.5 1.26297 0.000548165
  585 584.5 1.26249 0.000547955
  586 585.5 1.26867 0.000550637
  587 586.5 1.26486 0.000548982
  588 587.5 1.26624 0.000549585
  589 588.5 1.26268 0.000548039
  590 589.5 1.26679 0.000549821
  591 590.5 1.27037 0.000551377
  592 591.5 1.26711 0.000549962
  593 592.5 1.26339 0.000548348
  594 593.5 1.2724 0.000552256
  595 594.5 1.26858 0.000550597
  596 595.5 1.26872 0.000550658
  597 596.5 1.26958 0.000551033
  598 597.5 1.27127 0.000551767
  599 598.5 1.26335 0.000548327
  600 599.5 1.2626 0.000548002
  601 600.5 1.26206 0.00054777
  602 601.5 1.26507 0.000549075
  603 602.5 1.26631 0.000549615
  604 603.5 1.26799 0.000550344
  605 604.5 1.26745 0.00055011
  606 605.5 1.26879 0.000550692
  607 606.5 1.27309 0.000552558
  608 607.5 1.27632 0.000553959
  609 608.5 1.27201 0.000552088
  610 609.5 1.27169 0.000551948
  611 610.5 1.26873 0.000550663
  612 611.5 1.2758 0.000553732
  613 612.5 1.27711 0.000554303
  614 613.5 1.27512 0.000553438
  615 614.5 1.27716 0.000554321
  616 615.5 1.27609 0.000553857
  617 616.5 1.27417 0.000553024
  618 617.5 1.27446 0.00055315
  619 618.5 1.2812 0.000556077
  620 619.5 1.28368 0.000557151
  621 620.5 1.28801 0.000559033
  622 621.5 1.29408 0.000561669
  623 622.5 1.30309 0.000565579
  624 623.5 1.30869 0.000568009
120000000 624 7133.999999999991
  1 0.5 1.47629 0.000640751
  2 1.5 1.5151 0.000657594
  3 2.5 1.56603 0.000679701
  4 3.5 1.6257 0.0007056
  5 4.5 1.69294 0.000734784
  6 5.5 1.77407 0.000769994
  7 6.5 1.8736 0.000813194
  8 7.5 1.97986 0.000859316
  9 8.5 2.10229 0.000912454
  10 9.5 2.24551 0.000974612
  11 10.5 2.39917 0.00104131
  12 11.5 2.56624 0.00111382
  13 12.5 2.74354 0.00119077
  14 13.5 2.93372 0.00127332
  15 14.5 3.13834 0.00136213
  16 15.5 3.32719 0.00144409
  17 16.5 3.5286 0.00153151
  18 17.5 3.73399 0.00162066
  19 18.5 3.92723 0.00170453
  20 19.5 4.10812 0.00178304
  21 20.5 4.29304 0.0018633
  22 21.5 4.47823 0.00194368
  23 22.5 4.63739 0.00201276
  24 23.5 4.79816 0.00208253
  25 24.5 4.94779 0.00214748
  26 25.5 5.08125 0.0022054
  27 26.5 5.19157 0.00225329
  28 27.5 5.28605 0.00229429
  29 28.5 5.36237 0.00232742
  30 29.5 5.42092 0.00235283
  31 30.5 5.46582 0.00237232
  32 31.5 5.49051 0.00238303
  33 32.5 5.49713 0.00238591
  34 33.5 5.50466 0.00238917
  35 34.5 5.51652 0.00239432
  36 35.5 5.50707 0.00239022
  37 36.5 5.50984 0.00239142
  38 37.5 5.49318 0.00238419
  39 38.5 5.47327 0.00237555
  40 39.5 5.44815 0.00236465
  41 40.5 5.42644 0.00235523
  42 41.5 5.41623 0.0023508
  43 42.5 5.40373 0.00234537
  44 43.5 5.38875 0.00233887
  45 44.5 5.38813 0.0023386
  46 45.5 5.37692 0.00233373
  47 46.5 5.3613 0.00232696
  48 47.5 5.33427 0.00231522
  49 48.5 5.3372 0.00231649
  50 49.5 5.33851 0.00231706
  51 50.5 5.32141 0.00230964
  52 51.5 5.29892 0.00229988
  53 52.5 5.29705 0.00229907
  54 53.5 5.28755 0.00229494
  55 54.5 5.26546 0.00228536
  56 55.5 5.2481 0.00227782
  57 56.5 5.24604 0.00227693
  58 57.5 5.24211 0.00227522
  59 58.5 5.23473 0.00227202
  60 59.5 5.21263 0.00226243
  61 60.5 5.21944 0.00226538
  62 61.5 5.2103 0.00226142
  63 62.5 5.20995 0.00226126
  64 63.5 5.19511 0.00225482
  65 64.5 5.18519 0.00225052
  66 65.5 5.18167 0.00224899
  67 66.5 5.17688 0.00224691
  68 67.5 5.16303 0.0022409
  69 68.5 5.16388 0.00224127
  70 69.5 5.15494 0.00223739
  71 70.5 5.1568 0.00223819
  72 71.5 5.17356 0.00224547
  73 72.5 5.17397 0.00224565
  74 73.5 5.18148 0.00224891
  75 74.5 5.19566 0.00225506
  76 75.5 5.21463 0.00226329
  77 76.5 5.2268 0.00226858
  78 77.5 5.23822 0.00227353
  79 78.5 5.24895 0.00227819
  80 79.5 5.25663 0.00228152
  81 80.5 5.26873 0.00228678
  82 81.5 5.26411 0.00228477
  83 82.5 5.26746 0.00228622
  84 83.5 5.2654 0.00228533
  85 84.5 5.25369 0.00228025
  86 85.5 5.24215 0.00227524
  87 86.5 5.2372 0.00227309
  88 87.5 5.23594 0.00227254
  89 88.5 5.25922 0.00228265
  90 89.5 5.24573 0.00227679
  91 90.5 5.24973 0.00227853
  92 91.5 5.25488 0.00228076
  93 92.5 5.27174 0.00228808
  94 93.5 5.26695 0.002286
  95 94.5 5.27599 0.00228993
  96 95.5 5.27261 0.00228846
  97 96.5 5.28554 0.00229407
  98 97.5 5.27957 0.00229148
  99 98.5 5.28256 0.00229278
  100 99.5 5.29208 0.00229691
  101 100.5 5.29719 0.00229913
  102 101.5 5.31173 0.00230544
  103 102.5 5.31188 0.0023055
  104 103.5 5.33038 0.00231353
  105 104.5 5.33542 0.00231572
  106 105.5 5.33511 0.00231559
  107 106.5 5.35323 0.00232345
  108 107.5 5.36102 0.00232683
  109 108.5 5.3559 0.00232461
  110 109.5 5.36353 0.00232792
  111 110.5 5.35886 0.00232589
  112 111.5 5.36681 0.00232934
  113 112.5 5.3633 0.00232782
  114 113.5 5.36152 0.00232705
  115 114.5 5.35949 0.00232617
  116 115.5 5.36494 0.00232853
  117 116.5 5.37995 0.00233505
  118 117.5 5.38016 0.00233514
  119 118.5 5.37196 0.00233158
  120 119.5 5.36611 0.00232904
  121 120.5 5.37681 0.00233369
  122 121.5 5.37505 0.00233292
  123 122.5 5.37282 0.00233195
  124 123.5 5.37017 0.0023308
  125 124.5 5.35376 0.00232368
  126 125.5 5.35859 0.00232578
  127 126.5 5.35634 0.0023248
  128 127.5 5.34761 0.00232101
  129 128.5 5.33648 0.00231618
  130 129.5 5.34519 0.00231996
  131 130.5 5.34621 0.00232041
  132 131.5 5.33331 0.00231481
  133 132.5 5.32213 0.00230995
  134 133.5 5.32327 0.00231045
  135 134.5 5.3107 0.00230499
  136 135.5 5.30119 0.00230086
  137 136.5 5.29199 0.00229687
  138 137.5 5.30499 0.00230251
  139 138.5 5.30391 0.00230205
  140 139.5 5.29404 0.00229776
  141 140.5 5.28797 0.00229513
  142 141.5 5.28844 0.00229533
  143 142.5 5.2969 0.002299
  144 143.5 5.30185 0.00230115
  145 144.5 5.30923 0.00230435
  146 145.5 5.31368 0.00230629
  147 146.5 5.33227 0.00231435
  148 147.5 5.34841 0.00232136
  149 148.5 5.34545 0.00232007
  150 149.5 5.3441 0.00231949
  151 150.5 5.37158 0.00233141
  152 151.5 5.36562 0.00232883
  153 152.5 5.36973 0.00233061
  154 153.5 5.37191 0.00233156
  155 154.5 5.38748 0.00233831
  156 155.5 5.39919 0.0023434
  157 156.5 5.40215 0.00234468
  158 157.5 5.41613 0.00235075
  159 158.5 5.43424 0.00235861
  160 159.5 5.42049 0.00235265
  161 160.5 5.41226 0.00234907
  162 161.5 5.41571 0.00235057
  163 162.5 5.42473 0.00235448
  164 163.5 5.40116 0.00234425
  165 164.5 5.4042 0.00234557
  166 165.5 5.40756 0.00234703
  167 166.5 5.41639 0.00235086
  168 167.5 5.41331 0.00234953
  169 168.5 5.40229 0.00234475
  170 169.5 5.40505 0.00234594
  171 170.5 5.39914 0.00234338
  172 171.5 5.388 0.00233854
  173 172.5 5.35801 0.00232552
  174 173.5 5.36636 0.00232915
  175 174.5 5.36279 0.0023276
  176 175.5 5.35896 0.00232594
  177 176.5 5.36079 0.00232673
  178 177.5 5.35946 0.00232615
  179 178.5 5.36872 0.00233017
  180 179.5 5.36802 0.00232987
  181 180.5 5.36733 0.00232957
  182 181.5 5.37971 0.00233494
  183 182.5 5.38217 0.00233601
  184 183.5 5.37033 0.00233087
  185 184.5 5.38363 0.00233665
  186 185.5 5.399 0.00234332
  187 186.5 5.39676 0.00234234
  188 187.5 5.4165 0.00235091
  189 188.5 5.416 0.00235069
  190 189.5 5.42082 0.00235278
  191 190.5 5.43918 0.00236076
  192 191.5 5.45208 0.00236636
  193 192.5 5.4485 0.0023648
  194 193.5 5.46224 0.00237076
  195 194.5 5.46407 0.00237156
  196 195.5 5.45935 0.00236951
  197 196.5 5.45802 0.00236893
  198 197.5 5.46322 0.00237119
  199 198.5 5.45475 0.00236752
  200 199.5 5.46002 0.0023698
  201 200.5 5.4711 0.00237461
  202 201.5 5.47095 0.00237455
  203 202.5 5.48514 0.0023807
  204 203.5 5.49908 0.00238675
  205 204.5 5.51597 0.00239409
  206 205.5 5.53835 0.0024038
  207 206.5 5.56937 0.00241726
  208 207.5 5.60293 0.00243183
  209 208.5 5.63888 0.00244743
  210 209.5 5.69783 0.00247302
  211 210.5 5.7865 0.0025115
  212 211.5 5.87835 0.00255137
  213 212.5 5.9716 0.00259184
  214 213.5 6.11358 0.00265347
  215 214.5 6.28549 0.00272808
  216 215.5 6.48455 0.00281448
  217 216.5 6.7177 0.00291567
  218 217.5 6.99466 0.00303588
  219 218.5 7.3124 0.00317378
  220 219.5 7.68596 0.00333592
  221 220.5 8.10027 0.00351574
  222 221.5 8.57117 0.00372012
  223 222.5 9.07814 0.00394017
  224 223.5 9.63282 0.00418091
  225 224.5 10.2427 0.00444564
  226 225.5 10.9288 0.00474341
  227 226.5 11.6443 0.00505393
  228 227.5 12.3998 0.00538184
  229 228.5 13.2011 0.00572964
  230 229.5 14.0574 0.00610132
  231 230.5 14.8736 0.00645555
  232 231.5 15.7037 0.00681585
  233 232.5 16.5512 0.00718366
  234 233.5 17.3944 0.00754965
  235 234.5 18.2 0.0078993
  236 235.5 18.9696 0.00823334
  237 236.5 19.7697 0.0085806
  238 237.5 20.5105 0.00890214
  239 238.5 21.1763 0.0091911
  240 239.5 21.844 0.00948089
  241 240.5 22.4766 0.00975548
  242 241.5 23.0455 0.0100024
  243 242.5 23.5154 0.0102063
  244 243.5 24.039 0.0104336
  245 244.5 24.4579 0.0106154
  246 245.5 24.8187 0.010772
  247 246.5 25.1687 0.0109239
  248 247.5 25.4977 0.0110667
  249 248.5 25.7785 0.0111886
  250 249.5 26.0246 0.0112954
  251 250.5 26.2051 0.0113738
  252 251.5 26.433 0.0114727
  253 252.5 26.5989 0.0115447
  254 253.5 26.6958 0.0115867
  255 254.5 26.8036 0.0116335
  256 255.5 26.9123 0.0116807
  257 256.5 27.0132 0.0117245
  258 257.5 27.0256 0.0117299
  259 258.5 27.1291 0.0117748
  260 259.5 27.1922 0.0118022
  261 260.5 27.2299 0.0118185
  262 261.5 27.2572 0.0118304
  263 262.5 27.312 0.0118542
  264 263.5 27.31 0.0118533
  265 264.5 27.3443 0.0118682
  266 265.5 27.3567 0.0118736
  267 266.5 27.4057 0.0118948
  268 267.5 27.3874 0.0118869
  269 268.5 27.3837 0.0118853
  270 269.5 27.4077 0.0118957
  271 270.5 27.4311 0.0119058
  272 271.5 27.4254 0.0119034
  273 272.5 27.4193 0.0119007
  274 273.5 27.4208 0.0119014
  275 274.5 27.422 0.0119019
  276 275.5 27.4129 0.011898
  277 276.5 27.4165 0.0118995
  278 277.5 27.3886 0.0118874
  279 278.5 27.4089 0.0118962
  280 279.5 27.4075 0.0118956
  281 280.5 27.376 0.0118819
  282 281.5 27.3775 0.0118826
  283 282.5 27.4013 0.0118929
  284 283.5 27.4067 0.0118953
  285 284.5 27.3897 0.0118879
  286 285.5 27.3927 0.0118892
  287 286.5 27.4239 0.0119027
  288 287.5 27.3941 0.0118898
  289 288.5 27.4042 0.0118942
  290 289.5 27.3958 0.0118905
  291 290.5 27.4187 0.0119005
  292 291.5 27.4053 0.0118946
  293 292.5 27.4165 0.0118995
  294 293.5 27.4217 0.0119018
  295 294.5 27.4231 0.0119024
  296 295.5 27.4331 0.0119067
  297 296.5 27.4364 0.0119082
  298 297.5 27.4397 0.0119096
  299 298.5 27.4199 0.011901
  300 299.5 27.4368 0.0119083
  301 300.5 27.442 0.0119106
  302 301.5 27.4357 0.0119079
  303 302.5 27.4537 0.0119157
  304 303.5 27.4489 0.0119136
  305 304.5 27.4488 0.0119136
  306 305.5 27.4382 0.011909
  307 306.5 27.4444 0.0119116
  308 307.5 27.4348 0.0119075
  309 308.5 27.4247 0.0119031
  310 309.5 27.4178 0.0119001
  311 310.5 27.4573 0.0119172
  312 311.5 27.4242 0.0119029
  313 312.5 27.4625 0.0119195
  314 313.5 27.4471 0.0119128
  315 314.5 27.4499 0.011914
  316 315.5 27.4481 0.0119132
  317 316.5 27.4556 0.0119165
  318 317.5 27.4547 0.0119161
  319 318.5 27.4672 0.0119215
  320 319.5 27.4668 0.0119214
  321 320.5 27.4493 0.0119138
  322 321.5 27.4897 0.0119313
  323 322.5 27.4959 0.011934
  324 323.5 27.4673 0.0119216
  325 324.5 27.4826 0.0119282
  326 325.5 27.5173 0.0119433
  327 326.5 27.5102 0.0119402
  328 327.5 27.5089 0.0119396
  329 328.5 27.5316 0.0119495
  330 329.5 27.5462 0.0119558
  331 330.5 27.5509 0.0119578
  332 331.5 27.5776 0.0119694
  333 332.5 27.5936 0.0119764
  334 333.5 27.5967 0.0119777
  335 334.5 27.5965 0.0119777
  336 335.5 27.5863 0.0119732
  337 336.5 27.5876 0.0119738
  338 337.5 27.5901 0.0119749
  339 338.5 27.5615 0.0119625
  340 339.5 27.5778 0.0119695
  341 340.5 27.5527 0.0119587
  342 341.5 27.5309 0.0119492
  343 342.5 27.5413 0.0119537
  344 343.5 27.5479 0.0119566
  345 344.5 27.5556 0.0119599
  346 345.5 27.5194 0.0119442
  347 346.5 27.55 0.0119575
  348 347.5 27.5506 0.0119577
  349 348.5 27.5578 0.0119608
  350 349.5 27.5602 0.0119619
  351 350.5 27.5581 0.011961
  352 351.5 27.5736 0.0119677
  353 352.5 27.5778 0.0119695
  354 353.5 27.5486 0.0119568
  355 354.5 27.5555 0.0119599
  356 355.5 27.5564 0.0119602
  357 356.5 27.5723 0.0119671
  358 357.5 27.5623 0.0119628
  359 358.5 27.5635 0.0119633
  360 359.5 27.5439 0.0119548
  361 360.5 27.5512 0.011958
  362 361.5 27.562 0.0119627
  363 362.5 27.5609 0.0119622
  364 363.5 27.5514 0.0119581
  365 364.5 27.5828 0.0119717
  366 365.5 27.5786 0.0119699
  367 366.5 27.5979 0.0119783
  368 367.5 27.5749 0.0119683
  369 368.5 27.6305 0.0119924
  370 369.5 27.649 0.0120004
  371 370.5 27.6487 0.0120003
  372 371.5 27.6666 0.0120081
  373 372.5 27.7029 0.0120238
  374 373.5 27.6965 0.012021
  375 374.5 27.6727 0.0120107
  376 375.5 27.7069 0.0120256
  377 376.5 27.7043 0.0120244
  378 377.5 27.6877 0.0120172
  379 378.5 27.7001 0.0120226
  380 379.5 27.7144 0.0120288
  381 380.5 27.6828 0.0120151
  382 381.5 27.6703 0.0120097
  383 382.5 27.6941 0.01202
  384 383.5 27.6788 0.0120133
  385 384.5 27.6759 0.0120121
  386 385.5 27.6692 0.0120092
  387 386.5 27.6979 0.0120217
  388 387.5 27.6795 0.0120137
  389 388.5 27.702 0.0120234
  390 389.5 27.6867 0.0120168
  391 390.5 27.7019 0.0120234
  392 391.5 27.708 0.012026
  393 392.5 27.7131 0.0120283
  394 393.5 27.7069 0.0120256
  395 394.5 27.7195 0.012031
  396 395.5 27.7162 0.0120296
  397 396.5 27.7223 0.0120322
  398 397.5 27.7033 0.012024
  399 398.5 27.6923 0.0120192
  400 399.5 27.6824 0.0120149
  401 400.5 27.6734 0.012011
  402 401.5 27.6328 0.0119934
  403 402.5 27.6167 0.0119864
  404 403.5 27.5873 0.0119737
  405 404.5 27.5675 0.0119651
  406 405.5 27.5283 0.011948
  407 406.5 27.5087 0.0119395
  408 407.5 27.4527 0.0119152
  409 408.5 27.433 0.0119067
  410 409.5 27.3688 0.0118788
  411 410.5 27.3264 0.0118604
  412 411.5 27.2421 0.0118238
  413 412.5 27.2116 0.0118106
  414 413.5 27.1271 0.0117739
  415 414.5 27.0622 0.0117458
  416 415.5 26.9413 0.0116933
  417 416.5 26.856 0.0116563
  418 417.5 26.7487 0.0116097
  419 418.5 26.5861 0.0115391
  420 419.5 26.3803 0.0114498
  421 420.5 26.1788 0.0113623
  422 421.5 25.9369 0.0112573
  423 422.5 25.6355 0.0111265
  424 423.5 25.3046 0.0109829
  425 424.5 24.9155 0.010814
  426 425.5 24.4704 0.0106208
  427 426.5 23.9319 0.0103871
  428 427.5 23.3817 0.0101483
  429 428.5 22.7495 0.00987394
  430 429.5 22.0579 0.00957376
  431 430.5 21.2986 0.00924417
  432 431.5 20.5049 0.0088997
  433 432.5 19.6488 0.00852813
  434 433.5 18.7691 0.00814633
  435 434.5 17.8572 0.00775054
  436 435.5 16.9203 0.00734389
  437 436.5 15.9649 0.00692922
  438 437.5 15.0545 0.00653407
  439 438.5 14.1621 0.00614676
  440 439.5 13.2797 0.00576375
  441 440.5 12.4506 0.00540389
  442 441.5 11.6888 0.00507327
  443 442.5 10.9509 0.00475299
  444 443.5 10.2947 0.00446819
  445 444.5 9.67464 0.00419906
  446 445.5 9.1008 0.00395
  447 446.5 8.56567 0.00371774
  448 447.5 8.09407 0.00351305
  449 448.5 7.65963 0.00332449
  450 449.5 7.24694 0.00314537
  451 450.5 6.85993 0.0029774
  452 451.5 6.51129 0.00282608
  453 452.5 6.15214 0.0026702
  454 453.5 5.83584 0.00253292
  455 454.5 5.52366 0.00239742
  456 455.5 5.23178 0.00227074
  457 456.5 4.9529 0.0021497
  458 457.5 4.68772 0.0020346
  459 458.5 4.42088 0.00191878
  460 459.5 4.16611 0.00180821
  461 460.5 3.92268 0.00170255
  462 461.5 3.68291 0.00159848
  463 462.5 3.4597 0.00150161
  464 463.5 3.24156 0.00140693
  465 464.5 3.04011 0.00131949
  466 465.5 2.83745 0.00123153
  467 466.5 2.65123 0.00115071
  468 467.5 2.47038 0.00107221
  469 468.5 2.31156 0.00100328
  470 469.5 2.16754 0.000940772
  471 470.5 2.0415 0.000886069
  472 471.5 1.92521 0.000835595
  473 472.5 1.81895 0.000789476
  474 473.5 1.72688 0.000749514
  475 474.5 1.64793 0.000715249
  476 475.5 1.59272 0.000691284
  477 476.5 1.54086 0.000668777
  478 477.5 1.48947 0.000646472
  479 478.5 1.44908 0.000628941
  480 479.5 1.41868 0.000615747
  481 480.5 1.39569 0.00060577
  482 481.5 1.37013 0.000594672
  483 482.5 1.35568 0.000588403
  484 483.5 1.34047 0.000581802
  485 484.5 1.3307 0.000577559
  486 485.5 1.31843 0.000572235
  487 486.5 1.31159 0.000569268
  488 487.5 1.30547 0.000566609
  489 488.5 1.30187 0.000565046
  490 489.5 1.30494 0.000566379
  491 490.5 1.30312 0.000565589
  492 491.5 1.30516 0.000566474
  493 492.5 1.30148 0.000564877
  494 493.5 1.29983 0.000564161
  495 494.5 1.29056 0.000560141
  496 495.5 1.29094 0.000560306
  497 496.5 1.29306 0.000561223
  498 497.5 1.28886 0.000559402
  499 498.5 1.28963 0.000559734
  500 499.5 1.28473 0.000557609
  501 500.5 1.28567 0.000558018
  502 501.5 1.28957 0.000559707
  503 502.5 1.29338 0.000561362
  504 503.5 1.29801 0.000563371
  505 504.5 1.30487 0.000566351
  506 505.5 1.30059 0.000564493
  507 506.5 1.29525 0.000562174
  508 507.5 1.29059 0.000560153
  509 508.5 1.29165 0.000560611
  510 509.5 1.29411 0.000561681
  511 510.5 1.29148 0.000560538
  512 511.5 1.2935 0.000561416
  513 512.5 1.29556 0.000562308
  514 513.5 1.29198 0.000560757
  515 514.5 1.29423 0.00056173
  516 515.5 1.29437 0.000561791
  517 516.5 1.29482 0.000561987
  518 517.5 1.29586 0.000562441
  519 518.5 1.29447 0.000561835
  520 519.5 1.29672 0.000562815
  521 520.5 1.28669 0.000558459
  522 521.5 1.29242 0.000560944
  523 522.5 1.29414 0.000561694
  524 523.5 1.28906 0.000559486
  525 524.5 1.29043 0.000560084
  526 525.5 1.29731 0.000563067
  527 526.5 1.29317 0.000561274
  528 527.5 1.2906 0.000560157
  529 528.5 1.28871 0.000559336
  530 529.5 1.29187 0.000560709
  531 530.5 1.29952 0.000564029
  532 531.5 1.29709 0.000562972
  533 532.5 1.29766 0.000563221
  534 533.5 1.29768 0.000563228
  535 534.5 1.29729 0.000563059
  536 535.5 1.29531 0.000562202
  537 536.5 1.30801 0.000567714
  538 537.5 1.30612 0.000566892
  539 538.5 1.29738 0.000563098
  540 539.5 1.30152 0.000564895
  541 540.5 1.30027 0.000564353
  542 541.5 1.30181 0.000565021
  543 542.5 1.30331 0.000565672
  544 543.5 1.30055 0.000564475
  545 544.5 1.29326 0.000561311
  546 545.5 1.29663 0.000562772
  547 546.5 1.29171 0.00056064
  548 547.5 1.2963 0.000562632
  549 548.5 1.30147 0.000564873
  550 549.5 1.297 0.000562934
  551 550.5 1.29995 0.000564216
  552 551.5 1.30151 0.000564891
  553 552.5 1.2934 0.000561369
  554 553.5 1.29095 0.000560308
  555 554.5 1.29258 0.000561014
  556 555.5 1.28752 0.00055882
  557 556.5 1.28831 0.000559161
  558 557.5 1.29277 0.000561099
  559 558.5 1.28929 0.000559586
  560 559.5 1.29069 0.000560197
  561 560.5 1.28912 0.000559515
  562 561.5 1.28825 0.000559136
  563 562.5 1.28967 0.000559754
  564 563.5 1.29587 0.000562444
  565 564.5 1.29917 0.000563876
  566 565.5 1.30092 0.000564634
  567 566.5 1.30289 0.000565489
  568 567.5 1.29984 0.000564167
  569 568.5 1.29708 0.00056297
  570 569.5 1.29438 0.000561797
  571 570.5 1.29342 0.000561381
  572 571.5 1.30095 0.000564647
  573 572.5 1.30309 0.000565578
  574 573.5 1.30028 0.000564357
  575 574.5 1.30321 0.000565628
  576 575.5 1.29467 0.000561923
  577 576.5 1.29855 0.000563607
  578 577.5 1.29634 0.000562649
  579 578.5 1.30036 0.000564391
  580 579.5 1.30296 0.000565523
  581 580.5 1.302 0.000565105
  582 581.5 1.29984 0.000564169
  583 582.5 1.3044 0.000566145
  584 583.5 1.30651 0.000567063
  585 584.5 1.30758 0.000567528
  586 585.5 1.29964 0.000564082
  587 586.5 1.29774 0.000563257
  588 587.5 1.28998 0.000559889
  589 588.5 1.29205 0.000560785
  590 589.5 1.2892 0.000559546
  591 590.5 1.28937 0.000559625
  592 591.5 1.28929 0.000559589
  593 592.5 1.28846 0.000559226
  594 593.5 1.28968 0.000559757
  595 594.5 1.28651 0.000558382
  596 595.5 1.29434 0.000561779
  597 596.5 1.29945 0.000563997
  598 597.5 1.29382 0.000561553
  599 598.5 1.28856 0.00055927
  600 599.5 1.29101 0.000560335
  601 600.5 1.28767 0.000558882
  602 601.5 1.29126 0.000560442
  603 602.5 1.29473 0.00056195
  604 603.5 1.29463 0.000561906
  605 604.5 1.29564 0.000562342
  606 605.5 1.2906 0.000560155
  607 606.5 1.2925 0.000560982
  608 607.5 1.2923 0.000560893
  609 608.5 1.29294 0.000561172
  610 609.5 1.29662 0.000562771
  611 610.5 1.29854 0.000563601
  612 611.5 1.29744 0.000563124
  613 612.5 1.30077 0.000564571
  614 613.5 1.3054 0.000566582
  615 614.5 1.30903 0.000568155
  616 615.5 1.31468 0.000570609
  617 616.5 1.32321 0.000574309
  618 617.5 1.33268 0.00057842
  619 618.5 1.3415 0.000582247
  620 619.5 1.35522 0.000588205
  621 620.5 1.36986 0.000594558
  622 621.5 1.39313 0.000604659
  623 622.5 1.41477 0.000614051
  624 623.5 1.44025 0.000625109
140000000 624 7133.999999999993
  1 0.5 1.28947 0.000559664
  2 1.5 1.29241 0.00056094
  3 2.5 1.29911 0.000563851
  4 3.5 1.31023 0.000568678
  5 4.5 1.31368 0.000570172
  6 5.5 1.32702 0.000575965
  7 6.5 1.33241 0.000578302
  8 7.5 1.3561 0.000588583
  9 8.5 1.37564 0.000597064
  10 9.5 1.40669 0.000610542
  11 10.5 1.44317 0.000626377
  12 11.5 1.48854 0.000646069
  13 12.5 1.53741 0.000667279
  14 13.5 1.59357 0.000691653
  15 14.5 1.65824 0.000719724
  16 15.5 1.74354 0.000756747
  17 16.5 1.83319 0.000795657
  18 17.5 1.93417 0.000839484
  19 18.5 2.06091 0.000894494
  20 19.5 2.20037 0.000955022
  21 20.5 2.36127 0.00102486
  22 21.5 2.52661 0.00109662
  23 22.5 2.70474 0.00117393
  24 23.5 2.90042 0.00125886
  25 24.5 3.09744 0.00134437
  26 25.5 3.30427 0.00143415
  27 26.5 3.53176 0.00153288
  28 27.5 3.74758 0.00162655
  29 28.5 3.94689 0.00171306
  30 29.5 4.14079 0.00179722
  31 30.5 4.33342 0.00188082
  32 31.5 4.51662 0.00196034
  33 32.5 4.6842 0.00203307
  34 33.5 4.83703 0.00209941
  35 34.5 4.99435 0.00216769
  36 35.5 5.10623 0.00221624
  37 36.5 5.21419 0.0022631
  38 37.5 5.2985 0.0022997
  39 38.5 5.36081 0.00232674
  40 39.5 5.43146 0.00235741
  41 40.5 5.48712 0.00238156
  42 41.5 5.50316 0.00238852
  43 42.5 5.5266 0.0023987
  44 43.5 5.53034 0.00240032
  45 44.5 5.53219 0.00240112
  46 45.5 5.53442 0.00240209
  47 46.5 5.5295 0.00239996
  48 47.5 5.51645 0.00239429
  49 48.5 5.50672 0.00239007
  50 49.5 5.48454 0.00238044
  51 50.5 5.45707 0.00236852
  52 51.5 5.43004 0.00235679
  53 52.5 5.40982 0.00234801
  54 53.5 5.38311 0.00233642
  55 54.5 5.37304 0.00233205
  56 55.5 5.36191 0.00232722
  57 56.5 5.34675 0.00232064
  58 57.5 5.34299 0.00231901
  59 58.5 5.34402 0.00231945
  60 59.5 5.32915 0.002313
  61 60.5 5.32917 0.00231301
  62 61.5 5.31623 0.00230739
  63 62.5 5.32016 0.0023091
  64 63.5 5.31646 0.00230749
  65 64.5 5.31314 0.00230605
  66 65.5 5.29672 0.00229892
  67 66.5 5.28228 0.00229265
  68 67.5 5.27845 0.00229099
  69 68.5 5.2913 0.00229657
  70 69.5 5.28109 0.00229214
  71 70.5 5.28521 0.00229393
  72 71.5 5.31162 0.00230539
  73 72.5 5.29475 0.00229807
  74 73.5 5.29048 0.00229621
  75 74.5 5.29521 0.00229827
  76 75.5 5.30539 0.00230269
  77 76.5 5.30704 0.0023034
  78 77.5 5.31283 0.00230591
  79 78.5 5.32611 0.00231168
  80 79.5 5.32975 0.00231326
  81 80.5 5.31532 0.002307
  82 81.5 5.30688 0.00230333
  83 82.5 5.28293 0.00229294
  84 83.5 5.27261 0.00228846
  85 84.5 5.27744 0.00229056
  86 85.5 5.30059 0.00230061
  87 86.5 5.29776 0.00229937
  88 87.5 5.28837 0.0022953
  89 88.5 5.28312 0.00229302
  90 89.5 5.27229 0.00228832
  91 90.5 5.27493 0.00228947
  92 91.5 5.2583 0.00228225
  93 92.5 5.24007 0.00227434
  94 93.5 5.24998 0.00227864
  95 94.5 5.25751 0.00228191
  96 95.5 5.25128 0.0022792
  97 96.5 5.24795 0.00227776
  98 97.5 5.24586 0.00227685
  99 98.5 5.25146 0.00227928
  100 99.5 5.25112 0.00227913
  101 100.5 5.26191 0.00228382
  102 101.5 5.24743 0.00227753
  103 102.5 5.26362 0.00228456
  104 103.5 5.28508 0.00229387
  105 104.5 5.29147 0.00229664
  106 105.5 5.2955 0.00229839
  107 106.5 5.30029 0.00230047
  108 107.5 5.30663 0.00230323
  109 108.5 5.30893 0.00230422
  110 109.5 5.29671 0.00229892
  111 110.5 5.31068 0.00230498
  112 111.5 5.31955 0.00230883
  113 112.5 5.29972 0.00230023
  114 113.5 5.30444 0.00230227
  115 114.5 5.31844 0.00230835
  116 115.5 5.32843 0.00231269
  117 116.5 5.34048 0.00231792
  118 117.5 5.34212 0.00231863
  119 118.5 5.33985 0.00231764
  120 119.5 5.34065 0.00231799
  121 120.5 5.34186 0.00231852
  122 121.5 5.34574 0.0023202
  123 122.5 5.35178 0.00232282
  124 123.5 5.35293 0.00232332
  125 124.5 5.35445 0.00232398
  126 125.5 5.35686 0.00232503
  127 126.5 5.36244 0.00232745
  128 127.5 5.36268 0.00232755
  129 128.5 5.36394 0.0023281
  130 129.5 5.35644 0.00232484
  131 130.5 5.36059 0.00232665
  132 131.5 5.35422 0.00232388
  133 132.5 5.3602 0.00232647
  134 133.5 5.35859 0.00232578
  135 134.5 5.35457 0.00232403
  136 135.5 5.34642 0.00232049
  137 136.5 5.33294 0.00231465
  138 137.5 5.33376 0.002315
  139 138.5 5.32379 0.00231067
  140 139.5 5.31268 0.00230585
  141 140.5 5.30123 0.00230088
  142 141.5 5.30858 0.00230407
  143 142.5 5.29634 0.00229876
  144 143.5 5.28888 0.00229552
  145 144.5 5.2856 0.0022941
  146 145.5 5.27377 0.00228896
  147 146.5 5.26104 0.00228344
  148 147.5 5.24545 0.00227667
  149 148.5 5.23049 0.00227018
  150 149.5 5.23048 0.00227017
  151 150.5 5.22641 0.00226841
  152 151.5 5.23349 0.00227148
  153 152.5 5.22559 0.00226805
  154 153.5 5.21795 0.00226473
  155 154.5 5.21801 0.00226476
  156 155.5 5.23704 0.00227302
  157 156.5 5.22513 0.00226785
  158 157.5 5.20847 0.00226062
  159 158.5 5.20394 0.00225865
  160 159.5 5.22219 0.00226657
  161 160.5 5.22124 0.00226616
  162 161.5 5.21813 0.00226481
  163 162.5 5.22425 0.00226747
  164 163.5 5.21936 0.00226535
  165 164.5 5.22211 0.00226654
  166 165.5 5.21875 0.00226508
  167 166.5 5.22808 0.00226913
  168 167.5 5.21849 0.00226497
  169 168.5 5.21471 0.00226333
  170 169.5 5.20123 0.00225748
  171 170.5 5.18638 0.00225103
  172 171.5 5.17324 0.00224533
  173 172.5 5.16431 0.00224145
  174 173.5 5.14672 0.00223382
  175 174.5 5.12401 0.00222396
  176 175.5 5.11019 0.00221797
  177 176.5 5.10456 0.00221552
  178 177.5 5.09394 0.00221091
  179 178.5 5.08282 0.00220609
  180 179.5 5.08678 0.0022078
  181 180.5 5.09135 0.00220979
  182 181.5 5.09016 0.00220927
  183 182.5 5.07978 0.00220477
  184 183.5 5.07993 0.00220483
  185 184.5 5.07488 0.00220264
  186 185.5 5.06071 0.00219649
  187 186.5 5.04476 0.00218957
  188 187.5 5.04331 0.00218894
  189 188.5 5.02973 0.00218304
  190 189.5 5.00856 0.00217386
  191 190.5 5.0169 0.00217747
  192 191.5 5.01769 0.00217782
  193 192.5 5.00973 0.00217436
  194 193.5 5.00514 0.00217237
  195 194.5 4.99163 0.00216651
  196 195.5 4.97439 0.00215902
  197 196.5 4.97769 0.00216046
  198 197.5 4.99326 0.00216721
  199 198.5 4.99722 0.00216893
  200 199.5 4.99897 0.00216969
  201 200.5 5.00083 0.0021705
  202 201.5 5.01655 0.00217732
  203 202.5 5.0374 0.00218637
  204 203.5 5.04593 0.00219007
  205 204.5 5.04655 0.00219035
  206 205.5 5.06574 0.00219867
  207 206.5 5.07566 0.00220298
  208 207.5 5.09492 0.00221134
  209 208.5 5.12015 0.00222229
  210 209.5 5.15483 0.00223734
  211 210.5 5.18923 0.00225227
  212 211.5 5.23153 0.00227063
  213 212.5 5.27665 0.00229021
  214 213.5 5.32498 0.00231119
  215 214.5 5.38984 0.00233934
  216 215.5 5.4375 0.00236003
  217 216.5 5.50932 0.0023912
  218 217.5 5.60913 0.00243452
  219 218.5 5.70395 0.00247567
  220 219.5 5.81762 0.00252501
  221 220.5 5.95733 0.00258565
  222 221.5 6.11511 0.00265413
  223 222.5 6.30849 0.00273806
  224 223.5 6.54338 0.00284001
  225 224.5 6.83542 0.00296676
  226 225.5 7.14593 0.00310153
  227 226.5 7.50749 0.00325846
  228 227.5 7.92792 0.00344094
  229 228.5 8.40179 0.00364661
  230 229.5 8.95478 0.00388662
  231 230.5 9.53482 0.00413838
  232 231.5 10.2055 0.00442948
  233 232.5 10.9299 0.00474387
  234 233.5 11.7129 0.00508371
  235 234.5 12.5357 0.00544085
  236 235.5 13.4156 0.00582276
  237 236.5 14.3194 0.00621504
  238 237.5 15.2423 0.00661557
  239 238.5 16.1577 0.00701288
  240 239.5 17.085 0.00741537
  241 240.5 17.9962 0.00781084
  242 241.5 18.8815 0.00819511
  243 242.5 19.7596 0.00857622
  244 243.5 20.5765 0.00893076
  245 244.5 21.3665 0.00927364
  246 245.5 22.1024 0.00959304
  247 246.5 22.7504 0.00987431
  248 247.5 23.3727 0.0101444
  249 248.5 23.9638 0.010401
  250 249.5 24.4633 0.0106177
  251 250.5 24.9168 0.0108146
  252 251.5 25.3213 0.0109902
  253 252.5 25.6908 0.0111505
  254 253.5 25.9865 0.0112789
  255 254.5 26.2546 0.0113952
  256 255.5 26.4781 0.0114922
  257 256.5 26.6416 0.0115632
  258 257.5 26.8133 0.0116377
  259 258.5 26.9542 0.0116989
  260 259.5 27.0341 0.0117336
  261 260.5 27.1245 0.0117728
  262 261.5 27.2328 0.0118198
  263 262.5 27.2697 0.0118358
  264 263.5 27.3138 0.0118549
  265 264.5 27.3962 0.0118907
  266 265.5 27.4254 0.0119034
  267 266.5 27.4549 0.0119162
  268 267.5 27.4554 0.0119164
  269 268.5 27.5057 0.0119382
  270 269.5 27.498 0.0119349
  271 270.5 27.4888 0.0119309
  272 271.5 27.5167 0.011943
  273 272.5 27.5435 0.0119546
  274 273.5 27.5299 0.0119487
  275 274.5 27.5342 0.0119506
  276 275.5 27.5489 0.011957
  277 276.5 27.5513 0.011958
  278 277.5 27.5344 0.0119507
  279 278.5 27.533 0.0119501
  280 279.5 27.5864 0.0119732
  281 280.5 27.551 0.0119579
  282 281.5 27.554 0.0119592
  283 282.5 27.523 0.0119457
  284 283.5 27.5477 0.0119565
  285 284.5 27.526 0.0119471
  286 285.5 27.5161 0.0119428
  287 286.5 27.5097 0.01194
  288 287.5 27.5509 0.0119579
  289 288.5 27.5354 0.0119511
  290 289.5 27.5372 0.0119519
  291 290.5 27.5561 0.0119601
  292 291.5 27.5523 0.0119585
  293 292.5 27.5675 0.0119651
  294 293.5 27.5659 0.0119643
  295 294.5 27.5667 0.0119647
  296 295.5 27.5875 0.0119737
  297 296.5 27.6096 0.0119833
  298 297.5 27.6158 0.011986
  299 298.5 27.5817 0.0119712
  300 299.5 27.6409 0.0119969
  301 300.5 27.6599 0.0120051
  302 301.5 27.6429 0.0119978
  303 302.5 27.6323 0.0119932
  304 303.5 27.65 0.0120009
  305 304.5 27.6455 0.0119989
  306 305.5 27.6509 0.0120012
  307 306.5 27.6223 0.0119889
  308 307.5 27.6286 0.0119916
  309 308.5 27.6036 0.0119807
  310 309.5 27.6124 0.0119845
  311 310.5 27.591 0.0119752
  312 311.5 27.555 0.0119596
  313 312.5 27.5434 0.0119546
  314 313.5 27.5466 0.011956
  315 314.5 27.5087 0.0119395
  316 315.5 27.5147 0.0119421
  317 316.5 27.498 0.0119349
  318 317.5 27.4811 0.0119276
  319 318.5 27.4628 0.0119196
  320 319.5 27.4463 0.0119125
  321 320.5 27.4668 0.0119213
  322 321.5 27.4586 0.0119178
  323 322.5 27.4318 0.0119062
  324 323.5 27.4611 0.0119189
  325 324.5 27.4581 0.0119176
  326 325.5 27.435 0.0119075
  327 326.5 27.4652 0.0119207
  328 327.5 27.4577 0.0119174
  329 328.5 27.4612 0.0119189
  330 329.5 27.4595 0.0119182
  331 330.5 27.4746 0.0119247
  332 331.5 27.4772 0.0119259
  333 332.5 27.4754 0.0119251
  334 333.5 27.4817 0.0119278
  335 334.5 27.4763 0.0119255
  336 335.5 27.4426 0.0119109
  337 336.5 27.4355 0.0119078
  338 337.5 27.4316 0.0119061
  339 338.5 27.4077 0.0118957
  340 339.5 27.3945 0.01189
  341 340.5 27.4096 0.0118965
  342 341.5 27.4045 0.0118943
  343 342.5 27.4073 0.0118955
  344 343.5 27.4014 0.011893
  345 344.5 27.4003 0.0118925
  346 345.5 27.4145 0.0118987
  347 346.5 27.4205 0.0119013
  348 347.5 27.4666 0.0119213
  349 348.5 27.468 0.0119219
  350 349.5 27.4849 0.0119292
  351 350.5 27.5196 0.0119443
  352 351.5 27.5333 0.0119502
  353 352.5 27.5352 0.011951
  354 353.5 27.5627 0.011963
  355 354.5 27.6096 0.0119833
  356 355.5 27.6101 0.0119835
  357 356.5 27.6242 0.0119896
  358 357.5 27.6654 0.0120076
  359 358.5 27.6874 0.0120171
  360 359.5 27.6845 0.0120158
  361 360.5 27.7236 0.0120328
  362 361.5 27.7492 0.0120439
  363 362.5 27.7607 0.0120489
  364 363.5 27.7872 0.0120604
  365 364.5 27.8003 0.0120661
  366 365.5 27.8275 0.0120779
  367 366.5 27.8361 0.0120816
  368 367.5 27.8439 0.012085
  369 368.5 27.8351 0.0120812
  370 369.5 27.8673 0.0120952
  371 370.5 27.8544 0.0120896
  372 371.5 27.8425 0.0120844
  373 372.5 27.8489 0.0120872
  374 373.5 27.8325 0.0120801
  375 374.5 27.8316 0.0120797
  376 375.5 27.8338 0.0120807
  377 376.5 27.8557 0.0120901
  378 377.5 27.8412 0.0120839
  379 378.5 27.8504 0.0120878
  380 379.5 27.8453 0.0120856
  381 380.5 27.8586 0.0120914
  382 381.5 27.8647 0.0120941
  383 382.5 27.8688 0.0120959
  384 383.5 27.8515 0.0120883
  385 384.5 27.8759 0.0120989
  386 385.5 27.8763 0.0120991
  387 386.5 27.8718 0.0120972
  388 387.5 27.8637 0.0120936
  389 388.5 27.8737 0.0120979
  390 389.5 27.8871 0.0121038
  391 390.5 27.8557 0.0120901
  392 391.5 27.8663 0.0120948
  393 392.5 27.8839 0.0121024
  394 393.5 27.8809 0.0121011
  395 394.5 27.8686 0.0120957
  396 395.5 27.873 0.0120977
  397 396.5 27.8646 0.012094
  398 397.5 27.8448 0.0120854
  399 398.5 27.8357 0.0120815
  400 399.5 27.8264 0.0120774
  401 400.5 27.7918 0.0120624
  402 401.5 27.7804 0.0120575
  403 402.5 27.7605 0.0120488
  404 403.5 27.7371 0.0120387
  405 404.5 27.719 0.0120308
  406 405.5 27.7093 0.0120266
  407 406.5 27.673 0.0120109
  408 407.5 27.6702 0.0120096
  409 408.5 27.6476 0.0119998
  410 409.5 27.6306 0.0119925
  411 410.5 27.6016 0.0119798
  412 411.5 27.5718 0.0119669
  413 412.5 27.5624 0.0119628
  414 413.5 27.5147 0.0119422
  415 414.5 27.4669 0.0119214
  416 415.5 27.4611 0.0119189
  417 416.5 27.4198 0.0119009
  418 417.5 27.3631 0.0118763
  419 418.5 27.295 0.0118468
  420 419.5 27.2493 0.011827
  421 420.5 27.1809 0.0117973
  422 421.5 27.1184 0.0117701
  423 422.5 26.9997 0.0117186
  424 423.5 26.8683 0.0116616
  425 424.5 26.761 0.011615
  426 425.5 26.5749 0.0115343
  427 426.5 26.3735 0.0114468
  428 427.5 26.1414 0.0113461
  429 428.5 25.8626 0.0112251
  430 429.5 25.5569 0.0110924
  431 430.5 25.1926 0.0109343
  432 431.5 24.7676 0.0107498
  433 432.5 24.2933 0.010544
  434 433.5 23.7772 0.01032
  435 434.5 23.1971 0.0100682
  436 435.5 22.5421 0.00978389
  437 436.5 21.8147 0.00946817
  438 437.5 21.0453 0.00913423
  439 438.5 20.1963 0.00876574
  440 439.5 19.2939 0.00837411
  441 440.5 18.3753 0.00797541
  442 441.5 17.4535 0.00757531
  443 442.5 16.483 0.00715409
  444 443.5 15.5146 0.00673375
  445 444.5 14.5803 0.00632824
  446 445.5 13.6714 0.00593378
  447 446.5 12.7852 0.00554912
  448 447.5 11.9694 0.00519504
  449 448.5 11.2085 0.00486481
  450 449.5 10.4765 0.0045471
  451 450.5 9.80982 0.00425774
  452 451.5 9.25638 0.00401753
  453 452.5 8.71659 0.00378324
  454 453.5 8.23883 0.00357588
  455 454.5 7.81912 0.00339372
  456 455.5 7.44971 0.00323338
  457 456.5 7.10105 0.00308205
  458 457.5 6.77828 0.00294196
  459 458.5 6.50216 0.00282212
  460 459.5 6.22467 0.00270168
  461 460.5 5.96385 0.00258848
  462 461.5 5.69926 0.00247364
  463 462.5 5.46633 0.00237254
  464 463.5 5.21047 0.00226149
  465 464.5 4.97361 0.00215869
  466 465.5 4.7412 0.00205781
  467 466.5 4.5078 0.00195651
  468 467.5 4.28389 0.00185933
  469 468.5 4.0573 0.00176098
  470 469.5 3.8369 0.00166532
  471 470.5 3.61769 0.00157018
  472 471.5 3.41769 0.00148337
  473 472.5 3.21575 0.00139573
  474 473.5 3.01935 0.00131048
  475 474.5 2.83332 0.00122974
  476 475.5 2.65739 0.00115338
  477 476.5 2.50066 0.00108536
  478 477.5 2.34642 0.00101841
  479 478.5 2.18998 0.00095051
  480 479.5 2.06541 0.000896446
  481 480.5 1.94999 0.000846348
  482 481.5 1.84625 0.000801323
  483 482.5 1.75821 0.000763114
  484 483.5 1.68371 0.000730777
  485 484.5 1.61376 0.000700415
  486 485.5 1.552 0.000673611
  487 486.5 1.50392 0.000652742
  488 487.5 1.46419 0.000635498
  489 488.5 1.42838 0.000619958
  490 489.5 1.40034 0.000607787
  491 490.5 1.37539 0.000596957
  492 491.5 1.36014 0.000590337
  493 492.5 1.34565 0.000584048
  494 493.5 1.32959 0.000577079
  495 494.5 1.31502 0.000570755
  496 495.5 1.31456 0.000570557
  497 496.5 1.30879 0.000568053
  498 497.5 1.29859 0.000563623
  499 498.5 1.30157 0.000564916
  500 499.5 1.29074 0.000560216
  501 500.5 1.28731 0.000558727
  502 501.5 1.28424 0.000557394
  503 502.5 1.28421 0.000557385
  504 503.5 1.28051 0.000555778
  505 504.5 1.28147 0.000556195
  506 505.5 1.27778 0.00055459
  507 506.5 1.27973 0.000555439
  508 507.5 1.28465 0.000557572
  509 508.5 1.28351 0.00055708
  510 509.5 1.28059 0.000555811
  511 510.5 1.27169 0.000551948
  512 511.5 1.26649 0.00054969
  513 512.5 1.2697 0.000551086
  514 513.5 1.27381 0.000552868
  515 514.5 1.27417 0.000553026
  516 515.5 1.26987 0.000551157
  517 516.5 1.27286 0.000552458
  518 517.5 1.27426 0.000553062
  519 518.5 1.27555 0.000553622
  520 519.5 1.27756 0.000554498
  521 520.5 1.2757 0.000553689
  522 521.5 1.26881 0.000550701
  523 522.5 1.27729 0.000554378
  524 523.5 1.27545 0.00055358
  525 524.5 1.27179 0.000551993
  526 525.5 1.27487 0.000553329
  527 526.5 1.26966 0.000551068
  528 527.5 1.27413 0.000553007
  529 528.5 1.27629 0.000553947
  530 529.5 1.28002 0.000555565
  531 530.5 1.27342 0.0005527
  532 531.5 1.27173 0.000551966
  533 532.5 1.27999 0.00055555
  534 533.5 1.28188 0.000556372
  535 534.5 1.27765 0.000554536
  536 535.5 1.27664 0.000554096
  537 536.5 1.28179 0.000556333
  538 537.5 1.28393 0.000557263
  539 538.5 1.28552 0.000557953
  540 539.5 1.28527 0.000557841
  541 540.5 1.28541 0.000557904
  542 541.5 1.28366 0.000557143
  543 542.5 1.2812 0.000556075
  544 543.5 1.28094 0.000555965
  545 544.5 1.28152 0.000556214
  546 545.5 1.28551 0.000557947
  547 546.5 1.282 0.000556423
  548 547.5 1.27667 0.00055411
  549 548.5 1.28035 0.000555707
  550 549.5 1.28241 0.0005566
  551 550.5 1.27352 0.000552743
  552 551.5 1.27661 0.000554085
  553 552.5 1.2756 0.000553645
  554 553.5 1.27492 0.000553351
  555 554.5 1.2765 0.000554037
  556 555.5 1.27804 0.000554705
  557 556.5 1.27793 0.000554656
  558 557.5 1.27762 0.000554523
  559 558.5 1.27903 0.000555133
  560 559.5 1.285 0.000557727
  561 560.5 1.28807 0.00055906
  562 561.5 1.28916 0.000559531
  563 562.5 1.28778 0.000558931
  564 563.5 1.29102 0.000560338
  565 564.5 1.29163 0.000560604
  566 565.5 1.2961 0.000562543
  567 566.5 1.29755 0.000563171
  568 567.5 1.29568 0.00056236
  569 568.5 1.29217 0.000560836
  570 569.5 1.28865 0.00055931
  571 570.5 1.2859 0.000558117
  572 571.5 1.29083 0.000560257
  573 572.5 1.29236 0.000560919
  574 573.5 1.28829 0.000559154
  575 574.5 1.28485 0.000557658
  576 575.5 1.28063 0.000555829
  577 576.5 1.28917 0.000559537
  578 577.5 1.29265 0.000561044
  579 578.5 1.29015 0.000559959
  580 579.5 1.2862 0.000558245
  581 580.5 1.28401 0.000557295
  582 581.5 1.28725 0.000558701
  583 582.5 1.29113 0.000560384
  584 583.5 1.28805 0.000559051
  585 584.5 1.28225 0.000556534
  586 585.5 1.28495 0.000557702
  587 586.5 1.28096 0.000555973
  588 587.5 1.28609 0.0005582
  589 588.5 1.29471 0.000561939
  590 589.5 1.28613 0.000558218
  591 590.5 1.29411 0.000561679
  592 591.5 1.2971 0.000562977
  593 592.5 1.29931 0.000563935
  594 593.5 1.29113 0.000560384
  595 594.5 1.28969 0.000559761
  596 595.5 1.28856 0.000559269
  597 596.5 1.28827 0.000559145
  598 597.5 1.28215 0.000556489
  599 598.5 1.28088 0.000555938
  600 599.5 1.27703 0.000554267
  601 600.5 1.2816 0.00055625
  602 601.5 1.28052 0.000555781
  603 602.5 1.28072 0.000555867
  604 603.5 1.27503 0.000553399
  605 604.5 1.27535 0.000553536
  606 605.5 1.27809 0.000554726
  607 606.5 1.27654 0.000554054
  608 607.5 1.27061 0.000551478
  609 608.5 1.2714 0.000551825
  610 609.5 1.26679 0.000549822
  611 610.5 1.2677 0.000550217
  612 611.5 1.27184 0.000552016
  613 612.5 1.26663 0.000549751
  614 613.5 1.26713 0.000549971
  615 614.5 1.27183 0.000552009
  616 615.5 1.27007 0.000551245
  617 616.5 1.27723 0.000554355
  618 617.5 1.28054 0.000555791
  619 618.5 1.27376 0.000552845
  620 619.5 1.2778 0.000554602
  621 620.5 1.27501 0.000553391
  622 621.5 1.28171 0.000556296
  623 622.5 1.28346 0.000557058
  624 623.5 1.28622 0.000558257
