# Chunk-averaged data for fix tensor3 and group c2
# Timestep Number-of-chunks Total-count
# Chunk Coord1 Ncount density/number
20000000 480 5970.000000000008
  1 0.5 0.369866 0.000160532
  2 1.5 0.371798 0.000161371
  3 2.5 0.373704 0.000162198
  4 3.5 0.373652 0.000162175
  5 4.5 0.371552 0.000161264
  6 5.5 0.364308 0.00015812
  7 6.5 0.361668 0.000156974
  8 7.5 0.362478 0.000157326
  9 8.5 0.36012 0.000156302
  10 9.5 0.359044 0.000155835
  11 10.5 0.362528 0.000157347
  12 11.5 0.36633 0.000158997
  13 12.5 0.365528 0.000158649
  14 13.5 0.365198 0.000158506
  15 14.5 0.36134 0.000156832
  16 15.5 0.36142 0.000156866
  17 16.5 0.362066 0.000157147
  18 17.5 0.36246 0.000157318
  19 18.5 0.365476 0.000158627
  20 19.5 0.364412 0.000158165
  21 20.5 0.36424 0.00015809
  22 21.5 0.366726 0.000159169
  23 22.5 0.360864 0.000156625
  24 23.5 0.363068 0.000157582
  25 24.5 0.362218 0.000157213
  26 25.5 0.3611 0.000156727
  27 26.5 0.36338 0.000157717
  28 27.5 0.368366 0.000159881
  29 28.5 0.369248 0.000160264
  30 29.5 0.368594 0.00015998
  31 30.5 0.36934 0.000160304
  32 31.5 0.368254 0.000159832
  33 32.5 0.370558 0.000160832
  34 33.5 0.37399 0.000162322
  35 34.5 0.36855 0.000159961
  36 35.5 0.369658 0.000160442
  37 36.5 0.372538 0.000161692
  38 37.5 0.376928 0.000163597
  39 38.5 0.380642 0.000165209
  40 39.5 0.373742 0.000162214
  41 40.5 0.377434 0.000163817
  42 41.5 0.38154 0.000165599
  43 42.5 0.383064 0.00016626
  44 43.5 0.38091 0.000165326
  45 44.5 0.386996 0.000167967
  46 45.5 0.390386 0.000169438
  47 46.5 0.391986 0.000170133
  48 47.5 0.39133 0.000169848
  49 48.5 0.391426 0.00016989
  50 49.5 0.399492 0.000173391
  51 50.5 0.403292 0.00017504
  52 51.5 0.406378 0.000176379
  53 52.5 0.405284 0.000175905
  54 53.5 0.4084 0.000177257
  55 54.5 0.41368 0.000179549
  56 55.5 0.413378 0.000179418
  57 56.5 0.414764 0.000180019
  58 57.5 0.422524 0.000183387
  59 58.5 0.427558 0.000185572
  60 59.5 0.431194 0.00018715
  61 60.5 0.439716 0.000190849
  62 61.5 0.441512 0.000191628
  63 62.5 0.440278 0.000191093
  64 63.5 0.440846 0.000191339
  65 64.5 0.45204 0.000196198
  66 65.5 0.461758 0.000200416
  67 66.5 0.4691 0.000203602
  68 67.5 0.474114 0.000205779
  69 68.5 0.484354 0.000210223
  70 69.5 0.488374 0.000211968
  71 70.5 0.49707 0.000215742
  72 71.5 0.508034 0.000220501
  73 72.5 0.514078 0.000223124
  74 73.5 0.519242 0.000225365
  75 74.5 0.5281 0.00022921
  76 75.5 0.534464 0.000231972
  77 76.5 0.541276 0.000234929
  78 77.5 0.549042 0.000238299
  79 78.5 0.55394 0.000240425
  80 79.5 0.565744 0.000245549
  81 80.5 0.572242 0.000248369
  82 81.5 0.577106 0.00025048
  83 82.5 0.583654 0.000253322
  84 83.5 0.597948 0.000259526
  85 84.5 0.609284 0.000264446
  86 85.5 0.616626 0.000267633
  87 86.5 0.619522 0.00026889
  88 87.5 0.626264 0.000271816
  89 88.5 0.632752 0.000274632
  90 89.5 0.642684 0.000278943
  91 90.5 0.650674 0.000282411
  92 91.5 0.65663 0.000284996
  93 92.5 0.655808 0.000284639
  94 93.5 0.664246 0.000288301
  95 94.5 0.675114 0.000293018
  96 95.5 0.678282 0.000294393
  97 96.5 0.682114 0.000296056
  98 97.5 0.687746 0.000298501
  99 98.5 0.689966 0.000299464
  100 99.5 0.694892 0.000301602
  101 100.5 0.690084 0.000299516
  102 101.5 0.69505 0.000301671
  103 102.5 0.702354 0.000304841
  104 103.5 0.708728 0.000307608
  105 104.5 0.709414 0.000307905
  106 105.5 0.719016 0.000312073
  107 106.5 0.722036 0.000313384
  108 107.5 0.724022 0.000314246
  109 108.5 0.728034 0.000315987
  110 109.5 0.732144 0.000317771
  111 110.5 0.743258 0.000322595
  112 111.5 0.745022 0.00032336
  113 112.5 0.739464 0.000320948
  114 113.5 0.74013 0.000321237
  115 114.5 0.735262 0.000319124
  116 115.5 0.73837 0.000320473
  117 116.5 0.740786 0.000321522
  118 117.5 0.742528 0.000322278
  119 118.5 0.740628 0.000321453
  120 119.5 0.743452 0.000322679
  121 120.5 0.74897 0.000325074
  122 121.5 0.75817 0.000329067
  123 122.5 0.75551 0.000327912
  124 123.5 0.757662 0.000328846
  125 124.5 0.754534 0.000327489
  126 125.5 0.75285 0.000326758
  127 126.5 0.751454 0.000326152
  128 127.5 0.751158 0.000326023
  129 128.5 0.748532 0.000324884
  130 129.5 0.747816 0.000324573
  131 130.5 0.752426 0.000326574
  132 131.5 0.747702 0.000324523
  133 132.5 0.739182 0.000320826
  134 133.5 0.741648 0.000321896
  135 134.5 0.73951 0.000320968
  136 135.5 0.744472 0.000323122
  137 136.5 0.75553 0.000327921
  138 137.5 0.753076 0.000326856
  139 138.5 0.764242 0.000331702
  140 139.5 0.763858 0.000331536
  141 140.5 0.76522 0.000332127
  142 141.5 0.761362 0.000330452
  143 142.5 0.758552 0.000329233
  144 143.5 0.763916 0.000331561
  145 144.5 0.76523 0.000332131
  146 145.5 0.765254 0.000332141
  147 146.5 0.762126 0.000330784
  148 147.5 0.754754 0.000327584
  149 148.5 0.759026 0.000329438
  150 149.5 0.76148 0.000330503
  151 150.5 0.759816 0.000329781
  152 151.5 0.760978 0.000330286
  153 152.5 0.760822 0.000330218
  154 153.5 0.761796 0.000330641
  155 154.5 0.760252 0.00032997
  156 155.5 0.761374 0.000330457
  157 156.5 0.763566 0.000331409
  158 157.5 0.769046 0.000333787
  159 158.5 0.771332 0.00033478
  160 159.5 0.782668 0.0003397
  161 160.5 0.794446 0.000344812
  162 161.5 0.807984 0.000350687
  163 162.5 0.82362 0.000357474
  164 163.5 0.872298 0.000378602
  165 164.5 0.943784 0.000409628
  166 165.5 1.08004 0.000468769
  167 166.5 1.3149 0.000570702
  168 167.5 1.6924 0.00073455
  169 168.5 2.31318 0.00100399
  170 169.5 3.26414 0.00141673
  171 170.5 4.63242 0.0020106
  172 171.5 6.53593 0.00283678
  173 172.5 8.97548 0.00389561
  174 173.5 11.8763 0.00515463
  175 174.5 15.1872 0.00659167
  176 175.5 18.7497 0.00813791
  177 176.5 22.2571 0.00966018
  178 177.5 25.4609 0.0110507
  179 178.5 28.3148 0.0122894
  180 179.5 30.5968 0.0132799
  181 180.5 32.3569 0.0140438
  182 181.5 33.6026 0.0145845
  183 182.5 34.4587 0.014956
  184 183.5 35.0527 0.0152138
  185 184.5 35.4972 0.0154068
  186 185.5 35.7055 0.0154972
  187 186.5 35.9158 0.0155884
  188 187.5 36.026 0.0156363
  189 188.5 36.1441 0.0156875
  190 189.5 36.1977 0.0157108
  191 190.5 36.2136 0.0157177
  192 191.5 36.2724 0.0157432
  193 192.5 36.3017 0.0157559
  194 193.5 36.2425 0.0157303
  195 194.5 36.3292 0.0157679
  196 195.5 36.3324 0.0157693
  197 196.5 36.2747 0.0157442
  198 197.5 36.2747 0.0157442
  199 198.5 36.3397 0.0157724
  200 199.5 36.3198 0.0157638
  201 200.5 36.289 0.0157504
  202 201.5 36.3164 0.0157623
  203 202.5 36.3826 0.0157911
  204 203.5 36.3033 0.0157566
  205 204.5 36.3109 0.0157599
  206 205.5 36.3798 0.0157898
  207 206.5 36.3155 0.0157619
  208 207.5 36.356 0.0157795
  209 208.5 36.3165 0.0157624
  210 209.5 36.3705 0.0157858
  211 210.5 36.3072 0.0157583
  212 211.5 36.3136 0.0157611
  213 212.5 36.3072 0.0157583
  214 213.5 36.3162 0.0157622
  215 214.5 36.3145 0.0157615
  216 215.5 36.2967 0.0157538
  217 216.5 36.3103 0.0157597
  218 217.5 36.3052 0.0157575
  219 218.5 36.2778 0.0157456
  220 219.5 36.2949 0.015753
  221 220.5 36.3084 0.0157588
  222 221.5 36.2612 0.0157384
  223 222.5 36.3055 0.0157576
  224 223.5 36.3003 0.0157553
  225 224.5 36.2821 0.0157474
  226 225.5 36.2973 0.015754
  227 226.5 36.2882 0.0157501
  228 227.5 36.3128 0.0157608
  229 228.5 36.2908 0.0157512
  230 229.5 36.2664 0.0157406
  231 230.5 36.3 0.0157552
  232 231.5 36.3035 0.0157567
  233 232.5 36.2714 0.0157428
  234 233.5 36.2941 0.0157527
  235 234.5 36.3263 0.0157666
  236 235.5 36.274 0.0157439
  237 236.5 36.3134 0.015761
  238 237.5 36.2913 0.0157514
  239 238.5 36.2915 0.0157515
  240 239.5 36.2864 0.0157493
  241 240.5 36.2963 0.0157536
  242 241.5 36.3124 0.0157606
  243 242.5 36.2801 0.0157466
  244 243.5 36.2992 0.0157549
  245 244.5 36.3006 0.0157555
  246 245.5 36.2934 0.0157523
  247 246.5 36.2948 0.0157529
  248 247.5 36.3114 0.0157602
  249 248.5 36.2888 0.0157503
  250 249.5 36.285 0.0157487
  251 250.5 36.3082 0.0157588
  252 251.5 36.3125 0.0157606
  253 252.5 36.2629 0.0157391
  254 253.5 36.2622 0.0157388
  255 254.5 36.3161 0.0157622
  256 255.5 36.2602 0.0157379
  257 256.5 36.2807 0.0157468
  258 257.5 36.2827 0.0157477
  259 258.5 36.3002 0.0157553
  260 259.5 36.2905 0.0157511
  261 260.5 36.2857 0.015749
  262 261.5 36.2613 0.0157384
  263 262.5 36.3175 0.0157628
  264 263.5 36.2918 0.0157517
  265 264.5 36.2787 0.015746
  266 265.5 36.2651 0.01574
  267 266.5 36.2746 0.0157442
  268 267.5 36.2765 0.015745
  269 268.5 36.2589 0.0157374
  270 269.5 36.2492 0.0157332
  271 270.5 36.303 0.0157565
  272 271.5 36.2533 0.0157349
  273 272.5 36.2547 0.0157355
  274 273.5 36.27 0.0157422
  275 274.5 36.2824 0.0157476
  276 275.5 36.2763 0.0157449
  277 276.5 36.2446 0.0157312
  278 277.5 36.311 0.01576
  279 278.5 36.2656 0.0157403
  280 279.5 36.2589 0.0157373
  281 280.5 36.2693 0.0157419
  282 281.5 36.2964 0.0157537
  283 282.5 36.2612 0.0157384
  284 283.5 36.2574 0.0157367
  285 284.5 36.2964 0.0157536
  286 285.5 36.2883 0.0157501
  287 286.5 36.2901 0.0157509
  288 287.5 36.2788 0.015746
  289 288.5 36.2967 0.0157538
  290 289.5 36.253 0.0157348
  291 290.5 36.2657 0.0157403
  292 291.5 36.2476 0.0157325
  293 292.5 36.2842 0.0157484
  294 293.5 36.2082 0.0157154
  295 294.5 36.2333 0.0157262
  296 295.5 36.2754 0.0157445
  297 296.5 36.2294 0.0157246
  298 297.5 36.2241 0.0157223
  299 298.5 36.2648 0.0157399
  300 299.5 36.248 0.0157326
  301 300.5 36.2227 0.0157217
  302 301.5 36.24 0.0157292
  303 302.5 36.2667 0.0157408
  304 303.5 36.2137 0.0157178
  305 304.5 36.2312 0.0157253
  306 305.5 36.2526 0.0157347
  307 306.5 36.2301 0.0157249
  308 307.5 36.2336 0.0157264
  309 308.5 36.2718 0.015743
  310 309.5 36.2375 0.0157281
  311 310.5 36.2409 0.0157296
  312 311.5 36.2653 0.0157401
  313 312.5 36.2855 0.0157489
  314 313.5 36.2198 0.0157204
  315 314.5 36.2691 0.0157418
  316 315.5 36.2971 0.0157539
  317 316.5 36.2165 0.015719
  318 317.5 36.2267 0.0157234
  319 318.5 36.2612 0.0157384
  320 319.5 36.1984 0.0157111
  321 320.5 36.1335 0.0156829
  322 321.5 36.1368 0.0156844
  323 322.5 36.0665 0.0156539
  324 323.5 35.9721 0.0156129
  325 324.5 35.8201 0.0155469
  326 325.5 35.6257 0.0154625
  327 326.5 35.303 0.0153225
  328 327.5 34.8168 0.0151115
  329 328.5 34.1006 0.0148006
  330 329.5 33.0895 0.0143618
  331 330.5 31.6302 0.0137284
  332 331.5 29.7077 0.012894
  333 332.5 27.3142 0.0118551
  334 333.5 24.4529 0.0106132
  335 334.5 21.1738 0.00919
  336 335.5 17.7491 0.0077036
  337 336.5 14.328 0.00621876
  338 337.5 11.0611 0.00480083
  339 338.5 8.1827 0.00355152
  340 339.5 5.86367 0.00254499
  341 340.5 4.10316 0.00178089
  342 341.5 2.83252 0.00122939
  343 342.5 2.01727 0.000875549
  344 343.5 1.50934 0.000655095
  345 344.5 1.20192 0.000521666
  346 345.5 1.01551 0.000440759
  347 346.5 0.919816 0.000399226
  348 347.5 0.854052 0.000370682
  349 348.5 0.822862 0.000357145
  350 349.5 0.805052 0.000349415
  351 350.5 0.785676 0.000341005
  352 351.5 0.768852 0.000333703
  353 352.5 0.767192 0.000332983
  354 353.5 0.756022 0.000328135
  355 354.5 0.749912 0.000325483
  356 355.5 0.748392 0.000324823
  357 356.5 0.745558 0.000323593
  358 357.5 0.747552 0.000324458
  359 358.5 0.751638 0.000326232
  360 359.5 0.751458 0.000326154
  361 360.5 0.749124 0.000325141
  362 361.5 0.749294 0.000325214
  363 362.5 0.75046 0.00032572
  364 363.5 0.751626 0.000326227
  365 364.5 0.741318 0.000321753
  366 365.5 0.732308 0.000317842
  367 366.5 0.731636 0.00031755
  368 367.5 0.728448 0.000316167
  369 368.5 0.723052 0.000313825
  370 369.5 0.716422 0.000310947
  371 370.5 0.717524 0.000311425
  372 371.5 0.718472 0.000311837
  373 372.5 0.709932 0.00030813
  374 373.5 0.701916 0.000304651
  375 374.5 0.695162 0.00030172
  376 375.5 0.694488 0.000301427
  377 376.5 0.687122 0.00029823
  378 377.5 0.673796 0.000292446
  379 378.5 0.668128 0.000289986
  380 379.5 0.663238 0.000287864
  381 380.5 0.65621 0.000284813
  382 381.5 0.654066 0.000283883
  383 382.5 0.655558 0.00028453
  384 383.5 0.64922 0.00028178
  385 384.5 0.643636 0.000279356
  386 385.5 0.63695 0.000276454
  387 386.5 0.63519 0.00027569
  388 387.5 0.625992 0.000271698
  389 388.5 0.61379 0.000266402
  390 389.5 0.598626 0.00025982
  391 390.5 0.598882 0.000259931
  392 391.5 0.592684 0.000257241
  393 392.5 0.588488 0.00025542
  394 393.5 0.57485 0.000249501
  395 394.5 0.568252 0.000246637
  396 395.5 0.560712 0.000243365
  397 396.5 0.552552 0.000239823
  398 397.5 0.548094 0.000237888
  399 398.5 0.540514 0.000234598
  400 399.5 0.53739 0.000233242
  401 400.5 0.53767 0.000233364
  402 401.5 0.52498 0.000227856
  403 402.5 0.518732 0.000225144
  404 403.5 0.513118 0.000222707
  405 404.5 0.507188 0.000220134
  406 405.5 0.49995 0.000216992
  407 406.5 0.489382 0.000212405
  408 407.5 0.482188 0.000209283
  409 408.5 0.473428 0.000205481
  410 409.5 0.459782 0.000199558
  411 410.5 0.460748 0.000199977
  412 411.5 0.454946 0.000197459
  413 412.5 0.448814 0.000194798
  414 413.5 0.446154 0.000193643
  415 414.5 0.439738 0.000190859
  416 415.5 0.427282 0.000185452
  417 416.5 0.41877 0.000181758
  418 417.5 0.41475 0.000180013
  419 418.5 0.406818 0.00017657
  420 419.5 0.398938 0.00017315
  421 420.5 0.394512 0.000171229
  422 421.5 0.393732 0.000170891
  423 422.5 0.385842 0.000167466
  424 423.5 0.381826 0.000165723
  425 424.5 0.37987 0.000164874
  426 425.5 0.375022 0.00016277
  427 426.5 0.374356 0.000162481
  428 427.5 0.375414 0.00016294
  429 428.5 0.370666 0.000160879
  430 429.5 0.365494 0.000158635
  431 430.5 0.366084 0.000158891
  432 431.5 0.366082 0.00015889
  433 432.5 0.368328 0.000159865
  434 433.5 0.362816 0.000157472
  435 434.5 0.367556 0.00015953
  436 435.5 0.364822 0.000158343
  437 436.5 0.362394 0.000157289
  438 437.5 0.368104 0.000159767
  439 438.5 0.360286 0.000156374
  440 439.5 0.362436 0.000157307
  441 440.5 0.362394 0.000157289
  442 441.5 0.362868 0.000157495
  443 442.5 0.359532 0.000156047
  444 443.5 0.362676 0.000157411
  445 444.5 0.361258 0.000156796
  446 445.5 0.35911 0.000155864
  447 446.5 0.358242 0.000155487
  448 447.5 0.351728 0.00015266
  449 448.5 0.353436 0.000153401
  450 449.5 0.357264 0.000155063
  451 450.5 0.355178 0.000154157
  452 451.5 0.360124 0.000156304
  453 452.5 0.357958 0.000155364
  454 453.5 0.35502 0.000154089
  455 454.5 0.352776 0.000153115
  456 455.5 0.354116 0.000153696
  457 456.5 0.353718 0.000153523
  458 457.5 0.356324 0.000154655
  459 458.5 0.35763 0.000155221
  460 459.5 0.36053 0.00015648
  461 460.5 0.360292 0.000156377
  462 461.5 0.36009 0.000156289
  463 462.5 0.356796 0.000154859
  464 463.5 0.3582 0.000155469
  465 464.5 0.356916 0.000154911
  466 465.5 0.360722 0.000156563
  467 466.5 0.361278 0.000156805
  468 467.5 0.359198 0.000155902
  469 468.5 0.363514 0.000157775
  470 469.5 0.363318 0.00015769
  471 470.5 0.36335 0.000157704
  472 471.5 0.363338 0.000157699
  473 472.5 0.365198 0.000158506
  474 473.5 0.366728 0.00015917
  475 474.5 0.365938 0.000158827
  476 475.5 0.363744 0.000157875
  477 476.5 0.360644 0.00015653
  478 477.5 0.363312 0.000157688
  479 478.5 0.364232 0.000158087
  480 479.5 0.368152 0.000159788
30000000 480 5970.000000000001
  1 0.5 0.373962 0.00016231
  2 1.5 0.374444 0.000162519
  3 2.5 0.372472 0.000161663
  4 3.5 0.374688 0.000162625
  5 4.5 0.37222 0.000161554
  6 5.5 0.377118 0.00016368
  7 6.5 0.37077 0.000160924
  8 7.5 0.374086 0.000162364
  9 8.5 0.372552 0.000161698
  10 9.5 0.370664 0.000160878
  11 10.5 0.371894 0.000161412
  12 11.5 0.3779 0.000164019
  13 12.5 0.378882 0.000164445
  14 13.5 0.381094 0.000165405
  15 14.5 0.382276 0.000165918
  16 15.5 0.382578 0.000166049
  17 16.5 0.381866 0.00016574
  18 17.5 0.381834 0.000165727
  19 18.5 0.379722 0.00016481
  20 19.5 0.379324 0.000164637
  21 20.5 0.380076 0.000164964
  22 21.5 0.376584 0.000163448
  23 22.5 0.372424 0.000161642
  24 23.5 0.37297 0.000161879
  25 24.5 0.370844 0.000160957
  26 25.5 0.373068 0.000161922
  27 26.5 0.373468 0.000162095
  28 27.5 0.374294 0.000162454
  29 28.5 0.373384 0.000162059
  30 29.5 0.373438 0.000162082
  31 30.5 0.374326 0.000162468
  32 31.5 0.37675 0.00016352
  33 32.5 0.3732 0.000161979
  34 33.5 0.371762 0.000161355
  35 34.5 0.373912 0.000162288
  36 35.5 0.37586 0.000163134
  37 36.5 0.37432 0.000162465
  38 37.5 0.37235 0.00016161
  39 38.5 0.373644 0.000162172
  40 39.5 0.376964 0.000163613
  41 40.5 0.374086 0.000162364
  42 41.5 0.374216 0.00016242
  43 42.5 0.37587 0.000163138
  44 43.5 0.37993 0.0001649
  45 44.5 0.378922 0.000164463
  46 45.5 0.379938 0.000164904
  47 46.5 0.38504 0.000167118
  48 47.5 0.38903 0.00016885
  49 48.5 0.386658 0.00016782
  50 49.5 0.385508 0.000167321
  51 50.5 0.386614 0.000167801
  52 51.5 0.391518 0.00016993
  53 52.5 0.395208 0.000171531
  54 53.5 0.400654 0.000173895
  55 54.5 0.403382 0.000175079
  56 55.5 0.409514 0.00017774
  57 56.5 0.41225 0.000178928
  58 57.5 0.412448 0.000179014
  59 58.5 0.407294 0.000176777
  60 59.5 0.414024 0.000179698
  61 60.5 0.41766 0.000181276
  62 61.5 0.423412 0.000183773
  63 62.5 0.427126 0.000185385
  64 63.5 0.430896 0.000187021
  65 64.5 0.43134 0.000187214
  66 65.5 0.435902 0.000189194
  67 66.5 0.444322 0.000192848
  68 67.5 0.449518 0.000195103
  69 68.5 0.457652 0.000198634
  70 69.5 0.464638 0.000201666
  71 70.5 0.469426 0.000203744
  72 71.5 0.47002 0.000204002
  73 72.5 0.480286 0.000208457
  74 73.5 0.485438 0.000210694
  75 74.5 0.495156 0.000214911
  76 75.5 0.500122 0.000217067
  77 76.5 0.509266 0.000221036
  78 77.5 0.510916 0.000221752
  79 78.5 0.522442 0.000226754
  80 79.5 0.53086 0.000230408
  81 80.5 0.538334 0.000233652
  82 81.5 0.550286 0.000238839
  83 82.5 0.557144 0.000241816
  84 83.5 0.563714 0.000244668
  85 84.5 0.575632 0.00024984
  86 85.5 0.578906 0.000251261
  87 86.5 0.589902 0.000256034
  88 87.5 0.603584 0.000261972
  89 88.5 0.605976 0.00026301
  90 89.5 0.614754 0.00026682
  91 90.5 0.624138 0.000270893
  92 91.5 0.632444 0.000274498
  93 92.5 0.642644 0.000278925
  94 93.5 0.647288 0.000280941
  95 94.5 0.653608 0.000283684
  96 95.5 0.66282 0.000287682
  97 96.5 0.669512 0.000290587
  98 97.5 0.669084 0.000290401
  99 98.5 0.677038 0.000293853
  100 99.5 0.679738 0.000295025
  101 100.5 0.689896 0.000299434
  102 101.5 0.695562 0.000301893
  103 102.5 0.7034 0.000305295
  104 103.5 0.70174 0.000304575
  105 104.5 0.708054 0.000307315
  106 105.5 0.710478 0.000308367
  107 106.5 0.721666 0.000313223
  108 107.5 0.719186 0.000312147
  109 108.5 0.716438 0.000310954
  110 109.5 0.712462 0.000309228
  111 110.5 0.71297 0.000309449
  112 111.5 0.706798 0.00030677
  113 112.5 0.716922 0.000311164
  114 113.5 0.722836 0.000313731
  115 114.5 0.728854 0.000316343
  116 115.5 0.729864 0.000316781
  117 116.5 0.7293 0.000316536
  118 117.5 0.737418 0.00032006
  119 118.5 0.737526 0.000320107
  120 119.5 0.73503 0.000319023
  121 120.5 0.736474 0.00031965
  122 121.5 0.731538 0.000317508
  123 122.5 0.732842 0.000318074
  124 123.5 0.734878 0.000318957
  125 124.5 0.731162 0.000317345
  126 125.5 0.726228 0.000315203
  127 126.5 0.723826 0.000314161
  128 127.5 0.724742 0.000314558
  129 128.5 0.720528 0.000312729
  130 129.5 0.72118 0.000313012
  131 130.5 0.723232 0.000313903
  132 131.5 0.717714 0.000311508
  133 132.5 0.722366 0.000313527
  134 133.5 0.727532 0.000315769
  135 134.5 0.727356 0.000315693
  136 135.5 0.728244 0.000316078
  137 136.5 0.729758 0.000316735
  138 137.5 0.730932 0.000317245
  139 138.5 0.729174 0.000316482
  140 139.5 0.735162 0.000319081
  141 140.5 0.736214 0.000319537
  142 141.5 0.737932 0.000320283
  143 142.5 0.735638 0.000319287
  144 143.5 0.736738 0.000319765
  145 144.5 0.738152 0.000320378
  146 145.5 0.738984 0.00032074
  147 146.5 0.747406 0.000324395
  148 147.5 0.7439 0.000322873
  149 148.5 0.742574 0.000322298
  150 149.5 0.745196 0.000323436
  151 150.5 0.746916 0.000324182
  152 151.5 0.748698 0.000324956
  153 152.5 0.750372 0.000325682
  154 153.5 0.748868 0.00032503
  155 154.5 0.747084 0.000324255
  156 155.5 0.7467 0.000324089
  157 156.5 0.748388 0.000324821
  158 157.5 0.748544 0.000324889
  159 158.5 0.757016 0.000328566
  160 159.5 0.75807 0.000329023
  161 160.5 0.766824 0.000332823
  162 161.5 0.775746 0.000336695
  163 162.5 0.796664 0.000345774
  164 163.5 0.816964 0.000354585
  165 164.5 0.861464 0.000373899
  166 165.5 0.94116 0.00040849
  167 166.5 1.06265 0.00046122
  168 167.5 1.28421 0.000557383
  169 168.5 1.66156 0.000721165
  170 169.5 2.26697 0.000983927
  171 170.5 3.21204 0.00139412
  172 171.5 4.60363 0.00199811
  173 172.5 6.57825 0.00285514
  174 173.5 9.09776 0.00394868
  175 174.5 12.1867 0.00528938
  176 175.5 15.6514 0.00679312
  177 176.5 19.3448 0.0083962
  178 177.5 22.9158 0.00994609
  179 178.5 26.1403 0.0113456
  180 179.5 28.9204 0.0125523
  181 180.5 31.1391 0.0135152
  182 181.5 32.7113 0.0141976
  183 182.5 33.8365 0.014686
  184 183.5 34.6973 0.0150596
  185 184.5 35.2417 0.0152959
  186 185.5 35.5511 0.0154301
  187 186.5 35.7884 0.0155331
  188 187.5 35.987 0.0156194
  189 188.5 36.1142 0.0156746
  190 189.5 36.0952 0.0156663
  191 190.5 36.1939 0.0157092
  192 191.5 36.2356 0.0157273
  193 192.5 36.2648 0.0157399
  194 193.5 36.2667 0.0157407
  195 194.5 36.2927 0.0157521
  196 195.5 36.3036 0.0157568
  197 196.5 36.3384 0.0157719
  198 197.5 36.2948 0.0157529
  199 198.5 36.3223 0.0157649
  200 199.5 36.34 0.0157726
  201 200.5 36.362 0.0157821
  202 201.5 36.3101 0.0157596
  203 202.5 36.3472 0.0157757
  204 203.5 36.3588 0.0157807
  205 204.5 36.3396 0.0157724
  206 205.5 36.3484 0.0157762
  207 206.5 36.3584 0.0157806
  208 207.5 36.3414 0.0157732
  209 208.5 36.3482 0.0157761
  210 209.5 36.3558 0.0157794
  211 210.5 36.3375 0.0157715
  212 211.5 36.3522 0.0157778
  213 212.5 36.378 0.0157891
  214 213.5 36.3386 0.015772
  215 214.5 36.3328 0.0157694
  216 215.5 36.3692 0.0157852
  217 216.5 36.3974 0.0157975
  218 217.5 36.3542 0.0157787
  219 218.5 36.3769 0.0157886
  220 219.5 36.3952 0.0157965
  221 220.5 36.3853 0.0157922
  222 221.5 36.3642 0.0157831
  223 222.5 36.3745 0.0157875
  224 223.5 36.3777 0.0157889
  225 224.5 36.3927 0.0157954
  226 225.5 36.3733 0.015787
  227 226.5 36.368 0.0157847
  228 227.5 36.3817 0.0157907
  229 228.5 36.3834 0.0157914
  230 229.5 36.3602 0.0157814
  231 230.5 36.3719 0.0157864
  232 231.5 36.3706 0.0157858
  233 232.5 36.3686 0.015785
  234 233.5 36.3657 0.0157837
  235 234.5 36.3651 0.0157835
  236 235.5 36.3128 0.0157608
  237 236.5 36.3557 0.0157794
  238 237.5 36.3363 0.015771
  239 238.5 36.3408 0.0157729
  240 239.5 36.3086 0.0157589
  241 240.5 36.3926 0.0157954
  242 241.5 36.3217 0.0157646
  243 242.5 36.3286 0.0157676
  244 243.5 36.3534 0.0157784
  245 244.5 36.3488 0.0157764
  246 245.5 36.3097 0.0157594
  247 246.5 36.3726 0.0157867
  248 247.5 36.3596 0.0157811
  249 248.5 36.3366 0.0157711
  250 249.5 36.369 0.0157852
  251 250.5 36.3598 0.0157811
  252 251.5 36.3474 0.0157758
  253 252.5 36.3551 0.0157791
  254 253.5 36.3967 0.0157972
  255 254.5 36.3709 0.015786
  256 255.5 36.3544 0.0157788
  257 256.5 36.3831 0.0157913
  258 257.5 36.3999 0.0157986
  259 258.5 36.3612 0.0157818
  260 259.5 36.3575 0.0157802
  261 260.5 36.4358 0.0158142
  262 261.5 36.3727 0.0157867
  263 262.5 36.3886 0.0157937
  264 263.5 36.3591 0.0157809
  265 264.5 36.4212 0.0158078
  266 265.5 36.3975 0.0157975
  267 266.5 36.3364 0.015771
  268 267.5 36.414 0.0158047
  269 268.5 36.4128 0.0158042
  270 269.5 36.3753 0.0157879
  271 270.5 36.3601 0.0157813
  272 271.5 36.4297 0.0158115
  273 272.5 36.3869 0.0157929
  274 273.5 36.3628 0.0157825
  275 274.5 36.4347 0.0158137
  276 275.5 36.3921 0.0157952
  277 276.5 36.3708 0.0157859
  278 277.5 36.3857 0.0157924
  279 278.5 36.3975 0.0157975
  280 279.5 36.3506 0.0157772
  281 280.5 36.349 0.0157765
  282 281.5 36.3746 0.0157876
  283 282.5 36.3702 0.0157857
  284 283.5 36.3328 0.0157695
  285 284.5 36.3664 0.015784
  286 285.5 36.3462 0.0157753
  287 286.5 36.3631 0.0157826
  288 287.5 36.3852 0.0157922
  289 288.5 36.3269 0.0157669
  290 289.5 36.3574 0.0157801
  291 290.5 36.3447 0.0157746
  292 291.5 36.3575 0.0157802
  293 292.5 36.3526 0.0157781
  294 293.5 36.3518 0.0157777
  295 294.5 36.3453 0.0157749
  296 295.5 36.3474 0.0157758
  297 296.5 36.3479 0.015776
  298 297.5 36.352 0.0157778
  299 298.5 36.3432 0.015774
  300 299.5 36.3321 0.0157691
  301 300.5 36.342 0.0157734
  302 301.5 36.3355 0.0157706
  303 302.5 36.3545 0.0157789
  304 303.5 36.3246 0.0157659
  305 304.5 36.3248 0.015766
  306 305.5 36.3083 0.0157588
  307 306.5 36.3653 0.0157836
  308 307.5 36.3098 0.0157595
  309 308.5 36.3162 0.0157622
  310 309.5 36.3348 0.0157703
  311 310.5 36.3439 0.0157743
  312 311.5 36.2991 0.0157548
  313 312.5 36.3219 0.0157647
  314 313.5 36.3346 0.0157702
  315 314.5 36.3006 0.0157555
  316 315.5 36.2956 0.0157533
  317 316.5 36.3214 0.0157645
  318 317.5 36.2665 0.0157406
  319 318.5 36.2475 0.0157324
  320 319.5 36.2771 0.0157453
  321 320.5 36.211 0.0157166
  322 321.5 36.1778 0.0157022
  323 322.5 36.1384 0.0156851
  324 323.5 36.0878 0.0156631
  325 324.5 35.9471 0.015602
  326 325.5 35.7654 0.0155232
  327 326.5 35.5773 0.0154416
  328 327.5 35.1833 0.0152705
  329 328.5 34.6349 0.0150325
  330 329.5 33.8152 0.0146768
  331 330.5 32.6798 0.0141839
  332 331.5 31.0457 0.0134747
  333 332.5 28.8792 0.0125344
  334 333.5 26.1782 0.0113621
  335 334.5 23.002 0.00998352
  336 335.5 19.4595 0.00844596
  337 336.5 15.798 0.00685677
  338 337.5 12.2872 0.00533297
  339 338.5 9.19203 0.00398959
  340 339.5 6.61036 0.00286908
  341 340.5 4.63546 0.00201192
  342 341.5 3.23059 0.00140216
  343 342.5 2.2818 0.000990366
  344 343.5 1.68352 0.000730696
  345 344.5 1.30431 0.000566105
  346 345.5 1.09684 0.00047606
  347 346.5 0.968734 0.000420457
  348 347.5 0.88432 0.000383819
  349 348.5 0.836306 0.00036298
  350 349.5 0.81186 0.00035237
  351 350.5 0.79307 0.000344214
  352 351.5 0.776772 0.000337141
  353 352.5 0.768332 0.000333477
  354 353.5 0.767342 0.000333048
  355 354.5 0.76457 0.000331845
  356 355.5 0.757684 0.000328856
  357 356.5 0.7532 0.00032691
  358 357.5 0.75176 0.000326285
  359 358.5 0.74848 0.000324861
  360 359.5 0.750768 0.000325854
  361 360.5 0.755732 0.000328009
  362 361.5 0.762712 0.000331038
  363 362.5 0.765052 0.000332054
  364 363.5 0.770304 0.000334333
  365 364.5 0.76803 0.000333346
  366 365.5 0.771492 0.000334849
  367 366.5 0.775446 0.000336565
  368 367.5 0.77462 0.000336207
  369 368.5 0.778778 0.000338011
  370 369.5 0.780838 0.000338905
  371 370.5 0.779158 0.000338176
  372 371.5 0.77234 0.000335217
  373 372.5 0.768028 0.000333345
  374 373.5 0.762958 0.000331145
  375 374.5 0.763272 0.000331281
  376 375.5 0.763036 0.000331179
  377 376.5 0.75721 0.00032865
  378 377.5 0.754252 0.000327366
  379 378.5 0.74673 0.000324102
  380 379.5 0.743004 0.000322484
  381 380.5 0.73942 0.000320929
  382 381.5 0.72829 0.000316098
  383 382.5 0.724182 0.000314315
  384 383.5 0.722116 0.000313418
  385 384.5 0.71294 0.000309436
  386 385.5 0.707652 0.000307141
  387 386.5 0.7037 0.000305425
  388 387.5 0.692102 0.000300391
  389 388.5 0.69144 0.000300104
  390 389.5 0.685418 0.00029749
  391 390.5 0.677392 0.000294007
  392 391.5 0.661274 0.000287011
  393 392.5 0.654678 0.000284148
  394 393.5 0.646582 0.000280635
  395 394.5 0.640046 0.000277798
  396 395.5 0.633606 0.000275003
  397 396.5 0.627574 0.000272385
  398 397.5 0.621794 0.000269876
  399 398.5 0.613748 0.000266384
  400 399.5 0.60464 0.000262431
  401 400.5 0.601604 0.000261113
  402 401.5 0.595722 0.00025856
  403 402.5 0.587644 0.000255054
  404 403.5 0.582226 0.000252702
  405 404.5 0.572224 0.000248361
  406 405.5 0.565742 0.000245548
  407 406.5 0.557694 0.000242055
  408 407.5 0.551328 0.000239292
  409 408.5 0.543934 0.000236082
  410 409.5 0.53318 0.000231415
  411 410.5 0.526016 0.000228306
  412 411.5 0.514656 0.000223375
  413 412.5 0.507222 0.000220148
  414 413.5 0.500162 0.000217084
  415 414.5 0.491538 0.000213341
  416 415.5 0.483798 0.000209982
  417 416.5 0.482518 0.000209426
  418 417.5 0.475456 0.000206361
  419 418.5 0.467626 0.000202963
  420 419.5 0.4632 0.000201042
  421 420.5 0.452344 0.00019633
  422 421.5 0.445906 0.000193536
  423 422.5 0.440642 0.000191251
  424 423.5 0.438868 0.000190481
  425 424.5 0.438058 0.000190129
  426 425.5 0.4331 0.000187977
  427 426.5 0.43125 0.000187174
  428 427.5 0.427958 0.000185746
  429 428.5 0.424348 0.000184179
  430 429.5 0.425856 0.000184833
  431 430.5 0.421656 0.00018301
  432 431.5 0.416374 0.000180718
  433 432.5 0.409776 0.000177854
  434 433.5 0.407322 0.000176789
  435 434.5 0.404256 0.000175458
  436 435.5 0.40542 0.000175964
  437 436.5 0.402958 0.000174895
  438 437.5 0.398976 0.000173167
  439 438.5 0.399336 0.000173323
  440 439.5 0.396534 0.000172107
  441 440.5 0.392516 0.000170363
  442 441.5 0.39086 0.000169644
  443 442.5 0.391014 0.000169711
  444 443.5 0.391476 0.000169911
  445 444.5 0.39399 0.000171003
  446 445.5 0.390532 0.000169502
  447 446.5 0.390534 0.000169503
  448 447.5 0.390202 0.000169359
  449 448.5 0.385528 0.00016733
  450 449.5 0.38732 0.000168108
  451 450.5 0.3917 0.000170009
  452 451.5 0.388058 0.000168428
  453 452.5 0.383978 0.000166657
  454 453.5 0.379732 0.000164814
  455 454.5 0.37991 0.000164891
  456 455.5 0.37682 0.00016355
  457 456.5 0.380534 0.000165162
  458 457.5 0.379446 0.00016469
  459 458.5 0.375352 0.000162913
  460 459.5 0.372988 0.000161887
  461 460.5 0.373166 0.000161964
  462 461.5 0.36977 0.00016049
  463 462.5 0.370896 0.000160979
  464 463.5 0.369908 0.00016055
  465 464.5 0.373336 0.000162038
  466 465.5 0.379288 0.000164622
  467 466.5 0.383702 0.000166537
  468 467.5 0.378648 0.000164344
  469 468.5 0.37877 0.000164397
  470 469.5 0.377488 0.00016384
  471 470.5 0.3748 0.000162674
  472 471.5 0.372962 0.000161876
  473 472.5 0.373102 0.000161937
  474 473.5 0.372926 0.00016186
  475 474.5 0.368788 0.000160064
  476 475.5 0.373638 0.000162169
  477 476.5 0.372892 0.000161845
  478 477.5 0.37407 0.000162357
  479 478.5 0.377956 0.000164043
  480 479.5 0.373196 0.000161977
40000000 480 5969.999999999999
  1 0.5 0.389066 0.000168865
  2 1.5 0.38879 0.000168746
  3 2.5 0.392322 0.000170279
  4 3.5 0.389822 0.000169194
  5 4.5 0.390914 0.000169668
  6 5.5 0.390696 0.000169573
  7 6.5 0.390784 0.000169611
  8 7.5 0.395272 0.000171559
  9 8.5 0.39745 0.000172504
  10 9.5 0.400538 0.000173845
  11 10.5 0.394118 0.000171058
  12 11.5 0.392568 0.000170385
  13 12.5 0.397788 0.000172651
  14 13.5 0.397296 0.000172438
  15 14.5 0.396562 0.000172119
  16 15.5 0.396948 0.000172286
  17 16.5 0.397738 0.000172629
  18 17.5 0.395776 0.000171778
  19 18.5 0.400192 0.000173694
  20 19.5 0.401922 0.000174445
  21 20.5 0.402116 0.00017453
  22 21.5 0.401608 0.000174309
  23 22.5 0.408138 0.000177143
  24 23.5 0.41077 0.000178286
  25 24.5 0.410018 0.000177959
  26 25.5 0.414594 0.000179945
  27 26.5 0.417864 0.000181365
  28 27.5 0.422366 0.000183319
  29 28.5 0.425588 0.000184717
  30 29.5 0.429916 0.000186595
  31 30.5 0.436872 0.000189615
  32 31.5 0.44713 0.000194067
  33 32.5 0.449842 0.000195244
  34 33.5 0.45229 0.000196306
  35 34.5 0.458144 0.000198847
  36 35.5 0.462618 0.000200789
  37 36.5 0.472588 0.000205116
  38 37.5 0.479836 0.000208262
  39 38.5 0.48799 0.000211801
  40 39.5 0.496166 0.00021535
  41 40.5 0.500172 0.000217089
  42 41.5 0.511 0.000221788
  43 42.5 0.517168 0.000224465
  44 43.5 0.52351 0.000227218
  45 44.5 0.52694 0.000228707
  46 45.5 0.531936 0.000230875
  47 46.5 0.544442 0.000236303
  48 47.5 0.558782 0.000242527
  49 48.5 0.57031 0.00024753
  50 49.5 0.571338 0.000247977
  51 50.5 0.579602 0.000251563
  52 51.5 0.590226 0.000256174
  53 52.5 0.600038 0.000260433
  54 53.5 0.609404 0.000264498
  55 54.5 0.61804 0.000268247
  56 55.5 0.62085 0.000269466
  57 56.5 0.627676 0.000272429
  58 57.5 0.64065 0.00027806
  59 58.5 0.649128 0.00028174
  60 59.5 0.65421 0.000283945
  61 60.5 0.659062 0.000286051
  62 61.5 0.666598 0.000289322
  63 62.5 0.667636 0.000289773
  64 63.5 0.664666 0.000288484
  65 64.5 0.662188 0.000287408
  66 65.5 0.670204 0.000290887
  67 66.5 0.67937 0.000294865
  68 67.5 0.67928 0.000294826
  69 68.5 0.683802 0.000296789
  70 69.5 0.690034 0.000299494
  71 70.5 0.693444 0.000300974
  72 71.5 0.699938 0.000303793
  73 72.5 0.700286 0.000303944
  74 73.5 0.70648 0.000306632
  75 74.5 0.708384 0.000307458
  76 75.5 0.716064 0.000310792
  77 76.5 0.713372 0.000309623
  78 77.5 0.720004 0.000312502
  79 78.5 0.731186 0.000317355
  80 79.5 0.73481 0.000318928
  81 80.5 0.74027 0.000321298
  82 81.5 0.743854 0.000322853
  83 82.5 0.747354 0.000324372
  84 83.5 0.748812 0.000325005
  85 84.5 0.751116 0.000326005
  86 85.5 0.755838 0.000328055
  87 86.5 0.757962 0.000328977
  88 87.5 0.753124 0.000326877
  89 88.5 0.755822 0.000328048
  90 89.5 0.761488 0.000330507
  91 90.5 0.761218 0.00033039
  92 91.5 0.757726 0.000328874
  93 92.5 0.76332 0.000331302
  94 93.5 0.761902 0.000330687
  95 94.5 0.755958 0.000328107
  96 95.5 0.760888 0.000330247
  97 96.5 0.758982 0.000329419
  98 97.5 0.762142 0.000330791
  99 98.5 0.762074 0.000330761
  100 99.5 0.76178 0.000330634
  101 100.5 0.764788 0.000331939
  102 101.5 0.76369 0.000331463
  103 102.5 0.769246 0.000333874
  104 103.5 0.771258 0.000334747
  105 104.5 0.757582 0.000328812
  106 105.5 0.762664 0.000331017
  107 106.5 0.758546 0.00032923
  108 107.5 0.756142 0.000328187
  109 108.5 0.755754 0.000328018
  110 109.5 0.750608 0.000325785
  111 110.5 0.752418 0.00032657
  112 111.5 0.754944 0.000327667
  113 112.5 0.75732 0.000328698
  114 113.5 0.756418 0.000328306
  115 114.5 0.753552 0.000327062
  116 115.5 0.754326 0.000327398
  117 116.5 0.755492 0.000327905
  118 117.5 0.754916 0.000327655
  119 118.5 0.754692 0.000327557
  120 119.5 0.748214 0.000324746
  121 120.5 0.749432 0.000325274
  122 121.5 0.75191 0.00032635
  123 122.5 0.748448 0.000324847
  124 123.5 0.746902 0.000324176
  125 124.5 0.744484 0.000323127
  126 125.5 0.746528 0.000324014
  127 126.5 0.744616 0.000323184
  128 127.5 0.754652 0.00032754
  129 128.5 0.757614 0.000328826
  130 129.5 0.754386 0.000327424
  131 130.5 0.75289 0.000326775
  132 131.5 0.747836 0.000324582
  133 132.5 0.751408 0.000326132
  134 133.5 0.746596 0.000324043
  135 134.5 0.740838 0.000321544
  136 135.5 0.739146 0.00032081
  137 136.5 0.737454 0.000320076
  138 137.5 0.738246 0.000320419
  139 138.5 0.734434 0.000318765
  140 139.5 0.72707 0.000315569
  141 140.5 0.727374 0.000315701
  142 141.5 0.72465 0.000314518
  143 142.5 0.72969 0.000316706
  144 143.5 0.735108 0.000319057
  145 144.5 0.731628 0.000317547
  146 145.5 0.726598 0.000315364
  147 146.5 0.726518 0.000315329
  148 147.5 0.72857 0.00031622
  149 148.5 0.726606 0.000315367
  150 149.5 0.725998 0.000315103
  151 150.5 0.733914 0.000318539
  152 151.5 0.733464 0.000318344
  153 152.5 0.741386 0.000321782
  154 153.5 0.743516 0.000322707
  155 154.5 0.748488 0.000324865
  156 155.5 0.75904 0.000329444
  157 156.5 0.773476 0.00033571
  158 157.5 0.790028 0.000342894
  159 158.5 0.828976 0.000359799
  160 159.5 0.882772 0.000383148
  161 160.5 0.968902 0.00042053
  162 161.5 1.10563 0.000479875
  163 162.5 1.34695 0.000584613
  164 163.5 1.75769 0.000762887
  165 164.5 2.43918 0.00105867
  166 165.5 3.5325 0.0015332
  167 166.5 5.14309 0.00223225
  168 167.5 7.37379 0.00320043
  169 168.5 10.2793 0.00446152
  170 169.5 13.7272 0.005958
  171 170.5 17.5112 0.00760036
  172 171.5 21.3561 0.00926913
  173 172.5 24.92 0.010816
  174 173.5 27.9733 0.0121412
  175 174.5 30.421 0.0132036
  176 175.5 32.2482 0.0139966
  177 176.5 33.5462 0.01456
  178 177.5 34.4706 0.0149612
  179 178.5 35.0445 0.0152103
  180 179.5 35.4622 0.0153916
  181 180.5 35.7065 0.0154976
  182 181.5 35.9226 0.0155914
  183 182.5 35.9932 0.0156221
  184 183.5 36.1176 0.015676
  185 184.5 36.1738 0.0157004
  186 185.5 36.2109 0.0157165
  187 186.5 36.2278 0.0157239
  188 187.5 36.2812 0.015747
  189 188.5 36.2947 0.0157529
  190 189.5 36.2603 0.015738
  191 190.5 36.3131 0.0157609
  192 191.5 36.3207 0.0157642
  193 192.5 36.3193 0.0157636
  194 193.5 36.3148 0.0157616
  195 194.5 36.3063 0.0157579
  196 195.5 36.3576 0.0157802
  197 196.5 36.332 0.0157691
  198 197.5 36.2885 0.0157502
  199 198.5 36.3211 0.0157644
  200 199.5 36.3468 0.0157755
  201 200.5 36.3049 0.0157573
  202 201.5 36.294 0.0157526
  203 202.5 36.3324 0.0157693
  204 203.5 36.2859 0.0157491
  205 204.5 36.2772 0.0157453
  206 205.5 36.3018 0.015756
  207 206.5 36.3197 0.0157637
  208 207.5 36.2605 0.0157381
  209 208.5 36.2896 0.0157507
  210 209.5 36.3156 0.015762
  211 210.5 36.2394 0.0157289
  212 211.5 36.2604 0.015738
  213 212.5 36.2802 0.0157466
  214 213.5 36.2452 0.0157314
  215 214.5 36.2486 0.0157329
  216 215.5 36.2666 0.0157407
  217 216.5 36.2199 0.0157205
  218 217.5 36.2627 0.015739
  219 218.5 36.2458 0.0157317
  220 219.5 36.2551 0.0157357
  221 220.5 36.2555 0.0157359
  222 221.5 36.2443 0.015731
  223 222.5 36.2396 0.015729
  224 223.5 36.2362 0.0157275
  225 224.5 36.2452 0.0157314
  226 225.5 36.2368 0.0157278
  227 226.5 36.202 0.0157127
  228 227.5 36.2354 0.0157272
  229 228.5 36.2166 0.015719
  230 229.5 36.2421 0.0157301
  231 230.5 36.2214 0.0157211
  232 231.5 36.2286 0.0157242
  233 232.5 36.2622 0.0157388
  234 233.5 36.2615 0.0157385
  235 234.5 36.2396 0.015729
  236 235.5 36.2595 0.0157376
  237 236.5 36.255 0.0157357
  238 237.5 36.236 0.0157274
  239 238.5 36.2207 0.0157208
  240 239.5 36.2747 0.0157442
  241 240.5 36.2612 0.0157384
  242 241.5 36.2219 0.0157213
  243 242.5 36.2563 0.0157362
  244 243.5 36.2572 0.0157366
  245 244.5 36.2629 0.0157391
  246 245.5 36.2177 0.0157195
  247 246.5 36.2362 0.0157275
  248 247.5 36.2953 0.0157532
  249 248.5 36.2175 0.0157194
  250 249.5 36.2315 0.0157255
  251 250.5 36.2701 0.0157422
  252 251.5 36.272 0.015743
  253 252.5 36.2177 0.0157195
  254 253.5 36.2366 0.0157277
  255 254.5 36.258 0.015737
  256 255.5 36.239 0.0157287
  257 256.5 36.2245 0.0157224
  258 257.5 36.221 0.0157209
  259 258.5 36.2214 0.0157211
  260 259.5 36.2287 0.0157242
  261 260.5 36.2492 0.0157332
  262 261.5 36.22 0.0157205
  263 262.5 36.2052 0.015714
  264 263.5 36.2568 0.0157365
  265 264.5 36.2244 0.0157224
  266 265.5 36.2197 0.0157203
  267 266.5 36.2328 0.015726
  268 267.5 36.2445 0.0157311
  269 268.5 36.1946 0.0157095
  270 269.5 36.193 0.0157088
  271 270.5 36.2191 0.0157201
  272 271.5 36.2126 0.0157173
  273 272.5 36.1814 0.0157037
  274 273.5 36.2172 0.0157193
  275 274.5 36.1931 0.0157088
  276 275.5 36.1996 0.0157116
  277 276.5 36.222 0.0157214
  278 277.5 36.2028 0.015713
  279 278.5 36.2118 0.0157169
  280 279.5 36.2133 0.0157176
  281 280.5 36.2367 0.0157277
  282 281.5 36.1969 0.0157105
  283 282.5 36.2426 0.0157303
  284 283.5 36.2075 0.0157151
  285 284.5 36.2092 0.0157158
  286 285.5 36.2586 0.0157372
  287 286.5 36.232 0.0157257
  288 287.5 36.2117 0.0157169
  289 288.5 36.2584 0.0157371
  290 289.5 36.2629 0.0157391
  291 290.5 36.233 0.0157261
  292 291.5 36.2222 0.0157214
  293 292.5 36.2899 0.0157508
  294 293.5 36.2429 0.0157304
  295 294.5 36.2424 0.0157302
  296 295.5 36.2689 0.0157417
  297 296.5 36.2898 0.0157508
  298 297.5 36.2792 0.0157462
  299 298.5 36.2369 0.0157278
  300 299.5 36.2818 0.0157473
  301 300.5 36.2621 0.0157388
  302 301.5 36.2419 0.01573
  303 302.5 36.2845 0.0157485
  304 303.5 36.2654 0.0157402
  305 304.5 36.2562 0.0157362
  306 305.5 36.2695 0.015742
  307 306.5 36.2924 0.0157519
  308 307.5 36.2211 0.015721
  309 308.5 36.2934 0.0157523
  310 309.5 36.2775 0.0157454
  311 310.5 36.2464 0.0157319
  312 311.5 36.262 0.0157387
  313 312.5 36.2519 0.0157343
  314 313.5 36.2517 0.0157342
  315 314.5 36.2135 0.0157177
  316 315.5 36.1737 0.0157004
  317 316.5 36.1702 0.0156989
  318 317.5 36.0924 0.0156651
  319 318.5 36.0252 0.0156359
  320 319.5 35.9209 0.0155906
  321 320.5 35.7013 0.0154954
  322 321.5 35.5062 0.0154107
  323 322.5 35.1496 0.0152559
  324 323.5 34.6193 0.0150258
  325 324.5 33.7736 0.0146587
  326 325.5 32.5683 0.0141355
  327 326.5 30.9303 0.0134246
  328 327.5 28.659 0.0124388
  329 328.5 25.7995 0.0111977
  330 329.5 22.4165 0.0097294
  331 330.5 18.7525 0.00813911
  332 331.5 14.9742 0.00649922
  333 332.5 11.4246 0.0049586
  334 333.5 8.3217 0.00361185
  335 334.5 5.85536 0.00254139
  336 335.5 4.03233 0.00175014
  337 336.5 2.79024 0.00121104
  338 337.5 1.97253 0.000856132
  339 338.5 1.47654 0.00064086
  340 339.5 1.17347 0.00050932
  341 340.5 1.00092 0.000434425
  342 341.5 0.901338 0.000391206
  343 342.5 0.844786 0.000366661
  344 343.5 0.803288 0.000348649
  345 344.5 0.783224 0.000339941
  346 345.5 0.76843 0.00033352
  347 346.5 0.757384 0.000328726
  348 347.5 0.749774 0.000325423
  349 348.5 0.74588 0.000323733
  350 349.5 0.734826 0.000318935
  351 350.5 0.727804 0.000315887
  352 351.5 0.719478 0.000312273
  353 352.5 0.721384 0.000313101
  354 353.5 0.723788 0.000314144
  355 354.5 0.725794 0.000315015
  356 355.5 0.724596 0.000314495
  357 356.5 0.723304 0.000313934
  358 357.5 0.716018 0.000310772
  359 358.5 0.718436 0.000311821
  360 359.5 0.714828 0.000310255
  361 360.5 0.705204 0.000306078
  362 361.5 0.695864 0.000302024
  363 362.5 0.685332 0.000297453
  364 363.5 0.681764 0.000295905
  365 364.5 0.669412 0.000290543
  366 365.5 0.655282 0.000284411
  367 366.5 0.653122 0.000283473
  368 367.5 0.639558 0.000277586
  369 368.5 0.62875 0.000272895
  370 369.5 0.618838 0.000268593
  371 370.5 0.609662 0.00026461
  372 371.5 0.603298 0.000261848
  373 372.5 0.59136 0.000256667
  374 373.5 0.582858 0.000252977
  375 374.5 0.571588 0.000248085
  376 375.5 0.563698 0.000244661
  377 376.5 0.55639 0.000241489
  378 377.5 0.5391 0.000233984
  379 378.5 0.529976 0.000230024
  380 379.5 0.52657 0.000228546
  381 380.5 0.517006 0.000224395
  382 381.5 0.510222 0.000221451
  383 382.5 0.502656 0.000218167
  384 383.5 0.498398 0.000216319
  385 384.5 0.493392 0.000214146
  386 385.5 0.481526 0.000208996
  387 386.5 0.47638 0.000206762
  388 387.5 0.468142 0.000203187
  389 388.5 0.462766 0.000200853
  390 389.5 0.458734 0.000199103
  391 390.5 0.453716 0.000196925
  392 391.5 0.445418 0.000193324
  393 392.5 0.43917 0.000190612
  394 393.5 0.437662 0.000189957
  395 394.5 0.431902 0.000187457
  396 395.5 0.427838 0.000185694
  397 396.5 0.42898 0.000186189
  398 397.5 0.42559 0.000184718
  399 398.5 0.423538 0.000183827
  400 399.5 0.415062 0.000180148
  401 400.5 0.4138 0.000179601
  402 401.5 0.411948 0.000178797
  403 402.5 0.409532 0.000177748
  404 403.5 0.40963 0.000177791
  405 404.5 0.40701 0.000176654
  406 405.5 0.405894 0.000176169
  407 406.5 0.40053 0.000173841
  408 407.5 0.399036 0.000173193
  409 408.5 0.393998 0.000171006
  410 409.5 0.393376 0.000170736
  411 410.5 0.394624 0.000171278
  412 411.5 0.391836 0.000170068
  413 412.5 0.386412 0.000167714
  414 413.5 0.387042 0.000167987
  415 414.5 0.390052 0.000169293
  416 415.5 0.388572 0.000168651
  417 416.5 0.387122 0.000168022
  418 417.5 0.390524 0.000169498
  419 418.5 0.387668 0.000168259
  420 419.5 0.384956 0.000167082
  421 420.5 0.382324 0.000165939
  422 421.5 0.381718 0.000165676
  423 422.5 0.385234 0.000167202
  424 423.5 0.38249 0.000166011
  425 424.5 0.382768 0.000166132
  426 425.5 0.384594 0.000166924
  427 426.5 0.383884 0.000166616
  428 427.5 0.385938 0.000167508
  429 428.5 0.390224 0.000169368
  430 429.5 0.38891 0.000168798
  431 430.5 0.388504 0.000168622
  432 431.5 0.392064 0.000170167
  433 432.5 0.38956 0.00016908
  434 433.5 0.390554 0.000169511
  435 434.5 0.3897 0.000169141
  436 435.5 0.386894 0.000167923
  437 436.5 0.391698 0.000170008
  438 437.5 0.392404 0.000170314
  439 438.5 0.39148 0.000169913
  440 439.5 0.395636 0.000171717
  441 440.5 0.392462 0.000170339
  442 441.5 0.388332 0.000168547
  443 442.5 0.391246 0.000169812
  444 443.5 0.39018 0.000169349
  445 444.5 0.390266 0.000169386
  446 445.5 0.39045 0.000169466
  447 446.5 0.392754 0.000170466
  448 447.5 0.392356 0.000170293
  449 448.5 0.389078 0.000168871
  450 449.5 0.390978 0.000169695
  451 450.5 0.395926 0.000171843
  452 451.5 0.39591 0.000171836
  453 452.5 0.396732 0.000172193
  454 453.5 0.39268 0.000170434
  455 454.5 0.392164 0.00017021
  456 455.5 0.394966 0.000171426
  457 456.5 0.397802 0.000172657
  458 457.5 0.394814 0.00017136
  459 458.5 0.396996 0.000172307
  460 459.5 0.398092 0.000172783
  461 460.5 0.39259 0.000170395
  462 461.5 0.396582 0.000172128
  463 462.5 0.39176 0.000170035
  464 463.5 0.394796 0.000171352
  465 464.5 0.38988 0.000169219
  466 465.5 0.384502 0.000166885
  467 466.5 0.387662 0.000168256
  468 467.5 0.388702 0.000168707
  469 468.5 0.39043 0.000169457
  470 469.5 0.388128 0.000168458
  471 470.5 0.390438 0.000169461
  472 471.5 0.387476 0.000168175
  473 472.5 0.38409 0.000166706
  474 473.5 0.382446 0.000165992
  475 474.5 0.38301 0.000166237
  476 475.5 0.385252 0.00016721
  477 476.5 0.387132 0.000168026
  478 477.5 0.384772 0.000167002
  479 478.5 0.388948 0.000168814
  480 479.5 0.386808 0.000167885
50000000 480 5969.999999999995
  1 0.5 0.365666 0.000158709
  2 1.5 0.37026 0.000160703
  3 2.5 0.371628 0.000161297
  4 3.5 0.37623 0.000163294
  5 4.5 0.376802 0.000163543
  6 5.5 0.375916 0.000163158
  7 6.5 0.374642 0.000162605
  8 7.5 0.374916 0.000162724
  9 8.5 0.375562 0.000163004
  10 9.5 0.379298 0.000164626
  11 10.5 0.374342 0.000162475
  12 11.5 0.375228 0.000162859
  13 12.5 0.373976 0.000162316
  14 13.5 0.374062 0.000162353
  15 14.5 0.376536 0.000163427
  16 15.5 0.380654 0.000165214
  17 16.5 0.381542 0.0001656
  18 17.5 0.378632 0.000164337
  19 18.5 0.378382 0.000164228
  20 19.5 0.378556 0.000164304
  21 20.5 0.380306 0.000165063
  22 21.5 0.379168 0.000164569
  23 22.5 0.382778 0.000166136
  24 23.5 0.381118 0.000165416
  25 24.5 0.382944 0.000166208
  26 25.5 0.383334 0.000166378
  27 26.5 0.38425 0.000166775
  28 27.5 0.383532 0.000166464
  29 28.5 0.38746 0.000168168
  30 29.5 0.392714 0.000170449
  31 30.5 0.396034 0.00017189
  32 31.5 0.397688 0.000172608
  33 32.5 0.400012 0.000173616
  34 33.5 0.40288 0.000174861
  35 34.5 0.406314 0.000176352
  36 35.5 0.411988 0.000178814
  37 36.5 0.414106 0.000179734
  38 37.5 0.414974 0.00018011
  39 38.5 0.417448 0.000181184
  40 39.5 0.422646 0.00018344
  41 40.5 0.424056 0.000184052
  42 41.5 0.42795 0.000185742
  43 42.5 0.432722 0.000187813
  44 43.5 0.436118 0.000189287
  45 44.5 0.44007 0.000191003
  46 45.5 0.450636 0.000195589
  47 46.5 0.45532 0.000197622
  48 47.5 0.46033 0.000199796
  49 48.5 0.467286 0.000202815
  50 49.5 0.470644 0.000204273
  51 50.5 0.479574 0.000208148
  52 51.5 0.486054 0.000210961
  53 52.5 0.482458 0.0002094
  54 53.5 0.487866 0.000211747
  55 54.5 0.492314 0.000213678
  56 55.5 0.502658 0.000218168
  57 56.5 0.510092 0.000221394
  58 57.5 0.511828 0.000222148
  59 58.5 0.524144 0.000227493
  60 59.5 0.527494 0.000228947
  61 60.5 0.537258 0.000233185
  62 61.5 0.541712 0.000235118
  63 62.5 0.555428 0.000241071
  64 63.5 0.563942 0.000244766
  65 64.5 0.567374 0.000246256
  66 65.5 0.568896 0.000246917
  67 66.5 0.577288 0.000250559
  68 67.5 0.581844 0.000252536
  69 68.5 0.590374 0.000256239
  70 69.5 0.597288 0.00025924
  71 70.5 0.61044 0.000264948
  72 71.5 0.614068 0.000266523
  73 72.5 0.623208 0.00027049
  74 73.5 0.62959 0.00027326
  75 74.5 0.631034 0.000273886
  76 75.5 0.642056 0.00027867
  77 76.5 0.6466 0.000280642
  78 77.5 0.649214 0.000281777
  79 78.5 0.647146 0.000280879
  80 79.5 0.649838 0.000282048
  81 80.5 0.659666 0.000286313
  82 81.5 0.664316 0.000288332
  83 82.5 0.664698 0.000288497
  84 83.5 0.664802 0.000288543
  85 84.5 0.669732 0.000290682
  86 85.5 0.68062 0.000295408
  87 86.5 0.692208 0.000300437
  88 87.5 0.691536 0.000300146
  89 88.5 0.696428 0.000302269
  90 89.5 0.702306 0.00030482
  91 90.5 0.707718 0.000307169
  92 91.5 0.702338 0.000304834
  93 92.5 0.70587 0.000306367
  94 93.5 0.702374 0.00030485
  95 94.5 0.699272 0.000303503
  96 95.5 0.708876 0.000307672
  97 96.5 0.70907 0.000307756
  98 97.5 0.709724 0.00030804
  99 98.5 0.724024 0.000314247
  100 99.5 0.730956 0.000317255
  101 100.5 0.729578 0.000316657
  102 101.5 0.73052 0.000317066
  103 102.5 0.734358 0.000318732
  104 103.5 0.730972 0.000317262
  105 104.5 0.727872 0.000315917
  106 105.5 0.730376 0.000317003
  107 106.5 0.730348 0.000316991
  108 107.5 0.727356 0.000315693
  109 108.5 0.732212 0.0003178
  110 109.5 0.736238 0.000319548
  111 110.5 0.730954 0.000317254
  112 111.5 0.73191 0.000317669
  113 112.5 0.73608 0.000319479
  114 113.5 0.741048 0.000321635
  115 114.5 0.742772 0.000322384
  116 115.5 0.74226 0.000322161
  117 116.5 0.74606 0.000323811
  118 117.5 0.742644 0.000322328
  119 118.5 0.73064 0.000317118
  120 119.5 0.734566 0.000318822
  121 120.5 0.735916 0.000319408
  122 121.5 0.735248 0.000319118
  123 122.5 0.735678 0.000319305
  124 123.5 0.736908 0.000319839
  125 124.5 0.743572 0.000322731
  126 125.5 0.742934 0.000322454
  127 126.5 0.742274 0.000322168
  128 127.5 0.742166 0.000322121
  129 128.5 0.745368 0.00032351
  130 129.5 0.747968 0.000324639
  131 130.5 0.751698 0.000326258
  132 131.5 0.750002 0.000325522
  133 132.5 0.750876 0.000325901
  134 133.5 0.749732 0.000325405
  135 134.5 0.743622 0.000322753
  136 135.5 0.744954 0.000323331
  137 136.5 0.74649 0.000323997
  138 137.5 0.74803 0.000324666
  139 138.5 0.749178 0.000325164
  140 139.5 0.743082 0.000322518
  141 140.5 0.747902 0.00032461
  142 141.5 0.74567 0.000323641
  143 142.5 0.744606 0.00032318
  144 143.5 0.743608 0.000322747
  145 144.5 0.744874 0.000323296
  146 145.5 0.736018 0.000319452
  147 146.5 0.742944 0.000322458
  148 147.5 0.748884 0.000325036
  149 148.5 0.751754 0.000326282
  150 149.5 0.757556 0.0003288
  151 150.5 0.753994 0.000327254
  152 151.5 0.75501 0.000327695
  153 152.5 0.760154 0.000329928
  154 153.5 0.763766 0.000331496
  155 154.5 0.76997 0.000334188
  156 155.5 0.77813 0.00033773
  157 156.5 0.789776 0.000342785
  158 157.5 0.796472 0.000345691
  159 158.5 0.81191 0.000352391
  160 159.5 0.844464 0.000366521
  161 160.5 0.884616 0.000383948
  162 161.5 0.966832 0.000419632
  163 162.5 1.11076 0.000482099
  164 163.5 1.35128 0.000586492
  165 164.5 1.70951 0.000741974
  166 165.5 2.28146 0.000990216
  167 166.5 3.13112 0.00135899
  168 167.5 4.30472 0.00186837
  169 168.5 5.82798 0.0025295
  170 169.5 7.7487 0.00336315
  171 170.5 9.99186 0.00433674
  172 171.5 12.5565 0.00544989
  173 172.5 15.3531 0.00666367
  174 173.5 18.3649 0.00797086
  175 174.5 21.5235 0.00934179
  176 175.5 24.5828 0.0106696
  177 176.5 27.4289 0.0119049
  178 177.5 29.863 0.0129614
  179 178.5 31.8548 0.0138259
  180 179.5 33.2274 0.0144216
  181 180.5 34.2455 0.0148635
  182 181.5 34.9703 0.0151781
  183 182.5 35.4416 0.0153827
  184 183.5 35.6619 0.0154782
  185 184.5 35.9142 0.0155877
  186 185.5 36.0323 0.015639
  187 186.5 36.1251 0.0156793
  188 187.5 36.1565 0.0156929
  189 188.5 36.2191 0.0157201
  190 189.5 36.2774 0.0157454
  191 190.5 36.2524 0.0157346
  192 191.5 36.2779 0.0157456
  193 192.5 36.3401 0.0157726
  194 193.5 36.303 0.0157565
  195 194.5 36.3116 0.0157603
  196 195.5 36.3404 0.0157727
  197 196.5 36.3426 0.0157737
  198 197.5 36.3227 0.0157651
  199 198.5 36.3746 0.0157876
  200 199.5 36.3357 0.0157707
  201 200.5 36.3152 0.0157618
  202 201.5 36.384 0.0157917
  203 202.5 36.3638 0.0157829
  204 203.5 36.3019 0.015756
  205 204.5 36.3674 0.0157844
  206 205.5 36.3772 0.0157887
  207 206.5 36.308 0.0157587
  208 207.5 36.3448 0.0157746
  209 208.5 36.3523 0.0157779
  210 209.5 36.3326 0.0157693
  211 210.5 36.3525 0.015778
  212 211.5 36.3426 0.0157737
  213 212.5 36.3425 0.0157736
  214 213.5 36.3325 0.0157693
  215 214.5 36.3452 0.0157748
  216 215.5 36.3584 0.0157805
  217 216.5 36.3169 0.0157626
  218 217.5 36.3432 0.015774
  219 218.5 36.3711 0.0157861
  220 219.5 36.3062 0.0157579
  221 220.5 36.332 0.0157691
  222 221.5 36.3354 0.0157706
  223 222.5 36.3338 0.0157699
  224 223.5 36.3471 0.0157757
  225 224.5 36.3087 0.015759
  226 225.5 36.3563 0.0157796
  227 226.5 36.3457 0.015775
  228 227.5 36.3079 0.0157586
  229 228.5 36.3197 0.0157637
  230 229.5 36.3535 0.0157784
  231 230.5 36.3154 0.0157619
  232 231.5 36.3346 0.0157702
  233 232.5 36.3274 0.0157671
  234 233.5 36.3376 0.0157715
  235 234.5 36.347 0.0157756
  236 235.5 36.3424 0.0157736
  237 236.5 36.3063 0.015758
  238 237.5 36.3376 0.0157715
  239 238.5 36.3561 0.0157796
  240 239.5 36.3223 0.0157649
  241 240.5 36.2856 0.015749
  242 241.5 36.3513 0.0157775
  243 242.5 36.3531 0.0157783
  244 243.5 36.2741 0.015744
  245 244.5 36.3575 0.0157802
  246 245.5 36.3611 0.0157817
  247 246.5 36.3101 0.0157596
  248 247.5 36.31 0.0157595
  249 248.5 36.3632 0.0157826
  250 249.5 36.34 0.0157726
  251 250.5 36.2909 0.0157513
  252 251.5 36.3485 0.0157762
  253 252.5 36.354 0.0157787
  254 253.5 36.3116 0.0157602
  255 254.5 36.3244 0.0157658
  256 255.5 36.3572 0.01578
  257 256.5 36.3232 0.0157653
  258 257.5 36.3213 0.0157644
  259 258.5 36.3696 0.0157854
  260 259.5 36.3489 0.0157764
  261 260.5 36.3215 0.0157645
  262 261.5 36.3494 0.0157766
  263 262.5 36.359 0.0157808
  264 263.5 36.3096 0.0157594
  265 264.5 36.3458 0.0157751
  266 265.5 36.3558 0.0157794
  267 266.5 36.3231 0.0157652
  268 267.5 36.3311 0.0157687
  269 268.5 36.3673 0.0157844
  270 269.5 36.343 0.0157739
  271 270.5 36.3166 0.0157624
  272 271.5 36.3545 0.0157789
  273 272.5 36.3305 0.0157685
  274 273.5 36.3399 0.0157725
  275 274.5 36.3285 0.0157676
  276 275.5 36.3335 0.0157697
  277 276.5 36.3401 0.0157726
  278 277.5 36.3263 0.0157666
  279 278.5 36.3418 0.0157734
  280 279.5 36.3597 0.0157811
  281 280.5 36.3618 0.015782
  282 281.5 36.3325 0.0157693
  283 282.5 36.3687 0.015785
  284 283.5 36.3806 0.0157902
  285 284.5 36.364 0.015783
  286 285.5 36.3695 0.0157854
  287 286.5 36.3568 0.0157799
  288 287.5 36.3564 0.0157797
  289 288.5 36.3848 0.015792
  290 289.5 36.395 0.0157964
  291 290.5 36.3244 0.0157658
  292 291.5 36.3819 0.0157907
  293 292.5 36.3878 0.0157933
  294 293.5 36.3645 0.0157832
  295 294.5 36.3762 0.0157883
  296 295.5 36.4264 0.0158101
  297 296.5 36.3724 0.0157866
  298 297.5 36.3654 0.0157836
  299 298.5 36.4136 0.0158045
  300 299.5 36.3749 0.0157877
  301 300.5 36.3635 0.0157828
  302 301.5 36.4135 0.0158045
  303 302.5 36.4104 0.0158031
  304 303.5 36.3722 0.0157865
  305 304.5 36.3907 0.0157946
  306 305.5 36.4091 0.0158025
  307 306.5 36.3621 0.0157822
  308 307.5 36.3727 0.0157868
  309 308.5 36.3798 0.0157898
  310 309.5 36.387 0.015793
  311 310.5 36.3432 0.015774
  312 311.5 36.3597 0.0157811
  313 312.5 36.3512 0.0157774
  314 313.5 36.3178 0.0157629
  315 314.5 36.3215 0.0157646
  316 315.5 36.3196 0.0157637
  317 316.5 36.2725 0.0157433
  318 317.5 36.2341 0.0157266
  319 318.5 36.2313 0.0157254
  320 319.5 36.1092 0.0156724
  321 320.5 36.0201 0.0156337
  322 321.5 35.8989 0.0155811
  323 322.5 35.7018 0.0154956
  324 323.5 35.3484 0.0153422
  325 324.5 34.9215 0.0151569
  326 325.5 34.32 0.0148959
  327 326.5 33.3801 0.0144879
  328 327.5 32.1315 0.0139459
  329 328.5 30.5166 0.013245
  330 329.5 28.5382 0.0123864
  331 330.5 26.1002 0.0113282
  332 331.5 23.3342 0.0101277
  333 332.5 20.3063 0.00881349
  334 333.5 17.0616 0.0074052
  335 334.5 13.7466 0.00596639
  336 335.5 10.6292 0.00461338
  337 336.5 7.87396 0.00341752
  338 337.5 5.60852 0.00243425
  339 338.5 3.91581 0.00169957
  340 339.5 2.72175 0.00118132
  341 340.5 1.92576 0.000835834
  342 341.5 1.4424 0.00062604
  343 342.5 1.16427 0.000505326
  344 343.5 0.98757 0.000428633
  345 344.5 0.882062 0.000382839
  346 345.5 0.821636 0.000356613
  347 346.5 0.786872 0.000341524
  348 347.5 0.7605 0.000330078
  349 348.5 0.741844 0.000321981
  350 349.5 0.732364 0.000317866
  351 350.5 0.720868 0.000312877
  352 351.5 0.71771 0.000311506
  353 352.5 0.70721 0.000306949
  354 353.5 0.702102 0.000304732
  355 354.5 0.696648 0.000302365
  356 355.5 0.690852 0.000299849
  357 356.5 0.675568 0.000293215
  358 357.5 0.676964 0.000293821
  359 358.5 0.681136 0.000295632
  360 359.5 0.681184 0.000295653
  361 360.5 0.686786 0.000298084
  362 361.5 0.685058 0.000297334
  363 362.5 0.677882 0.00029422
  364 363.5 0.668188 0.000290012
  365 364.5 0.663362 0.000287918
  366 365.5 0.657234 0.000285258
  367 366.5 0.651472 0.000282757
  368 367.5 0.646486 0.000280593
  369 368.5 0.63904 0.000277361
  370 369.5 0.62755 0.000272374
  371 370.5 0.626022 0.000271711
  372 371.5 0.624556 0.000271075
  373 372.5 0.619226 0.000268761
  374 373.5 0.622696 0.000270267
  375 374.5 0.61584 0.000267292
  376 375.5 0.612198 0.000265711
  377 376.5 0.604644 0.000262432
  378 377.5 0.59887 0.000259926
  379 378.5 0.597278 0.000259235
  380 379.5 0.593776 0.000257715
  381 380.5 0.583582 0.000253291
  382 381.5 0.581858 0.000252543
  383 382.5 0.582858 0.000252977
  384 383.5 0.573556 0.000248939
  385 384.5 0.56519 0.000245308
  386 385.5 0.558836 0.00024255
  387 386.5 0.551472 0.000239354
  388 387.5 0.540288 0.0002345
  389 388.5 0.536054 0.000232662
  390 389.5 0.524722 0.000227744
  391 390.5 0.520028 0.000225707
  392 391.5 0.514226 0.000223188
  393 392.5 0.507958 0.000220468
  394 393.5 0.503356 0.00021847
  395 394.5 0.497976 0.000216135
  396 395.5 0.4902 0.00021276
  397 396.5 0.48336 0.000209792
  398 397.5 0.480078 0.000208367
  399 398.5 0.474412 0.000205908
  400 399.5 0.469198 0.000203645
  401 400.5 0.461616 0.000200354
  402 401.5 0.45629 0.000198043
  403 402.5 0.451244 0.000195852
  404 403.5 0.448804 0.000194793
  405 404.5 0.443106 0.00019232
  406 405.5 0.443108 0.000192321
  407 406.5 0.435678 0.000189096
  408 407.5 0.4275 0.000185547
  409 408.5 0.424938 0.000184435
  410 409.5 0.423204 0.000183682
  411 410.5 0.417844 0.000181356
  412 411.5 0.412104 0.000178865
  413 412.5 0.406992 0.000176646
  414 413.5 0.402114 0.000174529
  415 414.5 0.400354 0.000173765
  416 415.5 0.400284 0.000173734
  417 416.5 0.39957 0.000173424
  418 417.5 0.393728 0.000170889
  419 418.5 0.390122 0.000169324
  420 419.5 0.384454 0.000166864
  421 420.5 0.38481 0.000167018
  422 421.5 0.385396 0.000167273
  423 422.5 0.38502 0.000167109
  424 423.5 0.379582 0.000164749
  425 424.5 0.379408 0.000164674
  426 425.5 0.370556 0.000160832
  427 426.5 0.373564 0.000162137
  428 427.5 0.373852 0.000162262
  429 428.5 0.374388 0.000162495
  430 429.5 0.36952 0.000160382
  431 430.5 0.367622 0.000159558
  432 431.5 0.36711 0.000159336
  433 432.5 0.366004 0.000158856
  434 433.5 0.368486 0.000159933
  435 434.5 0.365666 0.000158709
  436 435.5 0.368174 0.000159798
  437 436.5 0.370522 0.000160817
  438 437.5 0.377852 0.000163998
  439 438.5 0.373766 0.000162225
  440 439.5 0.3743 0.000162457
  441 440.5 0.371794 0.000161369
  442 441.5 0.372232 0.000161559
  443 442.5 0.368414 0.000159902
  444 443.5 0.370776 0.000160927
  445 444.5 0.368778 0.00016006
  446 445.5 0.363274 0.000157671
  447 446.5 0.363392 0.000157722
  448 447.5 0.361294 0.000156812
  449 448.5 0.36 0.00015625
  450 449.5 0.360586 0.000156504
  451 450.5 0.359774 0.000156152
  452 451.5 0.35398 0.000153637
  453 452.5 0.355988 0.000154509
  454 453.5 0.35287 0.000153155
  455 454.5 0.35157 0.000152591
  456 455.5 0.355464 0.000154281
  457 456.5 0.352396 0.00015295
  458 457.5 0.35291 0.000153173
  459 458.5 0.355778 0.000154418
  460 459.5 0.360048 0.000156271
  461 460.5 0.358722 0.000155695
  462 461.5 0.357828 0.000155307
  463 462.5 0.354766 0.000153978
  464 463.5 0.355326 0.000154221
  465 464.5 0.35665 0.000154796
  466 465.5 0.35827 0.000155499
  467 466.5 0.35684 0.000154878
  468 467.5 0.358538 0.000155615
  469 468.5 0.359924 0.000156217
  470 469.5 0.36021 0.000156341
  471 470.5 0.363866 0.000157928
  472 471.5 0.365524 0.000158648
  473 472.5 0.365182 0.000158499
  474 473.5 0.363738 0.000157872
  475 474.5 0.3646 0.000158247
  476 475.5 0.370666 0.000160879
  477 476.5 0.36791 0.000159683
  478 477.5 0.367298 0.000159418
  479 478.5 0.36537 0.000158581
  480 479.5 0.368674 0.000160015
