# Chunk-averaged data for fix tensor3 and group c2
# Timestep Number-of-chunks Total-count
# Chunk Coord1 Ncount density/number
20000000 480 5968.9999999999945
  1 0.5 1.73475 0.000752931
  2 1.5 1.73286 0.000752111
  3 2.5 1.73075 0.000751193
  4 3.5 1.7422 0.000756161
  5 4.5 1.7438 0.000756859
  6 5.5 1.74809 0.000758721
  7 6.5 1.74758 0.000758497
  8 7.5 1.73507 0.00075307
  9 8.5 1.72725 0.000749673
  10 9.5 1.71753 0.000745457
  11 10.5 1.70885 0.000741687
  12 11.5 1.69658 0.000736361
  13 12.5 1.69405 0.000735263
  14 13.5 1.68435 0.000731056
  15 14.5 1.6894 0.000733245
  16 15.5 1.69845 0.000737176
  17 16.5 1.71765 0.00074551
  18 17.5 1.7231 0.000747872
  19 18.5 1.69772 0.000736856
  20 19.5 1.69092 0.000733906
  21 20.5 1.67975 0.000729056
  22 21.5 1.68221 0.000730124
  23 22.5 1.70413 0.00073964
  24 23.5 1.69999 0.000737843
  25 24.5 1.7013 0.00073841
  26 25.5 1.67766 0.000728152
  27 26.5 1.67053 0.000725055
  28 27.5 1.6618 0.000721267
  29 28.5 1.64982 0.000716068
  30 29.5 1.64253 0.000712904
  31 30.5 1.63601 0.000710076
  32 31.5 1.64428 0.000713664
  33 32.5 1.63801 0.000710942
  34 33.5 1.64362 0.000713378
  35 34.5 1.6263 0.000705859
  36 35.5 1.63477 0.000709537
  37 36.5 1.63391 0.000709163
  38 37.5 1.63769 0.000710802
  39 38.5 1.63128 0.000708021
  40 39.5 1.63768 0.000710798
  41 40.5 1.64443 0.00071373
  42 41.5 1.66955 0.000724631
  43 42.5 1.6742 0.000726648
  44 43.5 1.68696 0.000732186
  45 44.5 1.68706 0.000732233
  46 45.5 1.67614 0.00072749
  47 46.5 1.69067 0.000733799
  48 47.5 1.68356 0.000730711
  49 48.5 1.67566 0.000727281
  50 49.5 1.68767 0.000732494
  51 50.5 1.69987 0.000737791
  52 51.5 1.7112 0.000742709
  53 52.5 1.73136 0.000751457
  54 53.5 1.7497 0.000759419
  55 54.5 1.77347 0.000769735
  56 55.5 1.79774 0.000780268
  57 56.5 1.80784 0.000784651
  58 57.5 1.81067 0.000785883
  59 58.5 1.77438 0.000770132
  60 59.5 1.71162 0.000742889
  61 60.5 1.60693 0.000697453
  62 61.5 1.45846 0.000633012
  63 62.5 1.29399 0.000561629
  64 63.5 1.10328 0.000478852
  65 64.5 0.903082 0.000391963
  66 65.5 0.719054 0.000312089
  67 66.5 0.559442 0.000242813
  68 67.5 0.431314 0.000187202
  69 68.5 0.337518 0.000146492
  70 69.5 0.261644 0.000113561
  71 70.5 0.21419 9.29644e-05
  72 71.5 0.182498 7.92092e-05
  73 72.5 0.161908 7.02726e-05
  74 73.5 0.150982 6.55304e-05
  75 74.5 0.143164 6.21372e-05
  76 75.5 0.137274 5.95807e-05
  77 76.5 0.129262 5.61033e-05
  78 77.5 0.126442 5.48793e-05
  79 78.5 0.12711 5.51693e-05
  80 79.5 0.125846 5.46207e-05
  81 80.5 0.126934 5.50929e-05
  82 81.5 0.12332 5.35243e-05
  83 82.5 0.123028 5.33976e-05
  84 83.5 0.119852 5.20191e-05
  85 84.5 0.12308 5.34201e-05
  86 85.5 0.122832 5.33125e-05
  87 86.5 0.120382 5.22491e-05
  88 87.5 0.119064 5.16771e-05
  89 88.5 0.120008 5.20868e-05
  90 89.5 0.122428 5.31372e-05
  91 90.5 0.122412 5.31302e-05
  92 91.5 0.12171 5.28255e-05
  93 92.5 0.122596 5.32101e-05
  94 93.5 0.123718 5.3697e-05
  95 94.5 0.1233 5.35156e-05
  96 95.5 0.124568 5.4066e-05
  97 96.5 0.12295 5.33637e-05
  98 97.5 0.1225 5.31684e-05
  99 98.5 0.121338 5.26641e-05
  100 99.5 0.12202 5.29601e-05
  101 100.5 0.120364 5.22413e-05
  102 101.5 0.122046 5.29714e-05
  103 102.5 0.122536 5.3184e-05
  104 103.5 0.12161 5.27821e-05
  105 104.5 0.119842 5.20148e-05
  106 105.5 0.120766 5.24158e-05
  107 106.5 0.119502 5.18672e-05
  108 107.5 0.119546 5.18863e-05
  109 108.5 0.12142 5.26997e-05
  110 109.5 0.119644 5.19288e-05
  111 110.5 0.119234 5.17509e-05
  112 111.5 0.119198 5.17352e-05
  113 112.5 0.119858 5.20217e-05
  114 113.5 0.120764 5.24149e-05
  115 114.5 0.120736 5.24028e-05
  116 115.5 0.121602 5.27786e-05
  117 116.5 0.123706 5.36918e-05
  118 117.5 0.124344 5.39688e-05
  119 118.5 0.123796 5.37309e-05
  120 119.5 0.121276 5.26372e-05
  121 120.5 0.124036 5.38351e-05
  122 121.5 0.124632 5.40937e-05
  123 122.5 0.122706 5.32578e-05
  124 123.5 0.122926 5.33533e-05
  125 124.5 0.123798 5.37318e-05
  126 125.5 0.12548 5.44618e-05
  127 126.5 0.126986 5.51155e-05
  128 127.5 0.12423 5.39193e-05
  129 128.5 0.12356 5.36285e-05
  130 129.5 0.124234 5.3921e-05
  131 130.5 0.12247 5.31554e-05
  132 131.5 0.121456 5.27153e-05
  133 132.5 0.12275 5.32769e-05
  134 133.5 0.125032 5.42674e-05
  135 134.5 0.123174 5.34609e-05
  136 135.5 0.123788 5.37274e-05
  137 136.5 0.122636 5.32274e-05
  138 137.5 0.122734 5.327e-05
  139 138.5 0.1217 5.28212e-05
  140 139.5 0.122152 5.30174e-05
  141 140.5 0.121998 5.29505e-05
  142 141.5 0.122134 5.30095e-05
  143 142.5 0.12206 5.29774e-05
  144 143.5 0.123014 5.33915e-05
  145 144.5 0.12061 5.23481e-05
  146 145.5 0.121982 5.29436e-05
  147 146.5 0.119836 5.20122e-05
  148 147.5 0.119828 5.20087e-05
  149 148.5 0.116682 5.06432e-05
  150 149.5 0.117628 5.10538e-05
  151 150.5 0.119122 5.17023e-05
  152 151.5 0.11972 5.19618e-05
  153 152.5 0.119584 5.19028e-05
  154 153.5 0.121426 5.27023e-05
  155 154.5 0.120472 5.22882e-05
  156 155.5 0.120156 5.2151e-05
  157 156.5 0.12032 5.22222e-05
  158 157.5 0.121322 5.26571e-05
  159 158.5 0.116988 5.0776e-05
  160 159.5 0.11952 5.1875e-05
  161 160.5 0.117474 5.0987e-05
  162 161.5 0.117064 5.0809e-05
  163 162.5 0.121184 5.25972e-05
  164 163.5 0.121564 5.27622e-05
  165 164.5 0.1193 5.17795e-05
  166 165.5 0.120062 5.21102e-05
  167 166.5 0.119056 5.16736e-05
  168 167.5 0.120668 5.23733e-05
  169 168.5 0.12084 5.24479e-05
  170 169.5 0.120108 5.21302e-05
  171 170.5 0.118036 5.12309e-05
  172 171.5 0.120756 5.24115e-05
  173 172.5 0.12016 5.21528e-05
  174 173.5 0.120802 5.24314e-05
  175 174.5 0.12255 5.31901e-05
  176 175.5 0.121062 5.25443e-05
  177 176.5 0.117702 5.10859e-05
  178 177.5 0.119834 5.20113e-05
  179 178.5 0.121788 5.28594e-05
  180 179.5 0.120338 5.223e-05
  181 180.5 0.119674 5.19418e-05
  182 181.5 0.119894 5.20373e-05
  183 182.5 0.119732 5.1967e-05
  184 183.5 0.118388 5.13837e-05
  185 184.5 0.11929 5.17752e-05
  186 185.5 0.120814 5.24366e-05
  187 186.5 0.11797 5.12023e-05
  188 187.5 0.117988 5.12101e-05
  189 188.5 0.1183 5.13455e-05
  190 189.5 0.118018 5.12231e-05
  191 190.5 0.118194 5.12995e-05
  192 191.5 0.119388 5.18177e-05
  193 192.5 0.119432 5.18368e-05
  194 193.5 0.121156 5.25851e-05
  195 194.5 0.120522 5.23099e-05
  196 195.5 0.11952 5.1875e-05
  197 196.5 0.12184 5.28819e-05
  198 197.5 0.121576 5.27674e-05
  199 198.5 0.120986 5.25113e-05
  200 199.5 0.1201 5.21267e-05
  201 200.5 0.119704 5.19549e-05
  202 201.5 0.12156 5.27604e-05
  203 202.5 0.1237 5.36892e-05
  204 203.5 0.12705 5.51432e-05
  205 204.5 0.132502 5.75095e-05
  206 205.5 0.135568 5.88403e-05
  207 206.5 0.144424 6.2684e-05
  208 207.5 0.153422 6.65894e-05
  209 208.5 0.172346 7.4803e-05
  210 209.5 0.20495 8.8954e-05
  211 210.5 0.251086 0.000108978
  212 211.5 0.320714 0.000139199
  213 212.5 0.415446 0.000180315
  214 213.5 0.536478 0.000232846
  215 214.5 0.714424 0.00031008
  216 215.5 0.931988 0.000404509
  217 216.5 1.20058 0.000521083
  218 217.5 1.54175 0.000669162
  219 218.5 1.95843 0.000850015
  220 219.5 2.4639 0.0010694
  221 220.5 3.14659 0.00136571
  222 221.5 4.07287 0.00176774
  223 222.5 5.3089 0.00230421
  224 223.5 6.93568 0.00301028
  225 224.5 9.02033 0.00391507
  226 225.5 11.5846 0.00502803
  227 226.5 14.5117 0.0062985
  228 227.5 17.7338 0.00769695
  229 228.5 20.9577 0.00909621
  230 229.5 24.0533 0.0104398
  231 230.5 26.7888 0.0116271
  232 231.5 29.1024 0.0126312
  233 232.5 30.9513 0.0134337
  234 233.5 32.3333 0.0140336
  235 234.5 33.3309 0.0144666
  236 235.5 34.0465 0.0147771
  237 236.5 34.5771 0.0150074
  238 237.5 34.9463 0.0151677
  239 238.5 35.1143 0.0152406
  240 239.5 35.3111 0.015326
  241 240.5 35.4482 0.0153855
  242 241.5 35.5379 0.0154244
  243 242.5 35.5552 0.0154319
  244 243.5 35.6489 0.0154726
  245 244.5 35.6971 0.0154935
  246 245.5 35.6721 0.0154827
  247 246.5 35.703 0.0154961
  248 247.5 35.7101 0.0154992
  249 248.5 35.7158 0.0155017
  250 249.5 35.6803 0.0154862
  251 250.5 35.7338 0.0155095
  252 251.5 35.6818 0.0154869
  253 252.5 35.6993 0.0154945
  254 253.5 35.6944 0.0154924
  255 254.5 35.6996 0.0154946
  256 255.5 35.7106 0.0154994
  257 256.5 35.7651 0.015523
  258 257.5 35.7409 0.0155125
  259 258.5 35.7846 0.0155315
  260 259.5 35.8158 0.0155451
  261 260.5 35.806 0.0155408
  262 261.5 35.8142 0.0155444
  263 262.5 35.8544 0.0155618
  264 263.5 35.8306 0.0155515
  265 264.5 35.8403 0.0155557
  266 265.5 35.8285 0.0155505
  267 266.5 35.8293 0.0155509
  268 267.5 35.8254 0.0155492
  269 268.5 35.8078 0.0155416
  270 269.5 35.8268 0.0155498
  271 270.5 35.8274 0.0155501
  272 271.5 35.8212 0.0155474
  273 272.5 35.8358 0.0155537
  274 273.5 35.8263 0.0155496
  275 274.5 35.8669 0.0155672
  276 275.5 35.7959 0.0155364
  277 276.5 35.8178 0.0155459
  278 277.5 35.8544 0.0155618
  279 278.5 35.8119 0.0155434
  280 279.5 35.8298 0.0155511
  281 280.5 35.8283 0.0155505
  282 281.5 35.8157 0.015545
  283 282.5 35.7959 0.0155364
  284 283.5 35.8471 0.0155586
  285 284.5 35.8395 0.0155553
  286 285.5 35.8109 0.0155429
  287 286.5 35.8409 0.015556
  288 287.5 35.8786 0.0155723
  289 288.5 35.8086 0.0155419
  290 289.5 35.8218 0.0155477
  291 290.5 35.8289 0.0155507
  292 291.5 35.8214 0.0155475
  293 292.5 35.8356 0.0155537
  294 293.5 35.8118 0.0155433
  295 294.5 35.8813 0.0155735
  296 295.5 35.8401 0.0155556
  297 296.5 35.8409 0.0155559
  298 297.5 35.8869 0.0155759
  299 298.5 35.8767 0.0155715
  300 299.5 35.8526 0.015561
  301 300.5 35.8822 0.0155739
  302 301.5 35.88 0.0155729
  303 302.5 35.8429 0.0155568
  304 303.5 35.875 0.0155708
  305 304.5 35.8566 0.0155628
  306 305.5 35.8465 0.0155584
  307 306.5 35.8449 0.0155577
  308 307.5 35.8389 0.0155551
  309 308.5 35.8168 0.0155455
  310 309.5 35.8639 0.0155659
  311 310.5 35.8402 0.0155556
  312 311.5 35.8107 0.0155429
  313 312.5 35.8654 0.0155666
  314 313.5 35.8874 0.0155761
  315 314.5 35.8398 0.0155555
  316 315.5 35.8525 0.015561
  317 316.5 35.9153 0.0155883
  318 317.5 35.881 0.0155733
  319 318.5 35.8606 0.0155645
  320 319.5 35.892 0.0155781
  321 320.5 35.9242 0.0155921
  322 321.5 35.8855 0.0155753
  323 322.5 35.8816 0.0155736
  324 323.5 35.9357 0.0155971
  325 324.5 35.9286 0.015594
  326 325.5 35.8788 0.0155724
  327 326.5 35.9283 0.0155939
  328 327.5 35.9398 0.0155989
  329 328.5 35.9021 0.0155825
  330 329.5 35.8806 0.0155732
  331 330.5 35.9119 0.0155868
  332 331.5 35.8995 0.0155814
  333 332.5 35.8677 0.0155676
  334 333.5 35.8992 0.0155813
  335 334.5 35.933 0.0155959
  336 335.5 35.9021 0.0155825
  337 336.5 35.9144 0.0155879
  338 337.5 35.9494 0.015603
  339 338.5 35.9061 0.0155842
  340 339.5 35.9336 0.0155962
  341 340.5 35.9187 0.0155897
  342 341.5 35.9579 0.0156067
  343 342.5 35.8825 0.015574
  344 343.5 35.9049 0.0155837
  345 344.5 35.9123 0.0155869
  346 345.5 35.9055 0.015584
  347 346.5 35.8882 0.0155765
  348 347.5 35.9227 0.0155915
  349 348.5 35.9218 0.0155911
  350 349.5 35.893 0.0155786
  351 350.5 35.9533 0.0156047
  352 351.5 35.9169 0.0155889
  353 352.5 35.92 0.0155903
  354 353.5 35.9231 0.0155916
  355 354.5 35.9198 0.0155902
  356 355.5 35.8982 0.0155808
  357 356.5 35.929 0.0155942
  358 357.5 35.8589 0.0155638
  359 358.5 35.8416 0.0155562
  360 359.5 35.922 0.0155911
  361 360.5 35.842 0.0155564
  362 361.5 35.8231 0.0155482
  363 362.5 35.8354 0.0155536
  364 363.5 35.8941 0.015579
  365 364.5 35.8325 0.0155523
  366 365.5 35.7761 0.0155278
  367 366.5 35.8252 0.0155491
  368 367.5 35.8495 0.0155597
  369 368.5 35.7359 0.0155104
  370 369.5 35.7447 0.0155142
  371 370.5 35.7728 0.0155264
  372 371.5 35.6529 0.0154743
  373 372.5 35.536 0.0154236
  374 373.5 35.5744 0.0154403
  375 374.5 35.4122 0.0153699
  376 375.5 35.1745 0.0152667
  377 376.5 34.9698 0.0151778
  378 377.5 34.6883 0.0150557
  379 378.5 34.1543 0.0148239
  380 379.5 33.4262 0.0145079
  381 380.5 32.5002 0.014106
  382 381.5 31.1198 0.0135069
  383 382.5 29.2448 0.0126931
  384 383.5 26.9347 0.0116904
  385 384.5 24.1661 0.0104888
  386 385.5 21.0015 0.00911522
  387 386.5 17.638 0.00765539
  388 387.5 14.3719 0.0062378
  389 388.5 11.3646 0.00493253
  390 389.5 8.75898 0.00380164
  391 390.5 6.66534 0.00289294
  392 391.5 5.09033 0.00220935
  393 392.5 3.95135 0.001715
  394 393.5 3.16776 0.0013749
  395 394.5 2.62993 0.00114146
  396 395.5 2.26709 0.00098398
  397 396.5 2.03889 0.000884935
  398 397.5 1.8981 0.00082383
  399 398.5 1.79938 0.000780979
  400 399.5 1.72166 0.00074725
  401 400.5 1.69514 0.00073574
  402 401.5 1.67234 0.000725842
  403 402.5 1.63976 0.0007117
  404 403.5 1.63749 0.000710717
  405 404.5 1.62049 0.000703338
  406 405.5 1.60612 0.000697102
  407 406.5 1.58959 0.000689928
  408 407.5 1.58129 0.000686323
  409 408.5 1.57823 0.000684997
  410 409.5 1.57102 0.000681868
  411 410.5 1.56296 0.00067837
  412 411.5 1.56722 0.000680215
  413 412.5 1.56533 0.000679395
  414 413.5 1.56202 0.000677958
  415 414.5 1.56239 0.000678122
  416 415.5 1.57022 0.000681518
  417 416.5 1.57053 0.000681655
  418 417.5 1.58287 0.00068701
  419 418.5 1.57465 0.000683442
  420 419.5 1.56023 0.000677181
  421 420.5 1.56878 0.000680893
  422 421.5 1.56305 0.000678409
  423 422.5 1.57508 0.000683627
  424 423.5 1.57398 0.00068315
  425 424.5 1.56736 0.000680279
  426 425.5 1.56636 0.000679842
  427 426.5 1.57184 0.000682222
  428 427.5 1.58137 0.000686358
  429 428.5 1.58018 0.000685844
  430 429.5 1.56741 0.000680299
  431 430.5 1.56629 0.000679812
  432 431.5 1.57575 0.000683918
  433 432.5 1.57503 0.000683608
  434 433.5 1.58792 0.000689202
  435 434.5 1.60017 0.00069452
  436 435.5 1.60546 0.000696813
  437 436.5 1.61852 0.000702484
  438 437.5 1.6321 0.000708378
  439 438.5 1.62145 0.000703755
  440 439.5 1.63178 0.000708236
  441 440.5 1.63387 0.000709145
  442 441.5 1.6314 0.000708074
  443 442.5 1.62997 0.000707451
  444 443.5 1.60347 0.000695951
  445 444.5 1.58868 0.000689532
  446 445.5 1.58158 0.000686449
  447 446.5 1.58406 0.000687526
  448 447.5 1.57951 0.000685551
  449 448.5 1.57596 0.000684009
  450 449.5 1.57643 0.000684214
  451 450.5 1.58532 0.000688075
  452 451.5 1.58959 0.000689927
  453 452.5 1.58414 0.000687563
  454 453.5 1.60214 0.000695372
  455 454.5 1.6159 0.000701345
  456 455.5 1.61068 0.000699082
  457 456.5 1.6133 0.000700217
  458 457.5 1.6193 0.000702823
  459 458.5 1.6201 0.000703169
  460 459.5 1.61586 0.000701327
  461 460.5 1.6229 0.000704382
  462 461.5 1.61129 0.000699343
  463 462.5 1.62487 0.000705238
  464 463.5 1.63263 0.000708606
  465 464.5 1.64412 0.000713595
  466 465.5 1.66364 0.000722066
  467 466.5 1.67573 0.000727315
  468 467.5 1.6976 0.000736806
  469 468.5 1.70459 0.000739839
  470 469.5 1.69817 0.000737052
  471 470.5 1.71226 0.000743167
  472 471.5 1.72547 0.000748903
  473 472.5 1.71971 0.0007464
  474 473.5 1.71101 0.000742627
  475 474.5 1.712 0.000743056
  476 475.5 1.71028 0.000742307
  477 476.5 1.71221 0.000743148
  478 477.5 1.72272 0.000747708
  479 478.5 1.73408 0.00075264
  480 479.5 1.73278 0.000752076
30000000 480 5968.9999999999945
  1 0.5 1.49913 0.000650665
  2 1.5 1.4904 0.000646874
  3 2.5 1.49825 0.00065028
  4 3.5 1.49487 0.000648817
  5 4.5 1.49019 0.000646783
  6 5.5 1.47222 0.000638986
  7 6.5 1.47826 0.000641606
  8 7.5 1.4876 0.000645659
  9 8.5 1.46975 0.000637913
  10 9.5 1.46999 0.000638015
  11 10.5 1.49465 0.000648718
  12 11.5 1.49861 0.000650439
  13 12.5 1.50264 0.000652187
  14 13.5 1.5014 0.000651648
  15 14.5 1.51177 0.000656151
  16 15.5 1.5163 0.000658115
  17 16.5 1.51774 0.000658741
  18 17.5 1.50145 0.000651671
  19 18.5 1.50444 0.00065297
  20 19.5 1.51444 0.000657311
  21 20.5 1.53039 0.000664231
  22 21.5 1.5388 0.000667881
  23 22.5 1.52383 0.000661384
  24 23.5 1.53662 0.000666937
  25 24.5 1.53601 0.000666672
  26 25.5 1.53819 0.000667619
  27 26.5 1.54045 0.000668598
  28 27.5 1.54148 0.000669047
  29 28.5 1.53638 0.00066683
  30 29.5 1.53228 0.000665051
  31 30.5 1.52619 0.000662411
  32 31.5 1.51963 0.00065956
  33 32.5 1.52804 0.000663211
  34 33.5 1.52423 0.000661557
  35 34.5 1.5305 0.00066428
  36 35.5 1.53953 0.000668198
  37 36.5 1.54312 0.000669757
  38 37.5 1.53232 0.000665068
  39 38.5 1.52725 0.00066287
  40 39.5 1.52474 0.000661778
  41 40.5 1.52953 0.00066386
  42 41.5 1.53078 0.0006644
  43 42.5 1.53651 0.000666888
  44 43.5 1.55091 0.000673138
  45 44.5 1.54645 0.000671201
  46 45.5 1.54244 0.000669462
  47 46.5 1.5526 0.000673871
  48 47.5 1.55003 0.000672755
  49 48.5 1.55758 0.000676032
  50 49.5 1.55732 0.000675918
  51 50.5 1.56833 0.000680699
  52 51.5 1.58014 0.000685823
  53 52.5 1.61226 0.000699766
  54 53.5 1.63645 0.000710266
  55 54.5 1.66459 0.000722479
  56 55.5 1.69316 0.000734878
  57 56.5 1.72477 0.000748598
  58 57.5 1.75894 0.000763428
  59 58.5 1.77886 0.000772075
  60 59.5 1.7832 0.000773959
  61 60.5 1.767 0.000766928
  62 61.5 1.71107 0.000742654
  63 62.5 1.60436 0.000696335
  64 63.5 1.462 0.000634549
  65 64.5 1.27658 0.000554071
  66 65.5 1.07979 0.000468657
  67 66.5 0.874902 0.000379732
  68 67.5 0.691824 0.000300271
  69 68.5 0.530624 0.000230306
  70 69.5 0.400682 0.000173907
  71 70.5 0.31239 0.000135586
  72 71.5 0.24755 0.000107444
  73 72.5 0.203626 8.83793e-05
  74 73.5 0.17521 7.6046e-05
  75 74.5 0.157714 6.84523e-05
  76 75.5 0.144584 6.27535e-05
  77 76.5 0.134496 5.8375e-05
  78 77.5 0.130976 5.68472e-05
  79 78.5 0.126762 5.50182e-05
  80 79.5 0.126294 5.48151e-05
  81 80.5 0.125326 5.4395e-05
  82 81.5 0.123302 5.35165e-05
  83 82.5 0.119342 5.17977e-05
  84 83.5 0.119446 5.18429e-05
  85 84.5 0.119352 5.18021e-05
  86 85.5 0.12 5.20833e-05
  87 86.5 0.11943 5.18359e-05
  88 87.5 0.121986 5.29453e-05
  89 88.5 0.121432 5.27049e-05
  90 89.5 0.121146 5.25807e-05
  91 90.5 0.120162 5.21536e-05
  92 91.5 0.118288 5.13403e-05
  93 92.5 0.118988 5.16441e-05
  94 93.5 0.120926 5.24852e-05
  95 94.5 0.120914 5.248e-05
  96 95.5 0.12029 5.22092e-05
  97 96.5 0.11947 5.18533e-05
  98 97.5 0.121872 5.28958e-05
  99 98.5 0.120106 5.21293e-05
  100 99.5 0.118568 5.14618e-05
  101 100.5 0.119806 5.19991e-05
  102 101.5 0.119324 5.17899e-05
  103 102.5 0.120568 5.23299e-05
  104 103.5 0.118962 5.16328e-05
  105 104.5 0.11845 5.14106e-05
  106 105.5 0.118448 5.14097e-05
  107 106.5 0.121358 5.26727e-05
  108 107.5 0.12297 5.33724e-05
  109 108.5 0.12123 5.26172e-05
  110 109.5 0.120916 5.24809e-05
  111 110.5 0.122342 5.30998e-05
  112 111.5 0.1241 5.38628e-05
  113 112.5 0.122328 5.30937e-05
  114 113.5 0.119292 5.1776e-05
  115 114.5 0.120472 5.22882e-05
  116 115.5 0.122302 5.30825e-05
  117 116.5 0.120946 5.24939e-05
  118 117.5 0.117922 5.11814e-05
  119 118.5 0.11737 5.09418e-05
  120 119.5 0.115498 5.01293e-05
  121 120.5 0.117556 5.10226e-05
  122 121.5 0.117446 5.09748e-05
  123 122.5 0.118134 5.12734e-05
  124 123.5 0.119352 5.18021e-05
  125 124.5 0.11972 5.19618e-05
  126 125.5 0.117508 5.10017e-05
  127 126.5 0.118594 5.14731e-05
  128 127.5 0.121248 5.2625e-05
  129 128.5 0.120222 5.21797e-05
  130 129.5 0.120578 5.23342e-05
  131 130.5 0.121076 5.25503e-05
  132 131.5 0.124 5.38194e-05
  133 132.5 0.12251 5.31727e-05
  134 133.5 0.124064 5.38472e-05
  135 134.5 0.124806 5.41693e-05
  136 135.5 0.122422 5.31345e-05
  137 136.5 0.122586 5.32057e-05
  138 137.5 0.12199 5.2947e-05
  139 138.5 0.123086 5.34227e-05
  140 139.5 0.123228 5.34844e-05
  141 140.5 0.123314 5.35217e-05
  142 141.5 0.123704 5.3691e-05
  143 142.5 0.122476 5.3158e-05
  144 143.5 0.121254 5.26276e-05
  145 144.5 0.121344 5.26667e-05
  146 145.5 0.121794 5.2862e-05
  147 146.5 0.122672 5.32431e-05
  148 147.5 0.125812 5.46059e-05
  149 148.5 0.123418 5.35668e-05
  150 149.5 0.122012 5.29566e-05
  151 150.5 0.119944 5.2059e-05
  152 151.5 0.122176 5.30278e-05
  153 152.5 0.12026 5.21962e-05
  154 153.5 0.123272 5.35035e-05
  155 154.5 0.122692 5.32517e-05
  156 155.5 0.121388 5.26858e-05
  157 156.5 0.120238 5.21866e-05
  158 157.5 0.119876 5.20295e-05
  159 158.5 0.121234 5.26189e-05
  160 159.5 0.120918 5.24818e-05
  161 160.5 0.121984 5.29444e-05
  162 161.5 0.120504 5.23021e-05
  163 162.5 0.121844 5.28837e-05
  164 163.5 0.122504 5.31701e-05
  165 164.5 0.121806 5.28672e-05
  166 165.5 0.122054 5.29748e-05
  167 166.5 0.121892 5.29045e-05
  168 167.5 0.123818 5.37405e-05
  169 168.5 0.121936 5.29236e-05
  170 169.5 0.121542 5.27526e-05
  171 170.5 0.118944 5.1625e-05
  172 171.5 0.120934 5.24887e-05
  173 172.5 0.120886 5.24679e-05
  174 173.5 0.122928 5.33542e-05
  175 174.5 0.11909 5.16884e-05
  176 175.5 0.121394 5.26884e-05
  177 176.5 0.12283 5.33116e-05
  178 177.5 0.122818 5.33064e-05
  179 178.5 0.123234 5.3487e-05
  180 179.5 0.120006 5.20859e-05
  181 180.5 0.12113 5.25738e-05
  182 181.5 0.122212 5.30434e-05
  183 182.5 0.120106 5.21293e-05
  184 183.5 0.121554 5.27578e-05
  185 184.5 0.12058 5.23351e-05
  186 185.5 0.120492 5.22969e-05
  187 186.5 0.119028 5.16615e-05
  188 187.5 0.119492 5.18628e-05
  189 188.5 0.119134 5.17075e-05
  190 189.5 0.117202 5.08689e-05
  191 190.5 0.118246 5.1322e-05
  192 191.5 0.118746 5.15391e-05
  193 192.5 0.12005 5.2105e-05
  194 193.5 0.11701 5.07856e-05
  195 194.5 0.117388 5.09497e-05
  196 195.5 0.116026 5.03585e-05
  197 196.5 0.116254 5.04575e-05
  198 197.5 0.118842 5.15807e-05
  199 198.5 0.121398 5.26901e-05
  200 199.5 0.118962 5.16328e-05
  201 200.5 0.119774 5.19852e-05
  202 201.5 0.11759 5.10373e-05
  203 202.5 0.117684 5.10781e-05
  204 203.5 0.120124 5.21372e-05
  205 204.5 0.122216 5.30451e-05
  206 205.5 0.126086 5.47248e-05
  207 206.5 0.127338 5.52682e-05
  208 207.5 0.130742 5.67457e-05
  209 208.5 0.137366 5.96207e-05
  210 209.5 0.143762 6.23967e-05
  211 210.5 0.15772 6.84549e-05
  212 211.5 0.179698 7.79939e-05
  213 212.5 0.214438 9.3072e-05
  214 213.5 0.263162 0.00011422
  215 214.5 0.343754 0.000149199
  216 215.5 0.460768 0.000199986
  217 216.5 0.642674 0.000278938
  218 217.5 0.895676 0.000388748
  219 218.5 1.26491 0.000549004
  220 219.5 1.77998 0.000772561
  221 220.5 2.49517 0.00108297
  222 221.5 3.48284 0.00151165
  223 222.5 4.81803 0.00209116
  224 223.5 6.54257 0.00283966
  225 224.5 8.79391 0.0038168
  226 225.5 11.5163 0.00499839
  227 226.5 14.5933 0.00633392
  228 227.5 17.9112 0.00777397
  229 228.5 21.2611 0.00922792
  230 229.5 24.3773 0.0105804
  231 230.5 27.1369 0.0117782
  232 231.5 29.4424 0.0127788
  233 232.5 31.2077 0.013545
  234 233.5 32.5135 0.0141118
  235 234.5 33.4743 0.0145288
  236 235.5 34.1635 0.0148279
  237 236.5 34.5886 0.0150124
  238 237.5 34.9162 0.0151546
  239 238.5 35.2045 0.0152797
  240 239.5 35.3403 0.0153387
  241 240.5 35.4277 0.0153766
  242 241.5 35.5519 0.0154305
  243 242.5 35.6188 0.0154595
  244 243.5 35.5959 0.0154496
  245 244.5 35.6586 0.0154768
  246 245.5 35.7243 0.0155053
  247 246.5 35.6909 0.0154908
  248 247.5 35.6783 0.0154854
  249 248.5 35.7256 0.0155059
  250 249.5 35.7459 0.0155147
  251 250.5 35.6884 0.0154898
  252 251.5 35.7282 0.015507
  253 252.5 35.7679 0.0155243
  254 253.5 35.7299 0.0155078
  255 254.5 35.6774 0.015485
  256 255.5 35.7701 0.0155252
  257 256.5 35.7127 0.0155003
  258 257.5 35.7339 0.0155095
  259 258.5 35.6883 0.0154897
  260 259.5 35.7141 0.0155009
  261 260.5 35.6779 0.0154852
  262 261.5 35.7543 0.0155183
  263 262.5 35.7029 0.0154961
  264 263.5 35.7112 0.0154996
  265 264.5 35.7391 0.0155118
  266 265.5 35.7952 0.0155361
  267 266.5 35.7294 0.0155076
  268 267.5 35.7279 0.0155069
  269 268.5 35.7763 0.0155279
  270 269.5 35.81 0.0155425
  271 270.5 35.7119 0.0155
  272 271.5 35.7444 0.015514
  273 272.5 35.8427 0.0155567
  274 273.5 35.7365 0.0155107
  275 274.5 35.7309 0.0155082
  276 275.5 35.8195 0.0155466
  277 276.5 35.7978 0.0155373
  278 277.5 35.7628 0.0155221
  279 278.5 35.788 0.015533
  280 279.5 35.8984 0.0155809
  281 280.5 35.8059 0.0155408
  282 281.5 35.8049 0.0155403
  283 282.5 35.8682 0.0155678
  284 283.5 35.834 0.0155529
  285 284.5 35.8036 0.0155398
  286 285.5 35.849 0.0155594
  287 286.5 35.8854 0.0155753
  288 287.5 35.8297 0.0155511
  289 288.5 35.8388 0.015555
  290 289.5 35.8892 0.0155769
  291 290.5 35.861 0.0155647
  292 291.5 35.7642 0.0155227
  293 292.5 35.8063 0.0155409
  294 293.5 35.8301 0.0155513
  295 294.5 35.7704 0.0155254
  296 295.5 35.7557 0.015519
  297 296.5 35.8283 0.0155505
  298 297.5 35.7854 0.0155319
  299 298.5 35.7876 0.0155328
  300 299.5 35.8307 0.0155515
  301 300.5 35.8311 0.0155517
  302 301.5 35.8302 0.0155513
  303 302.5 35.8404 0.0155557
  304 303.5 35.8315 0.0155519
  305 304.5 35.8396 0.0155554
  306 305.5 35.8448 0.0155576
  307 306.5 35.8789 0.0155724
  308 307.5 35.8429 0.0155568
  309 308.5 35.8387 0.015555
  310 309.5 35.8499 0.0155598
  311 310.5 35.8559 0.0155624
  312 311.5 35.8418 0.0155563
  313 312.5 35.8398 0.0155555
  314 313.5 35.8732 0.01557
  315 314.5 35.8378 0.0155546
  316 315.5 35.7987 0.0155376
  317 316.5 35.8382 0.0155548
  318 317.5 35.8216 0.0155476
  319 318.5 35.7705 0.0155254
  320 319.5 35.7672 0.015524
  321 320.5 35.8114 0.0155432
  322 321.5 35.8304 0.0155514
  323 322.5 35.8316 0.0155519
  324 323.5 35.811 0.015543
  325 324.5 35.8821 0.0155738
  326 325.5 35.8725 0.0155697
  327 326.5 35.834 0.0155529
  328 327.5 35.8342 0.015553
  329 328.5 35.8425 0.0155567
  330 329.5 35.8366 0.0155541
  331 330.5 35.8218 0.0155477
  332 331.5 35.8144 0.0155444
  333 332.5 35.8121 0.0155434
  334 333.5 35.8382 0.0155548
  335 334.5 35.8052 0.0155404
  336 335.5 35.7654 0.0155232
  337 336.5 35.7951 0.0155361
  338 337.5 35.8207 0.0155472
  339 338.5 35.7525 0.0155176
  340 339.5 35.7274 0.0155067
  341 340.5 35.7941 0.0155356
  342 341.5 35.751 0.0155169
  343 342.5 35.7191 0.0155031
  344 343.5 35.7278 0.0155069
  345 344.5 35.7048 0.0154969
  346 345.5 35.7255 0.0155059
  347 346.5 35.7122 0.0155001
  348 347.5 35.6924 0.0154915
  349 348.5 35.6884 0.0154897
  350 349.5 35.7291 0.0155074
  351 350.5 35.701 0.0154952
  352 351.5 35.7842 0.0155313
  353 352.5 35.7874 0.0155327
  354 353.5 35.7826 0.0155306
  355 354.5 35.7678 0.0155242
  356 355.5 35.7999 0.0155382
  357 356.5 35.7772 0.0155283
  358 357.5 35.7698 0.0155251
  359 358.5 35.7906 0.0155341
  360 359.5 35.7827 0.0155307
  361 360.5 35.7875 0.0155328
  362 361.5 35.7771 0.0155282
  363 362.5 35.764 0.0155226
  364 363.5 35.7793 0.0155292
  365 364.5 35.7737 0.0155268
  366 365.5 35.705 0.015497
  367 366.5 35.7095 0.0154989
  368 367.5 35.7074 0.015498
  369 368.5 35.6661 0.0154801
  370 369.5 35.6393 0.0154684
  371 370.5 35.6308 0.0154648
  372 371.5 35.6501 0.0154732
  373 372.5 35.6011 0.0154519
  374 373.5 35.4857 0.0154018
  375 374.5 35.4961 0.0154063
  376 375.5 35.3883 0.0153595
  377 376.5 35.1921 0.0152743
  378 377.5 34.9132 0.0151533
  379 378.5 34.6059 0.0150199
  380 379.5 34.0712 0.0147878
  381 380.5 33.2984 0.0144524
  382 381.5 32.1891 0.013971
  383 382.5 30.7198 0.0133333
  384 383.5 28.7188 0.0124647
  385 384.5 26.2127 0.011377
  386 385.5 23.22 0.0100781
  387 386.5 19.9053 0.00863947
  388 387.5 16.4307 0.00713139
  389 388.5 13.1442 0.00570494
  390 389.5 10.1931 0.00442409
  391 390.5 7.78042 0.00337692
  392 391.5 5.91435 0.00256699
  393 392.5 4.50627 0.00195585
  394 393.5 3.52637 0.00153054
  395 394.5 2.85635 0.00123974
  396 395.5 2.42412 0.00105214
  397 396.5 2.13941 0.000928562
  398 397.5 1.96822 0.000854262
  399 398.5 1.83631 0.000797009
  400 399.5 1.73873 0.000754658
  401 400.5 1.6676 0.000723785
  402 401.5 1.62752 0.00070639
  403 402.5 1.5978 0.000693491
  404 403.5 1.57203 0.000682306
  405 404.5 1.54437 0.000670299
  406 405.5 1.54032 0.00066854
  407 406.5 1.54642 0.000671189
  408 407.5 1.53241 0.000665108
  409 408.5 1.51349 0.000656898
  410 409.5 1.50745 0.000654275
  411 410.5 1.49611 0.000649355
  412 411.5 1.49718 0.000649818
  413 412.5 1.50255 0.000652148
  414 413.5 1.51039 0.000655551
  415 414.5 1.50967 0.00065524
  416 415.5 1.51403 0.000657133
  417 416.5 1.5113 0.000655947
  418 417.5 1.50926 0.00065506
  419 418.5 1.51417 0.000657192
  420 419.5 1.51634 0.000658132
  421 420.5 1.50308 0.000652378
  422 421.5 1.50832 0.000654653
  423 422.5 1.50443 0.000652964
  424 423.5 1.51071 0.000655691
  425 424.5 1.52008 0.000659759
  426 425.5 1.53783 0.000667461
  427 426.5 1.55586 0.000675285
  428 427.5 1.56815 0.00068062
  429 428.5 1.57584 0.000683959
  430 429.5 1.57818 0.000684976
  431 430.5 1.57992 0.00068573
  432 431.5 1.59359 0.000691661
  433 432.5 1.60032 0.000694582
  434 433.5 1.61013 0.000698839
  435 434.5 1.60292 0.00069571
  436 435.5 1.59241 0.000691151
  437 436.5 1.59441 0.000692017
  438 437.5 1.60584 0.000696979
  439 438.5 1.6176 0.000702082
  440 439.5 1.62017 0.000703198
  441 440.5 1.62052 0.000703351
  442 441.5 1.61867 0.000702549
  443 442.5 1.60566 0.000696901
  444 443.5 1.59771 0.000693452
  445 444.5 1.61214 0.000699712
  446 445.5 1.60545 0.000696809
  447 446.5 1.6062 0.000697137
  448 447.5 1.60327 0.000695863
  449 448.5 1.59873 0.000693892
  450 449.5 1.59296 0.00069139
  451 450.5 1.59225 0.00069108
  452 451.5 1.59764 0.000693419
  453 452.5 1.60366 0.000696034
  454 453.5 1.61344 0.000700279
  455 454.5 1.61698 0.000701815
  456 455.5 1.62135 0.000703712
  457 456.5 1.63206 0.000708361
  458 457.5 1.62671 0.000706036
  459 458.5 1.62676 0.000706059
  460 459.5 1.6224 0.000704166
  461 460.5 1.61658 0.000701641
  462 461.5 1.61997 0.000703112
  463 462.5 1.62751 0.000706384
  464 463.5 1.62953 0.000707263
  465 464.5 1.62299 0.000704422
  466 465.5 1.61188 0.0006996
  467 466.5 1.61064 0.000699061
  468 467.5 1.60358 0.000695998
  469 468.5 1.59641 0.000692885
  470 469.5 1.6002 0.00069453
  471 470.5 1.59398 0.00069183
  472 471.5 1.57947 0.000685534
  473 472.5 1.56257 0.000678201
  474 473.5 1.55536 0.000675069
  475 474.5 1.54283 0.000669632
  476 475.5 1.53175 0.000664823
  477 476.5 1.52355 0.000661262
  478 477.5 1.51895 0.000659267
  479 478.5 1.51661 0.000658252
  480 479.5 1.51715 0.000658484
40000000 480 5969.000000000002
  1 0.5 1.50539 0.000653379
  2 1.5 1.51582 0.000657909
  3 2.5 1.52034 0.000659872
  4 3.5 1.51344 0.000656874
  5 4.5 1.51597 0.000657971
  6 5.5 1.51613 0.000658043
  7 6.5 1.52311 0.00066107
  8 7.5 1.52626 0.00066244
  9 8.5 1.52581 0.000662245
  10 9.5 1.5164 0.000658158
  11 10.5 1.51038 0.000655548
  12 11.5 1.50097 0.000651461
  13 12.5 1.50101 0.000651478
  14 13.5 1.50658 0.000653898
  15 14.5 1.50778 0.000654418
  16 15.5 1.51705 0.000658443
  17 16.5 1.51194 0.000656223
  18 17.5 1.52034 0.00065987
  19 18.5 1.51116 0.000655885
  20 19.5 1.50012 0.000651092
  21 20.5 1.48927 0.000646385
  22 21.5 1.49477 0.000648773
  23 22.5 1.47999 0.000642357
  24 23.5 1.47479 0.000640099
  25 24.5 1.47808 0.000641529
  26 25.5 1.467 0.000636718
  27 26.5 1.45685 0.000632312
  28 27.5 1.45616 0.000632013
  29 28.5 1.46627 0.000636404
  30 29.5 1.47014 0.000638083
  31 30.5 1.47394 0.000639729
  32 31.5 1.46771 0.000637029
  33 32.5 1.47416 0.000639825
  34 33.5 1.46724 0.000636824
  35 34.5 1.45792 0.000632776
  36 35.5 1.46591 0.000636247
  37 36.5 1.46856 0.000637394
  38 37.5 1.47042 0.000638202
  39 38.5 1.47972 0.00064224
  40 39.5 1.48198 0.000643222
  41 40.5 1.47738 0.000641226
  42 41.5 1.47673 0.000640944
  43 42.5 1.48278 0.000643569
  44 43.5 1.48226 0.000643343
  45 44.5 1.47991 0.000642323
  46 45.5 1.48193 0.0006432
  47 46.5 1.52045 0.000659917
  48 47.5 1.51945 0.000659483
  49 48.5 1.5275 0.000662976
  50 49.5 1.53365 0.000665647
  51 50.5 1.54151 0.000669057
  52 51.5 1.5387 0.000667837
  53 52.5 1.54723 0.000671542
  54 53.5 1.57417 0.000683232
  55 54.5 1.59375 0.000691732
  56 55.5 1.60467 0.000696472
  57 56.5 1.62508 0.00070533
  58 57.5 1.65173 0.000716897
  59 58.5 1.66793 0.00072393
  60 59.5 1.70138 0.000738448
  61 60.5 1.73072 0.000751181
  62 61.5 1.74953 0.000759346
  63 62.5 1.75752 0.000762813
  64 63.5 1.7624 0.000764931
  65 64.5 1.72702 0.000749576
  66 65.5 1.65034 0.000716295
  67 66.5 1.54958 0.000672559
  68 67.5 1.41738 0.000615182
  69 68.5 1.24889 0.000542051
  70 69.5 1.06199 0.000460931
  71 70.5 0.876574 0.000380457
  72 71.5 0.694892 0.000301602
  73 72.5 0.545874 0.000236924
  74 73.5 0.421036 0.000182741
  75 74.5 0.32958 0.000143047
  76 75.5 0.258164 0.00011205
  77 76.5 0.211534 9.18116e-05
  78 77.5 0.177016 7.68299e-05
  79 78.5 0.157496 6.83576e-05
  80 79.5 0.14842 6.44184e-05
  81 80.5 0.135286 5.87179e-05
  82 81.5 0.127618 5.53898e-05
  83 82.5 0.12459 5.40755e-05
  84 83.5 0.11842 5.13976e-05
  85 84.5 0.11959 5.19054e-05
  86 85.5 0.116444 5.05399e-05
  87 86.5 0.116006 5.03498e-05
  88 87.5 0.117764 5.11128e-05
  89 88.5 0.116806 5.0697e-05
  90 89.5 0.116718 5.06589e-05
  91 90.5 0.119304 5.17813e-05
  92 91.5 0.116356 5.05017e-05
  93 92.5 0.116972 5.07691e-05
  94 93.5 0.11727 5.08984e-05
  95 94.5 0.119254 5.17595e-05
  96 95.5 0.121226 5.26155e-05
  97 96.5 0.119176 5.17257e-05
  98 97.5 0.122106 5.29974e-05
  99 98.5 0.118674 5.15078e-05
  100 99.5 0.118658 5.15009e-05
  101 100.5 0.120786 5.24245e-05
  102 101.5 0.120982 5.25095e-05
  103 102.5 0.124482 5.40286e-05
  104 103.5 0.125774 5.45894e-05
  105 104.5 0.124126 5.38741e-05
  106 105.5 0.122404 5.31267e-05
  107 106.5 0.121094 5.25582e-05
  108 107.5 0.120998 5.25165e-05
  109 108.5 0.12122 5.26128e-05
  110 109.5 0.120752 5.24097e-05
  111 110.5 0.12268 5.32465e-05
  112 111.5 0.121162 5.25877e-05
  113 112.5 0.121654 5.28012e-05
  114 113.5 0.123636 5.36615e-05
  115 114.5 0.124062 5.38464e-05
  116 115.5 0.122458 5.31502e-05
  117 116.5 0.122774 5.32873e-05
  118 117.5 0.122768 5.32847e-05
  119 118.5 0.123678 5.36797e-05
  120 119.5 0.123692 5.36858e-05
  121 120.5 0.12545 5.44488e-05
  122 121.5 0.124074 5.38516e-05
  123 122.5 0.122004 5.29531e-05
  124 123.5 0.12294 5.33594e-05
  125 124.5 0.1246 5.40799e-05
  126 125.5 0.124798 5.41658e-05
  127 126.5 0.12441 5.39974e-05
  128 127.5 0.121754 5.28446e-05
  129 128.5 0.124322 5.39592e-05
  130 129.5 0.123294 5.3513e-05
  131 130.5 0.12281 5.3303e-05
  132 131.5 0.122576 5.32014e-05
  133 132.5 0.123258 5.34974e-05
  134 133.5 0.122214 5.30443e-05
  135 134.5 0.120692 5.23837e-05
  136 135.5 0.118914 5.1612e-05
  137 136.5 0.119138 5.17092e-05
  138 137.5 0.118544 5.14514e-05
  139 138.5 0.120492 5.22969e-05
  140 139.5 0.120222 5.21797e-05
  141 140.5 0.119916 5.20469e-05
  142 141.5 0.120296 5.22118e-05
  143 142.5 0.122048 5.29722e-05
  144 143.5 0.124478 5.40269e-05
  145 144.5 0.124194 5.39036e-05
  146 145.5 0.125702 5.45582e-05
  147 146.5 0.123186 5.34661e-05
  148 147.5 0.123446 5.3579e-05
  149 148.5 0.124272 5.39375e-05
  150 149.5 0.12398 5.38108e-05
  151 150.5 0.12238 5.31163e-05
  152 151.5 0.120548 5.23212e-05
  153 152.5 0.121004 5.25191e-05
  154 153.5 0.12055 5.2322e-05
  155 154.5 0.121026 5.25286e-05
  156 155.5 0.120692 5.23837e-05
  157 156.5 0.122918 5.33498e-05
  158 157.5 0.119976 5.20729e-05
  159 158.5 0.122976 5.3375e-05
  160 159.5 0.123062 5.34123e-05
  161 160.5 0.120802 5.24314e-05
  162 161.5 0.120566 5.2329e-05
  163 162.5 0.122134 5.30095e-05
  164 163.5 0.123544 5.36215e-05
  165 164.5 0.121588 5.27726e-05
  166 165.5 0.119936 5.20556e-05
  167 166.5 0.121586 5.27717e-05
  168 167.5 0.122604 5.32135e-05
  169 168.5 0.122178 5.30286e-05
  170 169.5 0.120018 5.20911e-05
  171 170.5 0.12283 5.33116e-05
  172 171.5 0.123842 5.37509e-05
  173 172.5 0.121226 5.26155e-05
  174 173.5 0.123112 5.3434e-05
  175 174.5 0.12322 5.34809e-05
  176 175.5 0.122588 5.32066e-05
  177 176.5 0.122108 5.29983e-05
  178 177.5 0.12106 5.25434e-05
  179 178.5 0.120494 5.22977e-05
  180 179.5 0.123518 5.36102e-05
  181 180.5 0.117024 5.07917e-05
  182 181.5 0.120298 5.22127e-05
  183 182.5 0.120504 5.23021e-05
  184 183.5 0.122636 5.32274e-05
  185 184.5 0.121492 5.27309e-05
  186 185.5 0.119768 5.19826e-05
  187 186.5 0.121066 5.2546e-05
  188 187.5 0.121548 5.27552e-05
  189 188.5 0.12022 5.21788e-05
  190 189.5 0.1192 5.17361e-05
  191 190.5 0.118768 5.15486e-05
  192 191.5 0.121336 5.26632e-05
  193 192.5 0.118892 5.16024e-05
  194 193.5 0.120862 5.24575e-05
  195 194.5 0.119006 5.16519e-05
  196 195.5 0.119098 5.16918e-05
  197 196.5 0.11934 5.17969e-05
  198 197.5 0.119524 5.18767e-05
  199 198.5 0.12013 5.21398e-05
  200 199.5 0.12151 5.27387e-05
  201 200.5 0.121578 5.27682e-05
  202 201.5 0.119028 5.16615e-05
  203 202.5 0.119798 5.19957e-05
  204 203.5 0.119292 5.1776e-05
  205 204.5 0.117216 5.0875e-05
  206 205.5 0.121154 5.25842e-05
  207 206.5 0.121248 5.2625e-05
  208 207.5 0.120996 5.25156e-05
  209 208.5 0.124726 5.41345e-05
  210 209.5 0.126816 5.50417e-05
  211 210.5 0.13083 5.67839e-05
  212 211.5 0.135498 5.88099e-05
  213 212.5 0.143462 6.22665e-05
  214 213.5 0.156324 6.7849e-05
  215 214.5 0.175674 7.62474e-05
  216 215.5 0.209352 9.08646e-05
  217 216.5 0.26006 0.000112873
  218 217.5 0.34045 0.000147765
  219 218.5 0.469412 0.000203738
  220 219.5 0.670184 0.000290878
  221 220.5 0.970128 0.000421062
  222 221.5 1.45099 0.000629771
  223 222.5 2.17631 0.000944581
  224 223.5 3.20844 0.00139255
  225 224.5 4.64802 0.00201737
  226 225.5 6.52228 0.00283085
  227 226.5 8.87567 0.00385229
  228 227.5 11.6412 0.00505259
  229 228.5 14.6871 0.00637461
  230 229.5 17.8968 0.00776772
  231 230.5 21.097 0.00915667
  232 231.5 24.0984 0.0104594
  233 232.5 26.7621 0.0116155
  234 233.5 29.0084 0.0125905
  235 234.5 30.8043 0.0133699
  236 235.5 32.2248 0.0139864
  237 236.5 33.2333 0.0144242
  238 237.5 33.9591 0.0147392
  239 238.5 34.5358 0.0149895
  240 239.5 34.8918 0.015144
  241 240.5 35.1156 0.0152412
  242 241.5 35.3538 0.0153445
  243 242.5 35.47 0.015395
  244 243.5 35.528 0.0154201
  245 244.5 35.6329 0.0154657
  246 245.5 35.7287 0.0155073
  247 246.5 35.7401 0.0155122
  248 247.5 35.7609 0.0155212
  249 248.5 35.8371 0.0155543
  250 249.5 35.7893 0.0155336
  251 250.5 35.8007 0.0155385
  252 251.5 35.8226 0.015548
  253 252.5 35.8627 0.0155654
  254 253.5 35.8414 0.0155562
  255 254.5 35.8343 0.0155531
  256 255.5 35.8266 0.0155497
  257 256.5 35.8159 0.0155451
  258 257.5 35.8379 0.0155547
  259 258.5 35.7985 0.0155375
  260 259.5 35.8334 0.0155527
  261 260.5 35.8411 0.015556
  262 261.5 35.832 0.0155521
  263 262.5 35.8547 0.0155619
  264 263.5 35.8704 0.0155688
  265 264.5 35.8242 0.0155487
  266 265.5 35.8871 0.015576
  267 266.5 35.8955 0.0155796
  268 267.5 35.8237 0.0155485
  269 268.5 35.8114 0.0155431
  270 269.5 35.9044 0.0155835
  271 270.5 35.848 0.015559
  272 271.5 35.8217 0.0155476
  273 272.5 35.8389 0.0155551
  274 273.5 35.8994 0.0155813
  275 274.5 35.835 0.0155534
  276 275.5 35.7905 0.0155341
  277 276.5 35.8484 0.0155592
  278 277.5 35.8876 0.0155762
  279 278.5 35.8423 0.0155565
  280 279.5 35.7827 0.0155307
  281 280.5 35.8776 0.0155719
  282 281.5 35.8659 0.0155668
  283 282.5 35.7904 0.015534
  284 283.5 35.8366 0.0155541
  285 284.5 35.8775 0.0155718
  286 285.5 35.883 0.0155742
  287 286.5 35.8016 0.0155389
  288 287.5 35.8756 0.015571
  289 288.5 35.8906 0.0155775
  290 289.5 35.835 0.0155534
  291 290.5 35.8429 0.0155568
  292 291.5 35.8646 0.0155662
  293 292.5 35.831 0.0155517
  294 293.5 35.8036 0.0155398
  295 294.5 35.8747 0.0155706
  296 295.5 35.8279 0.0155503
  297 296.5 35.8556 0.0155623
  298 297.5 35.8258 0.0155494
  299 298.5 35.852 0.0155608
  300 299.5 35.864 0.015566
  301 300.5 35.8383 0.0155548
  302 301.5 35.809 0.0155421
  303 302.5 35.8509 0.0155603
  304 303.5 35.845 0.0155577
  305 304.5 35.8007 0.0155385
  306 305.5 35.8606 0.0155645
  307 306.5 35.8349 0.0155533
  308 307.5 35.8171 0.0155456
  309 308.5 35.813 0.0155438
  310 309.5 35.8642 0.0155661
  311 310.5 35.8009 0.0155386
  312 311.5 35.7626 0.015522
  313 312.5 35.8032 0.0155396
  314 313.5 35.8054 0.0155405
  315 314.5 35.7316 0.0155085
  316 315.5 35.7833 0.0155309
  317 316.5 35.7773 0.0155284
  318 317.5 35.7745 0.0155271
  319 318.5 35.7514 0.0155171
  320 319.5 35.755 0.0155186
  321 320.5 35.7983 0.0155375
  322 321.5 35.741 0.0155126
  323 322.5 35.7351 0.01551
  324 323.5 35.7992 0.0155378
  325 324.5 35.7495 0.0155163
  326 325.5 35.7412 0.0155127
  327 326.5 35.7343 0.0155097
  328 327.5 35.7813 0.0155301
  329 328.5 35.7565 0.0155193
  330 329.5 35.731 0.0155083
  331 330.5 35.78 0.0155295
  332 331.5 35.8136 0.0155441
  333 332.5 35.7709 0.0155256
  334 333.5 35.7741 0.015527
  335 334.5 35.8185 0.0155462
  336 335.5 35.8477 0.0155589
  337 336.5 35.778 0.0155286
  338 337.5 35.8096 0.0155424
  339 338.5 35.8117 0.0155433
  340 339.5 35.8125 0.0155436
  341 340.5 35.7684 0.0155245
  342 341.5 35.8189 0.0155464
  343 342.5 35.8427 0.0155567
  344 343.5 35.8045 0.0155402
  345 344.5 35.8708 0.0155689
  346 345.5 35.8468 0.0155585
  347 346.5 35.8288 0.0155507
  348 347.5 35.8585 0.0155636
  349 348.5 35.8388 0.015555
  350 349.5 35.8648 0.0155663
  351 350.5 35.8675 0.0155675
  352 351.5 35.8106 0.0155428
  353 352.5 35.8418 0.0155563
  354 353.5 35.909 0.0155855
  355 354.5 35.8312 0.0155517
  356 355.5 35.8208 0.0155472
  357 356.5 35.8786 0.0155723
  358 357.5 35.8684 0.0155679
  359 358.5 35.8238 0.0155485
  360 359.5 35.8517 0.0155606
  361 360.5 35.8568 0.0155628
  362 361.5 35.8109 0.0155429
  363 362.5 35.7976 0.0155371
  364 363.5 35.7848 0.0155316
  365 364.5 35.7824 0.0155305
  366 365.5 35.7579 0.0155199
  367 366.5 35.7129 0.0155004
  368 367.5 35.8252 0.0155491
  369 368.5 35.7764 0.015528
  370 369.5 35.7328 0.015509
  371 370.5 35.7457 0.0155146
  372 371.5 35.7359 0.0155104
  373 372.5 35.6976 0.0154938
  374 373.5 35.6446 0.0154708
  375 374.5 35.6258 0.0154626
  376 375.5 35.5988 0.0154509
  377 376.5 35.4999 0.0154079
  378 377.5 35.3945 0.0153622
  379 378.5 35.1816 0.0152698
  380 379.5 34.9699 0.0151779
  381 380.5 34.5793 0.0150084
  382 381.5 34.0563 0.0147814
  383 382.5 33.2951 0.014451
  384 383.5 32.252 0.0139983
  385 384.5 30.8098 0.0133723
  386 385.5 28.8336 0.0125146
  387 386.5 26.4594 0.0114841
  388 387.5 23.595 0.0102409
  389 388.5 20.3939 0.00885151
  390 389.5 17.0677 0.00740784
  391 390.5 13.854 0.00601301
  392 391.5 10.8926 0.00472768
  393 392.5 8.34517 0.00362204
  394 393.5 6.35926 0.0027601
  395 394.5 4.8581 0.00210855
  396 395.5 3.75079 0.00162795
  397 396.5 2.98707 0.00129647
  398 397.5 2.49214 0.00108166
  399 398.5 2.15842 0.000936814
  400 399.5 1.94903 0.000845932
  401 400.5 1.79665 0.000779794
  402 401.5 1.69418 0.00073532
  403 402.5 1.62081 0.000703478
  404 403.5 1.57549 0.000683806
  405 404.5 1.55662 0.000675615
  406 405.5 1.549 0.000672311
  407 406.5 1.53616 0.000666734
  408 407.5 1.52891 0.000663589
  409 408.5 1.52463 0.000661731
  410 409.5 1.53259 0.000665188
  411 410.5 1.53775 0.000667427
  412 411.5 1.54224 0.000669373
  413 412.5 1.55446 0.000674681
  414 413.5 1.56054 0.000677316
  415 414.5 1.54697 0.000671426
  416 415.5 1.53928 0.000668089
  417 416.5 1.53692 0.000667067
  418 417.5 1.53576 0.000666563
  419 418.5 1.53825 0.000667641
  420 419.5 1.54182 0.000669193
  421 420.5 1.53331 0.000665501
  422 421.5 1.52976 0.000663959
  423 422.5 1.52206 0.000660617
  424 423.5 1.52148 0.000660365
  425 424.5 1.51843 0.000659043
  426 425.5 1.50615 0.00065371
  427 426.5 1.50361 0.00065261
  428 427.5 1.48708 0.000645432
  429 428.5 1.47776 0.000641391
  430 429.5 1.45805 0.000632832
  431 430.5 1.44299 0.000626299
  432 431.5 1.43326 0.000622074
  433 432.5 1.4215 0.000616971
  434 433.5 1.41839 0.000615622
  435 434.5 1.4268 0.000619271
  436 435.5 1.41501 0.000614155
  437 436.5 1.41694 0.00061499
  438 437.5 1.41245 0.000613043
  439 438.5 1.40568 0.000610106
  440 439.5 1.41272 0.000613159
  441 440.5 1.41522 0.000614246
  442 441.5 1.41755 0.000615257
  443 442.5 1.43699 0.000623695
  444 443.5 1.44135 0.000625585
  445 444.5 1.44647 0.000627808
  446 445.5 1.4507 0.000629642
  447 446.5 1.45947 0.000633449
  448 447.5 1.46312 0.000635036
  449 448.5 1.45727 0.000632496
  450 449.5 1.47845 0.000641688
  451 450.5 1.47743 0.000641247
  452 451.5 1.48674 0.000645287
  453 452.5 1.47925 0.000642037
  454 453.5 1.48042 0.000642544
  455 454.5 1.48336 0.00064382
  456 455.5 1.4752 0.00064028
  457 456.5 1.46664 0.000636563
  458 457.5 1.46658 0.000636536
  459 458.5 1.45598 0.000631937
  460 459.5 1.45823 0.000632912
  461 460.5 1.45849 0.000633027
  462 461.5 1.46496 0.000635835
  463 462.5 1.46425 0.000635524
  464 463.5 1.46793 0.000637121
  465 464.5 1.46485 0.000635786
  466 465.5 1.44723 0.000628136
  467 466.5 1.43947 0.00062477
  468 467.5 1.43419 0.00062248
  469 468.5 1.43234 0.000621674
  470 469.5 1.43526 0.000622941
  471 470.5 1.44314 0.000626362
  472 471.5 1.44889 0.000628857
  473 472.5 1.45334 0.000630788
  474 473.5 1.4602 0.000633766
  475 474.5 1.4619 0.000634506
  476 475.5 1.4762 0.000640713
  477 476.5 1.48892 0.000646234
  478 477.5 1.49184 0.000647499
  479 478.5 1.49703 0.000649753
  480 479.5 1.49557 0.00064912
50000000 480 5968.999999999995
  1 0.5 1.57951 0.000685552
  2 1.5 1.58221 0.000686724
  3 2.5 1.5884 0.000689411
  4 3.5 1.59384 0.000691773
  5 4.5 1.61509 0.000700996
  6 5.5 1.61663 0.000701662
  7 6.5 1.61379 0.000700431
  8 7.5 1.62165 0.000703843
  9 8.5 1.63326 0.000708879
  10 9.5 1.62394 0.000704834
  11 10.5 1.63086 0.00070784
  12 11.5 1.62857 0.000706845
  13 12.5 1.62772 0.000706475
  14 13.5 1.62022 0.000703222
  15 14.5 1.6141 0.000700565
  16 15.5 1.60827 0.000698033
  17 16.5 1.61573 0.000701272
  18 17.5 1.6222 0.000704079
  19 18.5 1.61083 0.000699143
  20 19.5 1.61524 0.000701057
  21 20.5 1.61896 0.000702674
  22 21.5 1.59966 0.000694295
  23 22.5 1.62446 0.00070506
  24 23.5 1.637 0.000710503
  25 24.5 1.61518 0.000701035
  26 25.5 1.61093 0.000699189
  27 26.5 1.59845 0.000693773
  28 27.5 1.59352 0.000691633
  29 28.5 1.58448 0.00068771
  30 29.5 1.59433 0.000691982
  31 30.5 1.591 0.000690536
  32 31.5 1.58701 0.000688807
  33 32.5 1.57979 0.000685674
  34 33.5 1.58317 0.00068714
  35 34.5 1.56918 0.000681069
  36 35.5 1.56427 0.000678935
  37 36.5 1.57228 0.000682413
  38 37.5 1.5726 0.000682552
  39 38.5 1.58061 0.00068603
  40 39.5 1.59767 0.000693434
  41 40.5 1.60093 0.000694849
  42 41.5 1.60023 0.000694543
  43 42.5 1.59618 0.000692785
  44 43.5 1.60093 0.000694848
  45 44.5 1.60165 0.00069516
  46 45.5 1.60079 0.000694787
  47 46.5 1.60607 0.000697081
  48 47.5 1.62062 0.000703394
  49 48.5 1.61776 0.000702152
  50 49.5 1.63326 0.00070888
  51 50.5 1.62611 0.000705779
  52 51.5 1.62966 0.000707319
  53 52.5 1.63599 0.000710064
  54 53.5 1.65705 0.000719207
  55 54.5 1.66033 0.000720628
  56 55.5 1.6723 0.000725826
  57 56.5 1.69798 0.000736972
  58 57.5 1.73027 0.000750984
  59 58.5 1.7519 0.000760374
  60 59.5 1.78625 0.000775284
  61 60.5 1.81222 0.000786552
  62 61.5 1.80927 0.000785274
  63 62.5 1.81406 0.000787352
  64 63.5 1.8041 0.000783029
  65 64.5 1.74393 0.000756916
  66 65.5 1.66523 0.000722757
  67 66.5 1.54038 0.000668566
  68 67.5 1.37163 0.000595326
  69 68.5 1.18071 0.000512462
  70 69.5 0.97137 0.000421602
  71 70.5 0.77625 0.000336914
  72 71.5 0.609906 0.000264716
  73 72.5 0.469308 0.000203693
  74 73.5 0.3567 0.000154818
  75 74.5 0.280072 0.000121559
  76 75.5 0.227808 9.8875e-05
  77 76.5 0.192726 8.36484e-05
  78 77.5 0.167948 7.28941e-05
  79 78.5 0.151206 6.56276e-05
  80 79.5 0.140954 6.1178e-05
  81 80.5 0.135752 5.89201e-05
  82 81.5 0.12902 5.59983e-05
  83 82.5 0.127312 5.52569e-05
  84 83.5 0.124086 5.38568e-05
  85 84.5 0.122964 5.33698e-05
  86 85.5 0.122426 5.31363e-05
  87 86.5 0.123874 5.37648e-05
  88 87.5 0.1245 5.40365e-05
  89 88.5 0.123756 5.37135e-05
  90 89.5 0.12277 5.32856e-05
  91 90.5 0.12332 5.35243e-05
  92 91.5 0.122938 5.33585e-05
  93 92.5 0.121074 5.25495e-05
  94 93.5 0.119774 5.19852e-05
  95 94.5 0.121138 5.25773e-05
  96 95.5 0.120286 5.22075e-05
  97 96.5 0.121512 5.27396e-05
  98 97.5 0.123024 5.33958e-05
  99 98.5 0.12056 5.23264e-05
  100 99.5 0.119496 5.18646e-05
  101 100.5 0.11802 5.1224e-05
  102 101.5 0.117566 5.10269e-05
  103 102.5 0.119004 5.1651e-05
  104 103.5 0.118666 5.15043e-05
  105 104.5 0.11823 5.13151e-05
  106 105.5 0.116292 5.0474e-05
  107 106.5 0.120172 5.2158e-05
  108 107.5 0.119636 5.19253e-05
  109 108.5 0.11843 5.14019e-05
  110 109.5 0.118738 5.15356e-05
  111 110.5 0.120488 5.22951e-05
  112 111.5 0.12212 5.30035e-05
  113 112.5 0.119144 5.17118e-05
  114 113.5 0.118718 5.15269e-05
  115 114.5 0.118514 5.14384e-05
  116 115.5 0.119532 5.18802e-05
  117 116.5 0.1216 5.27778e-05
  118 117.5 0.121522 5.27439e-05
  119 118.5 0.121152 5.25833e-05
  120 119.5 0.120886 5.24679e-05
  121 120.5 0.120366 5.22422e-05
  122 121.5 0.119626 5.1921e-05
  123 122.5 0.121114 5.25668e-05
  124 123.5 0.122026 5.29627e-05
  125 124.5 0.121154 5.25842e-05
  126 125.5 0.124112 5.38681e-05
  127 126.5 0.122928 5.33542e-05
  128 127.5 0.122772 5.32865e-05
  129 128.5 0.120828 5.24427e-05
  130 129.5 0.122328 5.30937e-05
  131 130.5 0.123722 5.36988e-05
  132 131.5 0.12299 5.33811e-05
  133 132.5 0.122776 5.32882e-05
  134 133.5 0.123544 5.36215e-05
  135 134.5 0.120606 5.23464e-05
  136 135.5 0.120896 5.24722e-05
  137 136.5 0.120252 5.21927e-05
  138 137.5 0.120658 5.23689e-05
  139 138.5 0.12217 5.30252e-05
  140 139.5 0.121556 5.27587e-05
  141 140.5 0.12121 5.26085e-05
  142 141.5 0.120458 5.22821e-05
  143 142.5 0.122148 5.30156e-05
  144 143.5 0.12373 5.37023e-05
  145 144.5 0.125516 5.44774e-05
  146 145.5 0.123994 5.38168e-05
  147 146.5 0.119806 5.19991e-05
  148 147.5 0.119526 5.18776e-05
  149 148.5 0.12041 5.22613e-05
  150 149.5 0.122914 5.33481e-05
  151 150.5 0.123364 5.35434e-05
  152 151.5 0.12516 5.43229e-05
  153 152.5 0.126138 5.47474e-05
  154 153.5 0.12486 5.41927e-05
  155 154.5 0.124146 5.38828e-05
  156 155.5 0.12318 5.34635e-05
  157 156.5 0.125494 5.44679e-05
  158 157.5 0.124678 5.41137e-05
  159 158.5 0.124366 5.39783e-05
  160 159.5 0.123192 5.34688e-05
  161 160.5 0.12107 5.25477e-05
  162 161.5 0.121364 5.26753e-05
  163 162.5 0.121822 5.28741e-05
  164 163.5 0.118454 5.14123e-05
  165 164.5 0.11907 5.16797e-05
  166 165.5 0.118928 5.16181e-05
  167 166.5 0.120994 5.25148e-05
  168 167.5 0.123644 5.36649e-05
  169 168.5 0.122796 5.32969e-05
  170 169.5 0.122248 5.3059e-05
  171 170.5 0.12097 5.25043e-05
  172 171.5 0.120026 5.20946e-05
  173 172.5 0.12061 5.23481e-05
  174 173.5 0.119624 5.19201e-05
  175 174.5 0.1223 5.30816e-05
  176 175.5 0.122678 5.32457e-05
  177 176.5 0.12237 5.3112e-05
  178 177.5 0.120728 5.23993e-05
  179 178.5 0.120314 5.22196e-05
  180 179.5 0.123364 5.35434e-05
  181 180.5 0.120834 5.24453e-05
  182 181.5 0.12574 5.45747e-05
  183 182.5 0.121428 5.27031e-05
  184 183.5 0.123594 5.36432e-05
  185 184.5 0.121254 5.26276e-05
  186 185.5 0.121512 5.27396e-05
  187 186.5 0.123928 5.37882e-05
  188 187.5 0.121332 5.26615e-05
  189 188.5 0.122102 5.29957e-05
  190 189.5 0.121254 5.26276e-05
  191 190.5 0.120678 5.23776e-05
  192 191.5 0.122148 5.30156e-05
  193 192.5 0.12167 5.28082e-05
  194 193.5 0.124934 5.42248e-05
  195 194.5 0.127206 5.52109e-05
  196 195.5 0.125088 5.42917e-05
  197 196.5 0.12626 5.48003e-05
  198 197.5 0.123474 5.35911e-05
  199 198.5 0.12177 5.28516e-05
  200 199.5 0.12354 5.36198e-05
  201 200.5 0.126154 5.47543e-05
  202 201.5 0.12672 5.5e-05
  203 202.5 0.127108 5.51684e-05
  204 203.5 0.126994 5.51189e-05
  205 204.5 0.12718 5.51997e-05
  206 205.5 0.128582 5.58082e-05
  207 206.5 0.127766 5.5454e-05
  208 207.5 0.128242 5.56606e-05
  209 208.5 0.13059 5.66797e-05
  210 209.5 0.13121 5.69488e-05
  211 210.5 0.137766 5.97943e-05
  212 211.5 0.143372 6.22274e-05
  213 212.5 0.153436 6.65955e-05
  214 213.5 0.170978 7.42092e-05
  215 214.5 0.195432 8.48229e-05
  216 215.5 0.232824 0.000101052
  217 216.5 0.292578 0.000126987
  218 217.5 0.370516 0.000160814
  219 218.5 0.490416 0.000212854
  220 219.5 0.65411 0.000283902
  221 220.5 0.88553 0.000384345
  222 221.5 1.23099 0.000534284
  223 222.5 1.71753 0.000745454
  224 223.5 2.42099 0.00105078
  225 224.5 3.41187 0.00148085
  226 225.5 4.83143 0.00209697
  227 226.5 6.69993 0.00290796
  228 227.5 9.08051 0.00394119
  229 228.5 11.9595 0.00519074
  230 229.5 15.2662 0.00662594
  231 230.5 18.7133 0.00812209
  232 231.5 22.12 0.00960068
  233 232.5 25.1889 0.0109327
  234 233.5 27.877 0.0120994
  235 234.5 29.984 0.0130139
  236 235.5 31.652 0.0137378
  237 236.5 32.8575 0.0142611
  238 237.5 33.7696 0.0146569
  239 238.5 34.4188 0.0149387
  240 239.5 34.826 0.0151154
  241 240.5 35.0812 0.0152262
  242 241.5 35.3611 0.0153477
  243 242.5 35.4977 0.015407
  244 243.5 35.5377 0.0154243
  245 244.5 35.6331 0.0154657
  246 245.5 35.6685 0.0154811
  247 246.5 35.6896 0.0154903
  248 247.5 35.7384 0.0155115
  249 248.5 35.7469 0.0155152
  250 249.5 35.728 0.015507
  251 250.5 35.7245 0.0155054
  252 251.5 35.6737 0.0154834
  253 252.5 35.6531 0.0154744
  254 253.5 35.6696 0.0154816
  255 254.5 35.655 0.0154753
  256 255.5 35.6499 0.015473
  257 256.5 35.653 0.0154744
  258 257.5 35.634 0.0154662
  259 258.5 35.6245 0.015462
  260 259.5 35.6226 0.0154612
  261 260.5 35.6502 0.0154732
  262 261.5 35.6192 0.0154597
  263 262.5 35.6072 0.0154545
  264 263.5 35.6074 0.0154546
  265 264.5 35.6438 0.0154704
  266 265.5 35.6379 0.0154678
  267 266.5 35.6026 0.0154525
  268 267.5 35.6154 0.0154581
  269 268.5 35.6476 0.0154721
  270 269.5 35.6358 0.0154669
  271 270.5 35.6319 0.0154653
  272 271.5 35.6556 0.0154755
  273 272.5 35.6613 0.015478
  274 273.5 35.6543 0.015475
  275 274.5 35.6633 0.0154789
  276 275.5 35.6821 0.015487
  277 276.5 35.6985 0.0154942
  278 277.5 35.707 0.0154978
  279 278.5 35.6665 0.0154802
  280 279.5 35.7025 0.0154959
  281 280.5 35.7326 0.0155089
  282 281.5 35.691 0.0154909
  283 282.5 35.6506 0.0154734
  284 283.5 35.6783 0.0154854
  285 284.5 35.6978 0.0154938
  286 285.5 35.6459 0.0154713
  287 286.5 35.6601 0.0154775
  288 287.5 35.6839 0.0154878
  289 288.5 35.6831 0.0154875
  290 289.5 35.644 0.0154705
  291 290.5 35.683 0.0154874
  292 291.5 35.6473 0.0154719
  293 292.5 35.6693 0.0154815
  294 293.5 35.5786 0.0154421
  295 294.5 35.64 0.0154688
  296 295.5 35.6253 0.0154624
  297 296.5 35.6202 0.0154602
  298 297.5 35.5737 0.01544
  299 298.5 35.6412 0.0154693
  300 299.5 35.6108 0.0154561
  301 300.5 35.5976 0.0154504
  302 301.5 35.6483 0.0154723
  303 302.5 35.6334 0.0154659
  304 303.5 35.5972 0.0154502
  305 304.5 35.6551 0.0154753
  306 305.5 35.6668 0.0154804
  307 306.5 35.6107 0.015456
  308 307.5 35.6773 0.0154849
  309 308.5 35.6764 0.0154845
  310 309.5 35.6793 0.0154858
  311 310.5 35.6593 0.0154771
  312 311.5 35.7293 0.0155075
  313 312.5 35.7034 0.0154963
  314 313.5 35.6637 0.0154791
  315 314.5 35.6718 0.0154826
  316 315.5 35.7206 0.0155037
  317 316.5 35.6898 0.0154904
  318 317.5 35.6529 0.0154744
  319 318.5 35.7229 0.0155047
  320 319.5 35.6879 0.0154895
  321 320.5 35.6428 0.01547
  322 321.5 35.6797 0.015486
  323 322.5 35.7519 0.0155173
  324 323.5 35.6598 0.0154774
  325 324.5 35.6929 0.0154917
  326 325.5 35.7727 0.0155263
  327 326.5 35.7032 0.0154962
  328 327.5 35.6849 0.0154883
  329 328.5 35.7589 0.0155203
  330 329.5 35.7406 0.0155124
  331 330.5 35.7181 0.0155026
  332 331.5 35.7407 0.0155125
  333 332.5 35.7702 0.0155253
  334 333.5 35.7797 0.0155294
  335 334.5 35.7759 0.0155277
  336 335.5 35.7885 0.0155332
  337 336.5 35.825 0.015549
  338 337.5 35.7724 0.0155262
  339 338.5 35.7921 0.0155348
  340 339.5 35.8504 0.0155601
  341 340.5 35.8225 0.015548
  342 341.5 35.7904 0.015534
  343 342.5 35.8081 0.0155417
  344 343.5 35.8221 0.0155478
  345 344.5 35.7891 0.0155334
  346 345.5 35.7555 0.0155189
  347 346.5 35.7988 0.0155377
  348 347.5 35.827 0.0155499
  349 348.5 35.7771 0.0155282
  350 349.5 35.7919 0.0155347
  351 350.5 35.8067 0.0155411
  352 351.5 35.7854 0.0155319
  353 352.5 35.8058 0.0155407
  354 353.5 35.8105 0.0155428
  355 354.5 35.803 0.0155395
  356 355.5 35.7974 0.0155371
  357 356.5 35.7873 0.0155327
  358 357.5 35.7944 0.0155358
  359 358.5 35.7773 0.0155283
  360 359.5 35.7941 0.0155356
  361 360.5 35.7473 0.0155153
  362 361.5 35.7511 0.015517
  363 362.5 35.7652 0.0155231
  364 363.5 35.7457 0.0155146
  365 364.5 35.7265 0.0155063
  366 365.5 35.73 0.0155078
  367 366.5 35.7775 0.0155284
  368 367.5 35.744 0.0155139
  369 368.5 35.7048 0.0154969
  370 369.5 35.7454 0.0155145
  371 370.5 35.7614 0.0155214
  372 371.5 35.6721 0.0154827
  373 372.5 35.6738 0.0154834
  374 373.5 35.7307 0.0155081
  375 374.5 35.65 0.0154731
  376 375.5 35.6385 0.0154681
  377 376.5 35.5309 0.0154214
  378 377.5 35.5068 0.0154109
  379 378.5 35.3509 0.0153433
  380 379.5 35.1848 0.0152712
  381 380.5 34.9125 0.015153
  382 381.5 34.5829 0.0150099
  383 382.5 33.9871 0.0147514
  384 383.5 33.1921 0.0144063
  385 384.5 32.1206 0.0139412
  386 385.5 30.5825 0.0132737
  387 386.5 28.5348 0.0123849
  388 387.5 25.9553 0.0112653
  389 388.5 22.9326 0.00995337
  390 389.5 19.5643 0.00849146
  391 390.5 16.1168 0.00699514
  392 391.5 12.8446 0.00557489
  393 392.5 9.95379 0.00432022
  394 393.5 7.57244 0.00328665
  395 394.5 5.72983 0.0024869
  396 395.5 4.37874 0.00190049
  397 396.5 3.4369 0.00149171
  398 397.5 2.79167 0.00121166
  399 398.5 2.35395 0.00102168
  400 399.5 2.0667 0.000897005
  401 400.5 1.89792 0.000823751
  402 401.5 1.77918 0.000772214
  403 402.5 1.69445 0.000735437
  404 403.5 1.65223 0.000717115
  405 404.5 1.61256 0.000699894
  406 405.5 1.58357 0.000687312
  407 406.5 1.56966 0.000681278
  408 407.5 1.55895 0.000676628
  409 408.5 1.53915 0.000668034
  410 409.5 1.53238 0.000665094
  411 410.5 1.53097 0.000664484
  412 411.5 1.51826 0.000658968
  413 412.5 1.52298 0.000661017
  414 413.5 1.50341 0.000652521
  415 414.5 1.49708 0.000649773
  416 415.5 1.50085 0.000651412
  417 416.5 1.51251 0.000656471
  418 417.5 1.51192 0.000656217
  419 418.5 1.50633 0.000653788
  420 419.5 1.51335 0.000656837
  421 420.5 1.52725 0.00066287
  422 421.5 1.5267 0.000662629
  423 422.5 1.53264 0.000665208
  424 423.5 1.54321 0.000669795
  425 424.5 1.55187 0.000673555
  426 425.5 1.55408 0.000674516
  427 426.5 1.54862 0.000672143
  428 427.5 1.54312 0.000669758
  429 428.5 1.54077 0.000668737
  430 429.5 1.55329 0.000674172
  431 430.5 1.56022 0.000677181
  432 431.5 1.56114 0.000677578
  433 432.5 1.56945 0.000681184
  434 433.5 1.58236 0.00068679
  435 434.5 1.58833 0.00068938
  436 435.5 1.58718 0.000688879
  437 436.5 1.59118 0.000690618
  438 437.5 1.59845 0.000693773
  439 438.5 1.58914 0.000689733
  440 439.5 1.5993 0.000694142
  441 440.5 1.58837 0.000689398
  442 441.5 1.57204 0.000682309
  443 442.5 1.57436 0.000683315
  444 443.5 1.57315 0.000682793
  445 444.5 1.55665 0.000675628
  446 445.5 1.54651 0.000671228
  447 446.5 1.53827 0.00066765
  448 447.5 1.54057 0.000668648
  449 448.5 1.55712 0.000675833
  450 449.5 1.5731 0.000682768
  451 450.5 1.58438 0.000687667
  452 451.5 1.60087 0.000694822
  453 452.5 1.59269 0.000691273
  454 453.5 1.58734 0.000688948
  455 454.5 1.59458 0.000692091
  456 455.5 1.58422 0.000687594
  457 456.5 1.58712 0.000688856
  458 457.5 1.58981 0.000690023
  459 458.5 1.59165 0.000690819
  460 459.5 1.59116 0.000690609
  461 460.5 1.59033 0.000690246
  462 461.5 1.57647 0.000684233
  463 462.5 1.5816 0.000686457
  464 463.5 1.58631 0.000688503
  465 464.5 1.59654 0.000692942
  466 465.5 1.59393 0.000691811
  467 466.5 1.59555 0.000692512
  468 467.5 1.58478 0.000687838
  469 468.5 1.58644 0.000688559
  470 469.5 1.57915 0.000685393
  471 470.5 1.57682 0.000684385
  472 471.5 1.58672 0.000688681
  473 472.5 1.58912 0.00068972
  474 473.5 1.5815 0.000686414
  475 474.5 1.57192 0.000682257
  476 475.5 1.5623 0.000678083
  477 476.5 1.57188 0.000682239
  478 477.5 1.57847 0.0006851
  479 478.5 1.57518 0.00068367
  480 479.5 1.57593 0.000683997
