# Chunk-averaged data for fix tensor2 and group c1
# Timestep Number-of-chunks Total-count
# Chunk Coord1 Ncount density/number
20000000 480 4635.000000000002
  1 0.5 10.7512 0.00466632
  2 1.5 10.0169 0.00434762
  3 2.5 9.31303 0.00404211
  4 3.5 8.63725 0.00374881
  5 4.5 7.98039 0.00346371
  6 5.5 7.35307 0.00319143
  7 6.5 6.76534 0.00293634
  8 7.5 6.19696 0.00268965
  9 8.5 5.66222 0.00245756
  10 9.5 5.17665 0.00224681
  11 10.5 4.72652 0.00205144
  12 11.5 4.32857 0.00187872
  13 12.5 3.967 0.00172179
  14 13.5 3.6711 0.00159336
  15 14.5 3.41111 0.00148052
  16 15.5 3.18941 0.00138429
  17 16.5 3.0025 0.00130317
  18 17.5 2.82875 0.00122775
  19 18.5 2.71374 0.00117784
  20 19.5 2.60306 0.0011298
  21 20.5 2.52655 0.00109659
  22 21.5 2.46031 0.00106784
  23 22.5 2.42194 0.00105119
  24 23.5 2.37568 0.00103111
  25 24.5 2.33784 0.00101469
  26 25.5 2.30964 0.00100245
  27 26.5 2.29019 0.000994007
  28 27.5 2.27794 0.00098869
  29 28.5 2.26474 0.00098296
  30 29.5 2.25607 0.000979198
  31 30.5 2.25428 0.000978419
  32 31.5 2.25358 0.000978115
  33 32.5 2.25565 0.000979014
  34 33.5 2.24323 0.000973625
  35 34.5 2.24839 0.000975863
  36 35.5 2.23933 0.000971931
  37 36.5 2.23535 0.000970205
  38 37.5 2.23754 0.000971154
  39 38.5 2.23924 0.000971891
  40 39.5 2.23763 0.000971194
  41 40.5 2.23715 0.000970984
  42 41.5 2.25027 0.000976681
  43 42.5 2.23773 0.000971237
  44 43.5 2.24075 0.000972546
  45 44.5 2.23367 0.000969473
  46 45.5 2.23985 0.000972155
  47 46.5 2.25115 0.000977063
  48 47.5 2.24542 0.000974576
  49 48.5 2.25036 0.000976719
  50 49.5 2.2429 0.000973481
  51 50.5 2.24654 0.000975063
  52 51.5 2.24435 0.000974109
  53 52.5 2.25241 0.000977609
  54 53.5 2.24574 0.000974713
  55 54.5 2.24014 0.000972282
  56 55.5 2.2465 0.000975043
  57 56.5 2.25567 0.000979023
  58 57.5 2.25247 0.000977636
  59 58.5 2.24688 0.000975207
  60 59.5 2.24276 0.000973421
  61 60.5 2.23649 0.0009707
  62 61.5 2.24367 0.000973817
  63 62.5 2.25268 0.000977724
  64 63.5 2.24209 0.000973129
  65 64.5 2.24397 0.000973944
  66 65.5 2.23787 0.000971299
  67 66.5 2.23555 0.000970292
  68 67.5 2.24367 0.000973815
  69 68.5 2.26039 0.000981073
  70 69.5 2.24863 0.000975969
  71 70.5 2.25317 0.000977937
  72 71.5 2.24942 0.000976311
  73 72.5 2.24248 0.000973298
  74 73.5 2.23635 0.00097064
  75 74.5 2.23954 0.000972023
  76 75.5 2.23032 0.000968023
  77 76.5 2.24281 0.000973442
  78 77.5 2.22401 0.000965284
  79 78.5 2.22885 0.000967381
  80 79.5 2.23117 0.000968388
  81 80.5 2.23075 0.000968207
  82 81.5 2.2219 0.000964368
  83 82.5 2.21685 0.000962176
  84 83.5 2.21801 0.000962676
  85 84.5 2.2198 0.000963457
  86 85.5 2.22603 0.000966159
  87 86.5 2.22001 0.000963548
  88 87.5 2.2079 0.000958291
  89 88.5 2.21923 0.000963209
  90 89.5 2.22307 0.000964874
  91 90.5 2.23188 0.000968697
  92 91.5 2.23199 0.000968747
  93 92.5 2.22299 0.000964839
  94 93.5 2.21961 0.000963372
  95 94.5 2.22355 0.000965082
  96 95.5 2.23394 0.000969594
  97 96.5 2.23536 0.000970207
  98 97.5 2.23382 0.000969539
  99 98.5 2.23699 0.000970917
  100 99.5 2.23473 0.000969933
  101 100.5 2.2344 0.000969791
  102 101.5 2.22418 0.000965357
  103 102.5 2.22506 0.000965739
  104 103.5 2.23428 0.000969738
  105 104.5 2.23232 0.000968888
  106 105.5 2.24261 0.000973353
  107 106.5 2.24897 0.000976115
  108 107.5 2.24496 0.000974377
  109 108.5 2.25127 0.000977115
  110 109.5 2.23658 0.000970737
  111 110.5 2.23608 0.000970523
  112 111.5 2.23156 0.000968559
  113 112.5 2.22558 0.000965964
  114 113.5 2.22833 0.000967158
  115 114.5 2.2206 0.0009638
  116 115.5 2.22033 0.000963684
  117 116.5 2.21419 0.000961021
  118 117.5 2.20674 0.000957786
  119 118.5 2.22415 0.000965343
  120 119.5 2.22804 0.00096703
  121 120.5 2.23856 0.000971598
  122 121.5 2.25269 0.000977729
  123 122.5 2.25992 0.000980866
  124 123.5 2.27388 0.000986928
  125 124.5 2.28915 0.000993556
  126 125.5 2.31904 0.00100653
  127 126.5 2.35085 0.00102033
  128 127.5 2.38257 0.0010341
  129 128.5 2.43209 0.00105559
  130 129.5 2.50206 0.00108596
  131 130.5 2.5843 0.00112166
  132 131.5 2.7017 0.00117261
  133 132.5 2.84755 0.00123591
  134 133.5 3.02617 0.00131344
  135 134.5 3.24195 0.0014071
  136 135.5 3.50201 0.00151997
  137 136.5 3.8291 0.00166194
  138 137.5 4.20922 0.00182692
  139 138.5 4.63806 0.00201305
  140 139.5 5.14068 0.0022312
  141 140.5 5.7126 0.00247943
  142 141.5 6.32157 0.00274374
  143 142.5 6.99975 0.00303809
  144 143.5 7.67608 0.00333163
  145 144.5 8.42611 0.00365717
  146 145.5 9.16744 0.00397892
  147 146.5 9.89399 0.00429427
  148 147.5 10.6114 0.00460563
  149 148.5 11.3348 0.00491962
  150 149.5 12.0476 0.005229
  151 150.5 12.7114 0.0055171
  152 151.5 13.4006 0.00581623
  153 152.5 14.0348 0.0060915
  154 153.5 14.7454 0.00639989
  155 154.5 15.3695 0.0066708
  156 155.5 15.9856 0.0069382
  157 156.5 16.5878 0.00719958
  158 157.5 17.1775 0.00745551
  159 158.5 17.7065 0.00768512
  160 159.5 18.2031 0.00790066
  161 160.5 18.6378 0.00808931
  162 161.5 19.0671 0.00827566
  163 162.5 19.4421 0.00843841
  164 163.5 19.7228 0.00856026
  165 164.5 20.0065 0.00868338
  166 165.5 20.2608 0.00879373
  167 166.5 20.4226 0.00886399
  168 167.5 20.5786 0.00893167
  169 168.5 20.6979 0.00898346
  170 169.5 20.7898 0.00902335
  171 170.5 20.8457 0.00904762
  172 171.5 20.9435 0.00909007
  173 172.5 20.9835 0.00910742
  174 173.5 21.0165 0.00912176
  175 174.5 21.0517 0.00913704
  176 175.5 21.095 0.00915581
  177 176.5 21.0973 0.00915683
  178 177.5 21.1164 0.00916512
  179 178.5 21.1515 0.00918034
  180 179.5 21.0779 0.00914841
  181 180.5 21.0382 0.00913116
  182 181.5 21.0294 0.00912735
  183 182.5 20.9975 0.00911352
  184 183.5 20.9364 0.00908698
  185 184.5 20.8664 0.00905659
  186 185.5 20.848 0.00904862
  187 186.5 20.733 0.00899872
  188 187.5 20.6459 0.00896088
  189 188.5 20.5433 0.00891636
  190 189.5 20.3606 0.00883705
  191 190.5 20.1241 0.00873442
  192 191.5 19.8945 0.00863476
  193 192.5 19.6599 0.00853294
  194 193.5 19.3661 0.00840543
  195 194.5 19.0114 0.00825148
  196 195.5 18.619 0.00808116
  197 196.5 18.1926 0.00789608
  198 197.5 17.7121 0.00768754
  199 198.5 17.1622 0.00744887
  200 199.5 16.5815 0.00719681
  201 200.5 15.9828 0.006937
  202 201.5 15.3509 0.00666272
  203 202.5 14.678 0.00637066
  204 203.5 13.9408 0.00605069
  205 204.5 13.2032 0.00573057
  206 205.5 12.472 0.0054132
  207 206.5 11.74 0.00509549
  208 207.5 10.9982 0.00477353
  209 208.5 10.3019 0.0044713
  210 209.5 9.63984 0.00418396
  211 210.5 8.99038 0.00390207
  212 211.5 8.41052 0.0036504
  213 212.5 7.85546 0.00340949
  214 213.5 7.3472 0.00318889
  215 214.5 6.90063 0.00299507
  216 215.5 6.50299 0.00282248
  217 216.5 6.14495 0.00266708
  218 217.5 5.82306 0.00252737
  219 218.5 5.5277 0.00239918
  220 219.5 5.31741 0.00230791
  221 220.5 5.08982 0.00220912
  222 221.5 4.90918 0.00213072
  223 222.5 4.75708 0.00206471
  224 223.5 4.63831 0.00201315
  225 224.5 4.53208 0.00196705
  226 225.5 4.43081 0.00192309
  227 226.5 4.35444 0.00188995
  228 227.5 4.27214 0.00185423
  229 228.5 4.19636 0.00182134
  230 229.5 4.15794 0.00180466
  231 230.5 4.12163 0.0017889
  232 231.5 4.09496 0.00177733
  233 232.5 4.07497 0.00176865
  234 233.5 4.05029 0.00175794
  235 234.5 4.03391 0.00175083
  236 235.5 4.01898 0.00174435
  237 236.5 4.02359 0.00174635
  238 237.5 4.01635 0.00174321
  239 238.5 3.99181 0.00173256
  240 239.5 4.00826 0.0017397
  241 240.5 4.01544 0.00174281
  242 241.5 4.01743 0.00174368
  243 242.5 4.0279 0.00174822
  244 243.5 4.03795 0.00175258
  245 244.5 4.03437 0.00175103
  246 245.5 4.04589 0.00175603
  247 246.5 4.04417 0.00175528
  248 247.5 4.05878 0.00176162
  249 248.5 4.0757 0.00176897
  250 249.5 4.07445 0.00176843
  251 250.5 4.10361 0.00178108
  252 251.5 4.10315 0.00178088
  253 252.5 4.10737 0.00178271
  254 253.5 4.11205 0.00178475
  255 254.5 4.0967 0.00177808
  256 255.5 4.08853 0.00177453
  257 256.5 4.07862 0.00177023
  258 257.5 4.09582 0.0017777
  259 258.5 4.11175 0.00178461
  260 259.5 4.11987 0.00178814
  261 260.5 4.11129 0.00178442
  262 261.5 4.11789 0.00178728
  263 262.5 4.12328 0.00178962
  264 263.5 4.13468 0.00179457
  265 264.5 4.13474 0.00179459
  266 265.5 4.11502 0.00178603
  267 266.5 4.11745 0.00178709
  268 267.5 4.11291 0.00178512
  269 268.5 4.09621 0.00177787
  270 269.5 4.09763 0.00177849
  271 270.5 4.09703 0.00177822
  272 271.5 4.09762 0.00177848
  273 272.5 4.10553 0.00178191
  274 273.5 4.13397 0.00179426
  275 274.5 4.1437 0.00179848
  276 275.5 4.16229 0.00180655
  277 276.5 4.20195 0.00182376
  278 277.5 4.20183 0.00182371
  279 278.5 4.20461 0.00182492
  280 279.5 4.21008 0.00182729
  281 280.5 4.21433 0.00182914
  282 281.5 4.21659 0.00183012
  283 282.5 4.22744 0.00183483
  284 283.5 4.23325 0.00183735
  285 284.5 4.231 0.00183637
  286 285.5 4.21424 0.0018291
  287 286.5 4.19869 0.00182235
  288 287.5 4.19142 0.00181919
  289 288.5 4.18613 0.0018169
  290 289.5 4.18413 0.00181603
  291 290.5 4.14216 0.00179781
  292 291.5 4.11926 0.00178787
  293 292.5 4.10763 0.00178283
  294 293.5 4.09555 0.00177758
  295 294.5 4.09244 0.00177623
  296 295.5 4.08306 0.00177216
  297 296.5 4.03569 0.0017516
  298 297.5 4.05115 0.00175831
  299 298.5 4.03251 0.00175022
  300 299.5 4.03936 0.00175319
  301 300.5 4.01029 0.00174058
  302 301.5 3.98822 0.001731
  303 302.5 3.96085 0.00171912
  304 303.5 3.9373 0.0017089
  305 304.5 3.93941 0.00170981
  306 305.5 3.93066 0.00170602
  307 306.5 3.92384 0.00170305
  308 307.5 3.90775 0.00169607
  309 308.5 3.90429 0.00169457
  310 309.5 3.91248 0.00169812
  311 310.5 3.92527 0.00170367
  312 311.5 3.91305 0.00169837
  313 312.5 3.90706 0.00169577
  314 313.5 3.9188 0.00170087
  315 314.5 3.92243 0.00170244
  316 315.5 3.90597 0.0016953
  317 316.5 3.91452 0.00169901
  318 317.5 3.90753 0.00169598
  319 318.5 3.92269 0.00170256
  320 319.5 3.92181 0.00170217
  321 320.5 3.91709 0.00170013
  322 321.5 3.94179 0.00171084
  323 322.5 3.94266 0.00171122
  324 323.5 3.92708 0.00170446
  325 324.5 3.91962 0.00170122
  326 325.5 3.93815 0.00170926
  327 326.5 3.94891 0.00171394
  328 327.5 3.94816 0.00171361
  329 328.5 3.94916 0.00171405
  330 329.5 3.9642 0.00172057
  331 330.5 3.97197 0.00172395
  332 331.5 3.96794 0.0017222
  333 332.5 3.98897 0.00173132
  334 333.5 4.01231 0.00174145
  335 334.5 4.03131 0.0017497
  336 335.5 4.05015 0.00175788
  337 336.5 4.08723 0.00177397
  338 337.5 4.12358 0.00178975
  339 338.5 4.14838 0.00180051
  340 339.5 4.19498 0.00182074
  341 340.5 4.23275 0.00183713
  342 341.5 4.2691 0.00185291
  343 342.5 4.32322 0.0018764
  344 343.5 4.40101 0.00191016
  345 344.5 4.50323 0.00195453
  346 345.5 4.60558 0.00199895
  347 346.5 4.728 0.00205208
  348 347.5 4.88427 0.00211991
  349 348.5 5.02737 0.00218202
  350 349.5 5.2037 0.00225855
  351 350.5 5.43365 0.00235836
  352 351.5 5.66828 0.00246019
  353 352.5 5.94663 0.002581
  354 353.5 6.24931 0.00271237
  355 354.5 6.59951 0.00286437
  356 355.5 7.01288 0.00304379
  357 356.5 7.45061 0.00323377
  358 357.5 7.94851 0.00344988
  359 358.5 8.47998 0.00368055
  360 359.5 9.061 0.00393272
  361 360.5 9.72093 0.00421915
  362 361.5 10.3844 0.00450713
  363 362.5 11.0586 0.00479975
  364 363.5 11.7637 0.00510578
  365 364.5 12.4823 0.00541768
  366 365.5 13.2053 0.00573148
  367 366.5 13.9225 0.00604276
  368 367.5 14.5851 0.00633034
  369 368.5 15.2942 0.00663809
  370 369.5 15.9448 0.0069205
  371 370.5 16.5121 0.00716673
  372 371.5 17.0575 0.00740343
  373 372.5 17.6032 0.00764027
  374 373.5 18.0655 0.00784092
  375 374.5 18.4954 0.0080275
  376 375.5 18.874 0.00819183
  377 376.5 19.231 0.00834679
  378 377.5 19.5285 0.00847593
  379 378.5 19.7796 0.0085849
  380 379.5 20.0406 0.00869819
  381 380.5 20.209 0.00877127
  382 381.5 20.3497 0.00883234
  383 382.5 20.5129 0.00890315
  384 383.5 20.6186 0.00894904
  385 384.5 20.7169 0.00899171
  386 385.5 20.8507 0.0090498
  387 386.5 20.9393 0.00908825
  388 387.5 20.9976 0.00911353
  389 388.5 21.0367 0.00913049
  390 389.5 21.1554 0.00918205
  391 390.5 21.2072 0.00920453
  392 391.5 21.2179 0.00920914
  393 392.5 21.2104 0.00920588
  394 393.5 21.3085 0.00924847
  395 394.5 21.3047 0.00924684
  396 395.5 21.3069 0.00924778
  397 396.5 21.3171 0.0092522
  398 397.5 21.3088 0.00924863
  399 398.5 21.3057 0.00924726
  400 399.5 21.3388 0.00926162
  401 400.5 21.3011 0.00924527
  402 401.5 21.2753 0.00923406
  403 402.5 21.2692 0.00923142
  404 403.5 21.2658 0.00922994
  405 404.5 21.302 0.00924566
  406 405.5 21.2836 0.00923768
  407 406.5 21.3339 0.0092595
  408 407.5 21.3265 0.00925629
  409 408.5 21.3609 0.00927121
  410 409.5 21.367 0.00927387
  411 410.5 21.4068 0.00929114
  412 411.5 21.4238 0.00929852
  413 412.5 21.4699 0.00931852
  414 413.5 21.5147 0.00933797
  415 414.5 21.5587 0.00935708
  416 415.5 21.5788 0.00936582
  417 416.5 21.5995 0.00937477
  418 417.5 21.6549 0.00939883
  419 418.5 21.6691 0.00940497
  420 419.5 21.7002 0.00941849
  421 420.5 21.709 0.00942231
  422 421.5 21.7505 0.00944032
  423 422.5 21.7685 0.00944814
  424 423.5 21.7768 0.00945173
  425 424.5 21.7586 0.00944382
  426 425.5 21.7592 0.00944409
  427 426.5 21.7617 0.00944518
  428 427.5 21.7496 0.00943995
  429 428.5 21.7531 0.00944147
  430 429.5 21.746 0.00943837
  431 430.5 21.7719 0.00944962
  432 431.5 21.7568 0.00944304
  433 432.5 21.7871 0.00945621
  434 433.5 21.7777 0.00945211
  435 434.5 21.7561 0.00944276
  436 435.5 21.7491 0.00943972
  437 436.5 21.7392 0.00943541
  438 437.5 21.7575 0.00944337
  439 438.5 21.7399 0.00943572
  440 439.5 21.7329 0.00943269
  441 440.5 21.7357 0.00943392
  442 441.5 21.7647 0.00944649
  443 442.5 21.7399 0.00943573
  444 443.5 21.7724 0.00944984
  445 444.5 21.7563 0.00944283
  446 445.5 21.7766 0.00945167
  447 446.5 21.8116 0.00946686
  448 447.5 21.8363 0.00947758
  449 448.5 21.7998 0.00946172
  450 449.5 21.8107 0.00946643
  451 450.5 21.835 0.00947701
  452 451.5 21.7774 0.00945199
  453 452.5 21.7705 0.00944901
  454 453.5 21.781 0.00945356
  455 454.5 21.7473 0.00943894
  456 455.5 21.7002 0.00941848
  457 456.5 21.6436 0.00939393
  458 457.5 21.5585 0.00935699
  459 458.5 21.4803 0.00932306
  460 459.5 21.4465 0.00930838
  461 460.5 21.3556 0.00926891
  462 461.5 21.2313 0.009215
  463 462.5 21.0734 0.00914643
  464 463.5 20.9105 0.00907576
  465 464.5 20.7252 0.00899532
  466 465.5 20.4642 0.00888202
  467 466.5 20.1558 0.0087482
  468 467.5 19.7667 0.00857932
  469 468.5 19.3339 0.00839144
  470 469.5 18.8558 0.00818395
  471 470.5 18.2701 0.00792972
  472 471.5 17.6503 0.00766073
  473 472.5 16.9631 0.00736245
  474 473.5 16.2436 0.00705019
  475 474.5 15.4609 0.00671045
  476 475.5 14.6664 0.00636564
  477 476.5 13.8733 0.0060214
  478 477.5 13.0578 0.00566743
  479 478.5 12.2612 0.00532172
  480 479.5 11.5019 0.00499215
30000000 480 4635.000000000004
  1 0.5 2.98611 0.00129605
  2 1.5 2.8227 0.00122513
  3 2.5 2.69929 0.00117157
  4 3.5 2.59944 0.00112823
  5 4.5 2.51875 0.00109321
  6 5.5 2.46069 0.00106801
  7 6.5 2.4109 0.0010464
  8 7.5 2.37569 0.00103112
  9 8.5 2.35562 0.0010224
  10 9.5 2.33524 0.00101356
  11 10.5 2.31162 0.00100331
  12 11.5 2.2892 0.000993575
  13 12.5 2.28673 0.000992503
  14 13.5 2.26903 0.000984823
  15 14.5 2.26504 0.000983089
  16 15.5 2.26197 0.00098176
  17 16.5 2.25631 0.0009793
  18 17.5 2.24743 0.000975447
  19 18.5 2.23794 0.000971328
  20 19.5 2.23336 0.000969339
  21 20.5 2.23088 0.000968265
  22 21.5 2.22354 0.000965076
  23 22.5 2.22023 0.000963641
  24 23.5 2.21739 0.000962409
  25 24.5 2.21931 0.00096324
  26 25.5 2.22432 0.000965415
  27 26.5 2.21647 0.00096201
  28 27.5 2.2192 0.000963196
  29 28.5 2.21484 0.000961301
  30 29.5 2.21172 0.000959947
  31 30.5 2.21325 0.000960614
  32 31.5 2.20714 0.00095796
  33 32.5 2.22605 0.000966168
  34 33.5 2.22246 0.000964609
  35 34.5 2.22679 0.00096649
  36 35.5 2.22539 0.000965883
  37 36.5 2.22306 0.000964872
  38 37.5 2.22573 0.000966029
  39 38.5 2.2314 0.000968488
  40 39.5 2.23071 0.000968189
  41 40.5 2.23193 0.000968721
  42 41.5 2.22279 0.000964751
  43 42.5 2.22512 0.000965763
  44 43.5 2.23253 0.000968982
  45 44.5 2.23011 0.000967931
  46 45.5 2.23428 0.000969738
  47 46.5 2.2282 0.000967102
  48 47.5 2.23643 0.000970672
  49 48.5 2.24165 0.000972937
  50 49.5 2.2232 0.000964931
  51 50.5 2.22847 0.000967217
  52 51.5 2.22726 0.000966692
  53 52.5 2.22496 0.000965694
  54 53.5 2.23302 0.000969194
  55 54.5 2.22827 0.000967129
  56 55.5 2.22048 0.00096375
  57 56.5 2.23522 0.000970148
  58 57.5 2.22682 0.0009665
  59 58.5 2.24081 0.000972573
  60 59.5 2.23943 0.000971976
  61 60.5 2.24832 0.000975833
  62 61.5 2.25116 0.000977067
  63 62.5 2.2501 0.000976607
  64 63.5 2.25556 0.000978976
  65 64.5 2.26338 0.000982368
  66 65.5 2.25206 0.000977457
  67 66.5 2.25391 0.00097826
  68 67.5 2.25453 0.00097853
  69 68.5 2.25287 0.00097781
  70 69.5 2.25112 0.000977049
  71 70.5 2.23179 0.000968658
  72 71.5 2.23366 0.00096947
  73 72.5 2.23991 0.000972181
  74 73.5 2.23924 0.000971892
  75 74.5 2.24788 0.000975643
  76 75.5 2.23361 0.000969451
  77 76.5 2.24209 0.000973129
  78 77.5 2.23923 0.000971886
  79 78.5 2.25066 0.000976851
  80 79.5 2.23933 0.000971931
  81 80.5 2.23828 0.000971476
  82 81.5 2.24818 0.000975773
  83 82.5 2.24397 0.000973944
  84 83.5 2.24184 0.000973022
  85 84.5 2.23871 0.000971663
  86 85.5 2.2446 0.00097422
  87 86.5 2.24293 0.000973496
  88 87.5 2.24319 0.000973606
  89 88.5 2.24416 0.000974028
  90 89.5 2.23465 0.000969898
  91 90.5 2.23806 0.000971381
  92 91.5 2.24144 0.000972845
  93 92.5 2.24462 0.000974226
  94 93.5 2.23971 0.000972098
  95 94.5 2.23642 0.000970669
  96 95.5 2.22666 0.000966431
  97 96.5 2.23197 0.000968736
  98 97.5 2.23679 0.00097083
  99 98.5 2.24306 0.000973552
  100 99.5 2.2485 0.00097591
  101 100.5 2.24407 0.00097399
  102 101.5 2.242 0.000973089
  103 102.5 2.2459 0.000974782
  104 103.5 2.2441 0.000974
  105 104.5 2.25001 0.000976568
  106 105.5 2.26545 0.00098327
  107 106.5 2.26585 0.00098344
  108 107.5 2.26636 0.000983662
  109 108.5 2.27522 0.00098751
  110 109.5 2.29823 0.000997496
  111 110.5 2.30611 0.00100092
  112 111.5 2.32085 0.00100731
  113 112.5 2.34757 0.00101891
  114 113.5 2.37763 0.00103196
  115 114.5 2.43438 0.00105659
  116 115.5 2.48024 0.00107649
  117 116.5 2.54333 0.00110388
  118 117.5 2.64052 0.00114606
  119 118.5 2.76491 0.00120005
  120 119.5 2.90119 0.0012592
  121 120.5 3.07562 0.00133491
  122 121.5 3.28776 0.00142698
  123 122.5 3.54859 0.00154019
  124 123.5 3.862 0.00167621
  125 124.5 4.20204 0.0018238
  126 125.5 4.61236 0.00200189
  127 126.5 5.07143 0.00220114
  128 127.5 5.57653 0.00242037
  129 128.5 6.13747 0.00266383
  130 129.5 6.76044 0.00293422
  131 130.5 7.39894 0.00321134
  132 131.5 8.10437 0.00351752
  133 132.5 8.8925 0.00385959
  134 133.5 9.70113 0.00421056
  135 134.5 10.518 0.00456508
  136 135.5 11.4027 0.00494907
  137 136.5 12.2901 0.00533424
  138 137.5 13.1693 0.00571583
  139 138.5 14.054 0.00609983
  140 139.5 14.8713 0.00645457
  141 140.5 15.7292 0.00682692
  142 141.5 16.5295 0.00717425
  143 142.5 17.2244 0.00747585
  144 143.5 17.8587 0.00775115
  145 144.5 18.4676 0.00801544
  146 145.5 18.9697 0.00823338
  147 146.5 19.3666 0.00840563
  148 147.5 19.7326 0.00856451
  149 148.5 20.0578 0.00870565
  150 149.5 20.3183 0.0088187
  151 150.5 20.5268 0.00890919
  152 151.5 20.6633 0.00896846
  153 152.5 20.8114 0.00903273
  154 153.5 20.9509 0.00909326
  155 154.5 21.0056 0.00911703
  156 155.5 21.1002 0.00915807
  157 156.5 21.1899 0.00919701
  158 157.5 21.2028 0.00920262
  159 158.5 21.2343 0.0092163
  160 159.5 21.306 0.00924741
  161 160.5 21.3379 0.00926126
  162 161.5 21.3795 0.00927931
  163 162.5 21.4011 0.00928866
  164 163.5 21.4468 0.00930851
  165 164.5 21.4739 0.00932027
  166 165.5 21.48 0.00932292
  167 166.5 21.4454 0.0093079
  168 167.5 21.4736 0.00932015
  169 168.5 21.5082 0.00933514
  170 169.5 21.481 0.00932334
  171 170.5 21.4711 0.00931903
  172 171.5 21.4758 0.00932108
  173 172.5 21.4734 0.00932004
  174 173.5 21.4465 0.00930838
  175 174.5 21.4581 0.00931342
  176 175.5 21.431 0.00930166
  177 176.5 21.4463 0.00930828
  178 177.5 21.3916 0.00928456
  179 178.5 21.4138 0.00929419
  180 179.5 21.3861 0.00928217
  181 180.5 21.3165 0.00925193
  182 181.5 21.2959 0.009243
  183 182.5 21.2794 0.00923585
  184 183.5 21.2158 0.00920824
  185 184.5 21.1492 0.00917935
  186 185.5 21.0898 0.00915357
  187 186.5 21.0281 0.00912678
  188 187.5 20.9579 0.00909632
  189 188.5 20.8332 0.0090422
  190 189.5 20.6909 0.00898043
  191 190.5 20.5402 0.008915
  192 191.5 20.4033 0.00885559
  193 192.5 20.1982 0.00876658
  194 193.5 19.9684 0.00866684
  195 194.5 19.7068 0.0085533
  196 195.5 19.4357 0.00843563
  197 196.5 19.1101 0.00829432
  198 197.5 18.7886 0.00815478
  199 198.5 18.3978 0.00798515
  200 199.5 17.9611 0.00779561
  201 200.5 17.4965 0.00759395
  202 201.5 16.9637 0.00736274
  203 202.5 16.4007 0.00711836
  204 203.5 15.8086 0.00686139
  205 204.5 15.1897 0.00659277
  206 205.5 14.5306 0.0063067
  207 206.5 13.8102 0.00599403
  208 207.5 13.114 0.00569185
  209 208.5 12.4017 0.0053827
  210 209.5 11.6606 0.00506104
  211 210.5 10.9289 0.00474344
  212 211.5 10.2513 0.00444935
  213 212.5 9.58796 0.00416144
  214 213.5 8.92074 0.00387185
  215 214.5 8.34077 0.00362013
  216 215.5 7.78757 0.00338002
  217 216.5 7.30646 0.00317121
  218 217.5 6.86824 0.00298101
  219 218.5 6.45051 0.0027997
  220 219.5 6.11613 0.00265457
  221 220.5 5.78295 0.00250996
  222 221.5 5.49592 0.00238538
  223 222.5 5.26426 0.00228484
  224 223.5 5.04056 0.00218774
  225 224.5 4.84546 0.00210306
  226 225.5 4.71583 0.0020468
  227 226.5 4.58794 0.00199129
  228 227.5 4.48675 0.00194737
  229 228.5 4.38671 0.00190395
  230 229.5 4.3259 0.00187756
  231 230.5 4.2664 0.00185174
  232 231.5 4.21431 0.00182913
  233 232.5 4.20033 0.00182306
  234 233.5 4.16682 0.00180851
  235 234.5 4.14538 0.00179921
  236 235.5 4.12763 0.00179151
  237 236.5 4.13079 0.00179288
  238 237.5 4.12293 0.00178947
  239 238.5 4.09962 0.00177935
  240 239.5 4.04714 0.00175657
  241 240.5 4.02919 0.00174878
  242 241.5 4.02503 0.00174697
  243 242.5 3.98915 0.0017314
  244 243.5 3.95216 0.00171535
  245 244.5 3.93898 0.00170963
  246 245.5 3.91836 0.00170068
  247 246.5 3.91045 0.00169724
  248 247.5 3.90861 0.00169644
  249 248.5 3.9131 0.00169839
  250 249.5 3.92104 0.00170184
  251 250.5 3.91978 0.00170129
  252 251.5 3.90083 0.00169307
  253 252.5 3.90116 0.00169321
  254 253.5 3.89271 0.00168955
  255 254.5 3.90014 0.00169277
  256 255.5 3.90501 0.00169488
  257 256.5 3.91637 0.00169981
  258 257.5 3.90906 0.00169664
  259 258.5 3.91579 0.00169956
  260 259.5 3.93328 0.00170715
  261 260.5 3.94576 0.00171257
  262 261.5 3.9591 0.00171836
  263 262.5 3.97232 0.0017241
  264 263.5 3.96751 0.00172201
  265 264.5 3.95363 0.00171598
  266 265.5 3.95941 0.00171849
  267 266.5 3.95719 0.00171753
  268 267.5 3.9579 0.00171784
  269 268.5 3.94831 0.00171368
  270 269.5 3.9501 0.00171445
  271 270.5 3.99207 0.00173267
  272 271.5 4.0325 0.00175022
  273 272.5 4.05469 0.00175985
  274 273.5 4.0769 0.00176949
  275 274.5 4.08904 0.00177476
  276 275.5 4.11608 0.00178649
  277 276.5 4.11232 0.00178486
  278 277.5 4.10125 0.00178006
  279 278.5 4.1167 0.00178676
  280 279.5 4.09631 0.00177791
  281 280.5 4.09061 0.00177544
  282 281.5 4.105 0.00178168
  283 282.5 4.10073 0.00177983
  284 283.5 4.09905 0.0017791
  285 284.5 4.1037 0.00178112
  286 285.5 4.10492 0.00178165
  287 286.5 4.10418 0.00178133
  288 287.5 4.10949 0.00178363
  289 288.5 4.12035 0.00178835
  290 289.5 4.13275 0.00179373
  291 290.5 4.15598 0.00180381
  292 291.5 4.15775 0.00180458
  293 292.5 4.17547 0.00181227
  294 293.5 4.15369 0.00180282
  295 294.5 4.15944 0.00180531
  296 295.5 4.1692 0.00180955
  297 296.5 4.17605 0.00181252
  298 297.5 4.17125 0.00181044
  299 298.5 4.15612 0.00180387
  300 299.5 4.15543 0.00180357
  301 300.5 4.17636 0.00181266
  302 301.5 4.17113 0.00181039
  303 302.5 4.18057 0.00181448
  304 303.5 4.15659 0.00180408
  305 304.5 4.15315 0.00180258
  306 305.5 4.1531 0.00180256
  307 306.5 4.15349 0.00180273
  308 307.5 4.13182 0.00179333
  309 308.5 4.12118 0.00178871
  310 309.5 4.1264 0.00179097
  311 310.5 4.09874 0.00177897
  312 311.5 4.10715 0.00178262
  313 312.5 4.10668 0.00178241
  314 313.5 4.11201 0.00178472
  315 314.5 4.10677 0.00178245
  316 315.5 4.08585 0.00177337
  317 316.5 4.09443 0.0017771
  318 317.5 4.0864 0.00177361
  319 318.5 4.09124 0.00177571
  320 319.5 4.10977 0.00178376
  321 320.5 4.12512 0.00179042
  322 321.5 4.11476 0.00178592
  323 322.5 4.12292 0.00178946
  324 323.5 4.14901 0.00180079
  325 324.5 4.14897 0.00180077
  326 325.5 4.14364 0.00179845
  327 326.5 4.15189 0.00180203
  328 327.5 4.13393 0.00179424
  329 328.5 4.12045 0.00178839
  330 329.5 4.12534 0.00179051
  331 330.5 4.1296 0.00179236
  332 331.5 4.14629 0.00179961
  333 332.5 4.16354 0.00180709
  334 333.5 4.17326 0.00181131
  335 334.5 4.18398 0.00181596
  336 335.5 4.22423 0.00183343
  337 336.5 4.26735 0.00185215
  338 337.5 4.28662 0.00186051
  339 338.5 4.29877 0.00186579
  340 339.5 4.35904 0.00189195
  341 340.5 4.38993 0.00190535
  342 341.5 4.43524 0.00192502
  343 342.5 4.49811 0.00195231
  344 343.5 4.55726 0.00197798
  345 344.5 4.63274 0.00201074
  346 345.5 4.71595 0.00204685
  347 346.5 4.82296 0.0020933
  348 347.5 4.94852 0.0021478
  349 348.5 5.06085 0.00219655
  350 349.5 5.18766 0.00225159
  351 350.5 5.35329 0.00232348
  352 351.5 5.57433 0.00241941
  353 352.5 5.79641 0.0025158
  354 353.5 6.05264 0.00262701
  355 354.5 6.3698 0.00276467
  356 355.5 6.68674 0.00290223
  357 356.5 7.05473 0.00306195
  358 357.5 7.49374 0.00325249
  359 358.5 7.95898 0.00345442
  360 359.5 8.47393 0.00367792
  361 360.5 9.01762 0.0039139
  362 361.5 9.64839 0.00418767
  363 362.5 10.2794 0.00446155
  364 363.5 10.9166 0.0047381
  365 364.5 11.5989 0.00503426
  366 365.5 12.334 0.00535332
  367 366.5 13.0694 0.00567249
  368 367.5 13.8063 0.00599231
  369 368.5 14.5323 0.00630741
  370 369.5 15.2161 0.00660422
  371 370.5 15.8757 0.00689052
  372 371.5 16.5184 0.00716946
  373 372.5 17.1503 0.00744371
  374 373.5 17.6975 0.00768122
  375 374.5 18.2285 0.00791165
  376 375.5 18.7025 0.00811739
  377 376.5 19.1 0.00828993
  378 377.5 19.4196 0.00842866
  379 378.5 19.7288 0.00856287
  380 379.5 20.0291 0.00869318
  381 380.5 20.2193 0.00877574
  382 381.5 20.4062 0.00885685
  383 382.5 20.594 0.00893838
  384 383.5 20.7266 0.00899592
  385 384.5 20.8354 0.00904315
  386 385.5 20.9307 0.00908452
  387 386.5 21.0401 0.00913198
  388 387.5 21.1234 0.00916816
  389 388.5 21.164 0.00918577
  390 389.5 21.2189 0.00920957
  391 390.5 21.2795 0.00923591
  392 391.5 21.3079 0.00924823
  393 392.5 21.2975 0.0092437
  394 393.5 21.2809 0.00923649
  395 394.5 21.3031 0.00924612
  396 395.5 21.2884 0.00923976
  397 396.5 21.2653 0.00922975
  398 397.5 21.243 0.00922005
  399 398.5 21.2659 0.00922997
  400 399.5 21.2402 0.00921884
  401 400.5 21.1856 0.00919513
  402 401.5 21.2163 0.00920845
  403 402.5 21.1928 0.00919828
  404 403.5 21.1653 0.00918634
  405 404.5 21.1638 0.00918566
  406 405.5 21.1585 0.00918336
  407 406.5 21.1485 0.00917905
  408 407.5 21.0942 0.00915546
  409 408.5 21.1248 0.00916877
  410 409.5 21.1047 0.00916002
  411 410.5 21.0592 0.00914027
  412 411.5 21.0548 0.00913839
  413 412.5 21.0662 0.0091433
  414 413.5 21.0573 0.00913946
  415 414.5 20.984 0.00910765
  416 415.5 21.0193 0.00912295
  417 416.5 20.9994 0.00911431
  418 417.5 20.9731 0.0091029
  419 418.5 20.9808 0.00910626
  420 419.5 20.9574 0.00909611
  421 420.5 20.9192 0.00907952
  422 421.5 20.9126 0.00907663
  423 422.5 20.9405 0.00908876
  424 423.5 20.9145 0.00907749
  425 424.5 20.8864 0.00906528
  426 425.5 20.9084 0.00907484
  427 426.5 20.9144 0.00907744
  428 427.5 20.9315 0.00908485
  429 428.5 20.9317 0.00908494
  430 429.5 20.9735 0.00910307
  431 430.5 20.9679 0.00910067
  432 431.5 20.9623 0.00909822
  433 432.5 20.9728 0.00910278
  434 433.5 21.0094 0.00911868
  435 434.5 21.0231 0.00912461
  436 435.5 21.0082 0.00911813
  437 436.5 21.0151 0.00912112
  438 437.5 21.0071 0.00911767
  439 438.5 21.0195 0.00912303
  440 439.5 21.0004 0.00911476
  441 440.5 20.9754 0.0091039
  442 441.5 20.9744 0.00910346
  443 442.5 20.9388 0.00908801
  444 443.5 20.8937 0.00906843
  445 444.5 20.8742 0.00905997
  446 445.5 20.797 0.00902647
  447 446.5 20.6881 0.0089792
  448 447.5 20.6154 0.00894765
  449 448.5 20.4971 0.00889632
  450 449.5 20.3046 0.00881274
  451 450.5 20.11 0.00872829
  452 451.5 19.9363 0.0086529
  453 452.5 19.6888 0.00854548
  454 453.5 19.3445 0.00839604
  455 454.5 18.9985 0.00824589
  456 455.5 18.6363 0.00808867
  457 456.5 18.1639 0.00788365
  458 457.5 17.6508 0.00766092
  459 458.5 17.1033 0.00742332
  460 459.5 16.5165 0.0071686
  461 460.5 15.8593 0.00688338
  462 461.5 15.1787 0.00658796
  463 462.5 14.456 0.00627431
  464 463.5 13.6858 0.00594001
  465 464.5 12.8713 0.0055865
  466 465.5 12.0546 0.00523203
  467 466.5 11.2023 0.0048621
  468 467.5 10.316 0.00447743
  469 468.5 9.46992 0.00411021
  470 469.5 8.61585 0.00373952
  471 470.5 7.81218 0.0033907
  472 471.5 7.02095 0.00304729
  473 472.5 6.29859 0.00273376
  474 473.5 5.65253 0.00245335
  475 474.5 5.06067 0.00219647
  476 475.5 4.53819 0.0019697
  477 476.5 4.1096 0.00178368
  478 477.5 3.73229 0.00161992
  479 478.5 3.44663 0.00149593
  480 479.5 3.19631 0.00138729
40000000 480 4635
  1 0.5 3.74907 0.0016272
  2 1.5 3.46764 0.00150505
  3 2.5 3.229 0.00140147
  4 3.5 3.02124 0.0013113
  5 4.5 2.8469 0.00123563
  6 5.5 2.73045 0.00118509
  7 6.5 2.61118 0.00113333
  8 7.5 2.52968 0.00109795
  9 8.5 2.45847 0.00106705
  10 9.5 2.41846 0.00104968
  11 10.5 2.38187 0.0010338
  12 11.5 2.34121 0.00101615
  13 12.5 2.31633 0.00100535
  14 13.5 2.29489 0.000996045
  15 14.5 2.28782 0.000992976
  16 15.5 2.27499 0.000987407
  17 16.5 2.26821 0.000984467
  18 17.5 2.26086 0.000981276
  19 18.5 2.25393 0.000978267
  20 19.5 2.24752 0.000975486
  21 20.5 2.24308 0.000973557
  22 21.5 2.24631 0.000974963
  23 22.5 2.24004 0.000972239
  24 23.5 2.23455 0.000969858
  25 24.5 2.23103 0.000968328
  26 25.5 2.22996 0.000967865
  27 26.5 2.24588 0.000974773
  28 27.5 2.23651 0.000970706
  29 28.5 2.22384 0.000965207
  30 29.5 2.22428 0.000965398
  31 30.5 2.22509 0.00096575
  32 31.5 2.22511 0.000965758
  33 32.5 2.22289 0.000964798
  34 33.5 2.21633 0.000961951
  35 34.5 2.2199 0.000963497
  36 35.5 2.22003 0.000963554
  37 36.5 2.22487 0.000965655
  38 37.5 2.2227 0.000964714
  39 38.5 2.22048 0.000963748
  40 39.5 2.22016 0.000963609
  41 40.5 2.21632 0.000961945
  42 41.5 2.21501 0.000961374
  43 42.5 2.21572 0.000961683
  44 43.5 2.22386 0.000965219
  45 44.5 2.21901 0.00096311
  46 45.5 2.22634 0.000966293
  47 46.5 2.23673 0.000970803
  48 47.5 2.22769 0.000966881
  49 48.5 2.23314 0.000969244
  50 49.5 2.24656 0.000975069
  51 50.5 2.25033 0.000976707
  52 51.5 2.24791 0.000975654
  53 52.5 2.25069 0.00097686
  54 53.5 2.25882 0.000980392
  55 54.5 2.24462 0.000974227
  56 55.5 2.25501 0.000978735
  57 56.5 2.26131 0.000981471
  58 57.5 2.24893 0.000976098
  59 58.5 2.24946 0.000976328
  60 59.5 2.25668 0.000979463
  61 60.5 2.25249 0.000977645
  62 61.5 2.24772 0.000975571
  63 62.5 2.2343 0.000969747
  64 63.5 2.25312 0.000977918
  65 64.5 2.24742 0.000975443
  66 65.5 2.23708 0.000970957
  67 66.5 2.23958 0.000972039
  68 67.5 2.23487 0.000969997
  69 68.5 2.23977 0.000972122
  70 69.5 2.22969 0.000967746
  71 70.5 2.2421 0.000973133
  72 71.5 2.24083 0.000972583
  73 72.5 2.24419 0.00097404
  74 73.5 2.24245 0.000973284
  75 74.5 2.24588 0.000974776
  76 75.5 2.24897 0.000976115
  77 76.5 2.24 0.000972222
  78 77.5 2.24265 0.000973372
  79 78.5 2.23414 0.000969678
  80 79.5 2.23801 0.000971358
  81 80.5 2.23535 0.000970206
  82 81.5 2.23911 0.000971835
  83 82.5 2.24348 0.000973734
  84 83.5 2.25322 0.000977962
  85 84.5 2.26162 0.000981607
  86 85.5 2.26186 0.000981709
  87 86.5 2.25586 0.000979104
  88 87.5 2.24042 0.000972405
  89 88.5 2.24294 0.0009735
  90 89.5 2.24922 0.000976223
  91 90.5 2.25144 0.000977188
  92 91.5 2.24765 0.000975542
  93 92.5 2.24628 0.00097495
  94 93.5 2.24448 0.000974166
  95 94.5 2.24364 0.000973804
  96 95.5 2.23686 0.00097086
  97 96.5 2.25221 0.000977523
  98 97.5 2.23909 0.000971826
  99 98.5 2.2424 0.000973265
  100 99.5 2.23937 0.00097195
  101 100.5 2.24008 0.000972257
  102 101.5 2.22916 0.000967516
  103 102.5 2.22094 0.000963951
  104 103.5 2.21888 0.000963054
  105 104.5 2.22384 0.00096521
  106 105.5 2.22653 0.000966378
  107 106.5 2.23055 0.000968121
  108 107.5 2.22528 0.000965832
  109 108.5 2.22783 0.000966941
  110 109.5 2.22004 0.000963557
  111 110.5 2.22332 0.000964984
  112 111.5 2.22885 0.000967384
  113 112.5 2.23441 0.000969795
  114 113.5 2.23913 0.000971844
  115 114.5 2.2436 0.000973784
  116 115.5 2.25726 0.000979713
  117 116.5 2.27134 0.000985825
  118 117.5 2.2925 0.000995008
  119 118.5 2.31904 0.00100653
  120 119.5 2.36824 0.00102788
  121 120.5 2.42186 0.00105115
  122 121.5 2.4807 0.00107669
  123 122.5 2.55597 0.00110936
  124 123.5 2.66439 0.00115642
  125 124.5 2.80205 0.00121617
  126 125.5 2.97978 0.00129331
  127 126.5 3.17816 0.00137941
  128 127.5 3.44176 0.00149382
  129 128.5 3.76117 0.00163245
  130 129.5 4.16258 0.00180667
  131 130.5 4.63366 0.00201114
  132 131.5 5.19546 0.00225497
  133 132.5 5.82057 0.00252629
  134 133.5 6.57003 0.00285157
  135 134.5 7.37521 0.00320105
  136 135.5 8.25917 0.00358471
  137 136.5 9.18977 0.00398862
  138 137.5 10.1673 0.0044129
  139 138.5 11.1497 0.00483926
  140 139.5 12.149 0.00527302
  141 140.5 13.1244 0.00569636
  142 141.5 14.0557 0.00610057
  143 142.5 14.961 0.00649347
  144 143.5 15.7816 0.00684967
  145 144.5 16.5168 0.00716875
  146 145.5 17.2343 0.00748016
  147 146.5 17.8549 0.00774951
  148 147.5 18.4183 0.00799407
  149 148.5 18.9432 0.00822187
  150 149.5 19.3839 0.00841314
  151 150.5 19.7552 0.00857429
  152 151.5 20.052 0.00870311
  153 152.5 20.3281 0.00882294
  154 153.5 20.5905 0.00893687
  155 154.5 20.7764 0.00901753
  156 155.5 20.9063 0.00907393
  157 156.5 21.0447 0.009134
  158 157.5 21.1537 0.00918127
  159 158.5 21.2175 0.00920901
  160 159.5 21.2668 0.00923038
  161 160.5 21.3649 0.00927294
  162 161.5 21.4099 0.00929247
  163 162.5 21.4088 0.009292
  164 163.5 21.4281 0.0093004
  165 164.5 21.4731 0.00931994
  166 165.5 21.5099 0.0093359
  167 166.5 21.5219 0.00934111
  168 167.5 21.5281 0.0093438
  169 168.5 21.5272 0.0093434
  170 169.5 21.5797 0.00936621
  171 170.5 21.6063 0.00937775
  172 171.5 21.5919 0.0093715
  173 172.5 21.6374 0.00939124
  174 173.5 21.62 0.00938369
  175 174.5 21.6417 0.00939309
  176 175.5 21.6678 0.00940444
  177 176.5 21.6496 0.00939651
  178 177.5 21.6353 0.00939032
  179 178.5 21.6575 0.00939998
  180 179.5 21.6663 0.0094038
  181 180.5 21.6077 0.00937834
  182 181.5 21.6172 0.00938248
  183 182.5 21.6272 0.0093868
  184 183.5 21.6083 0.00937861
  185 184.5 21.5544 0.0093552
  186 185.5 21.5422 0.00934991
  187 186.5 21.5515 0.00935397
  188 187.5 21.4898 0.00932719
  189 188.5 21.4362 0.00930389
  190 189.5 21.4306 0.00930149
  191 190.5 21.353 0.00926779
  192 191.5 21.233 0.00921572
  193 192.5 21.1802 0.00919279
  194 193.5 21.1043 0.00915986
  195 194.5 21.0041 0.00911636
  196 195.5 20.8456 0.00904755
  197 196.5 20.7324 0.00899845
  198 197.5 20.6091 0.00894494
  199 198.5 20.3858 0.00884801
  200 199.5 20.1611 0.0087505
  201 200.5 19.9194 0.00864557
  202 201.5 19.5636 0.00849114
  203 202.5 19.2282 0.00834555
  204 203.5 18.8799 0.00819439
  205 204.5 18.4049 0.00798822
  206 205.5 17.8732 0.00775745
  207 206.5 17.3071 0.00751177
  208 207.5 16.7267 0.00725984
  209 208.5 16.0462 0.00696448
  210 209.5 15.3339 0.00665534
  211 210.5 14.5937 0.00633408
  212 211.5 13.831 0.00600302
  213 212.5 13.0188 0.00565052
  214 213.5 12.248 0.00531596
  215 214.5 11.491 0.00498743
  216 215.5 10.747 0.0046645
  217 216.5 10.0298 0.00435322
  218 217.5 9.36513 0.00406473
  219 218.5 8.76008 0.00380212
  220 219.5 8.1871 0.00355343
  221 220.5 7.64027 0.00331609
  222 221.5 7.16773 0.003111
  223 222.5 6.7172 0.00291545
  224 223.5 6.29797 0.00273349
  225 224.5 5.94244 0.00257918
  226 225.5 5.65199 0.00245312
  227 226.5 5.38898 0.00233897
  228 227.5 5.1415 0.00223155
  229 228.5 4.95487 0.00215055
  230 229.5 4.79209 0.0020799
  231 230.5 4.64735 0.00201708
  232 231.5 4.5308 0.00196649
  233 232.5 4.42413 0.00192019
  234 233.5 4.33348 0.00188085
  235 234.5 4.26009 0.001849
  236 235.5 4.18853 0.00181794
  237 236.5 4.12309 0.00178953
  238 237.5 4.06975 0.00176638
  239 238.5 4.0196 0.00174462
  240 239.5 3.99045 0.00173197
  241 240.5 3.97875 0.00172689
  242 241.5 3.94928 0.0017141
  243 242.5 3.931 0.00170616
  244 243.5 3.94808 0.00171358
  245 244.5 3.95171 0.00171515
  246 245.5 3.93312 0.00170708
  247 246.5 3.95237 0.00171544
  248 247.5 3.93942 0.00170982
  249 248.5 3.92821 0.00170495
  250 249.5 3.92868 0.00170516
  251 250.5 3.94186 0.00171087
  252 251.5 3.93938 0.0017098
  253 252.5 3.91124 0.00169759
  254 253.5 3.89925 0.00169238
  255 254.5 3.90122 0.00169324
  256 255.5 3.89735 0.00169156
  257 256.5 3.89933 0.00169242
  258 257.5 3.92171 0.00170213
  259 258.5 3.92531 0.0017037
  260 259.5 3.90915 0.00169668
  261 260.5 3.91759 0.00170034
  262 261.5 3.93937 0.0017098
  263 262.5 3.96857 0.00172247
  264 263.5 3.96793 0.00172219
  265 264.5 3.97996 0.00172741
  266 265.5 3.99716 0.00173488
  267 266.5 4.01564 0.0017429
  268 267.5 4.0071 0.00173919
  269 268.5 4.01362 0.00174202
  270 269.5 4.03389 0.00175082
  271 270.5 4.04138 0.00175407
  272 271.5 4.04783 0.00175687
  273 272.5 4.05186 0.00175862
  274 273.5 4.0549 0.00175994
  275 274.5 4.05511 0.00176003
  276 275.5 4.04495 0.00175562
  277 276.5 4.06372 0.00176377
  278 277.5 4.0763 0.00176923
  279 278.5 4.08454 0.00177281
  280 279.5 4.08293 0.0017721
  281 280.5 4.10769 0.00178285
  282 281.5 4.10896 0.0017834
  283 282.5 4.10659 0.00178237
  284 283.5 4.09412 0.00177696
  285 284.5 4.09485 0.00177728
  286 285.5 4.06896 0.00176604
  287 286.5 4.06173 0.0017629
  288 287.5 4.065 0.00176432
  289 288.5 4.06039 0.00176232
  290 289.5 4.07451 0.00176845
  291 290.5 4.09539 0.00177751
  292 291.5 4.08847 0.00177451
  293 292.5 4.07336 0.00176795
  294 293.5 4.06919 0.00176614
  295 294.5 4.07362 0.00176806
  296 295.5 4.07169 0.00176723
  297 296.5 4.05587 0.00176036
  298 297.5 4.06519 0.00176441
  299 298.5 4.06146 0.00176279
  300 299.5 4.03848 0.00175281
  301 300.5 4.0105 0.00174067
  302 301.5 4.01296 0.00174174
  303 302.5 4.03059 0.00174939
  304 303.5 4.02215 0.00174572
  305 304.5 4.01735 0.00174364
  306 305.5 4.01448 0.00174239
  307 306.5 4.00989 0.0017404
  308 307.5 3.98476 0.0017295
  309 308.5 3.97166 0.00172381
  310 309.5 3.97296 0.00172437
  311 310.5 3.98674 0.00173036
  312 311.5 3.98091 0.00172783
  313 312.5 4.01771 0.0017438
  314 313.5 4.02757 0.00174808
  315 314.5 4.04674 0.0017564
  316 315.5 4.06662 0.00176503
  317 316.5 4.07289 0.00176775
  318 317.5 4.0837 0.00177244
  319 318.5 4.08916 0.00177481
  320 319.5 4.08119 0.00177135
  321 320.5 4.08327 0.00177225
  322 321.5 4.08397 0.00177256
  323 322.5 4.08456 0.00177281
  324 323.5 4.05907 0.00176175
  325 324.5 4.06446 0.00176409
  326 325.5 4.07687 0.00176948
  327 326.5 4.0475 0.00175673
  328 327.5 4.0536 0.00175938
  329 328.5 4.05354 0.00175935
  330 329.5 4.06245 0.00176322
  331 330.5 4.04747 0.00175671
  332 331.5 4.04851 0.00175717
  333 332.5 4.03465 0.00175115
  334 333.5 4.0612 0.00176267
  335 334.5 4.0734 0.00176797
  336 335.5 4.09643 0.00177797
  337 336.5 4.11449 0.0017858
  338 337.5 4.14592 0.00179944
  339 338.5 4.18073 0.00181455
  340 339.5 4.19165 0.00181929
  341 340.5 4.17947 0.00181401
  342 341.5 4.19287 0.00181982
  343 342.5 4.19801 0.00182205
  344 343.5 4.18899 0.00181814
  345 344.5 4.19898 0.00182247
  346 345.5 4.23622 0.00183864
  347 346.5 4.26657 0.00185181
  348 347.5 4.29871 0.00186576
  349 348.5 4.33001 0.00187934
  350 349.5 4.36414 0.00189416
  351 350.5 4.41561 0.0019165
  352 351.5 4.47941 0.00194419
  353 352.5 4.54703 0.00197354
  354 353.5 4.62815 0.00200875
  355 354.5 4.70436 0.00204182
  356 355.5 4.80524 0.00208561
  357 356.5 4.95787 0.00215185
  358 357.5 5.12745 0.00222545
  359 358.5 5.32742 0.00231225
  360 359.5 5.54754 0.00240779
  361 360.5 5.81339 0.00252317
  362 361.5 6.145 0.0026671
  363 362.5 6.52601 0.00283247
  364 363.5 6.96016 0.0030209
  365 364.5 7.44269 0.00323033
  366 365.5 7.97447 0.00346114
  367 366.5 8.57744 0.00372285
  368 367.5 9.1967 0.00399163
  369 368.5 9.87469 0.00428589
  370 369.5 10.6067 0.0046036
  371 370.5 11.3506 0.00492648
  372 371.5 12.0979 0.00525081
  373 372.5 12.8949 0.00559676
  374 373.5 13.6771 0.00593626
  375 374.5 14.4312 0.00626356
  376 375.5 15.1695 0.00658399
  377 376.5 15.8689 0.00688757
  378 377.5 16.5016 0.00716214
  379 378.5 17.125 0.00743271
  380 379.5 17.6957 0.00768041
  381 380.5 18.2249 0.00791011
  382 381.5 18.6537 0.00809624
  383 382.5 19.0781 0.00828041
  384 383.5 19.4581 0.00844536
  385 384.5 19.7851 0.0085873
  386 385.5 20.0463 0.00870067
  387 386.5 20.3021 0.00881169
  388 387.5 20.4946 0.00889523
  389 388.5 20.6828 0.00897689
  390 389.5 20.7783 0.00901835
  391 390.5 20.9177 0.00907887
  392 391.5 20.9732 0.00910297
  393 392.5 21.0818 0.00915007
  394 393.5 21.1156 0.00916478
  395 394.5 21.1749 0.00919049
  396 395.5 21.2295 0.00921419
  397 396.5 21.2659 0.00922999
  398 397.5 21.3069 0.00924779
  399 398.5 21.3491 0.00926609
  400 399.5 21.4146 0.00929454
  401 400.5 21.4647 0.00931629
  402 401.5 21.517 0.00933898
  403 402.5 21.53 0.00934463
  404 403.5 21.5659 0.00936021
  405 404.5 21.601 0.00937545
  406 405.5 21.6108 0.0093797
  407 406.5 21.6129 0.0093806
  408 407.5 21.6275 0.00938695
  409 408.5 21.5993 0.00937469
  410 409.5 21.6308 0.00938836
  411 410.5 21.6139 0.00938103
  412 411.5 21.6321 0.00938893
  413 412.5 21.6576 0.00939999
  414 413.5 21.6482 0.00939594
  415 414.5 21.609 0.00937892
  416 415.5 21.5639 0.00935931
  417 416.5 21.6058 0.00937752
  418 417.5 21.6041 0.00937679
  419 418.5 21.5581 0.00935681
  420 419.5 21.5575 0.00935656
  421 420.5 21.5722 0.00936295
  422 421.5 21.5926 0.00937181
  423 422.5 21.5688 0.00936145
  424 423.5 21.5517 0.00935404
  425 424.5 21.5704 0.00936216
  426 425.5 21.5436 0.00935054
  427 426.5 21.5396 0.00934879
  428 427.5 21.5708 0.00936234
  429 428.5 21.5284 0.00934392
  430 429.5 21.5572 0.00935642
  431 430.5 21.5815 0.00936698
  432 431.5 21.5301 0.00934465
  433 432.5 21.5238 0.00934192
  434 433.5 21.524 0.00934201
  435 434.5 21.512 0.00933681
  436 435.5 21.5199 0.00934025
  437 436.5 21.5214 0.00934089
  438 437.5 21.5148 0.00933802
  439 438.5 21.5008 0.00933194
  440 439.5 21.4807 0.0093232
  441 440.5 21.4467 0.00930845
  442 441.5 21.426 0.00929947
  443 442.5 21.3553 0.00926879
  444 443.5 21.3371 0.00926087
  445 444.5 21.3216 0.00925416
  446 445.5 21.2599 0.00922739
  447 446.5 21.2136 0.00920728
  448 447.5 21.1643 0.00918591
  449 448.5 21.1235 0.00916817
  450 449.5 21.0633 0.00914205
  451 450.5 20.9491 0.00909248
  452 451.5 20.8879 0.00906592
  453 452.5 20.776 0.00901734
  454 453.5 20.6666 0.00896986
  455 454.5 20.51 0.00890191
  456 455.5 20.3147 0.00881716
  457 456.5 20.0992 0.00872361
  458 457.5 19.7911 0.0085899
  459 458.5 19.4261 0.00843149
  460 459.5 19.035 0.00826173
  461 460.5 18.5735 0.00806142
  462 461.5 18.0416 0.00783056
  463 462.5 17.3624 0.00753574
  464 463.5 16.6589 0.00723042
  465 464.5 15.8352 0.00687293
  466 465.5 14.973 0.00649869
  467 466.5 14.0608 0.00610279
  468 467.5 13.1038 0.00568742
  469 468.5 12.0965 0.00525021
  470 469.5 11.1188 0.00482588
  471 470.5 10.1234 0.00439384
  472 471.5 9.18356 0.00398592
  473 472.5 8.3182 0.00361033
  474 473.5 7.51579 0.00326206
  475 474.5 6.74932 0.00292939
  476 475.5 6.08181 0.00263968
  477 476.5 5.49355 0.00238435
  478 477.5 4.95329 0.00214987
  479 478.5 4.4857 0.00194692
  480 479.5 4.09227 0.00177616
50000000 480 4635.000000000001
  1 0.5 10.6888 0.00463922
  2 1.5 9.58066 0.00415827
  3 2.5 8.5273 0.00370109
  4 3.5 7.55606 0.00327954
  5 4.5 6.63701 0.00288065
  6 5.5 5.84524 0.00253699
  7 6.5 5.15566 0.0022377
  8 7.5 4.58195 0.0019887
  9 8.5 4.09531 0.00177748
  10 9.5 3.70092 0.0016063
  11 10.5 3.3756 0.00146511
  12 11.5 3.12418 0.00135598
  13 12.5 2.90137 0.00125928
  14 13.5 2.75686 0.00119655
  15 14.5 2.6256 0.00113958
  16 15.5 2.52588 0.0010963
  17 16.5 2.45691 0.00106637
  18 17.5 2.40783 0.00104506
  19 18.5 2.36881 0.00102813
  20 19.5 2.34109 0.0010161
  21 20.5 2.31953 0.00100674
  22 21.5 2.28485 0.000991687
  23 22.5 2.27277 0.000986445
  24 23.5 2.26526 0.000983186
  25 24.5 2.25477 0.000978634
  26 25.5 2.24088 0.000972603
  27 26.5 2.23721 0.00097101
  28 27.5 2.24271 0.0009734
  29 28.5 2.2542 0.000978387
  30 29.5 2.2405 0.000972438
  31 30.5 2.24023 0.000972323
  32 31.5 2.23799 0.000971352
  33 32.5 2.23835 0.000971504
  34 33.5 2.21998 0.000963533
  35 34.5 2.22304 0.000964863
  36 35.5 2.22182 0.000964333
  37 36.5 2.2129 0.000960459
  38 37.5 2.20772 0.000958212
  39 38.5 2.20828 0.000958457
  40 39.5 2.21278 0.000960409
  41 40.5 2.2222 0.000964498
  42 41.5 2.22505 0.000965735
  43 42.5 2.21956 0.000963352
  44 43.5 2.21966 0.000963392
  45 44.5 2.21956 0.000963352
  46 45.5 2.22045 0.000963739
  47 46.5 2.22271 0.000964718
  48 47.5 2.22221 0.0009645
  49 48.5 2.2195 0.000963325
  50 49.5 2.22263 0.000964684
  51 50.5 2.22263 0.000964683
  52 51.5 2.23117 0.00096839
  53 52.5 2.23592 0.00097045
  54 53.5 2.23413 0.000969676
  55 54.5 2.2304 0.000968056
  56 55.5 2.24143 0.000972844
  57 56.5 2.24149 0.000972868
  58 57.5 2.23956 0.000972033
  59 58.5 2.24281 0.000973444
  60 59.5 2.23741 0.000971097
  61 60.5 2.2384 0.000971527
  62 61.5 2.23645 0.000970682
  63 62.5 2.24398 0.000973951
  64 63.5 2.23761 0.000971183
  65 64.5 2.24325 0.000973634
  66 65.5 2.23933 0.000971932
  67 66.5 2.22698 0.00096657
  68 67.5 2.23028 0.000968005
  69 68.5 2.23109 0.000968356
  70 69.5 2.22457 0.000965523
  71 70.5 2.21823 0.000962774
  72 71.5 2.2302 0.000967967
  73 72.5 2.22584 0.000966076
  74 73.5 2.2162 0.000961891
  75 74.5 2.22355 0.000965083
  76 75.5 2.22017 0.000963617
  77 76.5 2.2185 0.000962891
  78 77.5 2.21755 0.000962477
  79 78.5 2.22015 0.000963609
  80 79.5 2.22902 0.000967455
  81 80.5 2.22972 0.000967761
  82 81.5 2.24213 0.000973146
  83 82.5 2.24209 0.00097313
  84 83.5 2.25176 0.000977326
  85 84.5 2.23842 0.000971536
  86 85.5 2.24115 0.000972721
  87 86.5 2.23584 0.000970416
  88 87.5 2.24378 0.000973861
  89 88.5 2.24898 0.00097612
  90 89.5 2.251 0.000976997
  91 90.5 2.24298 0.000973514
  92 91.5 2.25009 0.000976602
  93 92.5 2.24976 0.000976459
  94 93.5 2.24876 0.000976026
  95 94.5 2.25013 0.000976619
  96 95.5 2.25785 0.000979969
  97 96.5 2.25402 0.000978308
  98 97.5 2.2444 0.000974133
  99 98.5 2.24908 0.000976164
  100 99.5 2.24759 0.000975516
  101 100.5 2.24214 0.00097315
  102 101.5 2.24617 0.000974902
  103 102.5 2.23673 0.000970805
  104 103.5 2.23732 0.000971058
  105 104.5 2.2425 0.000973306
  106 105.5 2.24322 0.000973622
  107 106.5 2.23937 0.000971949
  108 107.5 2.2456 0.000974652
  109 108.5 2.24992 0.000976529
  110 109.5 2.24731 0.000975397
  111 110.5 2.25048 0.000976773
  112 111.5 2.25251 0.000977651
  113 112.5 2.25155 0.000977235
  114 113.5 2.24186 0.000973029
  115 114.5 2.25007 0.000976591
  116 115.5 2.25255 0.000977668
  117 116.5 2.26042 0.000981084
  118 117.5 2.25692 0.000979566
  119 118.5 2.26324 0.00098231
  120 119.5 2.27161 0.000985944
  121 120.5 2.25948 0.000980675
  122 121.5 2.26563 0.000983347
  123 122.5 2.27018 0.000985322
  124 123.5 2.27337 0.000986705
  125 124.5 2.27017 0.000985316
  126 125.5 2.27277 0.000986445
  127 126.5 2.2776 0.00098854
  128 127.5 2.2913 0.00099449
  129 128.5 2.2974 0.000997136
  130 129.5 2.32596 0.00100953
  131 130.5 2.36175 0.00102507
  132 131.5 2.40279 0.00104288
  133 132.5 2.45149 0.00106401
  134 133.5 2.50946 0.00108918
  135 134.5 2.60212 0.00112939
  136 135.5 2.71596 0.0011788
  137 136.5 2.86592 0.00124389
  138 137.5 3.04173 0.00132019
  139 138.5 3.2804 0.00142379
  140 139.5 3.56244 0.0015462
  141 140.5 3.93007 0.00170576
  142 141.5 4.37478 0.00189878
  143 142.5 4.90251 0.00212782
  144 143.5 5.54963 0.00240869
  145 144.5 6.29753 0.0027333
  146 145.5 7.13456 0.0030966
  147 146.5 8.08717 0.00351006
  148 147.5 9.12132 0.0039589
  149 148.5 10.2408 0.0044448
  150 149.5 11.3655 0.00493292
  151 150.5 12.4725 0.00541343
  152 151.5 13.6008 0.00590311
  153 152.5 14.7031 0.00638154
  154 153.5 15.6807 0.00680585
  155 154.5 16.603 0.00720616
  156 155.5 17.4277 0.00756409
  157 156.5 18.1711 0.00788678
  158 157.5 18.7807 0.00815133
  159 158.5 19.3251 0.00838764
  160 159.5 19.7742 0.00858254
  161 160.5 20.1291 0.00873661
  162 161.5 20.4548 0.00887796
  163 162.5 20.7226 0.0089942
  164 163.5 20.9267 0.00908278
  165 164.5 21.07 0.00914498
  166 165.5 21.2154 0.00920809
  167 166.5 21.2904 0.00924064
  168 167.5 21.3626 0.00927196
  169 168.5 21.441 0.009306
  170 169.5 21.5085 0.0093353
  171 170.5 21.5887 0.00937007
  172 171.5 21.6344 0.00938995
  173 172.5 21.621 0.00938411
  174 173.5 21.654 0.00939842
  175 174.5 21.6801 0.00940974
  176 175.5 21.6655 0.00940345
  177 176.5 21.6785 0.00940908
  178 177.5 21.6577 0.00940006
  179 178.5 21.6854 0.00941205
  180 179.5 21.6681 0.00940457
  181 180.5 21.698 0.00941753
  182 181.5 21.684 0.00941146
  183 182.5 21.684 0.00941147
  184 183.5 21.666 0.00940364
  185 184.5 21.6641 0.00940284
  186 185.5 21.6511 0.00939716
  187 186.5 21.6516 0.0093974
  188 187.5 21.6352 0.00939028
  189 188.5 21.6138 0.00938098
  190 189.5 21.5735 0.00936351
  191 190.5 21.5304 0.00934478
  192 191.5 21.5001 0.00933166
  193 192.5 21.4415 0.00930619
  194 193.5 21.368 0.00927432
  195 194.5 21.324 0.00925523
  196 195.5 21.2476 0.00922206
  197 196.5 21.1559 0.00918226
  198 197.5 21.0377 0.00913094
  199 198.5 20.892 0.00906771
  200 199.5 20.7296 0.0089972
  201 200.5 20.5193 0.00890593
  202 201.5 20.3198 0.00881937
  203 202.5 20.0497 0.00870211
  204 203.5 19.7187 0.00855846
  205 204.5 19.3614 0.00840341
  206 205.5 18.9775 0.00823678
  207 206.5 18.5757 0.00806238
  208 207.5 18.0815 0.00784787
  209 208.5 17.5385 0.0076122
  210 209.5 16.9549 0.00735888
  211 210.5 16.3085 0.00707833
  212 211.5 15.599 0.00677042
  213 212.5 14.8505 0.00644552
  214 213.5 14.1192 0.00612812
  215 214.5 13.3369 0.0057886
  216 215.5 12.5641 0.00545315
  217 216.5 11.7902 0.00511725
  218 217.5 11.0294 0.00478706
  219 218.5 10.2821 0.00446271
  220 219.5 9.57625 0.00415636
  221 220.5 8.91818 0.00387074
  222 221.5 8.27605 0.00359204
  223 222.5 7.69258 0.00333879
  224 223.5 7.18648 0.00311913
  225 224.5 6.73339 0.00292248
  226 225.5 6.28973 0.00272992
  227 226.5 5.93864 0.00257753
  228 227.5 5.62652 0.00244207
  229 228.5 5.3561 0.0023247
  230 229.5 5.10578 0.00221605
  231 230.5 4.90098 0.00212716
  232 231.5 4.70499 0.0020421
  233 232.5 4.55337 0.00197629
  234 233.5 4.43921 0.00192674
  235 234.5 4.32828 0.00187859
  236 235.5 4.24513 0.0018425
  237 236.5 4.17231 0.0018109
  238 237.5 4.14697 0.0017999
  239 238.5 4.10391 0.00178121
  240 239.5 4.0611 0.00176263
  241 240.5 4.02354 0.00174633
  242 241.5 4.00659 0.00173897
  243 242.5 3.96343 0.00172024
  244 243.5 3.93461 0.00170773
  245 244.5 3.92641 0.00170417
  246 245.5 3.91353 0.00169858
  247 246.5 3.89772 0.00169172
  248 247.5 3.88267 0.00168519
  249 248.5 3.88039 0.0016842
  250 249.5 3.87173 0.00168044
  251 250.5 3.85096 0.00167142
  252 251.5 3.85125 0.00167155
  253 252.5 3.85771 0.00167435
  254 253.5 3.84922 0.00167067
  255 254.5 3.84561 0.0016691
  256 255.5 3.84737 0.00166986
  257 256.5 3.84072 0.00166698
  258 257.5 3.84161 0.00166737
  259 258.5 3.83792 0.00166576
  260 259.5 3.82918 0.00166197
  261 260.5 3.84064 0.00166694
  262 261.5 3.84658 0.00166952
  263 262.5 3.86853 0.00167905
  264 263.5 3.86321 0.00167674
  265 264.5 3.86796 0.0016788
  266 265.5 3.8796 0.00168386
  267 266.5 3.87051 0.00167991
  268 267.5 3.8951 0.00169058
  269 268.5 3.91965 0.00170124
  270 269.5 3.92791 0.00170482
  271 270.5 3.95554 0.00171682
  272 271.5 3.95497 0.00171657
  273 272.5 3.95088 0.00171479
  274 273.5 3.94959 0.00171423
  275 274.5 3.94403 0.00171182
  276 275.5 3.94399 0.0017118
  277 276.5 3.93522 0.001708
  278 277.5 3.97078 0.00172343
  279 278.5 3.9593 0.00171844
  280 279.5 3.94003 0.00171008
  281 280.5 3.95261 0.00171554
  282 281.5 3.97163 0.0017238
  283 282.5 3.98948 0.00173154
  284 283.5 4.01042 0.00174063
  285 284.5 4.01295 0.00174173
  286 285.5 4.00863 0.00173986
  287 286.5 4.02849 0.00174848
  288 287.5 4.02348 0.0017463
  289 288.5 4.02977 0.00174903
  290 289.5 4.00063 0.00173638
  291 290.5 3.9967 0.00173468
  292 291.5 3.97003 0.0017231
  293 292.5 3.95168 0.00171514
  294 293.5 3.93973 0.00170995
  295 294.5 3.93308 0.00170707
  296 295.5 3.9209 0.00170178
  297 296.5 3.90945 0.00169681
  298 297.5 3.90306 0.00169404
  299 298.5 3.88749 0.00168728
  300 299.5 3.89157 0.00168905
  301 300.5 3.88213 0.00168495
  302 301.5 3.87972 0.00168391
  303 302.5 3.87591 0.00168225
  304 303.5 3.87529 0.00168198
  305 304.5 3.863 0.00167665
  306 305.5 3.85241 0.00167205
  307 306.5 3.85019 0.00167109
  308 307.5 3.83606 0.00166496
  309 308.5 3.82806 0.00166148
  310 309.5 3.82963 0.00166217
  311 310.5 3.83321 0.00166372
  312 311.5 3.8375 0.00166558
  313 312.5 3.81178 0.00165442
  314 313.5 3.83381 0.00166398
  315 314.5 3.85456 0.00167299
  316 315.5 3.85538 0.00167334
  317 316.5 3.84386 0.00166834
  318 317.5 3.86044 0.00167554
  319 318.5 3.84662 0.00166954
  320 319.5 3.8277 0.00166133
  321 320.5 3.81471 0.00165569
  322 321.5 3.80607 0.00165194
  323 322.5 3.81 0.00165364
  324 323.5 3.81633 0.00165639
  325 324.5 3.80898 0.0016532
  326 325.5 3.83724 0.00166547
  327 326.5 3.83972 0.00166654
  328 327.5 3.84453 0.00166863
  329 328.5 3.84286 0.00166791
  330 329.5 3.83352 0.00166386
  331 330.5 3.85447 0.00167295
  332 331.5 3.88999 0.00168836
  333 332.5 3.9227 0.00170256
  334 333.5 3.92775 0.00170475
  335 334.5 3.97709 0.00172617
  336 335.5 4.03173 0.00174988
  337 336.5 4.05273 0.001759
  338 337.5 4.06859 0.00176588
  339 338.5 4.08317 0.00177221
  340 339.5 4.10328 0.00178094
  341 340.5 4.1183 0.00178745
  342 341.5 4.15628 0.00180394
  343 342.5 4.17354 0.00181143
  344 343.5 4.18451 0.00181619
  345 344.5 4.1989 0.00182244
  346 345.5 4.20843 0.00182657
  347 346.5 4.2455 0.00184266
  348 347.5 4.26759 0.00185225
  349 348.5 4.30695 0.00186934
  350 349.5 4.32047 0.0018752
  351 350.5 4.3516 0.00188871
  352 351.5 4.38776 0.00190441
  353 352.5 4.42549 0.00192079
  354 353.5 4.47714 0.0019432
  355 354.5 4.52426 0.00196365
  356 355.5 4.59324 0.00199359
  357 356.5 4.66633 0.00202532
  358 357.5 4.75976 0.00206587
  359 358.5 4.88367 0.00211965
  360 359.5 5.02533 0.00218113
  361 360.5 5.17507 0.00224612
  362 361.5 5.37744 0.00233396
  363 362.5 5.61397 0.00243662
  364 363.5 5.87331 0.00254918
  365 364.5 6.15123 0.00266981
  366 365.5 6.50354 0.00282272
  367 366.5 6.89795 0.0029939
  368 367.5 7.33528 0.00318372
  369 368.5 7.82231 0.0033951
  370 369.5 8.3596 0.0036283
  371 370.5 8.95827 0.00388814
  372 371.5 9.59924 0.00416634
  373 372.5 10.3104 0.00447502
  374 373.5 11.0566 0.00479885
  375 374.5 11.852 0.0051441
  376 375.5 12.6333 0.00548321
  377 376.5 13.423 0.00582595
  378 377.5 14.2205 0.00617211
  379 378.5 14.9782 0.00650096
  380 379.5 15.7166 0.00682143
  381 380.5 16.3682 0.00710423
  382 381.5 17.0065 0.00738129
  383 382.5 17.6562 0.0076633
  384 383.5 18.2295 0.00791212
  385 384.5 18.6667 0.00810187
  386 385.5 19.0893 0.00828529
  387 386.5 19.5013 0.0084641
  388 387.5 19.829 0.00860633
  389 388.5 20.0852 0.00871753
  390 389.5 20.3223 0.00882045
  391 390.5 20.5606 0.00892386
  392 391.5 20.7406 0.00900199
  393 392.5 20.8469 0.00904813
  394 393.5 20.9994 0.00911433
  395 394.5 21.0939 0.00915533
  396 395.5 21.1967 0.00919996
  397 396.5 21.2626 0.00922855
  398 397.5 21.3865 0.00928232
  399 398.5 21.4392 0.00930519
  400 399.5 21.4965 0.00933008
  401 400.5 21.5311 0.00934508
  402 401.5 21.5806 0.00936659
  403 402.5 21.628 0.00938716
  404 403.5 21.6741 0.00940718
  405 404.5 21.6646 0.00940302
  406 405.5 21.6788 0.0094092
  407 406.5 21.7504 0.00944026
  408 407.5 21.7687 0.00944821
  409 408.5 21.802 0.00946267
  410 409.5 21.8636 0.00948942
  411 410.5 21.8564 0.00948628
  412 411.5 21.8658 0.00949037
  413 412.5 21.8756 0.0094946
  414 413.5 21.8758 0.0094947
  415 414.5 21.8653 0.00949013
  416 415.5 21.8854 0.00949885
  417 416.5 21.9089 0.00950907
  418 417.5 21.9107 0.00950986
  419 418.5 21.9067 0.00950813
  420 419.5 21.9486 0.00952631
  421 420.5 21.9462 0.00952526
  422 421.5 21.8749 0.00949433
  423 422.5 21.8811 0.00949702
  424 423.5 21.9127 0.00951072
  425 424.5 21.8933 0.00950229
  426 425.5 21.8844 0.00949846
  427 426.5 21.9091 0.00950917
  428 427.5 21.9035 0.00950672
  429 428.5 21.8874 0.00949973
  430 429.5 21.8707 0.00949249
  431 430.5 21.8799 0.0094965
  432 431.5 21.8975 0.0095041
  433 432.5 21.8745 0.00949412
  434 433.5 21.8763 0.00949494
  435 434.5 21.8872 0.00949964
  436 435.5 21.8814 0.00949715
  437 436.5 21.8415 0.0094798
  438 437.5 21.8649 0.00948997
  439 438.5 21.8883 0.00950011
  440 439.5 21.8783 0.00949579
  441 440.5 21.8717 0.00949292
  442 441.5 21.8441 0.00948095
  443 442.5 21.8576 0.00948681
  444 443.5 21.8565 0.00948631
  445 444.5 21.8098 0.00946604
  446 445.5 21.7921 0.00945837
  447 446.5 21.8023 0.00946281
  448 447.5 21.7863 0.00945586
  449 448.5 21.7465 0.0094386
  450 449.5 21.7468 0.00943871
  451 450.5 21.782 0.00945397
  452 451.5 21.7412 0.00943628
  453 452.5 21.7257 0.00942957
  454 453.5 21.7234 0.00942856
  455 454.5 21.6964 0.00941684
  456 455.5 21.6997 0.00941829
  457 456.5 21.6845 0.00941169
  458 457.5 21.6266 0.00938655
  459 458.5 21.5882 0.00936989
  460 459.5 21.5811 0.0093668
  461 460.5 21.489 0.00932681
  462 461.5 21.4114 0.00929316
  463 462.5 21.3471 0.00926522
  464 463.5 21.2984 0.00924408
  465 464.5 21.1681 0.00918756
  466 465.5 21.0184 0.00912259
  467 466.5 20.8203 0.00903657
  468 467.5 20.6205 0.00894986
  469 468.5 20.3005 0.00881098
  470 469.5 19.9243 0.0086477
  471 470.5 19.5212 0.00847276
  472 471.5 19.0163 0.00825362
  473 472.5 18.3903 0.00798189
  474 473.5 17.7504 0.00770416
  475 474.5 16.9655 0.00736352
  476 475.5 16.043 0.00696311
  477 476.5 15.1133 0.00655959
  478 477.5 14.0522 0.00609904
  479 478.5 12.955 0.00562282
  480 479.5 11.8296 0.00513438
