# Chunk-averaged data for fix tensor3 and group c2
# Timestep Number-of-chunks Total-count
# Chunk Coord1 Ncount density/number
20000000 480 5741.000000000008
  1 0.5 1.34965 0.000585785
  2 1.5 1.48214 0.00064329
  3 2.5 1.62067 0.000703414
  4 3.5 1.77883 0.000772063
  5 4.5 1.96959 0.000854859
  6 5.5 2.17682 0.000944799
  7 6.5 2.37873 0.00103243
  8 7.5 2.59365 0.00112571
  9 8.5 2.81114 0.00122011
  10 9.5 3.03764 0.00131842
  11 10.5 3.26698 0.00141796
  12 11.5 3.51618 0.00152612
  13 12.5 3.74062 0.00162353
  14 13.5 3.96033 0.00171889
  15 14.5 4.1602 0.00180564
  16 15.5 4.3524 0.00188906
  17 16.5 4.54136 0.00197107
  18 17.5 4.69585 0.00203813
  19 18.5 4.85547 0.00210741
  20 19.5 4.97402 0.00215886
  21 20.5 5.10281 0.00221476
  22 21.5 5.20666 0.00225984
  23 22.5 5.28689 0.00229466
  24 23.5 5.37791 0.00233416
  25 24.5 5.43789 0.00236019
  26 25.5 5.48171 0.00237921
  27 26.5 5.52698 0.00239886
  28 27.5 5.58436 0.00242377
  29 28.5 5.61321 0.00243629
  30 29.5 5.62988 0.00244352
  31 30.5 5.64849 0.0024516
  32 31.5 5.67455 0.00246291
  33 32.5 5.68714 0.00246838
  34 33.5 5.70775 0.00247732
  35 34.5 5.72147 0.00248328
  36 35.5 5.70679 0.00247691
  37 36.5 5.72124 0.00248318
  38 37.5 5.73139 0.00248758
  39 38.5 5.73184 0.00248778
  40 39.5 5.73415 0.00248878
  41 40.5 5.74025 0.00249143
  42 41.5 5.73568 0.00248945
  43 42.5 5.72083 0.002483
  44 43.5 5.73353 0.00248851
  45 44.5 5.7314 0.00248759
  46 45.5 5.70004 0.00247398
  47 46.5 5.71682 0.00248126
  48 47.5 5.71776 0.00248167
  49 48.5 5.73338 0.00248844
  50 49.5 5.73678 0.00248992
  51 50.5 5.7565 0.00249848
  52 51.5 5.75479 0.00249774
  53 52.5 5.75417 0.00249747
  54 53.5 5.75365 0.00249724
  55 54.5 5.74665 0.00249421
  56 55.5 5.73402 0.00248872
  57 56.5 5.75391 0.00249736
  58 57.5 5.75955 0.0024998
  59 58.5 5.74428 0.00249318
  60 59.5 5.75641 0.00249844
  61 60.5 5.7517 0.0024964
  62 61.5 5.75769 0.002499
  63 62.5 5.76497 0.00250216
  64 63.5 5.75621 0.00249836
  65 64.5 5.76877 0.0025038
  66 65.5 5.7871 0.00251176
  67 66.5 5.79339 0.00251449
  68 67.5 5.7869 0.00251167
  69 68.5 5.82422 0.00252787
  70 69.5 5.82045 0.00252624
  71 70.5 5.81809 0.00252521
  72 71.5 5.81967 0.0025259
  73 72.5 5.82654 0.00252888
  74 73.5 5.80481 0.00251945
  75 74.5 5.7954 0.00251536
  76 75.5 5.76794 0.00250345
  77 76.5 5.76901 0.00250391
  78 77.5 5.77042 0.00250452
  79 78.5 5.7623 0.002501
  80 79.5 5.76721 0.00250313
  81 80.5 5.78285 0.00250992
  82 81.5 5.81836 0.00252533
  83 82.5 5.81649 0.00252452
  84 83.5 5.82004 0.00252606
  85 84.5 5.84206 0.00253562
  86 85.5 5.87611 0.0025504
  87 86.5 5.8777 0.00255109
  88 87.5 5.89082 0.00255678
  89 88.5 5.88924 0.00255609
  90 89.5 5.88684 0.00255505
  91 90.5 5.88478 0.00255416
  92 91.5 5.89766 0.00255975
  93 92.5 5.90374 0.00256239
  94 93.5 5.89957 0.00256058
  95 94.5 5.88839 0.00255572
  96 95.5 5.87323 0.00254914
  97 96.5 5.87215 0.00254868
  98 97.5 5.85955 0.00254321
  99 98.5 5.88116 0.00255259
  100 99.5 5.8653 0.0025457
  101 100.5 5.83471 0.00253243
  102 101.5 5.82155 0.00252672
  103 102.5 5.84444 0.00253665
  104 103.5 5.8539 0.00254076
  105 104.5 5.86925 0.00254742
  106 105.5 5.8839 0.00255378
  107 106.5 5.87591 0.00255031
  108 107.5 5.8821 0.00255299
  109 108.5 5.89284 0.00255765
  110 109.5 5.88266 0.00255324
  111 110.5 5.8953 0.00255872
  112 111.5 5.88126 0.00255263
  113 112.5 5.86036 0.00254356
  114 113.5 5.88103 0.00255253
  115 114.5 5.89255 0.00255753
  116 115.5 5.87101 0.00254818
  117 116.5 5.87536 0.00255007
  118 117.5 5.87581 0.00255026
  119 118.5 5.88349 0.0025536
  120 119.5 5.89853 0.00256013
  121 120.5 5.91679 0.00256805
  122 121.5 5.94206 0.00257902
  123 122.5 5.97593 0.00259372
  124 123.5 5.99144 0.00260045
  125 124.5 6.0285 0.00261653
  126 125.5 6.0519 0.00262669
  127 126.5 6.05773 0.00262922
  128 127.5 6.08063 0.00263916
  129 128.5 6.07991 0.00263885
  130 129.5 6.09788 0.00264665
  131 130.5 6.10233 0.00264858
  132 131.5 6.12288 0.0026575
  133 132.5 6.17077 0.00267829
  134 133.5 6.20181 0.00269176
  135 134.5 6.26363 0.00271859
  136 135.5 6.30149 0.00273502
  137 136.5 6.379 0.00276866
  138 137.5 6.43902 0.00279471
  139 138.5 6.55071 0.00284319
  140 139.5 6.6746 0.00289696
  141 140.5 6.84311 0.0029701
  142 141.5 7.0276 0.00305018
  143 142.5 7.26926 0.00315506
  144 143.5 7.52919 0.00326788
  145 144.5 7.85945 0.00341122
  146 145.5 8.28228 0.00359474
  147 146.5 8.71825 0.00378396
  148 147.5 9.27744 0.00402667
  149 148.5 9.90877 0.00430068
  150 149.5 10.6007 0.00460101
  151 150.5 11.3767 0.00493782
  152 151.5 12.238 0.00531165
  153 152.5 13.1573 0.00571062
  154 153.5 14.1448 0.00613922
  155 154.5 15.1969 0.00659588
  156 155.5 16.2736 0.00706319
  157 156.5 17.3924 0.0075488
  158 157.5 18.493 0.00802649
  159 158.5 19.6378 0.00852337
  160 159.5 20.6971 0.00898312
  161 160.5 21.74 0.00943578
  162 161.5 22.6946 0.00985008
  163 162.5 23.6039 0.0102447
  164 163.5 24.3658 0.0105754
  165 164.5 25.1143 0.0109003
  166 165.5 25.7171 0.0111619
  167 166.5 26.2933 0.011412
  168 167.5 26.7603 0.0116147
  169 168.5 27.1826 0.011798
  170 169.5 27.5252 0.0119467
  171 170.5 27.852 0.0120885
  172 171.5 28.1096 0.0122003
  173 172.5 28.3098 0.0122872
  174 173.5 28.5242 0.0123803
  175 174.5 28.6806 0.0124482
  176 175.5 28.8026 0.0125011
  177 176.5 28.9156 0.0125502
  178 177.5 29.0326 0.0126009
  179 178.5 29.1175 0.0126378
  180 179.5 29.1824 0.012666
  181 180.5 29.2655 0.012702
  182 181.5 29.2978 0.0127161
  183 182.5 29.3185 0.012725
  184 183.5 29.3955 0.0127585
  185 184.5 29.3922 0.012757
  186 185.5 29.3848 0.0127538
  187 186.5 29.4694 0.0127905
  188 187.5 29.4828 0.0127964
  189 188.5 29.4861 0.0127978
  190 189.5 29.5308 0.0128172
  191 190.5 29.57 0.0128342
  192 191.5 29.603 0.0128485
  193 192.5 29.5978 0.0128463
  194 193.5 29.6157 0.012854
  195 194.5 29.6543 0.0128708
  196 195.5 29.667 0.0128763
  197 196.5 29.6396 0.0128644
  198 197.5 29.6532 0.0128703
  199 198.5 29.6683 0.0128769
  200 199.5 29.6504 0.0128691
  201 200.5 29.6563 0.0128716
  202 201.5 29.707 0.0128937
  203 202.5 29.705 0.0128928
  204 203.5 29.6774 0.0128808
  205 204.5 29.6691 0.0128772
  206 205.5 29.6859 0.0128845
  207 206.5 29.692 0.0128872
  208 207.5 29.6897 0.0128862
  209 208.5 29.6841 0.0128837
  210 209.5 29.6845 0.0128839
  211 210.5 29.687 0.012885
  212 211.5 29.7357 0.0129061
  213 212.5 29.7168 0.0128979
  214 213.5 29.7314 0.0129042
  215 214.5 29.7632 0.0129181
  216 215.5 29.7863 0.0129281
  217 216.5 29.7591 0.0129163
  218 217.5 29.7924 0.0129307
  219 218.5 29.7775 0.0129243
  220 219.5 29.7691 0.0129206
  221 220.5 29.7516 0.012913
  222 221.5 29.7888 0.0129292
  223 222.5 29.7747 0.0129231
  224 223.5 29.7775 0.0129243
  225 224.5 29.7585 0.012916
  226 225.5 29.851 0.0129562
  227 226.5 29.7929 0.0129309
  228 227.5 29.8167 0.0129413
  229 228.5 29.8327 0.0129482
  230 229.5 29.8365 0.0129499
  231 230.5 29.8291 0.0129467
  232 231.5 29.8215 0.0129433
  233 232.5 29.8407 0.0129517
  234 233.5 29.807 0.0129371
  235 234.5 29.8448 0.0129535
  236 235.5 29.821 0.0129431
  237 236.5 29.778 0.0129245
  238 237.5 29.7952 0.0129319
  239 238.5 29.8214 0.0129433
  240 239.5 29.7806 0.0129256
  241 240.5 29.7902 0.0129298
  242 241.5 29.7526 0.0129134
  243 242.5 29.7367 0.0129066
  244 243.5 29.7318 0.0129044
  245 244.5 29.7266 0.0129022
  246 245.5 29.7283 0.0129029
  247 246.5 29.6994 0.0128904
  248 247.5 29.6494 0.0128687
  249 248.5 29.669 0.0128772
  250 249.5 29.694 0.012888
  251 250.5 29.6328 0.0128615
  252 251.5 29.6169 0.0128545
  253 252.5 29.6394 0.0128643
  254 253.5 29.6513 0.0128695
  255 254.5 29.6073 0.0128504
  256 255.5 29.6445 0.0128665
  257 256.5 29.6729 0.0128788
  258 257.5 29.6643 0.0128751
  259 258.5 29.6372 0.0128633
  260 259.5 29.6366 0.0128631
  261 260.5 29.6468 0.0128675
  262 261.5 29.6196 0.0128557
  263 262.5 29.6102 0.0128517
  264 263.5 29.587 0.0128416
  265 264.5 29.6113 0.0128521
  266 265.5 29.5716 0.0128349
  267 266.5 29.5112 0.0128087
  268 267.5 29.575 0.0128364
  269 268.5 29.5341 0.0128186
  270 269.5 29.4808 0.0127955
  271 270.5 29.5097 0.012808
  272 271.5 29.5534 0.012827
  273 272.5 29.5189 0.012812
  274 273.5 29.5485 0.0128249
  275 274.5 29.5882 0.0128421
  276 275.5 29.568 0.0128334
  277 276.5 29.5574 0.0128287
  278 277.5 29.5891 0.0128425
  279 278.5 29.5695 0.012834
  280 279.5 29.5794 0.0128383
  281 280.5 29.5549 0.0128276
  282 281.5 29.5478 0.0128246
  283 282.5 29.5075 0.0128071
  284 283.5 29.467 0.0127895
  285 284.5 29.445 0.01278
  286 285.5 29.4338 0.0127751
  287 286.5 29.3729 0.0127486
  288 287.5 29.3621 0.012744
  289 288.5 29.3477 0.0127377
  290 289.5 29.2954 0.012715
  291 290.5 29.2063 0.0126763
  292 291.5 29.1995 0.0126734
  293 292.5 29.1493 0.0126516
  294 293.5 29.04 0.0126042
  295 294.5 28.9326 0.0125576
  296 295.5 28.8343 0.0125149
  297 296.5 28.6815 0.0124486
  298 297.5 28.5527 0.0123927
  299 298.5 28.3492 0.0123044
  300 299.5 28.1119 0.0122013
  301 300.5 27.8955 0.0121074
  302 301.5 27.5504 0.0119576
  303 302.5 27.1331 0.0117765
  304 303.5 26.7597 0.0116144
  305 304.5 26.2209 0.0113806
  306 305.5 25.6614 0.0111378
  307 306.5 24.9769 0.0108407
  308 307.5 24.2691 0.0105335
  309 308.5 23.3879 0.010151
  310 309.5 22.4475 0.00974286
  311 310.5 21.4077 0.00929153
  312 311.5 20.3119 0.00881591
  313 312.5 19.1533 0.00831306
  314 313.5 17.9742 0.00780132
  315 314.5 16.7315 0.00726192
  316 315.5 15.5394 0.00674455
  317 316.5 14.3431 0.00622532
  318 317.5 13.1994 0.0057289
  319 318.5 12.1402 0.00526916
  320 319.5 11.1477 0.00483842
  321 320.5 10.2434 0.00444593
  322 321.5 9.45975 0.00410579
  323 322.5 8.75087 0.00379812
  324 323.5 8.12854 0.00352801
  325 324.5 7.55805 0.0032804
  326 325.5 7.09981 0.00308151
  327 326.5 6.68398 0.00290103
  328 327.5 6.30553 0.00273678
  329 328.5 5.96052 0.00258703
  330 329.5 5.65661 0.00245512
  331 330.5 5.37989 0.00233502
  332 331.5 5.11452 0.00221984
  333 332.5 4.82759 0.00209531
  334 333.5 4.57237 0.00198454
  335 334.5 4.31348 0.00187217
  336 335.5 4.04973 0.00175769
  337 336.5 3.82439 0.00165989
  338 337.5 3.57247 0.00155055
  339 338.5 3.30901 0.0014362
  340 339.5 3.06198 0.00132898
  341 340.5 2.82136 0.00122455
  342 341.5 2.57253 0.00111655
  343 342.5 2.34352 0.00101715
  344 343.5 2.14357 0.00093037
  345 344.5 1.949 0.00084592
  346 345.5 1.75752 0.000762811
  347 346.5 1.58805 0.000689258
  348 347.5 1.43782 0.000624054
  349 348.5 1.30699 0.000567271
  350 349.5 1.20686 0.000523812
  351 350.5 1.10418 0.000479246
  352 351.5 1.02147 0.000443347
  353 352.5 0.959338 0.000416379
  354 353.5 0.902174 0.000391569
  355 354.5 0.858192 0.000372479
  356 355.5 0.829544 0.000360045
  357 356.5 0.799548 0.000347026
  358 357.5 0.778262 0.000337787
  359 358.5 0.756964 0.000328543
  360 359.5 0.741668 0.000321905
  361 360.5 0.728634 0.000316247
  362 361.5 0.723336 0.000313948
  363 362.5 0.720156 0.000312568
  364 363.5 0.712398 0.000309201
  365 364.5 0.699144 0.000303448
  366 365.5 0.703614 0.000305388
  367 366.5 0.70403 0.000305569
  368 367.5 0.69846 0.000303151
  369 368.5 0.693062 0.000300808
  370 369.5 0.697854 0.000302888
  371 370.5 0.69653 0.000302313
  372 371.5 0.694676 0.000301509
  373 372.5 0.696056 0.000302108
  374 373.5 0.69498 0.000301641
  375 374.5 0.695984 0.000302076
  376 375.5 0.694078 0.000301249
  377 376.5 0.686916 0.000298141
  378 377.5 0.691026 0.000299924
  379 378.5 0.692642 0.000300626
  380 379.5 0.685618 0.000297577
  381 380.5 0.690986 0.000299907
  382 381.5 0.688342 0.00029876
  383 382.5 0.688678 0.000298905
  384 383.5 0.68931 0.00029918
  385 384.5 0.68918 0.000299123
  386 385.5 0.686194 0.000297827
  387 386.5 0.687088 0.000298215
  388 387.5 0.683952 0.000296854
  389 388.5 0.687294 0.000298305
  390 389.5 0.681962 0.00029599
  391 390.5 0.681128 0.000295628
  392 391.5 0.68013 0.000295195
  393 392.5 0.682376 0.00029617
  394 393.5 0.688024 0.000298622
  395 394.5 0.687462 0.000298378
  396 395.5 0.689664 0.000299333
  397 396.5 0.689712 0.000299354
  398 397.5 0.68638 0.000297908
  399 398.5 0.685828 0.000297668
  400 399.5 0.689702 0.00029935
  401 400.5 0.694236 0.000301318
  402 401.5 0.696046 0.000302103
  403 402.5 0.69688 0.000302465
  404 403.5 0.697312 0.000302653
  405 404.5 0.69602 0.000302092
  406 405.5 0.698246 0.000303058
  407 406.5 0.691504 0.000300132
  408 407.5 0.694454 0.000301412
  409 408.5 0.697076 0.00030255
  410 409.5 0.69509 0.000301688
  411 410.5 0.69492 0.000301615
  412 411.5 0.69569 0.000301949
  413 412.5 0.692164 0.000300418
  414 413.5 0.691344 0.000300062
  415 414.5 0.692514 0.00030057
  416 415.5 0.69512 0.000301701
  417 416.5 0.69356 0.000301024
  418 417.5 0.695668 0.000301939
  419 418.5 0.697096 0.000302559
  420 419.5 0.694216 0.000301309
  421 420.5 0.688496 0.000298826
  422 421.5 0.682648 0.000296288
  423 422.5 0.691364 0.000300071
  424 423.5 0.693198 0.000300867
  425 424.5 0.692814 0.000300701
  426 425.5 0.69337 0.000300942
  427 426.5 0.70035 0.000303971
  428 427.5 0.696464 0.000302285
  429 428.5 0.694038 0.000301232
  430 429.5 0.696758 0.000302412
  431 430.5 0.699252 0.000303495
  432 431.5 0.693648 0.000301063
  433 432.5 0.70047 0.000304023
  434 433.5 0.701276 0.000304373
  435 434.5 0.69764 0.000302795
  436 435.5 0.69048 0.000299687
  437 436.5 0.69203 0.00030036
  438 437.5 0.690284 0.000299602
  439 438.5 0.690368 0.000299639
  440 439.5 0.69764 0.000302795
  441 440.5 0.697522 0.000302744
  442 441.5 0.694792 0.000301559
  443 442.5 0.697836 0.00030288
  444 443.5 0.696962 0.000302501
  445 444.5 0.700298 0.000303949
  446 445.5 0.699754 0.000303713
  447 446.5 0.701648 0.000304535
  448 447.5 0.703652 0.000305405
  449 448.5 0.705798 0.000306336
  450 449.5 0.705802 0.000306338
  451 450.5 0.701308 0.000304387
  452 451.5 0.706346 0.000306574
  453 452.5 0.709312 0.000307861
  454 453.5 0.708682 0.000307588
  455 454.5 0.702986 0.000305115
  456 455.5 0.705024 0.000306
  457 456.5 0.70577 0.000306324
  458 457.5 0.702282 0.00030481
  459 458.5 0.701308 0.000304387
  460 459.5 0.702086 0.000304725
  461 460.5 0.700776 0.000304156
  462 461.5 0.707088 0.000306896
  463 462.5 0.711174 0.000308669
  464 463.5 0.714434 0.000310084
  465 464.5 0.713716 0.000309773
  466 465.5 0.723056 0.000313826
  467 466.5 0.728382 0.000316138
  468 467.5 0.728698 0.000316275
  469 468.5 0.733362 0.000318299
  470 469.5 0.750368 0.000325681
  471 470.5 0.758544 0.000329229
  472 471.5 0.773578 0.000335754
  473 472.5 0.803538 0.000348758
  474 473.5 0.834556 0.00036222
  475 474.5 0.871186 0.000378119
  476 475.5 0.926768 0.000402243
  477 476.5 0.985858 0.00042789
  478 477.5 1.0434 0.000452866
  479 478.5 1.12516 0.000488352
  480 479.5 1.22872 0.000533299
30000000 480 5741.000000000001
  1 0.5 0.796158 0.000345555
  2 1.5 0.818312 0.00035517
  3 2.5 0.851024 0.000369368
  4 3.5 0.889224 0.000385948
  5 4.5 0.93878 0.000407457
  6 5.5 0.994588 0.000431679
  7 6.5 1.06405 0.000461826
  8 7.5 1.15143 0.000499751
  9 8.5 1.25453 0.000544503
  10 9.5 1.3776 0.000597916
  11 10.5 1.51731 0.000658556
  12 11.5 1.67764 0.000728143
  13 12.5 1.8479 0.000802039
  14 13.5 2.04908 0.000889359
  15 14.5 2.27359 0.000986801
  16 15.5 2.5075 0.00108833
  17 16.5 2.7559 0.00119614
  18 17.5 3.01606 0.00130905
  19 18.5 3.26636 0.00141769
  20 19.5 3.51883 0.00152727
  21 20.5 3.75545 0.00162997
  22 21.5 3.99155 0.00173244
  23 22.5 4.22319 0.00183298
  24 23.5 4.4298 0.00192266
  25 24.5 4.6344 0.00201146
  26 25.5 4.82371 0.00209362
  27 26.5 4.96605 0.0021554
  28 27.5 5.06989 0.00220047
  29 28.5 5.18557 0.00225068
  30 29.5 5.26452 0.00228495
  31 30.5 5.32894 0.00231291
  32 31.5 5.38779 0.00233845
  33 32.5 5.44747 0.00236435
  34 33.5 5.49761 0.00238612
  35 34.5 5.52851 0.00239953
  36 35.5 5.56677 0.00241613
  37 36.5 5.56362 0.00241477
  38 37.5 5.5793 0.00242157
  39 38.5 5.60294 0.00243183
  40 39.5 5.59782 0.00242961
  41 40.5 5.60832 0.00243417
  42 41.5 5.62538 0.00244157
  43 42.5 5.64735 0.00245111
  44 43.5 5.69003 0.00246963
  45 44.5 5.71645 0.0024811
  46 45.5 5.73697 0.00249
  47 46.5 5.77319 0.00250572
  48 47.5 5.79154 0.00251369
  49 48.5 5.80463 0.00251937
  50 49.5 5.80664 0.00252024
  51 50.5 5.80966 0.00252155
  52 51.5 5.83474 0.00253244
  53 52.5 5.83437 0.00253228
  54 53.5 5.82135 0.00252663
  55 54.5 5.82578 0.00252855
  56 55.5 5.82875 0.00252984
  57 56.5 5.84212 0.00253564
  58 57.5 5.837 0.00253342
  59 58.5 5.85891 0.00254293
  60 59.5 5.85896 0.00254295
  61 60.5 5.86255 0.00254451
  62 61.5 5.87493 0.00254988
  63 62.5 5.88072 0.0025524
  64 63.5 5.86608 0.00254604
  65 64.5 5.83336 0.00253184
  66 65.5 5.82839 0.00252968
  67 66.5 5.80959 0.00252152
  68 67.5 5.82094 0.00252645
  69 68.5 5.84162 0.00253542
  70 69.5 5.84547 0.0025371
  71 70.5 5.85777 0.00254244
  72 71.5 5.86008 0.00254344
  73 72.5 5.88133 0.00255266
  74 73.5 5.87989 0.00255204
  75 74.5 5.87166 0.00254846
  76 75.5 5.88288 0.00255333
  77 76.5 5.90653 0.0025636
  78 77.5 5.91617 0.00256778
  79 78.5 5.91989 0.0025694
  80 79.5 5.91627 0.00256783
  81 80.5 5.92587 0.00257199
  82 81.5 5.94594 0.0025807
  83 82.5 5.94389 0.00257981
  84 83.5 5.93318 0.00257516
  85 84.5 5.94073 0.00257844
  86 85.5 5.95716 0.00258557
  87 86.5 5.95779 0.00258585
  88 87.5 5.95209 0.00258337
  89 88.5 5.92365 0.00257103
  90 89.5 5.9164 0.00256788
  91 90.5 5.90931 0.0025648
  92 91.5 5.89747 0.00255966
  93 92.5 5.90226 0.00256174
  94 93.5 5.92334 0.00257089
  95 94.5 5.91081 0.00256545
  96 95.5 5.89703 0.00255948
  97 96.5 5.88318 0.00255346
  98 97.5 5.84435 0.00253661
  99 98.5 5.81235 0.00252272
  100 99.5 5.79501 0.00251519
  101 100.5 5.77085 0.00250471
  102 101.5 5.75337 0.00249712
  103 102.5 5.73356 0.00248852
  104 103.5 5.73841 0.00249063
  105 104.5 5.71748 0.00248155
  106 105.5 5.72697 0.00248566
  107 106.5 5.72305 0.00248396
  108 107.5 5.71475 0.00248036
  109 108.5 5.73221 0.00248794
  110 109.5 5.73633 0.00248973
  111 110.5 5.73039 0.00248715
  112 111.5 5.70697 0.00247699
  113 112.5 5.70711 0.00247704
  114 113.5 5.68694 0.00246829
  115 114.5 5.68639 0.00246805
  116 115.5 5.68954 0.00246942
  117 116.5 5.67495 0.00246309
  118 117.5 5.6642 0.00245842
  119 118.5 5.65328 0.00245368
  120 119.5 5.65093 0.00245266
  121 120.5 5.65117 0.00245277
  122 121.5 5.63968 0.00244778
  123 122.5 5.66896 0.00246049
  124 123.5 5.68525 0.00246755
  125 124.5 5.6896 0.00246944
  126 125.5 5.71693 0.00248131
  127 126.5 5.75862 0.0024994
  128 127.5 5.77733 0.00250752
  129 128.5 5.81018 0.00252178
  130 129.5 5.84185 0.00253553
  131 130.5 5.87428 0.0025496
  132 131.5 5.90558 0.00256318
  133 132.5 5.9613 0.00258737
  134 133.5 6.00633 0.00260691
  135 134.5 6.06948 0.00263432
  136 135.5 6.14041 0.00266511
  137 136.5 6.22851 0.00270334
  138 137.5 6.30934 0.00273843
  139 138.5 6.44919 0.00279913
  140 139.5 6.5984 0.00286389
  141 140.5 6.7697 0.00293824
  142 141.5 6.97295 0.00302646
  143 142.5 7.20211 0.00312591
  144 143.5 7.494 0.00325261
  145 144.5 7.81221 0.00339072
  146 145.5 8.21377 0.003565
  147 146.5 8.68042 0.00376754
  148 147.5 9.24593 0.00401299
  149 148.5 9.83892 0.00427037
  150 149.5 10.492 0.00455381
  151 150.5 11.275 0.00489365
  152 151.5 12.135 0.00526693
  153 152.5 13.0371 0.00565848
  154 153.5 14.0039 0.00607807
  155 154.5 15.037 0.00652646
  156 155.5 16.1129 0.00699344
  157 156.5 17.1733 0.0074537
  158 157.5 18.2362 0.00791504
  159 158.5 19.3407 0.00839441
  160 159.5 20.3388 0.00882759
  161 160.5 21.2897 0.00924031
  162 161.5 22.2087 0.00963921
  163 162.5 23.1299 0.010039
  164 163.5 23.8959 0.0103715
  165 164.5 24.6484 0.0106981
  166 165.5 25.3338 0.0109956
  167 166.5 25.9592 0.011267
  168 167.5 26.435 0.0114735
  169 168.5 26.882 0.0116676
  170 169.5 27.2733 0.0118374
  171 170.5 27.617 0.0119866
  172 171.5 27.8859 0.0121032
  173 172.5 28.0821 0.0121884
  174 173.5 28.3154 0.0122897
  175 174.5 28.4473 0.0123469
  176 175.5 28.5859 0.0124071
  177 176.5 28.6922 0.0124532
  178 177.5 28.7586 0.012482
  179 178.5 28.8351 0.0125152
  180 179.5 28.9296 0.0125562
  181 180.5 28.9822 0.0125791
  182 181.5 29.0271 0.0125986
  183 182.5 29.0727 0.0126184
  184 183.5 29.1325 0.0126443
  185 184.5 29.1301 0.0126433
  186 185.5 29.1719 0.0126614
  187 186.5 29.1798 0.0126648
  188 187.5 29.1856 0.0126674
  189 188.5 29.1695 0.0126604
  190 189.5 29.1752 0.0126628
  191 190.5 29.1419 0.0126484
  192 191.5 29.1897 0.0126691
  193 192.5 29.1355 0.0126456
  194 193.5 29.1289 0.0126428
  195 194.5 29.1444 0.0126495
  196 195.5 29.146 0.0126502
  197 196.5 29.0963 0.0126286
  198 197.5 29.0919 0.0126267
  199 198.5 29.1262 0.0126416
  200 199.5 29.146 0.0126502
  201 200.5 29.1259 0.0126415
  202 201.5 29.1688 0.0126601
  203 202.5 29.1848 0.012667
  204 203.5 29.1364 0.012646
  205 204.5 29.1593 0.012656
  206 205.5 29.1845 0.0126669
  207 206.5 29.1873 0.0126681
  208 207.5 29.195 0.0126714
  209 208.5 29.2106 0.0126782
  210 209.5 29.2107 0.0126782
  211 210.5 29.2247 0.0126844
  212 211.5 29.2406 0.0126913
  213 212.5 29.2192 0.012682
  214 213.5 29.2479 0.0126944
  215 214.5 29.2563 0.012698
  216 215.5 29.2531 0.0126967
  217 216.5 29.2467 0.0126939
  218 217.5 29.26 0.0126997
  219 218.5 29.2743 0.0127059
  220 219.5 29.2592 0.0126993
  221 220.5 29.2725 0.0127051
  222 221.5 29.295 0.0127148
  223 222.5 29.3046 0.012719
  224 223.5 29.3139 0.012723
  225 224.5 29.3509 0.0127391
  226 225.5 29.346 0.012737
  227 226.5 29.403 0.0127617
  228 227.5 29.4373 0.0127766
  229 228.5 29.468 0.0127899
  230 229.5 29.4752 0.012793
  231 230.5 29.4951 0.0128017
  232 231.5 29.5117 0.0128089
  233 232.5 29.4705 0.012791
  234 233.5 29.4923 0.0128005
  235 234.5 29.5208 0.0128128
  236 235.5 29.4665 0.0127893
  237 236.5 29.5128 0.0128094
  238 237.5 29.5223 0.0128135
  239 238.5 29.5049 0.0128059
  240 239.5 29.5173 0.0128113
  241 240.5 29.5711 0.0128347
  242 241.5 29.5479 0.0128246
  243 242.5 29.5608 0.0128302
  244 243.5 29.6 0.0128472
  245 244.5 29.5731 0.0128356
  246 245.5 29.576 0.0128368
  247 246.5 29.5921 0.0128438
  248 247.5 29.6169 0.0128545
  249 248.5 29.6155 0.012854
  250 249.5 29.5939 0.0128446
  251 250.5 29.62 0.0128559
  252 251.5 29.6288 0.0128597
  253 252.5 29.6113 0.0128521
  254 253.5 29.5899 0.0128428
  255 254.5 29.6264 0.0128587
  256 255.5 29.6113 0.0128521
  257 256.5 29.6261 0.0128585
  258 257.5 29.6271 0.012859
  259 258.5 29.6116 0.0128523
  260 259.5 29.6276 0.0128592
  261 260.5 29.6276 0.0128592
  262 261.5 29.605 0.0128494
  263 262.5 29.6172 0.0128547
  264 263.5 29.6251 0.0128581
  265 264.5 29.5824 0.0128396
  266 265.5 29.5572 0.0128286
  267 266.5 29.5893 0.0128426
  268 267.5 29.5631 0.0128312
  269 268.5 29.593 0.0128442
  270 269.5 29.5322 0.0128178
  271 270.5 29.5428 0.0128224
  272 271.5 29.6058 0.0128498
  273 272.5 29.5717 0.012835
  274 273.5 29.5987 0.0128467
  275 274.5 29.5567 0.0128284
  276 275.5 29.537 0.0128199
  277 276.5 29.5049 0.012806
  278 277.5 29.4734 0.0127923
  279 278.5 29.5117 0.0128089
  280 279.5 29.4948 0.0128016
  281 280.5 29.4818 0.0127959
  282 281.5 29.4652 0.0127887
  283 282.5 29.504 0.0128056
  284 283.5 29.4643 0.0127883
  285 284.5 29.4589 0.012786
  286 285.5 29.4501 0.0127822
  287 286.5 29.438 0.0127769
  288 287.5 29.3822 0.0127527
  289 288.5 29.3873 0.0127549
  290 289.5 29.3262 0.0127284
  291 290.5 29.2602 0.0126998
  292 291.5 29.2215 0.012683
  293 292.5 29.1698 0.0126605
  294 293.5 29.0525 0.0126096
  295 294.5 28.9707 0.0125741
  296 295.5 28.8853 0.012537
  297 296.5 28.729 0.0124692
  298 297.5 28.5788 0.012404
  299 298.5 28.4202 0.0123351
  300 299.5 28.2193 0.0122479
  301 300.5 27.9772 0.0121429
  302 301.5 27.7082 0.0120261
  303 302.5 27.4608 0.0119187
  304 303.5 27.1012 0.0117627
  305 304.5 26.6913 0.0115847
  306 305.5 26.2471 0.011392
  307 306.5 25.701 0.011155
  308 307.5 25.0858 0.0108879
  309 308.5 24.3335 0.0105614
  310 309.5 23.5363 0.0102154
  311 310.5 22.6926 0.0098492
  312 311.5 21.7303 0.00943153
  313 312.5 20.6673 0.00897017
  314 313.5 19.6271 0.00851871
  315 314.5 18.5379 0.00804596
  316 315.5 17.3751 0.00754126
  317 316.5 16.1979 0.00703036
  318 317.5 15.0874 0.00654835
  319 318.5 14.0254 0.00608741
  320 319.5 12.9743 0.00563119
  321 320.5 12.0115 0.00521334
  322 321.5 11.1545 0.00484134
  323 322.5 10.4011 0.00451435
  324 323.5 9.69834 0.00420935
  325 324.5 9.05126 0.0039285
  326 325.5 8.51986 0.00369786
  327 326.5 8.04646 0.00349239
  328 327.5 7.62026 0.0033074
  329 328.5 7.2455 0.00314475
  330 329.5 6.94514 0.00301438
  331 330.5 6.67828 0.00289856
  332 331.5 6.43337 0.00279226
  333 332.5 6.23114 0.00270449
  334 333.5 6.0324 0.00261823
  335 334.5 5.84258 0.00253584
  336 335.5 5.6632 0.00245799
  337 336.5 5.47984 0.0023784
  338 337.5 5.31517 0.00230693
  339 338.5 5.14626 0.00223362
  340 339.5 4.93844 0.00214342
  341 340.5 4.72566 0.00205107
  342 341.5 4.52326 0.00196322
  343 342.5 4.28823 0.00186121
  344 343.5 4.04877 0.00175728
  345 344.5 3.7936 0.00164653
  346 345.5 3.53563 0.00153456
  347 346.5 3.28676 0.00142655
  348 347.5 3.02934 0.00131482
  349 348.5 2.77702 0.0012053
  350 349.5 2.53587 0.00110064
  351 350.5 2.29642 0.000996711
  352 351.5 2.07476 0.000900502
  353 352.5 1.87857 0.00081535
  354 353.5 1.70285 0.000739083
  355 354.5 1.53457 0.000666047
  356 355.5 1.40407 0.000609405
  357 356.5 1.268 0.000550349
  358 357.5 1.1572 0.000502255
  359 358.5 1.07816 0.00046795
  360 359.5 1.00931 0.000438069
  361 360.5 0.943924 0.000409689
  362 361.5 0.900298 0.000390754
  363 362.5 0.86093 0.000373668
  364 363.5 0.83042 0.000360425
  365 364.5 0.80472 0.000349271
  366 365.5 0.777146 0.000337303
  367 366.5 0.761912 0.000330691
  368 367.5 0.750598 0.00032578
  369 368.5 0.734228 0.000318675
  370 369.5 0.733168 0.000318215
  371 370.5 0.723214 0.000313895
  372 371.5 0.723174 0.000313878
  373 372.5 0.718806 0.000311982
  374 373.5 0.71655 0.000311003
  375 374.5 0.71193 0.000308997
  376 375.5 0.70789 0.000307244
  377 376.5 0.712536 0.00030926
  378 377.5 0.710378 0.000308324
  379 378.5 0.706064 0.000306451
  380 379.5 0.709522 0.000307952
  381 380.5 0.70901 0.00030773
  382 381.5 0.704502 0.000305773
  383 382.5 0.703132 0.000305179
  384 383.5 0.706402 0.000306598
  385 384.5 0.704684 0.000305852
  386 385.5 0.710762 0.00030849
  387 386.5 0.712464 0.000309229
  388 387.5 0.71383 0.000309822
  389 388.5 0.71296 0.000309444
  390 389.5 0.714982 0.000310322
  391 390.5 0.711072 0.000308625
  392 391.5 0.720044 0.000312519
  393 392.5 0.722338 0.000313515
  394 393.5 0.716974 0.000311187
  395 394.5 0.714062 0.000309923
  396 395.5 0.711998 0.000309027
  397 396.5 0.71127 0.000308711
  398 397.5 0.713204 0.00030955
  399 398.5 0.711372 0.000308755
  400 399.5 0.712326 0.000309169
  401 400.5 0.714364 0.000310054
  402 401.5 0.718128 0.000311688
  403 402.5 0.71521 0.000310421
  404 403.5 0.714788 0.000310238
  405 404.5 0.716444 0.000310957
  406 405.5 0.71776 0.000311528
  407 406.5 0.71129 0.00030872
  408 407.5 0.710548 0.000308398
  409 408.5 0.7105 0.000308377
  410 409.5 0.703698 0.000305424
  411 410.5 0.705228 0.000306089
  412 411.5 0.706374 0.000306586
  413 412.5 0.707332 0.000307002
  414 413.5 0.711618 0.000308862
  415 414.5 0.712484 0.000309238
  416 415.5 0.714886 0.00031028
  417 416.5 0.713492 0.000309675
  418 417.5 0.715282 0.000310452
  419 418.5 0.714854 0.000310266
  420 419.5 0.718858 0.000312004
  421 420.5 0.718822 0.000311989
  422 421.5 0.715382 0.000310496
  423 422.5 0.714468 0.000310099
  424 423.5 0.719774 0.000312402
  425 424.5 0.715758 0.000310659
  426 425.5 0.720548 0.000312738
  427 426.5 0.715634 0.000310605
  428 427.5 0.722346 0.000313518
  429 428.5 0.725148 0.000314734
  430 429.5 0.73189 0.000317661
  431 430.5 0.732494 0.000317923
  432 431.5 0.73189 0.000317661
  433 432.5 0.731256 0.000317385
  434 433.5 0.729714 0.000316716
  435 434.5 0.729644 0.000316686
  436 435.5 0.726988 0.000315533
  437 436.5 0.728414 0.000316152
  438 437.5 0.726174 0.00031518
  439 438.5 0.723438 0.000313992
  440 439.5 0.720988 0.000312929
  441 440.5 0.724554 0.000314477
  442 441.5 0.721246 0.000313041
  443 442.5 0.720804 0.000312849
  444 443.5 0.725006 0.000314673
  445 444.5 0.72756 0.000315781
  446 445.5 0.728202 0.00031606
  447 446.5 0.731536 0.000317507
  448 447.5 0.736528 0.000319674
  449 448.5 0.73622 0.00031954
  450 449.5 0.735512 0.000319233
  451 450.5 0.735378 0.000319174
  452 451.5 0.73163 0.000317548
  453 452.5 0.725136 0.000314729
  454 453.5 0.728714 0.000316282
  455 454.5 0.72694 0.000315512
  456 455.5 0.721188 0.000313016
  457 456.5 0.72833 0.000316115
  458 457.5 0.728368 0.000316132
  459 458.5 0.727674 0.000315831
  460 459.5 0.722462 0.000313569
  461 460.5 0.725022 0.00031468
  462 461.5 0.720506 0.00031272
  463 462.5 0.725082 0.000314706
  464 463.5 0.725116 0.00031472
  465 464.5 0.724612 0.000314502
  466 465.5 0.723944 0.000314212
  467 466.5 0.72434 0.000314384
  468 467.5 0.727386 0.000315706
  469 468.5 0.726612 0.00031537
  470 469.5 0.730466 0.000317043
  471 470.5 0.724744 0.000314559
  472 471.5 0.72128 0.000313056
  473 472.5 0.727958 0.000315954
  474 473.5 0.7357 0.000319314
  475 474.5 0.742998 0.000322482
  476 475.5 0.743716 0.000322793
  477 476.5 0.746166 0.000323857
  478 477.5 0.75548 0.000327899
  479 478.5 0.76727 0.000333016
  480 479.5 0.780266 0.000338657
40000000 480 5741
  1 0.5 0.81115 0.000352062
  2 1.5 0.846706 0.000367494
  3 2.5 0.878672 0.000381368
  4 3.5 0.917548 0.000398241
  5 4.5 0.972132 0.000421932
  6 5.5 1.04522 0.000453655
  7 6.5 1.13707 0.000493522
  8 7.5 1.22814 0.000533046
  9 8.5 1.34529 0.000583891
  10 9.5 1.47587 0.000640567
  11 10.5 1.62663 0.000706003
  12 11.5 1.80554 0.000783655
  13 12.5 1.99269 0.000864883
  14 13.5 2.19466 0.000952542
  15 14.5 2.41366 0.00104759
  16 15.5 2.63809 0.001145
  17 16.5 2.86539 0.00124366
  18 17.5 3.08691 0.0013398
  19 18.5 3.31733 0.00143981
  20 19.5 3.53429 0.00153398
  21 20.5 3.76305 0.00163327
  22 21.5 3.95819 0.00171796
  23 22.5 4.16465 0.00180757
  24 23.5 4.33217 0.00188028
  25 24.5 4.50162 0.00195383
  26 25.5 4.67329 0.00202834
  27 26.5 4.79821 0.00208256
  28 27.5 4.93247 0.00214083
  29 28.5 5.06324 0.00219759
  30 29.5 5.2021 0.00225786
  31 30.5 5.29704 0.00229906
  32 31.5 5.37627 0.00233345
  33 32.5 5.43637 0.00235954
  34 33.5 5.47946 0.00237824
  35 34.5 5.52879 0.00239965
  36 35.5 5.53374 0.0024018
  37 36.5 5.56395 0.00241491
  38 37.5 5.57462 0.00241954
  39 38.5 5.60901 0.00243447
  40 39.5 5.58971 0.00242609
  41 40.5 5.58807 0.00242538
  42 41.5 5.59497 0.00242837
  43 42.5 5.58474 0.00242393
  44 43.5 5.5819 0.0024227
  45 44.5 5.55975 0.00241309
  46 45.5 5.53374 0.0024018
  47 46.5 5.53001 0.00240018
  48 47.5 5.53828 0.00240377
  49 48.5 5.53326 0.00240159
  50 49.5 5.52257 0.00239695
  51 50.5 5.50172 0.0023879
  52 51.5 5.52154 0.0023965
  53 52.5 5.53704 0.00240323
  54 53.5 5.54242 0.00240556
  55 54.5 5.5345 0.00240213
  56 55.5 5.54318 0.00240589
  57 56.5 5.56655 0.00241604
  58 57.5 5.55618 0.00241154
  59 58.5 5.56593 0.00241577
  60 59.5 5.56572 0.00241568
  61 60.5 5.5798 0.00242179
  62 61.5 5.56683 0.00241616
  63 62.5 5.57981 0.00242179
  64 63.5 5.58313 0.00242324
  65 64.5 5.5827 0.00242305
  66 65.5 5.57002 0.00241754
  67 66.5 5.55803 0.00241234
  68 67.5 5.54821 0.00240808
  69 68.5 5.53074 0.0024005
  70 69.5 5.52118 0.00239634
  71 70.5 5.50818 0.0023907
  72 71.5 5.48058 0.00237872
  73 72.5 5.477 0.00237717
  74 73.5 5.45704 0.00236851
  75 74.5 5.43776 0.00236014
  76 75.5 5.43018 0.00235685
  77 76.5 5.41947 0.0023522
  78 77.5 5.40142 0.00234437
  79 78.5 5.39083 0.00233977
  80 79.5 5.39097 0.00233983
  81 80.5 5.39628 0.00234214
  82 81.5 5.41342 0.00234957
  83 82.5 5.40896 0.00234764
  84 83.5 5.44008 0.00236114
  85 84.5 5.44769 0.00236445
  86 85.5 5.4408 0.00236146
  87 86.5 5.442 0.00236198
  88 87.5 5.47788 0.00237755
  89 88.5 5.49241 0.00238386
  90 89.5 5.50831 0.00239076
  91 90.5 5.53751 0.00240343
  92 91.5 5.55013 0.00240891
  93 92.5 5.55083 0.00240922
  94 93.5 5.57299 0.00241883
  95 94.5 5.57801 0.00242101
  96 95.5 5.61139 0.0024355
  97 96.5 5.61917 0.00243887
  98 97.5 5.62121 0.00243976
  99 98.5 5.60971 0.00243477
  100 99.5 5.62965 0.00244343
  101 100.5 5.65672 0.00245517
  102 101.5 5.69228 0.00247061
  103 102.5 5.70366 0.00247555
  104 103.5 5.72504 0.00248483
  105 104.5 5.74845 0.00249499
  106 105.5 5.78604 0.0025113
  107 106.5 5.81268 0.00252287
  108 107.5 5.82076 0.00252637
  109 108.5 5.81784 0.00252511
  110 109.5 5.84574 0.00253721
  111 110.5 5.84004 0.00253474
  112 111.5 5.84583 0.00253725
  113 112.5 5.8604 0.00254358
  114 113.5 5.86599 0.002546
  115 114.5 5.87022 0.00254784
  116 115.5 5.86075 0.00254373
  117 116.5 5.85907 0.002543
  118 117.5 5.87205 0.00254863
  119 118.5 5.88014 0.00255214
  120 119.5 5.86649 0.00254622
  121 120.5 5.87443 0.00254967
  122 121.5 5.86969 0.00254761
  123 122.5 5.89374 0.00255805
  124 123.5 5.91264 0.00256625
  125 124.5 5.92165 0.00257016
  126 125.5 5.93371 0.0025754
  127 126.5 5.97469 0.00259318
  128 127.5 6.01528 0.0026108
  129 128.5 6.03149 0.00261784
  130 129.5 6.09979 0.00264748
  131 130.5 6.16239 0.00267465
  132 131.5 6.22348 0.00270116
  133 132.5 6.31477 0.00274079
  134 133.5 6.40381 0.00277943
  135 134.5 6.53033 0.00283435
  136 135.5 6.65583 0.00288882
  137 136.5 6.79232 0.00294805
  138 137.5 6.99568 0.00303632
  139 138.5 7.22656 0.00313653
  140 139.5 7.48679 0.00324947
  141 140.5 7.79823 0.00338465
  142 141.5 8.22037 0.00356787
  143 142.5 8.65091 0.00375473
  144 143.5 9.15373 0.00397297
  145 144.5 9.74121 0.00422796
  146 145.5 10.3786 0.00450462
  147 146.5 11.1153 0.00482435
  148 147.5 11.9178 0.00517267
  149 148.5 12.8048 0.00555763
  150 149.5 13.7515 0.00596853
  151 150.5 14.7473 0.00640073
  152 151.5 15.7878 0.00685233
  153 152.5 16.8919 0.00733157
  154 153.5 18.0414 0.00783047
  155 154.5 19.0976 0.0082889
  156 155.5 20.1477 0.00874467
  157 156.5 21.1806 0.00919297
  158 157.5 22.1712 0.00962291
  159 158.5 23.0821 0.0100183
  160 159.5 23.9279 0.0103854
  161 160.5 24.6386 0.0106938
  162 161.5 25.312 0.0109861
  163 162.5 25.8838 0.0112343
  164 163.5 26.4084 0.011462
  165 164.5 26.8385 0.0116487
  166 165.5 27.1748 0.0117946
  167 166.5 27.5012 0.0119363
  168 167.5 27.7906 0.0120619
  169 168.5 27.9719 0.0121406
  170 169.5 28.1606 0.0122225
  171 170.5 28.326 0.0122943
  172 171.5 28.5303 0.0123829
  173 172.5 28.6054 0.0124155
  174 173.5 28.6916 0.0124529
  175 174.5 28.8046 0.012502
  176 175.5 28.8844 0.0125367
  177 176.5 28.9108 0.0125481
  178 177.5 28.9491 0.0125647
  179 178.5 29.0182 0.0125947
  180 179.5 29.0612 0.0126134
  181 180.5 29.0329 0.0126011
  182 181.5 29.0289 0.0125994
  183 182.5 29.0856 0.012624
  184 183.5 29.1013 0.0126308
  185 184.5 29.0638 0.0126145
  186 185.5 29.0428 0.0126054
  187 186.5 29.056 0.0126111
  188 187.5 29.0611 0.0126133
  189 188.5 28.9943 0.0125843
  190 189.5 29.015 0.0125933
  191 190.5 29.0363 0.0126026
  192 191.5 29.0003 0.012587
  193 192.5 28.9521 0.012566
  194 193.5 28.9546 0.0125671
  195 194.5 28.9943 0.0125843
  196 195.5 28.9649 0.0125716
  197 196.5 28.9107 0.012548
  198 197.5 28.9261 0.0125548
  199 198.5 28.9148 0.0125498
  200 199.5 28.9152 0.01255
  201 200.5 28.8583 0.0125253
  202 201.5 28.8626 0.0125272
  203 202.5 28.8438 0.012519
  204 203.5 28.8247 0.0125107
  205 204.5 28.8441 0.0125191
  206 205.5 28.841 0.0125178
  207 206.5 28.8422 0.0125183
  208 207.5 28.833 0.0125143
  209 208.5 28.8503 0.0125218
  210 209.5 28.8777 0.0125337
  211 210.5 28.9071 0.0125465
  212 211.5 28.9322 0.0125574
  213 212.5 28.9379 0.0125599
  214 213.5 28.9759 0.0125764
  215 214.5 29.0145 0.0125931
  216 215.5 29.0299 0.0125998
  217 216.5 29.0387 0.0126036
  218 217.5 29.079 0.0126211
  219 218.5 29.0999 0.0126301
  220 219.5 29.128 0.0126424
  221 220.5 29.128 0.0126424
  222 221.5 29.1309 0.0126436
  223 222.5 29.1541 0.0126537
  224 223.5 29.1511 0.0126524
  225 224.5 29.1532 0.0126533
  226 225.5 29.1711 0.0126611
  227 226.5 29.1812 0.0126654
  228 227.5 29.1247 0.0126409
  229 228.5 29.1766 0.0126635
  230 229.5 29.1214 0.0126395
  231 230.5 29.1024 0.0126313
  232 231.5 29.1024 0.0126312
  233 232.5 29.1084 0.0126339
  234 233.5 29.0929 0.0126271
  235 234.5 29.1157 0.012637
  236 235.5 29.0957 0.0126283
  237 236.5 29.0509 0.0126089
  238 237.5 29.0896 0.0126257
  239 238.5 29.1079 0.0126336
  240 239.5 29.0302 0.0125999
  241 240.5 29.034 0.0126016
  242 241.5 29.057 0.0126115
  243 242.5 29.0217 0.0125962
  244 243.5 29.0153 0.0125934
  245 244.5 29.0176 0.0125945
  246 245.5 29.0648 0.012615
  247 246.5 29.0193 0.0125952
  248 247.5 29.0228 0.0125967
  249 248.5 29.088 0.012625
  250 249.5 29.1504 0.0126521
  251 250.5 29.1442 0.0126494
  252 251.5 29.1366 0.0126461
  253 252.5 29.234 0.0126884
  254 253.5 29.2532 0.0126967
  255 254.5 29.2512 0.0126958
  256 255.5 29.3631 0.0127444
  257 256.5 29.3645 0.012745
  258 257.5 29.3539 0.0127404
  259 258.5 29.3594 0.0127428
  260 259.5 29.4153 0.012767
  261 260.5 29.3731 0.0127488
  262 261.5 29.395 0.0127582
  263 262.5 29.3843 0.0127536
  264 263.5 29.41 0.0127648
  265 264.5 29.4312 0.0127739
  266 265.5 29.443 0.0127791
  267 266.5 29.4164 0.0127675
  268 267.5 29.445 0.0127799
  269 268.5 29.4848 0.0127972
  270 269.5 29.4277 0.0127724
  271 270.5 29.4589 0.012786
  272 271.5 29.435 0.0127756
  273 272.5 29.4451 0.01278
  274 273.5 29.4687 0.0127902
  275 274.5 29.5041 0.0128056
  276 275.5 29.475 0.0127929
  277 276.5 29.4965 0.0128023
  278 277.5 29.4952 0.0128017
  279 278.5 29.499 0.0128034
  280 279.5 29.5448 0.0128233
  281 280.5 29.4996 0.0128036
  282 281.5 29.4823 0.0127961
  283 282.5 29.5083 0.0128074
  284 283.5 29.4984 0.0128031
  285 284.5 29.4766 0.0127937
  286 285.5 29.4892 0.0127991
  287 286.5 29.4018 0.0127612
  288 287.5 29.405 0.0127626
  289 288.5 29.3162 0.0127241
  290 289.5 29.316 0.0127239
  291 290.5 29.2966 0.0127156
  292 291.5 29.2014 0.0126742
  293 292.5 29.1491 0.0126515
  294 293.5 29.1208 0.0126392
  295 294.5 29.0113 0.0125917
  296 295.5 28.8489 0.0125212
  297 296.5 28.71 0.0124609
  298 297.5 28.5764 0.012403
  299 298.5 28.3766 0.0123162
  300 299.5 28.1439 0.0122152
  301 300.5 27.9041 0.0121111
  302 301.5 27.5921 0.0119757
  303 302.5 27.1679 0.0117916
  304 303.5 26.7008 0.0115889
  305 304.5 26.1476 0.0113488
  306 305.5 25.4984 0.011067
  307 306.5 24.7343 0.0107354
  308 307.5 23.8901 0.010369
  309 308.5 22.9976 0.00998158
  310 309.5 22.0024 0.00954966
  311 310.5 20.9329 0.00908548
  312 311.5 19.7859 0.00858763
  313 312.5 18.6084 0.00807658
  314 313.5 17.3838 0.00754507
  315 314.5 16.1622 0.00701485
  316 315.5 14.9818 0.00650253
  317 316.5 13.8682 0.00601918
  318 317.5 12.7888 0.00555068
  319 318.5 11.8101 0.00512589
  320 319.5 10.9154 0.00473758
  321 320.5 10.0928 0.00438053
  322 321.5 9.38503 0.00407336
  323 322.5 8.76164 0.00380279
  324 323.5 8.21399 0.0035651
  325 324.5 7.75448 0.00336566
  326 325.5 7.31114 0.00317324
  327 326.5 6.96556 0.00302325
  328 327.5 6.69145 0.00290427
  329 328.5 6.43249 0.00279188
  330 329.5 6.23936 0.00270806
  331 330.5 6.05749 0.00262912
  332 331.5 5.87517 0.00254999
  333 332.5 5.72162 0.00248334
  334 333.5 5.57783 0.00242093
  335 334.5 5.44634 0.00236386
  336 335.5 5.29749 0.00229926
  337 336.5 5.15498 0.00223741
  338 337.5 5.00345 0.00217164
  339 338.5 4.83875 0.00210015
  340 339.5 4.66188 0.00202338
  341 340.5 4.4742 0.00194193
  342 341.5 4.29172 0.00186273
  343 342.5 4.09255 0.00177628
  344 343.5 3.85818 0.00167456
  345 344.5 3.63039 0.00157569
  346 345.5 3.40089 0.00147608
  347 346.5 3.17013 0.00137593
  348 347.5 2.94407 0.00127781
  349 348.5 2.71727 0.00117937
  350 349.5 2.49443 0.00108265
  351 350.5 2.28711 0.000992669
  352 351.5 2.09309 0.000908461
  353 352.5 1.91993 0.000833305
  354 353.5 1.75484 0.000761648
  355 354.5 1.60052 0.000694672
  356 355.5 1.47078 0.00063836
  357 356.5 1.34956 0.000585747
  358 357.5 1.24343 0.000539681
  359 358.5 1.15415 0.000500933
  360 359.5 1.07126 0.000464957
  361 360.5 0.998826 0.000433518
  362 361.5 0.946104 0.000410635
  363 362.5 0.897538 0.000389556
  364 363.5 0.861968 0.000374118
  365 364.5 0.819952 0.000355882
  366 365.5 0.79765 0.000346202
  367 366.5 0.78046 0.000338741
  368 367.5 0.765156 0.000332099
  369 368.5 0.753372 0.000326984
  370 369.5 0.749054 0.00032511
  371 370.5 0.744792 0.00032326
  372 371.5 0.73654 0.000319679
  373 372.5 0.731056 0.000317299
  374 373.5 0.727364 0.000315696
  375 374.5 0.7177 0.000311502
  376 375.5 0.715994 0.000310761
  377 376.5 0.708764 0.000307623
  378 377.5 0.706442 0.000306615
  379 378.5 0.702328 0.00030483
  380 379.5 0.706444 0.000306616
  381 380.5 0.705018 0.000305997
  382 381.5 0.713438 0.000309652
  383 382.5 0.711718 0.000308905
  384 383.5 0.70478 0.000305894
  385 384.5 0.705736 0.000306309
  386 385.5 0.705388 0.000306158
  387 386.5 0.706718 0.000306735
  388 387.5 0.701528 0.000304483
  389 388.5 0.703312 0.000305257
  390 389.5 0.696908 0.000302477
  391 390.5 0.703194 0.000305206
  392 391.5 0.69337 0.000300942
  393 392.5 0.70051 0.000304041
  394 393.5 0.704312 0.000305691
  395 394.5 0.703324 0.000305262
  396 395.5 0.697294 0.000302645
  397 396.5 0.698202 0.000303039
  398 397.5 0.699216 0.000303479
  399 398.5 0.697514 0.00030274
  400 399.5 0.696976 0.000302507
  401 400.5 0.702258 0.000304799
  402 401.5 0.6997 0.000303689
  403 402.5 0.700898 0.000304209
  404 403.5 0.700704 0.000304125
  405 404.5 0.702128 0.000304743
  406 405.5 0.699582 0.000303638
  407 406.5 0.700166 0.000303891
  408 407.5 0.692876 0.000300727
  409 408.5 0.693532 0.000301012
  410 409.5 0.694418 0.000301397
  411 410.5 0.697326 0.000302659
  412 411.5 0.701164 0.000304325
  413 412.5 0.7027 0.000304991
  414 413.5 0.698646 0.000303232
  415 414.5 0.696946 0.000302494
  416 415.5 0.704874 0.000305935
  417 416.5 0.703372 0.000305283
  418 417.5 0.69836 0.000303108
  419 418.5 0.69452 0.000301441
  420 419.5 0.695354 0.000301803
  421 420.5 0.693338 0.000300928
  422 421.5 0.697728 0.000302833
  423 422.5 0.697894 0.000302905
  424 423.5 0.699132 0.000303443
  425 424.5 0.698562 0.000303195
  426 425.5 0.69765 0.000302799
  427 426.5 0.695042 0.000301668
  428 427.5 0.69973 0.000303702
  429 428.5 0.698454 0.000303148
  430 429.5 0.692724 0.000300661
  431 430.5 0.701448 0.000304448
  432 431.5 0.701468 0.000304457
  433 432.5 0.699348 0.000303536
  434 433.5 0.698834 0.000303313
  435 434.5 0.699322 0.000303525
  436 435.5 0.702206 0.000304777
  437 436.5 0.701112 0.000304302
  438 437.5 0.687456 0.000298375
  439 438.5 0.690224 0.000299576
  440 439.5 0.688178 0.000298688
  441 440.5 0.690672 0.000299771
  442 441.5 0.692812 0.0003007
  443 442.5 0.692544 0.000300583
  444 443.5 0.695712 0.000301958
  445 444.5 0.691846 0.00030028
  446 445.5 0.698042 0.00030297
  447 446.5 0.695548 0.000301887
  448 447.5 0.697452 0.000302714
  449 448.5 0.699174 0.000303461
  450 449.5 0.701016 0.00030426
  451 450.5 0.704262 0.000305669
  452 451.5 0.696686 0.000302381
  453 452.5 0.700246 0.000303926
  454 453.5 0.69992 0.000303785
  455 454.5 0.702998 0.000305121
  456 455.5 0.701334 0.000304398
  457 456.5 0.702238 0.000304791
  458 457.5 0.69808 0.000302986
  459 458.5 0.694488 0.000301427
  460 459.5 0.701096 0.000304295
  461 460.5 0.70237 0.000304848
  462 461.5 0.696104 0.000302128
  463 462.5 0.697474 0.000302723
  464 463.5 0.705994 0.000306421
  465 464.5 0.708432 0.000307479
  466 465.5 0.703282 0.000305244
  467 466.5 0.697694 0.000302819
  468 467.5 0.704998 0.000305989
  469 468.5 0.704242 0.000305661
  470 469.5 0.706924 0.000306825
  471 470.5 0.703288 0.000305247
  472 471.5 0.705914 0.000306386
  473 472.5 0.713996 0.000309894
  474 473.5 0.719626 0.000312338
  475 474.5 0.718678 0.000311926
  476 475.5 0.726546 0.000315341
  477 476.5 0.73403 0.000318589
  478 477.5 0.750258 0.000325633
  479 478.5 0.768916 0.000333731
  480 479.5 0.782802 0.000339758
50000000 480 5741.000000000002
  1 0.5 1.45572 0.000631823
  2 1.5 1.57526 0.000683707
  3 2.5 1.70034 0.000737997
  4 3.5 1.84006 0.000798639
  5 4.5 1.97969 0.000859241
  6 5.5 2.11575 0.000918295
  7 6.5 2.24819 0.000975776
  8 7.5 2.38975 0.00103722
  9 8.5 2.53641 0.00110087
  10 9.5 2.65787 0.00115359
  11 10.5 2.80695 0.00121829
  12 11.5 2.94756 0.00127932
  13 12.5 3.07093 0.00133287
  14 13.5 3.19397 0.00138627
  15 14.5 3.34748 0.0014529
  16 15.5 3.48633 0.00151316
  17 16.5 3.63137 0.00157612
  18 17.5 3.74466 0.00162529
  19 18.5 3.89775 0.00169173
  20 19.5 4.02577 0.0017473
  21 20.5 4.15925 0.00180523
  22 21.5 4.29246 0.00186305
  23 22.5 4.43583 0.00192527
  24 23.5 4.58393 0.00198955
  25 24.5 4.69925 0.00203961
  26 25.5 4.82972 0.00209623
  27 26.5 4.94495 0.00214624
  28 27.5 5.0551 0.00219405
  29 28.5 5.13693 0.00222957
  30 29.5 5.23379 0.00227161
  31 30.5 5.30832 0.00230396
  32 31.5 5.3476 0.00232101
  33 32.5 5.39474 0.00234147
  34 33.5 5.43653 0.0023596
  35 34.5 5.47244 0.00237519
  36 35.5 5.4608 0.00237014
  37 36.5 5.49279 0.00238402
  38 37.5 5.50421 0.00238898
  39 38.5 5.50564 0.0023896
  40 39.5 5.51423 0.00239333
  41 40.5 5.5249 0.00239796
  42 41.5 5.5198 0.00239574
  43 42.5 5.52152 0.00239649
  44 43.5 5.54393 0.00240622
  45 44.5 5.52952 0.00239997
  46 45.5 5.51428 0.00239335
  47 46.5 5.50297 0.00238844
  48 47.5 5.49648 0.00238563
  49 48.5 5.49728 0.00238597
  50 49.5 5.47346 0.00237563
  51 50.5 5.4688 0.00237361
  52 51.5 5.46611 0.00237244
  53 52.5 5.46796 0.00237324
  54 53.5 5.46185 0.00237059
  55 54.5 5.44992 0.00236542
  56 55.5 5.46368 0.00237139
  57 56.5 5.46509 0.002372
  58 57.5 5.47513 0.00237636
  59 58.5 5.43715 0.00235988
  60 59.5 5.42678 0.00235537
  61 60.5 5.42148 0.00235307
  62 61.5 5.40795 0.0023472
  63 62.5 5.40356 0.00234529
  64 63.5 5.39055 0.00233965
  65 64.5 5.39736 0.00234261
  66 65.5 5.39949 0.00234353
  67 66.5 5.4019 0.00234458
  68 67.5 5.4029 0.00234501
  69 68.5 5.42094 0.00235284
  70 69.5 5.41568 0.00235055
  71 70.5 5.43924 0.00236078
  72 71.5 5.43713 0.00235987
  73 72.5 5.43291 0.00235803
  74 73.5 5.43244 0.00235783
  75 74.5 5.43315 0.00235814
  76 75.5 5.44412 0.0023629
  77 76.5 5.43459 0.00235876
  78 77.5 5.41995 0.00235241
  79 78.5 5.40483 0.00234585
  80 79.5 5.42046 0.00235263
  81 80.5 5.41264 0.00234924
  82 81.5 5.42274 0.00235362
  83 82.5 5.45707 0.00236852
  84 83.5 5.46748 0.00237304
  85 84.5 5.46587 0.00237234
  86 85.5 5.49321 0.0023842
  87 86.5 5.47575 0.00237663
  88 87.5 5.48041 0.00237865
  89 88.5 5.48946 0.00238258
  90 89.5 5.48006 0.0023785
  91 90.5 5.50296 0.00238844
  92 91.5 5.48585 0.00238101
  93 92.5 5.47267 0.00237529
  94 93.5 5.46423 0.00237163
  95 94.5 5.4454 0.00236346
  96 95.5 5.44658 0.00236397
  97 96.5 5.44862 0.00236485
  98 97.5 5.44259 0.00236224
  99 98.5 5.43959 0.00236093
  100 99.5 5.43416 0.00235857
  101 100.5 5.42706 0.00235549
  102 101.5 5.41936 0.00235215
  103 102.5 5.43784 0.00236017
  104 103.5 5.45576 0.00236795
  105 104.5 5.45017 0.00236553
  106 105.5 5.45846 0.00236912
  107 106.5 5.4922 0.00238377
  108 107.5 5.46751 0.00237305
  109 108.5 5.47755 0.00237741
  110 109.5 5.47932 0.00237818
  111 110.5 5.49582 0.00238534
  112 111.5 5.50553 0.00238955
  113 112.5 5.51326 0.00239291
  114 113.5 5.53411 0.00240196
  115 114.5 5.55796 0.00241231
  116 115.5 5.56371 0.0024148
  117 116.5 5.5864 0.00242465
  118 117.5 5.56297 0.00241448
  119 118.5 5.56365 0.00241478
  120 119.5 5.59087 0.00242659
  121 120.5 5.58992 0.00242618
  122 121.5 5.56466 0.00241522
  123 122.5 5.58074 0.0024222
  124 123.5 5.64053 0.00244815
  125 124.5 5.69192 0.00247045
  126 125.5 5.73888 0.00249083
  127 126.5 5.81254 0.0025228
  128 127.5 5.91885 0.00256895
  129 128.5 6.00995 0.00260848
  130 129.5 6.10545 0.00264994
  131 130.5 6.26832 0.00272062
  132 131.5 6.42686 0.00278944
  133 132.5 6.62467 0.00287529
  134 133.5 6.85585 0.00297563
  135 134.5 7.12761 0.00309358
  136 135.5 7.41369 0.00321775
  137 136.5 7.7604 0.00336823
  138 137.5 8.22293 0.00356898
  139 138.5 8.74455 0.00379538
  140 139.5 9.34286 0.00405506
  141 140.5 9.97993 0.00433157
  142 141.5 10.7408 0.00466183
  143 142.5 11.5607 0.00501768
  144 143.5 12.4532 0.00540501
  145 144.5 13.3969 0.00581462
  146 145.5 14.4118 0.00625512
  147 146.5 15.4368 0.00670001
  148 147.5 16.5309 0.00717487
  149 148.5 17.6493 0.00766029
  150 149.5 18.7237 0.00812662
  151 150.5 19.7977 0.00859276
  152 151.5 20.8551 0.00905171
  153 152.5 21.8183 0.00946973
  154 153.5 22.7562 0.00987683
  155 154.5 23.6472 0.0102635
  156 155.5 24.4514 0.0106126
  157 156.5 25.1301 0.0109071
  158 157.5 25.7692 0.0111846
  159 158.5 26.324 0.0114253
  160 159.5 26.8095 0.0116361
  161 160.5 27.2102 0.01181
  162 161.5 27.5823 0.0119715
  163 162.5 27.9096 0.0121136
  164 163.5 28.1783 0.0122302
  165 164.5 28.412 0.0123316
  166 165.5 28.612 0.0124184
  167 166.5 28.8155 0.0125067
  168 167.5 28.9402 0.0125609
  169 168.5 29.0343 0.0126017
  170 169.5 29.1209 0.0126393
  171 170.5 29.2146 0.0126799
  172 171.5 29.2276 0.0126856
  173 172.5 29.2561 0.012698
  174 173.5 29.3477 0.0127377
  175 174.5 29.3533 0.0127401
  176 175.5 29.3826 0.0127529
  177 176.5 29.3989 0.0127599
  178 177.5 29.4418 0.0127786
  179 178.5 29.4612 0.012787
  180 179.5 29.4346 0.0127754
  181 180.5 29.4474 0.012781
  182 181.5 29.4796 0.012795
  183 182.5 29.511 0.0128086
  184 183.5 29.4792 0.0127948
  185 184.5 29.554 0.0128273
  186 185.5 29.5843 0.0128404
  187 186.5 29.6067 0.0128501
  188 187.5 29.6403 0.0128647
  189 188.5 29.68 0.0128819
  190 189.5 29.6583 0.0128725
  191 190.5 29.6993 0.0128903
  192 191.5 29.7111 0.0128955
  193 192.5 29.6823 0.0128829
  194 193.5 29.6649 0.0128754
  195 194.5 29.7404 0.0129082
  196 195.5 29.7389 0.0129075
  197 196.5 29.7333 0.0129051
  198 197.5 29.7719 0.0129219
  199 198.5 29.7951 0.0129319
  200 199.5 29.7944 0.0129316
  201 200.5 29.7609 0.0129171
  202 201.5 29.7911 0.0129301
  203 202.5 29.7984 0.0129333
  204 203.5 29.7554 0.0129147
  205 204.5 29.76 0.0129167
  206 205.5 29.8071 0.0129371
  207 206.5 29.7788 0.0129248
  208 207.5 29.7549 0.0129145
  209 208.5 29.7681 0.0129202
  210 209.5 29.8232 0.0129441
  211 210.5 29.8561 0.0129584
  212 211.5 29.7915 0.0129303
  213 212.5 29.8306 0.0129473
  214 213.5 29.8485 0.0129551
  215 214.5 29.8322 0.012948
  216 215.5 29.8318 0.0129478
  217 216.5 29.9054 0.0129798
  218 217.5 29.879 0.0129683
  219 218.5 29.8754 0.0129668
  220 219.5 29.9203 0.0129862
  221 220.5 29.9516 0.0129998
  222 221.5 29.8983 0.0129767
  223 222.5 29.9103 0.0129819
  224 223.5 29.971 0.0130083
  225 224.5 29.9084 0.0129811
  226 225.5 29.9131 0.0129831
  227 226.5 29.9469 0.0129978
  228 227.5 29.9714 0.0130084
  229 228.5 29.9549 0.0130013
  230 229.5 29.9732 0.0130092
  231 230.5 29.9653 0.0130058
  232 231.5 29.9819 0.013013
  233 232.5 29.9522 0.0130001
  234 233.5 29.9632 0.0130048
  235 234.5 29.9534 0.0130006
  236 235.5 29.9068 0.0129804
  237 236.5 29.9116 0.0129825
  238 237.5 29.8754 0.0129668
  239 238.5 29.8571 0.0129588
  240 239.5 29.8206 0.012943
  241 240.5 29.8311 0.0129475
  242 241.5 29.8111 0.0129389
  243 242.5 29.8033 0.0129355
  244 243.5 29.796 0.0129323
  245 244.5 29.7866 0.0129282
  246 245.5 29.7715 0.0129216
  247 246.5 29.7534 0.0129138
  248 247.5 29.7376 0.0129069
  249 248.5 29.7264 0.0129021
  250 249.5 29.7 0.0128906
  251 250.5 29.647 0.0128676
  252 251.5 29.6635 0.0128748
  253 252.5 29.6374 0.0128635
  254 253.5 29.6217 0.0128566
  255 254.5 29.6138 0.0128532
  256 255.5 29.5988 0.0128467
  257 256.5 29.5723 0.0128352
  258 257.5 29.5691 0.0128338
  259 258.5 29.5927 0.0128441
  260 259.5 29.5473 0.0128244
  261 260.5 29.5162 0.0128109
  262 261.5 29.5262 0.0128152
  263 262.5 29.5483 0.0128248
  264 263.5 29.476 0.0127934
  265 264.5 29.4408 0.0127781
  266 265.5 29.4911 0.0128
  267 266.5 29.4543 0.012784
  268 267.5 29.4098 0.0127647
  269 268.5 29.3623 0.0127441
  270 269.5 29.3541 0.0127405
  271 270.5 29.3127 0.0127225
  272 271.5 29.3032 0.0127184
  273 272.5 29.3193 0.0127254
  274 273.5 29.306 0.0127196
  275 274.5 29.2547 0.0126973
  276 275.5 29.2558 0.0126978
  277 276.5 29.2315 0.0126873
  278 277.5 29.1916 0.01267
  279 278.5 29.1608 0.0126566
  280 279.5 29.1085 0.0126339
  281 280.5 29.106 0.0126328
  282 281.5 29.0313 0.0126004
  283 282.5 28.9662 0.0125721
  284 283.5 28.9378 0.0125598
  285 284.5 28.8677 0.0125294
  286 285.5 28.8006 0.0125003
  287 286.5 28.689 0.0124518
  288 287.5 28.583 0.0124058
  289 288.5 28.4553 0.0123504
  290 289.5 28.3249 0.0122938
  291 290.5 28.0936 0.0121934
  292 291.5 27.8685 0.0120957
  293 292.5 27.6172 0.0119866
  294 293.5 27.2439 0.0118246
  295 294.5 26.8499 0.0116536
  296 295.5 26.4082 0.0114619
  297 296.5 25.9013 0.0112419
  298 297.5 25.3163 0.010988
  299 298.5 24.6895 0.0107159
  300 299.5 24.0161 0.0104237
  301 300.5 23.2516 0.0100918
  302 301.5 22.4634 0.00974974
  303 302.5 21.6274 0.00938691
  304 303.5 20.7363 0.00900014
  305 304.5 19.8686 0.00862351
  306 305.5 18.9472 0.00822361
  307 306.5 18.001 0.00781295
  308 307.5 17.0257 0.00738963
  309 308.5 16.093 0.00698481
  310 309.5 15.1585 0.00657922
  311 310.5 14.2275 0.00617514
  312 311.5 13.3686 0.00580236
  313 312.5 12.5462 0.0054454
  314 313.5 11.7555 0.00510221
  315 314.5 10.9972 0.0047731
  316 315.5 10.3072 0.0044736
  317 316.5 9.66835 0.00419633
  318 317.5 9.07848 0.00394031
  319 318.5 8.54955 0.00371074
  320 319.5 8.08919 0.00351093
  321 320.5 7.68568 0.0033358
  322 321.5 7.30445 0.00317033
  323 322.5 6.99081 0.00303421
  324 323.5 6.72747 0.00291991
  325 324.5 6.48153 0.00281316
  326 325.5 6.25742 0.00271589
  327 326.5 6.04699 0.00262456
  328 327.5 5.83971 0.00253459
  329 328.5 5.63842 0.00244723
  330 329.5 5.44373 0.00236273
  331 330.5 5.25697 0.00228167
  332 331.5 5.08003 0.00220487
  333 332.5 4.9099 0.00213103
  334 333.5 4.69547 0.00203796
  335 334.5 4.50847 0.0019568
  336 335.5 4.32474 0.00187706
  337 336.5 4.15203 0.0018021
  338 337.5 3.97358 0.00172464
  339 338.5 3.80349 0.00165082
  340 339.5 3.6212 0.0015717
  341 340.5 3.44071 0.00149336
  342 341.5 3.28024 0.00142371
  343 342.5 3.12708 0.00135724
  344 343.5 2.97356 0.00129061
  345 344.5 2.80861 0.00121901
  346 345.5 2.65421 0.001152
  347 346.5 2.47805 0.00107554
  348 347.5 2.32392 0.00100864
  349 348.5 2.17513 0.000944067
  350 349.5 2.02009 0.000876777
  351 350.5 1.8703 0.000811764
  352 351.5 1.72226 0.00074751
  353 352.5 1.58566 0.000688222
  354 353.5 1.46037 0.000633841
  355 354.5 1.34034 0.000581747
  356 355.5 1.23389 0.000535544
  357 356.5 1.14584 0.000497327
  358 357.5 1.0677 0.000463413
  359 358.5 0.995616 0.000432125
  360 359.5 0.939654 0.000407836
  361 360.5 0.893804 0.000387936
  362 361.5 0.85281 0.000370143
  363 362.5 0.817018 0.000354609
  364 363.5 0.787354 0.000341734
  365 364.5 0.769862 0.000334141
  366 365.5 0.75136 0.000326111
  367 366.5 0.734028 0.000318589
  368 367.5 0.719956 0.000312481
  369 368.5 0.712948 0.000309439
  370 369.5 0.710004 0.000308161
  371 370.5 0.706718 0.000306735
  372 371.5 0.70353 0.000305352
  373 372.5 0.702624 0.000304958
  374 373.5 0.699406 0.000303562
  375 374.5 0.703444 0.000305314
  376 375.5 0.699596 0.000303644
  377 376.5 0.69341 0.000300959
  378 377.5 0.692294 0.000300475
  379 378.5 0.69082 0.000299835
  380 379.5 0.695708 0.000301957
  381 380.5 0.691486 0.000300124
  382 381.5 0.692236 0.00030045
  383 382.5 0.690728 0.000299795
  384 383.5 0.690598 0.000299739
  385 384.5 0.694124 0.000301269
  386 385.5 0.69184 0.000300278
  387 386.5 0.689692 0.000299345
  388 387.5 0.690574 0.000299728
  389 388.5 0.683964 0.000296859
  390 389.5 0.688868 0.000298988
  391 390.5 0.687128 0.000298233
  392 391.5 0.680472 0.000295344
  393 392.5 0.681424 0.000295757
  394 393.5 0.684654 0.000297159
  395 394.5 0.690958 0.000299895
  396 395.5 0.685698 0.000297612
  397 396.5 0.687356 0.000298332
  398 397.5 0.686526 0.000297971
  399 398.5 0.687676 0.00029847
  400 399.5 0.687438 0.000298367
  401 400.5 0.691846 0.00030028
  402 401.5 0.689988 0.000299474
  403 402.5 0.691804 0.000300262
  404 403.5 0.690422 0.000299662
  405 404.5 0.690934 0.000299885
  406 405.5 0.696796 0.000302429
  407 406.5 0.696336 0.000302229
  408 407.5 0.694218 0.00030131
  409 408.5 0.688416 0.000298792
  410 409.5 0.692422 0.00030053
  411 410.5 0.691748 0.000300238
  412 411.5 0.695374 0.000301812
  413 412.5 0.691754 0.00030024
  414 413.5 0.698406 0.000303128
  415 414.5 0.704006 0.000305558
  416 415.5 0.703734 0.00030544
  417 416.5 0.699636 0.000303661
  418 417.5 0.699058 0.000303411
  419 418.5 0.699454 0.000303582
  420 419.5 0.697448 0.000302712
  421 420.5 0.703422 0.000305305
  422 421.5 0.69857 0.000303199
  423 422.5 0.701756 0.000304582
  424 423.5 0.701568 0.0003045
  425 424.5 0.697826 0.000302876
  426 425.5 0.695652 0.000301932
  427 426.5 0.701006 0.000304256
  428 427.5 0.688912 0.000299007
  429 428.5 0.688412 0.00029879
  430 429.5 0.686772 0.000298078
  431 430.5 0.687248 0.000298285
  432 431.5 0.691896 0.000300302
  433 432.5 0.690224 0.000299576
  434 433.5 0.69032 0.000299618
  435 434.5 0.696334 0.000302228
  436 435.5 0.693714 0.000301091
  437 436.5 0.691336 0.000300059
  438 437.5 0.694346 0.000301365
  439 438.5 0.690462 0.00029968
  440 439.5 0.685368 0.000297469
  441 440.5 0.693862 0.000301155
  442 441.5 0.69359 0.000301037
  443 442.5 0.6945 0.000301432
  444 443.5 0.693428 0.000300967
  445 444.5 0.693914 0.000301178
  446 445.5 0.695344 0.000301799
  447 446.5 0.695694 0.000301951
  448 447.5 0.694534 0.000301447
  449 448.5 0.68888 0.000298993
  450 449.5 0.686294 0.000297871
  451 450.5 0.696376 0.000302247
  452 451.5 0.69939 0.000303555
  453 452.5 0.693568 0.000301028
  454 453.5 0.70249 0.0003049
  455 454.5 0.698064 0.000302979
  456 455.5 0.700836 0.000304182
  457 456.5 0.695636 0.000301925
  458 457.5 0.700328 0.000303962
  459 458.5 0.697466 0.00030272
  460 459.5 0.707194 0.000306942
  461 460.5 0.705232 0.00030609
  462 461.5 0.699418 0.000303567
  463 462.5 0.704786 0.000305897
  464 463.5 0.709614 0.000307992
  465 464.5 0.717052 0.00031122
  466 465.5 0.722218 0.000313463
  467 466.5 0.727374 0.000315701
  468 467.5 0.739122 0.000320799
  469 468.5 0.75476 0.000327587
  470 469.5 0.76787 0.000333277
  471 470.5 0.791782 0.000343655
  472 471.5 0.819058 0.000355494
  473 472.5 0.848166 0.000368128
  474 473.5 0.89345 0.000387782
  475 474.5 0.93712 0.000406736
  476 475.5 0.996686 0.000432589
  477 476.5 1.07298 0.000465704
  478 477.5 1.1511 0.000499609
  479 478.5 1.24442 0.000540112
  480 479.5 1.34127 0.000582148
