# Chunk-averaged data for fix tensor3 and group c2
# Timestep Number-of-chunks Total-count
# Chunk Coord1 Ncount density/number
20000000 480 5594
  1 0.5 4.89762 0.0021257
  2 1.5 4.82786 0.00209543
  3 2.5 4.68513 0.00203348
  4 3.5 4.54129 0.00197105
  5 4.5 4.38997 0.00190537
  6 5.5 4.24643 0.00184307
  7 6.5 4.12176 0.00178896
  8 7.5 3.99442 0.00173369
  9 8.5 3.88074 0.00168435
  10 9.5 3.79298 0.00164626
  11 10.5 3.71364 0.00161182
  12 11.5 3.63078 0.00157586
  13 12.5 3.5754 0.00155182
  14 13.5 3.53339 0.00153359
  15 14.5 3.48509 0.00151263
  16 15.5 3.46492 0.00150387
  17 16.5 3.44513 0.00149528
  18 17.5 3.42074 0.0014847
  19 18.5 3.40243 0.00147675
  20 19.5 3.38546 0.00146938
  21 20.5 3.38187 0.00146782
  22 21.5 3.39163 0.00147206
  23 22.5 3.396 0.00147396
  24 23.5 3.38535 0.00146934
  25 24.5 3.36831 0.00146194
  26 25.5 3.35501 0.00145617
  27 26.5 3.34143 0.00145027
  28 27.5 3.34031 0.00144979
  29 28.5 3.33301 0.00144662
  30 29.5 3.34578 0.00145216
  31 30.5 3.34781 0.00145304
  32 31.5 3.35645 0.00145679
  33 32.5 3.35398 0.00145572
  34 33.5 3.35047 0.0014542
  35 34.5 3.3641 0.00146011
  36 35.5 3.37416 0.00146448
  37 36.5 3.3487 0.00145343
  38 37.5 3.35745 0.00145723
  39 38.5 3.35111 0.00145447
  40 39.5 3.36156 0.00145901
  41 40.5 3.38789 0.00147044
  42 41.5 3.40371 0.00147731
  43 42.5 3.39305 0.00147268
  44 43.5 3.40306 0.00147702
  45 44.5 3.41513 0.00148226
  46 45.5 3.39299 0.00147265
  47 46.5 3.40444 0.00147762
  48 47.5 3.40678 0.00147864
  49 48.5 3.40724 0.00147884
  50 49.5 3.39457 0.00147334
  51 50.5 3.38486 0.00146912
  52 51.5 3.41416 0.00148184
  53 52.5 3.39114 0.00147185
  54 53.5 3.3776 0.00146597
  55 54.5 3.38584 0.00146955
  56 55.5 3.38546 0.00146938
  57 56.5 3.39529 0.00147365
  58 57.5 3.4112 0.00148056
  59 58.5 3.43576 0.00149122
  60 59.5 3.45899 0.0015013
  61 60.5 3.4768 0.00150903
  62 61.5 3.50654 0.00152194
  63 62.5 3.52371 0.00152939
  64 63.5 3.55103 0.00154125
  65 64.5 3.56987 0.00154942
  66 65.5 3.57616 0.00155215
  67 66.5 3.56745 0.00154837
  68 67.5 3.58863 0.00155757
  69 68.5 3.62135 0.00157177
  70 69.5 3.6389 0.00157938
  71 70.5 3.63493 0.00157766
  72 71.5 3.64827 0.00158345
  73 72.5 3.65308 0.00158554
  74 73.5 3.67083 0.00159324
  75 74.5 3.67032 0.00159302
  76 75.5 3.68158 0.00159791
  77 76.5 3.68803 0.00160071
  78 77.5 3.66967 0.00159274
  79 78.5 3.64841 0.00158351
  80 79.5 3.66601 0.00159115
  81 80.5 3.64753 0.00158313
  82 81.5 3.64833 0.00158348
  83 82.5 3.65074 0.00158452
  84 83.5 3.66043 0.00158873
  85 84.5 3.66634 0.00159129
  86 85.5 3.649 0.00158377
  87 86.5 3.63659 0.00157838
  88 87.5 3.61976 0.00157107
  89 88.5 3.6305 0.00157574
  90 89.5 3.61143 0.00156746
  91 90.5 3.60992 0.00156681
  92 91.5 3.60063 0.00156277
  93 92.5 3.56823 0.00154871
  94 93.5 3.55871 0.00154458
  95 94.5 3.55881 0.00154462
  96 95.5 3.55387 0.00154248
  97 96.5 3.53295 0.0015334
  98 97.5 3.51959 0.0015276
  99 98.5 3.50397 0.00152082
  100 99.5 3.49383 0.00151642
  101 100.5 3.46629 0.00150446
  102 101.5 3.44547 0.00149543
  103 102.5 3.43515 0.00149095
  104 103.5 3.39981 0.00147561
  105 104.5 3.38035 0.00146717
  106 105.5 3.37022 0.00146277
  107 106.5 3.3589 0.00145786
  108 107.5 3.35341 0.00145547
  109 108.5 3.36204 0.00145922
  110 109.5 3.35154 0.00145466
  111 110.5 3.36228 0.00145932
  112 111.5 3.37967 0.00146687
  113 112.5 3.35938 0.00145807
  114 113.5 3.34711 0.00145274
  115 114.5 3.36458 0.00146032
  116 115.5 3.38311 0.00146836
  117 116.5 3.37827 0.00146626
  118 117.5 3.37092 0.00146307
  119 118.5 3.35236 0.00145502
  120 119.5 3.36338 0.0014598
  121 120.5 3.37038 0.00146284
  122 121.5 3.3754 0.00146502
  123 122.5 3.37137 0.00146327
  124 123.5 3.39748 0.0014746
  125 124.5 3.42676 0.00148731
  126 125.5 3.41949 0.00148415
  127 126.5 3.41496 0.00148219
  128 127.5 3.42191 0.0014852
  129 128.5 3.42752 0.00148764
  130 129.5 3.4288 0.00148819
  131 130.5 3.43242 0.00148977
  132 131.5 3.41574 0.00148253
  133 132.5 3.4117 0.00148077
  134 133.5 3.4185 0.00148372
  135 134.5 3.42914 0.00148834
  136 135.5 3.45411 0.00149918
  137 136.5 3.46897 0.00150563
  138 137.5 3.49698 0.00151779
  139 138.5 3.52255 0.00152889
  140 139.5 3.57014 0.00154954
  141 140.5 3.63294 0.0015768
  142 141.5 3.70626 0.00160862
  143 142.5 3.81967 0.00165784
  144 143.5 3.9627 0.00171992
  145 144.5 4.10016 0.00177958
  146 145.5 4.32541 0.00187735
  147 146.5 4.6195 0.00200499
  148 147.5 4.96499 0.00215494
  149 148.5 5.43907 0.00236071
  150 149.5 6.02382 0.0026145
  151 150.5 6.73765 0.00292433
  152 151.5 7.61751 0.00330621
  153 152.5 8.65036 0.0037545
  154 153.5 9.88897 0.00429209
  155 154.5 11.2743 0.00489337
  156 155.5 12.8359 0.00557113
  157 156.5 14.5488 0.0063146
  158 157.5 16.3239 0.00708504
  159 158.5 18.058 0.00783769
  160 159.5 19.8111 0.00859856
  161 160.5 21.4333 0.00930264
  162 161.5 22.9238 0.00994955
  163 162.5 24.2643 0.0105314
  164 163.5 25.4931 0.0110647
  165 164.5 26.4811 0.0114935
  166 165.5 27.3357 0.0118644
  167 166.5 28.0574 0.0121777
  168 167.5 28.6442 0.0124324
  169 168.5 29.0819 0.0126224
  170 169.5 29.4659 0.012789
  171 170.5 29.7883 0.0129289
  172 171.5 30.0231 0.0130308
  173 172.5 30.1876 0.0131022
  174 173.5 30.3261 0.0131624
  175 174.5 30.409 0.0131984
  176 175.5 30.5432 0.0132566
  177 176.5 30.6181 0.0132891
  178 177.5 30.692 0.0133212
  179 178.5 30.7038 0.0133263
  180 179.5 30.7701 0.0133551
  181 180.5 30.796 0.0133663
  182 181.5 30.7731 0.0133564
  183 182.5 30.7754 0.0133574
  184 183.5 30.8056 0.0133705
  185 184.5 30.8006 0.0133683
  186 185.5 30.7755 0.0133574
  187 186.5 30.8014 0.0133687
  188 187.5 30.8544 0.0133917
  189 188.5 30.8605 0.0133943
  190 189.5 30.831 0.0133815
  191 190.5 30.8575 0.013393
  192 191.5 30.863 0.0133954
  193 192.5 30.8765 0.0134012
  194 193.5 30.8806 0.0134031
  195 194.5 30.8811 0.0134033
  196 195.5 30.8767 0.0134013
  197 196.5 30.8823 0.0134038
  198 197.5 30.8682 0.0133976
  199 198.5 30.8331 0.0133824
  200 199.5 30.8395 0.0133852
  201 200.5 30.8477 0.0133888
  202 201.5 30.8417 0.0133861
  203 202.5 30.8215 0.0133774
  204 203.5 30.8021 0.013369
  205 204.5 30.8475 0.0133887
  206 205.5 30.8169 0.0133754
  207 206.5 30.8049 0.0133702
  208 207.5 30.8242 0.0133786
  209 208.5 30.8123 0.0133734
  210 209.5 30.8197 0.0133766
  211 210.5 30.8028 0.0133693
  212 211.5 30.8488 0.0133892
  213 212.5 30.8697 0.0133983
  214 213.5 30.8448 0.0133875
  215 214.5 30.8376 0.0133844
  216 215.5 30.8788 0.0134022
  217 216.5 30.9135 0.0134173
  218 217.5 30.9298 0.0134244
  219 218.5 30.9058 0.013414
  220 219.5 30.9231 0.0134215
  221 220.5 30.9102 0.0134159
  222 221.5 30.8775 0.0134017
  223 222.5 30.8931 0.0134085
  224 223.5 30.8878 0.0134062
  225 224.5 30.8509 0.0133901
  226 225.5 30.8595 0.0133939
  227 226.5 30.8758 0.0134009
  228 227.5 30.8663 0.0133968
  229 228.5 30.8902 0.0134072
  230 229.5 30.9196 0.01342
  231 230.5 30.9336 0.0134261
  232 231.5 30.8976 0.0134104
  233 232.5 30.9069 0.0134145
  234 233.5 30.9555 0.0134356
  235 234.5 30.9411 0.0134293
  236 235.5 30.9212 0.0134207
  237 236.5 30.9213 0.0134207
  238 237.5 30.9492 0.0134328
  239 238.5 30.9578 0.0134365
  240 239.5 30.9179 0.0134192
  241 240.5 30.9297 0.0134244
  242 241.5 30.9099 0.0134157
  243 242.5 30.8859 0.0134054
  244 243.5 30.9262 0.0134228
  245 244.5 30.903 0.0134128
  246 245.5 30.8721 0.0133993
  247 246.5 30.8669 0.0133971
  248 247.5 30.8935 0.0134086
  249 248.5 30.8584 0.0133934
  250 249.5 30.8828 0.013404
  251 250.5 30.9174 0.013419
  252 251.5 30.9058 0.013414
  253 252.5 30.9249 0.0134223
  254 253.5 30.8999 0.0134114
  255 254.5 30.8897 0.013407
  256 255.5 30.9126 0.0134169
  257 256.5 30.8923 0.0134081
  258 257.5 30.8901 0.0134072
  259 258.5 30.864 0.0133958
  260 259.5 30.8656 0.0133965
  261 260.5 30.851 0.0133902
  262 261.5 30.8376 0.0133844
  263 262.5 30.8114 0.013373
  264 263.5 30.7637 0.0133523
  265 264.5 30.738 0.0133412
  266 265.5 30.7492 0.013346
  267 266.5 30.7267 0.0133362
  268 267.5 30.7385 0.0133413
  269 268.5 30.7176 0.0133323
  270 269.5 30.7278 0.0133367
  271 270.5 30.7335 0.0133392
  272 271.5 30.7338 0.0133393
  273 272.5 30.742 0.0133429
  274 273.5 30.7752 0.0133573
  275 274.5 30.7558 0.0133489
  276 275.5 30.7555 0.0133488
  277 276.5 30.7598 0.0133506
  278 277.5 30.7476 0.0133453
  279 278.5 30.7713 0.0133556
  280 279.5 30.7015 0.0133253
  281 280.5 30.7389 0.0133415
  282 281.5 30.7211 0.0133338
  283 282.5 30.7388 0.0133415
  284 283.5 30.7271 0.0133364
  285 284.5 30.7361 0.0133403
  286 285.5 30.7438 0.0133436
  287 286.5 30.7899 0.0133637
  288 287.5 30.7789 0.0133589
  289 288.5 30.7526 0.0133475
  290 289.5 30.7723 0.013356
  291 290.5 30.7705 0.0133553
  292 291.5 30.7502 0.0133464
  293 292.5 30.7055 0.0133271
  294 293.5 30.6853 0.0133183
  295 294.5 30.6786 0.0133154
  296 295.5 30.6816 0.0133167
  297 296.5 30.613 0.0132869
  298 297.5 30.5911 0.0132774
  299 298.5 30.5599 0.0132639
  300 299.5 30.4973 0.0132367
  301 300.5 30.3915 0.0131908
  302 301.5 30.2883 0.013146
  303 302.5 30.1846 0.013101
  304 303.5 30.0162 0.0130278
  305 304.5 29.7789 0.0129249
  306 305.5 29.5823 0.0128395
  307 306.5 29.2348 0.0126887
  308 307.5 28.7899 0.0124956
  309 308.5 28.2904 0.0122788
  310 309.5 27.7234 0.0120327
  311 310.5 26.9163 0.0116824
  312 311.5 26.0328 0.0112989
  313 312.5 24.9994 0.0108504
  314 313.5 23.7596 0.0103123
  315 314.5 22.3252 0.00968975
  316 315.5 20.7817 0.00901982
  317 316.5 19.0396 0.00826372
  318 317.5 17.1267 0.00743346
  319 318.5 15.1475 0.00657445
  320 319.5 13.1752 0.00571841
  321 320.5 11.1951 0.00485897
  322 321.5 9.28636 0.00403054
  323 322.5 7.55191 0.00327774
  324 323.5 6.03494 0.00261933
  325 324.5 4.69977 0.00203983
  326 325.5 3.62459 0.00157317
  327 326.5 2.77501 0.00120443
  328 327.5 2.1114 0.000916405
  329 328.5 1.62631 0.000705865
  330 329.5 1.28631 0.000558293
  331 330.5 1.02924 0.000446717
  332 331.5 0.86045 0.000373459
  333 332.5 0.746934 0.00032419
  334 333.5 0.66586 0.000289002
  335 334.5 0.607588 0.00026371
  336 335.5 0.570058 0.000247421
  337 336.5 0.543008 0.000235681
  338 337.5 0.521688 0.000226427
  339 338.5 0.506976 0.000220042
  340 339.5 0.499436 0.000216769
  341 340.5 0.497442 0.000215904
  342 341.5 0.49737 0.000215872
  343 342.5 0.500982 0.00021744
  344 343.5 0.494538 0.000214643
  345 344.5 0.49231 0.000213676
  346 345.5 0.491432 0.000213295
  347 346.5 0.488558 0.000212048
  348 347.5 0.493528 0.000214205
  349 348.5 0.494964 0.000214828
  350 349.5 0.49461 0.000214674
  351 350.5 0.49529 0.00021497
  352 351.5 0.493976 0.000214399
  353 352.5 0.491742 0.00021343
  354 353.5 0.496664 0.000215566
  355 354.5 0.49422 0.000214505
  356 355.5 0.497128 0.000215767
  357 356.5 0.49484 0.000214774
  358 357.5 0.49162 0.000213377
  359 358.5 0.49051 0.000212895
  360 359.5 0.490014 0.00021268
  361 360.5 0.489098 0.000212282
  362 361.5 0.493494 0.00021419
  363 362.5 0.494874 0.000214789
  364 363.5 0.4992 0.000216667
  365 364.5 0.497894 0.0002161
  366 365.5 0.498024 0.000216156
  367 366.5 0.49598 0.000215269
  368 367.5 0.496142 0.000215339
  369 368.5 0.49853 0.000216376
  370 369.5 0.492748 0.000213866
  371 370.5 0.496746 0.000215602
  372 371.5 0.495296 0.000214972
  373 372.5 0.49582 0.0002152
  374 373.5 0.496614 0.000215544
  375 374.5 0.495878 0.000215225
  376 375.5 0.491248 0.000213215
  377 376.5 0.491036 0.000213123
  378 377.5 0.490766 0.000213006
  379 378.5 0.487114 0.000211421
  380 379.5 0.484348 0.00021022
  381 380.5 0.484822 0.000210426
  382 381.5 0.488296 0.000211934
  383 382.5 0.488322 0.000211945
  384 383.5 0.488664 0.000212094
  385 384.5 0.483554 0.000209876
  386 385.5 0.487014 0.000211378
  387 386.5 0.489138 0.000212299
  388 387.5 0.485362 0.000210661
  389 388.5 0.484712 0.000210378
  390 389.5 0.487206 0.000211461
  391 390.5 0.492948 0.000213953
  392 391.5 0.490326 0.000212815
  393 392.5 0.491206 0.000213197
  394 393.5 0.491646 0.000213388
  395 394.5 0.484282 0.000210192
  396 395.5 0.484548 0.000210307
  397 396.5 0.488896 0.000212194
  398 397.5 0.494704 0.000214715
  399 398.5 0.494584 0.000214663
  400 399.5 0.493368 0.000214135
  401 400.5 0.486008 0.000210941
  402 401.5 0.48396 0.000210052
  403 402.5 0.481858 0.00020914
  404 403.5 0.48606 0.000210964
  405 404.5 0.491438 0.000213298
  406 405.5 0.49078 0.000213012
  407 406.5 0.48863 0.000212079
  408 407.5 0.485332 0.000210648
  409 408.5 0.485812 0.000210856
  410 409.5 0.484308 0.000210203
  411 410.5 0.486368 0.000211097
  412 411.5 0.487528 0.000211601
  413 412.5 0.49057 0.000212921
  414 413.5 0.49079 0.000213016
  415 414.5 0.493852 0.000214345
  416 415.5 0.496204 0.000215366
  417 416.5 0.49204 0.000213559
  418 417.5 0.487518 0.000211596
  419 418.5 0.488916 0.000212203
  420 419.5 0.491448 0.000213302
  421 420.5 0.491312 0.000213243
  422 421.5 0.489414 0.000212419
  423 422.5 0.483228 0.000209734
  424 423.5 0.487224 0.000211469
  425 424.5 0.491768 0.000213441
  426 425.5 0.492164 0.000213613
  427 426.5 0.483898 0.000210025
  428 427.5 0.484656 0.000210354
  429 428.5 0.488868 0.000212182
  430 429.5 0.48927 0.000212357
  431 430.5 0.489364 0.000212398
  432 431.5 0.485196 0.000210589
  433 432.5 0.489564 0.000212484
  434 433.5 0.49217 0.000213615
  435 434.5 0.490934 0.000213079
  436 435.5 0.489616 0.000212507
  437 436.5 0.492704 0.000213847
  438 437.5 0.489478 0.000212447
  439 438.5 0.492406 0.000213718
  440 439.5 0.489148 0.000212304
  441 440.5 0.487148 0.000211436
  442 441.5 0.48865 0.000212088
  443 442.5 0.483934 0.000210041
  444 443.5 0.491202 0.000213195
  445 444.5 0.486386 0.000211105
  446 445.5 0.487404 0.000211547
  447 446.5 0.493906 0.000214369
  448 447.5 0.492188 0.000213623
  449 448.5 0.48852 0.000212031
  450 449.5 0.490028 0.000212686
  451 450.5 0.492144 0.000213604
  452 451.5 0.491502 0.000213326
  453 452.5 0.496796 0.000215623
  454 453.5 0.49143 0.000213294
  455 454.5 0.493702 0.00021428
  456 455.5 0.494796 0.000214755
  457 456.5 0.498856 0.000216517
  458 457.5 0.505774 0.00021952
  459 458.5 0.508492 0.0002207
  460 459.5 0.517114 0.000224442
  461 460.5 0.529582 0.000229853
  462 461.5 0.544532 0.000236342
  463 462.5 0.567374 0.000246256
  464 463.5 0.605326 0.000262728
  465 464.5 0.659992 0.000286455
  466 465.5 0.736456 0.000319642
  467 466.5 0.836246 0.000362954
  468 467.5 0.982084 0.000426252
  469 468.5 1.17992 0.00051212
  470 469.5 1.44669 0.000627902
  471 470.5 1.7718 0.00076901
  472 471.5 2.16539 0.000939839
  473 472.5 2.60342 0.00112996
  474 473.5 3.08835 0.00134043
  475 474.5 3.56268 0.0015463
  476 475.5 4.00093 0.00173652
  477 476.5 4.38696 0.00190406
  478 477.5 4.66253 0.00202367
  479 478.5 4.83588 0.00209891
  480 479.5 4.91657 0.00213393
30000000 480 5594
  1 0.5 3.76067 0.00163224
  2 1.5 3.68336 0.00159868
  3 2.5 3.63615 0.00157819
  4 3.5 3.59807 0.00156166
  5 4.5 3.56459 0.00154713
  6 5.5 3.56018 0.00154522
  7 6.5 3.55008 0.00154083
  8 7.5 3.53294 0.00153339
  9 8.5 3.52424 0.00152962
  10 9.5 3.50731 0.00152227
  11 10.5 3.51955 0.00152758
  12 11.5 3.52949 0.0015319
  13 12.5 3.51868 0.0015272
  14 13.5 3.52526 0.00153006
  15 14.5 3.53048 0.00153232
  16 15.5 3.52381 0.00152943
  17 16.5 3.53821 0.00153568
  18 17.5 3.54429 0.00153832
  19 18.5 3.54744 0.00153969
  20 19.5 3.55732 0.00154398
  21 20.5 3.5584 0.00154444
  22 21.5 3.55348 0.00154231
  23 22.5 3.57838 0.00155312
  24 23.5 3.5577 0.00154414
  25 24.5 3.54953 0.00154059
  26 25.5 3.54733 0.00153964
  27 26.5 3.55263 0.00154194
  28 27.5 3.57485 0.00155158
  29 28.5 3.56519 0.00154739
  30 29.5 3.57311 0.00155083
  31 30.5 3.58585 0.00155636
  32 31.5 3.5862 0.00155651
  33 32.5 3.57697 0.0015525
  34 33.5 3.58711 0.0015569
  35 34.5 3.57506 0.00155168
  36 35.5 3.59617 0.00156084
  37 36.5 3.59595 0.00156074
  38 37.5 3.60614 0.00156517
  39 38.5 3.61389 0.00156853
  40 39.5 3.61821 0.00157041
  41 40.5 3.63442 0.00157744
  42 41.5 3.64656 0.00158271
  43 42.5 3.65168 0.00158493
  44 43.5 3.6686 0.00159228
  45 44.5 3.67821 0.00159644
  46 45.5 3.70412 0.00160769
  47 46.5 3.70355 0.00160745
  48 47.5 3.71767 0.00161357
  49 48.5 3.71841 0.00161389
  50 49.5 3.707 0.00160894
  51 50.5 3.74289 0.00162452
  52 51.5 3.73724 0.00162207
  53 52.5 3.74728 0.00162642
  54 53.5 3.75029 0.00162773
  55 54.5 3.73563 0.00162137
  56 55.5 3.7269 0.00161758
  57 56.5 3.71423 0.00161208
  58 57.5 3.70741 0.00160912
  59 58.5 3.70314 0.00160726
  60 59.5 3.67668 0.00159578
  61 60.5 3.69143 0.00160218
  62 61.5 3.69776 0.00160493
  63 62.5 3.6922 0.00160252
  64 63.5 3.69692 0.00160457
  65 64.5 3.7085 0.00160959
  66 65.5 3.71095 0.00161065
  67 66.5 3.70386 0.00160758
  68 67.5 3.71009 0.00161028
  69 68.5 3.71499 0.00161241
  70 69.5 3.73964 0.00162311
  71 70.5 3.72503 0.00161677
  72 71.5 3.71192 0.00161108
  73 72.5 3.72042 0.00161476
  74 73.5 3.72255 0.00161569
  75 74.5 3.72066 0.00161487
  76 75.5 3.71002 0.00161025
  77 76.5 3.70806 0.0016094
  78 77.5 3.69836 0.00160519
  79 78.5 3.68466 0.00159925
  80 79.5 3.68347 0.00159873
  81 80.5 3.66714 0.00159164
  82 81.5 3.6434 0.00158134
  83 82.5 3.64468 0.00158189
  84 83.5 3.66148 0.00158918
  85 84.5 3.65435 0.00158609
  86 85.5 3.65493 0.00158634
  87 86.5 3.65631 0.00158694
  88 87.5 3.65569 0.00158667
  89 88.5 3.65795 0.00158765
  90 89.5 3.65412 0.00158599
  91 90.5 3.65013 0.00158426
  92 91.5 3.63796 0.00157898
  93 92.5 3.65155 0.00158487
  94 93.5 3.63219 0.00157647
  95 94.5 3.59587 0.00156071
  96 95.5 3.5936 0.00155972
  97 96.5 3.61249 0.00156792
  98 97.5 3.60111 0.00156298
  99 98.5 3.60474 0.00156456
  100 99.5 3.59486 0.00156027
  101 100.5 3.59063 0.00155843
  102 101.5 3.5935 0.00155968
  103 102.5 3.59198 0.00155902
  104 103.5 3.60435 0.00156439
  105 104.5 3.60322 0.0015639
  106 105.5 3.59186 0.00155897
  107 106.5 3.60475 0.00156456
  108 107.5 3.60923 0.00156651
  109 108.5 3.59986 0.00156244
  110 109.5 3.6042 0.00156432
  111 110.5 3.60226 0.00156348
  112 111.5 3.60146 0.00156313
  113 112.5 3.58851 0.00155751
  114 113.5 3.60372 0.00156412
  115 114.5 3.59502 0.00156034
  116 115.5 3.58678 0.00155676
  117 116.5 3.59999 0.0015625
  118 117.5 3.5885 0.00155751
  119 118.5 3.5689 0.001549
  120 119.5 3.55894 0.00154468
  121 120.5 3.5559 0.00154336
  122 121.5 3.52964 0.00153196
  123 122.5 3.52818 0.00153133
  124 123.5 3.52895 0.00153166
  125 124.5 3.5305 0.00153234
  126 125.5 3.54905 0.00154039
  127 126.5 3.54867 0.00154022
  128 127.5 3.58562 0.00155626
  129 128.5 3.61219 0.00156779
  130 129.5 3.62177 0.00157195
  131 130.5 3.67726 0.00159603
  132 131.5 3.74757 0.00162655
  133 132.5 3.79709 0.00164804
  134 133.5 3.84916 0.00167064
  135 134.5 3.93974 0.00170996
  136 135.5 4.05828 0.00176141
  137 136.5 4.21321 0.00182865
  138 137.5 4.39719 0.0019085
  139 138.5 4.6538 0.00201988
  140 139.5 4.97827 0.00216071
  141 140.5 5.37521 0.00233299
  142 141.5 5.88054 0.00255232
  143 142.5 6.49104 0.00281729
  144 143.5 7.20837 0.00312863
  145 144.5 8.1096 0.00351979
  146 145.5 9.12552 0.00396073
  147 146.5 10.2659 0.00445568
  148 147.5 11.5672 0.00502051
  149 148.5 12.9634 0.00562647
  150 149.5 14.4891 0.00628868
  151 150.5 16.0786 0.00697855
  152 151.5 17.6374 0.00765511
  153 152.5 19.1843 0.00832651
  154 153.5 20.7748 0.00901683
  155 154.5 22.2404 0.00965295
  156 155.5 23.5122 0.010205
  157 156.5 24.6994 0.0107202
  158 157.5 25.8336 0.0112125
  159 158.5 26.6727 0.0115767
  160 159.5 27.4701 0.0119228
  161 160.5 28.1393 0.0122133
  162 161.5 28.6866 0.0124508
  163 162.5 29.1171 0.0126376
  164 163.5 29.4823 0.0127961
  165 164.5 29.7703 0.0129211
  166 165.5 30.0176 0.0130285
  167 166.5 30.2011 0.0131081
  168 167.5 30.3041 0.0131528
  169 168.5 30.4041 0.0131962
  170 169.5 30.5155 0.0132446
  171 170.5 30.5801 0.0132726
  172 171.5 30.63 0.0132943
  173 172.5 30.7258 0.0133358
  174 173.5 30.7317 0.0133384
  175 174.5 30.8004 0.0133682
  176 175.5 30.7858 0.0133619
  177 176.5 30.8282 0.0133803
  178 177.5 30.8063 0.0133708
  179 178.5 30.8368 0.013384
  180 179.5 30.8574 0.013393
  181 180.5 30.8641 0.0133959
  182 181.5 30.8831 0.0134041
  183 182.5 30.9128 0.013417
  184 183.5 30.8716 0.0133992
  185 184.5 30.9405 0.0134291
  186 185.5 30.9496 0.013433
  187 186.5 30.937 0.0134275
  188 187.5 30.9227 0.0134213
  189 188.5 30.9265 0.013423
  190 189.5 30.9419 0.0134297
  191 190.5 30.9288 0.013424
  192 191.5 30.9249 0.0134223
  193 192.5 30.9527 0.0134343
  194 193.5 30.9789 0.0134457
  195 194.5 30.9538 0.0134348
  196 195.5 30.9345 0.0134265
  197 196.5 30.9709 0.0134422
  198 197.5 30.9699 0.0134418
  199 198.5 30.9184 0.0134194
  200 199.5 30.993 0.0134518
  201 200.5 30.9541 0.0134349
  202 201.5 30.9555 0.0134355
  203 202.5 30.9765 0.0134446
  204 203.5 30.9974 0.0134537
  205 204.5 30.9789 0.0134457
  206 205.5 31.0144 0.0134611
  207 206.5 30.9795 0.013446
  208 207.5 31.0054 0.0134572
  209 208.5 31.0003 0.013455
  210 209.5 31.0017 0.0134556
  211 210.5 30.9554 0.0134355
  212 211.5 30.9927 0.0134517
  213 212.5 30.9862 0.0134489
  214 213.5 30.9564 0.0134359
  215 214.5 30.9626 0.0134386
  216 215.5 31.013 0.0134605
  217 216.5 31.0282 0.0134671
  218 217.5 31.0372 0.013471
  219 218.5 31.043 0.0134735
  220 219.5 31.07 0.0134852
  221 220.5 31.0693 0.0134849
  222 221.5 31.0784 0.0134889
  223 222.5 31.0785 0.0134889
  224 223.5 31.1123 0.0135036
  225 224.5 31.1283 0.0135105
  226 225.5 31.1369 0.0135143
  227 226.5 31.1528 0.0135212
  228 227.5 31.1868 0.0135359
  229 228.5 31.1572 0.0135231
  230 229.5 31.1325 0.0135124
  231 230.5 31.2346 0.0135567
  232 231.5 31.1667 0.0135272
  233 232.5 31.1181 0.0135061
  234 233.5 31.1607 0.0135246
  235 234.5 31.1496 0.0135198
  236 235.5 31.0916 0.0134946
  237 236.5 31.095 0.0134961
  238 237.5 31.058 0.0134801
  239 238.5 31.0438 0.0134739
  240 239.5 31.029 0.0134675
  241 240.5 31.059 0.0134805
  242 241.5 31.0006 0.0134551
  243 242.5 30.9812 0.0134467
  244 243.5 30.9861 0.0134488
  245 244.5 30.9964 0.0134533
  246 245.5 30.9458 0.0134313
  247 246.5 30.9354 0.0134268
  248 247.5 30.979 0.0134458
  249 248.5 30.9303 0.0134246
  250 249.5 30.9529 0.0134344
  251 250.5 30.9544 0.0134351
  252 251.5 30.9634 0.013439
  253 252.5 30.9661 0.0134402
  254 253.5 30.9975 0.0134538
  255 254.5 30.9989 0.0134544
  256 255.5 30.9674 0.0134407
  257 256.5 31.0231 0.0134649
  258 257.5 31.0325 0.0134689
  259 258.5 31.0441 0.013474
  260 259.5 31.064 0.0134826
  261 260.5 31.0253 0.0134659
  262 261.5 31.0336 0.0134694
  263 262.5 31.0443 0.0134741
  264 263.5 31.0742 0.0134871
  265 264.5 31.0601 0.0134809
  266 265.5 31.0854 0.0134919
  267 266.5 31.0554 0.0134789
  268 267.5 31.0903 0.0134941
  269 268.5 31.1128 0.0135038
  270 269.5 31.083 0.0134909
  271 270.5 31.1142 0.0135044
  272 271.5 31.1305 0.0135115
  273 272.5 31.1393 0.0135153
  274 273.5 31.1179 0.013506
  275 274.5 31.1436 0.0135172
  276 275.5 31.1625 0.0135254
  277 276.5 31.1145 0.0135046
  278 277.5 31.1097 0.0135025
  279 278.5 31.132 0.0135121
  280 279.5 31.1068 0.0135012
  281 280.5 31.0644 0.0134828
  282 281.5 31.0997 0.0134981
  283 282.5 31.0877 0.0134929
  284 283.5 31.0573 0.0134797
  285 284.5 31.0869 0.0134926
  286 285.5 31.0723 0.0134862
  287 286.5 31.0165 0.013462
  288 287.5 31.0031 0.0134562
  289 288.5 30.9479 0.0134323
  290 289.5 30.8734 0.0133999
  291 290.5 30.8275 0.01338
  292 291.5 30.7633 0.0133521
  293 292.5 30.6611 0.0133078
  294 293.5 30.4832 0.0132306
  295 294.5 30.3756 0.0131838
  296 295.5 30.1517 0.0130867
  297 296.5 29.8568 0.0129587
  298 297.5 29.4914 0.0128001
  299 298.5 29.1007 0.0126305
  300 299.5 28.6472 0.0124337
  301 300.5 27.9723 0.0121408
  302 301.5 27.2088 0.0118094
  303 302.5 26.3226 0.0114248
  304 303.5 25.2738 0.0109696
  305 304.5 24.0073 0.0104198
  306 305.5 22.6634 0.00983652
  307 306.5 21.1169 0.00916533
  308 307.5 19.4568 0.00844478
  309 308.5 17.6823 0.00767459
  310 309.5 15.8362 0.00687335
  311 310.5 13.9181 0.00604082
  312 311.5 12.0409 0.0052261
  313 312.5 10.2304 0.00444029
  314 313.5 8.54121 0.00370712
  315 314.5 6.96367 0.00302243
  316 315.5 5.60774 0.00243391
  317 316.5 4.47112 0.00194059
  318 317.5 3.51 0.00152344
  319 318.5 2.73446 0.00118683
  320 319.5 2.12694 0.000923149
  321 320.5 1.66627 0.000723207
  322 321.5 1.33001 0.000577261
  323 322.5 1.09552 0.000475486
  324 323.5 0.914388 0.00039687
  325 324.5 0.785822 0.000341069
  326 325.5 0.696636 0.000302359
  327 326.5 0.634584 0.000275427
  328 327.5 0.589792 0.000255986
  329 328.5 0.560762 0.000243386
  330 329.5 0.5355 0.000232422
  331 330.5 0.518602 0.000225088
  332 331.5 0.514844 0.000223457
  333 332.5 0.505616 0.000219451
  334 333.5 0.501854 0.000217819
  335 334.5 0.495522 0.00021507
  336 335.5 0.49562 0.000215113
  337 336.5 0.492216 0.000213635
  338 337.5 0.492418 0.000213723
  339 338.5 0.490496 0.000212889
  340 339.5 0.495938 0.000215251
  341 340.5 0.488356 0.00021196
  342 341.5 0.487512 0.000211594
  343 342.5 0.483094 0.000209676
  344 343.5 0.485802 0.000210852
  345 344.5 0.48984 0.000212604
  346 345.5 0.48665 0.00021122
  347 346.5 0.485266 0.000210619
  348 347.5 0.493444 0.000214168
  349 348.5 0.48654 0.000211172
  350 349.5 0.48616 0.000211007
  351 350.5 0.488254 0.000211916
  352 351.5 0.48498 0.000210495
  353 352.5 0.489134 0.000212298
  354 353.5 0.491494 0.000213322
  355 354.5 0.489296 0.000212368
  356 355.5 0.491188 0.000213189
  357 356.5 0.488174 0.000211881
  358 357.5 0.492002 0.000213543
  359 358.5 0.487514 0.000211595
  360 359.5 0.48874 0.000212127
  361 360.5 0.489328 0.000212382
  362 361.5 0.493582 0.000214228
  363 362.5 0.49002 0.000212682
  364 363.5 0.496574 0.000215527
  365 364.5 0.496014 0.000215284
  366 365.5 0.489106 0.000212286
  367 366.5 0.488396 0.000211977
  368 367.5 0.489828 0.000212599
  369 368.5 0.492776 0.000213878
  370 369.5 0.490916 0.000213071
  371 370.5 0.490324 0.000212814
  372 371.5 0.489056 0.000212264
  373 372.5 0.486928 0.00021134
  374 373.5 0.493 0.000213976
  375 374.5 0.49262 0.000213811
  376 375.5 0.490272 0.000212792
  377 376.5 0.498224 0.000216243
  378 377.5 0.494418 0.000214591
  379 378.5 0.503816 0.00021867
  380 379.5 0.499172 0.000216655
  381 380.5 0.496444 0.00021547
  382 381.5 0.492016 0.000213549
  383 382.5 0.49024 0.000212778
  384 383.5 0.493722 0.000214289
  385 384.5 0.497554 0.000215952
  386 385.5 0.49641 0.000215456
  387 386.5 0.498846 0.000216513
  388 387.5 0.49975 0.000216905
  389 388.5 0.498128 0.000216201
  390 389.5 0.496556 0.000215519
  391 390.5 0.496112 0.000215326
  392 391.5 0.49098 0.000213099
  393 392.5 0.484948 0.000210481
  394 393.5 0.491742 0.00021343
  395 394.5 0.488304 0.000211937
  396 395.5 0.48913 0.000212296
  397 396.5 0.49045 0.000212869
  398 397.5 0.49151 0.000213329
  399 398.5 0.49181 0.000213459
  400 399.5 0.485054 0.000210527
  401 400.5 0.483768 0.000209969
  402 401.5 0.4823 0.000209332
  403 402.5 0.484582 0.000210322
  404 403.5 0.488278 0.000211926
  405 404.5 0.489394 0.000212411
  406 405.5 0.486726 0.000211253
  407 406.5 0.48899 0.000212235
  408 407.5 0.486818 0.000211293
  409 408.5 0.486232 0.000211038
  410 409.5 0.483598 0.000209895
  411 410.5 0.48712 0.000211424
  412 411.5 0.486024 0.000210948
  413 412.5 0.482864 0.000209576
  414 413.5 0.484976 0.000210493
  415 414.5 0.487718 0.000211683
  416 415.5 0.486456 0.000211135
  417 416.5 0.491452 0.000213304
  418 417.5 0.488208 0.000211896
  419 418.5 0.488416 0.000211986
  420 419.5 0.486546 0.000211174
  421 420.5 0.490026 0.000212685
  422 421.5 0.485248 0.000210611
  423 422.5 0.487054 0.000211395
  424 423.5 0.487992 0.000211802
  425 424.5 0.486826 0.000211296
  426 425.5 0.49027 0.000212791
  427 426.5 0.493642 0.000214254
  428 427.5 0.49298 0.000213967
  429 428.5 0.491024 0.000213118
  430 429.5 0.485966 0.000210923
  431 430.5 0.491132 0.000213165
  432 431.5 0.492326 0.000213683
  433 432.5 0.492016 0.000213549
  434 433.5 0.489464 0.000212441
  435 434.5 0.488834 0.000212168
  436 435.5 0.486052 0.00021096
  437 436.5 0.4812 0.000208854
  438 437.5 0.485926 0.000210905
  439 438.5 0.48706 0.000211398
  440 439.5 0.482248 0.000209309
  441 440.5 0.482902 0.000209593
  442 441.5 0.486208 0.000211028
  443 442.5 0.48844 0.000211997
  444 443.5 0.488936 0.000212212
  445 444.5 0.490028 0.000212686
  446 445.5 0.496582 0.00021553
  447 446.5 0.497876 0.000216092
  448 447.5 0.502046 0.000217902
  449 448.5 0.508436 0.000220675
  450 449.5 0.51372 0.000222969
  451 450.5 0.524312 0.000227566
  452 451.5 0.535756 0.000232533
  453 452.5 0.559244 0.000242727
  454 453.5 0.584468 0.000253675
  455 454.5 0.626018 0.000271709
  456 455.5 0.68411 0.000296923
  457 456.5 0.765548 0.000332269
  458 457.5 0.893152 0.000387653
  459 458.5 1.05756 0.000459011
  460 459.5 1.2677 0.000550218
  461 460.5 1.54429 0.000670266
  462 461.5 1.86994 0.000811605
  463 462.5 2.26578 0.000983412
  464 463.5 2.68201 0.00116407
  465 464.5 3.12428 0.00135603
  466 465.5 3.52912 0.00153174
  467 466.5 3.9112 0.00169757
  468 467.5 4.23126 0.00183648
  469 468.5 4.45954 0.00193557
  470 469.5 4.59825 0.00199577
  471 470.5 4.66469 0.0020246
  472 471.5 4.65745 0.00202146
  473 472.5 4.60502 0.00199871
  474 473.5 4.5263 0.00196454
  475 474.5 4.42159 0.00191909
  476 475.5 4.30444 0.00186825
  477 476.5 4.1664 0.00180833
  478 477.5 4.04466 0.00175549
  479 478.5 3.93906 0.00170966
  480 479.5 3.84167 0.00166739
40000000 480 5594
  1 0.5 3.63434 0.00157741
  2 1.5 3.59409 0.00155993
  3 2.5 3.58578 0.00155633
  4 3.5 3.59099 0.00155859
  5 4.5 3.58557 0.00155624
  6 5.5 3.58551 0.00155621
  7 6.5 3.57372 0.00155109
  8 7.5 3.57949 0.0015536
  9 8.5 3.5704 0.00154965
  10 9.5 3.53975 0.00153635
  11 10.5 3.5264 0.00153055
  12 11.5 3.50826 0.00152268
  13 12.5 3.49317 0.00151613
  14 13.5 3.46877 0.00150554
  15 14.5 3.45301 0.0014987
  16 15.5 3.44457 0.00149504
  17 16.5 3.4243 0.00148624
  18 17.5 3.42721 0.0014875
  19 18.5 3.43903 0.00149264
  20 19.5 3.44318 0.00149443
  21 20.5 3.46598 0.00150433
  22 21.5 3.46128 0.00150229
  23 22.5 3.47358 0.00150763
  24 23.5 3.48444 0.00151234
  25 24.5 3.51607 0.00152607
  26 25.5 3.5309 0.00153251
  27 26.5 3.52832 0.00153139
  28 27.5 3.53721 0.00153525
  29 28.5 3.55074 0.00154112
  30 29.5 3.55309 0.00154214
  31 30.5 3.53905 0.00153604
  32 31.5 3.54994 0.00154077
  33 32.5 3.57047 0.00154968
  34 33.5 3.56267 0.0015463
  35 34.5 3.57953 0.00155361
  36 35.5 3.58196 0.00155467
  37 36.5 3.59143 0.00155878
  38 37.5 3.59049 0.00155837
  39 38.5 3.59164 0.00155887
  40 39.5 3.59154 0.00155883
  41 40.5 3.60717 0.00156561
  42 41.5 3.60466 0.00156452
  43 42.5 3.59319 0.00155955
  44 43.5 3.60322 0.0015639
  45 44.5 3.60037 0.00156266
  46 45.5 3.58083 0.00155418
  47 46.5 3.5581 0.00154432
  48 47.5 3.56211 0.00154606
  49 48.5 3.57782 0.00155288
  50 49.5 3.57458 0.00155147
  51 50.5 3.58341 0.0015553
  52 51.5 3.58665 0.0015567
  53 52.5 3.59214 0.00155909
  54 53.5 3.58516 0.00155606
  55 54.5 3.57304 0.0015508
  56 55.5 3.55945 0.0015449
  57 56.5 3.5574 0.00154401
  58 57.5 3.55747 0.00154404
  59 58.5 3.54864 0.00154021
  60 59.5 3.54893 0.00154034
  61 60.5 3.52664 0.00153066
  62 61.5 3.52531 0.00153008
  63 62.5 3.52369 0.00152938
  64 63.5 3.53184 0.00153292
  65 64.5 3.52836 0.00153141
  66 65.5 3.53356 0.00153366
  67 66.5 3.53889 0.00153598
  68 67.5 3.52909 0.00153172
  69 68.5 3.5301 0.00153216
  70 69.5 3.51311 0.00152479
  71 70.5 3.48538 0.00151275
  72 71.5 3.4857 0.00151289
  73 72.5 3.47323 0.00150748
  74 73.5 3.46528 0.00150403
  75 74.5 3.44676 0.00149599
  76 75.5 3.42531 0.00148668
  77 76.5 3.42114 0.00148487
  78 77.5 3.404 0.00147743
  79 78.5 3.38334 0.00146846
  80 79.5 3.36833 0.00146195
  81 80.5 3.35017 0.00145407
  82 81.5 3.32741 0.00144419
  83 82.5 3.31955 0.00144078
  84 83.5 3.32699 0.00144401
  85 84.5 3.33365 0.0014469
  86 85.5 3.31689 0.00143962
  87 86.5 3.33066 0.0014456
  88 87.5 3.33226 0.00144629
  89 88.5 3.33877 0.00144912
  90 89.5 3.34722 0.00145279
  91 90.5 3.37982 0.00146694
  92 91.5 3.36507 0.00146053
  93 92.5 3.36729 0.0014615
  94 93.5 3.39527 0.00147364
  95 94.5 3.41249 0.00148112
  96 95.5 3.41496 0.00148219
  97 96.5 3.41646 0.00148284
  98 97.5 3.41082 0.00148039
  99 98.5 3.41292 0.0014813
  100 99.5 3.41439 0.00148194
  101 100.5 3.43017 0.00148879
  102 101.5 3.41984 0.00148431
  103 102.5 3.41933 0.00148409
  104 103.5 3.42762 0.00148768
  105 104.5 3.42769 0.00148771
  106 105.5 3.40561 0.00147813
  107 106.5 3.42282 0.0014856
  108 107.5 3.44511 0.00149527
  109 108.5 3.43973 0.00149294
  110 109.5 3.42919 0.00148836
  111 110.5 3.42995 0.00148869
  112 111.5 3.42684 0.00148734
  113 112.5 3.43915 0.00149269
  114 113.5 3.43047 0.00148892
  115 114.5 3.43688 0.0014917
  116 115.5 3.42248 0.00148545
  117 116.5 3.40772 0.00147905
  118 117.5 3.38637 0.00146978
  119 118.5 3.38083 0.00146737
  120 119.5 3.38395 0.00146873
  121 120.5 3.38287 0.00146826
  122 121.5 3.38232 0.00146802
  123 122.5 3.40798 0.00147916
  124 123.5 3.45846 0.00150107
  125 124.5 3.49626 0.00151747
  126 125.5 3.52217 0.00152872
  127 126.5 3.59565 0.00156061
  128 127.5 3.66131 0.00158911
  129 128.5 3.73954 0.00162306
  130 129.5 3.83749 0.00166558
  131 130.5 3.99014 0.00173183
  132 131.5 4.1803 0.00181437
  133 132.5 4.42052 0.00191863
  134 133.5 4.73832 0.00205656
  135 134.5 5.12841 0.00222587
  136 135.5 5.59235 0.00242723
  137 136.5 6.20839 0.00269461
  138 137.5 7.00188 0.00303901
  139 138.5 7.95563 0.00345296
  140 139.5 9.08811 0.00394449
  141 140.5 10.4262 0.00452526
  142 141.5 11.9146 0.00517128
  143 142.5 13.5754 0.0058921
  144 143.5 15.2725 0.00662869
  145 144.5 17.0773 0.00741204
  146 145.5 18.8095 0.00816384
  147 146.5 20.5142 0.00890372
  148 147.5 22.1605 0.00961826
  149 148.5 23.5762 0.0102327
  150 149.5 24.8698 0.0107942
  151 150.5 26.029 0.0112973
  152 151.5 26.9319 0.0116892
  153 152.5 27.7042 0.0120244
  154 153.5 28.3588 0.0123085
  155 154.5 28.8804 0.0125349
  156 155.5 29.2247 0.0126843
  157 156.5 29.5764 0.012837
  158 157.5 29.859 0.0129596
  159 158.5 30.0244 0.0130314
  160 159.5 30.1542 0.0130877
  161 160.5 30.3291 0.0131637
  162 161.5 30.4392 0.0132114
  163 162.5 30.5032 0.0132392
  164 163.5 30.5176 0.0132455
  165 164.5 30.5922 0.0132779
  166 165.5 30.6667 0.0133102
  167 166.5 30.6739 0.0133133
  168 167.5 30.7207 0.0133336
  169 168.5 30.7415 0.0133427
  170 169.5 30.7381 0.0133412
  171 170.5 30.7271 0.0133364
  172 171.5 30.7649 0.0133528
  173 172.5 30.7827 0.0133605
  174 173.5 30.7876 0.0133627
  175 174.5 30.7892 0.0133634
  176 175.5 30.8175 0.0133757
  177 176.5 30.8419 0.0133863
  178 177.5 30.8111 0.0133729
  179 178.5 30.8835 0.0134043
  180 179.5 30.8859 0.0134053
  181 180.5 30.8526 0.0133909
  182 181.5 30.8609 0.0133945
  183 182.5 30.9004 0.0134117
  184 183.5 30.8915 0.0134077
  185 184.5 30.8683 0.0133977
  186 185.5 30.9007 0.0134118
  187 186.5 30.8807 0.0134031
  188 187.5 30.8896 0.0134069
  189 188.5 30.857 0.0133928
  190 189.5 30.8356 0.0133835
  191 190.5 30.7977 0.0133671
  192 191.5 30.8197 0.0133766
  193 192.5 30.7681 0.0133542
  194 193.5 30.7406 0.0133423
  195 194.5 30.8054 0.0133704
  196 195.5 30.7816 0.0133601
  197 196.5 30.7354 0.01334
  198 197.5 30.7792 0.013359
  199 198.5 30.7805 0.0133596
  200 199.5 30.7075 0.0133279
  201 200.5 30.7172 0.0133321
  202 201.5 30.7431 0.0133434
  203 202.5 30.7451 0.0133442
  204 203.5 30.7041 0.0133264
  205 204.5 30.7224 0.0133344
  206 205.5 30.7396 0.0133418
  207 206.5 30.7517 0.0133471
  208 207.5 30.6969 0.0133233
  209 208.5 30.6445 0.0133005
  210 209.5 30.6602 0.0133074
  211 210.5 30.6735 0.0133132
  212 211.5 30.663 0.0133086
  213 212.5 30.6356 0.0132967
  214 213.5 30.6419 0.0132994
  215 214.5 30.6281 0.0132934
  216 215.5 30.6053 0.0132836
  217 216.5 30.5872 0.0132757
  218 217.5 30.5584 0.0132632
  219 218.5 30.5158 0.0132447
  220 219.5 30.5305 0.0132511
  221 220.5 30.5333 0.0132523
  222 221.5 30.519 0.0132461
  223 222.5 30.4991 0.0132374
  224 223.5 30.508 0.0132413
  225 224.5 30.5287 0.0132503
  226 225.5 30.4813 0.0132297
  227 226.5 30.4528 0.0132174
  228 227.5 30.487 0.0132322
  229 228.5 30.5038 0.0132395
  230 229.5 30.4532 0.0132175
  231 230.5 30.4805 0.0132294
  232 231.5 30.5453 0.0132575
  233 232.5 30.4999 0.0132378
  234 233.5 30.494 0.0132352
  235 234.5 30.556 0.0132622
  236 235.5 30.5596 0.0132637
  237 236.5 30.5178 0.0132456
  238 237.5 30.5554 0.0132619
  239 238.5 30.5589 0.0132634
  240 239.5 30.5761 0.0132709
  241 240.5 30.5875 0.0132758
  242 241.5 30.6616 0.013308
  243 242.5 30.668 0.0133108
  244 243.5 30.6418 0.0132994
  245 244.5 30.6735 0.0133132
  246 245.5 30.6909 0.0133207
  247 246.5 30.6931 0.0133217
  248 247.5 30.686 0.0133186
  249 248.5 30.6644 0.0133092
  250 249.5 30.6478 0.013302
  251 250.5 30.6403 0.0132987
  252 251.5 30.6288 0.0132937
  253 252.5 30.6687 0.0133111
  254 253.5 30.6565 0.0133058
  255 254.5 30.6706 0.0133119
  256 255.5 30.6326 0.0132954
  257 256.5 30.6431 0.0133
  258 257.5 30.6512 0.0133035
  259 258.5 30.6624 0.0133084
  260 259.5 30.63 0.0132943
  261 260.5 30.6261 0.0132926
  262 261.5 30.6599 0.0133073
  263 262.5 30.6434 0.0133001
  264 263.5 30.6174 0.0132888
  265 264.5 30.6482 0.0133022
  266 265.5 30.6577 0.0133063
  267 266.5 30.6504 0.0133031
  268 267.5 30.6511 0.0133034
  269 268.5 30.6649 0.0133094
  270 269.5 30.6874 0.0133192
  271 270.5 30.7046 0.0133266
  272 271.5 30.6734 0.0133131
  273 272.5 30.7168 0.0133319
  274 273.5 30.6939 0.013322
  275 274.5 30.7439 0.0133437
  276 275.5 30.7495 0.0133461
  277 276.5 30.7643 0.0133526
  278 277.5 30.7334 0.0133392
  279 278.5 30.7517 0.0133471
  280 279.5 30.7944 0.0133656
  281 280.5 30.7575 0.0133496
  282 281.5 30.7292 0.0133373
  283 282.5 30.746 0.0133446
  284 283.5 30.7216 0.013334
  285 284.5 30.6791 0.0133156
  286 285.5 30.6863 0.0133187
  287 286.5 30.6194 0.0132897
  288 287.5 30.5401 0.0132552
  289 288.5 30.4244 0.013205
  290 289.5 30.3552 0.013175
  291 290.5 30.1048 0.0130663
  292 291.5 29.9761 0.0130105
  293 292.5 29.7443 0.0129099
  294 293.5 29.3848 0.0127538
  295 294.5 28.9849 0.0125803
  296 295.5 28.4557 0.0123506
  297 296.5 27.82 0.0120747
  298 297.5 27.009 0.0117226
  299 298.5 26.1144 0.0113344
  300 299.5 24.9639 0.010835
  301 300.5 23.6889 0.0102816
  302 301.5 22.2194 0.00964385
  303 302.5 20.6343 0.00895585
  304 303.5 18.9357 0.00821861
  305 304.5 17.0611 0.00740497
  306 305.5 15.1162 0.00656083
  307 306.5 13.1956 0.00572724
  308 307.5 11.2788 0.00489532
  309 308.5 9.47124 0.00411078
  310 309.5 7.79716 0.00338418
  311 310.5 6.28487 0.00272781
  312 311.5 4.98052 0.00216168
  313 312.5 3.88115 0.00168453
  314 313.5 3.00008 0.00130212
  315 314.5 2.30902 0.00100218
  316 315.5 1.79362 0.000778483
  317 316.5 1.40517 0.000609885
  318 317.5 1.12198 0.00048697
  319 318.5 0.933834 0.00040531
  320 319.5 0.795302 0.000345183
  321 320.5 0.69907 0.000303416
  322 321.5 0.626356 0.000271856
  323 322.5 0.580488 0.000251948
  324 323.5 0.555434 0.000241074
  325 324.5 0.533586 0.000231591
  326 325.5 0.52572 0.000228177
  327 326.5 0.518124 0.00022488
  328 327.5 0.508428 0.000220672
  329 328.5 0.502918 0.00021828
  330 329.5 0.506932 0.000220023
  331 330.5 0.500024 0.000217024
  332 331.5 0.502338 0.000218029
  333 332.5 0.499482 0.000216789
  334 333.5 0.499178 0.000216657
  335 334.5 0.493174 0.000214051
  336 335.5 0.4886 0.000212066
  337 336.5 0.491982 0.000213534
  338 337.5 0.493808 0.000214326
  339 338.5 0.494666 0.000214699
  340 339.5 0.497192 0.000215795
  341 340.5 0.49506 0.00021487
  342 341.5 0.495908 0.000215238
  343 342.5 0.493374 0.000214138
  344 343.5 0.48922 0.000212335
  345 344.5 0.486666 0.000211227
  346 345.5 0.487904 0.000211764
  347 346.5 0.48654 0.000211172
  348 347.5 0.488524 0.000212033
  349 348.5 0.493934 0.000214381
  350 349.5 0.49201 0.000213546
  351 350.5 0.492042 0.00021356
  352 351.5 0.48936 0.000212396
  353 352.5 0.49421 0.000214501
  354 353.5 0.493896 0.000214365
  355 354.5 0.492666 0.000213831
  356 355.5 0.493814 0.000214329
  357 356.5 0.49175 0.000213433
  358 357.5 0.492648 0.000213823
  359 358.5 0.49557 0.000215091
  360 359.5 0.492884 0.000213925
  361 360.5 0.494192 0.000214493
  362 361.5 0.493332 0.00021412
  363 362.5 0.49616 0.000215347
  364 363.5 0.492092 0.000213582
  365 364.5 0.48987 0.000212617
  366 365.5 0.492212 0.000213634
  367 366.5 0.490494 0.000212888
  368 367.5 0.483582 0.000209888
  369 368.5 0.484778 0.000210407
  370 369.5 0.484706 0.000210376
  371 370.5 0.490948 0.000213085
  372 371.5 0.492118 0.000213593
  373 372.5 0.489924 0.000212641
  374 373.5 0.494724 0.000214724
  375 374.5 0.497664 0.000216
  376 375.5 0.491548 0.000213345
  377 376.5 0.492528 0.000213771
  378 377.5 0.49249 0.000213754
  379 378.5 0.4951 0.000214887
  380 379.5 0.496488 0.00021549
  381 380.5 0.498204 0.000216234
  382 381.5 0.49743 0.000215898
  383 382.5 0.488616 0.000212073
  384 383.5 0.48928 0.000212361
  385 384.5 0.486534 0.000211169
  386 385.5 0.482938 0.000209609
  387 386.5 0.481902 0.000209159
  388 387.5 0.487926 0.000211773
  389 388.5 0.484554 0.00021031
  390 389.5 0.483468 0.000209839
  391 390.5 0.48245 0.000209397
  392 391.5 0.48488 0.000210451
  393 392.5 0.48578 0.000210842
  394 393.5 0.477492 0.000207245
  395 394.5 0.478718 0.000207777
  396 395.5 0.484364 0.000210227
  397 396.5 0.482966 0.000209621
  398 397.5 0.486478 0.000211145
  399 398.5 0.478054 0.000207489
  400 399.5 0.47495 0.000206141
  401 400.5 0.475868 0.00020654
  402 401.5 0.472662 0.000205148
  403 402.5 0.473668 0.000205585
  404 403.5 0.477492 0.000207245
  405 404.5 0.476814 0.000206951
  406 405.5 0.47375 0.000205621
  407 406.5 0.473032 0.000205309
  408 407.5 0.471266 0.000204543
  409 408.5 0.479056 0.000207924
  410 409.5 0.479734 0.000208218
  411 410.5 0.481268 0.000208884
  412 411.5 0.480746 0.000208657
  413 412.5 0.474494 0.000205944
  414 413.5 0.47955 0.000208138
  415 414.5 0.478942 0.000207874
  416 415.5 0.477874 0.000207411
  417 416.5 0.476914 0.000206994
  418 417.5 0.480338 0.00020848
  419 418.5 0.472666 0.00020515
  420 419.5 0.474754 0.000206056
  421 420.5 0.474214 0.000205822
  422 421.5 0.473656 0.00020558
  423 422.5 0.476862 0.000206971
  424 423.5 0.476772 0.000206932
  425 424.5 0.47269 0.000205161
  426 425.5 0.475316 0.0002063
  427 426.5 0.483336 0.000209781
  428 427.5 0.480232 0.000208434
  429 428.5 0.48206 0.000209227
  430 429.5 0.488634 0.000212081
  431 430.5 0.490692 0.000212974
  432 431.5 0.488342 0.000211954
  433 432.5 0.486322 0.000211077
  434 433.5 0.486252 0.000211047
  435 434.5 0.482636 0.000209477
  436 435.5 0.492702 0.000213846
  437 436.5 0.492438 0.000213732
  438 437.5 0.49229 0.000213668
  439 438.5 0.490492 0.000212887
  440 439.5 0.49257 0.000213789
  441 440.5 0.493988 0.000214405
  442 441.5 0.500124 0.000217068
  443 442.5 0.495118 0.000214895
  444 443.5 0.50328 0.000218437
  445 444.5 0.503646 0.000218596
  446 445.5 0.508732 0.000220804
  447 446.5 0.514378 0.000223254
  448 447.5 0.52607 0.000228329
  449 448.5 0.543096 0.000235719
  450 449.5 0.570578 0.000247647
  451 450.5 0.607642 0.000263734
  452 451.5 0.661204 0.000286981
  453 452.5 0.739904 0.000321139
  454 453.5 0.851784 0.000369698
  455 454.5 1.00362 0.000435598
  456 455.5 1.20056 0.000521077
  457 456.5 1.45896 0.000633231
  458 457.5 1.79128 0.000777464
  459 458.5 2.17119 0.000942355
  460 459.5 2.6061 0.00113112
  461 460.5 3.07631 0.00133521
  462 461.5 3.54243 0.00153751
  463 462.5 3.97497 0.00172525
  464 463.5 4.32541 0.00187735
  465 464.5 4.62528 0.0020075
  466 465.5 4.79646 0.0020818
  467 466.5 4.8724 0.00211476
  468 467.5 4.89072 0.00212271
  469 468.5 4.85695 0.00210805
  470 469.5 4.73558 0.00205537
  471 470.5 4.58851 0.00199154
  472 471.5 4.43993 0.00192705
  473 472.5 4.28647 0.00186045
  474 473.5 4.15932 0.00180526
  475 474.5 4.05288 0.00175906
  476 475.5 3.93279 0.00170694
  477 476.5 3.84589 0.00166922
  478 477.5 3.75744 0.00163083
  479 478.5 3.6898 0.00160148
  480 479.5 3.64749 0.00158311
50000000 480 5594
  1 0.5 3.48351 0.00151194
  2 1.5 3.446 0.00149566
  3 2.5 3.42256 0.00148549
  4 3.5 3.39674 0.00147428
  5 4.5 3.38493 0.00146915
  6 5.5 3.37741 0.00146589
  7 6.5 3.36356 0.00145988
  8 7.5 3.34703 0.0014527
  9 8.5 3.33798 0.00144878
  10 9.5 3.31576 0.00143913
  11 10.5 3.31101 0.00143707
  12 11.5 3.30748 0.00143554
  13 12.5 3.29278 0.00142916
  14 13.5 3.30271 0.00143347
  15 14.5 3.30161 0.00143299
  16 15.5 3.2974 0.00143116
  17 16.5 3.29961 0.00143212
  18 17.5 3.29545 0.00143032
  19 18.5 3.30329 0.00143372
  20 19.5 3.29243 0.00142901
  21 20.5 3.28721 0.00142674
  22 21.5 3.28652 0.00142644
  23 22.5 3.28512 0.00142583
  24 23.5 3.25745 0.00141382
  25 24.5 3.25911 0.00141455
  26 25.5 3.26164 0.00141564
  27 26.5 3.26884 0.00141877
  28 27.5 3.27482 0.00142136
  29 28.5 3.29059 0.00142821
  30 29.5 3.30767 0.00143562
  31 30.5 3.30551 0.00143468
  32 31.5 3.32242 0.00144202
  33 32.5 3.32265 0.00144212
  34 33.5 3.32745 0.00144421
  35 34.5 3.32668 0.00144387
  36 35.5 3.31159 0.00143732
  37 36.5 3.31903 0.00144055
  38 37.5 3.33596 0.0014479
  39 38.5 3.33837 0.00144895
  40 39.5 3.3148 0.00143871
  41 40.5 3.31329 0.00143806
  42 41.5 3.29104 0.0014284
  43 42.5 3.29427 0.0014298
  44 43.5 3.27591 0.00142184
  45 44.5 3.26432 0.00141681
  46 45.5 3.24838 0.00140989
  47 46.5 3.24513 0.00140848
  48 47.5 3.23188 0.00140273
  49 48.5 3.20398 0.00139062
  50 49.5 3.18747 0.00138345
  51 50.5 3.18329 0.00138164
  52 51.5 3.16312 0.00137288
  53 52.5 3.15244 0.00136825
  54 53.5 3.13629 0.00136124
  55 54.5 3.11702 0.00135287
  56 55.5 3.09111 0.00134163
  57 56.5 3.09437 0.00134304
  58 57.5 3.09748 0.00134439
  59 58.5 3.08722 0.00133994
  60 59.5 3.09021 0.00134124
  61 60.5 3.08963 0.00134098
  62 61.5 3.10813 0.00134901
  63 62.5 3.12339 0.00135564
  64 63.5 3.14377 0.00136448
  65 64.5 3.16257 0.00137264
  66 65.5 3.17537 0.0013782
  67 66.5 3.16915 0.0013755
  68 67.5 3.1844 0.00138212
  69 68.5 3.20771 0.00139224
  70 69.5 3.22271 0.00139875
  71 70.5 3.23208 0.00140281
  72 71.5 3.26208 0.00141583
  73 72.5 3.26257 0.00141605
  74 73.5 3.27091 0.00141967
  75 74.5 3.26534 0.00141725
  76 75.5 3.25838 0.00141423
  77 76.5 3.2647 0.00141697
  78 77.5 3.2737 0.00142088
  79 78.5 3.27533 0.00142158
  80 79.5 3.27103 0.00141972
  81 80.5 3.26656 0.00141778
  82 81.5 3.28516 0.00142585
  83 82.5 3.30315 0.00143366
  84 83.5 3.32232 0.00144198
  85 84.5 3.32504 0.00144316
  86 85.5 3.31898 0.00144053
  87 86.5 3.32566 0.00144343
  88 87.5 3.3338 0.00144696
  89 88.5 3.33931 0.00144935
  90 89.5 3.33285 0.00144655
  91 90.5 3.34132 0.00145023
  92 91.5 3.34213 0.00145058
  93 92.5 3.3583 0.0014576
  94 93.5 3.38231 0.00146802
  95 94.5 3.39044 0.00147155
  96 95.5 3.39895 0.00147524
  97 96.5 3.41195 0.00148088
  98 97.5 3.43099 0.00148914
  99 98.5 3.43865 0.00149247
  100 99.5 3.43923 0.00149272
  101 100.5 3.45123 0.00149793
  102 101.5 3.46058 0.00150199
  103 102.5 3.45948 0.00150151
  104 103.5 3.46209 0.00150264
  105 104.5 3.46379 0.00150338
  106 105.5 3.46807 0.00150524
  107 106.5 3.48975 0.00151465
  108 107.5 3.48101 0.00151086
  109 108.5 3.48076 0.00151075
  110 109.5 3.48398 0.00151214
  111 110.5 3.48541 0.00151277
  112 111.5 3.46545 0.0015041
  113 112.5 3.45278 0.0014986
  114 113.5 3.47818 0.00150963
  115 114.5 3.48648 0.00151323
  116 115.5 3.48089 0.0015108
  117 116.5 3.48061 0.00151068
  118 117.5 3.48911 0.00151437
  119 118.5 3.4796 0.00151024
  120 119.5 3.45801 0.00150087
  121 120.5 3.46783 0.00150514
  122 121.5 3.49249 0.00151584
  123 122.5 3.51252 0.00152453
  124 123.5 3.54368 0.00153805
  125 124.5 3.57469 0.00155152
  126 125.5 3.61931 0.00157088
  127 126.5 3.67001 0.00159289
  128 127.5 3.748 0.00162674
  129 128.5 3.8407 0.00166697
  130 129.5 3.96429 0.00172061
  131 130.5 4.13977 0.00179677
  132 131.5 4.34998 0.00188801
  133 132.5 4.62173 0.00200596
  134 133.5 4.95166 0.00214916
  135 134.5 5.4425 0.0023622
  136 135.5 6.01219 0.00260946
  137 136.5 6.71467 0.00291435
  138 137.5 7.57727 0.00328874
  139 138.5 8.63214 0.00374659
  140 139.5 9.80104 0.00425392
  141 140.5 11.1552 0.00484166
  142 141.5 12.6437 0.00548773
  143 142.5 14.239 0.00618011
  144 143.5 15.9047 0.00690309
  145 144.5 17.5763 0.00762862
  146 145.5 19.3134 0.00838253
  147 146.5 20.9001 0.00907122
  148 147.5 22.3846 0.00971554
  149 148.5 23.7347 0.0103015
  150 149.5 25.0225 0.0108605
  151 150.5 26.0611 0.0113113
  152 151.5 26.9367 0.0116913
  153 152.5 27.7228 0.0120325
  154 153.5 28.3617 0.0123098
  155 154.5 28.8732 0.0125318
  156 155.5 29.3039 0.0127187
  157 156.5 29.6364 0.012863
  158 157.5 29.9191 0.0129857
  159 158.5 30.0774 0.0130544
  160 159.5 30.3106 0.0131557
  161 160.5 30.414 0.0132005
  162 161.5 30.4838 0.0132308
  163 162.5 30.5736 0.0132698
  164 163.5 30.6604 0.0133075
  165 164.5 30.6631 0.0133086
  166 165.5 30.7007 0.0133249
  167 166.5 30.764 0.0133524
  168 167.5 30.8086 0.0133718
  169 168.5 30.7816 0.01336
  170 169.5 30.8669 0.0133971
  171 170.5 30.8805 0.013403
  172 171.5 30.8626 0.0133952
  173 172.5 30.8882 0.0134064
  174 173.5 30.9119 0.0134166
  175 174.5 30.8613 0.0133946
  176 175.5 30.8767 0.0134014
  177 176.5 30.9097 0.0134157
  178 177.5 30.8948 0.0134092
  179 178.5 30.8866 0.0134056
  180 179.5 30.9067 0.0134144
  181 180.5 30.928 0.0134236
  182 181.5 30.904 0.0134132
  183 182.5 30.9242 0.0134219
  184 183.5 30.9611 0.013438
  185 184.5 30.9544 0.0134351
  186 185.5 30.9374 0.0134277
  187 186.5 30.9612 0.013438
  188 187.5 30.9919 0.0134514
  189 188.5 30.9681 0.013441
  190 189.5 30.9386 0.0134282
  191 190.5 30.9596 0.0134373
  192 191.5 30.9238 0.0134218
  193 192.5 30.9435 0.0134303
  194 193.5 30.926 0.0134228
  195 194.5 30.9381 0.013428
  196 195.5 30.9178 0.0134192
  197 196.5 30.9407 0.0134291
  198 197.5 30.9778 0.0134452
  199 198.5 30.8975 0.0134104
  200 199.5 30.8858 0.0134053
  201 200.5 30.9028 0.0134127
  202 201.5 30.8766 0.0134013
  203 202.5 30.8755 0.0134008
  204 203.5 30.8202 0.0133768
  205 204.5 30.7919 0.0133645
  206 205.5 30.7632 0.0133521
  207 206.5 30.7746 0.013357
  208 207.5 30.7595 0.0133505
  209 208.5 30.727 0.0133364
  210 209.5 30.6975 0.0133236
  211 210.5 30.7695 0.0133548
  212 211.5 30.7398 0.0133419
  213 212.5 30.7216 0.013334
  214 213.5 30.7272 0.0133365
  215 214.5 30.7754 0.0133574
  216 215.5 30.7337 0.0133393
  217 216.5 30.6849 0.0133181
  218 217.5 30.7318 0.0133384
  219 218.5 30.7671 0.0133538
  220 219.5 30.716 0.0133316
  221 220.5 30.6729 0.0133129
  222 221.5 30.7322 0.0133386
  223 222.5 30.7313 0.0133382
  224 223.5 30.7053 0.013327
  225 224.5 30.7033 0.0133261
  226 225.5 30.7726 0.0133562
  227 226.5 30.7867 0.0133623
  228 227.5 30.7844 0.0133613
  229 228.5 30.7774 0.0133583
  230 229.5 30.7966 0.0133666
  231 230.5 30.768 0.0133542
  232 231.5 30.8119 0.0133732
  233 232.5 30.7995 0.0133678
  234 233.5 30.808 0.0133715
  235 234.5 30.8139 0.0133741
  236 235.5 30.8591 0.0133937
  237 236.5 30.8158 0.0133749
  238 237.5 30.8337 0.0133827
  239 238.5 30.829 0.0133807
  240 239.5 30.8372 0.0133842
  241 240.5 30.8153 0.0133747
  242 241.5 30.7974 0.0133669
  243 242.5 30.7872 0.0133625
  244 243.5 30.8037 0.0133696
  245 244.5 30.6976 0.0133236
  246 245.5 30.7483 0.0133456
  247 246.5 30.7219 0.0133342
  248 247.5 30.6808 0.0133163
  249 248.5 30.6885 0.0133197
  250 249.5 30.6734 0.0133131
  251 250.5 30.6844 0.0133179
  252 251.5 30.6479 0.0133021
  253 252.5 30.6179 0.013289
  254 253.5 30.6167 0.0132885
  255 254.5 30.6343 0.0132961
  256 255.5 30.6211 0.0132904
  257 256.5 30.6438 0.0133002
  258 257.5 30.6688 0.0133111
  259 258.5 30.6363 0.013297
  260 259.5 30.6121 0.0132865
  261 260.5 30.637 0.0132973
  262 261.5 30.6443 0.0133005
  263 262.5 30.6063 0.013284
  264 263.5 30.6131 0.0132869
  265 264.5 30.6639 0.013309
  266 265.5 30.6643 0.0133091
  267 266.5 30.579 0.0132721
  268 267.5 30.6099 0.0132856
  269 268.5 30.6299 0.0132942
  270 269.5 30.5859 0.0132751
  271 270.5 30.5837 0.0132742
  272 271.5 30.6244 0.0132918
  273 272.5 30.6477 0.0133019
  274 273.5 30.5951 0.0132791
  275 274.5 30.6192 0.0132896
  276 275.5 30.6306 0.0132945
  277 276.5 30.6384 0.0132979
  278 277.5 30.6273 0.0132931
  279 278.5 30.6549 0.0133051
  280 279.5 30.6954 0.0133227
  281 280.5 30.6853 0.0133183
  282 281.5 30.6247 0.013292
  283 282.5 30.6626 0.0133084
  284 283.5 30.6718 0.0133124
  285 284.5 30.5785 0.0132719
  286 285.5 30.5057 0.0132403
  287 286.5 30.504 0.0132396
  288 287.5 30.3928 0.0131913
  289 288.5 30.2844 0.0131443
  290 289.5 30.1546 0.0130879
  291 290.5 30.0065 0.0130237
  292 291.5 29.8276 0.012946
  293 292.5 29.5543 0.0128274
  294 293.5 29.2633 0.0127011
  295 294.5 28.8306 0.0125133
  296 295.5 28.3972 0.0123252
  297 296.5 27.7555 0.0120467
  298 297.5 27.0293 0.0117315
  299 298.5 26.1344 0.011343
  300 299.5 25.1211 0.0109032
  301 300.5 23.8545 0.0103535
  302 301.5 22.4804 0.00975711
  303 302.5 20.9101 0.00907555
  304 303.5 19.2327 0.00834754
  305 304.5 17.4102 0.00755649
  306 305.5 15.5312 0.00674098
  307 306.5 13.6051 0.00590499
  308 307.5 11.6871 0.00507253
  309 308.5 9.81872 0.0042616
  310 309.5 8.1102 0.00352005
  311 310.5 6.56834 0.00285084
  312 311.5 5.2239 0.00226732
  313 312.5 4.06582 0.00176468
  314 313.5 3.15852 0.00137089
  315 314.5 2.42802 0.00105383
  316 315.5 1.8689 0.000811153
  317 316.5 1.46 0.00063368
  318 317.5 1.16588 0.000506026
  319 318.5 0.958272 0.000415917
  320 319.5 0.809482 0.000351338
  321 320.5 0.70753 0.000307088
  322 321.5 0.636198 0.000276128
  323 322.5 0.588726 0.000255523
  324 323.5 0.557924 0.000242155
  325 324.5 0.534182 0.00023185
  326 325.5 0.518916 0.000225224
  327 326.5 0.506694 0.000219919
  328 327.5 0.499762 0.000216911
  329 328.5 0.493808 0.000214326
  330 329.5 0.489112 0.000212288
  331 330.5 0.485086 0.000210541
  332 331.5 0.484202 0.000210157
  333 332.5 0.483456 0.000209833
  334 333.5 0.48784 0.000211736
  335 334.5 0.485834 0.000210865
  336 335.5 0.489392 0.00021241
  337 336.5 0.48926 0.000212352
  338 337.5 0.488934 0.000212211
  339 338.5 0.486032 0.000210951
  340 339.5 0.489942 0.000212648
  341 340.5 0.49371 0.000214284
  342 341.5 0.497634 0.000215987
  343 342.5 0.49247 0.000213746
  344 343.5 0.495172 0.000214918
  345 344.5 0.501896 0.000217837
  346 345.5 0.503244 0.000218422
  347 346.5 0.49983 0.00021694
  348 347.5 0.495404 0.000215019
  349 348.5 0.496456 0.000215476
  350 349.5 0.499246 0.000216687
  351 350.5 0.495322 0.000214984
  352 351.5 0.49831 0.00021628
  353 352.5 0.490028 0.000212686
  354 353.5 0.488342 0.000211954
  355 354.5 0.493272 0.000214094
  356 355.5 0.49622 0.000215373
  357 356.5 0.496808 0.000215628
  358 357.5 0.494164 0.000214481
  359 358.5 0.49386 0.000214349
  360 359.5 0.49586 0.000215217
  361 360.5 0.49087 0.000213051
  362 361.5 0.487044 0.000211391
  363 362.5 0.484298 0.000210199
  364 363.5 0.48979 0.000212582
  365 364.5 0.484054 0.000210093
  366 365.5 0.483394 0.000209806
  367 366.5 0.482788 0.000209543
  368 367.5 0.488836 0.000212168
  369 368.5 0.489688 0.000212538
  370 369.5 0.4897 0.000212543
  371 370.5 0.486884 0.000211321
  372 371.5 0.485486 0.000210714
  373 372.5 0.493904 0.000214368
  374 373.5 0.493054 0.000213999
  375 374.5 0.489676 0.000212533
  376 375.5 0.49048 0.000212882
  377 376.5 0.49057 0.000212921
  378 377.5 0.494532 0.000214641
  379 378.5 0.49446 0.000214609
  380 379.5 0.493854 0.000214346
  381 380.5 0.48862 0.000212075
  382 381.5 0.491042 0.000213126
  383 382.5 0.490186 0.000212754
  384 383.5 0.49144 0.000213299
  385 384.5 0.492314 0.000213678
  386 385.5 0.494278 0.00021453
  387 386.5 0.49086 0.000213047
  388 387.5 0.49189 0.000213494
  389 388.5 0.490714 0.000212984
  390 389.5 0.490644 0.000212953
  391 390.5 0.48844 0.000211997
  392 391.5 0.488674 0.000212098
  393 392.5 0.491264 0.000213222
  394 393.5 0.490144 0.000212736
  395 394.5 0.492166 0.000213614
  396 395.5 0.492858 0.000213914
  397 396.5 0.490286 0.000212798
  398 397.5 0.497794 0.000216056
  399 398.5 0.49867 0.000216437
  400 399.5 0.497562 0.000215956
  401 400.5 0.499824 0.000216938
  402 401.5 0.499988 0.000217009
  403 402.5 0.496358 0.000215433
  404 403.5 0.493954 0.00021439
  405 404.5 0.492938 0.000213949
  406 405.5 0.49289 0.000213928
  407 406.5 0.49485 0.000214779
  408 407.5 0.491222 0.000213204
  409 408.5 0.494362 0.000214567
  410 409.5 0.49421 0.000214501
  411 410.5 0.497832 0.000216073
  412 411.5 0.491696 0.00021341
  413 412.5 0.488132 0.000211863
  414 413.5 0.491202 0.000213195
  415 414.5 0.492762 0.000213872
  416 415.5 0.496214 0.000215371
  417 416.5 0.498374 0.000216308
  418 417.5 0.495626 0.000215115
  419 418.5 0.496592 0.000215535
  420 419.5 0.49989 0.000216966
  421 420.5 0.500664 0.000217302
  422 421.5 0.499348 0.000216731
  423 422.5 0.504376 0.000218913
  424 423.5 0.498666 0.000216435
  425 424.5 0.498084 0.000216182
  426 425.5 0.498276 0.000216266
  427 426.5 0.49488 0.000214792
  428 427.5 0.494592 0.000214667
  429 428.5 0.497904 0.000216104
  430 429.5 0.49279 0.000213885
  431 430.5 0.499542 0.000216815
  432 431.5 0.502922 0.000218282
  433 432.5 0.494064 0.000214438
  434 433.5 0.49646 0.000215477
  435 434.5 0.502918 0.00021828
  436 435.5 0.501812 0.0002178
  437 436.5 0.497316 0.000215849
  438 437.5 0.49208 0.000213576
  439 438.5 0.495752 0.00021517
  440 439.5 0.498566 0.000216391
  441 440.5 0.497614 0.000215978
  442 441.5 0.49949 0.000216793
  443 442.5 0.501622 0.000217718
  444 443.5 0.503124 0.00021837
  445 444.5 0.508118 0.000220537
  446 445.5 0.515034 0.000223539
  447 446.5 0.51958 0.000225512
  448 447.5 0.527104 0.000228778
  449 448.5 0.539312 0.000234076
  450 449.5 0.559708 0.000242929
  451 450.5 0.582744 0.000252927
  452 451.5 0.62458 0.000271085
  453 452.5 0.686736 0.000298062
  454 453.5 0.769396 0.000333939
  455 454.5 0.880688 0.000382243
  456 455.5 1.04229 0.000452382
  457 456.5 1.25318 0.000543913
  458 457.5 1.5284 0.000663367
  459 458.5 1.88894 0.000819851
  460 459.5 2.30633 0.00100101
  461 460.5 2.7754 0.0012046
  462 461.5 3.25591 0.00141315
  463 462.5 3.72701 0.00161763
  464 463.5 4.14699 0.00179991
  465 464.5 4.48667 0.00194734
  466 465.5 4.72474 0.00205067
  467 466.5 4.86402 0.00211112
  468 467.5 4.89742 0.00212562
  469 468.5 4.85408 0.00210681
  470 469.5 4.73411 0.00205473
  471 470.5 4.59538 0.00199452
  472 471.5 4.45684 0.00193439
  473 472.5 4.28736 0.00186083
  474 473.5 4.11637 0.00178662
  475 474.5 3.97389 0.00172478
  476 475.5 3.84401 0.00166841
  477 476.5 3.7311 0.0016194
  478 477.5 3.64609 0.0015825
  479 478.5 3.59145 0.00155879
  480 479.5 3.53286 0.00153336
