# Chunk-averaged data for fix tensor2 and group c1
# Timestep Number-of-chunks Total-count
# Chunk Coord1 Ncount density/number
20000000 480 4928
  1 0.5 22.4093 0.00972628
  2 1.5 21.663 0.00940235
  3 2.5 20.8724 0.00905921
  4 3.5 20.016 0.00868748
  5 4.5 19.0299 0.0082595
  6 5.5 18.0528 0.0078354
  7 6.5 17.0291 0.00739111
  8 7.5 15.9641 0.00692884
  9 8.5 14.9075 0.00647028
  10 9.5 13.8361 0.00600527
  11 10.5 12.8299 0.00556851
  12 11.5 11.8032 0.00512292
  13 12.5 10.8332 0.0047019
  14 13.5 9.93685 0.00431287
  15 14.5 9.0974 0.00394853
  16 15.5 8.31443 0.0036087
  17 16.5 7.60332 0.00330005
  18 17.5 6.96612 0.00302349
  19 18.5 6.40965 0.00278196
  20 19.5 5.91588 0.00256766
  21 20.5 5.48575 0.00238097
  22 21.5 5.11244 0.00221894
  23 22.5 4.80158 0.00208402
  24 23.5 4.53419 0.00196796
  25 24.5 4.30448 0.00186826
  26 25.5 4.1341 0.00179432
  27 26.5 3.9713 0.00172366
  28 27.5 3.85642 0.00167379
  29 28.5 3.7728 0.0016375
  30 29.5 3.68412 0.00159901
  31 30.5 3.62453 0.00157314
  32 31.5 3.5793 0.00155351
  33 32.5 3.53764 0.00153543
  34 33.5 3.50316 0.00152047
  35 34.5 3.46881 0.00150556
  36 35.5 3.44882 0.00149688
  37 36.5 3.42353 0.00148591
  38 37.5 3.42417 0.00148618
  39 38.5 3.41384 0.0014817
  40 39.5 3.4041 0.00147747
  41 40.5 3.40858 0.00147942
  42 41.5 3.3991 0.0014753
  43 42.5 3.39921 0.00147535
  44 43.5 3.39307 0.00147269
  45 44.5 3.40508 0.0014779
  46 45.5 3.40103 0.00147614
  47 46.5 3.41376 0.00148167
  48 47.5 3.41305 0.00148136
  49 48.5 3.40321 0.00147709
  50 49.5 3.41181 0.00148082
  51 50.5 3.40422 0.00147753
  52 51.5 3.39356 0.0014729
  53 52.5 3.39167 0.00147208
  54 53.5 3.38383 0.00146867
  55 54.5 3.383 0.00146832
  56 55.5 3.36679 0.00146128
  57 56.5 3.37066 0.00146296
  58 57.5 3.36469 0.00146037
  59 58.5 3.3665 0.00146115
  60 59.5 3.3721 0.00146359
  61 60.5 3.37761 0.00146598
  62 61.5 3.3636 0.0014599
  63 62.5 3.36191 0.00145916
  64 63.5 3.3621 0.00145925
  65 64.5 3.35685 0.00145697
  66 65.5 3.34955 0.0014538
  67 66.5 3.35114 0.00145449
  68 67.5 3.34981 0.00145391
  69 68.5 3.36247 0.00145941
  70 69.5 3.34821 0.00145322
  71 70.5 3.33761 0.00144861
  72 71.5 3.34355 0.00145119
  73 72.5 3.3448 0.00145173
  74 73.5 3.3488 0.00145347
  75 74.5 3.35391 0.00145569
  76 75.5 3.35547 0.00145637
  77 76.5 3.36183 0.00145913
  78 77.5 3.35939 0.00145807
  79 78.5 3.36468 0.00146037
  80 79.5 3.37115 0.00146317
  81 80.5 3.37344 0.00146417
  82 81.5 3.36838 0.00146197
  83 82.5 3.36808 0.00146184
  84 83.5 3.37736 0.00146587
  85 84.5 3.36207 0.00145923
  86 85.5 3.35961 0.00145816
  87 86.5 3.35134 0.00145457
  88 87.5 3.35797 0.00145745
  89 88.5 3.35902 0.00145791
  90 89.5 3.3361 0.00144796
  91 90.5 3.3366 0.00144818
  92 91.5 3.34384 0.00145132
  93 92.5 3.34533 0.00145197
  94 93.5 3.34029 0.00144978
  95 94.5 3.34375 0.00145128
  96 95.5 3.34647 0.00145246
  97 96.5 3.33848 0.00144899
  98 97.5 3.34335 0.00145111
  99 98.5 3.3522 0.00145495
  100 99.5 3.35936 0.00145805
  101 100.5 3.36509 0.00146054
  102 101.5 3.36966 0.00146253
  103 102.5 3.36177 0.0014591
  104 103.5 3.3677 0.00146168
  105 104.5 3.36326 0.00145975
  106 105.5 3.37706 0.00146574
  107 106.5 3.38347 0.00146852
  108 107.5 3.37931 0.00146672
  109 108.5 3.38515 0.00146925
  110 109.5 3.38337 0.00146847
  111 110.5 3.37631 0.00146541
  112 111.5 3.38512 0.00146924
  113 112.5 3.37127 0.00146322
  114 113.5 3.36843 0.00146199
  115 114.5 3.36341 0.00145981
  116 115.5 3.37232 0.00146368
  117 116.5 3.38394 0.00146872
  118 117.5 3.37533 0.00146499
  119 118.5 3.37729 0.00146584
  120 119.5 3.3738 0.00146432
  121 120.5 3.37493 0.00146481
  122 121.5 3.37589 0.00146523
  123 122.5 3.38011 0.00146706
  124 123.5 3.3754 0.00146502
  125 124.5 3.3708 0.00146302
  126 125.5 3.37134 0.00146326
  127 126.5 3.36094 0.00145874
  128 127.5 3.37231 0.00146367
  129 128.5 3.37462 0.00146468
  130 129.5 3.36347 0.00145984
  131 130.5 3.36811 0.00146185
  132 131.5 3.3696 0.0014625
  133 132.5 3.36192 0.00145917
  134 133.5 3.35826 0.00145758
  135 134.5 3.34929 0.00145369
  136 135.5 3.33817 0.00144886
  137 136.5 3.35487 0.00145611
  138 137.5 3.34059 0.00144991
  139 138.5 3.3417 0.00145039
  140 139.5 3.3424 0.0014507
  141 140.5 3.33819 0.00144887
  142 141.5 3.3362 0.001448
  143 142.5 3.32697 0.001444
  144 143.5 3.3284 0.00144462
  145 144.5 3.32964 0.00144516
  146 145.5 3.32765 0.00144429
  147 146.5 3.34424 0.00145149
  148 147.5 3.34892 0.00145353
  149 148.5 3.33703 0.00144836
  150 149.5 3.34409 0.00145143
  151 150.5 3.34068 0.00144995
  152 151.5 3.34258 0.00145077
  153 152.5 3.34331 0.00145109
  154 153.5 3.35632 0.00145673
  155 154.5 3.36787 0.00146175
  156 155.5 3.38481 0.0014691
  157 156.5 3.39123 0.00147189
  158 157.5 3.40697 0.00147872
  159 158.5 3.42534 0.00148669
  160 159.5 3.44352 0.00149458
  161 160.5 3.4723 0.00150708
  162 161.5 3.49352 0.00151628
  163 162.5 3.51526 0.00152572
  164 163.5 3.5583 0.0015444
  165 164.5 3.59287 0.00155941
  166 165.5 3.64964 0.00158405
  167 166.5 3.73146 0.00161956
  168 167.5 3.8333 0.00166376
  169 168.5 3.9607 0.00171906
  170 169.5 4.1223 0.00178919
  171 170.5 4.31626 0.00187338
  172 171.5 4.5568 0.00197778
  173 172.5 4.84566 0.00210315
  174 173.5 5.21415 0.00226309
  175 174.5 5.63165 0.00244429
  176 175.5 6.13281 0.00266181
  177 176.5 6.70592 0.00291056
  178 177.5 7.36373 0.00319606
  179 178.5 8.11358 0.00352152
  180 179.5 8.94806 0.00388371
  181 180.5 9.84388 0.00427252
  182 181.5 10.7959 0.00468573
  183 182.5 11.8103 0.00512602
  184 183.5 12.8542 0.00557906
  185 184.5 13.945 0.00605252
  186 185.5 15.0429 0.00652904
  187 186.5 16.1112 0.00699269
  188 187.5 17.1417 0.00743999
  189 188.5 18.1619 0.00788278
  190 189.5 19.1277 0.00830197
  191 190.5 20.0279 0.00869268
  192 191.5 20.9338 0.00908586
  193 192.5 21.7246 0.00942909
  194 193.5 22.4562 0.00974663
  195 194.5 23.1368 0.010042
  196 195.5 23.7691 0.0103165
  197 196.5 24.3427 0.0105654
  198 197.5 24.8546 0.0107876
  199 198.5 25.3209 0.01099
  200 199.5 25.7599 0.0111805
  201 200.5 26.2126 0.011377
  202 201.5 26.5817 0.0115372
  203 202.5 26.9454 0.011695
  204 203.5 27.4147 0.0118988
  205 204.5 27.8848 0.0121028
  206 205.5 28.2618 0.0122664
  207 206.5 28.7352 0.0124719
  208 207.5 29.1632 0.0126576
  209 208.5 29.3105 0.0127216
  210 209.5 28.7203 0.0124654
  211 210.5 27.0357 0.0117342
  212 211.5 23.9936 0.0104139
  213 212.5 19.5697 0.00849379
  214 213.5 14.6456 0.00635658
  215 214.5 9.99002 0.00433595
  216 215.5 6.23344 0.00270549
  217 216.5 3.68985 0.0016015
  218 217.5 2.23303 0.000969196
  219 218.5 1.18989 0.000516447
  220 219.5 0.563578 0.000244609
  221 220.5 0.264844 0.00011495
  222 221.5 0.209956 9.11267e-05
  223 222.5 0.17229 7.47786e-05
  224 223.5 0.284074 0.000123296
  225 224.5 0.298272 0.000129458
  226 225.5 0.218156 9.46858e-05
  227 226.5 0.200098 8.68481e-05
  228 227.5 0.1088 4.72222e-05
  229 228.5 0.096988 4.20955e-05
  230 229.5 0.082894 3.59783e-05
  231 230.5 0.195606 8.48984e-05
  232 231.5 0.488248 0.000211913
  233 232.5 0.52487 0.000227808
  234 233.5 0.36743 0.000159475
  235 234.5 0.25989 0.000112799
  236 235.5 0.134916 5.85573e-05
  237 236.5 0.079094 3.4329e-05
  238 237.5 0.23493 0.000101966
  239 238.5 0.291778 0.00012664
  240 239.5 0.361576 0.000156934
  241 240.5 0.845246 0.00036686
  242 241.5 0.936224 0.000406347
  243 242.5 0.6278 0.000272483
  244 243.5 0.63911 0.000277391
  245 244.5 0.648022 0.00028126
  246 245.5 0.699984 0.000303812
  247 246.5 0.70927 0.000307843
  248 247.5 0.470898 0.000204383
  249 248.5 0.296534 0.000128704
  250 249.5 0.156684 6.80052e-05
  251 250.5 0.040312 1.74965e-05
  252 251.5 0.166706 7.2355e-05
  253 252.5 0.302936 0.000131483
  254 253.5 0.223336 9.6934e-05
  255 254.5 0.406946 0.000176626
  256 255.5 0.981498 0.000425997
  257 256.5 1.2583 0.000546137
  258 257.5 1.09336 0.000474548
  259 258.5 0.80693 0.00035023
  260 259.5 0.496974 0.000215701
  261 260.5 0.200282 8.6928e-05
  262 261.5 0.052492 2.2783e-05
  263 262.5 0.087068 3.77899e-05
  264 263.5 0.263322 0.000114289
  265 264.5 0.375506 0.00016298
  266 265.5 0.45947 0.000199423
  267 266.5 0.383272 0.000166351
  268 267.5 0.243504 0.000105688
  269 268.5 0.1293 5.61198e-05
  270 269.5 0.056306 2.44384e-05
  271 270.5 0.028396 1.23247e-05
  272 271.5 0.204776 8.88785e-05
  273 272.5 0.305376 0.000132542
  274 273.5 0.204036 8.85573e-05
  275 274.5 0.148594 6.44939e-05
  276 275.5 0.13374 5.80469e-05
  277 276.5 0.332612 0.000144363
  278 277.5 0.78692 0.000341545
  279 278.5 1.01758 0.000441659
  280 279.5 0.831862 0.000361051
  281 280.5 0.565202 0.000245313
  282 281.5 0.440846 0.000191339
  283 282.5 0.397164 0.00017238
  284 283.5 0.257754 0.000111872
  285 284.5 0.19405 8.42231e-05
  286 285.5 0.318488 0.000138233
  287 286.5 0.358844 0.000155748
  288 287.5 0.207778 9.01814e-05
  289 288.5 0.150716 6.54149e-05
  290 289.5 0.094992 4.12292e-05
  291 290.5 0.023892 1.03698e-05
  292 291.5 0.003008 1.30556e-06
  293 292.5 0.131142 5.69193e-05
  294 293.5 0.354992 0.000154076
  295 294.5 0.614708 0.0002668
  296 295.5 0.745642 0.000323629
  297 296.5 0.546748 0.000237304
  298 297.5 0.36204 0.000157135
  299 298.5 0.361332 0.000156828
  300 299.5 0.36096 0.000156667
  301 300.5 0.219354 9.52057e-05
  302 301.5 0.159688 6.9309e-05
  303 302.5 0.105732 4.58906e-05
  304 303.5 0.034634 1.50321e-05
  305 304.5 0.072758 3.1579e-05
  306 305.5 0.277646 0.000120506
  307 306.5 0.480574 0.000208582
  308 307.5 0.50365 0.000218598
  309 308.5 0.484126 0.000210124
  310 309.5 0.521966 0.000226548
  311 310.5 0.513408 0.000222833
  312 311.5 0.494462 0.00021461
  313 312.5 0.328576 0.000142611
  314 313.5 0.355762 0.000154411
  315 314.5 0.44051 0.000191194
  316 315.5 0.626652 0.000271984
  317 316.5 1.29812 0.000563421
  318 317.5 1.47817 0.000641567
  319 318.5 1.15325 0.000500542
  320 319.5 0.990264 0.000429802
  321 320.5 0.8381 0.000363759
  322 321.5 0.980504 0.000425566
  323 322.5 1.05422 0.000457561
  324 323.5 0.880652 0.000382227
  325 324.5 0.635706 0.000275914
  326 325.5 0.380248 0.000165038
  327 326.5 0.160608 6.97083e-05
  328 327.5 0.153684 6.67031e-05
  329 328.5 0.278996 0.000121092
  330 329.5 0.255144 0.00011074
  331 330.5 0.179344 7.78403e-05
  332 331.5 0.29605 0.000128494
  333 332.5 0.785732 0.00034103
  334 333.5 0.864502 0.000375218
  335 334.5 0.58746 0.000254974
  336 335.5 0.596784 0.000259021
  337 336.5 0.617894 0.000268183
  338 337.5 0.504998 0.000219183
  339 338.5 0.422388 0.000183328
  340 339.5 0.282034 0.000122411
  341 340.5 0.156218 6.7803e-05
  342 341.5 0.077396 3.3592e-05
  343 342.5 0.261538 0.000113515
  344 343.5 0.564282 0.000244914
  345 344.5 0.499928 0.000216983
  346 345.5 0.567356 0.000246248
  347 346.5 0.772286 0.000335194
  348 347.5 0.617104 0.00026784
  349 348.5 0.680486 0.00029535
  350 349.5 1.20721 0.000523962
  351 350.5 1.39632 0.000606043
  352 351.5 1.15669 0.000502036
  353 352.5 1.1045 0.000479385
  354 353.5 1.32595 0.000575499
  355 354.5 1.96131 0.000851263
  356 355.5 3.38893 0.00147089
  357 356.5 5.79809 0.00251653
  358 357.5 9.3417 0.00405456
  359 358.5 13.9418 0.00605114
  360 359.5 18.653 0.00809591
  361 360.5 22.7323 0.00986646
  362 361.5 25.8811 0.0112331
  363 362.5 27.8504 0.0120879
  364 363.5 28.8372 0.0125162
  365 364.5 29.0938 0.0126275
  366 365.5 29.0029 0.0125881
  367 366.5 28.7508 0.0124787
  368 367.5 28.3898 0.012322
  369 368.5 28.0638 0.0121805
  370 369.5 27.8289 0.0120785
  371 370.5 27.5963 0.0119776
  372 371.5 27.4107 0.011897
  373 372.5 27.2762 0.0118386
  374 373.5 27.1465 0.0117823
  375 374.5 27.0587 0.0117442
  376 375.5 26.9676 0.0117047
  377 376.5 26.9027 0.0116765
  378 377.5 26.895 0.0116732
  379 378.5 26.8285 0.0116443
  380 379.5 26.7762 0.0116216
  381 380.5 26.7442 0.0116077
  382 381.5 26.7475 0.0116092
  383 382.5 26.7376 0.0116049
  384 383.5 26.6939 0.0115859
  385 384.5 26.7142 0.0115947
  386 385.5 26.6988 0.011588
  387 386.5 26.6735 0.011577
  388 387.5 26.7023 0.0115895
  389 388.5 26.6756 0.011578
  390 389.5 26.6645 0.0115731
  391 390.5 26.6648 0.0115733
  392 391.5 26.6769 0.0115785
  393 392.5 26.6631 0.0115725
  394 393.5 26.6475 0.0115658
  395 394.5 26.6618 0.011572
  396 395.5 26.6577 0.0115702
  397 396.5 26.6461 0.0115652
  398 397.5 26.6581 0.0115704
  399 398.5 26.6736 0.0115771
  400 399.5 26.6421 0.0115634
  401 400.5 26.6706 0.0115758
  402 401.5 26.6459 0.0115651
  403 402.5 26.6692 0.0115752
  404 403.5 26.6565 0.0115697
  405 404.5 26.6596 0.011571
  406 405.5 26.67 0.0115755
  407 406.5 26.673 0.0115768
  408 407.5 26.6502 0.0115669
  409 408.5 26.6317 0.0115589
  410 409.5 26.6763 0.0115782
  411 410.5 26.6715 0.0115762
  412 411.5 26.6067 0.011548
  413 412.5 26.6622 0.0115721
  414 413.5 26.6648 0.0115733
  415 414.5 26.6376 0.0115614
  416 415.5 26.6253 0.0115561
  417 416.5 26.6315 0.0115588
  418 417.5 26.6663 0.0115739
  419 418.5 26.643 0.0115638
  420 419.5 26.6227 0.011555
  421 420.5 26.6626 0.0115723
  422 421.5 26.6706 0.0115758
  423 422.5 26.658 0.0115703
  424 423.5 26.6708 0.0115759
  425 424.5 26.6691 0.0115751
  426 425.5 26.659 0.0115707
  427 426.5 26.658 0.0115703
  428 427.5 26.6644 0.0115731
  429 428.5 26.6454 0.0115648
  430 429.5 26.6572 0.01157
  431 430.5 26.6343 0.01156
  432 431.5 26.6784 0.0115792
  433 432.5 26.6561 0.0115695
  434 433.5 26.6461 0.0115651
  435 434.5 26.6737 0.0115771
  436 435.5 26.6886 0.0115836
  437 436.5 26.6812 0.0115804
  438 437.5 26.6209 0.0115542
  439 438.5 26.6468 0.0115655
  440 439.5 26.7051 0.0115907
  441 440.5 26.6526 0.011568
  442 441.5 26.6109 0.0115499
  443 442.5 26.673 0.0115768
  444 443.5 26.6811 0.0115803
  445 444.5 26.6311 0.0115587
  446 445.5 26.662 0.0115721
  447 446.5 26.6653 0.0115735
  448 447.5 26.6766 0.0115784
  449 448.5 26.6576 0.0115701
  450 449.5 26.6563 0.0115696
  451 450.5 26.6952 0.0115865
  452 451.5 26.681 0.0115803
  453 452.5 26.6284 0.0115575
  454 453.5 26.6599 0.0115711
  455 454.5 26.6731 0.0115769
  456 455.5 26.6747 0.0115775
  457 456.5 26.6351 0.0115604
  458 457.5 26.6831 0.0115812
  459 458.5 26.6552 0.0115691
  460 459.5 26.6384 0.0115618
  461 460.5 26.5964 0.0115436
  462 461.5 26.5935 0.0115423
  463 462.5 26.5539 0.0115251
  464 463.5 26.5257 0.0115129
  465 464.5 26.5272 0.0115135
  466 465.5 26.4599 0.0114843
  467 466.5 26.4149 0.0114648
  468 467.5 26.3535 0.0114381
  469 468.5 26.2899 0.0114106
  470 469.5 26.16 0.0113542
  471 470.5 26.0142 0.0112909
  472 471.5 25.9095 0.0112454
  473 472.5 25.7384 0.0111712
  474 473.5 25.511 0.0110725
  475 474.5 25.2474 0.0109581
  476 475.5 24.9362 0.010823
  477 476.5 24.5744 0.010666
  478 477.5 24.1292 0.0104727
  479 478.5 23.6193 0.0102514
  480 479.5 23.0637 0.0100103
30000000 480 4928
  1 0.5 25.0313 0.0108643
  2 1.5 24.6929 0.0107174
  3 2.5 24.2801 0.0105382
  4 3.5 23.7632 0.0103139
  5 4.5 23.1776 0.0100597
  6 5.5 22.4907 0.00976159
  7 6.5 21.7324 0.00943248
  8 7.5 20.8622 0.00905477
  9 8.5 19.9124 0.00864253
  10 9.5 18.8388 0.00817658
  11 10.5 17.7584 0.00770766
  12 11.5 16.5997 0.00720471
  13 12.5 15.4109 0.00668876
  14 13.5 14.2245 0.00617384
  15 14.5 13.0407 0.00566001
  16 15.5 11.8686 0.00515132
  17 16.5 10.8006 0.00468777
  18 17.5 9.78063 0.00424506
  19 18.5 8.8315 0.00383312
  20 19.5 7.98763 0.00346685
  21 20.5 7.2628 0.00315226
  22 21.5 6.58683 0.00285887
  23 22.5 6.02059 0.00261311
  24 23.5 5.55481 0.00241094
  25 24.5 5.14874 0.0022347
  26 25.5 4.79497 0.00208115
  27 26.5 4.51885 0.00196131
  28 27.5 4.27274 0.00185449
  29 28.5 4.0764 0.00176927
  30 29.5 3.93017 0.0017058
  31 30.5 3.81254 0.00165475
  32 31.5 3.71198 0.0016111
  33 32.5 3.65176 0.00158496
  34 33.5 3.57539 0.00155182
  35 34.5 3.53591 0.00153468
  36 35.5 3.48704 0.00151347
  37 36.5 3.45147 0.00149803
  38 37.5 3.42722 0.00148751
  39 38.5 3.4129 0.0014813
  40 39.5 3.39813 0.00147488
  41 40.5 3.38231 0.00146801
  42 41.5 3.38144 0.00146764
  43 42.5 3.3877 0.00147036
  44 43.5 3.38223 0.00146798
  45 44.5 3.37291 0.00146394
  46 45.5 3.37671 0.00146559
  47 46.5 3.36561 0.00146077
  48 47.5 3.35042 0.00145417
  49 48.5 3.35165 0.00145471
  50 49.5 3.35456 0.00145597
  51 50.5 3.34591 0.00145222
  52 51.5 3.33728 0.00144847
  53 52.5 3.35037 0.00145415
  54 53.5 3.34002 0.00144966
  55 54.5 3.33995 0.00144963
  56 55.5 3.34289 0.00145091
  57 56.5 3.34146 0.00145029
  58 57.5 3.337 0.00144835
  59 58.5 3.33397 0.00144703
  60 59.5 3.33502 0.00144749
  61 60.5 3.3454 0.00145199
  62 61.5 3.34138 0.00145025
  63 62.5 3.34457 0.00145164
  64 63.5 3.33222 0.00144628
  65 64.5 3.33131 0.00144588
  66 65.5 3.31973 0.00144085
  67 66.5 3.32914 0.00144494
  68 67.5 3.32129 0.00144153
  69 68.5 3.32947 0.00144508
  70 69.5 3.32011 0.00144102
  71 70.5 3.32306 0.0014423
  72 71.5 3.32565 0.00144342
  73 72.5 3.34377 0.00145129
  74 73.5 3.34052 0.00144988
  75 74.5 3.33901 0.00144922
  76 75.5 3.33176 0.00144608
  77 76.5 3.32425 0.00144282
  78 77.5 3.34398 0.00145138
  79 78.5 3.34258 0.00145077
  80 79.5 3.34954 0.00145379
  81 80.5 3.35166 0.00145471
  82 81.5 3.35412 0.00145578
  83 82.5 3.37635 0.00146543
  84 83.5 3.36355 0.00145988
  85 84.5 3.35911 0.00145795
  86 85.5 3.35941 0.00145808
  87 86.5 3.3573 0.00145716
  88 87.5 3.34288 0.0014509
  89 88.5 3.33781 0.0014487
  90 89.5 3.33897 0.0014492
  91 90.5 3.34504 0.00145184
  92 91.5 3.34051 0.00144987
  93 92.5 3.3465 0.00145247
  94 93.5 3.34768 0.00145299
  95 94.5 3.34675 0.00145258
  96 95.5 3.33752 0.00144858
  97 96.5 3.34298 0.00145095
  98 97.5 3.34486 0.00145176
  99 98.5 3.33374 0.00144693
  100 99.5 3.32836 0.0014446
  101 100.5 3.33787 0.00144873
  102 101.5 3.33198 0.00144617
  103 102.5 3.34201 0.00145053
  104 103.5 3.32518 0.00144322
  105 104.5 3.33352 0.00144684
  106 105.5 3.3451 0.00145187
  107 106.5 3.35029 0.00145412
  108 107.5 3.347 0.00145269
  109 108.5 3.35303 0.00145531
  110 109.5 3.35358 0.00145555
  111 110.5 3.36505 0.00146052
  112 111.5 3.36592 0.0014609
  113 112.5 3.36314 0.0014597
  114 113.5 3.36928 0.00146236
  115 114.5 3.37625 0.00146539
  116 115.5 3.37642 0.00146546
  117 116.5 3.37533 0.00146499
  118 117.5 3.38353 0.00146855
  119 118.5 3.3808 0.00146736
  120 119.5 3.37978 0.00146692
  121 120.5 3.38789 0.00147044
  122 121.5 3.39278 0.00147256
  123 122.5 3.38425 0.00146886
  124 123.5 3.38878 0.00147083
  125 124.5 3.37626 0.00146539
  126 125.5 3.38023 0.00146711
  127 126.5 3.38189 0.00146784
  128 127.5 3.38405 0.00146877
  129 128.5 3.3816 0.00146771
  130 129.5 3.37707 0.00146574
  131 130.5 3.37535 0.001465
  132 131.5 3.36859 0.00146206
  133 132.5 3.36384 0.00146
  134 133.5 3.37214 0.0014636
  135 134.5 3.3799 0.00146697
  136 135.5 3.37172 0.00146342
  137 136.5 3.38249 0.0014681
  138 137.5 3.3705 0.00146289
  139 138.5 3.37871 0.00146645
  140 139.5 3.36751 0.00146159
  141 140.5 3.36667 0.00146123
  142 141.5 3.37053 0.0014629
  143 142.5 3.36627 0.00146105
  144 143.5 3.36642 0.00146112
  145 144.5 3.36204 0.00145922
  146 145.5 3.35857 0.00145771
  147 146.5 3.36089 0.00145872
  148 147.5 3.35424 0.00145583
  149 148.5 3.35763 0.00145731
  150 149.5 3.36215 0.00145927
  151 150.5 3.35908 0.00145794
  152 151.5 3.3564 0.00145677
  153 152.5 3.36203 0.00145922
  154 153.5 3.35521 0.00145626
  155 154.5 3.36015 0.0014584
  156 155.5 3.3751 0.00146489
  157 156.5 3.36931 0.00146237
  158 157.5 3.36839 0.00146197
  159 158.5 3.36847 0.00146201
  160 159.5 3.38255 0.00146812
  161 160.5 3.38759 0.00147031
  162 161.5 3.40526 0.00147798
  163 162.5 3.41617 0.00148271
  164 163.5 3.41885 0.00148387
  165 164.5 3.43345 0.00149021
  166 165.5 3.43659 0.00149158
  167 166.5 3.45674 0.00150032
  168 167.5 3.48719 0.00151354
  169 168.5 3.52273 0.00152896
  170 169.5 3.56108 0.00154561
  171 170.5 3.60798 0.00156596
  172 171.5 3.65561 0.00158664
  173 172.5 3.73378 0.00162056
  174 173.5 3.85106 0.00167147
  175 174.5 3.97122 0.00172362
  176 175.5 4.1343 0.0017944
  177 176.5 4.33518 0.00188159
  178 177.5 4.59353 0.00199372
  179 178.5 4.90208 0.00212764
  180 179.5 5.29262 0.00229714
  181 180.5 5.7791 0.00250829
  182 181.5 6.35486 0.00275819
  183 182.5 7.0267 0.00304978
  184 183.5 7.79543 0.00338343
  185 184.5 8.68757 0.00377065
  186 185.5 9.669 0.00419661
  187 186.5 10.7625 0.00467122
  188 187.5 11.9388 0.00518179
  189 188.5 13.1385 0.00570247
  190 189.5 14.364 0.00623438
  191 190.5 15.6223 0.00678049
  192 191.5 16.8876 0.00732968
  193 192.5 18.1152 0.0078625
  194 193.5 19.2331 0.00834771
  195 194.5 20.3053 0.00881308
  196 195.5 21.3095 0.00924893
  197 196.5 22.2132 0.00964116
  198 197.5 23.035 0.00999782
  199 198.5 23.7721 0.0103177
  200 199.5 24.4581 0.0106155
  201 200.5 25.045 0.0108702
  202 201.5 25.5984 0.0111104
  203 202.5 26.112 0.0113333
  204 203.5 26.5796 0.0115363
  205 204.5 27.0737 0.0117507
  206 205.5 27.578 0.0119696
  207 206.5 28.0576 0.0121778
  208 207.5 28.5341 0.0123846
  209 208.5 29.0452 0.0126064
  210 209.5 29.4483 0.0127814
  211 210.5 29.354 0.0127405
  212 211.5 28.1693 0.0122263
  213 212.5 25.6029 0.0111124
  214 213.5 21.3585 0.00927019
  215 214.5 15.8706 0.00688828
  216 215.5 10.5246 0.00456798
  217 216.5 6.21655 0.00269816
  218 217.5 3.25981 0.00141485
  219 218.5 1.63433 0.000709344
  220 219.5 0.737178 0.000319956
  221 220.5 0.293598 0.00012743
  222 221.5 0.121666 5.28064e-05
  223 222.5 0.065906 2.8605e-05
  224 223.5 0.01649 7.15712e-06
  225 224.5 0.101652 4.41198e-05
  226 225.5 0.438606 0.000190367
  227 226.5 0.324594 0.000140883
  228 227.5 0.136438 5.92179e-05
  229 228.5 0.031898 1.38446e-05
  230 229.5 0.001186 5.14757e-07
  231 230.5 0.000682 2.96007e-07
  232 231.5 0.031882 1.38377e-05
  233 232.5 0.32182 0.000139679
  234 233.5 0.74615 0.00032385
  235 234.5 0.590006 0.000256079
  236 235.5 0.24501 0.000106341
  237 236.5 0.060714 2.63516e-05
  238 237.5 0.00708 3.07292e-06
  239 238.5 0.087406 3.79366e-05
  240 239.5 0.418864 0.000181799
  241 240.5 0.335008 0.000145403
  242 241.5 0.42206 0.000183186
  243 242.5 1.26283 0.000548103
  244 243.5 0.96476 0.000418733
  245 244.5 0.476208 0.000206688
  246 245.5 0.502296 0.00021801
  247 246.5 0.546808 0.00023733
  248 247.5 0.936844 0.000406616
  249 248.5 0.68857 0.000298859
  250 249.5 0.28096 0.000121944
  251 250.5 0.070326 3.05234e-05
  252 251.5 0.004162 1.80642e-06
  253 252.5 0.026368 1.14444e-05
  254 253.5 0.278932 0.000121064
  255 254.5 0.421784 0.000183066
  256 255.5 0.224294 9.73498e-05
  257 256.5 0.488172 0.00021188
  258 257.5 1.46083 0.00063404
  259 258.5 1.53334 0.000665513
  260 259.5 1.04997 0.000455718
  261 260.5 0.402666 0.000174768
  262 261.5 0.102616 4.45382e-05
  263 262.5 0.010538 4.57378e-06
  264 263.5 0.00674 2.92535e-06
  265 264.5 0.135632 5.88681e-05
  266 265.5 0.459024 0.000199229
  267 266.5 0.445548 0.00019338
  268 267.5 0.564918 0.00024519
  269 268.5 0.273684 0.000118786
  270 269.5 0.099474 4.31745e-05
  271 270.5 0.014898 6.46615e-06
  272 271.5 0.00149 6.46701e-07
  273 272.5 0.051868 2.25122e-05
  274 273.5 0.363366 0.000157711
  275 274.5 0.370862 0.000160964
  276 275.5 0.163058 7.07717e-05
  277 276.5 0.049598 2.15269e-05
  278 277.5 0.083462 3.62248e-05
  279 278.5 0.560824 0.000243413
  280 279.5 1.19153 0.000517159
  281 280.5 1.24978 0.000542437
  282 281.5 0.65896 0.000286007
  283 282.5 0.230018 9.98342e-05
  284 283.5 0.226402 9.82648e-05
  285 284.5 0.453778 0.000196952
  286 285.5 0.241054 0.000104624
  287 286.5 0.137982 5.9888e-05
  288 287.5 0.359988 0.000156245
  289 288.5 0.381712 0.000165674
  290 289.5 0.170186 7.38655e-05
  291 290.5 0.05128 2.22569e-05
  292 291.5 0.002924 1.2691e-06
  293 292.5 6.8e-05 2.95139e-08
  294 293.5 0.01467 6.36719e-06
  295 294.5 0.21347 9.26519e-05
  296 295.5 0.567898 0.000246484
  297 296.5 0.872922 0.000378872
  298 297.5 0.838282 0.000363838
  299 298.5 0.368118 0.000159773
  300 299.5 0.141836 6.15608e-05
  301 300.5 0.29392 0.000127569
  302 301.5 0.419284 0.000181981
  303 302.5 0.196312 8.52049e-05
  304 303.5 0.067862 2.9454e-05
  305 304.5 0.005358 2.32552e-06
  306 305.5 0.005404 2.34549e-06
  307 306.5 0.11935 5.18012e-05
  308 307.5 0.493048 0.000213997
  309 308.5 0.647102 0.00028086
  310 309.5 0.52097 0.000226115
  311 310.5 0.436794 0.000189581
  312 311.5 0.506156 0.000219686
  313 312.5 0.53161 0.000230734
  314 313.5 0.482518 0.000209426
  315 314.5 0.216622 9.402e-05
  316 315.5 0.325096 0.000141101
  317 316.5 0.510788 0.000221696
  318 317.5 0.871564 0.000378283
  319 318.5 1.84202 0.000799489
  320 319.5 1.62079 0.000703466
  321 320.5 0.950068 0.000412356
  322 321.5 0.660828 0.000286818
  323 322.5 0.655034 0.000284303
  324 323.5 1.2065 0.000523653
  325 324.5 0.979248 0.000425021
  326 325.5 0.543998 0.00023611
  327 326.5 0.12776 5.54514e-05
  328 327.5 0.013524 5.86979e-06
  329 328.5 0.063578 2.75946e-05
  330 329.5 0.198228 8.60365e-05
  331 330.5 0.553202 0.000240105
  332 331.5 0.331646 0.000143944
  333 332.5 0.128914 5.59523e-05
  334 333.5 0.344338 0.000149452
  335 334.5 1.32631 0.000575657
  336 335.5 1.06353 0.000461601
  337 336.5 0.595504 0.000258465
  338 337.5 0.468388 0.000203293
  339 338.5 0.549186 0.000238362
  340 339.5 0.635752 0.000275934
  341 340.5 0.337652 0.00014655
  342 341.5 0.117588 5.10365e-05
  343 342.5 0.01964 8.52431e-06
  344 343.5 0.040428 1.75469e-05
  345 344.5 0.423956 0.000184009
  346 345.5 0.835382 0.000362579
  347 346.5 0.51385 0.000223025
  348 347.5 0.576656 0.000250285
  349 348.5 0.846592 0.000367444
  350 349.5 0.561192 0.000243573
  351 350.5 0.761696 0.000330597
  352 351.5 1.46559 0.000636107
  353 352.5 1.33496 0.000579409
  354 353.5 0.808338 0.000350841
  355 354.5 0.573476 0.000248905
  356 355.5 1.05387 0.000457409
  357 356.5 2.23789 0.000971306
  358 357.5 4.29701 0.00186502
  359 358.5 7.5799 0.00328989
  360 359.5 12.4285 0.00539433
  361 360.5 18.1484 0.00787691
  362 361.5 23.3114 0.0101178
  363 362.5 26.8628 0.0116592
  364 363.5 28.9041 0.0125452
  365 364.5 29.6214 0.0128565
  366 365.5 29.4921 0.0128004
  367 366.5 29.1311 0.0126437
  368 367.5 28.8048 0.0125021
  369 368.5 28.4732 0.0123582
  370 369.5 28.0698 0.0121831
  371 370.5 27.8167 0.0120732
  372 371.5 27.6569 0.0120039
  373 372.5 27.4407 0.01191
  374 373.5 27.2811 0.0118408
  375 374.5 27.1815 0.0117975
  376 375.5 27.1075 0.0117654
  377 376.5 27.0166 0.011726
  378 377.5 26.9268 0.011687
  379 378.5 26.9174 0.0116829
  380 379.5 26.8588 0.0116575
  381 380.5 26.8226 0.0116418
  382 381.5 26.7992 0.0116316
  383 382.5 26.8094 0.011636
  384 383.5 26.7933 0.0116291
  385 384.5 26.7719 0.0116197
  386 385.5 26.7621 0.0116155
  387 386.5 26.7624 0.0116156
  388 387.5 26.7519 0.0116111
  389 388.5 26.7346 0.0116036
  390 389.5 26.7114 0.0115935
  391 390.5 26.7503 0.0116104
  392 391.5 26.7047 0.0115906
  393 392.5 26.7083 0.0115921
  394 393.5 26.7126 0.011594
  395 394.5 26.7006 0.0115888
  396 395.5 26.6901 0.0115843
  397 396.5 26.6857 0.0115823
  398 397.5 26.6828 0.0115811
  399 398.5 26.7123 0.0115939
  400 399.5 26.6628 0.0115724
  401 400.5 26.672 0.0115764
  402 401.5 26.6825 0.011581
  403 402.5 26.6949 0.0115863
  404 403.5 26.6605 0.0115714
  405 404.5 26.6748 0.0115776
  406 405.5 26.682 0.0115807
  407 406.5 26.7078 0.0115919
  408 407.5 26.7229 0.0115985
  409 408.5 26.7035 0.0115901
  410 409.5 26.7059 0.0115911
  411 410.5 26.7388 0.0116054
  412 411.5 26.7342 0.0116034
  413 412.5 26.743 0.0116072
  414 413.5 26.7195 0.011597
  415 414.5 26.7228 0.0115984
  416 415.5 26.7178 0.0115963
  417 416.5 26.7251 0.0115995
  418 417.5 26.7333 0.011603
  419 418.5 26.6961 0.0115869
  420 419.5 26.7249 0.0115993
  421 420.5 26.7396 0.0116057
  422 421.5 26.7118 0.0115937
  423 422.5 26.7333 0.011603
  424 423.5 26.7167 0.0115958
  425 424.5 26.7268 0.0116002
  426 425.5 26.7389 0.0116054
  427 426.5 26.7226 0.0115983
  428 427.5 26.7339 0.0116033
  429 428.5 26.7258 0.0115997
  430 429.5 26.7458 0.0116084
  431 430.5 26.7255 0.0115996
  432 431.5 26.7322 0.0116025
  433 432.5 26.7319 0.0116024
  434 433.5 26.7429 0.0116072
  435 434.5 26.7196 0.011597
  436 435.5 26.7363 0.0116043
  437 436.5 26.7662 0.0116173
  438 437.5 26.7235 0.0115988
  439 438.5 26.6921 0.0115851
  440 439.5 26.7294 0.0116013
  441 440.5 26.7157 0.0115954
  442 441.5 26.7074 0.0115917
  443 442.5 26.6839 0.0115815
  444 443.5 26.6967 0.0115871
  445 444.5 26.7002 0.0115886
  446 445.5 26.698 0.0115877
  447 446.5 26.6659 0.0115737
  448 447.5 26.7243 0.0115991
  449 448.5 26.6852 0.0115821
  450 449.5 26.6591 0.0115708
  451 450.5 26.6933 0.0115856
  452 451.5 26.7117 0.0115936
  453 452.5 26.6736 0.0115771
  454 453.5 26.66 0.0115712
  455 454.5 26.7127 0.011594
  456 455.5 26.6717 0.0115763
  457 456.5 26.6429 0.0115638
  458 457.5 26.6734 0.011577
  459 458.5 26.6586 0.0115706
  460 459.5 26.6437 0.0115641
  461 460.5 26.6414 0.0115631
  462 461.5 26.6563 0.0115696
  463 462.5 26.6612 0.0115717
  464 463.5 26.6368 0.0115611
  465 464.5 26.6132 0.0115509
  466 465.5 26.6277 0.0115572
  467 466.5 26.6005 0.0115453
  468 467.5 26.5669 0.0115308
  469 468.5 26.517 0.0115091
  470 469.5 26.5143 0.0115079
  471 470.5 26.4838 0.0114947
  472 471.5 26.4108 0.011463
  473 472.5 26.3799 0.0114496
  474 473.5 26.3165 0.0114221
  475 474.5 26.2182 0.0113794
  476 475.5 26.0813 0.01132
  477 476.5 25.9585 0.0112667
  478 477.5 25.8037 0.0111995
  479 478.5 25.5815 0.0111031
  480 479.5 25.3396 0.0109981
40000000 480 4928.000000000005
  1 0.5 8.64836 0.00375363
  2 1.5 8.12307 0.00352564
  3 2.5 7.64051 0.00331619
  4 3.5 7.19705 0.00312372
  5 4.5 6.75191 0.00293052
  6 5.5 6.32382 0.00274472
  7 6.5 5.94278 0.00257933
  8 7.5 5.58146 0.00242251
  9 8.5 5.25565 0.0022811
  10 9.5 4.96604 0.0021554
  11 10.5 4.71383 0.00204593
  12 11.5 4.49205 0.00194968
  13 12.5 4.29865 0.00186573
  14 13.5 4.12725 0.00179134
  15 14.5 3.99038 0.00173193
  16 15.5 3.88057 0.00168427
  17 16.5 3.77301 0.00163759
  18 17.5 3.71581 0.00161276
  19 18.5 3.63486 0.00157763
  20 19.5 3.59175 0.00155892
  21 20.5 3.56029 0.00154527
  22 21.5 3.51645 0.00152624
  23 22.5 3.49672 0.00151767
  24 23.5 3.47884 0.00150991
  25 24.5 3.47023 0.00150618
  26 25.5 3.4517 0.00149813
  27 26.5 3.43169 0.00148945
  28 27.5 3.41908 0.00148398
  29 28.5 3.42914 0.00148834
  30 29.5 3.4071 0.00147878
  31 30.5 3.40173 0.00147644
  32 31.5 3.40384 0.00147736
  33 32.5 3.38571 0.00146949
  34 33.5 3.38719 0.00147013
  35 34.5 3.38703 0.00147006
  36 35.5 3.38838 0.00147065
  37 36.5 3.38733 0.00147019
  38 37.5 3.395 0.00147353
  39 38.5 3.38318 0.00146839
  40 39.5 3.36413 0.00146013
  41 40.5 3.37153 0.00146334
  42 41.5 3.37774 0.00146603
  43 42.5 3.37315 0.00146404
  44 43.5 3.36895 0.00146222
  45 44.5 3.38353 0.00146855
  46 45.5 3.37677 0.00146561
  47 46.5 3.35917 0.00145797
  48 47.5 3.36339 0.0014598
  49 48.5 3.36679 0.00146128
  50 49.5 3.36811 0.00146185
  51 50.5 3.36051 0.00145855
  52 51.5 3.36578 0.00146084
  53 52.5 3.3784 0.00146632
  54 53.5 3.37238 0.00146371
  55 54.5 3.38617 0.00146969
  56 55.5 3.37349 0.00146419
  57 56.5 3.3825 0.0014681
  58 57.5 3.37599 0.00146527
  59 58.5 3.38719 0.00147014
  60 59.5 3.38549 0.0014694
  61 60.5 3.39234 0.00147237
  62 61.5 3.38617 0.00146969
  63 62.5 3.37711 0.00146576
  64 63.5 3.38878 0.00147082
  65 64.5 3.38189 0.00146784
  66 65.5 3.38149 0.00146766
  67 66.5 3.36519 0.00146059
  68 67.5 3.3722 0.00146363
  69 68.5 3.37226 0.00146366
  70 69.5 3.38551 0.0014694
  71 70.5 3.37216 0.00146361
  72 71.5 3.37221 0.00146363
  73 72.5 3.3786 0.00146641
  74 73.5 3.3811 0.00146749
  75 74.5 3.38359 0.00146857
  76 75.5 3.38413 0.00146881
  77 76.5 3.38435 0.0014689
  78 77.5 3.37885 0.00146651
  79 78.5 3.37998 0.00146701
  80 79.5 3.37177 0.00146344
  81 80.5 3.38322 0.00146841
  82 81.5 3.38382 0.00146867
  83 82.5 3.37867 0.00146643
  84 83.5 3.38778 0.00147039
  85 84.5 3.39562 0.00147379
  86 85.5 3.37789 0.0014661
  87 86.5 3.37843 0.00146633
  88 87.5 3.392 0.00147222
  89 88.5 3.39867 0.00147512
  90 89.5 3.38707 0.00147008
  91 90.5 3.38322 0.00146841
  92 91.5 3.37348 0.00146419
  93 92.5 3.37165 0.00146339
  94 93.5 3.37258 0.00146379
  95 94.5 3.38458 0.001469
  96 95.5 3.37739 0.00146588
  97 96.5 3.38209 0.00146792
  98 97.5 3.37796 0.00146613
  99 98.5 3.38706 0.00147008
  100 99.5 3.39071 0.00147166
  101 100.5 3.37841 0.00146632
  102 101.5 3.37902 0.00146659
  103 102.5 3.40069 0.00147599
  104 103.5 3.39644 0.00147415
  105 104.5 3.3934 0.00147283
  106 105.5 3.39676 0.00147429
  107 106.5 3.38787 0.00147043
  108 107.5 3.39206 0.00147225
  109 108.5 3.39547 0.00147373
  110 109.5 3.39377 0.00147299
  111 110.5 3.39721 0.00147448
  112 111.5 3.38242 0.00146806
  113 112.5 3.38385 0.00146869
  114 113.5 3.38741 0.00147023
  115 114.5 3.3802 0.0014671
  116 115.5 3.3924 0.00147239
  117 116.5 3.38584 0.00146955
  118 117.5 3.40332 0.00147714
  119 118.5 3.41697 0.00148306
  120 119.5 3.40629 0.00147842
  121 120.5 3.40533 0.00147801
  122 121.5 3.4066 0.00147856
  123 122.5 3.40549 0.00147808
  124 123.5 3.4047 0.00147773
  125 124.5 3.40485 0.0014778
  126 125.5 3.40018 0.00147577
  127 126.5 3.40139 0.0014763
  128 127.5 3.39709 0.00147443
  129 128.5 3.40628 0.00147842
  130 129.5 3.41312 0.00148139
  131 130.5 3.41161 0.00148073
  132 131.5 3.42502 0.00148655
  133 132.5 3.43378 0.00149036
  134 133.5 3.45355 0.00149894
  135 134.5 3.46768 0.00150507
  136 135.5 3.47795 0.00150953
  137 136.5 3.50982 0.00152336
  138 137.5 3.544 0.00153819
  139 138.5 3.5696 0.00154931
  140 139.5 3.61023 0.00156694
  141 140.5 3.69765 0.00160488
  142 141.5 3.7785 0.00163997
  143 142.5 3.87524 0.00168196
  144 143.5 3.99429 0.00173363
  145 144.5 4.15091 0.00180161
  146 145.5 4.32864 0.00187875
  147 146.5 4.53278 0.00196735
  148 147.5 4.77236 0.00207134
  149 148.5 5.04626 0.00219022
  150 149.5 5.38504 0.00233726
  151 150.5 5.76221 0.00250096
  152 151.5 6.15216 0.00267021
  153 152.5 6.60034 0.00286473
  154 153.5 7.08357 0.00307446
  155 154.5 7.60693 0.00330162
  156 155.5 8.14475 0.00353505
  157 156.5 8.72624 0.00378743
  158 157.5 9.32307 0.00404647
  159 158.5 9.92881 0.00430938
  160 159.5 10.5399 0.0045746
  161 160.5 11.1861 0.00485506
  162 161.5 11.8261 0.00513285
  163 162.5 12.4677 0.00541133
  164 163.5 13.162 0.00571266
  165 164.5 13.7961 0.0059879
  166 165.5 14.4176 0.00625764
  167 166.5 15.073 0.0065421
  168 167.5 15.6813 0.00680611
  169 168.5 16.3235 0.00708484
  170 169.5 16.9629 0.00736238
  171 170.5 17.5609 0.0076219
  172 171.5 18.1681 0.00788547
  173 172.5 18.7919 0.0081562
  174 173.5 19.4093 0.00842416
  175 174.5 19.9527 0.00866003
  176 175.5 20.5192 0.00890589
  177 176.5 21.0959 0.00915619
  178 177.5 21.6367 0.00939094
  179 178.5 22.1316 0.00960572
  180 179.5 22.6429 0.00982763
  181 180.5 23.1117 0.0100311
  182 181.5 23.5585 0.010225
  183 182.5 23.9746 0.0104056
  184 183.5 24.3664 0.0105757
  185 184.5 24.7172 0.0107279
  186 185.5 25.0539 0.0108741
  187 186.5 25.3498 0.0110025
  188 187.5 25.6002 0.0111112
  189 188.5 25.8676 0.0112272
  190 189.5 26.1032 0.0113295
  191 190.5 26.3023 0.0114159
  192 191.5 26.4501 0.0114801
  193 192.5 26.6979 0.0115876
  194 193.5 26.8866 0.0116695
  195 194.5 27.0511 0.0117409
  196 195.5 27.2585 0.0118309
  197 196.5 27.5405 0.0119534
  198 197.5 27.7951 0.0120639
  199 198.5 28.049 0.0121741
  200 199.5 28.3694 0.0123131
  201 200.5 28.665 0.0124414
  202 201.5 28.768 0.0124861
  203 202.5 28.3843 0.0123196
  204 203.5 27.3958 0.0118905
  205 204.5 25.5388 0.0110846
  206 205.5 23.2136 0.0100754
  207 206.5 20.5149 0.00890403
  208 207.5 17.5963 0.00763727
  209 208.5 14.5992 0.00633648
  210 209.5 11.7052 0.00508037
  211 210.5 8.9817 0.00389831
  212 211.5 6.27446 0.00272329
  213 212.5 3.99082 0.00173213
  214 213.5 2.33334 0.00101273
  215 214.5 1.36254 0.000591381
  216 215.5 0.806186 0.000349907
  217 216.5 0.505866 0.00021956
  218 217.5 0.252778 0.000109713
  219 218.5 0.147658 6.40877e-05
  220 219.5 0.123424 5.35694e-05
  221 220.5 0.114808 4.98299e-05
  222 221.5 0.094698 4.11016e-05
  223 222.5 0.155602 6.75356e-05
  224 223.5 0.240548 0.000104405
  225 224.5 0.33827 0.000146819
  226 225.5 0.250868 0.000108884
  227 226.5 0.196958 8.54852e-05
  228 227.5 0.200776 8.71424e-05
  229 228.5 0.20094 8.72135e-05
  230 229.5 0.277472 0.000120431
  231 230.5 0.333836 0.000144894
  232 231.5 0.310234 0.00013465
  233 232.5 0.415758 0.000180451
  234 233.5 0.512674 0.000222515
  235 234.5 0.525952 0.000228278
  236 235.5 0.411168 0.000178458
  237 236.5 0.572256 0.000248375
  238 237.5 0.666154 0.000289129
  239 238.5 0.693274 0.0003009
  240 239.5 0.74206 0.000322075
  241 240.5 0.495618 0.000215112
  242 241.5 0.508606 0.000220749
  243 242.5 0.350754 0.000152237
  244 243.5 0.280916 0.000121925
  245 244.5 0.442144 0.000191903
  246 245.5 0.284948 0.000123675
  247 246.5 0.271854 0.000117992
  248 247.5 0.39353 0.000170803
  249 248.5 0.609368 0.000264483
  250 249.5 0.75199 0.000326385
  251 250.5 0.632774 0.000274641
  252 251.5 0.603824 0.000262076
  253 252.5 0.590364 0.000256234
  254 253.5 0.509486 0.000221131
  255 254.5 0.545316 0.000236682
  256 255.5 0.519934 0.000225666
  257 256.5 0.494518 0.000214635
  258 257.5 0.391456 0.000169903
  259 258.5 0.249626 0.000108345
  260 259.5 0.23575 0.000102322
  261 260.5 0.197404 8.56788e-05
  262 261.5 0.185164 8.03663e-05
  263 262.5 0.227102 9.85686e-05
  264 263.5 0.211216 9.16736e-05
  265 264.5 0.305752 0.000132705
  266 265.5 0.215344 9.34653e-05
  267 266.5 0.141468 6.1401e-05
  268 267.5 0.107668 4.67309e-05
  269 268.5 0.168504 7.31354e-05
  270 269.5 0.350934 0.000152315
  271 270.5 0.599128 0.000260038
  272 271.5 0.563964 0.000244776
  273 272.5 0.51327 0.000222773
  274 273.5 0.41697 0.000180977
  275 274.5 0.51358 0.000222908
  276 275.5 0.536782 0.000232978
  277 276.5 0.525168 0.000227938
  278 277.5 0.480684 0.00020863
  279 278.5 0.457396 0.000198523
  280 279.5 0.341576 0.000148253
  281 280.5 0.192712 8.36424e-05
  282 281.5 0.210878 9.15269e-05
  283 282.5 0.176584 7.66424e-05
  284 283.5 0.13926 6.04427e-05
  285 284.5 0.13412 5.82118e-05
  286 285.5 0.1952 8.47222e-05
  287 286.5 0.3054 0.000132552
  288 287.5 0.389778 0.000169174
  289 288.5 0.362106 0.000157164
  290 289.5 0.305012 0.000132384
  291 290.5 0.331664 0.000143951
  292 291.5 0.431158 0.000187135
  293 292.5 0.425638 0.000184739
  294 293.5 0.408546 0.00017732
  295 294.5 0.30952 0.00013434
  296 295.5 0.244308 0.000106036
  297 296.5 0.14978 6.50087e-05
  298 297.5 0.199572 8.66198e-05
  299 298.5 0.258446 0.000112173
  300 299.5 0.429058 0.000186223
  301 300.5 0.37658 0.000163446
  302 301.5 0.331748 0.000143988
  303 302.5 0.312826 0.000135775
  304 303.5 0.33453 0.000145195
  305 304.5 0.4241 0.000184071
  306 305.5 0.411082 0.000178421
  307 306.5 0.471544 0.000204663
  308 307.5 0.480816 0.000208687
  309 308.5 0.673402 0.000292275
  310 309.5 0.953664 0.000413917
  311 310.5 0.861322 0.000373838
  312 311.5 0.816004 0.000354168
  313 312.5 0.7984 0.000346528
  314 313.5 0.930654 0.00040393
  315 314.5 1.0948 0.000475174
  316 315.5 1.02665 0.000445595
  317 316.5 0.782598 0.000339669
  318 317.5 0.739232 0.000320847
  319 318.5 0.447476 0.000194217
  320 319.5 0.39581 0.000171793
  321 320.5 0.452864 0.000196556
  322 321.5 0.35779 0.000155291
  323 322.5 0.37609 0.000163234
  324 323.5 0.165222 7.17109e-05
  325 324.5 0.339256 0.000147247
  326 325.5 0.56371 0.000244666
  327 326.5 0.560492 0.000243269
  328 327.5 0.416766 0.000180888
  329 328.5 0.58759 0.00025503
  330 329.5 0.704102 0.0003056
  331 330.5 0.596748 0.000259005
  332 331.5 0.685964 0.000297727
  333 332.5 0.476284 0.00020672
  334 333.5 0.513764 0.000222988
  335 334.5 0.384652 0.00016695
  336 335.5 0.456122 0.00019797
  337 336.5 0.474344 0.000205878
  338 337.5 0.373796 0.000162238
  339 338.5 0.446722 0.00019389
  340 339.5 0.465514 0.000202046
  341 340.5 0.496348 0.000215429
  342 341.5 0.68792 0.000298576
  343 342.5 0.932174 0.000404589
  344 343.5 0.959236 0.000416335
  345 344.5 0.920652 0.000399589
  346 345.5 0.953898 0.000414018
  347 346.5 1.16482 0.000505566
  348 347.5 1.75435 0.000761437
  349 348.5 2.71903 0.00118014
  350 349.5 4.24145 0.00184091
  351 350.5 6.2877 0.00272903
  352 351.5 8.89398 0.00386023
  353 352.5 11.7936 0.00511876
  354 353.5 14.7802 0.00641503
  355 354.5 17.8313 0.00773928
  356 355.5 20.6698 0.00897127
  357 356.5 23.354 0.0101363
  358 357.5 25.6603 0.0111373
  359 358.5 27.2891 0.0118442
  360 359.5 28.2774 0.0122732
  361 360.5 28.6638 0.0124409
  362 361.5 28.6681 0.0124428
  363 362.5 28.4708 0.0123571
  364 363.5 28.1881 0.0122344
  365 364.5 27.9367 0.0121253
  366 365.5 27.7029 0.0120238
  367 366.5 27.5215 0.0119451
  368 367.5 27.3709 0.0118797
  369 368.5 27.2018 0.0118063
  370 369.5 27.111 0.0117669
  371 370.5 27.0566 0.0117433
  372 371.5 26.9772 0.0117089
  373 372.5 26.8662 0.0116607
  374 373.5 26.853 0.011655
  375 374.5 26.8369 0.011648
  376 375.5 26.7433 0.0116073
  377 376.5 26.7342 0.0116034
  378 377.5 26.7283 0.0116008
  379 378.5 26.6973 0.0115874
  380 379.5 26.6794 0.0115796
  381 380.5 26.6725 0.0115766
  382 381.5 26.65 0.0115668
  383 382.5 26.6698 0.0115754
  384 383.5 26.6292 0.0115578
  385 384.5 26.661 0.0115716
  386 385.5 26.6322 0.0115591
  387 386.5 26.6061 0.0115478
  388 387.5 26.6172 0.0115526
  389 388.5 26.6078 0.0115485
  390 389.5 26.6252 0.0115561
  391 390.5 26.5776 0.0115354
  392 391.5 26.598 0.0115443
  393 392.5 26.624 0.0115556
  394 393.5 26.5907 0.0115411
  395 394.5 26.5834 0.0115379
  396 395.5 26.6016 0.0115458
  397 396.5 26.6145 0.0115514
  398 397.5 26.6037 0.0115467
  399 398.5 26.5756 0.0115345
  400 399.5 26.5771 0.0115352
  401 400.5 26.5587 0.0115272
  402 401.5 26.5907 0.0115411
  403 402.5 26.5544 0.0115254
  404 403.5 26.5568 0.0115264
  405 404.5 26.5788 0.0115359
  406 405.5 26.5938 0.0115424
  407 406.5 26.5503 0.0115236
  408 407.5 26.5604 0.011528
  409 408.5 26.5904 0.011541
  410 409.5 26.5642 0.0115296
  411 410.5 26.5553 0.0115257
  412 411.5 26.5364 0.0115175
  413 412.5 26.5225 0.0115115
  414 413.5 26.5666 0.0115307
  415 414.5 26.544 0.0115208
  416 415.5 26.5284 0.0115141
  417 416.5 26.5389 0.0115186
  418 417.5 26.5395 0.0115189
  419 418.5 26.5417 0.0115198
  420 419.5 26.5706 0.0115324
  421 420.5 26.5599 0.0115277
  422 421.5 26.5648 0.0115298
  423 422.5 26.5779 0.0115355
  424 423.5 26.5726 0.0115333
  425 424.5 26.553 0.0115248
  426 425.5 26.5226 0.0115115
  427 426.5 26.5494 0.0115232
  428 427.5 26.591 0.0115412
  429 428.5 26.5274 0.0115136
  430 429.5 26.5328 0.011516
  431 430.5 26.5578 0.0115268
  432 431.5 26.5254 0.0115128
  433 432.5 26.4801 0.0114931
  434 433.5 26.5082 0.0115053
  435 434.5 26.4934 0.0114989
  436 435.5 26.4575 0.0114833
  437 436.5 26.4334 0.0114728
  438 437.5 26.4198 0.0114669
  439 438.5 26.4046 0.0114603
  440 439.5 26.3864 0.0114524
  441 440.5 26.3148 0.0114213
  442 441.5 26.2658 0.0114001
  443 442.5 26.2339 0.0113862
  444 443.5 26.1462 0.0113482
  445 444.5 26.0585 0.0113101
  446 445.5 25.9476 0.011262
  447 446.5 25.7934 0.0111951
  448 447.5 25.6514 0.0111334
  449 448.5 25.4676 0.0110537
  450 449.5 25.2361 0.0109532
  451 450.5 24.9522 0.0108299
  452 451.5 24.6728 0.0107087
  453 452.5 24.3383 0.0105635
  454 453.5 23.9701 0.0104037
  455 454.5 23.5273 0.0102115
  456 455.5 23.0607 0.010009
  457 456.5 22.56 0.00979167
  458 457.5 22.064 0.00957637
  459 458.5 21.4876 0.00932623
  460 459.5 20.9358 0.0090867
  461 460.5 20.3372 0.00882692
  462 461.5 19.7296 0.00856318
  463 462.5 19.1359 0.0083055
  464 463.5 18.5648 0.00805763
  465 464.5 17.9443 0.00778834
  466 465.5 17.3234 0.00751882
  467 466.5 16.7294 0.00726102
  468 467.5 16.1421 0.00700611
  469 468.5 15.5349 0.00674259
  470 469.5 14.9392 0.00648401
  471 470.5 14.3543 0.00623017
  472 471.5 13.7304 0.00595936
  473 472.5 13.1497 0.00570732
  474 473.5 12.5623 0.00545238
  475 474.5 11.9923 0.005205
  476 475.5 11.4116 0.00495296
  477 476.5 10.8409 0.00470525
  478 477.5 10.2841 0.0044636
  479 478.5 9.71845 0.00421808
  480 479.5 9.18149 0.00398502
50000000 480 4927.999999999999
  1 0.5 3.68583 0.00159975
  2 1.5 3.61004 0.00156686
  3 2.5 3.56669 0.00154804
  4 3.5 3.53335 0.00153357
  5 4.5 3.49238 0.00151579
  6 5.5 3.4649 0.00150386
  7 6.5 3.44054 0.00149329
  8 7.5 3.43488 0.00149083
  9 8.5 3.43004 0.00148873
  10 9.5 3.4219 0.0014852
  11 10.5 3.41043 0.00148022
  12 11.5 3.41091 0.00148043
  13 12.5 3.40597 0.00147829
  14 13.5 3.38228 0.001468
  15 14.5 3.38314 0.00146838
  16 15.5 3.37642 0.00146546
  17 16.5 3.38491 0.00146915
  18 17.5 3.38494 0.00146916
  19 18.5 3.39041 0.00147153
  20 19.5 3.3879 0.00147044
  21 20.5 3.39315 0.00147272
  22 21.5 3.38444 0.00146894
  23 22.5 3.38948 0.00147113
  24 23.5 3.40056 0.00147594
  25 24.5 3.39022 0.00147145
  26 25.5 3.39097 0.00147178
  27 26.5 3.395 0.00147353
  28 27.5 3.39299 0.00147265
  29 28.5 3.39781 0.00147474
  30 29.5 3.4005 0.00147591
  31 30.5 3.39614 0.00147402
  32 31.5 3.40377 0.00147733
  33 32.5 3.39906 0.00147529
  34 33.5 3.40176 0.00147646
  35 34.5 3.39185 0.00147216
  36 35.5 3.39275 0.00147255
  37 36.5 3.4063 0.00147843
  38 37.5 3.39338 0.00147282
  39 38.5 3.39022 0.00147145
  40 39.5 3.38424 0.00146885
  41 40.5 3.38439 0.00146892
  42 41.5 3.38859 0.00147074
  43 42.5 3.3767 0.00146558
  44 43.5 3.3743 0.00146454
  45 44.5 3.37463 0.00146468
  46 45.5 3.36334 0.00145978
  47 46.5 3.36058 0.00145858
  48 47.5 3.35537 0.00145632
  49 48.5 3.35672 0.00145691
  50 49.5 3.36301 0.00145964
  51 50.5 3.35213 0.00145492
  52 51.5 3.35776 0.00145736
  53 52.5 3.35822 0.00145756
  54 53.5 3.35155 0.00145467
  55 54.5 3.34071 0.00144996
  56 55.5 3.34641 0.00145244
  57 56.5 3.34454 0.00145162
  58 57.5 3.34575 0.00145215
  59 58.5 3.34774 0.00145301
  60 59.5 3.35149 0.00145464
  61 60.5 3.33711 0.0014484
  62 61.5 3.33265 0.00144646
  63 62.5 3.33165 0.00144603
  64 63.5 3.34227 0.00145064
  65 64.5 3.33675 0.00144824
  66 65.5 3.33238 0.00144635
  67 66.5 3.34519 0.00145191
  68 67.5 3.34673 0.00145258
  69 68.5 3.35427 0.00145585
  70 69.5 3.35434 0.00145588
  71 70.5 3.35599 0.00145659
  72 71.5 3.34906 0.00145358
  73 72.5 3.34648 0.00145247
  74 73.5 3.34281 0.00145087
  75 74.5 3.35326 0.00145541
  76 75.5 3.35275 0.00145518
  77 76.5 3.35038 0.00145416
  78 77.5 3.35399 0.00145573
  79 78.5 3.3516 0.00145469
  80 79.5 3.33472 0.00144736
  81 80.5 3.33436 0.0014472
  82 81.5 3.34573 0.00145214
  83 82.5 3.33688 0.0014483
  84 83.5 3.34025 0.00144976
  85 84.5 3.33623 0.00144802
  86 85.5 3.32712 0.00144406
  87 86.5 3.33586 0.00144786
  88 87.5 3.33158 0.001446
  89 88.5 3.34025 0.00144976
  90 89.5 3.34615 0.00145232
  91 90.5 3.34891 0.00145352
  92 91.5 3.35548 0.00145637
  93 92.5 3.37383 0.00146434
  94 93.5 3.37779 0.00146606
  95 94.5 3.3777 0.00146601
  96 95.5 3.36366 0.00145992
  97 96.5 3.37087 0.00146305
  98 97.5 3.37003 0.00146269
  99 98.5 3.37471 0.00146472
  100 99.5 3.36684 0.0014613
  101 100.5 3.35496 0.00145615
  102 101.5 3.36577 0.00146084
  103 102.5 3.36876 0.00146214
  104 103.5 3.3504 0.00145417
  105 104.5 3.35705 0.00145705
  106 105.5 3.35014 0.00145405
  107 106.5 3.36175 0.00145909
  108 107.5 3.37301 0.00146398
  109 108.5 3.36131 0.0014589
  110 109.5 3.36702 0.00146138
  111 110.5 3.37122 0.0014632
  112 111.5 3.37561 0.00146511
  113 112.5 3.3972 0.00147448
  114 113.5 3.37657 0.00146552
  115 114.5 3.37497 0.00146483
  116 115.5 3.37971 0.00146689
  117 116.5 3.38705 0.00147007
  118 117.5 3.39456 0.00147333
  119 118.5 3.39116 0.00147186
  120 119.5 3.40292 0.00147696
  121 120.5 3.40153 0.00147636
  122 121.5 3.41828 0.00148363
  123 122.5 3.39535 0.00147368
  124 123.5 3.40691 0.0014787
  125 124.5 3.39945 0.00147546
  126 125.5 3.40747 0.00147893
  127 126.5 3.40168 0.00147642
  128 127.5 3.40369 0.0014773
  129 128.5 3.40538 0.00147803
  130 129.5 3.4076 0.00147899
  131 130.5 3.40417 0.00147751
  132 131.5 3.40775 0.00147906
  133 132.5 3.42377 0.00148601
  134 133.5 3.44017 0.00149313
  135 134.5 3.46238 0.00150277
  136 135.5 3.47817 0.00150962
  137 136.5 3.51367 0.00152503
  138 137.5 3.55309 0.00154214
  139 138.5 3.60187 0.00156331
  140 139.5 3.6729 0.00159414
  141 140.5 3.75292 0.00162887
  142 141.5 3.85598 0.0016736
  143 142.5 3.98979 0.00173168
  144 143.5 4.15069 0.00180151
  145 144.5 4.35331 0.00188946
  146 145.5 4.61194 0.00200171
  147 146.5 4.91322 0.00213248
  148 147.5 5.2985 0.0022997
  149 148.5 5.74178 0.00249209
  150 149.5 6.27475 0.00272342
  151 150.5 6.92226 0.00300445
  152 151.5 7.66257 0.00332577
  153 152.5 8.50635 0.00369199
  154 153.5 9.44111 0.0040977
  155 154.5 10.4844 0.00455054
  156 155.5 11.6006 0.00503497
  157 156.5 12.7771 0.00554561
  158 157.5 13.9828 0.00606891
  159 158.5 15.2366 0.00661312
  160 159.5 16.4598 0.00714401
  161 160.5 17.6433 0.00765767
  162 161.5 18.7977 0.00815873
  163 162.5 19.832 0.00860764
  164 163.5 20.8262 0.00903916
  165 164.5 21.6962 0.00941675
  166 165.5 22.5003 0.00976577
  167 166.5 23.2046 0.0100715
  168 167.5 23.8025 0.0103309
  169 168.5 24.2825 0.0105393
  170 169.5 24.6855 0.0107142
  171 170.5 25.0786 0.0108848
  172 171.5 25.377 0.0110143
  173 172.5 25.6143 0.0111173
  174 173.5 25.7973 0.0111967
  175 174.5 25.9728 0.0112729
  176 175.5 26.1512 0.0113504
  177 176.5 26.2227 0.0113814
  178 177.5 26.3135 0.0114208
  179 178.5 26.375 0.0114475
  180 179.5 26.4719 0.0114895
  181 180.5 26.5169 0.0115091
  182 181.5 26.5343 0.0115166
  183 182.5 26.6212 0.0115543
  184 183.5 26.6744 0.0115774
  185 184.5 26.6703 0.0115756
  186 185.5 26.7297 0.0116014
  187 186.5 26.7932 0.011629
  188 187.5 26.8401 0.0116493
  189 188.5 26.8814 0.0116673
  190 189.5 26.9512 0.0116976
  191 190.5 27.0317 0.0117325
  192 191.5 27.1335 0.0117767
  193 192.5 27.2231 0.0118156
  194 193.5 27.3753 0.0118817
  195 194.5 27.5572 0.0119606
  196 195.5 27.7652 0.0120509
  197 196.5 28.0257 0.0121639
  198 197.5 28.3172 0.0122905
  199 198.5 28.6801 0.012448
  200 199.5 29.1045 0.0126322
  201 200.5 29.4804 0.0127953
  202 201.5 29.6548 0.012871
  203 202.5 29.1102 0.0126346
  204 203.5 27.4352 0.0119077
  205 204.5 24.2084 0.0105071
  206 205.5 19.3328 0.00839096
  207 206.5 13.6708 0.00593352
  208 207.5 8.46555 0.00367429
  209 208.5 4.77884 0.00207415
  210 209.5 2.63969 0.0011457
  211 210.5 1.39436 0.000605192
  212 211.5 0.555718 0.000241197
  213 212.5 0.310208 0.000134639
  214 213.5 0.183734 7.97457e-05
  215 214.5 0.084824 3.6816e-05
  216 215.5 0.03988 1.7309e-05
  217 216.5 0.218412 9.47969e-05
  218 217.5 0.441034 0.000191421
  219 218.5 0.310838 0.000134912
  220 219.5 0.040352 1.75139e-05
  221 220.5 0.000148 6.42361e-08
  222 221.5 2e-06 8.68056e-10
  223 222.5 0.00475 2.06163e-06
  224 223.5 0.123804 5.37344e-05
  225 224.5 0.493192 0.000214059
  226 225.5 0.796754 0.000345813
  227 226.5 0.498132 0.000216203
  228 227.5 0.082406 3.57665e-05
  229 228.5 0.000986 4.27951e-07
  230 229.5 0.022686 9.84635e-06
  231 230.5 0.210528 9.1375e-05
  232 231.5 0.438348 0.000190255
  233 232.5 0.373102 0.000161937
  234 233.5 0.673304 0.000292233
  235 234.5 1.29882 0.000563726
  236 235.5 0.882962 0.00038323
  237 236.5 0.30499 0.000132374
  238 237.5 0.482602 0.000209463
  239 238.5 0.741712 0.000321924
  240 239.5 0.891134 0.000386777
  241 240.5 0.588418 0.00025539
  242 241.5 0.090536 3.92951e-05
  243 242.5 0.000828 3.59375e-07
  244 243.5 0.002982 1.29427e-06
  245 244.5 0.113022 4.90547e-05
  246 245.5 0.347954 0.000151022
  247 246.5 0.428728 0.00018608
  248 247.5 0.243216 0.000105562
  249 248.5 0.80098 0.000347648
  250 249.5 1.67439 0.000726734
  251 250.5 1.49858 0.000650425
  252 251.5 0.718714 0.000311942
  253 252.5 0.165008 7.16181e-05
  254 253.5 0.006418 2.78559e-06
  255 254.5 0.000144 6.25e-08
  256 255.5 0.042264 1.83437e-05
  257 256.5 0.254678 0.000110537
  258 257.5 0.518564 0.000225071
  259 258.5 0.502878 0.000218263
  260 259.5 0.481084 0.000208804
  261 260.5 0.189022 8.20408e-05
  262 261.5 0.011358 4.92969e-06
  263 262.5 2e-05 8.68056e-09
  264 263.5 0.010046 4.36024e-06
  265 264.5 0.165248 7.17222e-05
  266 265.5 0.399586 0.000173431
  267 266.5 0.362284 0.000157241
  268 267.5 0.062386 2.70773e-05
  269 268.5 0.018802 8.16059e-06
  270 269.5 0.237434 0.000103053
  271 270.5 0.829762 0.00036014
  272 271.5 1.35143 0.000586556
  273 272.5 1.12503 0.000488293
  274 273.5 0.400964 0.00017403
  275 274.5 0.104906 4.55321e-05
  276 275.5 0.292842 0.000127102
  277 276.5 0.461706 0.000200393
  278 277.5 0.177338 7.69696e-05
  279 278.5 0.162818 7.06675e-05
  280 279.5 0.388064 0.000168431
  281 280.5 0.378952 0.000164476
  282 281.5 0.069784 3.02882e-05
  283 282.5 0.000618 2.68229e-07
  284 283.5 0 0
  285 284.5 0.000902 3.91493e-07
  286 285.5 0.077562 3.36641e-05
  287 286.5 0.334846 0.000145332
  288 287.5 0.76346 0.000331363
  289 288.5 0.906364 0.000393387
  290 289.5 0.727998 0.000315971
  291 290.5 0.185858 8.06675e-05
  292 291.5 0.123728 5.37014e-05
  293 292.5 0.347648 0.000150889
  294 293.5 0.425632 0.000184736
  295 294.5 0.104004 4.51406e-05
  296 295.5 0.001998 8.67188e-07
  297 296.5 0.000106 4.60069e-08
  298 297.5 0.035802 1.55391e-05
  299 298.5 0.249508 0.000108293
  300 299.5 0.640302 0.000277909
  301 300.5 0.834058 0.000362004
  302 301.5 0.805804 0.000349741
  303 302.5 0.386418 0.000167716
  304 303.5 0.186932 8.11337e-05
  305 304.5 0.36713 0.000159345
  306 305.5 0.407266 0.000176765
  307 306.5 0.194208 8.42917e-05
  308 307.5 0.353566 0.000153457
  309 308.5 0.69417 0.000301289
  310 309.5 1.22568 0.000531977
  311 310.5 1.92072 0.000833644
  312 311.5 1.52458 0.000661709
  313 312.5 0.616664 0.000267649
  314 313.5 0.604498 0.000262369
  315 314.5 0.832824 0.000361469
  316 315.5 1.20819 0.000524387
  317 316.5 0.836562 0.000363091
  318 317.5 0.213804 9.27969e-05
  319 318.5 0.107466 4.66432e-05
  320 319.5 0.073504 3.19028e-05
  321 320.5 0.284528 0.000123493
  322 321.5 0.619606 0.000268926
  323 322.5 0.565068 0.000245255
  324 323.5 0.198354 8.60911e-05
  325 324.5 0.09523 4.13325e-05
  326 325.5 0.652744 0.000283309
  327 326.5 1.31735 0.000571768
  328 327.5 0.850198 0.00036901
  329 328.5 0.239656 0.000104017
  330 329.5 0.403802 0.000175261
  331 330.5 0.656076 0.000284755
  332 331.5 0.553242 0.000240122
  333 332.5 0.22592 9.80556e-05
  334 333.5 0.01847 8.01649e-06
  335 334.5 0.005524 2.39757e-06
  336 335.5 0.167764 7.28142e-05
  337 336.5 0.591374 0.000256673
  338 337.5 0.857974 0.000372385
  339 338.5 0.557638 0.00024203
  340 339.5 0.679892 0.000295092
  341 340.5 0.872066 0.000378501
  342 341.5 0.68195 0.000295985
  343 342.5 0.906294 0.000393357
  344 343.5 1.30402 0.000565982
  345 344.5 0.88227 0.00038293
  346 345.5 0.499736 0.000216899
  347 346.5 0.76653 0.000332695
  348 347.5 1.40495 0.000609788
  349 348.5 2.92197 0.00126822
  350 349.5 5.50242 0.0023882
  351 350.5 9.41658 0.00408706
  352 351.5 14.6859 0.0063741
  353 352.5 20.3423 0.00882914
  354 353.5 25.0055 0.0108531
  355 354.5 27.936 0.012125
  356 355.5 29.3365 0.0127329
  357 356.5 29.6516 0.0128696
  358 357.5 29.4071 0.0127635
  359 358.5 28.9577 0.0125684
  360 359.5 28.6028 0.0124144
  361 360.5 28.2808 0.0122747
  362 361.5 27.9524 0.0121321
  363 362.5 27.6774 0.0120128
  364 363.5 27.4874 0.0119303
  365 364.5 27.3737 0.0118809
  366 365.5 27.2003 0.0118057
  367 366.5 27.0816 0.0117542
  368 367.5 27.0273 0.0117306
  369 368.5 26.9682 0.0117049
  370 369.5 26.8953 0.0116733
  371 370.5 26.8142 0.0116381
  372 371.5 26.7966 0.0116305
  373 372.5 26.8178 0.0116397
  374 373.5 26.7369 0.0116046
  375 374.5 26.7339 0.0116032
  376 375.5 26.732 0.0116025
  377 376.5 26.6938 0.0115858
  378 377.5 26.6784 0.0115792
  379 378.5 26.6655 0.0115736
  380 379.5 26.6932 0.0115856
  381 380.5 26.6609 0.0115716
  382 381.5 26.6613 0.0115718
  383 382.5 26.6722 0.0115765
  384 383.5 26.6608 0.0115715
  385 384.5 26.6365 0.011561
  386 385.5 26.66 0.0115712
  387 386.5 26.6622 0.0115722
  388 387.5 26.631 0.0115586
  389 388.5 26.6464 0.0115653
  390 389.5 26.6713 0.0115761
  391 390.5 26.6042 0.011547
  392 391.5 26.6351 0.0115604
  393 392.5 26.6326 0.0115593
  394 393.5 26.649 0.0115664
  395 394.5 26.6349 0.0115603
  396 395.5 26.62 0.0115538
  397 396.5 26.6437 0.0115641
  398 397.5 26.6275 0.0115571
  399 398.5 26.6252 0.0115561
  400 399.5 26.6668 0.0115741
  401 400.5 26.6859 0.0115824
  402 401.5 26.6404 0.0115627
  403 402.5 26.6442 0.0115643
  404 403.5 26.6564 0.0115696
  405 404.5 26.6716 0.0115762
  406 405.5 26.646 0.0115651
  407 406.5 26.6656 0.0115736
  408 407.5 26.6672 0.0115743
  409 408.5 26.6498 0.0115668
  410 409.5 26.6706 0.0115758
  411 410.5 26.6857 0.0115823
  412 411.5 26.6635 0.0115727
  413 412.5 26.6222 0.0115548
  414 413.5 26.6655 0.0115736
  415 414.5 26.7042 0.0115904
  416 415.5 26.6788 0.0115793
  417 416.5 26.67 0.0115755
  418 417.5 26.6999 0.0115885
  419 418.5 26.7029 0.0115898
  420 419.5 26.6854 0.0115822
  421 420.5 26.6698 0.0115754
  422 421.5 26.6866 0.0115827
  423 422.5 26.6777 0.0115789
  424 423.5 26.6793 0.0115796
  425 424.5 26.6425 0.0115636
  426 425.5 26.6826 0.011581
  427 426.5 26.6708 0.0115759
  428 427.5 26.6654 0.0115735
  429 428.5 26.6299 0.0115581
  430 429.5 26.6536 0.0115684
  431 430.5 26.6467 0.0115654
  432 431.5 26.6066 0.011548
  433 432.5 26.5982 0.0115444
  434 433.5 26.6193 0.0115535
  435 434.5 26.5706 0.0115324
  436 435.5 26.5228 0.0115116
  437 436.5 26.549 0.011523
  438 437.5 26.5368 0.0115177
  439 438.5 26.4597 0.0114843
  440 439.5 26.4446 0.0114777
  441 440.5 26.3715 0.011446
  442 441.5 26.3351 0.0114302
  443 442.5 26.2521 0.0113941
  444 443.5 26.1513 0.0113504
  445 444.5 26.0368 0.0113007
  446 445.5 25.9069 0.0112443
  447 446.5 25.7038 0.0111561
  448 447.5 25.4783 0.0110583
  449 448.5 25.1822 0.0109298
  450 449.5 24.871 0.0107947
  451 450.5 24.453 0.0106133
  452 451.5 24.0073 0.0104199
  453 452.5 23.4514 0.0101786
  454 453.5 22.8218 0.00990528
  455 454.5 22.0899 0.00958761
  456 455.5 21.2862 0.00923882
  457 456.5 20.3411 0.00882862
  458 457.5 19.3583 0.00840203
  459 458.5 18.2687 0.00792912
  460 459.5 17.1687 0.00745171
  461 460.5 15.9738 0.00693308
  462 461.5 14.7666 0.00640913
  463 462.5 13.5881 0.0058976
  464 463.5 12.4082 0.00538551
  465 464.5 11.2729 0.00489274
  466 465.5 10.2216 0.00443645
  467 466.5 9.22045 0.00400193
  468 467.5 8.33342 0.00361694
  469 468.5 7.51543 0.0032619
  470 469.5 6.80603 0.00295401
  471 470.5 6.20002 0.00269098
  472 471.5 5.6837 0.00246688
  473 472.5 5.24409 0.00227608
  474 473.5 4.86862 0.00211312
  475 474.5 4.57981 0.00198776
  476 475.5 4.33224 0.00188031
  477 476.5 4.13811 0.00179606
  478 477.5 3.97351 0.00172461
  479 478.5 3.86588 0.0016779
  480 479.5 3.77589 0.00163884
