# Chunk-averaged data for fix tensor2 and group c1
# Timestep Number-of-chunks Total-count
# Chunk Coord1 Ncount density/number
20000000 480 4547.000000000002
  1 0.5 8.11592 0.00352253
  2 1.5 8.08566 0.0035094
  3 2.5 8.06974 0.00350249
  4 3.5 8.04095 0.00348999
  5 4.5 8.00074 0.00347254
  6 5.5 7.97608 0.00346184
  7 6.5 7.94431 0.00344805
  8 7.5 7.91952 0.00343729
  9 8.5 7.9018 0.0034296
  10 9.5 7.88428 0.003422
  11 10.5 7.85117 0.00340763
  12 11.5 7.82833 0.00339771
  13 12.5 7.80455 0.00338739
  14 13.5 7.79926 0.0033851
  15 14.5 7.76178 0.00336883
  16 15.5 7.76451 0.00337001
  17 16.5 7.73693 0.00335804
  18 17.5 7.73083 0.00335539
  19 18.5 7.71584 0.00334889
  20 19.5 7.6946 0.00333967
  21 20.5 7.68167 0.00333406
  22 21.5 7.66755 0.00332793
  23 22.5 7.65396 0.00332203
  24 23.5 7.64825 0.00331955
  25 24.5 7.65083 0.00332067
  26 25.5 7.64973 0.0033202
  27 26.5 7.60983 0.00330288
  28 27.5 7.60177 0.00329938
  29 28.5 7.5897 0.00329414
  30 29.5 7.59319 0.00329565
  31 30.5 7.56207 0.00328215
  32 31.5 7.55558 0.00327933
  33 32.5 7.55837 0.00328054
  34 33.5 7.59796 0.00329773
  35 34.5 7.59678 0.00329721
  36 35.5 7.58438 0.00329183
  37 36.5 7.61212 0.00330387
  38 37.5 7.60797 0.00330207
  39 38.5 7.61182 0.00330374
  40 39.5 7.62204 0.00330818
  41 40.5 7.64044 0.00331616
  42 41.5 7.67409 0.00333077
  43 42.5 7.67077 0.00332933
  44 43.5 7.68828 0.00333693
  45 44.5 7.71787 0.00334977
  46 45.5 7.74094 0.00335978
  47 46.5 7.77059 0.00337265
  48 47.5 7.793 0.00338238
  49 48.5 7.83195 0.00339929
  50 49.5 7.8725 0.00341688
  51 50.5 7.89222 0.00342544
  52 51.5 7.91942 0.00343725
  53 52.5 7.97125 0.00345974
  54 53.5 8.0228 0.00348212
  55 54.5 8.09322 0.00351268
  56 55.5 8.17242 0.00354706
  57 56.5 8.22178 0.00356848
  58 57.5 8.29892 0.00360196
  59 58.5 8.38044 0.00363734
  60 59.5 8.47467 0.00367824
  61 60.5 8.5431 0.00370794
  62 61.5 8.62864 0.00374507
  63 62.5 8.74132 0.00379398
  64 63.5 8.84765 0.00384012
  65 64.5 8.96734 0.00389208
  66 65.5 9.07106 0.00393709
  67 66.5 9.1678 0.00397908
  68 67.5 9.31847 0.00404447
  69 68.5 9.45683 0.00410453
  70 69.5 9.59603 0.00416494
  71 70.5 9.74936 0.00423149
  72 71.5 9.89834 0.00429615
  73 72.5 10.0373 0.00435649
  74 73.5 10.1877 0.00442175
  75 74.5 10.3431 0.00448918
  76 75.5 10.5097 0.00456148
  77 76.5 10.6603 0.00462688
  78 77.5 10.8272 0.00469929
  79 78.5 10.9905 0.0047702
  80 79.5 11.1429 0.00483634
  81 80.5 11.3256 0.00491561
  82 81.5 11.5133 0.00499707
  83 82.5 11.6805 0.00506966
  84 83.5 11.8521 0.00514412
  85 84.5 12.0355 0.00522372
  86 85.5 12.2222 0.00530479
  87 86.5 12.4258 0.00539312
  88 87.5 12.6363 0.00548451
  89 88.5 12.8438 0.00557457
  90 89.5 13.0073 0.00564555
  91 90.5 13.2592 0.00575487
  92 91.5 13.4776 0.00584966
  93 92.5 13.6945 0.0059438
  94 93.5 13.9229 0.00604293
  95 94.5 14.1188 0.00612794
  96 95.5 14.3361 0.00622225
  97 96.5 14.5913 0.00633304
  98 97.5 14.7985 0.00642298
  99 98.5 15.04 0.00652777
  100 99.5 15.2575 0.0066222
  101 100.5 15.5042 0.00672925
  102 101.5 15.693 0.00681121
  103 102.5 15.935 0.00691625
  104 103.5 16.1543 0.00701141
  105 104.5 16.3746 0.00710701
  106 105.5 16.5924 0.00720158
  107 106.5 16.815 0.00729817
  108 107.5 17.0387 0.00739527
  109 108.5 17.2461 0.00748531
  110 109.5 17.424 0.00756249
  111 110.5 17.6559 0.00766317
  112 111.5 17.885 0.00776261
  113 112.5 18.0648 0.00784061
  114 113.5 18.2453 0.00791896
  115 114.5 18.4394 0.00800322
  116 115.5 18.617 0.00808029
  117 116.5 18.7952 0.00815766
  118 117.5 18.9597 0.00822904
  119 118.5 19.0925 0.00828668
  120 119.5 19.2636 0.00836093
  121 120.5 19.4297 0.00843304
  122 121.5 19.5592 0.00848924
  123 122.5 19.6979 0.00854946
  124 123.5 19.8363 0.00860949
  125 124.5 19.9374 0.00865339
  126 125.5 20.0525 0.00870335
  127 126.5 20.1869 0.00876166
  128 127.5 20.2871 0.00880516
  129 128.5 20.3839 0.0088472
  130 129.5 20.4793 0.00888857
  131 130.5 20.5407 0.00891523
  132 131.5 20.6272 0.00895279
  133 132.5 20.6941 0.00898179
  134 133.5 20.7757 0.00901724
  135 134.5 20.8261 0.0090391
  136 135.5 20.8936 0.0090684
  137 136.5 20.9236 0.00908141
  138 137.5 21.0029 0.00911583
  139 138.5 21.0206 0.00912354
  140 139.5 21.0764 0.00914776
  141 140.5 21.1107 0.00916262
  142 141.5 21.1739 0.00919006
  143 142.5 21.1737 0.00918999
  144 143.5 21.237 0.00921743
  145 144.5 21.2708 0.00923211
  146 145.5 21.3135 0.00925063
  147 146.5 21.3603 0.00927095
  148 147.5 21.382 0.00928037
  149 148.5 21.4029 0.00928946
  150 149.5 21.4509 0.00931027
  151 150.5 21.5128 0.00933716
  152 151.5 21.5505 0.00935349
  153 152.5 21.5923 0.00937166
  154 153.5 21.6646 0.00940305
  155 154.5 21.7039 0.0094201
  156 155.5 21.7393 0.00943548
  157 156.5 21.8183 0.00946975
  158 157.5 21.9131 0.00951088
  159 158.5 21.9728 0.00953681
  160 159.5 22.0387 0.00956542
  161 160.5 22.1664 0.00962083
  162 161.5 22.3129 0.00968444
  163 162.5 22.4147 0.0097286
  164 163.5 22.5747 0.00979806
  165 164.5 22.7744 0.00988471
  166 165.5 22.9046 0.00994123
  167 166.5 23.1895 0.0100649
  168 167.5 23.4732 0.010188
  169 168.5 23.6745 0.0102754
  170 169.5 23.9591 0.0103989
  171 170.5 24.5272 0.0106455
  172 171.5 24.9103 0.0108118
  173 172.5 24.7758 0.0107534
  174 173.5 25.039 0.0108676
  175 174.5 24.7483 0.0107414
  176 175.5 21.9173 0.00951273
  177 176.5 17.9293 0.00778182
  178 177.5 15.1168 0.00656109
  179 178.5 13.9681 0.00606254
  180 179.5 13.4753 0.00584866
  181 180.5 12.1288 0.00526422
  182 181.5 8.73432 0.00379094
  183 182.5 4.5343 0.00196801
  184 183.5 1.8237 0.000791536
  185 184.5 0.622942 0.000270374
  186 185.5 0.184056 7.98854e-05
  187 186.5 0.044572 1.93455e-05
  188 187.5 0.005442 2.36198e-06
  189 188.5 0.000174 7.55208e-08
  190 189.5 0 0
  191 190.5 0 0
  192 191.5 0 0
  193 192.5 0 0
  194 193.5 0 0
  195 194.5 0 0
  196 195.5 0 0
  197 196.5 0 0
  198 197.5 0 0
  199 198.5 0 0
  200 199.5 0 0
  201 200.5 0 0
  202 201.5 0 0
  203 202.5 0 0
  204 203.5 0 0
  205 204.5 0 0
  206 205.5 0 0
  207 206.5 0 0
  208 207.5 0 0
  209 208.5 0 0
  210 209.5 0 0
  211 210.5 0 0
  212 211.5 0 0
  213 212.5 0 0
  214 213.5 0 0
  215 214.5 0 0
  216 215.5 0 0
  217 216.5 0 0
  218 217.5 0 0
  219 218.5 0 0
  220 219.5 0 0
  221 220.5 0 0
  222 221.5 0 0
  223 222.5 0 0
  224 223.5 0 0
  225 224.5 0 0
  226 225.5 0 0
  227 226.5 0 0
  228 227.5 0 0
  229 228.5 0 0
  230 229.5 0 0
  231 230.5 0 0
  232 231.5 0 0
  233 232.5 0 0
  234 233.5 0 0
  235 234.5 0 0
  236 235.5 0 0
  237 236.5 0 0
  238 237.5 0 0
  239 238.5 0 0
  240 239.5 0 0
  241 240.5 0 0
  242 241.5 0 0
  243 242.5 0 0
  244 243.5 0 0
  245 244.5 0 0
  246 245.5 0 0
  247 246.5 0 0
  248 247.5 0 0
  249 248.5 0 0
  250 249.5 0 0
  251 250.5 0 0
  252 251.5 0 0
  253 252.5 0 0
  254 253.5 0 0
  255 254.5 0 0
  256 255.5 0 0
  257 256.5 0 0
  258 257.5 0 0
  259 258.5 0 0
  260 259.5 0 0
  261 260.5 0 0
  262 261.5 0 0
  263 262.5 0 0
  264 263.5 0 0
  265 264.5 0 0
  266 265.5 0 0
  267 266.5 0 0
  268 267.5 0 0
  269 268.5 0 0
  270 269.5 0 0
  271 270.5 0 0
  272 271.5 0 0
  273 272.5 0 0
  274 273.5 0 0
  275 274.5 0 0
  276 275.5 0 0
  277 276.5 0 0
  278 277.5 0 0
  279 278.5 0 0
  280 279.5 0 0
  281 280.5 0 0
  282 281.5 0 0
  283 282.5 0 0
  284 283.5 0 0
  285 284.5 0 0
  286 285.5 0 0
  287 286.5 0 0
  288 287.5 0 0
  289 288.5 0 0
  290 289.5 0 0
  291 290.5 0 0
  292 291.5 0 0
  293 292.5 0 0
  294 293.5 0 0
  295 294.5 0 0
  296 295.5 0 0
  297 296.5 0 0
  298 297.5 0 0
  299 298.5 0 0
  300 299.5 0 0
  301 300.5 0 0
  302 301.5 0 0
  303 302.5 0 0
  304 303.5 0 0
  305 304.5 0 0
  306 305.5 0 0
  307 306.5 0 0
  308 307.5 0 0
  309 308.5 0 0
  310 309.5 0 0
  311 310.5 0 0
  312 311.5 0 0
  313 312.5 0 0
  314 313.5 0 0
  315 314.5 0 0
  316 315.5 0 0
  317 316.5 0 0
  318 317.5 3.8e-05 1.64931e-08
  319 318.5 0.00099 4.29688e-07
  320 319.5 0.014338 6.22309e-06
  321 320.5 0.07452 3.23437e-05
  322 321.5 0.352266 0.000152893
  323 322.5 1.13511 0.000492671
  324 323.5 2.6786 0.00116259
  325 324.5 5.11644 0.00222068
  326 325.5 8.2879 0.00359718
  327 326.5 11.4043 0.0049498
  328 327.5 13.4413 0.00583389
  329 328.5 14.4328 0.00626422
  330 329.5 15.6336 0.00678544
  331 330.5 18.0833 0.00784866
  332 331.5 21.2681 0.00923093
  333 332.5 23.8239 0.0103402
  334 333.5 24.942 0.0108255
  335 334.5 24.9994 0.0108505
  336 335.5 24.5584 0.010659
  337 336.5 24.1237 0.0104703
  338 337.5 23.7052 0.0102887
  339 338.5 23.2996 0.0101127
  340 339.5 22.9759 0.00997218
  341 340.5 22.6754 0.00984174
  342 341.5 22.3496 0.00970034
  343 342.5 22.1155 0.00959872
  344 343.5 21.876 0.0094948
  345 344.5 21.6148 0.00938144
  346 345.5 21.4071 0.00929126
  347 346.5 21.2139 0.00920742
  348 347.5 20.9619 0.00909803
  349 348.5 20.7592 0.00901008
  350 349.5 20.5628 0.00892484
  351 350.5 20.4078 0.00885756
  352 351.5 20.1693 0.00875402
  353 352.5 19.9221 0.00864675
  354 353.5 19.7408 0.00856805
  355 354.5 19.5354 0.0084789
  356 355.5 19.3115 0.00838174
  357 356.5 19.0902 0.00828569
  358 357.5 18.9007 0.00820345
  359 358.5 18.6527 0.0080958
  360 359.5 18.4414 0.00800409
  361 360.5 18.2087 0.00790307
  362 361.5 17.979 0.00780337
  363 362.5 17.7306 0.00769559
  364 363.5 17.522 0.00760505
  365 364.5 17.2884 0.00750365
  366 365.5 17.0642 0.00740633
  367 366.5 16.8526 0.00731448
  368 367.5 16.6472 0.00722534
  369 368.5 16.4656 0.00714653
  370 369.5 16.2481 0.00705213
  371 370.5 16.0267 0.00695604
  372 371.5 15.8548 0.00688142
  373 372.5 15.6716 0.00680192
  374 373.5 15.4661 0.00671271
  375 374.5 15.2826 0.00663309
  376 375.5 15.1051 0.00655604
  377 376.5 14.9391 0.00648398
  378 377.5 14.7487 0.00640134
  379 378.5 14.579 0.0063277
  380 379.5 14.4468 0.0062703
  381 380.5 14.2554 0.00618726
  382 381.5 14.1038 0.00612146
  383 382.5 13.9209 0.00604205
  384 383.5 13.7693 0.00597627
  385 384.5 13.5983 0.00590203
  386 385.5 13.436 0.00583159
  387 386.5 13.2383 0.00574577
  388 387.5 13.0617 0.00566912
  389 388.5 12.8919 0.00559543
  390 389.5 12.7194 0.00552057
  391 390.5 12.551 0.00544747
  392 391.5 12.3698 0.00536883
  393 392.5 12.2179 0.00530292
  394 393.5 12.0445 0.00522763
  395 394.5 11.8702 0.00515201
  396 395.5 11.6837 0.00507104
  397 396.5 11.511 0.00499608
  398 397.5 11.3478 0.00492524
  399 398.5 11.1654 0.00484607
  400 399.5 11.0052 0.00477656
  401 400.5 10.8201 0.00469623
  402 401.5 10.6467 0.00462095
  403 402.5 10.4527 0.00453676
  404 403.5 10.3019 0.00447132
  405 404.5 10.1781 0.00441757
  406 405.5 9.99923 0.00433995
  407 406.5 9.84201 0.00427171
  408 407.5 9.70656 0.00421292
  409 408.5 9.56755 0.00415258
  410 409.5 9.4328 0.0040941
  411 410.5 9.31166 0.00404152
  412 411.5 9.18996 0.0039887
  413 412.5 9.06833 0.00393591
  414 413.5 8.97326 0.00389465
  415 414.5 8.88084 0.00385453
  416 415.5 8.78635 0.00381352
  417 416.5 8.6927 0.00377287
  418 417.5 8.62661 0.00374419
  419 418.5 8.567 0.00371832
  420 419.5 8.48016 0.00368063
  421 420.5 8.43147 0.00365949
  422 421.5 8.38036 0.00363731
  423 422.5 8.32675 0.00361404
  424 423.5 8.29312 0.00359944
  425 424.5 8.24168 0.00357712
  426 425.5 8.22158 0.0035684
  427 426.5 8.16746 0.0035449
  428 427.5 8.14289 0.00353424
  429 428.5 8.11238 0.003521
  430 429.5 8.08853 0.00351065
  431 430.5 8.06882 0.00350209
  432 431.5 8.05686 0.0034969
  433 432.5 8.03984 0.00348951
  434 433.5 8.01856 0.00348028
  435 434.5 7.99838 0.00347152
  436 435.5 8.01291 0.00347782
  437 436.5 8.02019 0.00348099
  438 437.5 8.00045 0.00347242
  439 438.5 7.98505 0.00346573
  440 439.5 7.99811 0.0034714
  441 440.5 7.98641 0.00346632
  442 441.5 7.99572 0.00347036
  443 442.5 7.99023 0.00346798
  444 443.5 7.99401 0.00346962
  445 444.5 7.99198 0.00346874
  446 445.5 8.01797 0.00348002
  447 446.5 8.00712 0.00347531
  448 447.5 8.0055 0.00347461
  449 448.5 8.01458 0.00347855
  450 449.5 8.00661 0.00347509
  451 450.5 8.02107 0.00348137
  452 451.5 8.03596 0.00348783
  453 452.5 8.04991 0.00349389
  454 453.5 8.0615 0.00349891
  455 454.5 8.05862 0.00349767
  456 455.5 8.07705 0.00350566
  457 456.5 8.10598 0.00351822
  458 457.5 8.10617 0.0035183
  459 458.5 8.11781 0.00352335
  460 459.5 8.14237 0.00353402
  461 460.5 8.14065 0.00353327
  462 461.5 8.14629 0.00353571
  463 462.5 8.15871 0.00354111
  464 463.5 8.16339 0.00354314
  465 464.5 8.16831 0.00354527
  466 465.5 8.17089 0.00354639
  467 466.5 8.17134 0.00354659
  468 467.5 8.16936 0.00354573
  469 468.5 8.16813 0.0035452
  470 469.5 8.16644 0.00354446
  471 470.5 8.18856 0.00355406
  472 471.5 8.19212 0.00355561
  473 472.5 8.18579 0.00355286
  474 473.5 8.1878 0.00355373
  475 474.5 8.19513 0.00355691
  476 475.5 8.17124 0.00354655
  477 476.5 8.17006 0.00354603
  478 477.5 8.14311 0.00353433
  479 478.5 8.13507 0.00353085
  480 479.5 8.15133 0.0035379
30000000 480 4547.0000000000055
  1 0.5 7.31934 0.0031768
  2 1.5 7.32022 0.00317718
  3 2.5 7.33633 0.00318417
  4 3.5 7.32404 0.00317884
  5 4.5 7.33389 0.00318311
  6 5.5 7.33765 0.00318475
  7 6.5 7.32998 0.00318141
  8 7.5 7.32977 0.00318132
  9 8.5 7.32615 0.00317975
  10 9.5 7.32947 0.00318119
  11 10.5 7.31199 0.00317361
  12 11.5 7.30975 0.00317263
  13 12.5 7.28156 0.0031604
  14 13.5 7.28486 0.00316183
  15 14.5 7.27283 0.00315661
  16 15.5 7.27012 0.00315543
  17 16.5 7.26922 0.00315505
  18 17.5 7.25195 0.00314755
  19 18.5 7.22835 0.00313731
  20 19.5 7.22644 0.00313648
  21 20.5 7.21004 0.00312936
  22 21.5 7.21392 0.00313104
  23 22.5 7.20479 0.00312708
  24 23.5 7.21007 0.00312937
  25 24.5 7.19352 0.00312219
  26 25.5 7.19157 0.00312134
  27 26.5 7.19161 0.00312136
  28 27.5 7.19145 0.00312129
  29 28.5 7.18943 0.00312041
  30 29.5 7.20925 0.00312901
  31 30.5 7.20041 0.00312518
  32 31.5 7.20426 0.00312685
  33 32.5 7.19894 0.00312454
  34 33.5 7.21739 0.00313255
  35 34.5 7.21993 0.00313365
  36 35.5 7.19433 0.00312254
  37 36.5 7.18975 0.00312055
  38 37.5 7.20195 0.00312585
  39 38.5 7.20271 0.00312618
  40 39.5 7.18938 0.00312039
  41 40.5 7.18918 0.0031203
  42 41.5 7.21287 0.00313058
  43 42.5 7.21753 0.00313261
  44 43.5 7.20134 0.00312558
  45 44.5 7.22789 0.00313711
  46 45.5 7.24507 0.00314456
  47 46.5 7.24734 0.00314555
  48 47.5 7.24459 0.00314436
  49 48.5 7.24299 0.00314366
  50 49.5 7.25344 0.0031482
  51 50.5 7.26145 0.00315167
  52 51.5 7.27256 0.00315649
  53 52.5 7.29515 0.0031663
  54 53.5 7.30282 0.00316963
  55 54.5 7.30615 0.00317107
  56 55.5 7.3096 0.00317257
  57 56.5 7.32392 0.00317878
  58 57.5 7.34451 0.00318772
  59 58.5 7.33534 0.00318374
  60 59.5 7.34659 0.00318863
  61 60.5 7.35376 0.00319174
  62 61.5 7.38128 0.00320368
  63 62.5 7.4071 0.00321489
  64 63.5 7.39674 0.00321039
  65 64.5 7.3872 0.00320625
  66 65.5 7.41688 0.00321913
  67 66.5 7.41189 0.00321697
  68 67.5 7.40033 0.00321195
  69 68.5 7.42878 0.0032243
  70 69.5 7.43597 0.00322742
  71 70.5 7.42 0.00322049
  72 71.5 7.43575 0.00322732
  73 72.5 7.4291 0.00322443
  74 73.5 7.4389 0.00322869
  75 74.5 7.45481 0.00323559
  76 75.5 7.45028 0.00323363
  77 76.5 7.44855 0.00323288
  78 77.5 7.47451 0.00324414
  79 78.5 7.48251 0.00324762
  80 79.5 7.50341 0.00325669
  81 80.5 7.49631 0.00325361
  82 81.5 7.50943 0.0032593
  83 82.5 7.54387 0.00327425
  84 83.5 7.55052 0.00327713
  85 84.5 7.58438 0.00329183
  86 85.5 7.6046 0.00330061
  87 86.5 7.62706 0.00331036
  88 87.5 7.64763 0.00331929
  89 88.5 7.69559 0.0033401
  90 89.5 7.72117 0.0033512
  91 90.5 7.74017 0.00335945
  92 91.5 7.78725 0.00337988
  93 92.5 7.83459 0.00340043
  94 93.5 7.87833 0.00341941
  95 94.5 7.9476 0.00344948
  96 95.5 8.01443 0.00347849
  97 96.5 8.08639 0.00350972
  98 97.5 8.17912 0.00354996
  99 98.5 8.25021 0.00358082
  100 99.5 8.35512 0.00362635
  101 100.5 8.47309 0.00367755
  102 101.5 8.60407 0.00373441
  103 102.5 8.73932 0.00379311
  104 103.5 8.88189 0.00385499
  105 104.5 9.04001 0.00392362
  106 105.5 9.20995 0.00399737
  107 106.5 9.39109 0.004076
  108 107.5 9.57341 0.00415513
  109 108.5 9.77509 0.00424266
  110 109.5 9.99644 0.00433873
  111 110.5 10.2347 0.00444214
  112 111.5 10.4843 0.00455046
  113 112.5 10.7556 0.00466824
  114 113.5 11.0214 0.00478361
  115 114.5 11.2994 0.00490426
  116 115.5 11.5901 0.00503041
  117 116.5 11.9158 0.0051718
  118 117.5 12.2296 0.00530798
  119 118.5 12.536 0.00544096
  120 119.5 12.8794 0.00559002
  121 120.5 13.1916 0.00572551
  122 121.5 13.5401 0.00587678
  123 122.5 13.8723 0.00602098
  124 123.5 14.196 0.00616144
  125 124.5 14.5074 0.00629662
  126 125.5 14.8703 0.00645412
  127 126.5 15.1957 0.00659534
  128 127.5 15.5023 0.00672842
  129 128.5 15.8293 0.00687034
  130 129.5 16.1625 0.00701498
  131 130.5 16.4629 0.00714534
  132 131.5 16.7385 0.00726498
  133 132.5 17.0361 0.00739415
  134 133.5 17.3012 0.0075092
  135 134.5 17.5978 0.00763792
  136 135.5 17.8622 0.00775267
  137 136.5 18.1182 0.00786379
  138 137.5 18.327 0.00795441
  139 138.5 18.5573 0.00805436
  140 139.5 18.7751 0.00814892
  141 140.5 18.9845 0.00823982
  142 141.5 19.133 0.00830426
  143 142.5 19.3477 0.00839744
  144 143.5 19.547 0.00848393
  145 144.5 19.6892 0.00854566
  146 145.5 19.8371 0.00860986
  147 146.5 19.9941 0.008678
  148 147.5 20.1554 0.008748
  149 148.5 20.2835 0.0088036
  150 149.5 20.3943 0.0088517
  151 150.5 20.5368 0.00891356
  152 151.5 20.616 0.0089479
  153 152.5 20.7436 0.00900332
  154 153.5 20.7987 0.00902721
  155 154.5 20.8891 0.00906645
  156 155.5 21.018 0.00912239
  157 156.5 21.0821 0.00915024
  158 157.5 21.1727 0.00918954
  159 158.5 21.2625 0.0092285
  160 159.5 21.33 0.0092578
  161 160.5 21.4487 0.00930935
  162 161.5 21.522 0.00934116
  163 162.5 21.5955 0.00937304
  164 163.5 21.6983 0.00941765
  165 164.5 21.8329 0.00947609
  166 165.5 21.9388 0.00952207
  167 166.5 22.0066 0.00955149
  168 167.5 22.1383 0.00960862
  169 168.5 22.2832 0.00967154
  170 169.5 22.4401 0.00973963
  171 170.5 22.605 0.0098112
  172 171.5 22.7564 0.00987689
  173 172.5 22.9922 0.00997924
  174 173.5 23.2968 0.0101115
  175 174.5 23.4731 0.010188
  176 175.5 23.735 0.0103016
  177 176.5 24.2554 0.0105275
  178 177.5 24.7449 0.01074
  179 178.5 24.8802 0.0107987
  180 179.5 25.272 0.0109688
  181 180.5 26.3906 0.0114542
  182 181.5 26.3812 0.0114502
  183 182.5 23.7797 0.0103211
  184 183.5 20.6317 0.00895474
  185 184.5 17.0844 0.00741509
  186 185.5 12.3702 0.00536901
  187 186.5 7.07358 0.00307013
  188 187.5 3.06959 0.00133229
  189 188.5 1.14088 0.000495173
  190 189.5 0.359006 0.000155819
  191 190.5 0.083668 3.63142e-05
  192 191.5 0.015378 6.67448e-06
  193 192.5 0.001774 7.69965e-07
  194 193.5 0.000214 9.28819e-08
  195 194.5 0 0
  196 195.5 0 0
  197 196.5 0 0
  198 197.5 0 0
  199 198.5 0 0
  200 199.5 0 0
  201 200.5 0 0
  202 201.5 0 0
  203 202.5 0 0
  204 203.5 0 0
  205 204.5 0 0
  206 205.5 0 0
  207 206.5 0 0
  208 207.5 0 0
  209 208.5 0 0
  210 209.5 0 0
  211 210.5 0 0
  212 211.5 0 0
  213 212.5 0 0
  214 213.5 0 0
  215 214.5 0 0
  216 215.5 0 0
  217 216.5 0 0
  218 217.5 0 0
  219 218.5 0 0
  220 219.5 0 0
  221 220.5 0 0
  222 221.5 0 0
  223 222.5 0 0
  224 223.5 0 0
  225 224.5 0 0
  226 225.5 0 0
  227 226.5 0 0
  228 227.5 0 0
  229 228.5 0 0
  230 229.5 0 0
  231 230.5 0 0
  232 231.5 0 0
  233 232.5 0 0
  234 233.5 0 0
  235 234.5 0 0
  236 235.5 0 0
  237 236.5 0 0
  238 237.5 0 0
  239 238.5 0 0
  240 239.5 0 0
  241 240.5 0 0
  242 241.5 0 0
  243 242.5 0 0
  244 243.5 0 0
  245 244.5 0 0
  246 245.5 0 0
  247 246.5 0 0
  248 247.5 0 0
  249 248.5 0 0
  250 249.5 0 0
  251 250.5 0 0
  252 251.5 0 0
  253 252.5 0 0
  254 253.5 0 0
  255 254.5 0 0
  256 255.5 0 0
  257 256.5 0 0
  258 257.5 0 0
  259 258.5 0 0
  260 259.5 0 0
  261 260.5 0 0
  262 261.5 0 0
  263 262.5 0 0
  264 263.5 0 0
  265 264.5 0 0
  266 265.5 0 0
  267 266.5 0 0
  268 267.5 0 0
  269 268.5 0 0
  270 269.5 0 0
  271 270.5 0 0
  272 271.5 0 0
  273 272.5 0 0
  274 273.5 0 0
  275 274.5 0 0
  276 275.5 0 0
  277 276.5 0 0
  278 277.5 0 0
  279 278.5 0 0
  280 279.5 0 0
  281 280.5 0 0
  282 281.5 0 0
  283 282.5 0 0
  284 283.5 0 0
  285 284.5 0 0
  286 285.5 0 0
  287 286.5 0 0
  288 287.5 0 0
  289 288.5 0 0
  290 289.5 0 0
  291 290.5 0 0
  292 291.5 0 0
  293 292.5 0 0
  294 293.5 0 0
  295 294.5 0 0
  296 295.5 0 0
  297 296.5 0 0
  298 297.5 0 0
  299 298.5 0 0
  300 299.5 0 0
  301 300.5 0 0
  302 301.5 0 0
  303 302.5 0 0
  304 303.5 0 0
  305 304.5 0 0
  306 305.5 0 0
  307 306.5 0 0
  308 307.5 0 0
  309 308.5 0 0
  310 309.5 0 0
  311 310.5 0 0
  312 311.5 0 0
  313 312.5 0 0
  314 313.5 0 0
  315 314.5 0 0
  316 315.5 0 0
  317 316.5 0 0
  318 317.5 0 0
  319 318.5 0 0
  320 319.5 0 0
  321 320.5 0 0
  322 321.5 0 0
  323 322.5 0 0
  324 323.5 0 0
  325 324.5 0 0
  326 325.5 1.6e-05 6.94444e-09
  327 326.5 0.002436 1.05729e-06
  328 327.5 0.019394 8.41753e-06
  329 328.5 0.102244 4.43767e-05
  330 329.5 0.436876 0.000189616
  331 330.5 1.42282 0.000617543
  332 331.5 3.57461 0.00155148
  333 332.5 7.05185 0.0030607
  334 333.5 11.3758 0.00493743
  335 334.5 15.8616 0.00688437
  336 335.5 20.1041 0.00872574
  337 336.5 23.5071 0.0102027
  338 337.5 25.5121 0.011073
  339 338.5 26.0315 0.0112984
  340 339.5 25.6722 0.0111425
  341 340.5 25.133 0.0109084
  342 341.5 24.6106 0.0106817
  343 342.5 24.2445 0.0105228
  344 343.5 23.9214 0.0103825
  345 344.5 23.5863 0.0102371
  346 345.5 23.3118 0.010118
  347 346.5 23.055 0.0100065
  348 347.5 22.866 0.00992449
  349 348.5 22.7004 0.00985261
  350 349.5 22.5157 0.00977244
  351 350.5 22.4155 0.00972895
  352 351.5 22.2715 0.00966644
  353 352.5 22.1653 0.00962034
  354 353.5 22.1035 0.00959354
  355 354.5 22.0034 0.00955007
  356 355.5 21.9366 0.00952109
  357 356.5 21.8973 0.00950403
  358 357.5 21.8211 0.00947098
  359 358.5 21.7708 0.00944911
  360 359.5 21.7134 0.00942424
  361 360.5 21.672 0.00940625
  362 361.5 21.6065 0.00937784
  363 362.5 21.5866 0.00936917
  364 363.5 21.5763 0.00936471
  365 364.5 21.5464 0.00935172
  366 365.5 21.4582 0.00931346
  367 366.5 21.4428 0.00930676
  368 367.5 21.399 0.00928775
  369 368.5 21.3847 0.00928155
  370 369.5 21.3362 0.00926052
  371 370.5 21.3102 0.00924921
  372 371.5 21.2714 0.00923236
  373 372.5 21.2153 0.00920803
  374 373.5 21.206 0.00920397
  375 374.5 21.1539 0.00918137
  376 375.5 21.0875 0.00915257
  377 376.5 21.0648 0.0091427
  378 377.5 21.0072 0.0091177
  379 378.5 20.9757 0.00910404
  380 379.5 20.8967 0.00906977
  381 380.5 20.8166 0.00903497
  382 381.5 20.7551 0.0090083
  383 382.5 20.6846 0.00897771
  384 383.5 20.5989 0.00894049
  385 384.5 20.5108 0.00890226
  386 385.5 20.4441 0.0088733
  387 386.5 20.3541 0.00883424
  388 387.5 20.2613 0.00879395
  389 388.5 20.1779 0.00875778
  390 389.5 20.0551 0.00870446
  391 390.5 19.9616 0.0086639
  392 391.5 19.8581 0.00861896
  393 392.5 19.7304 0.00856353
  394 393.5 19.5804 0.00849846
  395 394.5 19.4692 0.00845018
  396 395.5 19.2928 0.0083736
  397 396.5 19.1397 0.00830717
  398 397.5 18.9647 0.00823123
  399 398.5 18.7831 0.00815238
  400 399.5 18.6052 0.00807517
  401 400.5 18.3827 0.00797861
  402 401.5 18.1832 0.00789203
  403 402.5 17.9378 0.00778551
  404 403.5 17.7219 0.00769182
  405 404.5 17.4835 0.00758834
  406 405.5 17.219 0.00747352
  407 406.5 16.9395 0.00735221
  408 407.5 16.6947 0.00724596
  409 408.5 16.4398 0.00713531
  410 409.5 16.1324 0.00700191
  411 410.5 15.8342 0.00687248
  412 411.5 15.5314 0.00674105
  413 412.5 15.2294 0.00660999
  414 413.5 14.9466 0.00648724
  415 414.5 14.6455 0.00635655
  416 415.5 14.3403 0.0062241
  417 416.5 14.0347 0.00609146
  418 417.5 13.6926 0.00594297
  419 418.5 13.4018 0.00581676
  420 419.5 13.0954 0.00568375
  421 420.5 12.7845 0.00554883
  422 421.5 12.4755 0.00541473
  423 422.5 12.1905 0.00529101
  424 423.5 11.9182 0.00517285
  425 424.5 11.6158 0.0050416
  426 425.5 11.3516 0.00492692
  427 426.5 11.0982 0.00481693
  428 427.5 10.8097 0.0046917
  429 428.5 10.5695 0.00458745
  430 429.5 10.3755 0.00450326
  431 430.5 10.1483 0.00440463
  432 431.5 9.94689 0.00431723
  433 432.5 9.7437 0.00422904
  434 433.5 9.58473 0.00416004
  435 434.5 9.41036 0.00408436
  436 435.5 9.23213 0.004007
  437 436.5 9.10338 0.00395112
  438 437.5 8.97836 0.00389686
  439 438.5 8.83926 0.00383648
  440 439.5 8.71404 0.00378214
  441 440.5 8.59591 0.00373086
  442 441.5 8.50513 0.00369146
  443 442.5 8.4078 0.00364922
  444 443.5 8.30884 0.00360627
  445 444.5 8.22715 0.00357081
  446 445.5 8.15736 0.00354052
  447 446.5 8.07175 0.00350336
  448 447.5 8.0139 0.00347825
  449 448.5 7.96072 0.00345517
  450 449.5 7.89682 0.00342744
  451 450.5 7.8427 0.00340395
  452 451.5 7.80441 0.00338733
  453 452.5 7.75473 0.00336577
  454 453.5 7.73756 0.00335831
  455 454.5 7.71223 0.00334732
  456 455.5 7.67823 0.00333257
  457 456.5 7.65655 0.00332315
  458 457.5 7.62436 0.00330918
  459 458.5 7.60782 0.003302
  460 459.5 7.5797 0.0032898
  461 460.5 7.55497 0.00327907
  462 461.5 7.51699 0.00326258
  463 462.5 7.51725 0.0032627
  464 463.5 7.48013 0.00324658
  465 464.5 7.43044 0.00322502
  466 465.5 7.42714 0.00322359
  467 466.5 7.42263 0.00322163
  468 467.5 7.3979 0.00321089
  469 468.5 7.38863 0.00320687
  470 469.5 7.36815 0.00319798
  471 470.5 7.33914 0.00318539
  472 471.5 7.33666 0.00318431
  473 472.5 7.34074 0.00318608
  474 473.5 7.3027 0.00316957
  475 474.5 7.32097 0.0031775
  476 475.5 7.30705 0.00317146
  477 476.5 7.3146 0.00317474
  478 477.5 7.3115 0.00317339
  479 478.5 7.32374 0.00317871
  480 479.5 7.32223 0.00317805
40000000 480 4547
  1 0.5 7.41885 0.00321999
  2 1.5 7.41048 0.00321635
  3 2.5 7.40262 0.00321294
  4 3.5 7.41165 0.00321686
  5 4.5 7.39399 0.0032092
  6 5.5 7.38561 0.00320556
  7 6.5 7.38707 0.00320619
  8 7.5 7.39978 0.00321171
  9 8.5 7.3954 0.00320981
  10 9.5 7.39414 0.00320926
  11 10.5 7.3823 0.00320412
  12 11.5 7.39359 0.00320902
  13 12.5 7.39596 0.00321005
  14 13.5 7.39133 0.00320804
  15 14.5 7.39547 0.00320984
  16 15.5 7.39637 0.00321023
  17 16.5 7.40238 0.00321284
  18 17.5 7.39956 0.00321161
  19 18.5 7.40328 0.00321323
  20 19.5 7.38891 0.00320699
  21 20.5 7.38156 0.0032038
  22 21.5 7.37398 0.00320051
  23 22.5 7.38662 0.003206
  24 23.5 7.36404 0.0031962
  25 24.5 7.36942 0.00319853
  26 25.5 7.35967 0.0031943
  27 26.5 7.36975 0.00319867
  28 27.5 7.36272 0.00319563
  29 28.5 7.3446 0.00318776
  30 29.5 7.34839 0.0031894
  31 30.5 7.32448 0.00317903
  32 31.5 7.30128 0.00316896
  33 32.5 7.30679 0.00317135
  34 33.5 7.30126 0.00316895
  35 34.5 7.2944 0.00316597
  36 35.5 7.28294 0.003161
  37 36.5 7.30569 0.00317087
  38 37.5 7.29068 0.00316436
  39 38.5 7.28059 0.00315998
  40 39.5 7.28545 0.00316209
  41 40.5 7.2857 0.0031622
  42 41.5 7.27782 0.00315878
  43 42.5 7.29374 0.00316568
  44 43.5 7.28203 0.0031606
  45 44.5 7.29556 0.00316648
  46 45.5 7.27834 0.003159
  47 46.5 7.29129 0.00316462
  48 47.5 7.28419 0.00316154
  49 48.5 7.27669 0.00315829
  50 49.5 7.28569 0.00316219
  51 50.5 7.30352 0.00316993
  52 51.5 7.30854 0.00317211
  53 52.5 7.32836 0.00318071
  54 53.5 7.3359 0.00318398
  55 54.5 7.34045 0.00318596
  56 55.5 7.34128 0.00318632
  57 56.5 7.34389 0.00318745
  58 57.5 7.33749 0.00318467
  59 58.5 7.33843 0.00318508
  60 59.5 7.33378 0.00318306
  61 60.5 7.35093 0.00319051
  62 61.5 7.35315 0.00319147
  63 62.5 7.34891 0.00318963
  64 63.5 7.34875 0.00318956
  65 64.5 7.36806 0.00319794
  66 65.5 7.38489 0.00320525
  67 66.5 7.37959 0.00320295
  68 67.5 7.39277 0.00320867
  69 68.5 7.40749 0.00321506
  70 69.5 7.41656 0.00321899
  71 70.5 7.44829 0.00323277
  72 71.5 7.46694 0.00324086
  73 72.5 7.49284 0.0032521
  74 73.5 7.52093 0.00326429
  75 74.5 7.56837 0.00328488
  76 75.5 7.59005 0.00329429
  77 76.5 7.61559 0.00330538
  78 77.5 7.62946 0.0033114
  79 78.5 7.66859 0.00332838
  80 79.5 7.71419 0.00334817
  81 80.5 7.7451 0.00336159
  82 81.5 7.78256 0.00337785
  83 82.5 7.81827 0.00339335
  84 83.5 7.85047 0.00340732
  85 84.5 7.86875 0.00341526
  86 85.5 7.90907 0.00343275
  87 86.5 7.95973 0.00345474
  88 87.5 8.00392 0.00347393
  89 88.5 8.05341 0.0034954
  90 89.5 8.09284 0.00351252
  91 90.5 8.13785 0.00353205
  92 91.5 8.20807 0.00356253
  93 92.5 8.27831 0.00359302
  94 93.5 8.34575 0.00362229
  95 94.5 8.41442 0.00365209
  96 95.5 8.49601 0.00368751
  97 96.5 8.59196 0.00372915
  98 97.5 8.68597 0.00376995
  99 98.5 8.78017 0.00381084
  100 99.5 8.86068 0.00384578
  101 100.5 8.97001 0.00389323
  102 101.5 9.08685 0.00394395
  103 102.5 9.22726 0.00400489
  104 103.5 9.33803 0.00405296
  105 104.5 9.45799 0.00410503
  106 105.5 9.62857 0.00417907
  107 106.5 9.76647 0.00423892
  108 107.5 9.89824 0.00429611
  109 108.5 10.064 0.00436805
  110 109.5 10.2468 0.0044474
  111 110.5 10.4081 0.00451739
  112 111.5 10.6055 0.00460307
  113 112.5 10.8017 0.00468822
  114 113.5 11.0067 0.00477722
  115 114.5 11.2098 0.00486539
  116 115.5 11.4502 0.0049697
  117 116.5 11.6742 0.00506694
  118 117.5 11.8984 0.00516422
  119 118.5 12.1411 0.00526957
  120 119.5 12.3795 0.00537304
  121 120.5 12.6146 0.00547507
  122 121.5 12.8715 0.00558658
  123 122.5 13.1319 0.00569959
  124 123.5 13.3904 0.00581179
  125 124.5 13.6791 0.00593713
  126 125.5 13.9594 0.00605877
  127 126.5 14.2477 0.00618389
  128 127.5 14.5263 0.00630482
  129 128.5 14.8187 0.00643172
  130 129.5 15.1058 0.00655635
  131 130.5 15.3773 0.00667418
  132 131.5 15.6565 0.00679534
  133 132.5 15.9364 0.00691684
  134 133.5 16.2102 0.0070357
  135 134.5 16.469 0.00714799
  136 135.5 16.7393 0.00726533
  137 136.5 16.9945 0.00737608
  138 137.5 17.272 0.00749651
  139 138.5 17.5529 0.00761846
  140 139.5 17.7814 0.00771762
  141 140.5 18.0318 0.00782632
  142 141.5 18.2625 0.00792642
  143 142.5 18.4819 0.00802165
  144 143.5 18.7015 0.00811698
  145 144.5 18.8878 0.00819783
  146 145.5 19.0566 0.0082711
  147 146.5 19.2525 0.00835613
  148 147.5 19.4261 0.00843145
  149 148.5 19.5834 0.00849972
  150 149.5 19.7311 0.00856383
  151 150.5 19.8821 0.0086294
  152 151.5 20.0256 0.00869167
  153 152.5 20.131 0.00873743
  154 153.5 20.2718 0.00879854
  155 154.5 20.4027 0.00885536
  156 155.5 20.5018 0.00889836
  157 156.5 20.6297 0.00895386
  158 157.5 20.7581 0.0090096
  159 158.5 20.8593 0.00905353
  160 159.5 21.0055 0.00911696
  161 160.5 21.095 0.00915582
  162 161.5 21.2087 0.00920517
  163 162.5 21.3391 0.00926174
  164 163.5 21.4492 0.00930955
  165 164.5 21.5712 0.00936252
  166 165.5 21.7074 0.00942163
  167 166.5 21.8122 0.00946709
  168 167.5 21.9915 0.00954491
  169 168.5 22.094 0.00958943
  170 169.5 22.2319 0.00964928
  171 170.5 22.453 0.00974521
  172 171.5 22.653 0.00983202
  173 172.5 22.7705 0.00988302
  174 173.5 23.0165 0.00998978
  175 174.5 23.4589 0.0101818
  176 175.5 23.7168 0.0102937
  177 176.5 23.7483 0.0103074
  178 177.5 24.3357 0.0105624
  179 178.5 25.3316 0.0109946
  180 179.5 25.1216 0.0109035
  181 180.5 24.4072 0.0105934
  182 181.5 24.843 0.0107825
  183 182.5 24.3958 0.0105885
  184 183.5 21.4119 0.00929335
  185 184.5 17.9174 0.00777663
  186 185.5 13.6459 0.00592268
  187 186.5 9.38891 0.00407505
  188 187.5 6.16352 0.00267514
  189 188.5 3.12226 0.00135515
  190 189.5 1.31191 0.000569405
  191 190.5 0.50116 0.000217517
  192 191.5 0.113318 4.91832e-05
  193 192.5 0.01522 6.6059e-06
  194 193.5 0.002302 9.99132e-07
  195 194.5 0.00053 2.30035e-07
  196 195.5 6e-06 2.60417e-09
  197 196.5 0 0
  198 197.5 0 0
  199 198.5 0 0
  200 199.5 0 0
  201 200.5 0 0
  202 201.5 0 0
  203 202.5 0 0
  204 203.5 0 0
  205 204.5 0 0
  206 205.5 0 0
  207 206.5 0 0
  208 207.5 0 0
  209 208.5 0 0
  210 209.5 0 0
  211 210.5 0 0
  212 211.5 0 0
  213 212.5 0 0
  214 213.5 0 0
  215 214.5 0 0
  216 215.5 0 0
  217 216.5 0 0
  218 217.5 0 0
  219 218.5 0 0
  220 219.5 0 0
  221 220.5 0 0
  222 221.5 0 0
  223 222.5 0 0
  224 223.5 0 0
  225 224.5 0 0
  226 225.5 0 0
  227 226.5 0 0
  228 227.5 0 0
  229 228.5 0 0
  230 229.5 0 0
  231 230.5 0 0
  232 231.5 0 0
  233 232.5 0 0
  234 233.5 0 0
  235 234.5 0 0
  236 235.5 0 0
  237 236.5 0 0
  238 237.5 0 0
  239 238.5 0 0
  240 239.5 0 0
  241 240.5 0 0
  242 241.5 0 0
  243 242.5 0 0
  244 243.5 0 0
  245 244.5 0 0
  246 245.5 0 0
  247 246.5 0 0
  248 247.5 0 0
  249 248.5 0 0
  250 249.5 0 0
  251 250.5 0 0
  252 251.5 0 0
  253 252.5 0 0
  254 253.5 0 0
  255 254.5 0 0
  256 255.5 0 0
  257 256.5 0 0
  258 257.5 0 0
  259 258.5 0 0
  260 259.5 0 0
  261 260.5 0 0
  262 261.5 0 0
  263 262.5 0 0
  264 263.5 0 0
  265 264.5 0 0
  266 265.5 0 0
  267 266.5 0 0
  268 267.5 0 0
  269 268.5 0 0
  270 269.5 0 0
  271 270.5 0 0
  272 271.5 0 0
  273 272.5 0 0
  274 273.5 0 0
  275 274.5 0 0
  276 275.5 0 0
  277 276.5 0 0
  278 277.5 0 0
  279 278.5 0 0
  280 279.5 0 0
  281 280.5 0 0
  282 281.5 0 0
  283 282.5 0 0
  284 283.5 0 0
  285 284.5 0 0
  286 285.5 0 0
  287 286.5 0 0
  288 287.5 0 0
  289 288.5 0 0
  290 289.5 0 0
  291 290.5 0 0
  292 291.5 0 0
  293 292.5 0 0
  294 293.5 0 0
  295 294.5 0 0
  296 295.5 0 0
  297 296.5 0 0
  298 297.5 0 0
  299 298.5 0 0
  300 299.5 0 0
  301 300.5 0 0
  302 301.5 0 0
  303 302.5 0 0
  304 303.5 0 0
  305 304.5 0 0
  306 305.5 0 0
  307 306.5 0 0
  308 307.5 0 0
  309 308.5 0 0
  310 309.5 0 0
  311 310.5 0 0
  312 311.5 0 0
  313 312.5 0 0
  314 313.5 0 0
  315 314.5 0 0
  316 315.5 0 0
  317 316.5 0 0
  318 317.5 0 0
  319 318.5 0 0
  320 319.5 0 0
  321 320.5 0 0
  322 321.5 0 0
  323 322.5 0 0
  324 323.5 0 0
  325 324.5 7.4e-05 3.21181e-08
  326 325.5 0.003314 1.43837e-06
  327 326.5 0.025752 1.11771e-05
  328 327.5 0.095776 4.15694e-05
  329 328.5 0.364724 0.0001583
  330 329.5 1.02858 0.000446434
  331 330.5 2.15265 0.000934308
  332 331.5 3.72676 0.00161752
  333 332.5 6.14888 0.00266879
  334 333.5 9.71978 0.00421865
  335 334.5 14.0623 0.00610345
  336 335.5 18.1143 0.00786211
  337 336.5 21.296 0.00924304
  338 337.5 23.637 0.0102591
  339 338.5 25.1319 0.0109079
  340 339.5 25.6037 0.0111127
  341 340.5 25.2476 0.0109582
  342 341.5 24.7288 0.010733
  343 342.5 24.3031 0.0105482
  344 343.5 23.9309 0.0103867
  345 344.5 23.5706 0.0102303
  346 345.5 23.29 0.0101085
  347 346.5 23.0198 0.00999125
  348 347.5 22.7886 0.00989086
  349 348.5 22.5796 0.00980019
  350 349.5 22.403 0.00972354
  351 350.5 22.2274 0.00964732
  352 351.5 22.1092 0.00959602
  353 352.5 21.9716 0.00953626
  354 353.5 21.8591 0.00948746
  355 354.5 21.7716 0.00944947
  356 355.5 21.6771 0.00940846
  357 356.5 21.6092 0.00937898
  358 357.5 21.53 0.00934461
  359 358.5 21.4967 0.00933015
  360 359.5 21.44 0.00930555
  361 360.5 21.3647 0.00927287
  362 361.5 21.3455 0.00926455
  363 362.5 21.2679 0.00923085
  364 363.5 21.2474 0.00922197
  365 364.5 21.2047 0.00920341
  366 365.5 21.1377 0.00917436
  367 366.5 21.1057 0.00916044
  368 367.5 21.0848 0.0091514
  369 368.5 21.0178 0.00912233
  370 369.5 21.0177 0.00912227
  371 370.5 20.963 0.00909852
  372 371.5 20.9305 0.00908444
  373 372.5 20.9269 0.00908286
  374 373.5 20.8846 0.00906448
  375 374.5 20.8252 0.00903871
  376 375.5 20.8201 0.00903651
  377 376.5 20.7793 0.0090188
  378 377.5 20.7225 0.00899413
  379 378.5 20.6779 0.00897477
  380 379.5 20.6344 0.00895591
  381 380.5 20.5866 0.00893517
  382 381.5 20.5374 0.00891379
  383 382.5 20.4549 0.00887798
  384 383.5 20.4055 0.00885657
  385 384.5 20.3511 0.00883293
  386 385.5 20.2775 0.00880098
  387 386.5 20.199 0.00876692
  388 387.5 20.0968 0.00872258
  389 388.5 20.0038 0.00868219
  390 389.5 19.9261 0.00864847
  391 390.5 19.8006 0.00859402
  392 391.5 19.6925 0.00854707
  393 392.5 19.5762 0.00849661
  394 393.5 19.4412 0.00843804
  395 394.5 19.3052 0.00837899
  396 395.5 19.1733 0.00832173
  397 396.5 18.9919 0.00824303
  398 397.5 18.8593 0.00818548
  399 398.5 18.6982 0.00811553
  400 399.5 18.5407 0.0080472
  401 400.5 18.355 0.0079666
  402 401.5 18.1538 0.00787927
  403 402.5 17.993 0.00780946
  404 403.5 17.8052 0.00772794
  405 404.5 17.6095 0.00764303
  406 405.5 17.4035 0.00755359
  407 406.5 17.1656 0.00745034
  408 407.5 16.9386 0.00735183
  409 408.5 16.741 0.00726606
  410 409.5 16.4989 0.00716096
  411 410.5 16.2464 0.00705138
  412 411.5 16.0221 0.00695405
  413 412.5 15.7552 0.00683821
  414 413.5 15.5208 0.00673645
  415 414.5 15.2503 0.00661905
  416 415.5 14.9729 0.00649864
  417 416.5 14.7002 0.00638031
  418 417.5 14.4418 0.00626813
  419 418.5 14.1853 0.00615679
  420 419.5 13.8814 0.0060249
  421 420.5 13.6274 0.00591468
  422 421.5 13.3531 0.00579563
  423 422.5 13.0952 0.00568369
  424 423.5 12.8361 0.00557123
  425 424.5 12.5527 0.00544824
  426 425.5 12.2729 0.00532676
  427 426.5 12.0527 0.00523122
  428 427.5 11.8171 0.00512895
  429 428.5 11.5625 0.00501844
  430 429.5 11.3099 0.00490882
  431 430.5 11.0747 0.00480672
  432 431.5 10.8452 0.00470713
  433 432.5 10.6182 0.00460857
  434 433.5 10.3711 0.00450135
  435 434.5 10.1774 0.00441728
  436 435.5 9.98565 0.00433405
  437 436.5 9.78836 0.00424842
  438 437.5 9.6231 0.00417669
  439 438.5 9.45755 0.00410484
  440 439.5 9.29026 0.00403223
  441 440.5 9.12534 0.00396065
  442 441.5 9.00557 0.00390867
  443 442.5 8.87583 0.00385236
  444 443.5 8.72855 0.00378843
  445 444.5 8.58868 0.00372773
  446 445.5 8.49621 0.00368759
  447 446.5 8.40298 0.00364713
  448 447.5 8.29888 0.00360194
  449 448.5 8.2034 0.00356051
  450 449.5 8.11482 0.00352206
  451 450.5 8.02963 0.00348508
  452 451.5 7.98977 0.00346778
  453 452.5 7.93381 0.00344349
  454 453.5 7.88324 0.00342154
  455 454.5 7.83519 0.00340069
  456 455.5 7.78412 0.00337853
  457 456.5 7.75838 0.00336735
  458 457.5 7.71672 0.00334927
  459 458.5 7.6871 0.00333642
  460 459.5 7.64857 0.00331969
  461 460.5 7.62858 0.00331102
  462 461.5 7.58965 0.00329412
  463 462.5 7.59752 0.00329753
  464 463.5 7.57144 0.00328622
  465 464.5 7.55045 0.00327711
  466 465.5 7.54258 0.00327369
  467 466.5 7.54377 0.0032742
  468 467.5 7.53061 0.0032685
  469 468.5 7.51066 0.00325983
  470 469.5 7.48909 0.00325047
  471 470.5 7.4878 0.00324991
  472 471.5 7.47737 0.00324539
  473 472.5 7.47803 0.00324567
  474 473.5 7.45536 0.00323584
  475 474.5 7.4482 0.00323272
  476 475.5 7.45435 0.0032354
  477 476.5 7.44633 0.00323192
  478 477.5 7.43369 0.00322643
  479 478.5 7.42808 0.00322399
  480 479.5 7.41787 0.00321956
50000000 480 4546.999999999999
  1 0.5 7.44189 0.00322999
  2 1.5 7.41134 0.00321673
  3 2.5 7.41061 0.00321641
  4 3.5 7.38803 0.00320661
  5 4.5 7.39233 0.00320848
  6 5.5 7.3671 0.00319753
  7 6.5 7.33291 0.00318269
  8 7.5 7.33529 0.00318372
  9 8.5 7.34004 0.00318578
  10 9.5 7.32744 0.00318031
  11 10.5 7.31365 0.00317433
  12 11.5 7.32971 0.0031813
  13 12.5 7.31968 0.00317694
  14 13.5 7.30152 0.00316906
  15 14.5 7.29912 0.00316802
  16 15.5 7.30282 0.00316963
  17 16.5 7.2987 0.00316784
  18 17.5 7.27205 0.00315627
  19 18.5 7.28736 0.00316292
  20 19.5 7.27315 0.00315675
  21 20.5 7.283 0.00316103
  22 21.5 7.26255 0.00315215
  23 22.5 7.24602 0.00314497
  24 23.5 7.25365 0.00314829
  25 24.5 7.24141 0.00314297
  26 25.5 7.2276 0.00313698
  27 26.5 7.22114 0.00313418
  28 27.5 7.22003 0.00313369
  29 28.5 7.21326 0.00313076
  30 29.5 7.20115 0.0031255
  31 30.5 7.21304 0.00313066
  32 31.5 7.20211 0.00312592
  33 32.5 7.21481 0.00313143
  34 33.5 7.21658 0.0031322
  35 34.5 7.19578 0.00312317
  36 35.5 7.20231 0.003126
  37 36.5 7.18931 0.00312036
  38 37.5 7.20968 0.0031292
  39 38.5 7.1939 0.00312235
  40 39.5 7.20109 0.00312547
  41 40.5 7.18794 0.00311977
  42 41.5 7.18853 0.00312002
  43 42.5 7.19358 0.00312221
  44 43.5 7.20266 0.00312615
  45 44.5 7.21261 0.00313047
  46 45.5 7.20691 0.003128
  47 46.5 7.19519 0.00312291
  48 47.5 7.19496 0.00312281
  49 48.5 7.19068 0.00312095
  50 49.5 7.18379 0.00311796
  51 50.5 7.18303 0.00311763
  52 51.5 7.19051 0.00312088
  53 52.5 7.16606 0.00311027
  54 53.5 7.15626 0.00310602
  55 54.5 7.15404 0.00310505
  56 55.5 7.14538 0.00310129
  57 56.5 7.16375 0.00310927
  58 57.5 7.16727 0.00311079
  59 58.5 7.17181 0.00311276
  60 59.5 7.1527 0.00310447
  61 60.5 7.16126 0.00310819
  62 61.5 7.15524 0.00310557
  63 62.5 7.15665 0.00310618
  64 63.5 7.15418 0.00310511
  65 64.5 7.1411 0.00309943
  66 65.5 7.14684 0.00310193
  67 66.5 7.13254 0.00309572
  68 67.5 7.12315 0.00309165
  69 68.5 7.1087 0.00308538
  70 69.5 7.10231 0.0030826
  71 70.5 7.08415 0.00307472
  72 71.5 7.09333 0.0030787
  73 72.5 7.08351 0.00307444
  74 73.5 7.1115 0.00308659
  75 74.5 7.08906 0.00307685
  76 75.5 7.0991 0.00308121
  77 76.5 7.10568 0.00308406
  78 77.5 7.12231 0.00309128
  79 78.5 7.12699 0.00309331
  80 79.5 7.10608 0.00308424
  81 80.5 7.12975 0.00309451
  82 81.5 7.15233 0.00310431
  83 82.5 7.18509 0.00311853
  84 83.5 7.22009 0.00313372
  85 84.5 7.23321 0.00313941
  86 85.5 7.2546 0.0031487
  87 86.5 7.29337 0.00316553
  88 87.5 7.32119 0.0031776
  89 88.5 7.36823 0.00319802
  90 89.5 7.41127 0.0032167
  91 90.5 7.46208 0.00323875
  92 91.5 7.49547 0.00325324
  93 92.5 7.56153 0.00328191
  94 93.5 7.61375 0.00330458
  95 94.5 7.66729 0.00332782
  96 95.5 7.72586 0.00335324
  97 96.5 7.7921 0.00338199
  98 97.5 7.87012 0.00341585
  99 98.5 7.92666 0.00344039
  100 99.5 7.99596 0.00347047
  101 100.5 8.05273 0.00349511
  102 101.5 8.1272 0.00352743
  103 102.5 8.19135 0.00355528
  104 103.5 8.273 0.00359071
  105 104.5 8.35454 0.0036261
  106 105.5 8.45051 0.00366776
  107 106.5 8.53838 0.00370589
  108 107.5 8.62246 0.00374239
  109 108.5 8.72604 0.00378734
  110 109.5 8.84151 0.00383746
  111 110.5 8.9455 0.0038826
  112 111.5 9.05139 0.00392855
  113 112.5 9.16285 0.00397693
  114 113.5 9.28158 0.00402846
  115 114.5 9.39266 0.00407668
  116 115.5 9.5009 0.00412366
  117 116.5 9.62567 0.00417781
  118 117.5 9.75121 0.0042323
  119 118.5 9.88208 0.0042891
  120 119.5 10.0073 0.00434346
  121 120.5 10.161 0.00441014
  122 121.5 10.3097 0.0044747
  123 122.5 10.503 0.00455859
  124 123.5 10.6685 0.00463041
  125 124.5 10.8383 0.00470413
  126 125.5 11.037 0.00479035
  127 126.5 11.261 0.00488757
  128 127.5 11.4992 0.00499099
  129 128.5 11.7133 0.00508388
  130 129.5 11.9131 0.00517063
  131 130.5 12.1692 0.00528176
  132 131.5 12.4273 0.00539379
  133 132.5 12.7075 0.00551539
  134 133.5 12.9845 0.00563564
  135 134.5 13.2472 0.00574965
  136 135.5 13.5601 0.00588544
  137 136.5 13.8626 0.00601674
  138 137.5 14.1499 0.00614144
  139 138.5 14.4278 0.00626206
  140 139.5 14.7391 0.00639717
  141 140.5 15.0323 0.00652445
  142 141.5 15.3308 0.00665401
  143 142.5 15.6144 0.00677709
  144 143.5 15.8917 0.00689745
  145 144.5 16.1828 0.00702379
  146 145.5 16.479 0.00715235
  147 146.5 16.7729 0.00727992
  148 147.5 17.0342 0.0073933
  149 148.5 17.2971 0.00750741
  150 149.5 17.559 0.00762109
  151 150.5 17.7989 0.00772522
  152 151.5 18.0474 0.00783308
  153 152.5 18.2484 0.00792032
  154 153.5 18.4971 0.00802826
  155 154.5 18.7245 0.00812697
  156 155.5 18.9342 0.00821795
  157 156.5 19.1387 0.00830672
  158 157.5 19.3528 0.00839965
  159 158.5 19.5418 0.00848169
  160 159.5 19.7264 0.00856179
  161 160.5 19.9155 0.00864387
  162 161.5 20.1237 0.00873425
  163 162.5 20.2898 0.00880632
  164 163.5 20.4446 0.00887352
  165 164.5 20.6351 0.0089562
  166 165.5 20.8279 0.00903987
  167 166.5 20.9848 0.00910797
  168 167.5 21.1722 0.00918931
  169 168.5 21.3294 0.00925754
  170 169.5 21.5521 0.00935422
  171 170.5 21.7428 0.009437
  172 171.5 21.9416 0.00952327
  173 172.5 22.1111 0.00959684
  174 173.5 22.3447 0.00969821
  175 174.5 22.6392 0.00982605
  176 175.5 22.9715 0.00997028
  177 176.5 23.1287 0.0100385
  178 177.5 23.4285 0.0101686
  179 178.5 24.0893 0.0104554
  180 179.5 24.3629 0.0105742
  181 180.5 23.9805 0.0104082
  182 181.5 24.0573 0.0104415
  183 182.5 24.2693 0.0105335
  184 183.5 22.8717 0.00992695
  185 184.5 21.7419 0.00943658
  186 185.5 23.0407 0.0100003
  187 186.5 22.6745 0.00984136
  188 187.5 16.3676 0.00710397
  189 188.5 9.53358 0.00413784
  190 189.5 6.06613 0.00263287
  191 190.5 3.83127 0.00166288
  192 191.5 1.78871 0.000776351
  193 192.5 0.61818 0.000268307
  194 193.5 0.203102 8.81519e-05
  195 194.5 0.059444 2.58003e-05
  196 195.5 0.01026 4.45312e-06
  197 196.5 0.000504 2.1875e-07
  198 197.5 3.4e-05 1.47569e-08
  199 198.5 0 0
  200 199.5 0 0
  201 200.5 0 0
  202 201.5 0 0
  203 202.5 0 0
  204 203.5 0 0
  205 204.5 0 0
  206 205.5 0 0
  207 206.5 0 0
  208 207.5 0 0
  209 208.5 0 0
  210 209.5 0 0
  211 210.5 0 0
  212 211.5 0 0
  213 212.5 0 0
  214 213.5 0 0
  215 214.5 0 0
  216 215.5 0 0
  217 216.5 0 0
  218 217.5 0 0
  219 218.5 0 0
  220 219.5 0 0
  221 220.5 0 0
  222 221.5 0 0
  223 222.5 0 0
  224 223.5 0 0
  225 224.5 0 0
  226 225.5 0 0
  227 226.5 0 0
  228 227.5 0 0
  229 228.5 0 0
  230 229.5 0 0
  231 230.5 0 0
  232 231.5 0 0
  233 232.5 0 0
  234 233.5 0 0
  235 234.5 0 0
  236 235.5 0 0
  237 236.5 0 0
  238 237.5 0 0
  239 238.5 0 0
  240 239.5 0 0
  241 240.5 0 0
  242 241.5 0 0
  243 242.5 0 0
  244 243.5 0 0
  245 244.5 0 0
  246 245.5 0 0
  247 246.5 0 0
  248 247.5 0 0
  249 248.5 0 0
  250 249.5 0 0
  251 250.5 0 0
  252 251.5 0 0
  253 252.5 0 0
  254 253.5 0 0
  255 254.5 0 0
  256 255.5 0 0
  257 256.5 0 0
  258 257.5 0 0
  259 258.5 0 0
  260 259.5 0 0
  261 260.5 0 0
  262 261.5 0 0
  263 262.5 0 0
  264 263.5 0 0
  265 264.5 0 0
  266 265.5 0 0
  267 266.5 0 0
  268 267.5 0 0
  269 268.5 0 0
  270 269.5 0 0
  271 270.5 0 0
  272 271.5 0 0
  273 272.5 0 0
  274 273.5 0 0
  275 274.5 0 0
  276 275.5 0 0
  277 276.5 0 0
  278 277.5 0 0
  279 278.5 0 0
  280 279.5 0 0
  281 280.5 0 0
  282 281.5 0 0
  283 282.5 0 0
  284 283.5 0 0
  285 284.5 0 0
  286 285.5 0 0
  287 286.5 0 0
  288 287.5 0 0
  289 288.5 0 0
  290 289.5 0 0
  291 290.5 0 0
  292 291.5 0 0
  293 292.5 0 0
  294 293.5 0 0
  295 294.5 0 0
  296 295.5 0 0
  297 296.5 0 0
  298 297.5 0 0
  299 298.5 0 0
  300 299.5 0 0
  301 300.5 0 0
  302 301.5 0 0
  303 302.5 0 0
  304 303.5 0 0
  305 304.5 0 0
  306 305.5 0 0
  307 306.5 0 0
  308 307.5 0 0
  309 308.5 0 0
  310 309.5 0 0
  311 310.5 0 0
  312 311.5 0 0
  313 312.5 0 0
  314 313.5 0 0
  315 314.5 0 0
  316 315.5 0 0
  317 316.5 0 0
  318 317.5 0 0
  319 318.5 0 0
  320 319.5 0 0
  321 320.5 0 0
  322 321.5 0 0
  323 322.5 0 0
  324 323.5 0 0
  325 324.5 5.8e-05 2.51736e-08
  326 325.5 0.001612 6.99653e-07
  327 326.5 0.01076 4.67014e-06
  328 327.5 0.05815 2.52387e-05
  329 328.5 0.194352 8.43542e-05
  330 329.5 0.585896 0.000254295
  331 330.5 1.31102 0.000569019
  332 331.5 2.19933 0.000954569
  333 332.5 3.07113 0.00133296
  334 333.5 4.00135 0.0017367
  335 334.5 5.33275 0.00231456
  336 335.5 7.48562 0.00324897
  337 336.5 10.9591 0.00475654
  338 337.5 15.8205 0.00686654
  339 338.5 20.7048 0.00898647
  340 339.5 23.9664 0.0104021
  341 340.5 25.2529 0.0109605
  342 341.5 25.5299 0.0110807
  343 342.5 25.4568 0.0110489
  344 343.5 25.072 0.0108819
  345 344.5 24.5513 0.0106559
  346 345.5 24.0936 0.0104573
  347 346.5 23.7838 0.0103228
  348 347.5 23.496 0.0101979
  349 348.5 23.2335 0.010084
  350 349.5 22.9937 0.00997991
  351 350.5 22.7787 0.00988657
  352 351.5 22.5971 0.00980775
  353 352.5 22.4511 0.00974439
  354 353.5 22.3 0.00967883
  355 354.5 22.2305 0.00964866
  356 355.5 22.1122 0.00959733
  357 356.5 22.0007 0.00954892
  358 357.5 21.8904 0.00950104
  359 358.5 21.8445 0.00948112
  360 359.5 21.7961 0.00946012
  361 360.5 21.7174 0.00942594
  362 361.5 21.6628 0.00940227
  363 362.5 21.6342 0.00938982
  364 363.5 21.5893 0.00937037
  365 364.5 21.54 0.00934895
  366 365.5 21.5108 0.00933629
  367 366.5 21.4778 0.00932196
  368 367.5 21.4405 0.00930575
  369 368.5 21.3889 0.00928337
  370 369.5 21.3671 0.00927391
  371 370.5 21.3745 0.00927711
  372 371.5 21.336 0.00926044
  373 372.5 21.3125 0.00925021
  374 373.5 21.291 0.00924087
  375 374.5 21.2289 0.00921395
  376 375.5 21.2243 0.00921195
  377 376.5 21.1826 0.00919385
  378 377.5 21.1308 0.00917137
  379 378.5 21.0743 0.00914681
  380 379.5 21.0654 0.00914297
  381 380.5 21.0298 0.0091275
  382 381.5 20.9994 0.0091143
  383 382.5 20.925 0.00908203
  384 383.5 20.8935 0.00906837
  385 384.5 20.8559 0.00905205
  386 385.5 20.7939 0.00902515
  387 386.5 20.7491 0.00900568
  388 387.5 20.7072 0.00898752
  389 388.5 20.6318 0.00895477
  390 389.5 20.5768 0.00893091
  391 390.5 20.5261 0.00890888
  392 391.5 20.4736 0.00888611
  393 392.5 20.3946 0.00885184
  394 393.5 20.3338 0.00882544
  395 394.5 20.263 0.00879471
  396 395.5 20.1777 0.00875766
  397 396.5 20.1052 0.00872621
  398 397.5 20.0276 0.00869251
  399 398.5 19.9393 0.0086542
  400 399.5 19.8555 0.00861782
  401 400.5 19.7661 0.00857906
  402 401.5 19.6626 0.00853411
  403 402.5 19.5668 0.00849253
  404 403.5 19.4398 0.00843741
  405 404.5 19.3489 0.00839796
  406 405.5 19.2554 0.00835739
  407 406.5 19.0965 0.00828843
  408 407.5 19.0169 0.00825387
  409 408.5 18.8895 0.00819856
  410 409.5 18.7506 0.0081383
  411 410.5 18.6175 0.00808049
  412 411.5 18.4954 0.00802751
  413 412.5 18.3429 0.00796132
  414 413.5 18.1751 0.00788848
  415 414.5 18.0097 0.00781672
  416 415.5 17.8309 0.00773912
  417 416.5 17.6621 0.00766586
  418 417.5 17.4658 0.00758065
  419 418.5 17.2596 0.00749113
  420 419.5 17.0664 0.0074073
  421 420.5 16.8557 0.00731584
  422 421.5 16.6176 0.0072125
  423 422.5 16.3852 0.00711163
  424 423.5 16.14 0.00700522
  425 424.5 15.9239 0.0069114
  426 425.5 15.6607 0.0067972
  427 426.5 15.3991 0.00668364
  428 427.5 15.149 0.0065751
  429 428.5 14.8793 0.00645804
  430 429.5 14.5975 0.00633573
  431 430.5 14.3229 0.00621653
  432 431.5 14.0448 0.00609582
  433 432.5 13.7693 0.00597626
  434 433.5 13.4763 0.00584909
  435 434.5 13.1628 0.00571304
  436 435.5 12.8844 0.00559219
  437 436.5 12.5985 0.00546809
  438 437.5 12.3443 0.00535778
  439 438.5 12.0544 0.00523194
  440 439.5 11.7737 0.00511012
  441 440.5 11.5308 0.00500469
  442 441.5 11.2538 0.00488445
  443 442.5 11.0371 0.00479039
  444 443.5 10.8042 0.00468931
  445 444.5 10.5738 0.00458931
  446 445.5 10.3819 0.00450602
  447 446.5 10.205 0.00442926
  448 447.5 10.0075 0.00434352
  449 448.5 9.82241 0.0042632
  450 449.5 9.6547 0.00419041
  451 450.5 9.48675 0.00411751
  452 451.5 9.33518 0.00405173
  453 452.5 9.19084 0.00398908
  454 453.5 9.05598 0.00393055
  455 454.5 8.9076 0.00386615
  456 455.5 8.807 0.00382248
  457 456.5 8.69 0.0037717
  458 457.5 8.58032 0.0037241
  459 458.5 8.45531 0.00366984
  460 459.5 8.36153 0.00362914
  461 460.5 8.28275 0.00359495
  462 461.5 8.20201 0.0035599
  463 462.5 8.14175 0.00353375
  464 463.5 8.0959 0.00351384
  465 464.5 8.02795 0.00348435
  466 465.5 7.98654 0.00346638
  467 466.5 7.93318 0.00344322
  468 467.5 7.87512 0.00341802
  469 468.5 7.82684 0.00339707
  470 469.5 7.77921 0.00337639
  471 470.5 7.73064 0.00335531
  472 471.5 7.69269 0.00333884
  473 472.5 7.65687 0.0033233
  474 473.5 7.61548 0.00330533
  475 474.5 7.59115 0.00329477
  476 475.5 7.56023 0.00328135
  477 476.5 7.53643 0.00327102
  478 477.5 7.50911 0.00325916
  479 478.5 7.47051 0.00324241
  480 479.5 7.45389 0.0032352
