# Chunk-averaged data for fix tensor3 and group c2
# Timestep Number-of-chunks Total-count
# Chunk Coord1 Ncount density/number
20000000 480 5568
  1 0.5 4.2951 0.00186419
  2 1.5 4.26845 0.00185263
  3 2.5 4.28794 0.00186108
  4 3.5 4.27859 0.00185703
  5 4.5 4.28616 0.00186031
  6 5.5 4.32972 0.00187922
  7 6.5 4.34347 0.00188519
  8 7.5 4.3603 0.00189249
  9 8.5 4.38774 0.0019044
  10 9.5 4.39008 0.00190541
  11 10.5 4.39989 0.00190968
  12 11.5 4.41308 0.0019154
  13 12.5 4.43746 0.00192598
  14 13.5 4.47054 0.00194034
  15 14.5 4.47943 0.0019442
  16 15.5 4.50063 0.0019534
  17 16.5 4.50859 0.00195685
  18 17.5 4.5354 0.00196849
  19 18.5 4.58063 0.00198812
  20 19.5 4.60237 0.00199756
  21 20.5 4.62118 0.00200572
  22 21.5 4.65808 0.00202174
  23 22.5 4.67745 0.00203014
  24 23.5 4.67458 0.0020289
  25 24.5 4.6769 0.0020299
  26 25.5 4.6873 0.00203442
  27 26.5 4.70701 0.00204297
  28 27.5 4.70519 0.00204218
  29 28.5 4.69003 0.00203561
  30 29.5 4.69556 0.002038
  31 30.5 4.68334 0.0020327
  32 31.5 4.67327 0.00202833
  33 32.5 4.66987 0.00202685
  34 33.5 4.68567 0.00203371
  35 34.5 4.68783 0.00203465
  36 35.5 4.69198 0.00203645
  37 36.5 4.69571 0.00203807
  38 37.5 4.71102 0.00204471
  39 38.5 4.71271 0.00204545
  40 39.5 4.70574 0.00204242
  41 40.5 4.67511 0.00202913
  42 41.5 4.6883 0.00203485
  43 42.5 4.67146 0.00202754
  44 43.5 4.67212 0.00202783
  45 44.5 4.66192 0.0020234
  46 45.5 4.66809 0.00202608
  47 46.5 4.64121 0.00201441
  48 47.5 4.63435 0.00201143
  49 48.5 4.61734 0.00200406
  50 49.5 4.58911 0.0019918
  51 50.5 4.59401 0.00199393
  52 51.5 4.59199 0.00199305
  53 52.5 4.5963 0.00199492
  54 53.5 4.61058 0.00200112
  55 54.5 4.63507 0.00201175
  56 55.5 4.66411 0.00202435
  57 56.5 4.71652 0.0020471
  58 57.5 4.77552 0.00207271
  59 58.5 4.80884 0.00208717
  60 59.5 4.86615 0.00211205
  61 60.5 4.91324 0.00213248
  62 61.5 5.01523 0.00217675
  63 62.5 5.13429 0.00222842
  64 63.5 5.28041 0.00229184
  65 64.5 5.48337 0.00237993
  66 65.5 5.67645 0.00246374
  67 66.5 5.89782 0.00255982
  68 67.5 6.14721 0.00266806
  69 68.5 6.44147 0.00279578
  70 69.5 6.77924 0.00294238
  71 70.5 7.12168 0.00309101
  72 71.5 7.44778 0.00323254
  73 72.5 7.72115 0.00335119
  74 73.5 7.92704 0.00344056
  75 74.5 8.00083 0.00347258
  76 75.5 7.87651 0.00341862
  77 76.5 7.48911 0.00325048
  78 77.5 6.83037 0.00296457
  79 78.5 5.97903 0.00259507
  80 79.5 4.99597 0.00216839
  81 80.5 3.98738 0.00173063
  82 81.5 3.06747 0.00133137
  83 82.5 2.28188 0.000990399
  84 83.5 1.671 0.00072526
  85 84.5 1.22883 0.000533345
  86 85.5 0.929766 0.000403544
  87 86.5 0.734978 0.000319001
  88 87.5 0.601608 0.000261115
  89 88.5 0.515356 0.000223679
  90 89.5 0.462742 0.000200843
  91 90.5 0.434794 0.000188713
  92 91.5 0.41769 0.000181289
  93 92.5 0.40413 0.000175404
  94 93.5 0.395616 0.000171708
  95 94.5 0.3865 0.000167752
  96 95.5 0.38555 0.000167339
  97 96.5 0.384776 0.000167003
  98 97.5 0.386322 0.000167674
  99 98.5 0.385194 0.000167185
  100 99.5 0.378014 0.000164069
  101 100.5 0.372994 0.00016189
  102 101.5 0.373888 0.000162278
  103 102.5 0.374592 0.000162583
  104 103.5 0.378596 0.000164321
  105 104.5 0.377228 0.000163727
  106 105.5 0.37564 0.000163038
  107 106.5 0.378798 0.000164409
  108 107.5 0.378738 0.000164383
  109 108.5 0.376744 0.000163517
  110 109.5 0.380452 0.000165127
  111 110.5 0.378652 0.000164345
  112 111.5 0.379006 0.000164499
  113 112.5 0.378864 0.000164437
  114 113.5 0.380502 0.000165148
  115 114.5 0.382018 0.000165806
  116 115.5 0.382592 0.000166056
  117 116.5 0.38298 0.000166224
  118 117.5 0.381928 0.000165767
  119 118.5 0.378024 0.000164073
  120 119.5 0.377248 0.000163736
  121 120.5 0.378312 0.000164198
  122 121.5 0.375482 0.00016297
  123 122.5 0.375116 0.000162811
  124 123.5 0.371192 0.000161108
  125 124.5 0.375208 0.000162851
  126 125.5 0.376638 0.000163471
  127 126.5 0.368284 0.000159845
  128 127.5 0.371868 0.000161401
  129 128.5 0.377142 0.00016369
  130 129.5 0.379964 0.000164915
  131 130.5 0.378414 0.000164242
  132 131.5 0.385138 0.000167161
  133 132.5 0.38121 0.000165456
  134 133.5 0.378066 0.000164091
  135 134.5 0.380884 0.000165314
  136 135.5 0.378254 0.000164173
  137 136.5 0.382674 0.000166091
  138 137.5 0.384 0.000166667
  139 138.5 0.390068 0.0001693
  140 139.5 0.387094 0.00016801
  141 140.5 0.382602 0.00016606
  142 141.5 0.387576 0.000168219
  143 142.5 0.384538 0.0001669
  144 143.5 0.383286 0.000166357
  145 144.5 0.38618 0.000167613
  146 145.5 0.385572 0.000167349
  147 146.5 0.386786 0.000167876
  148 147.5 0.384428 0.000166852
  149 148.5 0.39154 0.000169939
  150 149.5 0.391352 0.000169858
  151 150.5 0.388764 0.000168734
  152 151.5 0.392246 0.000170246
  153 152.5 0.389934 0.000169242
  154 153.5 0.385644 0.00016738
  155 154.5 0.386818 0.00016789
  156 155.5 0.389826 0.000169195
  157 156.5 0.389764 0.000169168
  158 157.5 0.389784 0.000169177
  159 158.5 0.388824 0.00016876
  160 159.5 0.387088 0.000168007
  161 160.5 0.390498 0.000169487
  162 161.5 0.392678 0.000170433
  163 162.5 0.394402 0.000171181
  164 163.5 0.3922 0.000170226
  165 164.5 0.39093 0.000169674
  166 165.5 0.390456 0.000169469
  167 166.5 0.388578 0.000168654
  168 167.5 0.386012 0.00016754
  169 168.5 0.390074 0.000169303
  170 169.5 0.38458 0.000166918
  171 170.5 0.391984 0.000170132
  172 171.5 0.389126 0.000168891
  173 172.5 0.391166 0.000169777
  174 173.5 0.386192 0.000167618
  175 174.5 0.38669 0.000167834
  176 175.5 0.38898 0.000168828
  177 176.5 0.388814 0.000168756
  178 177.5 0.391124 0.000169759
  179 178.5 0.388454 0.0001686
  180 179.5 0.387776 0.000168306
  181 180.5 0.38947 0.000169041
  182 181.5 0.391726 0.00017002
  183 182.5 0.389496 0.000169052
  184 183.5 0.390204 0.000169359
  185 184.5 0.39177 0.000170039
  186 185.5 0.396564 0.00017212
  187 186.5 0.393268 0.000170689
  188 187.5 0.389924 0.000169238
  189 188.5 0.390068 0.0001693
  190 189.5 0.38706 0.000167995
  191 190.5 0.388654 0.000168687
  192 191.5 0.38822 0.000168498
  193 192.5 0.387694 0.00016827
  194 193.5 0.387226 0.000168067
  195 194.5 0.384162 0.000166737
  196 195.5 0.382682 0.000166095
  197 196.5 0.385036 0.000167116
  198 197.5 0.38611 0.000167582
  199 198.5 0.379084 0.000164533
  200 199.5 0.37994 0.000164905
  201 200.5 0.380724 0.000165245
  202 201.5 0.384552 0.000166906
  203 202.5 0.38805 0.000168424
  204 203.5 0.384212 0.000166759
  205 204.5 0.382426 0.000165984
  206 205.5 0.382038 0.000165815
  207 206.5 0.384308 0.0001668
  208 207.5 0.380378 0.000165095
  209 208.5 0.381102 0.000165409
  210 209.5 0.377788 0.00016397
  211 210.5 0.381334 0.00016551
  212 211.5 0.388226 0.000168501
  213 212.5 0.387244 0.000168075
  214 213.5 0.38284 0.000166163
  215 214.5 0.3856 0.000167361
  216 215.5 0.38845 0.000168598
  217 216.5 0.391434 0.000169893
  218 217.5 0.398538 0.000172977
  219 218.5 0.408396 0.000177255
  220 219.5 0.42137 0.000182886
  221 220.5 0.443056 0.000192299
  222 221.5 0.47113 0.000204484
  223 222.5 0.53199 0.000230898
  224 223.5 0.607954 0.000263869
  225 224.5 0.750592 0.000325778
  226 225.5 0.97277 0.000422209
  227 226.5 1.30889 0.000568095
  228 227.5 1.83128 0.000794826
  229 228.5 2.60757 0.00113176
  230 229.5 3.69854 0.00160527
  231 230.5 5.1228 0.00222344
  232 231.5 6.88591 0.00298868
  233 232.5 8.97934 0.00389728
  234 233.5 11.2603 0.00488729
  235 234.5 13.548 0.00588022
  236 235.5 15.757 0.00683897
  237 236.5 17.7648 0.00771043
  238 237.5 19.642 0.00852516
  239 238.5 21.3144 0.00925105
  240 239.5 22.7162 0.00985945
  241 240.5 23.8815 0.0103653
  242 241.5 24.9139 0.0108133
  243 242.5 25.8092 0.0112019
  244 243.5 26.5089 0.0115056
  245 244.5 27.0977 0.0117612
  246 245.5 27.5826 0.0119716
  247 246.5 28.0071 0.0121559
  248 247.5 28.3342 0.0122978
  249 248.5 28.6304 0.0124264
  250 249.5 28.8646 0.012528
  251 250.5 29.0212 0.012596
  252 251.5 29.1948 0.0126714
  253 252.5 29.3285 0.0127294
  254 253.5 29.4297 0.0127733
  255 254.5 29.4801 0.0127952
  256 255.5 29.5904 0.012843
  257 256.5 29.6167 0.0128545
  258 257.5 29.6479 0.012868
  259 258.5 29.7095 0.0128947
  260 259.5 29.695 0.0128885
  261 260.5 29.7788 0.0129248
  262 261.5 29.7295 0.0129034
  263 262.5 29.7161 0.0128976
  264 263.5 29.7335 0.0129051
  265 264.5 29.7222 0.0129003
  266 265.5 29.6619 0.0128741
  267 266.5 29.6909 0.0128867
  268 267.5 29.6919 0.0128871
  269 268.5 29.6295 0.01286
  270 269.5 29.6119 0.0128524
  271 270.5 29.6204 0.0128561
  272 271.5 29.6158 0.0128541
  273 272.5 29.5865 0.0128414
  274 273.5 29.553 0.0128268
  275 274.5 29.5502 0.0128256
  276 275.5 29.4913 0.0128
  277 276.5 29.4574 0.0127853
  278 277.5 29.5035 0.0128054
  279 278.5 29.4974 0.0128027
  280 279.5 29.5054 0.0128062
  281 280.5 29.4829 0.0127964
  282 281.5 29.4994 0.0128035
  283 282.5 29.5584 0.0128292
  284 283.5 29.6235 0.0128574
  285 284.5 29.5637 0.0128315
  286 285.5 29.5976 0.0128462
  287 286.5 29.6132 0.0128529
  288 287.5 29.6591 0.0128729
  289 288.5 29.6618 0.012874
  290 289.5 29.6719 0.0128784
  291 290.5 29.6973 0.0128895
  292 291.5 29.7354 0.012906
  293 292.5 29.7 0.0128906
  294 293.5 29.6938 0.0128879
  295 294.5 29.7922 0.0129306
  296 295.5 29.7858 0.0129278
  297 296.5 29.7368 0.0129066
  298 297.5 29.8426 0.0129525
  299 298.5 29.8436 0.012953
  300 299.5 29.8048 0.0129361
  301 300.5 29.8141 0.0129402
  302 301.5 29.8699 0.0129644
  303 302.5 29.8681 0.0129636
  304 303.5 29.8564 0.0129585
  305 304.5 29.8962 0.0129758
  306 305.5 29.857 0.0129588
  307 306.5 29.8553 0.012958
  308 307.5 29.8648 0.0129622
  309 308.5 29.8532 0.0129571
  310 309.5 29.7999 0.012934
  311 310.5 29.8519 0.0129566
  312 311.5 29.8318 0.0129478
  313 312.5 29.8125 0.0129395
  314 313.5 29.7845 0.0129273
  315 314.5 29.8233 0.0129441
  316 315.5 29.8408 0.0129517
  317 316.5 29.8151 0.0129406
  318 317.5 29.835 0.0129492
  319 318.5 29.8767 0.0129673
  320 319.5 29.8512 0.0129563
  321 320.5 29.8186 0.0129421
  322 321.5 29.7977 0.012933
  323 322.5 29.803 0.0129353
  324 323.5 29.8347 0.0129491
  325 324.5 29.8003 0.0129341
  326 325.5 29.8231 0.012944
  327 326.5 29.8948 0.0129752
  328 327.5 29.8858 0.0129713
  329 328.5 29.8263 0.0129454
  330 329.5 29.8884 0.0129724
  331 330.5 29.951 0.0129996
  332 331.5 29.8902 0.0129732
  333 332.5 29.9028 0.0129786
  334 333.5 29.9333 0.0129919
  335 334.5 29.9671 0.0130066
  336 335.5 29.9338 0.0129921
  337 336.5 29.9546 0.0130011
  338 337.5 29.9614 0.0130041
  339 338.5 29.9774 0.013011
  340 339.5 29.969 0.0130074
  341 340.5 30.0153 0.0130275
  342 341.5 30.0077 0.0130242
  343 342.5 30.0293 0.0130336
  344 343.5 30.0231 0.0130309
  345 344.5 30.0663 0.0130496
  346 345.5 30.0626 0.013048
  347 346.5 30.0584 0.0130462
  348 347.5 30.0486 0.0130419
  349 348.5 30.0893 0.0130596
  350 349.5 30.0795 0.0130554
  351 350.5 30.0771 0.0130543
  352 351.5 30.1366 0.0130801
  353 352.5 30.0999 0.0130642
  354 353.5 30.0973 0.013063
  355 354.5 30.0782 0.0130548
  356 355.5 30.1131 0.0130699
  357 356.5 30.1209 0.0130733
  358 357.5 30.1054 0.0130666
  359 358.5 30.0495 0.0130423
  360 359.5 30.0659 0.0130494
  361 360.5 30.0831 0.0130569
  362 361.5 29.9872 0.0130153
  363 362.5 29.9499 0.0129991
  364 363.5 29.9532 0.0130005
  365 364.5 29.9341 0.0129922
  366 365.5 29.9076 0.0129807
  367 366.5 29.8853 0.012971
  368 367.5 29.8696 0.0129642
  369 368.5 29.8872 0.0129719
  370 369.5 29.8236 0.0129443
  371 370.5 29.7444 0.0129099
  372 371.5 29.7165 0.0128978
  373 372.5 29.6488 0.0128684
  374 373.5 29.5722 0.0128351
  375 374.5 29.4893 0.0127992
  376 375.5 29.412 0.0127656
  377 376.5 29.3188 0.0127252
  378 377.5 29.1872 0.0126681
  379 378.5 29.0431 0.0126055
  380 379.5 28.8307 0.0125133
  381 380.5 28.6055 0.0124156
  382 381.5 28.2929 0.0122799
  383 382.5 27.9187 0.0121175
  384 383.5 27.5013 0.0119363
  385 384.5 27.0468 0.0117391
  386 385.5 26.4784 0.0114924
  387 386.5 25.7496 0.011176
  388 387.5 25.0528 0.0108736
  389 388.5 24.1757 0.0104929
  390 389.5 23.1749 0.0100585
  391 390.5 22.0707 0.00957929
  392 391.5 20.8886 0.00906622
  393 392.5 19.5795 0.00849804
  394 393.5 18.2122 0.00790458
  395 394.5 16.8022 0.0072926
  396 395.5 15.4102 0.00668847
  397 396.5 14.0327 0.00609058
  398 397.5 12.7406 0.00552979
  399 398.5 11.526 0.00500259
  400 399.5 10.4627 0.00454109
  401 400.5 9.48415 0.00411638
  402 401.5 8.67756 0.0037663
  403 402.5 7.95903 0.00345444
  404 403.5 7.34731 0.00318894
  405 404.5 6.84883 0.00297258
  406 405.5 6.42119 0.00278697
  407 406.5 6.055 0.00262804
  408 407.5 5.74392 0.00249302
  409 408.5 5.46501 0.00237197
  410 409.5 5.25292 0.00227991
  411 410.5 5.07709 0.0022036
  412 411.5 4.95392 0.00215014
  413 412.5 4.85578 0.00210754
  414 413.5 4.77467 0.00207234
  415 414.5 4.68283 0.00203248
  416 415.5 4.60934 0.00200058
  417 416.5 4.54571 0.00197296
  418 417.5 4.4963 0.00195152
  419 418.5 4.47326 0.00194152
  420 419.5 4.45051 0.00193164
  421 420.5 4.40992 0.00191403
  422 421.5 4.40414 0.00191152
  423 422.5 4.38475 0.0019031
  424 423.5 4.37026 0.00189682
  425 424.5 4.3878 0.00190443
  426 425.5 4.35054 0.00188826
  427 426.5 4.33593 0.00188191
  428 427.5 4.32826 0.00187858
  429 428.5 4.31076 0.00187099
  430 429.5 4.30531 0.00186862
  431 430.5 4.29187 0.00186279
  432 431.5 4.27144 0.00185392
  433 432.5 4.27589 0.00185586
  434 433.5 4.28793 0.00186108
  435 434.5 4.27896 0.00185719
  436 435.5 4.27102 0.00185374
  437 436.5 4.27424 0.00185514
  438 437.5 4.27414 0.00185509
  439 438.5 4.29061 0.00186224
  440 439.5 4.29429 0.00186384
  441 440.5 4.28457 0.00185962
  442 441.5 4.32265 0.00187615
  443 442.5 4.34688 0.00188666
  444 443.5 4.35808 0.00189153
  445 444.5 4.36631 0.0018951
  446 445.5 4.39721 0.00190851
  447 446.5 4.41272 0.00191524
  448 447.5 4.41487 0.00191618
  449 448.5 4.42812 0.00192193
  450 449.5 4.43776 0.00192611
  451 450.5 4.44798 0.00193055
  452 451.5 4.42814 0.00192193
  453 452.5 4.40257 0.00191084
  454 453.5 4.40788 0.00191314
  455 454.5 4.40677 0.00191266
  456 455.5 4.41896 0.00191795
  457 456.5 4.41 0.00191406
  458 457.5 4.41687 0.00191704
  459 458.5 4.40462 0.00191173
  460 459.5 4.39081 0.00190574
  461 460.5 4.38015 0.00190111
  462 461.5 4.38826 0.00190463
  463 462.5 4.37921 0.0019007
  464 463.5 4.38607 0.00190368
  465 464.5 4.37733 0.00189988
  466 465.5 4.38836 0.00190467
  467 466.5 4.38107 0.00190151
  468 467.5 4.37108 0.00189717
  469 468.5 4.36293 0.00189363
  470 469.5 4.34869 0.00188745
  471 470.5 4.34578 0.00188619
  472 471.5 4.33698 0.00188237
  473 472.5 4.34043 0.00188387
  474 473.5 4.32402 0.00187675
  475 474.5 4.31596 0.00187324
  476 475.5 4.32083 0.00187536
  477 476.5 4.31413 0.00187245
  478 477.5 4.30214 0.00186725
  479 478.5 4.28645 0.00186044
  480 479.5 4.29728 0.00186514
30000000 480 5568
  1 0.5 4.40584 0.00191226
  2 1.5 4.40088 0.00191011
  3 2.5 4.40223 0.00191069
  4 3.5 4.3918 0.00190616
  5 4.5 4.3915 0.00190603
  6 5.5 4.38368 0.00190264
  7 6.5 4.38615 0.00190371
  8 7.5 4.39745 0.00190862
  9 8.5 4.39782 0.00190878
  10 9.5 4.39144 0.00190601
  11 10.5 4.38547 0.00190342
  12 11.5 4.3541 0.0018898
  13 12.5 4.33917 0.00188332
  14 13.5 4.32372 0.00187662
  15 14.5 4.30165 0.00186704
  16 15.5 4.28005 0.00185766
  17 16.5 4.28005 0.00185766
  18 17.5 4.24319 0.00184166
  19 18.5 4.23732 0.00183911
  20 19.5 4.23048 0.00183615
  21 20.5 4.21806 0.00183075
  22 21.5 4.22947 0.00183571
  23 22.5 4.22976 0.00183583
  24 23.5 4.2196 0.00183142
  25 24.5 4.24242 0.00184133
  26 25.5 4.23794 0.00183938
  27 26.5 4.25097 0.00184504
  28 27.5 4.27268 0.00185446
  29 28.5 4.28376 0.00185927
  30 29.5 4.31984 0.00187493
  31 30.5 4.33558 0.00188176
  32 31.5 4.3414 0.00188429
  33 32.5 4.35298 0.00188931
  34 33.5 4.35971 0.00189223
  35 34.5 4.37322 0.0018981
  36 35.5 4.40462 0.00191173
  37 36.5 4.40287 0.00191097
  38 37.5 4.40417 0.00191153
  39 38.5 4.39101 0.00190582
  40 39.5 4.38859 0.00190477
  41 40.5 4.41172 0.00191481
  42 41.5 4.42757 0.00192169
  43 42.5 4.42552 0.0019208
  44 43.5 4.42295 0.00191968
  45 44.5 4.44376 0.00192872
  46 45.5 4.43817 0.00192629
  47 46.5 4.46704 0.00193882
  48 47.5 4.47217 0.00194105
  49 48.5 4.50502 0.0019553
  50 49.5 4.53127 0.0019667
  51 50.5 4.55282 0.00197605
  52 51.5 4.58426 0.0019897
  53 52.5 4.62945 0.00200931
  54 53.5 4.65942 0.00202232
  55 54.5 4.7059 0.00204249
  56 55.5 4.73176 0.00205372
  57 56.5 4.78299 0.00207595
  58 57.5 4.88092 0.00211845
  59 58.5 4.97417 0.00215893
  60 59.5 5.08328 0.00220628
  61 60.5 5.21668 0.00226418
  62 61.5 5.38263 0.00233621
  63 62.5 5.58541 0.00242422
  64 63.5 5.78723 0.00251182
  65 64.5 6.03702 0.00262024
  66 65.5 6.2918 0.00273081
  67 66.5 6.57641 0.00285434
  68 67.5 6.8784 0.00298542
  69 68.5 7.1962 0.00312335
  70 69.5 7.44624 0.00323188
  71 70.5 7.64608 0.00331861
  72 71.5 7.70301 0.00334332
  73 72.5 7.6454 0.00331831
  74 73.5 7.35095 0.00319052
  75 74.5 6.8305 0.00296463
  76 75.5 6.12995 0.00266057
  77 76.5 5.3128 0.0023059
  78 77.5 4.43562 0.00192518
  79 78.5 3.57303 0.00155079
  80 79.5 2.78768 0.00120993
  81 80.5 2.14231 0.000929824
  82 81.5 1.61177 0.000699553
  83 82.5 1.21355 0.000526716
  84 83.5 0.932024 0.000404524
  85 84.5 0.740186 0.000321261
  86 85.5 0.6125 0.000265842
  87 86.5 0.530132 0.000230092
  88 87.5 0.476304 0.000206729
  89 88.5 0.440026 0.000190984
  90 89.5 0.424046 0.000184048
  91 90.5 0.405834 0.000176143
  92 91.5 0.399622 0.000173447
  93 92.5 0.399106 0.000173223
  94 93.5 0.39697 0.000172296
  95 94.5 0.395116 0.000171491
  96 95.5 0.390136 0.00016933
  97 96.5 0.387844 0.000168335
  98 97.5 0.390508 0.000169491
  99 98.5 0.388708 0.00016871
  100 99.5 0.388528 0.000168632
  101 100.5 0.388592 0.00016866
  102 101.5 0.394382 0.000171173
  103 102.5 0.38799 0.000168398
  104 103.5 0.388546 0.00016864
  105 104.5 0.38921 0.000168928
  106 105.5 0.38604 0.000167552
  107 106.5 0.3859 0.000167491
  108 107.5 0.387528 0.000168198
  109 108.5 0.387568 0.000168215
  110 109.5 0.38823 0.000168503
  111 110.5 0.38401 0.000166671
  112 111.5 0.380392 0.000165101
  113 112.5 0.384714 0.000166977
  114 113.5 0.384178 0.000166744
  115 114.5 0.387172 0.000168043
  116 115.5 0.388008 0.000168406
  117 116.5 0.38576 0.000167431
  118 117.5 0.380064 0.000164958
  119 118.5 0.38283 0.000166159
  120 119.5 0.385846 0.000167468
  121 120.5 0.387284 0.000168092
  122 121.5 0.387688 0.000168267
  123 122.5 0.385238 0.000167204
  124 123.5 0.388918 0.000168801
  125 124.5 0.392572 0.000170387
  126 125.5 0.392018 0.000170147
  127 126.5 0.389826 0.000169195
  128 127.5 0.385286 0.000167225
  129 128.5 0.388168 0.000168476
  130 129.5 0.386076 0.000167568
  131 130.5 0.389932 0.000169241
  132 131.5 0.38817 0.000168477
  133 132.5 0.390796 0.000169616
  134 133.5 0.389224 0.000168934
  135 134.5 0.382474 0.000166004
  136 135.5 0.386668 0.000167825
  137 136.5 0.38285 0.000166168
  138 137.5 0.37761 0.000163893
  139 138.5 0.383544 0.000166469
  140 139.5 0.383458 0.000166431
  141 140.5 0.386646 0.000167815
  142 141.5 0.385644 0.00016738
  143 142.5 0.384062 0.000166694
  144 143.5 0.380826 0.000165289
  145 144.5 0.381696 0.000165667
  146 145.5 0.385118 0.000167152
  147 146.5 0.386714 0.000167845
  148 147.5 0.38514 0.000167161
  149 148.5 0.387412 0.000168148
  150 149.5 0.385576 0.000167351
  151 150.5 0.382338 0.000165945
  152 151.5 0.388852 0.000168773
  153 152.5 0.384342 0.000166815
  154 153.5 0.385054 0.000167124
  155 154.5 0.385542 0.000167336
  156 155.5 0.383524 0.00016646
  157 156.5 0.384896 0.000167056
  158 157.5 0.38333 0.000166376
  159 158.5 0.381542 0.0001656
  160 159.5 0.38591 0.000167496
  161 160.5 0.380884 0.000165314
  162 161.5 0.384358 0.000166822
  163 162.5 0.384024 0.000166677
  164 163.5 0.385816 0.000167455
  165 164.5 0.389176 0.000168913
  166 165.5 0.3873 0.000168099
  167 166.5 0.39222 0.000170234
  168 167.5 0.391104 0.00016975
  169 168.5 0.390578 0.000169522
  170 169.5 0.387656 0.000168253
  171 170.5 0.386258 0.000167647
  172 171.5 0.38711 0.000168016
  173 172.5 0.38719 0.000168051
  174 173.5 0.384468 0.00016687
  175 174.5 0.381646 0.000165645
  176 175.5 0.38383 0.000166593
  177 176.5 0.384314 0.000166803
  178 177.5 0.388422 0.000168586
  179 178.5 0.391544 0.000169941
  180 179.5 0.389666 0.000169126
  181 180.5 0.389568 0.000169083
  182 181.5 0.38532 0.00016724
  183 182.5 0.378996 0.000164495
  184 183.5 0.38249 0.000166011
  185 184.5 0.389696 0.000169139
  186 185.5 0.385402 0.000167275
  187 186.5 0.384834 0.000167029
  188 187.5 0.382656 0.000166083
  189 188.5 0.385518 0.000167326
  190 189.5 0.386262 0.000167648
  191 190.5 0.384648 0.000166948
  192 191.5 0.384674 0.000166959
  193 192.5 0.387846 0.000168336
  194 193.5 0.384596 0.000166925
  195 194.5 0.386868 0.000167911
  196 195.5 0.386682 0.000167831
  197 196.5 0.383208 0.000166323
  198 197.5 0.382564 0.000166043
  199 198.5 0.382092 0.000165839
  200 199.5 0.380884 0.000165314
  201 200.5 0.382516 0.000166023
  202 201.5 0.379526 0.000164725
  203 202.5 0.379768 0.00016483
  204 203.5 0.384614 0.000166933
  205 204.5 0.38641 0.000167713
  206 205.5 0.387262 0.000168082
  207 206.5 0.381086 0.000165402
  208 207.5 0.380438 0.000165121
  209 208.5 0.38615 0.0001676
  210 209.5 0.387116 0.000168019
  211 210.5 0.39086 0.000169644
  212 211.5 0.391002 0.000169706
  213 212.5 0.39705 0.000172331
  214 213.5 0.398904 0.000173135
  215 214.5 0.399666 0.000173466
  216 215.5 0.410436 0.000178141
  217 216.5 0.42002 0.0001823
  218 217.5 0.443572 0.000192523
  219 218.5 0.476358 0.000206753
  220 219.5 0.531166 0.000230541
  221 220.5 0.607552 0.000263694
  222 221.5 0.743712 0.000322792
  223 222.5 0.96077 0.000417001
  224 223.5 1.28346 0.000557056
  225 224.5 1.77215 0.000769161
  226 225.5 2.48345 0.00107789
  227 226.5 3.45958 0.00150155
  228 227.5 4.72835 0.00205223
  229 228.5 6.28955 0.00272984
  230 229.5 8.08344 0.00350844
  231 230.5 10.0242 0.00435079
  232 231.5 12.0396 0.00522554
  233 232.5 14.0823 0.00611211
  234 233.5 16.0856 0.00698158
  235 234.5 17.8993 0.00776881
  236 235.5 19.5624 0.00849064
  237 236.5 21.0654 0.00914296
  238 237.5 22.4148 0.00972866
  239 238.5 23.542 0.0102179
  240 239.5 24.4701 0.0106207
  241 240.5 25.3343 0.0109958
  242 241.5 26.0938 0.0113254
  243 242.5 26.662 0.011572
  244 243.5 27.1511 0.0117843
  245 244.5 27.6114 0.0119841
  246 245.5 27.9979 0.0121519
  247 246.5 28.2333 0.012254
  248 247.5 28.5172 0.0123772
  249 248.5 28.7174 0.0124642
  250 249.5 28.8367 0.0125159
  251 250.5 28.9972 0.0125856
  252 251.5 29.1139 0.0126363
  253 252.5 29.2007 0.0126739
  254 253.5 29.2377 0.01269
  255 254.5 29.3474 0.0127376
  256 255.5 29.3859 0.0127543
  257 256.5 29.4264 0.0127719
  258 257.5 29.4821 0.0127961
  259 258.5 29.4763 0.0127935
  260 259.5 29.538 0.0128203
  261 260.5 29.5642 0.0128317
  262 261.5 29.5866 0.0128414
  263 262.5 29.6114 0.0128521
  264 263.5 29.623 0.0128572
  265 264.5 29.6321 0.0128611
  266 265.5 29.6536 0.0128705
  267 266.5 29.707 0.0128936
  268 267.5 29.7313 0.0129042
  269 268.5 29.7458 0.0129105
  270 269.5 29.7245 0.0129013
  271 270.5 29.7832 0.0129267
  272 271.5 29.7842 0.0129272
  273 272.5 29.8205 0.0129429
  274 273.5 29.8906 0.0129733
  275 274.5 29.8394 0.0129511
  276 275.5 29.8511 0.0129562
  277 276.5 29.8855 0.0129711
  278 277.5 29.8777 0.0129677
  279 278.5 29.8676 0.0129634
  280 279.5 29.8817 0.0129695
  281 280.5 29.8443 0.0129533
  282 281.5 29.8398 0.0129513
  283 282.5 29.8451 0.0129536
  284 283.5 29.8418 0.0129522
  285 284.5 29.848 0.0129549
  286 285.5 29.8618 0.0129608
  287 286.5 29.849 0.0129553
  288 287.5 29.8725 0.0129655
  289 288.5 29.8546 0.0129577
  290 289.5 29.8723 0.0129654
  291 290.5 29.9058 0.01298
  292 291.5 29.9157 0.0129842
  293 292.5 29.9009 0.0129778
  294 293.5 29.9379 0.0129939
  295 294.5 29.9794 0.0130119
  296 295.5 29.9832 0.0130135
  297 296.5 29.9756 0.0130103
  298 297.5 29.9744 0.0130097
  299 298.5 29.9938 0.0130181
  300 299.5 29.9537 0.0130007
  301 300.5 29.9583 0.0130027
  302 301.5 29.9283 0.0129897
  303 302.5 29.9226 0.0129872
  304 303.5 29.8676 0.0129634
  305 304.5 29.8652 0.0129623
  306 305.5 29.8561 0.0129584
  307 306.5 29.8339 0.0129487
  308 307.5 29.7967 0.0129326
  309 308.5 29.7905 0.0129299
  310 309.5 29.7439 0.0129097
  311 310.5 29.7269 0.0129023
  312 311.5 29.6813 0.0128825
  313 312.5 29.6774 0.0128808
  314 313.5 29.6509 0.0128693
  315 314.5 29.6194 0.0128556
  316 315.5 29.6755 0.01288
  317 316.5 29.6412 0.0128651
  318 317.5 29.5997 0.0128471
  319 318.5 29.6053 0.0128495
  320 319.5 29.6718 0.0128784
  321 320.5 29.6273 0.0128591
  322 321.5 29.603 0.0128485
  323 322.5 29.6027 0.0128484
  324 323.5 29.6436 0.0128661
  325 324.5 29.5494 0.0128253
  326 325.5 29.5877 0.0128419
  327 326.5 29.5609 0.0128303
  328 327.5 29.5776 0.0128375
  329 328.5 29.5802 0.0128386
  330 329.5 29.5459 0.0128238
  331 330.5 29.5781 0.0128377
  332 331.5 29.6171 0.0128546
  333 332.5 29.6282 0.0128595
  334 333.5 29.6061 0.0128499
  335 334.5 29.6064 0.01285
  336 335.5 29.6173 0.0128547
  337 336.5 29.6602 0.0128733
  338 337.5 29.6076 0.0128505
  339 338.5 29.6211 0.0128564
  340 339.5 29.6349 0.0128624
  341 340.5 29.6187 0.0128553
  342 341.5 29.5761 0.0128369
  343 342.5 29.6052 0.0128495
  344 343.5 29.6448 0.0128667
  345 344.5 29.5973 0.012846
  346 345.5 29.5359 0.0128194
  347 346.5 29.5923 0.0128439
  348 347.5 29.5811 0.012839
  349 348.5 29.493 0.0128008
  350 349.5 29.5071 0.0128069
  351 350.5 29.5581 0.012829
  352 351.5 29.5517 0.0128263
  353 352.5 29.5234 0.012814
  354 353.5 29.561 0.0128303
  355 354.5 29.5871 0.0128416
  356 355.5 29.5928 0.0128441
  357 356.5 29.59 0.0128429
  358 357.5 29.6455 0.012867
  359 358.5 29.634 0.012862
  360 359.5 29.6106 0.0128518
  361 360.5 29.6459 0.0128672
  362 361.5 29.7054 0.012893
  363 362.5 29.6559 0.0128715
  364 363.5 29.6011 0.0128477
  365 364.5 29.6793 0.0128817
  366 365.5 29.6462 0.0128673
  367 366.5 29.5881 0.012842
  368 367.5 29.5385 0.0128205
  369 368.5 29.5298 0.0128168
  370 369.5 29.4786 0.0127945
  371 370.5 29.3884 0.0127554
  372 371.5 29.3894 0.0127558
  373 372.5 29.3663 0.0127458
  374 373.5 29.2764 0.0127068
  375 374.5 29.1799 0.0126649
  376 375.5 29.1098 0.0126345
  377 376.5 29.0393 0.0126039
  378 377.5 28.8026 0.0125011
  379 378.5 28.662 0.0124401
  380 379.5 28.4821 0.012362
  381 380.5 28.1329 0.0122105
  382 381.5 27.8212 0.0120752
  383 382.5 27.4503 0.0119142
  384 383.5 27.0211 0.0117279
  385 384.5 26.442 0.0114765
  386 385.5 25.7678 0.0111839
  387 386.5 25.0253 0.0108617
  388 387.5 24.1049 0.0104622
  389 388.5 23.0768 0.010016
  390 389.5 22.0126 0.00955408
  391 390.5 20.7778 0.00901816
  392 391.5 19.4386 0.00843688
  393 392.5 18.0951 0.00785379
  394 393.5 16.7306 0.00726155
  395 394.5 15.3987 0.00668345
  396 395.5 14.0966 0.00611831
  397 396.5 12.792 0.00555208
  398 397.5 11.6405 0.00505228
  399 398.5 10.5679 0.00458677
  400 399.5 9.60271 0.00416784
  401 400.5 8.75724 0.00380089
  402 401.5 8.0525 0.00349501
  403 402.5 7.45141 0.00323412
  404 403.5 6.90118 0.0029953
  405 404.5 6.44657 0.00279799
  406 405.5 6.08833 0.00264251
  407 406.5 5.79141 0.00251363
  408 407.5 5.53709 0.00240325
  409 408.5 5.32901 0.00231294
  410 409.5 5.19128 0.00225316
  411 410.5 5.05707 0.00219491
  412 411.5 4.93597 0.00214235
  413 412.5 4.86755 0.00211265
  414 413.5 4.77865 0.00207407
  415 414.5 4.73824 0.00205653
  416 415.5 4.70621 0.00204263
  417 416.5 4.67833 0.00203052
  418 417.5 4.64574 0.00201638
  419 418.5 4.59353 0.00199372
  420 419.5 4.5534 0.0019763
  421 420.5 4.5452 0.00197274
  422 421.5 4.51383 0.00195913
  423 422.5 4.49007 0.00194882
  424 423.5 4.46717 0.00193887
  425 424.5 4.44921 0.00193108
  426 425.5 4.432 0.00192361
  427 426.5 4.41658 0.00191692
  428 427.5 4.4004 0.0019099
  429 428.5 4.39477 0.00190745
  430 429.5 4.40705 0.00191278
  431 430.5 4.41297 0.00191535
  432 431.5 4.44231 0.00192809
  433 432.5 4.4528 0.00193264
  434 433.5 4.44317 0.00192846
  435 434.5 4.45815 0.00193496
  436 435.5 4.44811 0.0019306
  437 436.5 4.45031 0.00193156
  438 437.5 4.44852 0.00193078
  439 438.5 4.45061 0.00193169
  440 439.5 4.44695 0.0019301
  441 440.5 4.451 0.00193186
  442 441.5 4.46416 0.00193757
  443 442.5 4.47109 0.00194058
  444 443.5 4.46734 0.00193895
  445 444.5 4.46216 0.0019367
  446 445.5 4.46028 0.00193589
  447 446.5 4.4618 0.00193655
  448 447.5 4.46292 0.00193703
  449 448.5 4.47867 0.00194387
  450 449.5 4.48133 0.00194502
  451 450.5 4.47363 0.00194168
  452 451.5 4.48676 0.00194738
  453 452.5 4.46398 0.00193749
  454 453.5 4.45951 0.00193555
  455 454.5 4.45624 0.00193413
  456 455.5 4.44037 0.00192724
  457 456.5 4.40139 0.00191033
  458 457.5 4.38298 0.00190233
  459 458.5 4.35077 0.00188836
  460 459.5 4.32392 0.0018767
  461 460.5 4.32451 0.00187696
  462 461.5 4.29369 0.00186358
  463 462.5 4.29334 0.00186343
  464 463.5 4.28711 0.00186072
  465 464.5 4.29038 0.00186214
  466 465.5 4.29166 0.0018627
  467 466.5 4.25807 0.00184812
  468 467.5 4.25873 0.00184841
  469 468.5 4.24024 0.00184038
  470 469.5 4.22657 0.00183445
  471 470.5 4.22561 0.00183403
  472 471.5 4.21327 0.00182868
  473 472.5 4.21861 0.00183099
  474 473.5 4.22824 0.00183517
  475 474.5 4.25597 0.00184721
  476 475.5 4.2881 0.00186115
  477 476.5 4.31121 0.00187118
  478 477.5 4.33378 0.00188098
  479 478.5 4.3405 0.0018839
  480 479.5 4.36983 0.00189663
40000000 480 5568
  1 0.5 4.80095 0.00208375
  2 1.5 4.80915 0.0020873
  3 2.5 4.82211 0.00209293
  4 3.5 4.82283 0.00209324
  5 4.5 4.83168 0.00209708
  6 5.5 4.8137 0.00208928
  7 6.5 4.80706 0.0020864
  8 7.5 4.80231 0.00208434
  9 8.5 4.80645 0.00208613
  10 9.5 4.80851 0.00208703
  11 10.5 4.80572 0.00208581
  12 11.5 4.81665 0.00209056
  13 12.5 4.83183 0.00209715
  14 13.5 4.83028 0.00209647
  15 14.5 4.81431 0.00208954
  16 15.5 4.77905 0.00207424
  17 16.5 4.76087 0.00206635
  18 17.5 4.77212 0.00207123
  19 18.5 4.80359 0.00208489
  20 19.5 4.78927 0.00207867
  21 20.5 4.77079 0.00207066
  22 21.5 4.75848 0.00206531
  23 22.5 4.75367 0.00206322
  24 23.5 4.70837 0.00204356
  25 24.5 4.7045 0.00204188
  26 25.5 4.69423 0.00203743
  27 26.5 4.67687 0.00202989
  28 27.5 4.67722 0.00203005
  29 28.5 4.6527 0.0020194
  30 29.5 4.623 0.00200651
  31 30.5 4.58323 0.00198925
  32 31.5 4.55949 0.00197894
  33 32.5 4.5719 0.00198433
  34 33.5 4.55002 0.00197483
  35 34.5 4.50331 0.00195456
  36 35.5 4.47646 0.00194291
  37 36.5 4.45598 0.00193402
  38 37.5 4.42847 0.00192208
  39 38.5 4.43727 0.0019259
  40 39.5 4.42865 0.00192216
  41 40.5 4.4128 0.00191528
  42 41.5 4.43344 0.00192424
  43 42.5 4.43725 0.00192589
  44 43.5 4.41748 0.00191731
  45 44.5 4.39341 0.00190686
  46 45.5 4.39034 0.00190553
  47 46.5 4.38704 0.0019041
  48 47.5 4.38577 0.00190355
  49 48.5 4.40161 0.00191042
  50 49.5 4.40826 0.00191331
  51 50.5 4.37837 0.00190033
  52 51.5 4.40051 0.00190995
  53 52.5 4.41558 0.00191648
  54 53.5 4.44753 0.00193035
  55 54.5 4.4539 0.00193311
  56 55.5 4.49389 0.00195047
  57 56.5 4.53236 0.00196717
  58 57.5 4.56719 0.00198229
  59 58.5 4.6124 0.00200191
  60 59.5 4.67528 0.0020292
  61 60.5 4.74884 0.00206113
  62 61.5 4.86003 0.00210939
  63 62.5 4.97935 0.00216118
  64 63.5 5.15229 0.00223624
  65 64.5 5.32238 0.00231006
  66 65.5 5.49906 0.00238674
  67 66.5 5.74578 0.00249383
  68 67.5 5.9974 0.00260304
  69 68.5 6.25405 0.00271443
  70 69.5 6.5555 0.00284527
  71 70.5 6.88762 0.00298942
  72 71.5 7.19187 0.00312147
  73 72.5 7.38633 0.00320587
  74 73.5 7.5174 0.00326276
  75 74.5 7.47711 0.00324527
  76 75.5 7.28244 0.00316078
  77 76.5 6.85038 0.00297325
  78 77.5 6.2176 0.00269861
  79 78.5 5.43518 0.00235902
  80 79.5 4.6002 0.00199662
  81 80.5 3.74845 0.00162693
  82 81.5 2.93477 0.00127377
  83 82.5 2.23064 0.00096816
  84 83.5 1.67884 0.000728665
  85 84.5 1.27074 0.000551536
  86 85.5 0.971674 0.000421734
  87 86.5 0.755348 0.000327842
  88 87.5 0.618914 0.000268626
  89 88.5 0.534842 0.000232136
  90 89.5 0.477104 0.000207076
  91 90.5 0.43527 0.000188919
  92 91.5 0.41465 0.00017997
  93 92.5 0.4041 0.000175391
  94 93.5 0.395398 0.000171614
  95 94.5 0.384912 0.000167063
  96 95.5 0.383964 0.000166651
  97 96.5 0.379276 0.000164616
  98 97.5 0.382548 0.000166036
  99 98.5 0.374742 0.000162648
  100 99.5 0.380662 0.000165218
  101 100.5 0.380602 0.000165192
  102 101.5 0.377368 0.000163788
  103 102.5 0.378762 0.000164393
  104 103.5 0.379924 0.000164898
  105 104.5 0.379772 0.000164832
  106 105.5 0.385004 0.000167102
  107 106.5 0.384768 0.000167
  108 107.5 0.383052 0.000166255
  109 108.5 0.380072 0.000164962
  110 109.5 0.37975 0.000164822
  111 110.5 0.377566 0.000163874
  112 111.5 0.376736 0.000163514
  113 112.5 0.379416 0.000164677
  114 113.5 0.381902 0.000165756
  115 114.5 0.37894 0.00016447
  116 115.5 0.377968 0.000164049
  117 116.5 0.377684 0.000163925
  118 117.5 0.3744 0.0001625
  119 118.5 0.373936 0.000162299
  120 119.5 0.377436 0.000163818
  121 120.5 0.377034 0.000163643
  122 121.5 0.37664 0.000163472
  123 122.5 0.376664 0.000163483
  124 123.5 0.377374 0.000163791
  125 124.5 0.375352 0.000162913
  126 125.5 0.374888 0.000162712
  127 126.5 0.375066 0.000162789
  128 127.5 0.379198 0.000164582
  129 128.5 0.376288 0.000163319
  130 129.5 0.380874 0.00016531
  131 130.5 0.382224 0.000165896
  132 131.5 0.377498 0.000163845
  133 132.5 0.376908 0.000163589
  134 133.5 0.3694 0.00016033
  135 134.5 0.370556 0.000160832
  136 135.5 0.37058 0.000160842
  137 136.5 0.368944 0.000160132
  138 137.5 0.370868 0.000160967
  139 138.5 0.376186 0.000163275
  140 139.5 0.3748 0.000162674
  141 140.5 0.375682 0.000163056
  142 141.5 0.378742 0.000164385
  143 142.5 0.377108 0.000163675
  144 143.5 0.378192 0.000164146
  145 144.5 0.377786 0.00016397
  146 145.5 0.376054 0.000163218
  147 146.5 0.380902 0.000165322
  148 147.5 0.376438 0.000163385
  149 148.5 0.375396 0.000162932
  150 149.5 0.3782 0.000164149
  151 150.5 0.375676 0.000163054
  152 151.5 0.372914 0.000161855
  153 152.5 0.37569 0.00016306
  154 153.5 0.373996 0.000162325
  155 154.5 0.371098 0.000161067
  156 155.5 0.36922 0.000160252
  157 156.5 0.371732 0.000161342
  158 157.5 0.374776 0.000162663
  159 158.5 0.370276 0.00016071
  160 159.5 0.372252 0.000161568
  161 160.5 0.371452 0.00016122
  162 161.5 0.370104 0.000160635
  163 162.5 0.370934 0.000160996
  164 163.5 0.376072 0.000163226
  165 164.5 0.37323 0.000161992
  166 165.5 0.377132 0.000163686
  167 166.5 0.380016 0.000164938
  168 167.5 0.374556 0.000162568
  169 168.5 0.37276 0.000161788
  170 169.5 0.374154 0.000162393
  171 170.5 0.378406 0.000164239
  172 171.5 0.377382 0.000163794
  173 172.5 0.374938 0.000162734
  174 173.5 0.373514 0.000162115
  175 174.5 0.371518 0.000161249
  176 175.5 0.377232 0.000163729
  177 176.5 0.376158 0.000163263
  178 177.5 0.375016 0.000162767
  179 178.5 0.375018 0.000162768
  180 179.5 0.37611 0.000163242
  181 180.5 0.375342 0.000162909
  182 181.5 0.375504 0.000162979
  183 182.5 0.373142 0.000161954
  184 183.5 0.37631 0.000163329
  185 184.5 0.374348 0.000162477
  186 185.5 0.376336 0.00016334
  187 186.5 0.377958 0.000164044
  188 187.5 0.376916 0.000163592
  189 188.5 0.375026 0.000162772
  190 189.5 0.36969 0.000160456
  191 190.5 0.37149 0.000161237
  192 191.5 0.372936 0.000161865
  193 192.5 0.375364 0.000162918
  194 193.5 0.373038 0.000161909
  195 194.5 0.371376 0.000161187
  196 195.5 0.378276 0.000164182
  197 196.5 0.376922 0.000163595
  198 197.5 0.38044 0.000165122
  199 198.5 0.377172 0.000163703
  200 199.5 0.372694 0.00016176
  201 200.5 0.371972 0.000161446
  202 201.5 0.37158 0.000161276
  203 202.5 0.369544 0.000160392
  204 203.5 0.37454 0.000162561
  205 204.5 0.373544 0.000162128
  206 205.5 0.37216 0.000161528
  207 206.5 0.377158 0.000163697
  208 207.5 0.37536 0.000162917
  209 208.5 0.37434 0.000162474
  210 209.5 0.37547 0.000162964
  211 210.5 0.378852 0.000164432
  212 211.5 0.381282 0.000165487
  213 212.5 0.381374 0.000165527
  214 213.5 0.382754 0.000166126
  215 214.5 0.384378 0.000166831
  216 215.5 0.388288 0.000168528
  217 216.5 0.39451 0.000171228
  218 217.5 0.402914 0.000174876
  219 218.5 0.41438 0.000179852
  220 219.5 0.437942 0.000190079
  221 220.5 0.476534 0.000206829
  222 221.5 0.534006 0.000231773
  223 222.5 0.619028 0.000268675
  224 223.5 0.760134 0.000329919
  225 224.5 0.983782 0.000426989
  226 225.5 1.32544 0.000575276
  227 226.5 1.83699 0.000797304
  228 227.5 2.58298 0.00112108
  229 228.5 3.59071 0.00155847
  230 229.5 4.87636 0.00211648
  231 230.5 6.49172 0.00281759
  232 231.5 8.32339 0.00361258
  233 232.5 10.3739 0.00450256
  234 233.5 12.5077 0.0054287
  235 234.5 14.6236 0.00634703
  236 235.5 16.6549 0.00722868
  237 236.5 18.5362 0.00804521
  238 237.5 20.2238 0.0087777
  239 238.5 21.7134 0.00942423
  240 239.5 23.0242 0.00999314
  241 240.5 24.1319 0.0104739
  242 241.5 25.0966 0.0108926
  243 242.5 25.9101 0.0112457
  244 243.5 26.5996 0.011545
  245 244.5 27.1999 0.0118055
  246 245.5 27.6564 0.0120037
  247 246.5 28.0536 0.0121761
  248 247.5 28.339 0.0122999
  249 248.5 28.6208 0.0124222
  250 249.5 28.8184 0.012508
  251 250.5 28.9486 0.0125645
  252 251.5 29.0759 0.0126197
  253 252.5 29.1712 0.0126611
  254 253.5 29.2112 0.0126785
  255 254.5 29.296 0.0127153
  256 255.5 29.2978 0.0127161
  257 256.5 29.3815 0.0127524
  258 257.5 29.4191 0.0127687
  259 258.5 29.4082 0.012764
  260 259.5 29.5013 0.0128044
  261 260.5 29.5135 0.0128097
  262 261.5 29.534 0.0128186
  263 262.5 29.5475 0.0128244
  264 263.5 29.5555 0.0128279
  265 264.5 29.6026 0.0128483
  266 265.5 29.6278 0.0128593
  267 266.5 29.5753 0.0128365
  268 267.5 29.6415 0.0128652
  269 268.5 29.683 0.0128832
  270 269.5 29.6348 0.0128623
  271 270.5 29.632 0.0128611
  272 271.5 29.6768 0.0128805
  273 272.5 29.6991 0.0128903
  274 273.5 29.6233 0.0128573
  275 274.5 29.6414 0.0128652
  276 275.5 29.6488 0.0128684
  277 276.5 29.646 0.0128672
  278 277.5 29.6206 0.0128562
  279 278.5 29.6067 0.0128501
  280 279.5 29.6198 0.0128558
  281 280.5 29.6406 0.0128648
  282 281.5 29.5874 0.0128418
  283 282.5 29.6107 0.0128519
  284 283.5 29.6268 0.0128588
  285 284.5 29.6085 0.0128509
  286 285.5 29.6369 0.0128632
  287 286.5 29.6905 0.0128865
  288 287.5 29.6823 0.0128829
  289 288.5 29.6464 0.0128674
  290 289.5 29.7278 0.0129027
  291 290.5 29.7126 0.0128961
  292 291.5 29.7376 0.0129069
  293 292.5 29.7688 0.0129205
  294 293.5 29.7602 0.0129168
  295 294.5 29.76 0.0129167
  296 295.5 29.7641 0.0129185
  297 296.5 29.7487 0.0129118
  298 297.5 29.7919 0.0129305
  299 298.5 29.8008 0.0129344
  300 299.5 29.7974 0.0129329
  301 300.5 29.7828 0.0129266
  302 301.5 29.7732 0.0129224
  303 302.5 29.765 0.0129188
  304 303.5 29.7409 0.0129084
  305 304.5 29.7478 0.0129114
  306 305.5 29.7671 0.0129197
  307 306.5 29.8005 0.0129342
  308 307.5 29.707 0.0128937
  309 308.5 29.7092 0.0128946
  310 309.5 29.7258 0.0129018
  311 310.5 29.6972 0.0128894
  312 311.5 29.6375 0.0128635
  313 312.5 29.6612 0.0128738
  314 313.5 29.6453 0.0128669
  315 314.5 29.653 0.0128702
  316 315.5 29.5925 0.012844
  317 316.5 29.6225 0.012857
  318 317.5 29.6032 0.0128486
  319 318.5 29.5974 0.0128461
  320 319.5 29.5988 0.0128467
  321 320.5 29.621 0.0128564
  322 321.5 29.5859 0.0128411
  323 322.5 29.6185 0.0128553
  324 323.5 29.5813 0.0128391
  325 324.5 29.5845 0.0128405
  326 325.5 29.5616 0.0128306
  327 326.5 29.4981 0.012803
  328 327.5 29.5059 0.0128064
  329 328.5 29.4919 0.0128003
  330 329.5 29.4488 0.0127816
  331 330.5 29.4367 0.0127763
  332 331.5 29.4254 0.0127714
  333 332.5 29.4164 0.0127675
  334 333.5 29.3903 0.0127562
  335 334.5 29.3781 0.0127509
  336 335.5 29.4239 0.0127708
  337 336.5 29.4004 0.0127606
  338 337.5 29.3763 0.0127501
  339 338.5 29.4048 0.0127625
  340 339.5 29.3879 0.0127551
  341 340.5 29.3841 0.0127535
  342 341.5 29.3825 0.0127528
  343 342.5 29.3837 0.0127533
  344 343.5 29.3845 0.0127537
  345 344.5 29.3854 0.0127541
  346 345.5 29.4072 0.0127636
  347 346.5 29.3851 0.0127539
  348 347.5 29.369 0.012747
  349 348.5 29.3553 0.012741
  350 349.5 29.3841 0.0127535
  351 350.5 29.3584 0.0127424
  352 351.5 29.3402 0.0127345
  353 352.5 29.355 0.0127409
  354 353.5 29.367 0.0127461
  355 354.5 29.34 0.0127344
  356 355.5 29.3489 0.0127383
  357 356.5 29.3026 0.0127181
  358 357.5 29.3223 0.0127267
  359 358.5 29.2973 0.0127158
  360 359.5 29.3089 0.0127209
  361 360.5 29.2747 0.012706
  362 361.5 29.2652 0.0127019
  363 362.5 29.2761 0.0127067
  364 363.5 29.2784 0.0127076
  365 364.5 29.3134 0.0127228
  366 365.5 29.2934 0.0127141
  367 366.5 29.344 0.0127361
  368 367.5 29.3473 0.0127376
  369 368.5 29.3308 0.0127304
  370 369.5 29.2921 0.0127136
  371 370.5 29.2858 0.0127108
  372 371.5 29.2553 0.0126976
  373 372.5 29.17 0.0126606
  374 373.5 29.1471 0.0126507
  375 374.5 29.0361 0.0126025
  376 375.5 28.9187 0.0125515
  377 376.5 28.8247 0.0125107
  378 377.5 28.683 0.0124492
  379 378.5 28.5063 0.0123725
  380 379.5 28.2626 0.0122668
  381 380.5 28.0567 0.0121774
  382 381.5 27.7445 0.0120419
  383 382.5 27.3632 0.0118764
  384 383.5 26.9558 0.0116996
  385 384.5 26.439 0.0114753
  386 385.5 25.8264 0.0112094
  387 386.5 25.1172 0.0109016
  388 387.5 24.3019 0.0105477
  389 388.5 23.408 0.0101597
  390 389.5 22.3375 0.00969511
  391 390.5 21.2074 0.00920461
  392 391.5 20.0283 0.00869283
  393 392.5 18.765 0.00814452
  394 393.5 17.4741 0.00758425
  395 394.5 16.1524 0.00701061
  396 395.5 14.8288 0.00643613
  397 396.5 13.5809 0.00589447
  398 397.5 12.4357 0.00539744
  399 398.5 11.3052 0.00490679
  400 399.5 10.3071 0.00447358
  401 400.5 9.44838 0.00410086
  402 401.5 8.66205 0.00375957
  403 402.5 7.97539 0.00346154
  404 403.5 7.45603 0.00323612
  405 404.5 6.98186 0.00303032
  406 405.5 6.58777 0.00285928
  407 406.5 6.28877 0.0027295
  408 407.5 6.02756 0.00261613
  409 408.5 5.84512 0.00253695
  410 409.5 5.70744 0.00247719
  411 410.5 5.59658 0.00242907
  412 411.5 5.51009 0.00239153
  413 412.5 5.4017 0.00234449
  414 413.5 5.31535 0.00230701
  415 414.5 5.24188 0.00227512
  416 415.5 5.21059 0.00226154
  417 416.5 5.14498 0.00223307
  418 417.5 5.09705 0.00221226
  419 418.5 5.05888 0.0021957
  420 419.5 5.05479 0.00219392
  421 420.5 5.03447 0.0021851
  422 421.5 5.02181 0.00217961
  423 422.5 5.02283 0.00218005
  424 423.5 5.02894 0.0021827
  425 424.5 5.0239 0.00218051
  426 425.5 5.01742 0.0021777
  427 426.5 5.012 0.00217535
  428 427.5 5.01377 0.00217611
  429 428.5 5.03992 0.00218747
  430 429.5 5.03426 0.00218501
  431 430.5 5.0621 0.00219709
  432 431.5 5.0886 0.00220859
  433 432.5 5.07991 0.00220482
  434 433.5 5.07285 0.00220176
  435 434.5 5.06487 0.0021983
  436 435.5 5.0423 0.0021885
  437 436.5 5.03799 0.00218663
  438 437.5 5.0486 0.00219123
  439 438.5 5.02844 0.00218248
  440 439.5 5.00945 0.00217424
  441 440.5 5.0045 0.00217209
  442 441.5 4.99854 0.00216951
  443 442.5 4.97968 0.00216132
  444 443.5 4.95674 0.00215136
  445 444.5 4.96227 0.00215376
  446 445.5 4.94274 0.00214529
  447 446.5 4.92952 0.00213955
  448 447.5 4.9252 0.00213767
  449 448.5 4.9072 0.00212986
  450 449.5 4.9168 0.00213403
  451 450.5 4.89466 0.00212442
  452 451.5 4.8967 0.00212531
  453 452.5 4.88868 0.00212182
  454 453.5 4.84894 0.00210457
  455 454.5 4.85149 0.00210568
  456 455.5 4.8675 0.00211263
  457 456.5 4.83848 0.00210004
  458 457.5 4.82661 0.00209488
  459 458.5 4.85106 0.0021055
  460 459.5 4.85484 0.00210713
  461 460.5 4.83839 0.00209999
  462 461.5 4.83504 0.00209854
  463 462.5 4.82164 0.00209272
  464 463.5 4.8053 0.00208564
  465 464.5 4.7912 0.00207951
  466 465.5 4.77066 0.0020706
  467 466.5 4.7872 0.00207778
  468 467.5 4.81261 0.00208881
  469 468.5 4.8084 0.00208698
  470 469.5 4.81033 0.00208782
  471 470.5 4.81047 0.00208788
  472 471.5 4.79807 0.0020825
  473 472.5 4.77952 0.00207445
  474 473.5 4.77394 0.00207202
  475 474.5 4.77132 0.00207089
  476 475.5 4.78711 0.00207774
  477 476.5 4.80146 0.00208397
  478 477.5 4.80367 0.00208493
  479 478.5 4.79286 0.00208023
  480 479.5 4.79083 0.00207935
50000000 480 5568
  1 0.5 4.5048 0.00195521
  2 1.5 4.56135 0.00197975
  3 2.5 4.57749 0.00198676
  4 3.5 4.5917 0.00199293
  5 4.5 4.60532 0.00199884
  6 5.5 4.60838 0.00200016
  7 6.5 4.61513 0.00200309
  8 7.5 4.62612 0.00200787
  9 8.5 4.64886 0.00201774
  10 9.5 4.64612 0.00201655
  11 10.5 4.67551 0.0020293
  12 11.5 4.68728 0.00203441
  13 12.5 4.71441 0.00204619
  14 13.5 4.74926 0.00206131
  15 14.5 4.76565 0.00206843
  16 15.5 4.77739 0.00207352
  17 16.5 4.80721 0.00208646
  18 17.5 4.82681 0.00209497
  19 18.5 4.85347 0.00210654
  20 19.5 4.86322 0.00211077
  21 20.5 4.89503 0.00212458
  22 21.5 4.89768 0.00212573
  23 22.5 4.9033 0.00212817
  24 23.5 4.91151 0.00213173
  25 24.5 4.90008 0.00212677
  26 25.5 4.91128 0.00213163
  27 26.5 4.91033 0.00213122
  28 27.5 4.93523 0.00214203
  29 28.5 4.94805 0.00214759
  30 29.5 4.99163 0.00216651
  31 30.5 5.01229 0.00217547
  32 31.5 5.01904 0.0021784
  33 32.5 5.04836 0.00219113
  34 33.5 5.05947 0.00219595
  35 34.5 5.06095 0.00219659
  36 35.5 5.06145 0.00219681
  37 36.5 5.08092 0.00220526
  38 37.5 5.08561 0.00220729
  39 38.5 5.06944 0.00220028
  40 39.5 5.07335 0.00220197
  41 40.5 5.06809 0.00219969
  42 41.5 5.06518 0.00219843
  43 42.5 5.04403 0.00218925
  44 43.5 5.02526 0.0021811
  45 44.5 5.00027 0.00217026
  46 45.5 4.9747 0.00215916
  47 46.5 4.95662 0.00215131
  48 47.5 4.94815 0.00214763
  49 48.5 4.94539 0.00214643
  50 49.5 4.94852 0.00214779
  51 50.5 4.94042 0.00214428
  52 51.5 4.94497 0.00214625
  53 52.5 4.94882 0.00214792
  54 53.5 4.94904 0.00214802
  55 54.5 4.96422 0.00215461
  56 55.5 5.01366 0.00217607
  57 56.5 5.07284 0.00220176
  58 57.5 5.11984 0.00222215
  59 58.5 5.17707 0.00224699
  60 59.5 5.25039 0.00227881
  61 60.5 5.34918 0.00232169
  62 61.5 5.45969 0.00236966
  63 62.5 5.59806 0.00242971
  64 63.5 5.78009 0.00250872
  65 64.5 5.98236 0.00259651
  66 65.5 6.22283 0.00270088
  67 66.5 6.51421 0.00282735
  68 67.5 6.78236 0.00294373
  69 68.5 7.0796 0.00307274
  70 69.5 7.41749 0.0032194
  71 70.5 7.75797 0.00336718
  72 71.5 8.00551 0.00347461
  73 72.5 8.19254 0.00355579
  74 73.5 8.22745 0.00357094
  75 74.5 8.14083 0.00353335
  76 75.5 7.82256 0.00339521
  77 76.5 7.29964 0.00316824
  78 77.5 6.65271 0.00288746
  79 78.5 5.84317 0.0025361
  80 79.5 4.97519 0.00215937
  81 80.5 4.06832 0.00176576
  82 81.5 3.2362 0.0014046
  83 82.5 2.48949 0.00108051
  84 83.5 1.88652 0.0008188
  85 84.5 1.42392 0.00061802
  86 85.5 1.07623 0.000467114
  87 86.5 0.843584 0.000366139
  88 87.5 0.680104 0.000295184
  89 88.5 0.569692 0.000247262
  90 89.5 0.503902 0.000218707
  91 90.5 0.458614 0.000199051
  92 91.5 0.436458 0.000189435
  93 92.5 0.420246 0.000182398
  94 93.5 0.409726 0.000177832
  95 94.5 0.397208 0.000172399
  96 95.5 0.396654 0.000172159
  97 96.5 0.396096 0.000171917
  98 97.5 0.390776 0.000169608
  99 98.5 0.390002 0.000169272
  100 99.5 0.386102 0.000167579
  101 100.5 0.38931 0.000168971
  102 101.5 0.388474 0.000168609
  103 102.5 0.387578 0.00016822
  104 103.5 0.38947 0.000169041
  105 104.5 0.390986 0.000169699
  106 105.5 0.388314 0.000168539
  107 106.5 0.389582 0.000169089
  108 107.5 0.388226 0.000168501
  109 108.5 0.386164 0.000167606
  110 109.5 0.388492 0.000168616
  111 110.5 0.390578 0.000169522
  112 111.5 0.386476 0.000167741
  113 112.5 0.388898 0.000168793
  114 113.5 0.388142 0.000168464
  115 114.5 0.393194 0.000170657
  116 115.5 0.391762 0.000170036
  117 116.5 0.394564 0.000171252
  118 117.5 0.392268 0.000170255
  119 118.5 0.39046 0.00016947
  120 119.5 0.38679 0.000167878
  121 120.5 0.38896 0.000168819
  122 121.5 0.387492 0.000168182
  123 122.5 0.384102 0.000166711
  124 123.5 0.389278 0.000168957
  125 124.5 0.387488 0.000168181
  126 125.5 0.387294 0.000168096
  127 126.5 0.386376 0.000167698
  128 127.5 0.387672 0.00016826
  129 128.5 0.387696 0.000168271
  130 129.5 0.384552 0.000166906
  131 130.5 0.387216 0.000168062
  132 131.5 0.385086 0.000167138
  133 132.5 0.387862 0.000168343
  134 133.5 0.38571 0.000167409
  135 134.5 0.387418 0.00016815
  136 135.5 0.389246 0.000168944
  137 136.5 0.386922 0.000167935
  138 137.5 0.384388 0.000166835
  139 138.5 0.384682 0.000166963
  140 139.5 0.383758 0.000166562
  141 140.5 0.385236 0.000167203
  142 141.5 0.386922 0.000167935
  143 142.5 0.386888 0.00016792
  144 143.5 0.385834 0.000167463
  145 144.5 0.388748 0.000168727
  146 145.5 0.389976 0.00016926
  147 146.5 0.39006 0.000169297
  148 147.5 0.39212 0.000170191
  149 148.5 0.38845 0.000168598
  150 149.5 0.38858 0.000168655
  151 150.5 0.389412 0.000169016
  152 151.5 0.390676 0.000169564
  153 152.5 0.385932 0.000167505
  154 153.5 0.388902 0.000168794
  155 154.5 0.388044 0.000168422
  156 155.5 0.38978 0.000169175
  157 156.5 0.391962 0.000170122
  158 157.5 0.391706 0.000170011
  159 158.5 0.392912 0.000170535
  160 159.5 0.392466 0.000170341
  161 160.5 0.394548 0.000171245
  162 161.5 0.394302 0.000171138
  163 162.5 0.38934 0.000168984
  164 163.5 0.391016 0.000169712
  165 164.5 0.394876 0.000171387
  166 165.5 0.392144 0.000170201
  167 166.5 0.390982 0.000169697
  168 167.5 0.393026 0.000170584
  169 168.5 0.391022 0.000169714
  170 169.5 0.39123 0.000169805
  171 170.5 0.385612 0.000167366
  172 171.5 0.387502 0.000168187
  173 172.5 0.38923 0.000168937
  174 173.5 0.387188 0.00016805
  175 174.5 0.38801 0.000168407
  176 175.5 0.383222 0.000166329
  177 176.5 0.38265 0.000166081
  178 177.5 0.384342 0.000166815
  179 178.5 0.383616 0.0001665
  180 179.5 0.384936 0.000167073
  181 180.5 0.382 0.000165799
  182 181.5 0.378762 0.000164393
  183 182.5 0.38604 0.000167552
  184 183.5 0.382972 0.00016622
  185 184.5 0.38399 0.000166662
  186 185.5 0.383418 0.000166414
  187 186.5 0.385432 0.000167288
  188 187.5 0.389238 0.00016894
  189 188.5 0.386326 0.000167676
  190 189.5 0.390858 0.000169643
  191 190.5 0.393712 0.000170882
  192 191.5 0.394476 0.000171214
  193 192.5 0.389192 0.00016892
  194 193.5 0.386754 0.000167862
  195 194.5 0.386086 0.000167572
  196 195.5 0.3866 0.000167795
  197 196.5 0.388468 0.000168606
  198 197.5 0.3924 0.000170312
  199 198.5 0.390424 0.000169455
  200 199.5 0.388658 0.000168688
  201 200.5 0.387534 0.000168201
  202 201.5 0.388578 0.000168654
  203 202.5 0.390382 0.000169437
  204 203.5 0.386006 0.000167537
  205 204.5 0.388168 0.000168476
  206 205.5 0.392976 0.000170563
  207 206.5 0.387292 0.000168095
  208 207.5 0.394232 0.000171108
  209 208.5 0.393788 0.000170915
  210 209.5 0.395672 0.000171733
  211 210.5 0.393272 0.000170691
  212 211.5 0.394452 0.000171203
  213 212.5 0.39072 0.000169583
  214 213.5 0.393928 0.000170976
  215 214.5 0.396992 0.000172306
  216 215.5 0.399152 0.000173243
  217 216.5 0.404426 0.000175532
  218 217.5 0.40844 0.000177274
  219 218.5 0.4193 0.000181988
  220 219.5 0.44024 0.000191076
  221 220.5 0.474254 0.000205839
  222 221.5 0.527768 0.000229066
  223 222.5 0.614466 0.000266695
  224 223.5 0.75896 0.00032941
  225 224.5 0.981108 0.000425828
  226 225.5 1.30613 0.000566898
  227 226.5 1.79969 0.000781115
  228 227.5 2.49295 0.00108201
  229 228.5 3.42388 0.00148606
  230 229.5 4.6059 0.00199909
  231 230.5 6.07372 0.00263616
  232 231.5 7.77078 0.00337274
  233 232.5 9.6103 0.00417114
  234 233.5 11.5788 0.00502551
  235 234.5 13.6207 0.00591176
  236 235.5 15.6101 0.00677522
  237 236.5 17.4659 0.00758067
  238 237.5 19.2311 0.00834682
  239 238.5 20.8348 0.00904288
  240 239.5 22.1962 0.00963378
  241 240.5 23.4231 0.0101663
  242 241.5 24.4653 0.0106186
  243 242.5 25.3738 0.0110129
  244 243.5 26.0979 0.0113272
  245 244.5 26.741 0.0116063
  246 245.5 27.2809 0.0118407
  247 246.5 27.7263 0.012034
  248 247.5 28.0527 0.0121756
  249 248.5 28.3128 0.0122885
  250 249.5 28.5897 0.0124087
  251 250.5 28.7647 0.0124847
  252 251.5 28.8925 0.0125402
  253 252.5 29.0431 0.0126055
  254 253.5 29.1353 0.0126455
  255 254.5 29.1985 0.0126729
  256 255.5 29.2317 0.0126874
  257 256.5 29.3364 0.0127328
  258 257.5 29.3819 0.0127526
  259 258.5 29.4201 0.0127691
  260 259.5 29.4193 0.0127688
  261 260.5 29.4799 0.0127951
  262 261.5 29.546 0.0128238
  263 262.5 29.531 0.0128173
  264 263.5 29.5214 0.0128131
  265 264.5 29.6209 0.0128563
  266 265.5 29.6153 0.0128539
  267 266.5 29.5936 0.0128444
  268 267.5 29.6514 0.0128695
  269 268.5 29.7056 0.012893
  270 269.5 29.6693 0.0128773
  271 270.5 29.6665 0.0128761
  272 271.5 29.7401 0.012908
  273 272.5 29.6839 0.0128836
  274 273.5 29.6796 0.0128818
  275 274.5 29.7022 0.0128916
  276 275.5 29.7183 0.0128986
  277 276.5 29.6781 0.0128811
  278 277.5 29.6613 0.0128738
  279 278.5 29.6713 0.0128782
  280 279.5 29.6659 0.0128758
  281 280.5 29.6458 0.0128671
  282 281.5 29.6803 0.0128821
  283 282.5 29.6325 0.0128613
  284 283.5 29.6191 0.0128555
  285 284.5 29.5894 0.0128426
  286 285.5 29.583 0.0128399
  287 286.5 29.6115 0.0128522
  288 287.5 29.6048 0.0128493
  289 288.5 29.6246 0.0128579
  290 289.5 29.6267 0.0128588
  291 290.5 29.6063 0.01285
  292 291.5 29.6082 0.0128508
  293 292.5 29.6169 0.0128545
  294 293.5 29.5931 0.0128442
  295 294.5 29.6409 0.012865
  296 295.5 29.6432 0.012866
  297 296.5 29.6462 0.0128673
  298 297.5 29.6748 0.0128797
  299 298.5 29.694 0.012888
  300 299.5 29.6993 0.0128903
  301 300.5 29.7117 0.0128957
  302 301.5 29.7569 0.0129153
  303 302.5 29.7682 0.0129202
  304 303.5 29.7197 0.0128992
  305 304.5 29.7592 0.0129163
  306 305.5 29.7388 0.0129075
  307 306.5 29.6914 0.0128869
  308 307.5 29.6788 0.0128814
  309 308.5 29.733 0.012905
  310 309.5 29.7421 0.0129089
  311 310.5 29.7211 0.0128998
  312 311.5 29.7584 0.012916
  313 312.5 29.8196 0.0129425
  314 313.5 29.8163 0.0129411
  315 314.5 29.825 0.0129449
  316 315.5 29.8542 0.0129576
  317 316.5 29.8802 0.0129688
  318 317.5 29.8635 0.0129616
  319 318.5 29.842 0.0129523
  320 319.5 29.8557 0.0129582
  321 320.5 29.8312 0.0129476
  322 321.5 29.8446 0.0129534
  323 322.5 29.8605 0.0129603
  324 323.5 29.8757 0.0129669
  325 324.5 29.8911 0.0129736
  326 325.5 29.8778 0.0129678
  327 326.5 29.8362 0.0129498
  328 327.5 29.8535 0.0129573
  329 328.5 29.8805 0.012969
  330 329.5 29.8836 0.0129703
  331 330.5 29.8724 0.0129654
  332 331.5 29.9119 0.0129826
  333 332.5 29.9344 0.0129924
  334 333.5 29.9168 0.0129847
  335 334.5 29.9051 0.0129797
  336 335.5 29.9323 0.0129914
  337 336.5 29.8721 0.0129653
  338 337.5 29.8575 0.012959
  339 338.5 29.8713 0.012965
  340 339.5 29.8597 0.0129599
  341 340.5 29.8472 0.0129545
  342 341.5 29.8716 0.0129651
  343 342.5 29.8911 0.0129736
  344 343.5 29.8729 0.0129657
  345 344.5 29.9013 0.012978
  346 345.5 29.9121 0.0129827
  347 346.5 29.9111 0.0129822
  348 347.5 29.9732 0.0130092
  349 348.5 29.9825 0.0130132
  350 349.5 29.9233 0.0129876
  351 350.5 30.0046 0.0130228
  352 351.5 30.0164 0.013028
  353 352.5 29.9828 0.0130134
  354 353.5 29.9005 0.0129777
  355 354.5 29.9631 0.0130048
  356 355.5 29.9353 0.0129928
  357 356.5 29.9044 0.0129794
  358 357.5 29.9603 0.0130036
  359 358.5 29.9539 0.0130008
  360 359.5 29.9341 0.0129922
  361 360.5 29.9209 0.0129865
  362 361.5 29.906 0.0129801
  363 362.5 29.8777 0.0129677
  364 363.5 29.8456 0.0129538
  365 364.5 29.8299 0.012947
  366 365.5 29.8128 0.0129396
  367 366.5 29.7731 0.0129224
  368 367.5 29.7806 0.0129256
  369 368.5 29.7441 0.0129098
  370 369.5 29.7151 0.0128972
  371 370.5 29.7031 0.012892
  372 371.5 29.6472 0.0128677
  373 372.5 29.5756 0.0128366
  374 373.5 29.5635 0.0128314
  375 374.5 29.448 0.0127812
  376 375.5 29.3226 0.0127268
  377 376.5 29.2777 0.0127073
  378 377.5 29.1311 0.0126437
  379 378.5 28.9076 0.0125467
  380 379.5 28.6486 0.0124343
  381 380.5 28.3947 0.0123241
  382 381.5 28.0945 0.0121938
  383 382.5 27.653 0.0120022
  384 383.5 27.2317 0.0118193
  385 384.5 26.7023 0.0115895
  386 385.5 26.0562 0.0113091
  387 386.5 25.3114 0.0109858
  388 387.5 24.4895 0.0106291
  389 388.5 23.4649 0.0101844
  390 389.5 22.4 0.00972224
  391 390.5 21.2413 0.0092193
  392 391.5 19.9462 0.0086572
  393 392.5 18.5983 0.00807219
  394 393.5 17.2564 0.00748978
  395 394.5 15.8818 0.00689312
  396 395.5 14.5378 0.0063098
  397 396.5 13.2517 0.00575161
  398 397.5 12.0623 0.00523536
  399 398.5 10.916 0.00473784
  400 399.5 9.85557 0.00427759
  401 400.5 8.9801 0.00389761
  402 401.5 8.1886 0.00355408
  403 402.5 7.49588 0.00325342
  404 403.5 6.95162 0.00301719
  405 404.5 6.48299 0.0028138
  406 405.5 6.07316 0.00263592
  407 406.5 5.74817 0.00249487
  408 407.5 5.48831 0.00238208
  409 408.5 5.28148 0.00229231
  410 409.5 5.07493 0.00220266
  411 410.5 4.89881 0.00212622
  412 411.5 4.75429 0.00206349
  413 412.5 4.63201 0.00201042
  414 413.5 4.56374 0.00198079
  415 414.5 4.4957 0.00195126
  416 415.5 4.43034 0.00192289
  417 416.5 4.39444 0.00190731
  418 417.5 4.34181 0.00188447
  419 418.5 4.32054 0.00187523
  420 419.5 4.30577 0.00186882
  421 420.5 4.28968 0.00186184
  422 421.5 4.26705 0.00185202
  423 422.5 4.24844 0.00184394
  424 423.5 4.24516 0.00184252
  425 424.5 4.26151 0.00184962
  426 425.5 4.23897 0.00183983
  427 426.5 4.23737 0.00183914
  428 427.5 4.24976 0.00184451
  429 428.5 4.25214 0.00184555
  430 429.5 4.27691 0.0018563
  431 430.5 4.3062 0.00186901
  432 431.5 4.28762 0.00186094
  433 432.5 4.30656 0.00186917
  434 433.5 4.34556 0.00188609
  435 434.5 4.36968 0.00189656
  436 435.5 4.39789 0.0019088
  437 436.5 4.41936 0.00191813
  438 437.5 4.43343 0.00192423
  439 438.5 4.4266 0.00192127
  440 439.5 4.4364 0.00192552
  441 440.5 4.45631 0.00193416
  442 441.5 4.45621 0.00193412
  443 442.5 4.42311 0.00191975
  444 443.5 4.41752 0.00191732
  445 444.5 4.41878 0.00191787
  446 445.5 4.40478 0.0019118
  447 446.5 4.38491 0.00190317
  448 447.5 4.36653 0.0018952
  449 448.5 4.36677 0.0018953
  450 449.5 4.36745 0.0018956
  451 450.5 4.33822 0.00188291
  452 451.5 4.33113 0.00187983
  453 452.5 4.34431 0.00188555
  454 453.5 4.32479 0.00187708
  455 454.5 4.31639 0.00187343
  456 455.5 4.29058 0.00186223
  457 456.5 4.28404 0.00185939
  458 457.5 4.25201 0.00184549
  459 458.5 4.24632 0.00184302
  460 459.5 4.25155 0.00184529
  461 460.5 4.27859 0.00185703
  462 461.5 4.277 0.00185634
  463 462.5 4.29017 0.00186205
  464 463.5 4.28227 0.00185862
  465 464.5 4.27636 0.00185606
  466 465.5 4.28943 0.00186173
  467 466.5 4.28228 0.00185863
  468 467.5 4.29913 0.00186594
  469 468.5 4.29013 0.00186204
  470 469.5 4.29584 0.00186452
  471 470.5 4.31446 0.0018726
  472 471.5 4.30789 0.00186974
  473 472.5 4.31725 0.00187381
  474 473.5 4.31114 0.00187116
  475 474.5 4.32492 0.00187714
  476 475.5 4.32717 0.00187811
  477 476.5 4.35016 0.00188809
  478 477.5 4.37426 0.00189855
  479 478.5 4.4157 0.00191654
  480 479.5 4.44718 0.0019302
