# Chunk-averaged data for fix tensor2 and group c1
# Timestep Number-of-chunks Total-count
# Chunk Coord1 Ncount density/number
20000000 480 4952.000000000002
  1 0.5 13.1471 0.0057062
  2 1.5 14.66 0.00636283
  3 2.5 16.136 0.00700347
  4 3.5 17.6265 0.00765038
  5 4.5 19.0488 0.00826773
  6 5.5 20.3395 0.00882789
  7 6.5 21.5001 0.00933164
  8 7.5 22.5662 0.00979436
  9 8.5 23.4756 0.0101891
  10 9.5 24.2303 0.0105166
  11 10.5 24.8868 0.0108016
  12 11.5 25.413 0.01103
  13 12.5 25.8864 0.0112354
  14 13.5 26.2217 0.011381
  15 14.5 26.5069 0.0115047
  16 15.5 26.7594 0.0116143
  17 16.5 26.9343 0.0116902
  18 17.5 27.0869 0.0117565
  19 18.5 27.2237 0.0118158
  20 19.5 27.3214 0.0118583
  21 20.5 27.3565 0.0118735
  22 21.5 27.4367 0.0119083
  23 22.5 27.5084 0.0119394
  24 23.5 27.5316 0.0119495
  25 24.5 27.5399 0.0119531
  26 25.5 27.5866 0.0119733
  27 26.5 27.6121 0.0119844
  28 27.5 27.6117 0.0119842
  29 28.5 27.5844 0.0119724
  30 29.5 27.6375 0.0119954
  31 30.5 27.6813 0.0120144
  32 31.5 27.6134 0.011985
  33 32.5 27.6067 0.0119821
  34 33.5 27.6959 0.0120208
  35 34.5 27.6954 0.0120206
  36 35.5 27.6463 0.0119993
  37 36.5 27.6552 0.0120031
  38 37.5 27.6859 0.0120164
  39 38.5 27.6867 0.0120168
  40 39.5 27.6494 0.0120006
  41 40.5 27.6654 0.0120075
  42 41.5 27.6682 0.0120088
  43 42.5 27.6656 0.0120076
  44 43.5 27.6638 0.0120069
  45 44.5 27.7063 0.0120253
  46 45.5 27.6802 0.012014
  47 46.5 27.6512 0.0120014
  48 47.5 27.645 0.0119987
  49 48.5 27.6657 0.0120077
  50 49.5 27.6924 0.0120193
  51 50.5 27.6376 0.0119955
  52 51.5 27.6466 0.0119994
  53 52.5 27.6718 0.0120103
  54 53.5 27.6827 0.0120151
  55 54.5 27.6586 0.0120046
  56 55.5 27.6259 0.0119904
  57 56.5 27.6734 0.012011
  58 57.5 27.675 0.0120117
  59 58.5 27.6724 0.0120106
  60 59.5 27.6514 0.0120015
  61 60.5 27.6553 0.0120032
  62 61.5 27.6531 0.0120022
  63 62.5 27.6688 0.012009
  64 63.5 27.6789 0.0120134
  65 64.5 27.6545 0.0120028
  66 65.5 27.6725 0.0120106
  67 66.5 27.6714 0.0120102
  68 67.5 27.7057 0.012025
  69 68.5 27.6784 0.0120132
  70 69.5 27.6805 0.0120141
  71 70.5 27.6646 0.0120072
  72 71.5 27.6909 0.0120186
  73 72.5 27.7059 0.0120251
  74 73.5 27.7073 0.0120258
  75 74.5 27.6824 0.0120149
  76 75.5 27.6937 0.0120198
  77 76.5 27.7163 0.0120296
  78 77.5 27.7049 0.0120247
  79 78.5 27.6711 0.01201
  80 79.5 27.6782 0.0120131
  81 80.5 27.7096 0.0120268
  82 81.5 27.6763 0.0120123
  83 82.5 27.6618 0.012006
  84 83.5 27.6811 0.0120144
  85 84.5 27.6834 0.0120154
  86 85.5 27.6518 0.0120016
  87 86.5 27.673 0.0120109
  88 87.5 27.7045 0.0120245
  89 88.5 27.665 0.0120074
  90 89.5 27.6557 0.0120033
  91 90.5 27.7331 0.0120369
  92 91.5 27.6922 0.0120192
  93 92.5 27.6467 0.0119994
  94 93.5 27.6675 0.0120085
  95 94.5 27.7015 0.0120232
  96 95.5 27.682 0.0120148
  97 96.5 27.6573 0.012004
  98 97.5 27.6641 0.012007
  99 98.5 27.6896 0.012018
  100 99.5 27.6997 0.0120225
  101 100.5 27.6636 0.0120068
  102 101.5 27.6512 0.0120014
  103 102.5 27.6659 0.0120077
  104 103.5 27.6771 0.0120126
  105 104.5 27.6433 0.011998
  106 105.5 27.6736 0.0120111
  107 106.5 27.6739 0.0120112
  108 107.5 27.6764 0.0120123
  109 108.5 27.6714 0.0120101
  110 109.5 27.6681 0.0120087
  111 110.5 27.6514 0.0120015
  112 111.5 27.6646 0.0120072
  113 112.5 27.6632 0.0120066
  114 113.5 27.6578 0.0120043
  115 114.5 27.6706 0.0120098
  116 115.5 27.6575 0.0120041
  117 116.5 27.6344 0.0119941
  118 117.5 27.6491 0.0120005
  119 118.5 27.6462 0.0119992
  120 119.5 27.6463 0.0119993
  121 120.5 27.6514 0.0120015
  122 121.5 27.646 0.0119991
  123 122.5 27.6543 0.0120027
  124 123.5 27.641 0.0119969
  125 124.5 27.6597 0.0120051
  126 125.5 27.6458 0.0119991
  127 126.5 27.6358 0.0119947
  128 127.5 27.6571 0.0120039
  129 128.5 27.6441 0.0119983
  130 129.5 27.6075 0.0119824
  131 130.5 27.6353 0.0119945
  132 131.5 27.6325 0.0119933
  133 132.5 27.6264 0.0119906
  134 133.5 27.6141 0.0119853
  135 134.5 27.6191 0.0119874
  136 135.5 27.607 0.0119822
  137 136.5 27.6042 0.011981
  138 137.5 27.6011 0.0119796
  139 138.5 27.5926 0.011976
  140 139.5 27.5808 0.0119708
  141 140.5 27.5702 0.0119662
  142 141.5 27.5698 0.0119661
  143 142.5 27.52 0.0119444
  144 143.5 27.564 0.0119636
  145 144.5 27.5108 0.0119404
  146 145.5 27.4932 0.0119328
  147 146.5 27.4572 0.0119172
  148 147.5 27.4491 0.0119137
  149 148.5 27.3805 0.0118839
  150 149.5 27.3404 0.0118665
  151 150.5 27.2839 0.011842
  152 151.5 27.2384 0.0118222
  153 152.5 27.073 0.0117504
  154 153.5 26.952 0.0116979
  155 154.5 26.8179 0.0116397
  156 155.5 26.5696 0.0115319
  157 156.5 26.2441 0.0113907
  158 157.5 25.8276 0.0112099
  159 158.5 25.1615 0.0109208
  160 159.5 24.0189 0.0104249
  161 160.5 22.15 0.00961371
  162 161.5 19.074 0.00827864
  163 162.5 14.8527 0.00644648
  164 163.5 10.1945 0.0044247
  165 164.5 6.06498 0.00263237
  166 165.5 3.15347 0.00136869
  167 166.5 1.46667 0.000636575
  168 167.5 0.631498 0.000274088
  169 168.5 0.274228 0.000119023
  170 169.5 0.131916 5.72552e-05
  171 170.5 0.080234 3.48238e-05
  172 171.5 0.063546 2.75807e-05
  173 172.5 0.053148 2.30677e-05
  174 173.5 0.046114 2.00148e-05
  175 174.5 0.041772 1.81302e-05
  176 175.5 0.042488 1.8441e-05
  177 176.5 0.045036 1.95469e-05
  178 177.5 0.046062 1.99922e-05
  179 178.5 0.04724 2.05035e-05
  180 179.5 0.049524 2.14948e-05
  181 180.5 0.047566 2.0645e-05
  182 181.5 0.04624 2.00694e-05
  183 182.5 0.043014 1.86693e-05
  184 183.5 0.042532 1.84601e-05
  185 184.5 0.039602 1.71884e-05
  186 185.5 0.040984 1.77882e-05
  187 186.5 0.039194 1.70113e-05
  188 187.5 0.040434 1.75495e-05
  189 188.5 0.039462 1.71276e-05
  190 189.5 0.040224 1.74583e-05
  191 190.5 0.04146 1.79948e-05
  192 191.5 0.040798 1.77075e-05
  193 192.5 0.04001 1.73655e-05
  194 193.5 0.039114 1.69766e-05
  195 194.5 0.040748 1.76858e-05
  196 195.5 0.042054 1.82526e-05
  197 196.5 0.041268 1.79115e-05
  198 197.5 0.042684 1.8526e-05
  199 198.5 0.044838 1.94609e-05
  200 199.5 0.044552 1.93368e-05
  201 200.5 0.042218 1.83238e-05
  202 201.5 0.043982 1.90894e-05
  203 202.5 0.043824 1.90208e-05
  204 203.5 0.04032 1.75e-05
  205 204.5 0.040768 1.76944e-05
  206 205.5 0.04187 1.81727e-05
  207 206.5 0.040942 1.777e-05
  208 207.5 0.040844 1.77274e-05
  209 208.5 0.040356 1.75156e-05
  210 209.5 0.03966 1.72135e-05
  211 210.5 0.039106 1.69731e-05
  212 211.5 0.038888 1.68785e-05
  213 212.5 0.038628 1.67656e-05
  214 213.5 0.038238 1.65964e-05
  215 214.5 0.03683 1.59852e-05
  216 215.5 0.033808 1.46736e-05
  217 216.5 0.03297 1.43099e-05
  218 217.5 0.033922 1.47231e-05
  219 218.5 0.034168 1.48299e-05
  220 219.5 0.034902 1.51484e-05
  221 220.5 0.03589 1.55773e-05
  222 221.5 0.034016 1.47639e-05
  223 222.5 0.0353 1.53212e-05
  224 223.5 0.037954 1.64731e-05
  225 224.5 0.038318 1.66311e-05
  226 225.5 0.035304 1.53229e-05
  227 226.5 0.036064 1.56528e-05
  228 227.5 0.035186 1.52717e-05
  229 228.5 0.032394 1.40599e-05
  230 229.5 0.031726 1.377e-05
  231 230.5 0.030958 1.34366e-05
  232 231.5 0.030928 1.34236e-05
  233 232.5 0.029652 1.28698e-05
  234 233.5 0.02909 1.26259e-05
  235 234.5 0.030788 1.33628e-05
  236 235.5 0.03192 1.38542e-05
  237 236.5 0.033834 1.46849e-05
  238 237.5 0.032358 1.40443e-05
  239 238.5 0.03267 1.41797e-05
  240 239.5 0.033358 1.44783e-05
  241 240.5 0.03199 1.38845e-05
  242 241.5 0.033174 1.43984e-05
  243 242.5 0.031528 1.3684e-05
  244 243.5 0.02963 1.28602e-05
  245 244.5 0.0289 1.25434e-05
  246 245.5 0.031248 1.35625e-05
  247 246.5 0.031596 1.37135e-05
  248 247.5 0.03107 1.34852e-05
  249 248.5 0.029812 1.29392e-05
  250 249.5 0.032046 1.39089e-05
  251 250.5 0.030392 1.3191e-05
  252 251.5 0.027932 1.21233e-05
  253 252.5 0.026778 1.16224e-05
  254 253.5 0.026174 1.13602e-05
  255 254.5 0.02646 1.14844e-05
  256 255.5 0.025704 1.11563e-05
  257 256.5 0.02531 1.09852e-05
  258 257.5 0.027282 1.18411e-05
  259 258.5 0.029074 1.26189e-05
  260 259.5 0.030176 1.30972e-05
  261 260.5 0.031478 1.36623e-05
  262 261.5 0.032348 1.40399e-05
  263 262.5 0.030934 1.34262e-05
  264 263.5 0.03097 1.34418e-05
  265 264.5 0.031844 1.38212e-05
  266 265.5 0.032882 1.42717e-05
  267 266.5 0.03648 1.58333e-05
  268 267.5 0.037262 1.61727e-05
  269 268.5 0.03642 1.58073e-05
  270 269.5 0.036736 1.59444e-05
  271 270.5 0.041786 1.81363e-05
  272 271.5 0.044358 1.92526e-05
  273 272.5 0.042308 1.83628e-05
  274 273.5 0.040506 1.75807e-05
  275 274.5 0.040332 1.75052e-05
  276 275.5 0.038554 1.67335e-05
  277 276.5 0.038248 1.66007e-05
  278 277.5 0.036508 1.58455e-05
  279 278.5 0.03862 1.67622e-05
  280 279.5 0.039374 1.70894e-05
  281 280.5 0.040724 1.76753e-05
  282 281.5 0.039316 1.70642e-05
  283 282.5 0.035672 1.54826e-05
  284 283.5 0.034818 1.5112e-05
  285 284.5 0.033108 1.43698e-05
  286 285.5 0.031344 1.36042e-05
  287 286.5 0.030374 1.31832e-05
  288 287.5 0.027532 1.19497e-05
  289 288.5 0.027192 1.18021e-05
  290 289.5 0.028274 1.22717e-05
  291 290.5 0.03101 1.34592e-05
  292 291.5 0.033166 1.4395e-05
  293 292.5 0.034424 1.4941e-05
  294 293.5 0.034284 1.48802e-05
  295 294.5 0.032844 1.42552e-05
  296 295.5 0.032484 1.4099e-05
  297 296.5 0.03291 1.42839e-05
  298 297.5 0.033878 1.4704e-05
  299 298.5 0.03331 1.44575e-05
  300 299.5 0.032474 1.40946e-05
  301 300.5 0.030944 1.34306e-05
  302 301.5 0.028702 1.24575e-05
  303 302.5 0.02808 1.21875e-05
  304 303.5 0.028468 1.23559e-05
  305 304.5 0.027226 1.18168e-05
  306 305.5 0.027808 1.20694e-05
  307 306.5 0.03034 1.31684e-05
  308 307.5 0.02864 1.24306e-05
  309 308.5 0.029892 1.2974e-05
  310 309.5 0.030604 1.3283e-05
  311 310.5 0.032008 1.38924e-05
  312 311.5 0.032498 1.4105e-05
  313 312.5 0.03607 1.56554e-05
  314 313.5 0.039614 1.71936e-05
  315 314.5 0.0457 1.98351e-05
  316 315.5 0.057312 2.4875e-05
  317 316.5 0.083028 3.60365e-05
  318 317.5 0.14037 6.09245e-05
  319 318.5 0.269428 0.000116939
  320 319.5 0.58247 0.000252808
  321 320.5 1.24198 0.000539056
  322 321.5 2.45495 0.00106552
  323 322.5 4.31983 0.00187493
  324 323.5 6.55568 0.00284535
  325 324.5 8.6083 0.00373624
  326 325.5 9.97586 0.0043298
  327 326.5 10.3466 0.00449072
  328 327.5 9.9208 0.0043059
  329 328.5 9.04719 0.00392673
  330 329.5 8.07345 0.0035041
  331 330.5 7.12389 0.00309197
  332 331.5 6.27763 0.00272467
  333 332.5 5.55442 0.00241077
  334 333.5 4.97141 0.00215773
  335 334.5 4.48692 0.00194745
  336 335.5 4.0922 0.00177613
  337 336.5 3.7977 0.00164831
  338 337.5 3.57142 0.0015501
  339 338.5 3.38149 0.00146766
  340 339.5 3.24248 0.00140733
  341 340.5 3.14607 0.00136548
  342 341.5 3.05651 0.00132661
  343 342.5 2.99792 0.00130118
  344 343.5 2.95686 0.00128336
  345 344.5 2.91831 0.00126663
  346 345.5 2.88487 0.00125212
  347 346.5 2.85627 0.0012397
  348 347.5 2.83594 0.00123088
  349 348.5 2.82095 0.00122437
  350 349.5 2.8225 0.00122505
  351 350.5 2.82247 0.00122503
  352 351.5 2.80515 0.00121751
  353 352.5 2.79724 0.00121408
  354 353.5 2.7912 0.00121146
  355 354.5 2.79186 0.00121174
  356 355.5 2.80153 0.00121594
  357 356.5 2.80499 0.00121744
  358 357.5 2.79892 0.00121481
  359 358.5 2.7893 0.00121063
  360 359.5 2.79124 0.00121147
  361 360.5 2.78915 0.00121057
  362 361.5 2.78401 0.00120834
  363 362.5 2.77664 0.00120514
  364 363.5 2.78276 0.00120779
  365 364.5 2.78048 0.0012068
  366 365.5 2.77372 0.00120387
  367 366.5 2.78263 0.00120774
  368 367.5 2.78559 0.00120902
  369 368.5 2.78773 0.00120995
  370 369.5 2.78822 0.00121016
  371 370.5 2.78842 0.00121025
  372 371.5 2.78358 0.00120815
  373 372.5 2.78624 0.00120931
  374 373.5 2.78421 0.00120843
  375 374.5 2.78218 0.00120754
  376 375.5 2.77343 0.00120375
  377 376.5 2.79099 0.00121137
  378 377.5 2.79098 0.00121136
  379 378.5 2.79162 0.00121164
  380 379.5 2.79295 0.00121222
  381 380.5 2.79455 0.00121291
  382 381.5 2.79811 0.00121446
  383 382.5 2.78441 0.00120851
  384 383.5 2.77872 0.00120604
  385 384.5 2.77189 0.00120308
  386 385.5 2.77282 0.00120348
  387 386.5 2.77213 0.00120318
  388 387.5 2.77346 0.00120376
  389 388.5 2.76043 0.0011981
  390 389.5 2.77102 0.0012027
  391 390.5 2.76638 0.00120068
  392 391.5 2.76258 0.00119904
  393 392.5 2.75546 0.00119595
  394 393.5 2.7571 0.00119666
  395 394.5 2.7653 0.00120022
  396 395.5 2.75844 0.00119724
  397 396.5 2.74717 0.00119235
  398 397.5 2.74687 0.00119222
  399 398.5 2.75483 0.00119567
  400 399.5 2.7595 0.0011977
  401 400.5 2.75219 0.00119453
  402 401.5 2.75622 0.00119628
  403 402.5 2.7608 0.00119826
  404 403.5 2.76069 0.00119822
  405 404.5 2.76298 0.00119921
  406 405.5 2.76271 0.00119909
  407 406.5 2.75962 0.00119775
  408 407.5 2.76779 0.0012013
  409 408.5 2.7731 0.0012036
  410 409.5 2.75923 0.00119758
  411 410.5 2.76885 0.00120176
  412 411.5 2.7811 0.00120708
  413 412.5 2.77783 0.00120566
  414 413.5 2.78157 0.00120728
  415 414.5 2.77744 0.00120549
  416 415.5 2.78193 0.00120744
  417 416.5 2.77798 0.00120572
  418 417.5 2.77329 0.00120369
  419 418.5 2.78041 0.00120677
  420 419.5 2.78211 0.00120751
  421 420.5 2.79305 0.00121226
  422 421.5 2.78271 0.00120777
  423 422.5 2.78904 0.00121052
  424 423.5 2.78289 0.00120785
  425 424.5 2.78692 0.0012096
  426 425.5 2.79154 0.00121161
  427 426.5 2.78031 0.00120673
  428 427.5 2.77323 0.00120366
  429 428.5 2.76367 0.00119951
  430 429.5 2.76639 0.00120069
  431 430.5 2.76606 0.00120055
  432 431.5 2.76231 0.00119892
  433 432.5 2.76082 0.00119827
  434 433.5 2.78027 0.00120672
  435 434.5 2.78894 0.00121048
  436 435.5 2.77768 0.00120559
  437 436.5 2.78518 0.00120885
  438 437.5 2.78364 0.00120818
  439 438.5 2.79708 0.00121401
  440 439.5 2.79075 0.00121126
  441 440.5 2.78713 0.00120969
  442 441.5 2.78109 0.00120707
  443 442.5 2.78746 0.00120983
  444 443.5 2.78597 0.00120919
  445 444.5 2.79787 0.00121435
  446 445.5 2.78964 0.00121078
  447 446.5 2.78348 0.00120811
  448 447.5 2.77941 0.00120634
  449 448.5 2.78631 0.00120934
  450 449.5 2.79005 0.00121096
  451 450.5 2.78122 0.00120713
  452 451.5 2.78216 0.00120754
  453 452.5 2.78796 0.00121005
  454 453.5 2.78701 0.00120964
  455 454.5 2.80007 0.00121531
  456 455.5 2.79659 0.0012138
  457 456.5 2.79579 0.00121345
  458 457.5 2.79545 0.0012133
  459 458.5 2.81962 0.00122379
  460 459.5 2.82532 0.00122627
  461 460.5 2.84674 0.00123557
  462 461.5 2.87387 0.00124734
  463 462.5 2.90899 0.00126258
  464 463.5 2.95763 0.00128369
  465 464.5 3.02642 0.00131355
  466 465.5 3.09483 0.00134324
  467 466.5 3.19975 0.00138878
  468 467.5 3.32544 0.00144333
  469 468.5 3.49971 0.00151897
  470 469.5 3.72572 0.00161707
  471 470.5 4.01545 0.00174282
  472 471.5 4.38307 0.00190238
  473 472.5 4.83876 0.00210016
  474 473.5 5.41275 0.00234928
  475 474.5 6.10795 0.00265102
  476 475.5 6.94701 0.0030152
  477 476.5 7.93273 0.00344303
  478 477.5 9.03476 0.00392134
  479 478.5 10.2913 0.00446672
  480 479.5 11.6494 0.00505616
30000000 480 4952
  1 0.5 11.1981 0.00486028
  2 1.5 12.5888 0.0054639
  3 2.5 14.0629 0.0061037
  4 3.5 15.5582 0.0067527
  5 4.5 17.0365 0.00739431
  6 5.5 18.4554 0.00801014
  7 6.5 19.7691 0.00858034
  8 7.5 21.0061 0.00911724
  9 8.5 22.1025 0.0095931
  10 9.5 23.0435 0.0100015
  11 10.5 23.8843 0.0103665
  12 11.5 24.6055 0.0106795
  13 12.5 25.2098 0.0109417
  14 13.5 25.6786 0.0111452
  15 14.5 26.0722 0.0113161
  16 15.5 26.4126 0.0114638
  17 16.5 26.6935 0.0115857
  18 17.5 26.8657 0.0116604
  19 18.5 27.0696 0.011749
  20 19.5 27.1678 0.0117916
  21 20.5 27.2988 0.0118485
  22 21.5 27.3901 0.0118881
  23 22.5 27.4332 0.0119068
  24 23.5 27.503 0.011937
  25 24.5 27.5755 0.0119685
  26 25.5 27.5993 0.0119788
  27 26.5 27.6007 0.0119795
  28 27.5 27.6193 0.0119875
  29 28.5 27.6889 0.0120177
  30 29.5 27.6946 0.0120202
  31 30.5 27.6888 0.0120177
  32 31.5 27.7211 0.0120317
  33 32.5 27.7176 0.0120302
  34 33.5 27.744 0.0120417
  35 34.5 27.7263 0.012034
  36 35.5 27.7181 0.0120304
  37 36.5 27.7517 0.012045
  38 37.5 27.7663 0.0120513
  39 38.5 27.7345 0.0120375
  40 39.5 27.7528 0.0120455
  41 40.5 27.7635 0.0120501
  42 41.5 27.7513 0.0120448
  43 42.5 27.7849 0.0120594
  44 43.5 27.7296 0.0120354
  45 44.5 27.7177 0.0120303
  46 45.5 27.7599 0.0120486
  47 46.5 27.7695 0.0120528
  48 47.5 27.7229 0.0120325
  49 48.5 27.7321 0.0120365
  50 49.5 27.7588 0.0120481
  51 50.5 27.7503 0.0120444
  52 51.5 27.7243 0.0120331
  53 52.5 27.7397 0.0120398
  54 53.5 27.7427 0.0120411
  55 54.5 27.7714 0.0120536
  56 55.5 27.7262 0.0120339
  57 56.5 27.74 0.0120399
  58 57.5 27.7426 0.0120411
  59 58.5 27.7252 0.0120335
  60 59.5 27.7309 0.012036
  61 60.5 27.7663 0.0120514
  62 61.5 27.7472 0.012043
  63 62.5 27.7228 0.0120325
  64 63.5 27.7262 0.0120339
  65 64.5 27.7279 0.0120347
  66 65.5 27.6648 0.0120073
  67 66.5 27.7204 0.0120314
  68 67.5 27.7067 0.0120255
  69 68.5 27.7239 0.0120329
  70 69.5 27.6955 0.0120206
  71 70.5 27.6967 0.0120211
  72 71.5 27.7093 0.0120266
  73 72.5 27.7066 0.0120255
  74 73.5 27.6853 0.0120162
  75 74.5 27.7086 0.0120263
  76 75.5 27.7043 0.0120244
  77 76.5 27.6948 0.0120203
  78 77.5 27.6781 0.0120131
  79 78.5 27.7107 0.0120272
  80 79.5 27.6861 0.0120166
  81 80.5 27.6884 0.0120175
  82 81.5 27.6703 0.0120097
  83 82.5 27.6877 0.0120172
  84 83.5 27.6925 0.0120193
  85 84.5 27.6645 0.0120072
  86 85.5 27.6741 0.0120113
  87 86.5 27.6953 0.0120205
  88 87.5 27.6954 0.0120206
  89 88.5 27.6502 0.012001
  90 89.5 27.6643 0.0120071
  91 90.5 27.6821 0.0120148
  92 91.5 27.6545 0.0120028
  93 92.5 27.6899 0.0120182
  94 93.5 27.674 0.0120113
  95 94.5 27.6325 0.0119933
  96 95.5 27.6485 0.0120002
  97 96.5 27.6438 0.0119982
  98 97.5 27.6385 0.0119959
  99 98.5 27.6219 0.0119887
  100 99.5 27.6491 0.0120005
  101 100.5 27.6391 0.0119961
  102 101.5 27.602 0.01198
  103 102.5 27.6263 0.0119906
  104 103.5 27.6293 0.0119919
  105 104.5 27.6204 0.011988
  106 105.5 27.6161 0.0119862
  107 106.5 27.6293 0.0119919
  108 107.5 27.6418 0.0119973
  109 108.5 27.6416 0.0119972
  110 109.5 27.6315 0.0119928
  111 110.5 27.6261 0.0119905
  112 111.5 27.6603 0.0120053
  113 112.5 27.6428 0.0119977
  114 113.5 27.6433 0.011998
  115 114.5 27.6144 0.0119854
  116 115.5 27.6616 0.0120059
  117 116.5 27.6537 0.0120025
  118 117.5 27.6276 0.0119911
  119 118.5 27.6564 0.0120036
  120 119.5 27.6494 0.0120006
  121 120.5 27.6532 0.0120023
  122 121.5 27.66 0.0120052
  123 122.5 27.6606 0.0120055
  124 123.5 27.6623 0.0120062
  125 124.5 27.6525 0.012002
  126 125.5 27.6907 0.0120185
  127 126.5 27.6812 0.0120144
  128 127.5 27.6773 0.0120127
  129 128.5 27.7096 0.0120267
  130 129.5 27.7026 0.0120237
  131 130.5 27.6855 0.0120163
  132 131.5 27.6968 0.0120212
  133 132.5 27.6919 0.012019
  134 133.5 27.6731 0.0120109
  135 134.5 27.6726 0.0120107
  136 135.5 27.7052 0.0120248
  137 136.5 27.6531 0.0120022
  138 137.5 27.667 0.0120083
  139 138.5 27.7007 0.0120229
  140 139.5 27.6838 0.0120155
  141 140.5 27.6702 0.0120096
  142 141.5 27.66 0.0120052
  143 142.5 27.6688 0.012009
  144 143.5 27.635 0.0119944
  145 144.5 27.6628 0.0120064
  146 145.5 27.6326 0.0119933
  147 146.5 27.6058 0.0119817
  148 147.5 27.5656 0.0119642
  149 148.5 27.5487 0.0119569
  150 149.5 27.4977 0.0119348
  151 150.5 27.4476 0.011913
  152 151.5 27.3619 0.0118758
  153 152.5 27.2514 0.0118279
  154 153.5 27.1777 0.0117959
  155 154.5 26.9812 0.0117106
  156 155.5 26.8209 0.011641
  157 156.5 26.5841 0.0115382
  158 157.5 26.2483 0.0113925
  159 158.5 25.7778 0.0111883
  160 159.5 24.9937 0.010848
  161 160.5 23.7193 0.0102948
  162 161.5 21.5219 0.00934112
  163 162.5 18.0966 0.00785441
  164 163.5 13.6295 0.00591556
  165 164.5 9.00288 0.0039075
  166 165.5 5.10205 0.00221443
  167 166.5 2.52718 0.00109687
  168 167.5 1.13259 0.000491577
  169 168.5 0.489706 0.000212546
  170 169.5 0.223776 9.7125e-05
  171 170.5 0.116264 5.04618e-05
  172 171.5 0.073864 3.2059e-05
  173 172.5 0.056878 2.46866e-05
  174 173.5 0.049658 2.1553e-05
  175 174.5 0.045898 1.9921e-05
  176 175.5 0.04296 1.86458e-05
  177 176.5 0.03935 1.7079e-05
  178 177.5 0.041048 1.7816e-05
  179 178.5 0.04161 1.80599e-05
  180 179.5 0.038598 1.67526e-05
  181 180.5 0.033674 1.46155e-05
  182 181.5 0.031832 1.3816e-05
  183 182.5 0.030404 1.31962e-05
  184 183.5 0.031834 1.38168e-05
  185 184.5 0.03058 1.32726e-05
  186 185.5 0.031222 1.35512e-05
  187 186.5 0.032458 1.40877e-05
  188 187.5 0.032452 1.40851e-05
  189 188.5 0.030688 1.33194e-05
  190 189.5 0.02908 1.26215e-05
  191 190.5 0.028228 1.22517e-05
  192 191.5 0.030018 1.30286e-05
  193 192.5 0.029426 1.27717e-05
  194 193.5 0.029694 1.2888e-05
  195 194.5 0.028046 1.21727e-05
  196 195.5 0.026278 1.14054e-05
  197 196.5 0.026768 1.16181e-05
  198 197.5 0.027374 1.18811e-05
  199 198.5 0.024122 1.04696e-05
  200 199.5 0.023476 1.01892e-05
  201 200.5 0.022378 9.71267e-06
  202 201.5 0.021318 9.2526e-06
  203 202.5 0.020324 8.82118e-06
  204 203.5 0.020888 9.06597e-06
  205 204.5 0.020726 8.99566e-06
  206 205.5 0.01962 8.51563e-06
  207 206.5 0.020632 8.95486e-06
  208 207.5 0.019978 8.67101e-06
  209 208.5 0.021612 9.38021e-06
  210 209.5 0.021872 9.49306e-06
  211 210.5 0.022068 9.57813e-06
  212 211.5 0.022168 9.62153e-06
  213 212.5 0.021876 9.49479e-06
  214 213.5 0.022474 9.75434e-06
  215 214.5 0.021658 9.40017e-06
  216 215.5 0.025982 1.12769e-05
  217 216.5 0.027452 1.19149e-05
  218 217.5 0.02611 1.13325e-05
  219 218.5 0.025516 1.10747e-05
  220 219.5 0.024592 1.06736e-05
  221 220.5 0.024532 1.06476e-05
  222 221.5 0.022814 9.90191e-06
  223 222.5 0.02331 1.01172e-05
  224 223.5 0.022008 9.55208e-06
  225 224.5 0.02206 9.57465e-06
  226 225.5 0.022162 9.61892e-06
  227 226.5 0.021962 9.53212e-06
  228 227.5 0.0195 8.46354e-06
  229 228.5 0.017686 7.67622e-06
  230 229.5 0.01716 7.44792e-06
  231 230.5 0.016546 7.18142e-06
  232 231.5 0.01658 7.19618e-06
  233 232.5 0.017216 7.47222e-06
  234 233.5 0.017456 7.57639e-06
  235 234.5 0.017938 7.78559e-06
  236 235.5 0.018398 7.98524e-06
  237 236.5 0.018944 8.22222e-06
  238 237.5 0.018528 8.04167e-06
  239 238.5 0.018938 8.21962e-06
  240 239.5 0.019946 8.65712e-06
  241 240.5 0.021252 9.22396e-06
  242 241.5 0.023988 1.04115e-05
  243 242.5 0.026516 1.15087e-05
  244 243.5 0.026088 1.13229e-05
  245 244.5 0.024772 1.07517e-05
  246 245.5 0.02388 1.03646e-05
  247 246.5 0.023686 1.02804e-05
  248 247.5 0.023358 1.0138e-05
  249 248.5 0.022788 9.89062e-06
  250 249.5 0.020302 8.81163e-06
  251 250.5 0.019946 8.65712e-06
  252 251.5 0.020006 8.68316e-06
  253 252.5 0.018612 8.07812e-06
  254 253.5 0.01837 7.97309e-06
  255 254.5 0.020598 8.9401e-06
  256 255.5 0.02251 9.76997e-06
  257 256.5 0.022562 9.79253e-06
  258 257.5 0.022526 9.77691e-06
  259 258.5 0.022032 9.5625e-06
  260 259.5 0.02066 8.96701e-06
  261 260.5 0.020046 8.70052e-06
  262 261.5 0.020866 9.05642e-06
  263 262.5 0.020976 9.10417e-06
  264 263.5 0.02187 9.49219e-06
  265 264.5 0.023032 9.99653e-06
  266 265.5 0.025426 1.10356e-05
  267 266.5 0.02753 1.19488e-05
  268 267.5 0.028026 1.21641e-05
  269 268.5 0.02586 1.1224e-05
  270 269.5 0.028042 1.2171e-05
  271 270.5 0.02826 1.22656e-05
  272 271.5 0.026658 1.15703e-05
  273 272.5 0.027098 1.17613e-05
  274 273.5 0.028312 1.22882e-05
  275 274.5 0.026622 1.15547e-05
  276 275.5 0.031128 1.35104e-05
  277 276.5 0.03161 1.37196e-05
  278 277.5 0.03153 1.36849e-05
  279 278.5 0.033224 1.44201e-05
  280 279.5 0.032216 1.39826e-05
  281 280.5 0.034956 1.51719e-05
  282 281.5 0.036702 1.59297e-05
  283 282.5 0.039344 1.70764e-05
  284 283.5 0.038598 1.67526e-05
  285 284.5 0.038238 1.65964e-05
  286 285.5 0.03789 1.64453e-05
  287 286.5 0.037928 1.64618e-05
  288 287.5 0.036204 1.57135e-05
  289 288.5 0.035188 1.52726e-05
  290 289.5 0.036808 1.59757e-05
  291 290.5 0.038576 1.67431e-05
  292 291.5 0.040708 1.76684e-05
  293 292.5 0.041232 1.78958e-05
  294 293.5 0.03993 1.73307e-05
  295 294.5 0.04137 1.79557e-05
  296 295.5 0.042794 1.85738e-05
  297 296.5 0.040602 1.76224e-05
  298 297.5 0.040084 1.73976e-05
  299 298.5 0.04171 1.81033e-05
  300 299.5 0.039474 1.71328e-05
  301 300.5 0.03665 1.59071e-05
  302 301.5 0.034572 1.50052e-05
  303 302.5 0.0334 1.44965e-05
  304 303.5 0.033 1.43229e-05
  305 304.5 0.031914 1.38516e-05
  306 305.5 0.031512 1.36771e-05
  307 306.5 0.033472 1.45278e-05
  308 307.5 0.0355 1.5408e-05
  309 308.5 0.0389 1.68837e-05
  310 309.5 0.03955 1.71658e-05
  311 310.5 0.039448 1.71215e-05
  312 311.5 0.039548 1.71649e-05
  313 312.5 0.038406 1.66693e-05
  314 313.5 0.03915 1.69922e-05
  315 314.5 0.042196 1.83142e-05
  316 315.5 0.047572 2.06476e-05
  317 316.5 0.058258 2.52856e-05
  318 317.5 0.08997 3.90495e-05
  319 318.5 0.160224 6.95417e-05
  320 319.5 0.32389 0.000140577
  321 320.5 0.708992 0.000307722
  322 321.5 1.53027 0.000664181
  323 322.5 2.98878 0.00129721
  324 323.5 5.07954 0.00220466
  325 324.5 7.49736 0.00325406
  326 325.5 9.55466 0.00414699
  327 326.5 10.7738 0.00467612
  328 327.5 10.9578 0.00475601
  329 328.5 10.4083 0.00451748
  330 329.5 9.4512 0.00410208
  331 330.5 8.44227 0.00366418
  332 331.5 7.46412 0.00323964
  333 332.5 6.58456 0.00285788
  334 333.5 5.84284 0.00253596
  335 334.5 5.21208 0.00226219
  336 335.5 4.71289 0.00204552
  337 336.5 4.31798 0.00187412
  338 337.5 3.99689 0.00173476
  339 338.5 3.74147 0.0016239
  340 339.5 3.53205 0.00153301
  341 340.5 3.38085 0.00146738
  342 341.5 3.25956 0.00141474
  343 342.5 3.14685 0.00136582
  344 343.5 3.0743 0.00133433
  345 344.5 3.01214 0.00130735
  346 345.5 2.9649 0.00128685
  347 346.5 2.93074 0.00127202
  348 347.5 2.90283 0.00125991
  349 348.5 2.86947 0.00124543
  350 349.5 2.85018 0.00123706
  351 350.5 2.83512 0.00123052
  352 351.5 2.831 0.00122873
  353 352.5 2.80193 0.00121612
  354 353.5 2.79979 0.00121519
  355 354.5 2.8089 0.00121914
  356 355.5 2.81794 0.00122307
  357 356.5 2.79147 0.00121157
  358 357.5 2.78944 0.00121069
  359 358.5 2.7979 0.00121437
  360 359.5 2.79891 0.00121481
  361 360.5 2.80762 0.00121859
  362 361.5 2.81087 0.00122
  363 362.5 2.81457 0.0012216
  364 363.5 2.81583 0.00122215
  365 364.5 2.81032 0.00121976
  366 365.5 2.80399 0.00121701
  367 366.5 2.80885 0.00121912
  368 367.5 2.80123 0.00121581
  369 368.5 2.79898 0.00121484
  370 369.5 2.80137 0.00121587
  371 370.5 2.78979 0.00121085
  372 371.5 2.7782 0.00120582
  373 372.5 2.78368 0.0012082
  374 373.5 2.78834 0.00121022
  375 374.5 2.78951 0.00121073
  376 375.5 2.79599 0.00121354
  377 376.5 2.80087 0.00121566
  378 377.5 2.80055 0.00121552
  379 378.5 2.80292 0.00121655
  380 379.5 2.80126 0.00121582
  381 380.5 2.7988 0.00121476
  382 381.5 2.78895 0.00121048
  383 382.5 2.78137 0.00120719
  384 383.5 2.79456 0.00121292
  385 384.5 2.78843 0.00121026
  386 385.5 2.79029 0.00121106
  387 386.5 2.79341 0.00121242
  388 387.5 2.7975 0.00121419
  389 388.5 2.79578 0.00121345
  390 389.5 2.78126 0.00120714
  391 390.5 2.79092 0.00121134
  392 391.5 2.79553 0.00121334
  393 392.5 2.78365 0.00120818
  394 393.5 2.77262 0.00120339
  395 394.5 2.77711 0.00120534
  396 395.5 2.78504 0.00120878
  397 396.5 2.78825 0.00121018
  398 397.5 2.79304 0.00121226
  399 398.5 2.78359 0.00120816
  400 399.5 2.79014 0.001211
  401 400.5 2.79866 0.0012147
  402 401.5 2.79671 0.00121385
  403 402.5 2.80466 0.0012173
  404 403.5 2.80382 0.00121694
  405 404.5 2.80317 0.00121665
  406 405.5 2.8022 0.00121623
  407 406.5 2.79758 0.00121423
  408 407.5 2.80595 0.00121786
  409 408.5 2.80916 0.00121925
  410 409.5 2.81143 0.00122024
  411 410.5 2.82078 0.0012243
  412 411.5 2.8162 0.00122231
  413 412.5 2.81695 0.00122263
  414 413.5 2.82252 0.00122505
  415 414.5 2.81387 0.0012213
  416 415.5 2.81091 0.00122001
  417 416.5 2.80273 0.00121646
  418 417.5 2.80274 0.00121647
  419 418.5 2.80036 0.00121544
  420 419.5 2.79459 0.00121293
  421 420.5 2.80287 0.00121652
  422 421.5 2.81454 0.00122159
  423 422.5 2.8131 0.00122096
  424 423.5 2.80025 0.00121538
  425 424.5 2.80208 0.00121618
  426 425.5 2.79734 0.00121412
  427 426.5 2.80454 0.00121725
  428 427.5 2.80283 0.0012165
  429 428.5 2.79594 0.00121352
  430 429.5 2.78976 0.00121083
  431 430.5 2.7788 0.00120608
  432 431.5 2.77789 0.00120568
  433 432.5 2.77751 0.00120551
  434 433.5 2.78481 0.00120869
  435 434.5 2.7782 0.00120582
  436 435.5 2.8001 0.00121532
  437 436.5 2.79271 0.00121211
  438 437.5 2.7911 0.00121141
  439 438.5 2.77164 0.00120297
  440 439.5 2.77276 0.00120345
  441 440.5 2.77088 0.00120264
  442 441.5 2.77939 0.00120633
  443 442.5 2.78257 0.00120771
  444 443.5 2.77698 0.00120529
  445 444.5 2.79028 0.00121106
  446 445.5 2.79116 0.00121144
  447 446.5 2.78887 0.00121045
  448 447.5 2.79291 0.0012122
  449 448.5 2.79301 0.00121225
  450 449.5 2.78183 0.00120739
  451 450.5 2.79163 0.00121164
  452 451.5 2.80243 0.00121633
  453 452.5 2.80528 0.00121757
  454 453.5 2.80059 0.00121553
  455 454.5 2.80098 0.0012157
  456 455.5 2.80651 0.0012181
  457 456.5 2.80869 0.00121905
  458 457.5 2.81842 0.00122327
  459 458.5 2.84477 0.00123471
  460 459.5 2.84699 0.00123567
  461 460.5 2.87366 0.00124725
  462 461.5 2.88414 0.0012518
  463 462.5 2.90846 0.00126235
  464 463.5 2.95009 0.00128042
  465 464.5 2.99769 0.00130108
  466 465.5 3.05408 0.00132556
  467 466.5 3.12645 0.00135697
  468 467.5 3.23478 0.00140399
  469 468.5 3.36606 0.00146096
  470 469.5 3.52953 0.00153191
  471 470.5 3.7268 0.00161754
  472 471.5 4.01147 0.00174109
  473 472.5 4.3441 0.00188546
  474 473.5 4.7718 0.0020711
  475 474.5 5.2937 0.00229761
  476 475.5 5.93081 0.00257414
  477 476.5 6.70727 0.00291114
  478 477.5 7.60981 0.00330287
  479 478.5 8.70915 0.00378001
  480 479.5 9.89164 0.00429325
40000000 480 4951.999999999999
  1 0.5 12.239 0.00531207
  2 1.5 13.7387 0.00596298
  3 2.5 15.2809 0.00663233
  4 3.5 16.7523 0.00727098
  5 4.5 18.2589 0.00792487
  6 5.5 19.6009 0.00850734
  7 6.5 20.8544 0.0090514
  8 7.5 21.9944 0.00954617
  9 8.5 23.0198 0.00999124
  10 9.5 23.8271 0.0103416
  11 10.5 24.5296 0.0106465
  12 11.5 25.1616 0.0109208
  13 12.5 25.6335 0.0111256
  14 13.5 26.0439 0.0113038
  15 14.5 26.3812 0.0114502
  16 15.5 26.6582 0.0115704
  17 16.5 26.8437 0.0116509
  18 17.5 27.0444 0.011738
  19 18.5 27.1767 0.0117955
  20 19.5 27.2601 0.0118317
  21 20.5 27.3502 0.0118707
  22 21.5 27.4378 0.0119088
  23 22.5 27.4742 0.0119245
  24 23.5 27.5164 0.0119429
  25 24.5 27.5546 0.0119595
  26 25.5 27.5749 0.0119683
  27 26.5 27.597 0.0119779
  28 27.5 27.6026 0.0119803
  29 28.5 27.6711 0.01201
  30 29.5 27.6427 0.0119977
  31 30.5 27.6163 0.0119862
  32 31.5 27.6784 0.0120132
  33 32.5 27.6513 0.0120015
  34 33.5 27.6532 0.0120023
  35 34.5 27.6849 0.012016
  36 35.5 27.6581 0.0120044
  37 36.5 27.6661 0.0120079
  38 37.5 27.6365 0.011995
  39 38.5 27.6586 0.0120046
  40 39.5 27.6826 0.012015
  41 40.5 27.6052 0.0119814
  42 41.5 27.6606 0.0120055
  43 42.5 27.6709 0.0120099
  44 43.5 27.6773 0.0120127
  45 44.5 27.64 0.0119965
  46 45.5 27.6688 0.012009
  47 46.5 27.6582 0.0120044
  48 47.5 27.641 0.011997
  49 48.5 27.6346 0.0119942
  50 49.5 27.6435 0.011998
  51 50.5 27.6501 0.0120009
  52 51.5 27.6336 0.0119937
  53 52.5 27.6223 0.0119888
  54 53.5 27.6815 0.0120145
  55 54.5 27.618 0.011987
  56 55.5 27.625 0.01199
  57 56.5 27.6503 0.012001
  58 57.5 27.6509 0.0120012
  59 58.5 27.6157 0.011986
  60 59.5 27.615 0.0119857
  61 60.5 27.6297 0.0119921
  62 61.5 27.6325 0.0119933
  63 62.5 27.5978 0.0119782
  64 63.5 27.5944 0.0119768
  65 64.5 27.6118 0.0119843
  66 65.5 27.6152 0.0119858
  67 66.5 27.6404 0.0119967
  68 67.5 27.5969 0.0119778
  69 68.5 27.6148 0.0119856
  70 69.5 27.6362 0.0119949
  71 70.5 27.6321 0.0119931
  72 71.5 27.5848 0.0119726
  73 72.5 27.6062 0.0119819
  74 73.5 27.6456 0.0119989
  75 74.5 27.6111 0.011984
  76 75.5 27.6146 0.0119855
  77 76.5 27.6047 0.0119812
  78 77.5 27.6135 0.011985
  79 78.5 27.5808 0.0119709
  80 79.5 27.6203 0.011988
  81 80.5 27.6069 0.0119822
  82 81.5 27.5896 0.0119746
  83 82.5 27.6258 0.0119904
  84 83.5 27.6276 0.0119912
  85 84.5 27.5859 0.011973
  86 85.5 27.5988 0.0119786
  87 86.5 27.6614 0.0120058
  88 87.5 27.6347 0.0119942
  89 88.5 27.6122 0.0119845
  90 89.5 27.6229 0.0119891
  91 90.5 27.6642 0.0120071
  92 91.5 27.6264 0.0119906
  93 92.5 27.6316 0.0119929
  94 93.5 27.6355 0.0119946
  95 94.5 27.6442 0.0119984
  96 95.5 27.6213 0.0119884
  97 96.5 27.638 0.0119957
  98 97.5 27.6148 0.0119856
  99 98.5 27.6441 0.0119983
  100 99.5 27.6253 0.0119901
  101 100.5 27.6214 0.0119885
  102 101.5 27.6257 0.0119903
  103 102.5 27.6564 0.0120036
  104 103.5 27.6217 0.0119886
  105 104.5 27.6229 0.0119891
  106 105.5 27.6331 0.0119935
  107 106.5 27.6438 0.0119982
  108 107.5 27.6149 0.0119856
  109 108.5 27.6347 0.0119942
  110 109.5 27.6223 0.0119888
  111 110.5 27.6367 0.0119951
  112 111.5 27.6065 0.011982
  113 112.5 27.6143 0.0119854
  114 113.5 27.6374 0.0119954
  115 114.5 27.6503 0.012001
  116 115.5 27.5965 0.0119777
  117 116.5 27.6431 0.0119979
  118 117.5 27.612 0.0119844
  119 118.5 27.6489 0.0120004
  120 119.5 27.64 0.0119965
  121 120.5 27.6311 0.0119927
  122 121.5 27.6273 0.011991
  123 122.5 27.6479 0.012
  124 123.5 27.6404 0.0119967
  125 124.5 27.658 0.0120043
  126 125.5 27.6442 0.0119983
  127 126.5 27.6123 0.0119845
  128 127.5 27.6617 0.0120059
  129 128.5 27.6464 0.0119993
  130 129.5 27.6188 0.0119873
  131 130.5 27.6585 0.0120046
  132 131.5 27.658 0.0120044
  133 132.5 27.6403 0.0119966
  134 133.5 27.6642 0.012007
  135 134.5 27.6525 0.012002
  136 135.5 27.6322 0.0119931
  137 136.5 27.6202 0.0119879
  138 137.5 27.6638 0.0120069
  139 138.5 27.642 0.0119974
  140 139.5 27.6681 0.0120087
  141 140.5 27.6383 0.0119958
  142 141.5 27.6394 0.0119963
  143 142.5 27.6464 0.0119993
  144 143.5 27.6445 0.0119985
  145 144.5 27.6249 0.01199
  146 145.5 27.5852 0.0119727
  147 146.5 27.6096 0.0119833
  148 147.5 27.5561 0.0119601
  149 148.5 27.527 0.0119475
  150 149.5 27.4657 0.0119209
  151 150.5 27.4171 0.0118998
  152 151.5 27.3145 0.0118553
  153 152.5 27.1861 0.0117995
  154 153.5 27.0863 0.0117562
  155 154.5 26.9135 0.0116812
  156 155.5 26.7085 0.0115922
  157 156.5 26.4446 0.0114777
  158 157.5 26.0498 0.0113063
  159 158.5 25.4666 0.0110532
  160 159.5 24.5961 0.0106754
  161 160.5 23.0647 0.0100107
  162 161.5 20.467 0.00888325
  163 162.5 16.6537 0.00722817
  164 163.5 12.0099 0.00521265
  165 164.5 7.55286 0.00327815
  166 165.5 4.10562 0.00178195
  167 166.5 1.94802 0.000845497
  168 167.5 0.84104 0.000365035
  169 168.5 0.35674 0.000154835
  170 169.5 0.167008 7.24861e-05
  171 170.5 0.092412 4.01094e-05
  172 171.5 0.065396 2.83837e-05
  173 172.5 0.05283 2.29297e-05
  174 173.5 0.048082 2.08689e-05
  175 174.5 0.041412 1.7974e-05
  176 175.5 0.043058 1.86884e-05
  177 176.5 0.0438 1.90104e-05
  178 177.5 0.043902 1.90547e-05
  179 178.5 0.043814 1.90165e-05
  180 179.5 0.043712 1.89722e-05
  181 180.5 0.043284 1.87865e-05
  182 181.5 0.044024 1.91076e-05
  183 182.5 0.040946 1.77717e-05
  184 183.5 0.040346 1.75113e-05
  185 184.5 0.040902 1.77526e-05
  186 185.5 0.042916 1.86267e-05
  187 186.5 0.040472 1.7566e-05
  188 187.5 0.040136 1.74201e-05
  189 188.5 0.036474 1.58307e-05
  190 189.5 0.037882 1.64418e-05
  191 190.5 0.040302 1.74922e-05
  192 191.5 0.039602 1.71884e-05
  193 192.5 0.037476 1.62656e-05
  194 193.5 0.03301 1.43273e-05
  195 194.5 0.03379 1.46658e-05
  196 195.5 0.03521 1.52821e-05
  197 196.5 0.035598 1.54505e-05
  198 197.5 0.034934 1.51623e-05
  199 198.5 0.034448 1.49514e-05
  200 199.5 0.034234 1.48585e-05
  201 200.5 0.035358 1.53464e-05
  202 201.5 0.035696 1.54931e-05
  203 202.5 0.033748 1.46476e-05
  204 203.5 0.030938 1.3428e-05
  205 204.5 0.031658 1.37405e-05
  206 205.5 0.033802 1.4671e-05
  207 206.5 0.032924 1.42899e-05
  208 207.5 0.032096 1.39306e-05
  209 208.5 0.032202 1.39766e-05
  210 209.5 0.030812 1.33733e-05
  211 210.5 0.03131 1.35894e-05
  212 211.5 0.03025 1.31293e-05
  213 212.5 0.030604 1.3283e-05
  214 213.5 0.032306 1.40217e-05
  215 214.5 0.033494 1.45373e-05
  216 215.5 0.034902 1.51484e-05
  217 216.5 0.033338 1.44696e-05
  218 217.5 0.033248 1.44306e-05
  219 218.5 0.033932 1.47274e-05
  220 219.5 0.03487 1.51345e-05
  221 220.5 0.035012 1.51962e-05
  222 221.5 0.034544 1.49931e-05
  223 222.5 0.036912 1.60208e-05
  224 223.5 0.03995 1.73394e-05
  225 224.5 0.039488 1.71389e-05
  226 225.5 0.039114 1.69766e-05
  227 226.5 0.040062 1.7388e-05
  228 227.5 0.043276 1.8783e-05
  229 228.5 0.044656 1.93819e-05
  230 229.5 0.045952 1.99444e-05
  231 230.5 0.04698 2.03906e-05
  232 231.5 0.044374 1.92595e-05
  233 232.5 0.042584 1.84826e-05
  234 233.5 0.04242 1.84115e-05
  235 234.5 0.039262 1.70408e-05
  236 235.5 0.040066 1.73898e-05
  237 236.5 0.039692 1.72274e-05
  238 237.5 0.037674 1.63516e-05
  239 238.5 0.037674 1.63516e-05
  240 239.5 0.035498 1.54071e-05
  241 240.5 0.033218 1.44175e-05
  242 241.5 0.03302 1.43316e-05
  243 242.5 0.030838 1.33845e-05
  244 243.5 0.02929 1.27127e-05
  245 244.5 0.031576 1.37049e-05
  246 245.5 0.032532 1.41198e-05
  247 246.5 0.032302 1.402e-05
  248 247.5 0.031136 1.35139e-05
  249 248.5 0.032762 1.42196e-05
  250 249.5 0.03352 1.45486e-05
  251 250.5 0.034872 1.51354e-05
  252 251.5 0.035108 1.52378e-05
  253 252.5 0.035414 1.53707e-05
  254 253.5 0.03421 1.48481e-05
  255 254.5 0.035154 1.52578e-05
  256 255.5 0.036374 1.57873e-05
  257 256.5 0.037446 1.62526e-05
  258 257.5 0.03803 1.65061e-05
  259 258.5 0.040492 1.75747e-05
  260 259.5 0.040564 1.76059e-05
  261 260.5 0.03966 1.72135e-05
  262 261.5 0.043328 1.88056e-05
  263 262.5 0.04371 1.89714e-05
  264 263.5 0.042358 1.83845e-05
  265 264.5 0.04278 1.85677e-05
  266 265.5 0.044226 1.91953e-05
  267 266.5 0.043344 1.88125e-05
  268 267.5 0.043792 1.90069e-05
  269 268.5 0.04444 1.92882e-05
  270 269.5 0.04579 1.98741e-05
  271 270.5 0.04729 2.05252e-05
  272 271.5 0.046478 2.01727e-05
  273 272.5 0.047504 2.06181e-05
  274 273.5 0.045062 1.95582e-05
  275 274.5 0.047068 2.04288e-05
  276 275.5 0.048662 2.11207e-05
  277 276.5 0.046586 2.02196e-05
  278 277.5 0.041654 1.8079e-05
  279 278.5 0.040808 1.77118e-05
  280 279.5 0.043814 1.90165e-05
  281 280.5 0.046132 2.00226e-05
  282 281.5 0.047354 2.0553e-05
  283 282.5 0.046854 2.03359e-05
  284 283.5 0.04669 2.02648e-05
  285 284.5 0.044872 1.94757e-05
  286 285.5 0.045458 1.973e-05
  287 286.5 0.04392 1.90625e-05
  288 287.5 0.046186 2.0046e-05
  289 288.5 0.04907 2.12977e-05
  290 289.5 0.05349 2.32161e-05
  291 290.5 0.053576 2.32535e-05
  292 291.5 0.05329 2.31293e-05
  293 292.5 0.050962 2.21189e-05
  294 293.5 0.051406 2.23116e-05
  295 294.5 0.050542 2.19366e-05
  296 295.5 0.050418 2.18828e-05
  297 296.5 0.049076 2.13003e-05
  298 297.5 0.053622 2.32734e-05
  299 298.5 0.05584 2.42361e-05
  300 299.5 0.054542 2.36727e-05
  301 300.5 0.05338 2.31684e-05
  302 301.5 0.051248 2.22431e-05
  303 302.5 0.053204 2.3092e-05
  304 303.5 0.050956 2.21163e-05
  305 304.5 0.050992 2.21319e-05
  306 305.5 0.048812 2.11858e-05
  307 306.5 0.050236 2.18038e-05
  308 307.5 0.047684 2.06962e-05
  309 308.5 0.043968 1.90833e-05
  310 309.5 0.042684 1.8526e-05
  311 310.5 0.041524 1.80226e-05
  312 311.5 0.038156 1.65608e-05
  313 312.5 0.038856 1.68646e-05
  314 313.5 0.044256 1.92083e-05
  315 314.5 0.049974 2.16901e-05
  316 315.5 0.057504 2.49583e-05
  317 316.5 0.073956 3.2099e-05
  318 317.5 0.11293 4.90148e-05
  319 318.5 0.20222 8.77691e-05
  320 319.5 0.416868 0.000180932
  321 320.5 0.91318 0.000396345
  322 321.5 1.88799 0.000819438
  323 322.5 3.51124 0.00152397
  324 323.5 5.72719 0.00248576
  325 324.5 8.04713 0.00349268
  326 325.5 9.82793 0.0042656
  327 326.5 10.6266 0.00461225
  328 327.5 10.4542 0.00453742
  329 328.5 9.68925 0.00420541
  330 329.5 8.69851 0.0037754
  331 330.5 7.67684 0.00333196
  332 331.5 6.76316 0.0029354
  333 332.5 5.97804 0.00259463
  334 333.5 5.31082 0.00230504
  335 334.5 4.77563 0.00207276
  336 335.5 4.34448 0.00188562
  337 336.5 3.9928 0.00173298
  338 337.5 3.71204 0.00161113
  339 338.5 3.50717 0.00152221
  340 339.5 3.33514 0.00144755
  341 340.5 3.2068 0.00139184
  342 341.5 3.11198 0.00135069
  343 342.5 3.02684 0.00131373
  344 343.5 2.97074 0.00128938
  345 344.5 2.92554 0.00126977
  346 345.5 2.89107 0.0012548
  347 346.5 2.85965 0.00124117
  348 347.5 2.84806 0.00123614
  349 348.5 2.83353 0.00122983
  350 349.5 2.81631 0.00122236
  351 350.5 2.82268 0.00122512
  352 351.5 2.81119 0.00122013
  353 352.5 2.80642 0.00121806
  354 353.5 2.79569 0.00121341
  355 354.5 2.79137 0.00121153
  356 355.5 2.78675 0.00120953
  357 356.5 2.78852 0.0012103
  358 357.5 2.78664 0.00120948
  359 358.5 2.78425 0.00120844
  360 359.5 2.78355 0.00120814
  361 360.5 2.79552 0.00121333
  362 361.5 2.78181 0.00120738
  363 362.5 2.78466 0.00120862
  364 363.5 2.78506 0.00120879
  365 364.5 2.78853 0.0012103
  366 365.5 2.79259 0.00121206
  367 366.5 2.79404 0.00121269
  368 367.5 2.78841 0.00121025
  369 368.5 2.7951 0.00121315
  370 369.5 2.79568 0.0012134
  371 370.5 2.79579 0.00121345
  372 371.5 2.80557 0.0012177
  373 372.5 2.80264 0.00121642
  374 373.5 2.80519 0.00121753
  375 374.5 2.80173 0.00121603
  376 375.5 2.8057 0.00121775
  377 376.5 2.80573 0.00121777
  378 377.5 2.81173 0.00122037
  379 378.5 2.80795 0.00121873
  380 379.5 2.80534 0.00121759
  381 380.5 2.81065 0.0012199
  382 381.5 2.79914 0.00121491
  383 382.5 2.79802 0.00121442
  384 383.5 2.79515 0.00121317
  385 384.5 2.79763 0.00121425
  386 385.5 2.79299 0.00121224
  387 386.5 2.80317 0.00121665
  388 387.5 2.80237 0.00121631
  389 388.5 2.80527 0.00121757
  390 389.5 2.8239 0.00122565
  391 390.5 2.81493 0.00122176
  392 391.5 2.8039 0.00121697
  393 392.5 2.79665 0.00121382
  394 393.5 2.79729 0.0012141
  395 394.5 2.81327 0.00122104
  396 395.5 2.8074 0.00121849
  397 396.5 2.80206 0.00121617
  398 397.5 2.80805 0.00121877
  399 398.5 2.81234 0.00122063
  400 399.5 2.81495 0.00122176
  401 400.5 2.80863 0.00121903
  402 401.5 2.81228 0.00122061
  403 402.5 2.80961 0.00121945
  404 403.5 2.8141 0.0012214
  405 404.5 2.81349 0.00122113
  406 405.5 2.80444 0.0012172
  407 406.5 2.8017 0.00121602
  408 407.5 2.80135 0.00121586
  409 408.5 2.79051 0.00121116
  410 409.5 2.78692 0.0012096
  411 410.5 2.78602 0.00120921
  412 411.5 2.79605 0.00121356
  413 412.5 2.79186 0.00121174
  414 413.5 2.79651 0.00121376
  415 414.5 2.80046 0.00121548
  416 415.5 2.79667 0.00121383
  417 416.5 2.80129 0.00121584
  418 417.5 2.80605 0.0012179
  419 418.5 2.80479 0.00121736
  420 419.5 2.80843 0.00121894
  421 420.5 2.80446 0.00121721
  422 421.5 2.79949 0.00121506
  423 422.5 2.80903 0.0012192
  424 423.5 2.80508 0.00121748
  425 424.5 2.80688 0.00121826
  426 425.5 2.82009 0.001224
  427 426.5 2.8087 0.00121906
  428 427.5 2.80705 0.00121834
  429 428.5 2.80233 0.00121629
  430 429.5 2.81206 0.00122051
  431 430.5 2.81008 0.00121965
  432 431.5 2.7998 0.00121519
  433 432.5 2.80731 0.00121845
  434 433.5 2.81199 0.00122048
  435 434.5 2.82367 0.00122555
  436 435.5 2.82041 0.00122414
  437 436.5 2.80924 0.00121929
  438 437.5 2.81193 0.00122046
  439 438.5 2.82371 0.00122557
  440 439.5 2.80222 0.00121624
  441 440.5 2.82301 0.00122526
  442 441.5 2.80909 0.00121922
  443 442.5 2.80757 0.00121856
  444 443.5 2.79797 0.0012144
  445 444.5 2.80106 0.00121574
  446 445.5 2.8004 0.00121545
  447 446.5 2.79589 0.00121349
  448 447.5 2.7931 0.00121228
  449 448.5 2.78778 0.00120998
  450 449.5 2.78891 0.00121046
  451 450.5 2.79333 0.00121238
  452 451.5 2.80081 0.00121563
  453 452.5 2.80116 0.00121578
  454 453.5 2.80193 0.00121612
  455 454.5 2.79907 0.00121488
  456 455.5 2.80624 0.00121799
  457 456.5 2.8187 0.00122339
  458 457.5 2.83617 0.00123098
  459 458.5 2.84368 0.00123424
  460 459.5 2.85002 0.00123699
  461 460.5 2.86793 0.00124476
  462 461.5 2.88564 0.00125245
  463 462.5 2.91397 0.00126474
  464 463.5 2.94442 0.00127796
  465 464.5 2.996 0.00130035
  466 465.5 3.06817 0.00133167
  467 466.5 3.14135 0.00136343
  468 467.5 3.26476 0.001417
  469 468.5 3.42148 0.00148502
  470 469.5 3.62337 0.00157264
  471 470.5 3.86254 0.00167645
  472 471.5 4.17125 0.00181044
  473 472.5 4.55973 0.00197905
  474 473.5 5.0541 0.00219362
  475 474.5 5.65331 0.00245369
  476 475.5 6.40339 0.00277925
  477 476.5 7.27494 0.00315753
  478 477.5 8.32115 0.00361161
  479 478.5 9.49779 0.0041223
  480 479.5 10.8102 0.00469193
50000000 480 4951.9999999999945
  1 0.5 14.1442 0.00613899
  2 1.5 15.6782 0.00680475
  3 2.5 17.1913 0.00746149
  4 3.5 18.6087 0.00807669
  5 4.5 19.9846 0.00867387
  6 5.5 21.2057 0.00920386
  7 6.5 22.2945 0.00967644
  8 7.5 23.2385 0.0100862
  9 8.5 24.0862 0.0104541
  10 9.5 24.7795 0.010755
  11 10.5 25.3366 0.0109968
  12 11.5 25.807 0.011201
  13 12.5 26.2271 0.0113833
  14 13.5 26.5187 0.0115098
  15 14.5 26.7617 0.0116153
  16 15.5 26.9691 0.0117054
  17 16.5 27.1586 0.0117876
  18 17.5 27.2138 0.0118116
  19 18.5 27.3637 0.0118766
  20 19.5 27.4781 0.0119263
  21 20.5 27.4916 0.0119321
  22 21.5 27.5522 0.0119584
  23 22.5 27.5942 0.0119766
  24 23.5 27.6188 0.0119873
  25 24.5 27.6368 0.0119951
  26 25.5 27.6852 0.0120161
  27 26.5 27.6979 0.0120217
  28 27.5 27.6969 0.0120212
  29 28.5 27.7073 0.0120257
  30 29.5 27.7548 0.0120463
  31 30.5 27.7285 0.0120349
  32 31.5 27.7418 0.0120407
  33 32.5 27.7313 0.0120362
  34 33.5 27.7443 0.0120418
  35 34.5 27.7109 0.0120273
  36 35.5 27.7423 0.012041
  37 36.5 27.7127 0.0120281
  38 37.5 27.7409 0.0120403
  39 38.5 27.7351 0.0120378
  40 39.5 27.7318 0.0120364
  41 40.5 27.6996 0.0120224
  42 41.5 27.687 0.0120169
  43 42.5 27.7414 0.0120405
  44 43.5 27.7122 0.0120279
  45 44.5 27.6749 0.0120117
  46 45.5 27.6885 0.0120176
  47 46.5 27.7062 0.0120253
  48 47.5 27.7015 0.0120232
  49 48.5 27.68 0.0120139
  50 49.5 27.6549 0.012003
  51 50.5 27.7134 0.0120284
  52 51.5 27.6785 0.0120133
  53 52.5 27.6487 0.0120003
  54 53.5 27.6463 0.0119993
  55 54.5 27.6807 0.0120142
  56 55.5 27.6294 0.0119919
  57 56.5 27.6576 0.0120042
  58 57.5 27.6493 0.0120006
  59 58.5 27.6682 0.0120088
  60 59.5 27.6749 0.0120117
  61 60.5 27.6511 0.0120014
  62 61.5 27.6837 0.0120155
  63 62.5 27.6805 0.0120141
  64 63.5 27.6868 0.0120168
  65 64.5 27.6638 0.0120068
  66 65.5 27.7118 0.0120277
  67 66.5 27.6804 0.0120141
  68 67.5 27.6263 0.0119906
  69 68.5 27.6924 0.0120193
  70 69.5 27.706 0.0120252
  71 70.5 27.6655 0.0120076
  72 71.5 27.6595 0.012005
  73 72.5 27.6895 0.012018
  74 73.5 27.6971 0.0120213
  75 74.5 27.6547 0.0120029
  76 75.5 27.6856 0.0120163
  77 76.5 27.6898 0.0120181
  78 77.5 27.6711 0.01201
  79 78.5 27.6567 0.0120038
  80 79.5 27.6664 0.012008
  81 80.5 27.6882 0.0120175
  82 81.5 27.6568 0.0120038
  83 82.5 27.6723 0.0120106
  84 83.5 27.7003 0.0120227
  85 84.5 27.7003 0.0120227
  86 85.5 27.6402 0.0119966
  87 86.5 27.6801 0.0120139
  88 87.5 27.7339 0.0120373
  89 88.5 27.681 0.0120143
  90 89.5 27.6391 0.0119961
  91 90.5 27.6986 0.012022
  92 91.5 27.6892 0.0120179
  93 92.5 27.6436 0.0119981
  94 93.5 27.6611 0.0120057
  95 94.5 27.6565 0.0120037
  96 95.5 27.6756 0.012012
  97 96.5 27.6106 0.0119838
  98 97.5 27.6313 0.0119928
  99 98.5 27.6622 0.0120061
  100 99.5 27.6569 0.0120039
  101 100.5 27.6531 0.0120022
  102 101.5 27.6513 0.0120014
  103 102.5 27.6395 0.0119963
  104 103.5 27.635 0.0119944
  105 104.5 27.6246 0.0119898
  106 105.5 27.6311 0.0119927
  107 106.5 27.6451 0.0119988
  108 107.5 27.6171 0.0119866
  109 108.5 27.6084 0.0119828
  110 109.5 27.6321 0.0119931
  111 110.5 27.6446 0.0119985
  112 111.5 27.5979 0.0119782
  113 112.5 27.6009 0.0119796
  114 113.5 27.6153 0.0119858
  115 114.5 27.591 0.0119753
  116 115.5 27.5908 0.0119752
  117 116.5 27.6289 0.0119917
  118 117.5 27.6191 0.0119874
  119 118.5 27.6041 0.011981
  120 119.5 27.634 0.0119939
  121 120.5 27.6006 0.0119794
  122 121.5 27.5933 0.0119763
  123 122.5 27.6284 0.0119915
  124 123.5 27.6221 0.0119887
  125 124.5 27.5903 0.011975
  126 125.5 27.5853 0.0119728
  127 126.5 27.6259 0.0119904
  128 127.5 27.5663 0.0119646
  129 128.5 27.5733 0.0119676
  130 129.5 27.6017 0.0119799
  131 130.5 27.6372 0.0119953
  132 131.5 27.5926 0.0119759
  133 132.5 27.5836 0.0119721
  134 133.5 27.6014 0.0119798
  135 134.5 27.6191 0.0119875
  136 135.5 27.6027 0.0119804
  137 136.5 27.5714 0.0119667
  138 137.5 27.6161 0.0119861
  139 138.5 27.5869 0.0119735
  140 139.5 27.5582 0.011961
  141 140.5 27.5684 0.0119655
  142 141.5 27.5719 0.011967
  143 142.5 27.5147 0.0119422
  144 143.5 27.5359 0.0119514
  145 144.5 27.5563 0.0119602
  146 145.5 27.4943 0.0119333
  147 146.5 27.4484 0.0119134
  148 147.5 27.4403 0.0119098
  149 148.5 27.4159 0.0118993
  150 149.5 27.3009 0.0118493
  151 150.5 27.2674 0.0118348
  152 151.5 27.1585 0.0117875
  153 152.5 27.0543 0.0117423
  154 153.5 26.9064 0.0116781
  155 154.5 26.7169 0.0115959
  156 155.5 26.4699 0.0114887
  157 156.5 26.1724 0.0113595
  158 157.5 25.6843 0.0111477
  159 158.5 24.9421 0.0108256
  160 159.5 23.7034 0.0102879
  161 160.5 21.6034 0.00937647
  162 161.5 18.2245 0.00790996
  163 162.5 13.7979 0.00598866
  164 163.5 9.13696 0.0039657
  165 164.5 5.23289 0.00227122
  166 165.5 2.60939 0.00113255
  167 166.5 1.16718 0.00050659
  168 167.5 0.49611 0.000215326
  169 168.5 0.223934 9.71936e-05
  170 169.5 0.113476 4.92517e-05
  171 170.5 0.071976 3.12396e-05
  172 171.5 0.05261 2.28342e-05
  173 172.5 0.042486 1.84401e-05
  174 173.5 0.03581 1.55425e-05
  175 174.5 0.03394 1.47309e-05
  176 175.5 0.031672 1.37465e-05
  177 176.5 0.029446 1.27804e-05
  178 177.5 0.02741 1.18967e-05
  179 178.5 0.027506 1.19384e-05
  180 179.5 0.026614 1.15512e-05
  181 180.5 0.026426 1.14696e-05
  182 181.5 0.029994 1.30182e-05
  183 182.5 0.031632 1.37292e-05
  184 183.5 0.033118 1.43741e-05
  185 184.5 0.033082 1.43585e-05
  186 185.5 0.03377 1.46571e-05
  187 186.5 0.030536 1.32535e-05
  188 187.5 0.031184 1.35347e-05
  189 188.5 0.03295 1.43012e-05
  190 189.5 0.035378 1.5355e-05
  191 190.5 0.036408 1.58021e-05
  192 191.5 0.035996 1.56233e-05
  193 192.5 0.03694 1.6033e-05
  194 193.5 0.037976 1.64826e-05
  195 194.5 0.03887 1.68707e-05
  196 195.5 0.040326 1.75026e-05
  197 196.5 0.040188 1.74427e-05
  198 197.5 0.040852 1.77309e-05
  199 198.5 0.041356 1.79497e-05
  200 199.5 0.045818 1.98863e-05
  201 200.5 0.046928 2.03681e-05
  202 201.5 0.04628 2.00868e-05
  203 202.5 0.046956 2.03802e-05
  204 203.5 0.048134 2.08915e-05
  205 204.5 0.049882 2.16502e-05
  206 205.5 0.049488 2.14792e-05
  207 206.5 0.049964 2.16858e-05
  208 207.5 0.05095 2.21137e-05
  209 208.5 0.053292 2.31302e-05
  210 209.5 0.051376 2.22986e-05
  211 210.5 0.049786 2.16085e-05
  212 211.5 0.049348 2.14184e-05
  213 212.5 0.04982 2.16233e-05
  214 213.5 0.05058 2.19531e-05
  215 214.5 0.049022 2.12769e-05
  216 215.5 0.050348 2.18524e-05
  217 216.5 0.0521 2.26128e-05
  218 217.5 0.051374 2.22977e-05
  219 218.5 0.048108 2.08802e-05
  220 219.5 0.0471 2.04427e-05
  221 220.5 0.04957 2.15148e-05
  222 221.5 0.051342 2.22839e-05
  223 222.5 0.048184 2.09132e-05
  224 223.5 0.044884 1.94809e-05
  225 224.5 0.045892 1.99184e-05
  226 225.5 0.048326 2.09748e-05
  227 226.5 0.050278 2.1822e-05
  228 227.5 0.05209 2.26085e-05
  229 228.5 0.053622 2.32734e-05
  230 229.5 0.05566 2.4158e-05
  231 230.5 0.054348 2.35885e-05
  232 231.5 0.050716 2.20122e-05
  233 232.5 0.047196 2.04844e-05
  234 233.5 0.04698 2.03906e-05
  235 234.5 0.048646 2.11137e-05
  236 235.5 0.050218 2.1796e-05
  237 236.5 0.050454 2.18984e-05
  238 237.5 0.050504 2.19201e-05
  239 238.5 0.049834 2.16293e-05
  240 239.5 0.049264 2.13819e-05
  241 240.5 0.049066 2.1296e-05
  242 241.5 0.045782 1.98707e-05
  243 242.5 0.044126 1.91519e-05
  244 243.5 0.04182 1.8151e-05
  245 244.5 0.042914 1.86259e-05
  246 245.5 0.04408 1.91319e-05
  247 246.5 0.044648 1.93785e-05
  248 247.5 0.046758 2.02943e-05
  249 248.5 0.048072 2.08646e-05
  250 249.5 0.05086 2.20747e-05
  251 250.5 0.051668 2.24253e-05
  252 251.5 0.051648 2.24167e-05
  253 252.5 0.047602 2.06606e-05
  254 253.5 0.04405 1.91189e-05
  255 254.5 0.04188 1.81771e-05
  256 255.5 0.042584 1.84826e-05
  257 256.5 0.042798 1.85755e-05
  258 257.5 0.040142 1.74227e-05
  259 258.5 0.04139 1.79644e-05
  260 259.5 0.041844 1.81615e-05
  261 260.5 0.040314 1.74974e-05
  262 261.5 0.043448 1.88576e-05
  263 262.5 0.047948 2.08108e-05
  264 263.5 0.046966 2.03845e-05
  265 264.5 0.046624 2.02361e-05
  266 265.5 0.047496 2.06146e-05
  267 266.5 0.04945 2.14627e-05
  268 267.5 0.049258 2.13793e-05
  269 268.5 0.048522 2.10599e-05
  270 269.5 0.050144 2.17639e-05
  271 270.5 0.0502 2.17882e-05
  272 271.5 0.047726 2.07144e-05
  273 272.5 0.046686 2.0263e-05
  274 273.5 0.044566 1.93429e-05
  275 274.5 0.04444 1.92882e-05
  276 275.5 0.042722 1.85425e-05
  277 276.5 0.040406 1.75373e-05
  278 277.5 0.042426 1.84141e-05
  279 278.5 0.044562 1.93411e-05
  280 279.5 0.045676 1.98247e-05
  281 280.5 0.046034 1.998e-05
  282 281.5 0.04321 1.87543e-05
  283 282.5 0.040096 1.74028e-05
  284 283.5 0.039954 1.73411e-05
  285 284.5 0.037592 1.6316e-05
  286 285.5 0.038992 1.69236e-05
  287 286.5 0.036892 1.60122e-05
  288 287.5 0.03268 1.4184e-05
  289 288.5 0.031622 1.37248e-05
  290 289.5 0.031842 1.38203e-05
  291 290.5 0.032498 1.4105e-05
  292 291.5 0.032844 1.42552e-05
  293 292.5 0.031454 1.36519e-05
  294 293.5 0.029908 1.29809e-05
  295 294.5 0.029186 1.26675e-05
  296 295.5 0.029374 1.27491e-05
  297 296.5 0.029602 1.28481e-05
  298 297.5 0.03128 1.35764e-05
  299 298.5 0.02977 1.2921e-05
  300 299.5 0.029662 1.28741e-05
  301 300.5 0.029408 1.27639e-05
  302 301.5 0.029758 1.29158e-05
  303 302.5 0.030264 1.31354e-05
  304 303.5 0.034736 1.50764e-05
  305 304.5 0.033022 1.43325e-05
  306 305.5 0.034358 1.49123e-05
  307 306.5 0.03244 1.40799e-05
  308 307.5 0.03278 1.42274e-05
  309 308.5 0.031036 1.34705e-05
  310 309.5 0.032658 1.41745e-05
  311 310.5 0.03339 1.44922e-05
  312 311.5 0.033802 1.4671e-05
  313 312.5 0.03649 1.58377e-05
  314 313.5 0.042118 1.82804e-05
  315 314.5 0.049758 2.15964e-05
  316 315.5 0.064646 2.80582e-05
  317 316.5 0.088058 3.82196e-05
  318 317.5 0.15129 6.56641e-05
  319 318.5 0.300752 0.000130535
  320 319.5 0.64032 0.000277917
  321 320.5 1.36706 0.000593343
  322 321.5 2.65919 0.00115416
  323 322.5 4.56539 0.00198151
  324 323.5 6.78852 0.0029464
  325 324.5 8.72682 0.00378768
  326 325.5 9.78925 0.00424881
  327 326.5 9.88888 0.00429205
  328 327.5 9.28897 0.00403167
  329 328.5 8.37692 0.00363581
  330 329.5 7.37885 0.00320263
  331 330.5 6.48124 0.00281304
  332 331.5 5.70863 0.0024777
  333 332.5 5.05606 0.00219447
  334 333.5 4.54052 0.00197071
  335 334.5 4.14385 0.00179855
  336 335.5 3.81089 0.00165403
  337 336.5 3.55952 0.00154493
  338 337.5 3.36167 0.00145906
  339 338.5 3.21713 0.00139633
  340 339.5 3.10335 0.00134694
  341 340.5 3.02023 0.00131087
  342 341.5 2.94837 0.00127967
  343 342.5 2.89223 0.00125531
  344 343.5 2.85636 0.00123974
  345 344.5 2.82669 0.00122686
  346 345.5 2.81091 0.00122001
  347 346.5 2.78992 0.0012109
  348 347.5 2.78117 0.00120711
  349 348.5 2.77348 0.00120377
  350 349.5 2.77181 0.00120304
  351 350.5 2.77058 0.00120251
  352 351.5 2.76222 0.00119888
  353 352.5 2.75913 0.00119754
  354 353.5 2.74425 0.00119108
  355 354.5 2.74307 0.00119057
  356 355.5 2.74921 0.00119323
  357 356.5 2.74418 0.00119105
  358 357.5 2.75273 0.00119476
  359 358.5 2.73754 0.00118817
  360 359.5 2.73926 0.00118891
  361 360.5 2.74046 0.00118943
  362 361.5 2.74495 0.00119138
  363 362.5 2.74026 0.00118935
  364 363.5 2.74958 0.00119339
  365 364.5 2.74531 0.00119154
  366 365.5 2.74231 0.00119024
  367 366.5 2.74456 0.00119121
  368 367.5 2.73472 0.00118694
  369 368.5 2.74059 0.00118949
  370 369.5 2.74854 0.00119294
  371 370.5 2.73322 0.00118629
  372 371.5 2.74455 0.00119121
  373 372.5 2.73591 0.00118746
  374 373.5 2.73955 0.00118904
  375 374.5 2.74844 0.0011929
  376 375.5 2.74285 0.00119047
  377 376.5 2.73193 0.00118573
  378 377.5 2.72982 0.00118482
  379 378.5 2.72675 0.00118349
  380 379.5 2.72607 0.00118319
  381 380.5 2.72433 0.00118244
  382 381.5 2.73087 0.00118527
  383 382.5 2.7299 0.00118485
  384 383.5 2.73032 0.00118503
  385 384.5 2.73615 0.00118757
  386 385.5 2.73637 0.00118766
  387 386.5 2.7301 0.00118494
  388 387.5 2.72501 0.00118273
  389 388.5 2.73923 0.0011889
  390 389.5 2.73138 0.00118549
  391 390.5 2.72781 0.00118395
  392 391.5 2.73333 0.00118634
  393 392.5 2.72754 0.00118383
  394 393.5 2.71648 0.00117903
  395 394.5 2.71165 0.00117693
  396 395.5 2.71373 0.00117783
  397 396.5 2.70473 0.00117393
  398 397.5 2.70824 0.00117545
  399 398.5 2.69638 0.0011703
  400 399.5 2.69785 0.00117094
  401 400.5 2.69205 0.00116843
  402 401.5 2.70873 0.00117566
  403 402.5 2.7098 0.00117613
  404 403.5 2.70742 0.0011751
  405 404.5 2.71274 0.0011774
  406 405.5 2.71384 0.00117788
  407 406.5 2.70496 0.00117403
  408 407.5 2.69614 0.0011702
  409 408.5 2.69857 0.00117125
  410 409.5 2.71361 0.00117778
  411 410.5 2.7047 0.00117391
  412 411.5 2.69645 0.00117033
  413 412.5 2.69791 0.00117097
  414 413.5 2.70081 0.00117223
  415 414.5 2.71189 0.00117704
  416 415.5 2.7162 0.00117891
  417 416.5 2.72608 0.0011832
  418 417.5 2.72114 0.00118105
  419 418.5 2.71033 0.00117636
  420 419.5 2.71882 0.00118005
  421 420.5 2.72282 0.00118178
  422 421.5 2.71715 0.00117932
  423 422.5 2.71446 0.00117815
  424 423.5 2.71643 0.00117901
  425 424.5 2.716 0.00117882
  426 425.5 2.71265 0.00117736
  427 426.5 2.71512 0.00117844
  428 427.5 2.7144 0.00117813
  429 428.5 2.72036 0.00118071
  430 429.5 2.72718 0.00118367
  431 430.5 2.7276 0.00118386
  432 431.5 2.72479 0.00118264
  433 432.5 2.72232 0.00118156
  434 433.5 2.72249 0.00118163
  435 434.5 2.72147 0.0011812
  436 435.5 2.72404 0.00118231
  437 436.5 2.72326 0.00118197
  438 437.5 2.73302 0.00118621
  439 438.5 2.72742 0.00118378
  440 439.5 2.72992 0.00118486
  441 440.5 2.73332 0.00118634
  442 441.5 2.73742 0.00118812
  443 442.5 2.73192 0.00118573
  444 443.5 2.72606 0.00118318
  445 444.5 2.73048 0.00118511
  446 445.5 2.73833 0.00118851
  447 446.5 2.7441 0.00119102
  448 447.5 2.75241 0.00119462
  449 448.5 2.74479 0.00119132
  450 449.5 2.74263 0.00119038
  451 450.5 2.74823 0.00119281
  452 451.5 2.74349 0.00119075
  453 452.5 2.74974 0.00119347
  454 453.5 2.74636 0.001192
  455 454.5 2.7504 0.00119375
  456 455.5 2.76086 0.00119829
  457 456.5 2.76237 0.00119895
  458 457.5 2.77506 0.00120445
  459 458.5 2.78938 0.00121067
  460 459.5 2.80513 0.00121751
  461 460.5 2.82947 0.00122807
  462 461.5 2.86788 0.00124474
  463 462.5 2.89696 0.00125736
  464 463.5 2.95986 0.00128466
  465 464.5 3.03485 0.00131721
  466 465.5 3.11552 0.00135222
  467 466.5 3.23795 0.00140536
  468 467.5 3.38027 0.00146713
  469 468.5 3.5888 0.00155764
  470 469.5 3.85236 0.00167203
  471 470.5 4.18613 0.0018169
  472 471.5 4.60349 0.00199804
  473 472.5 5.11891 0.00222175
  474 473.5 5.78971 0.00251289
  475 474.5 6.57901 0.00285547
  476 475.5 7.52108 0.00326436
  477 476.5 8.58947 0.00372807
  478 477.5 9.81086 0.00425819
  479 478.5 11.1864 0.00485521
  480 479.5 12.6261 0.00548009
