# Chunk-averaged data for fix tensor3 and group c2
# Timestep Number-of-chunks Total-count
# Chunk Coord1 Ncount density/number
20000000 480 5717
  1 0.5 3.54278 0.00153766
  2 1.5 3.54502 0.00153864
  3 2.5 3.55537 0.00154313
  4 3.5 3.54305 0.00153778
  5 4.5 3.53547 0.00153449
  6 5.5 3.54651 0.00153928
  7 6.5 3.53864 0.00153587
  8 7.5 3.5121 0.00152435
  9 8.5 3.51149 0.00152408
  10 9.5 3.53573 0.0015346
  11 10.5 3.55219 0.00154175
  12 11.5 3.56349 0.00154665
  13 12.5 3.58585 0.00155636
  14 13.5 3.59273 0.00155934
  15 14.5 3.60163 0.00156321
  16 15.5 3.58987 0.0015581
  17 16.5 3.61233 0.00156785
  18 17.5 3.6223 0.00157218
  19 18.5 3.61349 0.00156835
  20 19.5 3.59088 0.00155854
  21 20.5 3.60389 0.00156419
  22 21.5 3.59783 0.00156156
  23 22.5 3.60927 0.00156653
  24 23.5 3.61417 0.00156865
  25 24.5 3.62423 0.00157302
  26 25.5 3.6461 0.00158251
  27 26.5 3.67595 0.00159546
  28 27.5 3.66006 0.00158857
  29 28.5 3.65852 0.0015879
  30 29.5 3.65943 0.0015883
  31 30.5 3.64301 0.00158117
  32 31.5 3.64077 0.0015802
  33 32.5 3.62095 0.00157159
  34 33.5 3.6436 0.00158142
  35 34.5 3.61912 0.0015708
  36 35.5 3.62203 0.00157206
  37 36.5 3.62325 0.00157259
  38 37.5 3.63365 0.00157711
  39 38.5 3.63707 0.00157859
  40 39.5 3.63983 0.00157979
  41 40.5 3.64898 0.00158376
  42 41.5 3.63319 0.0015769
  43 42.5 3.64247 0.00158093
  44 43.5 3.63685 0.00157849
  45 44.5 3.67835 0.00159651
  46 45.5 3.69101 0.001602
  47 46.5 3.69425 0.00160341
  48 47.5 3.70972 0.00161012
  49 48.5 3.74112 0.00162375
  50 49.5 3.74681 0.00162622
  51 50.5 3.74693 0.00162627
  52 51.5 3.75665 0.00163049
  53 52.5 3.78072 0.00164094
  54 53.5 3.78849 0.00164431
  55 54.5 3.79312 0.00164632
  56 55.5 3.80609 0.00165195
  57 56.5 3.81825 0.00165723
  58 57.5 3.88047 0.00168423
  59 58.5 3.96571 0.00172123
  60 59.5 4.02352 0.00174632
  61 60.5 4.10612 0.00178217
  62 61.5 4.20837 0.00182655
  63 62.5 4.31309 0.001872
  64 63.5 4.45385 0.0019331
  65 64.5 4.6245 0.00200716
  66 65.5 4.79166 0.00207971
  67 66.5 4.93387 0.00214143
  68 67.5 5.0334 0.00218464
  69 68.5 5.0674 0.00219939
  70 69.5 5.02016 0.00217889
  71 70.5 4.8176 0.00209097
  72 71.5 4.4944 0.00195069
  73 72.5 4.0178 0.00174384
  74 73.5 3.44786 0.00149647
  75 74.5 2.84523 0.00123491
  76 75.5 2.27013 0.000985299
  77 76.5 1.73583 0.0007534
  78 77.5 1.31468 0.000570606
  79 78.5 0.988362 0.000428977
  80 79.5 0.749934 0.000325492
  81 80.5 0.586322 0.00025448
  82 81.5 0.477246 0.000207138
  83 82.5 0.407682 0.000176945
  84 83.5 0.364834 0.000158348
  85 84.5 0.337262 0.000146381
  86 85.5 0.315124 0.000136773
  87 86.5 0.300722 0.000130522
  88 87.5 0.295846 0.000128405
  89 88.5 0.289318 0.000125572
  90 89.5 0.29012 0.00012592
  91 90.5 0.286586 0.000124386
  92 91.5 0.288102 0.000125044
  93 92.5 0.282966 0.000122815
  94 93.5 0.279966 0.000121513
  95 94.5 0.281274 0.000122081
  96 95.5 0.28411 0.000123312
  97 96.5 0.281888 0.000122347
  98 97.5 0.283266 0.000122945
  99 98.5 0.285076 0.000123731
  100 99.5 0.28256 0.000122639
  101 100.5 0.282884 0.00012278
  102 101.5 0.284204 0.000123352
  103 102.5 0.286836 0.000124495
  104 103.5 0.284942 0.000123673
  105 104.5 0.283608 0.000123094
  106 105.5 0.286008 0.000124135
  107 106.5 0.288312 0.000125135
  108 107.5 0.288354 0.000125154
  109 108.5 0.28704 0.000124583
  110 109.5 0.288704 0.000125306
  111 110.5 0.28823 0.0001251
  112 111.5 0.288748 0.000125325
  113 112.5 0.287926 0.000124968
  114 113.5 0.290356 0.000126023
  115 114.5 0.288512 0.000125222
  116 115.5 0.281996 0.000122394
  117 116.5 0.283746 0.000123154
  118 117.5 0.2862 0.000124219
  119 118.5 0.284002 0.000123265
  120 119.5 0.282442 0.000122588
  121 120.5 0.279294 0.000121221
  122 121.5 0.27986 0.000121467
  123 122.5 0.282638 0.000122673
  124 123.5 0.27819 0.000120742
  125 124.5 0.277808 0.000120576
  126 125.5 0.278326 0.000120801
  127 126.5 0.280738 0.000121848
  128 127.5 0.277996 0.000120658
  129 128.5 0.280982 0.000121954
  130 129.5 0.279806 0.000121444
  131 130.5 0.28282 0.000122752
  132 131.5 0.282714 0.000122706
  133 132.5 0.283108 0.000122877
  134 133.5 0.282886 0.00012278
  135 134.5 0.282998 0.000122829
  136 135.5 0.283264 0.000122944
  137 136.5 0.283098 0.000122872
  138 137.5 0.282302 0.000122527
  139 138.5 0.278698 0.000120963
  140 139.5 0.28068 0.000121823
  141 140.5 0.283688 0.000123128
  142 141.5 0.277484 0.000120436
  143 142.5 0.282128 0.000122451
  144 143.5 0.277676 0.000120519
  145 144.5 0.277932 0.00012063
  146 145.5 0.276924 0.000120193
  147 146.5 0.277312 0.000120361
  148 147.5 0.280104 0.000121573
  149 148.5 0.277248 0.000120333
  150 149.5 0.28211 0.000122444
  151 150.5 0.282086 0.000122433
  152 151.5 0.284604 0.000123526
  153 152.5 0.281748 0.000122286
  154 153.5 0.282044 0.000122415
  155 154.5 0.28413 0.00012332
  156 155.5 0.280512 0.00012175
  157 156.5 0.284598 0.000123523
  158 157.5 0.283844 0.000123196
  159 158.5 0.283974 0.000123253
  160 159.5 0.286118 0.000124183
  161 160.5 0.282022 0.000122405
  162 161.5 0.281878 0.000122343
  163 162.5 0.279908 0.000121488
  164 163.5 0.279914 0.00012149
  165 164.5 0.281824 0.000122319
  166 165.5 0.279164 0.000121165
  167 166.5 0.278766 0.000120992
  168 167.5 0.281878 0.000122343
  169 168.5 0.280424 0.000121712
  170 169.5 0.276794 0.000120136
  171 170.5 0.278102 0.000120704
  172 171.5 0.278254 0.00012077
  173 172.5 0.278746 0.000120984
  174 173.5 0.274888 0.000119309
  175 174.5 0.275828 0.000119717
  176 175.5 0.275192 0.000119441
  177 176.5 0.279226 0.000121192
  178 177.5 0.28129 0.000122088
  179 178.5 0.280618 0.000121796
  180 179.5 0.276076 0.000119825
  181 180.5 0.2762 0.000119878
  182 181.5 0.277122 0.000120279
  183 182.5 0.274 0.000118924
  184 183.5 0.276378 0.000119956
  185 184.5 0.274714 0.000119234
  186 185.5 0.275124 0.000119411
  187 186.5 0.276734 0.00012011
  188 187.5 0.274212 0.000119016
  189 188.5 0.272756 0.000118384
  190 189.5 0.267724 0.0001162
  191 190.5 0.272522 0.000118282
  192 191.5 0.27262 0.000118325
  193 192.5 0.27351 0.000118711
  194 193.5 0.273988 0.000118918
  195 194.5 0.275924 0.000119759
  196 195.5 0.274964 0.000119342
  197 196.5 0.272592 0.000118312
  198 197.5 0.274754 0.000119251
  199 198.5 0.273234 0.000118591
  200 199.5 0.27043 0.000117374
  201 200.5 0.273648 0.000118771
  202 201.5 0.276434 0.00011998
  203 202.5 0.27427 0.000119041
  204 203.5 0.273578 0.00011874
  205 204.5 0.27247 0.00011826
  206 205.5 0.272094 0.000118096
  207 206.5 0.277014 0.000120232
  208 207.5 0.284622 0.000123534
  209 208.5 0.28231 0.00012253
  210 209.5 0.285284 0.000123821
  211 210.5 0.28529 0.000123824
  212 211.5 0.290284 0.000125991
  213 212.5 0.29273 0.000127053
  214 213.5 0.299814 0.000130128
  215 214.5 0.311948 0.000135394
  216 215.5 0.330896 0.000143618
  217 216.5 0.355812 0.000154432
  218 217.5 0.401004 0.000174047
  219 218.5 0.469804 0.000203908
  220 219.5 0.584322 0.000253612
  221 220.5 0.760338 0.000330008
  222 221.5 1.02049 0.000442923
  223 222.5 1.40994 0.000611955
  224 223.5 1.98213 0.0008603
  225 224.5 2.76095 0.00119833
  226 225.5 3.73666 0.00162181
  227 226.5 4.94702 0.00214714
  228 227.5 6.35471 0.00275812
  229 228.5 7.95145 0.00345115
  230 229.5 9.69085 0.0042061
  231 230.5 11.4616 0.00497464
  232 231.5 13.2871 0.00576699
  233 232.5 15.1286 0.00656625
  234 233.5 16.9391 0.00735205
  235 234.5 18.6143 0.00807914
  236 235.5 20.2683 0.00879701
  237 236.5 21.8379 0.00947827
  238 237.5 23.2567 0.010094
  239 238.5 24.5056 0.0106361
  240 239.5 25.6141 0.0111172
  241 240.5 26.6021 0.011546
  242 241.5 27.4833 0.0119285
  243 242.5 28.1625 0.0122233
  244 243.5 28.7972 0.0124988
  245 244.5 29.3044 0.0127189
  246 245.5 29.6934 0.0128878
  247 246.5 30.011 0.0130256
  248 247.5 30.2679 0.0131371
  249 248.5 30.4633 0.0132219
  250 249.5 30.5801 0.0132726
  251 250.5 30.7183 0.0133326
  252 251.5 30.8815 0.0134034
  253 252.5 30.9473 0.013432
  254 253.5 30.9798 0.0134461
  255 254.5 31.0591 0.0134805
  256 255.5 31.1417 0.0135164
  257 256.5 31.0945 0.0134959
  258 257.5 31.0983 0.0134975
  259 258.5 31.1727 0.0135298
  260 259.5 31.1934 0.0135388
  261 260.5 31.1464 0.0135184
  262 261.5 31.2094 0.0135457
  263 262.5 31.2239 0.0135521
  264 263.5 31.2335 0.0135562
  265 264.5 31.2338 0.0135563
  266 265.5 31.2406 0.0135593
  267 266.5 31.3086 0.0135888
  268 267.5 31.2674 0.0135709
  269 268.5 31.3016 0.0135858
  270 269.5 31.3355 0.0136005
  271 270.5 31.3148 0.0135915
  272 271.5 31.287 0.0135794
  273 272.5 31.3514 0.0136074
  274 273.5 31.3304 0.0135983
  275 274.5 31.3087 0.0135888
  276 275.5 31.3604 0.0136113
  277 276.5 31.3161 0.0135921
  278 277.5 31.3681 0.0136146
  279 278.5 31.3903 0.0136243
  280 279.5 31.4412 0.0136463
  281 280.5 31.3761 0.0136181
  282 281.5 31.3998 0.0136284
  283 282.5 31.4378 0.0136449
  284 283.5 31.4048 0.0136306
  285 284.5 31.3682 0.0136147
  286 285.5 31.3903 0.0136243
  287 286.5 31.4178 0.0136362
  288 287.5 31.3839 0.0136215
  289 288.5 31.4112 0.0136333
  290 289.5 31.4041 0.0136303
  291 290.5 31.3739 0.0136171
  292 291.5 31.4024 0.0136295
  293 292.5 31.3916 0.0136248
  294 293.5 31.41 0.0136328
  295 294.5 31.4214 0.0136377
  296 295.5 31.4707 0.0136592
  297 296.5 31.4449 0.0136479
  298 297.5 31.4267 0.0136401
  299 298.5 31.4622 0.0136555
  300 299.5 31.4648 0.0136566
  301 300.5 31.4423 0.0136468
  302 301.5 31.4439 0.0136475
  303 302.5 31.4437 0.0136475
  304 303.5 31.4635 0.013656
  305 304.5 31.479 0.0136627
  306 305.5 31.4861 0.0136658
  307 306.5 31.5021 0.0136728
  308 307.5 31.503 0.0136732
  309 308.5 31.4954 0.0136699
  310 309.5 31.5199 0.0136805
  311 310.5 31.4891 0.0136671
  312 311.5 31.4811 0.0136637
  313 312.5 31.495 0.0136697
  314 313.5 31.4558 0.0136527
  315 314.5 31.4626 0.0136556
  316 315.5 31.4643 0.0136564
  317 316.5 31.4575 0.0136534
  318 317.5 31.449 0.0136498
  319 318.5 31.4309 0.0136419
  320 319.5 31.4571 0.0136532
  321 320.5 31.3941 0.0136259
  322 321.5 31.3777 0.0136188
  323 322.5 31.3982 0.0136277
  324 323.5 31.3516 0.0136075
  325 324.5 31.3337 0.0135997
  326 325.5 31.3379 0.0136015
  327 326.5 31.322 0.0135946
  328 327.5 31.2999 0.013585
  329 328.5 31.2904 0.0135809
  330 329.5 31.2945 0.0135827
  331 330.5 31.2766 0.0135749
  332 331.5 31.2947 0.0135828
  333 332.5 31.3161 0.013592
  334 333.5 31.3282 0.0135973
  335 334.5 31.2977 0.0135841
  336 335.5 31.3046 0.0135871
  337 336.5 31.3443 0.0136043
  338 337.5 31.2977 0.0135841
  339 338.5 31.3323 0.0135991
  340 339.5 31.3948 0.0136262
  341 340.5 31.399 0.013628
  342 341.5 31.4122 0.0136338
  343 342.5 31.4564 0.0136529
  344 343.5 31.467 0.0136576
  345 344.5 31.4976 0.0136708
  346 345.5 31.5383 0.0136885
  347 346.5 31.5415 0.0136899
  348 347.5 31.5413 0.0136898
  349 348.5 31.5227 0.0136817
  350 349.5 31.5882 0.0137101
  351 350.5 31.5821 0.0137075
  352 351.5 31.5828 0.0137078
  353 352.5 31.5941 0.0137127
  354 353.5 31.6114 0.0137202
  355 354.5 31.6299 0.0137283
  356 355.5 31.6089 0.0137191
  357 356.5 31.6442 0.0137345
  358 357.5 31.6383 0.0137319
  359 358.5 31.6563 0.0137397
  360 359.5 31.6671 0.0137444
  361 360.5 31.6777 0.013749
  362 361.5 31.7039 0.0137604
  363 362.5 31.7005 0.0137589
  364 363.5 31.694 0.0137561
  365 364.5 31.7243 0.0137692
  366 365.5 31.7331 0.0137731
  367 366.5 31.7716 0.0137897
  368 367.5 31.7913 0.0137983
  369 368.5 31.7882 0.0137969
  370 369.5 31.7797 0.0137933
  371 370.5 31.7936 0.0137993
  372 371.5 31.7976 0.0138011
  373 372.5 31.7863 0.0137961
  374 373.5 31.7542 0.0137822
  375 374.5 31.7432 0.0137774
  376 375.5 31.7239 0.0137691
  377 376.5 31.6858 0.0137525
  378 377.5 31.6259 0.0137265
  379 378.5 31.5666 0.0137008
  380 379.5 31.461 0.013655
  381 380.5 31.2372 0.0135578
  382 381.5 31.0533 0.013478
  383 382.5 30.8275 0.01338
  384 383.5 30.5174 0.0132454
  385 384.5 30.0719 0.013052
  386 385.5 29.5881 0.0128421
  387 386.5 28.9774 0.012577
  388 387.5 28.2139 0.0122456
  389 388.5 27.2858 0.0118428
  390 389.5 26.2233 0.0113816
  391 390.5 24.9488 0.0108285
  392 391.5 23.503 0.0102009
  393 392.5 21.9368 0.00952117
  394 393.5 20.1799 0.00875862
  395 394.5 18.3403 0.0079602
  396 395.5 16.4797 0.00715264
  397 396.5 14.6838 0.00637319
  398 397.5 12.9446 0.00561831
  399 398.5 11.3554 0.00492855
  400 399.5 9.93242 0.00431094
  401 400.5 8.69151 0.00377236
  402 401.5 7.6699 0.00332895
  403 402.5 6.81541 0.00295808
  404 403.5 6.09194 0.00264407
  405 404.5 5.50888 0.00239101
  406 405.5 5.0566 0.0021947
  407 406.5 4.72028 0.00204873
  408 407.5 4.44076 0.00192741
  409 408.5 4.24324 0.00184168
  410 409.5 4.08468 0.00177286
  411 410.5 3.96231 0.00171975
  412 411.5 3.91832 0.00170066
  413 412.5 3.86387 0.00167703
  414 413.5 3.82001 0.00165799
  415 414.5 3.76445 0.00163388
  416 415.5 3.74165 0.00162398
  417 416.5 3.72748 0.00161783
  418 417.5 3.70564 0.00160835
  419 418.5 3.6843 0.00159909
  420 419.5 3.64971 0.00158408
  421 420.5 3.61235 0.00156786
  422 421.5 3.60217 0.00156344
  423 422.5 3.56687 0.00154812
  424 423.5 3.53519 0.00153437
  425 424.5 3.53941 0.0015362
  426 425.5 3.53087 0.00153249
  427 426.5 3.49135 0.00151534
  428 427.5 3.48055 0.00151066
  429 428.5 3.49422 0.00151659
  430 429.5 3.48733 0.0015136
  431 430.5 3.47177 0.00150684
  432 431.5 3.4775 0.00150933
  433 432.5 3.4691 0.00150568
  434 433.5 3.47216 0.00150702
  435 434.5 3.47673 0.001509
  436 435.5 3.48771 0.00151376
  437 436.5 3.49533 0.00151707
  438 437.5 3.51113 0.00152393
  439 438.5 3.50905 0.00152302
  440 439.5 3.52292 0.00152905
  441 440.5 3.51853 0.00152714
  442 441.5 3.52046 0.00152798
  443 442.5 3.52827 0.00153137
  444 443.5 3.54372 0.00153807
  445 444.5 3.5477 0.0015398
  446 445.5 3.5471 0.00153954
  447 446.5 3.54424 0.0015383
  448 447.5 3.56928 0.00154917
  449 448.5 3.59049 0.00155837
  450 449.5 3.58362 0.00155539
  451 450.5 3.57695 0.0015525
  452 451.5 3.58791 0.00155725
  453 452.5 3.57781 0.00155287
  454 453.5 3.57267 0.00155064
  455 454.5 3.56837 0.00154877
  456 455.5 3.55991 0.0015451
  457 456.5 3.54306 0.00153779
  458 457.5 3.54426 0.00153831
  459 458.5 3.55885 0.00154464
  460 459.5 3.55639 0.00154357
  461 460.5 3.54264 0.0015376
  462 461.5 3.52145 0.00152841
  463 462.5 3.51263 0.00152458
  464 463.5 3.50331 0.00152054
  465 464.5 3.48931 0.00151446
  466 465.5 3.50192 0.00151993
  467 466.5 3.51045 0.00152363
  468 467.5 3.48152 0.00151108
  469 468.5 3.49432 0.00151663
  470 469.5 3.48313 0.00151178
  471 470.5 3.46438 0.00150364
  472 471.5 3.441 0.00149349
  473 472.5 3.44364 0.00149463
  474 473.5 3.46643 0.00150453
  475 474.5 3.49615 0.00151743
  476 475.5 3.50786 0.00152251
  477 476.5 3.51779 0.00152682
  478 477.5 3.51282 0.00152466
  479 478.5 3.52666 0.00153067
  480 479.5 3.54414 0.00153826
30000000 480 5717
  1 0.5 3.83866 0.00166608
  2 1.5 3.7944 0.00164688
  3 2.5 3.75122 0.00162813
  4 3.5 3.73903 0.00162284
  5 4.5 3.7268 0.00161754
  6 5.5 3.73528 0.00162122
  7 6.5 3.72908 0.00161852
  8 7.5 3.72653 0.00161742
  9 8.5 3.71588 0.0016128
  10 9.5 3.6922 0.00160252
  11 10.5 3.71743 0.00161347
  12 11.5 3.72867 0.00161834
  13 12.5 3.71142 0.00161086
  14 13.5 3.70274 0.00160709
  15 14.5 3.69445 0.00160349
  16 15.5 3.69126 0.00160211
  17 16.5 3.6815 0.00159787
  18 17.5 3.66943 0.00159263
  19 18.5 3.64072 0.00158017
  20 19.5 3.62977 0.00157542
  21 20.5 3.60804 0.00156599
  22 21.5 3.61012 0.00156689
  23 22.5 3.61834 0.00157046
  24 23.5 3.63737 0.00157872
  25 24.5 3.61567 0.0015693
  26 25.5 3.61402 0.00156858
  27 26.5 3.62311 0.00157253
  28 27.5 3.62388 0.00157286
  29 28.5 3.60713 0.0015656
  30 29.5 3.59084 0.00155852
  31 30.5 3.60425 0.00156434
  32 31.5 3.60777 0.00156587
  33 32.5 3.5987 0.00156193
  34 33.5 3.60431 0.00156437
  35 34.5 3.63073 0.00157584
  36 35.5 3.64407 0.00158163
  37 36.5 3.65847 0.00158788
  38 37.5 3.65463 0.00158621
  39 38.5 3.67012 0.00159293
  40 39.5 3.67263 0.00159403
  41 40.5 3.68379 0.00159887
  42 41.5 3.72399 0.00161631
  43 42.5 3.73655 0.00162176
  44 43.5 3.74182 0.00162405
  45 44.5 3.73948 0.00162304
  46 45.5 3.75226 0.00162859
  47 46.5 3.7315 0.00161958
  48 47.5 3.72227 0.00161557
  49 48.5 3.74752 0.00162653
  50 49.5 3.74229 0.00162426
  51 50.5 3.7515 0.00162826
  52 51.5 3.77546 0.00163865
  53 52.5 3.78317 0.001642
  54 53.5 3.80903 0.00165322
  55 54.5 3.79574 0.00164745
  56 55.5 3.81287 0.00165489
  57 56.5 3.81636 0.00165641
  58 57.5 3.83501 0.0016645
  59 58.5 3.88339 0.0016855
  60 59.5 3.93304 0.00170705
  61 60.5 3.98879 0.00173125
  62 61.5 4.07094 0.0017669
  63 62.5 4.15827 0.00180481
  64 63.5 4.26456 0.00185094
  65 64.5 4.35423 0.00188986
  66 65.5 4.49767 0.00195211
  67 66.5 4.66636 0.00202533
  68 67.5 4.83563 0.0020988
  69 68.5 4.98749 0.00216471
  70 69.5 5.1331 0.00222791
  71 70.5 5.18979 0.00225251
  72 71.5 5.15484 0.00223734
  73 72.5 5.01948 0.00217859
  74 73.5 4.72683 0.00205158
  75 74.5 4.30872 0.00187011
  76 75.5 3.79012 0.00164502
  77 76.5 3.185 0.00138238
  78 77.5 2.59507 0.00112633
  79 78.5 2.04715 0.000888521
  80 79.5 1.56552 0.000679479
  81 80.5 1.17722 0.000510947
  82 81.5 0.883274 0.000383365
  83 82.5 0.674734 0.000292853
  84 83.5 0.538726 0.000233822
  85 84.5 0.440374 0.000191135
  86 85.5 0.379962 0.000164914
  87 86.5 0.342064 0.000148465
  88 87.5 0.320544 0.000139125
  89 88.5 0.305454 0.000132576
  90 89.5 0.298168 0.000129413
  91 90.5 0.292128 0.000126792
  92 91.5 0.287156 0.000124634
  93 92.5 0.28041 0.000121706
  94 93.5 0.2794 0.000121267
  95 94.5 0.28311 0.000122878
  96 95.5 0.277126 0.00012028
  97 96.5 0.274052 0.000118946
  98 97.5 0.27464 0.000119201
  99 98.5 0.27495 0.000119336
  100 99.5 0.275774 0.000119694
  101 100.5 0.276394 0.000119963
  102 101.5 0.278412 0.000120839
  103 102.5 0.2762 0.000119878
  104 103.5 0.27901 0.000121098
  105 104.5 0.279658 0.000121379
  106 105.5 0.275574 0.000119607
  107 106.5 0.276112 0.00011984
  108 107.5 0.277428 0.000120411
  109 108.5 0.277612 0.000120491
  110 109.5 0.279282 0.000121216
  111 110.5 0.275992 0.000119788
  112 111.5 0.273332 0.000118634
  113 112.5 0.275572 0.000119606
  114 113.5 0.277654 0.00012051
  115 114.5 0.276962 0.000120209
  116 115.5 0.277252 0.000120335
  117 116.5 0.279204 0.000121182
  118 117.5 0.280472 0.000121733
  119 118.5 0.276548 0.00012003
  120 119.5 0.275706 0.000119664
  121 120.5 0.277276 0.000120345
  122 121.5 0.280484 0.000121738
  123 122.5 0.280532 0.000121759
  124 123.5 0.277872 0.000120604
  125 124.5 0.276476 0.000119998
  126 125.5 0.278368 0.000120819
  127 126.5 0.277968 0.000120646
  128 127.5 0.279794 0.000121438
  129 128.5 0.281388 0.00012213
  130 129.5 0.280392 0.000121698
  131 130.5 0.283074 0.000122862
  132 131.5 0.278528 0.000120889
  133 132.5 0.28323 0.00012293
  134 133.5 0.278744 0.000120983
  135 134.5 0.277776 0.000120563
  136 135.5 0.276648 0.000120073
  137 136.5 0.278788 0.000121002
  138 137.5 0.278344 0.000120809
  139 138.5 0.280836 0.000121891
  140 139.5 0.280702 0.000121832
  141 140.5 0.281138 0.000122022
  142 141.5 0.27819 0.000120742
  143 142.5 0.277842 0.000120591
  144 143.5 0.282466 0.000122598
  145 144.5 0.282252 0.000122505
  146 145.5 0.279678 0.000121388
  147 146.5 0.280364 0.000121686
  148 147.5 0.28089 0.000121914
  149 148.5 0.278948 0.000121071
  150 149.5 0.279936 0.0001215
  151 150.5 0.283424 0.000123014
  152 151.5 0.284716 0.000123575
  153 152.5 0.28338 0.000122995
  154 153.5 0.277842 0.000120591
  155 154.5 0.278718 0.000120971
  156 155.5 0.277276 0.000120345
  157 156.5 0.279914 0.00012149
  158 157.5 0.27831 0.000120794
  159 158.5 0.276466 0.000119994
  160 159.5 0.277016 0.000120233
  161 160.5 0.278876 0.00012104
  162 161.5 0.278462 0.00012086
  163 162.5 0.274914 0.00011932
  164 163.5 0.274978 0.000119348
  165 164.5 0.274148 0.000118988
  166 165.5 0.275024 0.000119368
  167 166.5 0.275166 0.00011943
  168 167.5 0.27663 0.000120065
  169 168.5 0.270738 0.000117508
  170 169.5 0.270464 0.000117389
  171 170.5 0.274222 0.00011902
  172 171.5 0.276332 0.000119936
  173 172.5 0.276858 0.000120164
  174 173.5 0.27549 0.00011957
  175 174.5 0.28073 0.000121845
  176 175.5 0.277664 0.000120514
  177 176.5 0.277422 0.000120409
  178 177.5 0.276918 0.00012019
  179 178.5 0.276022 0.000119801
  180 179.5 0.275134 0.000119416
  181 180.5 0.275788 0.0001197
  182 181.5 0.275574 0.000119607
  183 182.5 0.273432 0.000118677
  184 183.5 0.272984 0.000118483
  185 184.5 0.268776 0.000116656
  186 185.5 0.275524 0.000119585
  187 186.5 0.27367 0.00011878
  188 187.5 0.27533 0.000119501
  189 188.5 0.273708 0.000118797
  190 189.5 0.275782 0.000119697
  191 190.5 0.275902 0.000119749
  192 191.5 0.272248 0.000118163
  193 192.5 0.273586 0.000118744
  194 193.5 0.280022 0.000121537
  195 194.5 0.280858 0.0001219
  196 195.5 0.27728 0.000120347
  197 196.5 0.279552 0.000121333
  198 197.5 0.27985 0.000121463
  199 198.5 0.278938 0.000121067
  200 199.5 0.279036 0.000121109
  201 200.5 0.2799 0.000121484
  202 201.5 0.278922 0.00012106
  203 202.5 0.278334 0.000120805
  204 203.5 0.277954 0.00012064
  205 204.5 0.275476 0.000119564
  206 205.5 0.274078 0.000118957
  207 206.5 0.27392 0.000118889
  208 207.5 0.276818 0.000120147
  209 208.5 0.27684 0.000120156
  210 209.5 0.274952 0.000119337
  211 210.5 0.278436 0.000120849
  212 211.5 0.283414 0.00012301
  213 212.5 0.284412 0.000123443
  214 213.5 0.285414 0.000123878
  215 214.5 0.288656 0.000125285
  216 215.5 0.298546 0.000129577
  217 216.5 0.307318 0.000133385
  218 217.5 0.323532 0.000140422
  219 218.5 0.347558 0.00015085
  220 219.5 0.390478 0.000169478
  221 220.5 0.458424 0.000198969
  222 221.5 0.566086 0.000245697
  223 222.5 0.724874 0.000314615
  224 223.5 0.985436 0.000427707
  225 224.5 1.36443 0.0005922
  226 225.5 1.90403 0.000826401
  227 226.5 2.66705 0.00115757
  228 227.5 3.67588 0.00159544
  229 228.5 4.99325 0.00216721
  230 229.5 6.55106 0.00284334
  231 230.5 8.34 0.00361979
  232 231.5 10.2963 0.00446886
  233 232.5 12.405 0.0053841
  234 233.5 14.5545 0.00631704
  235 234.5 16.683 0.00724089
  236 235.5 18.6965 0.00811478
  237 236.5 20.6414 0.00895896
  238 237.5 22.4167 0.00972947
  239 238.5 23.9464 0.0103934
  240 239.5 25.3587 0.0110064
  241 240.5 26.5694 0.0115318
  242 241.5 27.5762 0.0119688
  243 242.5 28.409 0.0123303
  244 243.5 29.0878 0.0126249
  245 244.5 29.6643 0.0128751
  246 245.5 30.0926 0.013061
  247 246.5 30.4466 0.0132147
  248 247.5 30.7443 0.0133439
  249 248.5 30.9343 0.0134264
  250 249.5 31.0914 0.0134946
  251 250.5 31.2394 0.0135587
  252 251.5 31.3327 0.0135993
  253 252.5 31.397 0.0136271
  254 253.5 31.4521 0.0136511
  255 254.5 31.4932 0.0136689
  256 255.5 31.5111 0.0136767
  257 256.5 31.5453 0.0136915
  258 257.5 31.5069 0.0136749
  259 258.5 31.4996 0.0136717
  260 259.5 31.5353 0.0136872
  261 260.5 31.4875 0.0136664
  262 261.5 31.4631 0.0136558
  263 262.5 31.5185 0.0136799
  264 263.5 31.5122 0.0136772
  265 264.5 31.5023 0.0136729
  266 265.5 31.5198 0.0136805
  267 266.5 31.4726 0.01366
  268 267.5 31.455 0.0136523
  269 268.5 31.4964 0.0136703
  270 269.5 31.4564 0.013653
  271 270.5 31.4485 0.0136495
  272 271.5 31.4298 0.0136414
  273 272.5 31.451 0.0136506
  274 273.5 31.3855 0.0136222
  275 274.5 31.3725 0.0136165
  276 275.5 31.3752 0.0136177
  277 276.5 31.3887 0.0136236
  278 277.5 31.3595 0.0136109
  279 278.5 31.4167 0.0136357
  280 279.5 31.3994 0.0136282
  281 280.5 31.3976 0.0136274
  282 281.5 31.4327 0.0136427
  283 282.5 31.4365 0.0136443
  284 283.5 31.4539 0.0136519
  285 284.5 31.4398 0.0136458
  286 285.5 31.4295 0.0136413
  287 286.5 31.4433 0.0136473
  288 287.5 31.4316 0.0136422
  289 288.5 31.3815 0.0136205
  290 289.5 31.4256 0.0136396
  291 290.5 31.5062 0.0136746
  292 291.5 31.4779 0.0136623
  293 292.5 31.4575 0.0136534
  294 293.5 31.529 0.0136844
  295 294.5 31.4912 0.013668
  296 295.5 31.5059 0.0136744
  297 296.5 31.4561 0.0136528
  298 297.5 31.4501 0.0136502
  299 298.5 31.4535 0.0136517
  300 299.5 31.4554 0.0136525
  301 300.5 31.3908 0.0136245
  302 301.5 31.4176 0.0136361
  303 302.5 31.3772 0.0136186
  304 303.5 31.4115 0.0136335
  305 304.5 31.362 0.013612
  306 305.5 31.3944 0.013626
  307 306.5 31.4632 0.0136559
  308 307.5 31.4722 0.0136598
  309 308.5 31.4583 0.0136538
  310 309.5 31.486 0.0136658
  311 310.5 31.4968 0.0136705
  312 311.5 31.5037 0.0136735
  313 312.5 31.4235 0.0136387
  314 313.5 31.4903 0.0136676
  315 314.5 31.4887 0.013667
  316 315.5 31.4695 0.0136586
  317 316.5 31.4721 0.0136598
  318 317.5 31.4793 0.0136629
  319 318.5 31.4928 0.0136687
  320 319.5 31.4806 0.0136634
  321 320.5 31.5011 0.0136724
  322 321.5 31.5275 0.0136838
  323 322.5 31.5719 0.0137031
  324 323.5 31.5683 0.0137015
  325 324.5 31.5639 0.0136996
  326 325.5 31.5644 0.0136998
  327 326.5 31.6057 0.0137178
  328 327.5 31.6231 0.0137253
  329 328.5 31.6131 0.013721
  330 329.5 31.6204 0.0137241
  331 330.5 31.5937 0.0137126
  332 331.5 31.6494 0.0137367
  333 332.5 31.6141 0.0137214
  334 333.5 31.6145 0.0137216
  335 334.5 31.6558 0.0137395
  336 335.5 31.6295 0.0137281
  337 336.5 31.598 0.0137144
  338 337.5 31.6188 0.0137234
  339 338.5 31.6603 0.0137414
  340 339.5 31.6344 0.0137302
  341 340.5 31.5698 0.0137022
  342 341.5 31.6385 0.013732
  343 342.5 31.6267 0.0137268
  344 343.5 31.5804 0.0137068
  345 344.5 31.6015 0.0137159
  346 345.5 31.6283 0.0137276
  347 346.5 31.6352 0.0137306
  348 347.5 31.6094 0.0137194
  349 348.5 31.6119 0.0137204
  350 349.5 31.6015 0.0137159
  351 350.5 31.5937 0.0137125
  352 351.5 31.5479 0.0136927
  353 352.5 31.5711 0.0137027
  354 353.5 31.5447 0.0136913
  355 354.5 31.5456 0.0136917
  356 355.5 31.5417 0.01369
  357 356.5 31.5764 0.013705
  358 357.5 31.5491 0.0136932
  359 358.5 31.5767 0.0137051
  360 359.5 31.5689 0.0137018
  361 360.5 31.6047 0.0137173
  362 361.5 31.5194 0.0136803
  363 362.5 31.5402 0.0136893
  364 363.5 31.5582 0.0136971
  365 364.5 31.5475 0.0136925
  366 365.5 31.5225 0.0136817
  367 366.5 31.5068 0.0136748
  368 367.5 31.5545 0.0136955
  369 368.5 31.484 0.0136649
  370 369.5 31.5034 0.0136734
  371 370.5 31.4987 0.0136713
  372 371.5 31.472 0.0136597
  373 372.5 31.4671 0.0136576
  374 373.5 31.4829 0.0136645
  375 374.5 31.4302 0.0136416
  376 375.5 31.3597 0.013611
  377 376.5 31.3082 0.0135886
  378 377.5 31.2486 0.0135628
  379 378.5 31.1367 0.0135142
  380 379.5 31.0346 0.0134699
  381 380.5 30.9228 0.0134213
  382 381.5 30.7002 0.0133248
  383 382.5 30.4637 0.0132221
  384 383.5 30.1742 0.0130964
  385 384.5 29.7954 0.012932
  386 385.5 29.3193 0.0127254
  387 386.5 28.74 0.012474
  388 387.5 27.9566 0.0121339
  389 388.5 27.0822 0.0117544
  390 389.5 26.019 0.011293
  391 390.5 24.7737 0.0107525
  392 391.5 23.3053 0.0101151
  393 392.5 21.7081 0.00942194
  394 393.5 20.0495 0.00870204
  395 394.5 18.1931 0.0078963
  396 395.5 16.3659 0.00710327
  397 396.5 14.5651 0.00632168
  398 397.5 12.8683 0.00558522
  399 398.5 11.2634 0.00488863
  400 399.5 9.87774 0.00428721
  401 400.5 8.66561 0.00376112
  402 401.5 7.63306 0.00331296
  403 402.5 6.8104 0.0029559
  404 403.5 6.15394 0.00267098
  405 404.5 5.6262 0.00244193
  406 405.5 5.17437 0.00224582
  407 406.5 4.83325 0.00209776
  408 407.5 4.5696 0.00198333
  409 408.5 4.36634 0.00189511
  410 409.5 4.20337 0.00182438
  411 410.5 4.0876 0.00177413
  412 411.5 4.00838 0.00173975
  413 412.5 3.96594 0.00172133
  414 413.5 3.93689 0.00170872
  415 414.5 3.90117 0.00169322
  416 415.5 3.88626 0.00168674
  417 416.5 3.86828 0.00167894
  418 417.5 3.8625 0.00167643
  419 418.5 3.84461 0.00166867
  420 419.5 3.81517 0.00165589
  421 420.5 3.80378 0.00165095
  422 421.5 3.792 0.00164583
  423 422.5 3.77482 0.00163838
  424 423.5 3.76546 0.00163431
  425 424.5 3.74212 0.00162419
  426 425.5 3.73687 0.0016219
  427 426.5 3.69676 0.00160449
  428 427.5 3.692 0.00160243
  429 428.5 3.69286 0.0016028
  430 429.5 3.68563 0.00159966
  431 430.5 3.67461 0.00159488
  432 431.5 3.66363 0.00159012
  433 432.5 3.66631 0.00159128
  434 433.5 3.64341 0.00158134
  435 434.5 3.65246 0.00158527
  436 435.5 3.65391 0.0015859
  437 436.5 3.65731 0.00158737
  438 437.5 3.65693 0.00158721
  439 438.5 3.64216 0.0015808
  440 439.5 3.64085 0.00158023
  441 440.5 3.63971 0.00157973
  442 441.5 3.66047 0.00158875
  443 442.5 3.66807 0.00159204
  444 443.5 3.66606 0.00159117
  445 444.5 3.66883 0.00159238
  446 445.5 3.67108 0.00159335
  447 446.5 3.68614 0.00159989
  448 447.5 3.69282 0.00160279
  449 448.5 3.68259 0.00159835
  450 449.5 3.68803 0.00160071
  451 450.5 3.66484 0.00159064
  452 451.5 3.64463 0.00158187
  453 452.5 3.63657 0.00157837
  454 453.5 3.63183 0.00157631
  455 454.5 3.6318 0.0015763
  456 455.5 3.64207 0.00158076
  457 456.5 3.65218 0.00158515
  458 457.5 3.68054 0.00159746
  459 458.5 3.69508 0.00160377
  460 459.5 3.70068 0.0016062
  461 460.5 3.7292 0.00161858
  462 461.5 3.75109 0.00162808
  463 462.5 3.76622 0.00163464
  464 463.5 3.7716 0.00163698
  465 464.5 3.76061 0.00163221
  466 465.5 3.77243 0.00163734
  467 466.5 3.7771 0.00163937
  468 467.5 3.79723 0.0016481
  469 468.5 3.77521 0.00163855
  470 469.5 3.78193 0.00164146
  471 470.5 3.79617 0.00164764
  472 471.5 3.80265 0.00165046
  473 472.5 3.80249 0.00165038
  474 473.5 3.80258 0.00165043
  475 474.5 3.83083 0.00166269
  476 475.5 3.82847 0.00166166
  477 476.5 3.83186 0.00166313
  478 477.5 3.83821 0.00166589
  479 478.5 3.82982 0.00166225
  480 479.5 3.83405 0.00166408
40000000 480 5717
  1 0.5 3.70395 0.00160762
  2 1.5 3.69285 0.0016028
  3 2.5 3.69175 0.00160232
  4 3.5 3.67899 0.00159679
  5 4.5 3.67931 0.00159692
  6 5.5 3.67848 0.00159656
  7 6.5 3.68188 0.00159804
  8 7.5 3.70203 0.00160678
  9 8.5 3.71799 0.00161371
  10 9.5 3.70854 0.00160961
  11 10.5 3.71863 0.00161399
  12 11.5 3.709 0.00160981
  13 12.5 3.71835 0.00161387
  14 13.5 3.7243 0.00161645
  15 14.5 3.71832 0.00161385
  16 15.5 3.71273 0.00161143
  17 16.5 3.71391 0.00161194
  18 17.5 3.74565 0.00162572
  19 18.5 3.74317 0.00162464
  20 19.5 3.7389 0.00162279
  21 20.5 3.7443 0.00162513
  22 21.5 3.73271 0.0016201
  23 22.5 3.7202 0.00161467
  24 23.5 3.70565 0.00160835
  25 24.5 3.71937 0.00161431
  26 25.5 3.7432 0.00162465
  27 26.5 3.75749 0.00163086
  28 27.5 3.77581 0.00163881
  29 28.5 3.81461 0.00165565
  30 29.5 3.83771 0.00166567
  31 30.5 3.84081 0.00166702
  32 31.5 3.85124 0.00167154
  33 32.5 3.86819 0.0016789
  34 33.5 3.8357 0.0016648
  35 34.5 3.83212 0.00166325
  36 35.5 3.82436 0.00165988
  37 36.5 3.84182 0.00166745
  38 37.5 3.8418 0.00166745
  39 38.5 3.85135 0.00167159
  40 39.5 3.84874 0.00167046
  41 40.5 3.83709 0.0016654
  42 41.5 3.85373 0.00167263
  43 42.5 3.84116 0.00166717
  44 43.5 3.83936 0.00166639
  45 44.5 3.83944 0.00166642
  46 45.5 3.82738 0.00166119
  47 46.5 3.83365 0.00166391
  48 47.5 3.84249 0.00166775
  49 48.5 3.86315 0.00167671
  50 49.5 3.88088 0.00168441
  51 50.5 3.90185 0.00169351
  52 51.5 3.91113 0.00169754
  53 52.5 3.92739 0.0017046
  54 53.5 3.9272 0.00170452
  55 54.5 3.96525 0.00172103
  56 55.5 3.99622 0.00173447
  57 56.5 4.01981 0.00174471
  58 57.5 4.08364 0.00177241
  59 58.5 4.14704 0.00179993
  60 59.5 4.24236 0.0018413
  61 60.5 4.35955 0.00189217
  62 61.5 4.4955 0.00195117
  63 62.5 4.62233 0.00200622
  64 63.5 4.77353 0.00207184
  65 64.5 4.90351 0.00212826
  66 65.5 5.01275 0.00217567
  67 66.5 5.08441 0.00220678
  68 67.5 5.06707 0.00219925
  69 68.5 4.97042 0.0021573
  70 69.5 4.80569 0.0020858
  71 70.5 4.53365 0.00196773
  72 71.5 4.19843 0.00182223
  73 72.5 3.8003 0.00164944
  74 73.5 3.37529 0.00146497
  75 74.5 2.91838 0.00126666
  76 75.5 2.47659 0.00107491
  77 76.5 2.03063 0.000881351
  78 77.5 1.61923 0.00070279
  79 78.5 1.27685 0.000554188
  80 79.5 0.985142 0.000427579
  81 80.5 0.757938 0.000328966
  82 81.5 0.598512 0.000259771
  83 82.5 0.492082 0.000213577
  84 83.5 0.418376 0.000181587
  85 84.5 0.369308 0.00016029
  86 85.5 0.345026 0.000149751
  87 86.5 0.324528 0.000140854
  88 87.5 0.311842 0.000135348
  89 88.5 0.299658 0.00013006
  90 89.5 0.292492 0.00012695
  91 90.5 0.287618 0.000124834
  92 91.5 0.285662 0.000123985
  93 92.5 0.28626 0.000124245
  94 93.5 0.284474 0.00012347
  95 94.5 0.284472 0.000123469
  96 95.5 0.283218 0.000122924
  97 96.5 0.28538 0.000123863
  98 97.5 0.285258 0.00012381
  99 98.5 0.284316 0.000123401
  100 99.5 0.286708 0.000124439
  101 100.5 0.289038 0.000125451
  102 101.5 0.28425 0.000123372
  103 102.5 0.288632 0.000125274
  104 103.5 0.289114 0.000125484
  105 104.5 0.288886 0.000125385
  106 105.5 0.289946 0.000125845
  107 106.5 0.286154 0.000124199
  108 107.5 0.286196 0.000124217
  109 108.5 0.285218 0.000123793
  110 109.5 0.285136 0.000123757
  111 110.5 0.28367 0.000123121
  112 111.5 0.282204 0.000122484
  113 112.5 0.280962 0.000121945
  114 113.5 0.283088 0.000122868
  115 114.5 0.283198 0.000122916
  116 115.5 0.285382 0.000123864
  117 116.5 0.28528 0.000123819
  118 117.5 0.28281 0.000122747
  119 118.5 0.284528 0.000123493
  120 119.5 0.283292 0.000122957
  121 120.5 0.283644 0.000123109
  122 121.5 0.28196 0.000122378
  123 122.5 0.27907 0.000121124
  124 123.5 0.280704 0.000121833
  125 124.5 0.281774 0.000122298
  126 125.5 0.28685 0.000124501
  127 126.5 0.286786 0.000124473
  128 127.5 0.290168 0.000125941
  129 128.5 0.29019 0.000125951
  130 129.5 0.287736 0.000124885
  131 130.5 0.290176 0.000125944
  132 131.5 0.285176 0.000123774
  133 132.5 0.283112 0.000122878
  134 133.5 0.283392 0.000123
  135 134.5 0.290148 0.000125932
  136 135.5 0.291558 0.000126544
  137 136.5 0.291896 0.000126691
  138 137.5 0.291866 0.000126678
  139 138.5 0.29166 0.000126589
  140 139.5 0.28296 0.000122812
  141 140.5 0.283322 0.00012297
  142 141.5 0.288182 0.000125079
  143 142.5 0.285206 0.000123787
  144 143.5 0.280478 0.000121735
  145 144.5 0.282862 0.00012277
  146 145.5 0.284926 0.000123666
  147 146.5 0.288372 0.000125161
  148 147.5 0.288626 0.000125272
  149 148.5 0.289158 0.000125503
  150 149.5 0.288452 0.000125196
  151 150.5 0.28461 0.000123529
  152 151.5 0.287508 0.000124786
  153 152.5 0.285354 0.000123852
  154 153.5 0.286092 0.000124172
  155 154.5 0.28602 0.000124141
  156 155.5 0.285306 0.000123831
  157 156.5 0.289786 0.000125775
  158 157.5 0.292792 0.00012708
  159 158.5 0.293604 0.000127432
  160 159.5 0.292502 0.000126954
  161 160.5 0.28977 0.000125768
  162 161.5 0.29253 0.000126966
  163 162.5 0.289426 0.000125619
  164 163.5 0.295604 0.0001283
  165 164.5 0.29053 0.000126098
  166 165.5 0.29439 0.000127773
  167 166.5 0.290904 0.00012626
  168 167.5 0.293004 0.000127172
  169 168.5 0.290518 0.000126093
  170 169.5 0.288186 0.000125081
  171 170.5 0.28949 0.000125647
  172 171.5 0.288732 0.000125318
  173 172.5 0.287784 0.000124906
  174 173.5 0.28508 0.000123733
  175 174.5 0.285386 0.000123865
  176 175.5 0.286756 0.00012446
  177 176.5 0.283812 0.000123182
  178 177.5 0.286788 0.000124474
  179 178.5 0.284538 0.000123497
  180 179.5 0.282902 0.000122787
  181 180.5 0.286316 0.000124269
  182 181.5 0.285172 0.000123773
  183 182.5 0.28465 0.000123546
  184 183.5 0.28425 0.000123372
  185 184.5 0.282206 0.000122485
  186 185.5 0.279078 0.000121128
  187 186.5 0.27928 0.000121215
  188 187.5 0.279896 0.000121483
  189 188.5 0.279302 0.000121225
  190 189.5 0.281672 0.000122253
  191 190.5 0.27915 0.000121159
  192 191.5 0.28135 0.000122114
  193 192.5 0.279852 0.000121464
  194 193.5 0.280942 0.000121937
  195 194.5 0.279322 0.000121234
  196 195.5 0.276858 0.000120164
  197 196.5 0.274744 0.000119247
  198 197.5 0.277652 0.000120509
  199 198.5 0.278116 0.00012071
  200 199.5 0.281242 0.000122067
  201 200.5 0.279016 0.000121101
  202 201.5 0.27703 0.000120239
  203 202.5 0.279144 0.000121156
  204 203.5 0.283304 0.000122962
  205 204.5 0.2844 0.000123437
  206 205.5 0.283432 0.000123017
  207 206.5 0.280256 0.000121639
  208 207.5 0.281794 0.000122306
  209 208.5 0.278644 0.000120939
  210 209.5 0.280464 0.000121729
  211 210.5 0.284436 0.000123453
  212 211.5 0.290668 0.000126158
  213 212.5 0.302634 0.000131352
  214 213.5 0.316166 0.000137225
  215 214.5 0.341554 0.000148244
  216 215.5 0.376706 0.000163501
  217 216.5 0.434864 0.000188743
  218 217.5 0.524554 0.000227671
  219 218.5 0.665002 0.000288629
  220 219.5 0.882986 0.00038324
  221 220.5 1.20247 0.000521905
  222 221.5 1.66486 0.000722595
  223 222.5 2.27529 0.000987539
  224 223.5 3.0728 0.00133368
  225 224.5 4.07585 0.00176903
  226 225.5 5.27339 0.0022888
  227 226.5 6.63661 0.00288047
  228 227.5 8.21838 0.00356701
  229 228.5 9.97542 0.00432961
  230 229.5 11.8424 0.00513993
  231 230.5 13.8227 0.00599943
  232 231.5 15.8359 0.00687321
  233 232.5 17.8435 0.00774457
  234 233.5 19.7344 0.00856526
  235 234.5 21.596 0.00937325
  236 235.5 23.2499 0.0100911
  237 236.5 24.738 0.010737
  238 237.5 26.0698 0.011315
  239 238.5 27.1439 0.0117812
  240 239.5 28.077 0.0121862
  241 240.5 28.868 0.0125295
  242 241.5 29.5141 0.0128099
  243 242.5 30.0094 0.0130249
  244 243.5 30.3775 0.0131847
  245 244.5 30.6827 0.0133171
  246 245.5 30.9338 0.0134261
  247 246.5 31.0892 0.0134936
  248 247.5 31.2662 0.0135704
  249 248.5 31.3826 0.0136209
  250 249.5 31.4918 0.0136683
  251 250.5 31.5649 0.0137
  252 251.5 31.6233 0.0137254
  253 252.5 31.6215 0.0137246
  254 253.5 31.6686 0.013745
  255 254.5 31.6638 0.013743
  256 255.5 31.7552 0.0137826
  257 256.5 31.7703 0.0137892
  258 257.5 31.73 0.0137717
  259 258.5 31.8119 0.0138072
  260 259.5 31.8426 0.0138206
  261 260.5 31.8454 0.0138218
  262 261.5 31.8326 0.0138162
  263 262.5 31.8749 0.0138346
  264 263.5 31.8708 0.0138328
  265 264.5 31.8625 0.0138292
  266 265.5 31.8509 0.0138242
  267 266.5 31.8639 0.0138298
  268 267.5 31.8186 0.0138101
  269 268.5 31.8456 0.0138219
  270 269.5 31.824 0.0138125
  271 270.5 31.8701 0.0138325
  272 271.5 31.8923 0.0138421
  273 272.5 31.86 0.0138281
  274 273.5 31.8985 0.0138448
  275 274.5 31.9063 0.0138482
  276 275.5 31.9331 0.0138598
  277 276.5 31.8728 0.0138337
  278 277.5 31.8724 0.0138335
  279 278.5 31.9472 0.013866
  280 279.5 31.8989 0.013845
  281 280.5 31.8881 0.0138403
  282 281.5 31.914 0.0138516
  283 282.5 31.8952 0.0138434
  284 283.5 31.8768 0.0138354
  285 284.5 31.8805 0.013837
  286 285.5 31.918 0.0138533
  287 286.5 31.8458 0.013822
  288 287.5 31.8362 0.0138178
  289 288.5 31.8419 0.0138203
  290 289.5 31.8348 0.0138172
  291 290.5 31.7685 0.0137884
  292 291.5 31.7812 0.0137939
  293 292.5 31.7672 0.0137878
  294 293.5 31.7417 0.0137768
  295 294.5 31.7179 0.0137664
  296 295.5 31.7113 0.0137636
  297 296.5 31.6765 0.0137485
  298 297.5 31.6532 0.0137383
  299 298.5 31.6627 0.0137425
  300 299.5 31.6376 0.0137316
  301 300.5 31.6214 0.0137246
  302 301.5 31.6557 0.0137394
  303 302.5 31.6539 0.0137387
  304 303.5 31.6432 0.013734
  305 304.5 31.6356 0.0137307
  306 305.5 31.6543 0.0137388
  307 306.5 31.6586 0.0137407
  308 307.5 31.6171 0.0137227
  309 308.5 31.6598 0.0137412
  310 309.5 31.7015 0.0137594
  311 310.5 31.6449 0.0137348
  312 311.5 31.6607 0.0137416
  313 312.5 31.6667 0.0137442
  314 313.5 31.6726 0.0137468
  315 314.5 31.6482 0.0137362
  316 315.5 31.6493 0.0137367
  317 316.5 31.6439 0.0137343
  318 317.5 31.6488 0.0137365
  319 318.5 31.6118 0.0137204
  320 319.5 31.6326 0.0137294
  321 320.5 31.6411 0.0137331
  322 321.5 31.6245 0.0137259
  323 322.5 31.6313 0.0137289
  324 323.5 31.6546 0.013739
  325 324.5 31.6251 0.0137262
  326 325.5 31.6113 0.0137202
  327 326.5 31.64 0.0137326
  328 327.5 31.6058 0.0137178
  329 328.5 31.6384 0.0137319
  330 329.5 31.6242 0.0137258
  331 330.5 31.6729 0.0137469
  332 331.5 31.6526 0.0137381
  333 332.5 31.6724 0.0137467
  334 333.5 31.7115 0.0137637
  335 334.5 31.6907 0.0137546
  336 335.5 31.6345 0.0137302
  337 336.5 31.6473 0.0137358
  338 337.5 31.6552 0.0137392
  339 338.5 31.6246 0.0137259
  340 339.5 31.5817 0.0137073
  341 340.5 31.6427 0.0137338
  342 341.5 31.6382 0.0137318
  343 342.5 31.5655 0.0137003
  344 343.5 31.6098 0.0137196
  345 344.5 31.6543 0.0137389
  346 345.5 31.6123 0.0137206
  347 346.5 31.667 0.0137444
  348 347.5 31.741 0.0137765
  349 348.5 31.6983 0.0137579
  350 349.5 31.6947 0.0137564
  351 350.5 31.7143 0.0137649
  352 351.5 31.69 0.0137543
  353 352.5 31.6792 0.0137496
  354 353.5 31.6588 0.0137408
  355 354.5 31.65 0.013737
  356 355.5 31.6507 0.0137373
  357 356.5 31.5869 0.0137096
  358 357.5 31.624 0.0137257
  359 358.5 31.6439 0.0137343
  360 359.5 31.5961 0.0137136
  361 360.5 31.5781 0.0137058
  362 361.5 31.6181 0.0137231
  363 362.5 31.618 0.0137231
  364 363.5 31.5532 0.013695
  365 364.5 31.6055 0.0137177
  366 365.5 31.5673 0.0137011
  367 366.5 31.5349 0.013687
  368 367.5 31.5324 0.0136859
  369 368.5 31.5314 0.0136855
  370 369.5 31.4586 0.0136539
  371 370.5 31.408 0.013632
  372 371.5 31.4224 0.0136382
  373 372.5 31.2948 0.0135828
  374 373.5 31.2201 0.0135504
  375 374.5 31.1491 0.0135196
  376 375.5 30.9809 0.0134466
  377 376.5 30.7258 0.0133359
  378 377.5 30.5452 0.0132575
  379 378.5 30.2171 0.0131151
  380 379.5 29.7208 0.0128997
  381 380.5 29.2812 0.0127088
  382 381.5 28.6879 0.0124513
  383 382.5 27.8729 0.0120976
  384 383.5 26.9683 0.011705
  385 384.5 25.9298 0.0112542
  386 385.5 24.6947 0.0107182
  387 386.5 23.3149 0.0101193
  388 387.5 21.8161 0.00946877
  389 388.5 20.1718 0.00875512
  390 389.5 18.5195 0.00803797
  391 390.5 16.8323 0.0073057
  392 391.5 15.1051 0.00655603
  393 392.5 13.4886 0.00585442
  394 393.5 11.9791 0.00519925
  395 394.5 10.6294 0.00461347
  396 395.5 9.43154 0.00409355
  397 396.5 8.37374 0.00363443
  398 397.5 7.48913 0.00325049
  399 398.5 6.73188 0.00292182
  400 399.5 6.11885 0.00265575
  401 400.5 5.61874 0.00243869
  402 401.5 5.2124 0.00226233
  403 402.5 4.88006 0.00211808
  404 403.5 4.66494 0.00202471
  405 404.5 4.48833 0.00194806
  406 405.5 4.33351 0.00188086
  407 406.5 4.24681 0.00184323
  408 407.5 4.17328 0.00181132
  409 408.5 4.10615 0.00178218
  410 409.5 4.06731 0.00176533
  411 410.5 4.03926 0.00175315
  412 411.5 4.02941 0.00174888
  413 412.5 4.01952 0.00174458
  414 413.5 4.01664 0.00174333
  415 414.5 4.01468 0.00174248
  416 415.5 4.00792 0.00173955
  417 416.5 4.00473 0.00173816
  418 417.5 4.01075 0.00174078
  419 418.5 4.01756 0.00174373
  420 419.5 4.01951 0.00174458
  421 420.5 4.01196 0.0017413
  422 421.5 4.033 0.00175043
  423 422.5 4.05468 0.00175985
  424 423.5 4.0488 0.00175729
  425 424.5 4.06312 0.00176351
  426 425.5 4.07978 0.00177074
  427 426.5 4.08401 0.00177257
  428 427.5 4.08576 0.00177333
  429 428.5 4.08919 0.00177482
  430 429.5 4.08593 0.00177341
  431 430.5 4.10199 0.00178038
  432 431.5 4.10931 0.00178356
  433 432.5 4.12841 0.00179184
  434 433.5 4.13664 0.00179542
  435 434.5 4.13739 0.00179574
  436 435.5 4.188 0.00181771
  437 436.5 4.19132 0.00181915
  438 437.5 4.17656 0.00181274
  439 438.5 4.19078 0.00181891
  440 439.5 4.18616 0.00181691
  441 440.5 4.18398 0.00181596
  442 441.5 4.15757 0.0018045
  443 442.5 4.15469 0.00180325
  444 443.5 4.12892 0.00179207
  445 444.5 4.12099 0.00178862
  446 445.5 4.11004 0.00178387
  447 446.5 4.07712 0.00176958
  448 447.5 4.04488 0.00175559
  449 448.5 4.02459 0.00174679
  450 449.5 4.01477 0.00174252
  451 450.5 3.99701 0.00173481
  452 451.5 3.98756 0.00173071
  453 452.5 3.97168 0.00172382
  454 453.5 3.96066 0.00171904
  455 454.5 3.96799 0.00172222
  456 455.5 3.98224 0.0017284
  457 456.5 3.99167 0.0017325
  458 457.5 3.98691 0.00173043
  459 458.5 3.97582 0.00172562
  460 459.5 3.94186 0.00171087
  461 460.5 3.92732 0.00170457
  462 461.5 3.90436 0.0016946
  463 462.5 3.8979 0.0016918
  464 463.5 3.87818 0.00168324
  465 464.5 3.87692 0.00168269
  466 465.5 3.86794 0.00167879
  467 466.5 3.85937 0.00167508
  468 467.5 3.83918 0.00166631
  469 468.5 3.82023 0.00165809
  470 469.5 3.81325 0.00165506
  471 470.5 3.79932 0.00164901
  472 471.5 3.79956 0.00164912
  473 472.5 3.78011 0.00164067
  474 473.5 3.76632 0.00163469
  475 474.5 3.75637 0.00163037
  476 475.5 3.73924 0.00162293
  477 476.5 3.74332 0.0016247
  478 477.5 3.74164 0.00162397
  479 478.5 3.74821 0.00162683
  480 479.5 3.73 0.00161892
50000000 480 5717
  1 0.5 3.74182 0.00162406
  2 1.5 3.73684 0.00162189
  3 2.5 3.73055 0.00161916
  4 3.5 3.7218 0.00161537
  5 4.5 3.73931 0.00162296
  6 5.5 3.74451 0.00162522
  7 6.5 3.73821 0.00162249
  8 7.5 3.745 0.00162544
  9 8.5 3.75299 0.0016289
  10 9.5 3.75671 0.00163052
  11 10.5 3.74427 0.00162512
  12 11.5 3.74271 0.00162444
  13 12.5 3.74148 0.00162391
  14 13.5 3.7442 0.00162509
  15 14.5 3.75354 0.00162914
  16 15.5 3.75263 0.00162874
  17 16.5 3.73291 0.00162019
  18 17.5 3.74554 0.00162567
  19 18.5 3.75794 0.00163105
  20 19.5 3.75524 0.00162988
  21 20.5 3.77035 0.00163644
  22 21.5 3.7981 0.00164848
  23 22.5 3.82952 0.00166212
  24 23.5 3.86786 0.00167876
  25 24.5 3.87467 0.00168171
  26 25.5 3.89252 0.00168946
  27 26.5 3.90798 0.00169617
  28 27.5 3.90659 0.00169557
  29 28.5 3.87731 0.00168286
  30 29.5 3.87563 0.00168213
  31 30.5 3.86806 0.00167884
  32 31.5 3.88144 0.00168465
  33 32.5 3.90095 0.00169312
  34 33.5 3.90602 0.00169532
  35 34.5 3.91999 0.00170138
  36 35.5 3.89929 0.0016924
  37 36.5 3.90042 0.00169289
  38 37.5 3.89743 0.00169159
  39 38.5 3.86655 0.00167819
  40 39.5 3.84951 0.0016708
  41 40.5 3.81649 0.00165646
  42 41.5 3.77681 0.00163924
  43 42.5 3.7695 0.00163607
  44 43.5 3.77706 0.00163935
  45 44.5 3.77153 0.00163695
  46 45.5 3.79611 0.00164762
  47 46.5 3.78628 0.00164335
  48 47.5 3.77048 0.00163649
  49 48.5 3.74847 0.00162694
  50 49.5 3.75336 0.00162906
  51 50.5 3.75737 0.0016308
  52 51.5 3.77142 0.0016369
  53 52.5 3.76624 0.00163465
  54 53.5 3.7992 0.00164896
  55 54.5 3.81577 0.00165615
  56 55.5 3.8559 0.00167357
  57 56.5 3.90325 0.00169412
  58 57.5 3.96768 0.00172208
  59 58.5 4.05443 0.00175973
  60 59.5 4.17566 0.00181235
  61 60.5 4.27358 0.00185485
  62 61.5 4.4212 0.00191892
  63 62.5 4.57516 0.00198575
  64 63.5 4.74793 0.00206073
  65 64.5 4.92087 0.00213579
  66 65.5 5.04692 0.0021905
  67 66.5 5.15561 0.00223768
  68 67.5 5.16448 0.00224153
  69 68.5 5.03835 0.00218678
  70 69.5 4.78316 0.00207603
  71 70.5 4.37626 0.00189942
  72 71.5 3.8045 0.00165126
  73 72.5 3.1683 0.00137513
  74 73.5 2.53736 0.00110129
  75 74.5 1.95861 0.000850089
  76 75.5 1.46883 0.000637513
  77 76.5 1.0953 0.000475389
  78 77.5 0.827558 0.000359183
  79 78.5 0.63088 0.000273819
  80 79.5 0.50205 0.000217904
  81 80.5 0.42784 0.000185694
  82 81.5 0.375244 0.000162866
  83 82.5 0.338316 0.000146839
  84 83.5 0.315122 0.000136772
  85 84.5 0.303138 0.00013157
  86 85.5 0.298086 0.000129378
  87 86.5 0.287958 0.000124982
  88 87.5 0.2854 0.000123872
  89 88.5 0.286164 0.000124203
  90 89.5 0.283546 0.000123067
  91 90.5 0.279482 0.000121303
  92 91.5 0.282172 0.00012247
  93 92.5 0.27962 0.000121363
  94 93.5 0.275146 0.000119421
  95 94.5 0.278778 0.000120997
  96 95.5 0.279874 0.000121473
  97 96.5 0.28225 0.000122504
  98 97.5 0.279952 0.000121507
  99 98.5 0.281882 0.000122345
  100 99.5 0.281976 0.000122385
  101 100.5 0.280086 0.000121565
  102 101.5 0.279482 0.000121303
  103 102.5 0.276816 0.000120146
  104 103.5 0.278302 0.000120791
  105 104.5 0.277382 0.000120391
  106 105.5 0.276236 0.000119894
  107 106.5 0.279444 0.000121286
  108 107.5 0.27724 0.00012033
  109 108.5 0.27891 0.000121055
  110 109.5 0.28107 0.000121992
  111 110.5 0.281136 0.000122021
  112 111.5 0.2818 0.000122309
  113 112.5 0.27941 0.000121272
  114 113.5 0.279408 0.000121271
  115 114.5 0.283184 0.00012291
  116 115.5 0.282256 0.000122507
  117 116.5 0.282786 0.000122737
  118 117.5 0.282302 0.000122527
  119 118.5 0.27983 0.000121454
  120 119.5 0.280426 0.000121713
  121 120.5 0.279282 0.000121216
  122 121.5 0.277102 0.00012027
  123 122.5 0.27926 0.000121207
  124 123.5 0.282626 0.000122668
  125 124.5 0.276928 0.000120194
  126 125.5 0.28099 0.000121957
  127 126.5 0.28083 0.000121888
  128 127.5 0.278982 0.000121086
  129 128.5 0.278028 0.000120672
  130 129.5 0.278836 0.000121023
  131 130.5 0.2835 0.000123047
  132 131.5 0.281336 0.000122108
  133 132.5 0.279322 0.000121234
  134 133.5 0.280604 0.00012179
  135 134.5 0.28099 0.000121957
  136 135.5 0.28318 0.000122908
  137 136.5 0.282778 0.000122734
  138 137.5 0.275144 0.00011942
  139 138.5 0.278202 0.000120747
  140 139.5 0.280408 0.000121705
  141 140.5 0.276378 0.000119956
  142 141.5 0.276828 0.000120151
  143 142.5 0.275258 0.00011947
  144 143.5 0.272656 0.00011834
  145 144.5 0.274078 0.000118957
  146 145.5 0.278518 0.000120885
  147 146.5 0.272308 0.000118189
  148 147.5 0.27491 0.000119319
  149 148.5 0.275664 0.000119646
  150 149.5 0.277482 0.000120435
  151 150.5 0.277486 0.000120437
  152 151.5 0.276678 0.000120086
  153 152.5 0.277956 0.000120641
  154 153.5 0.278718 0.000120971
  155 154.5 0.27429 0.000119049
  156 155.5 0.276826 0.00012015
  157 156.5 0.278636 0.000120936
  158 157.5 0.273778 0.000118827
  159 158.5 0.27591 0.000119753
  160 159.5 0.273812 0.000118842
  161 160.5 0.27655 0.00012003
  162 161.5 0.275536 0.00011959
  163 162.5 0.276148 0.000119856
  164 163.5 0.274052 0.000118946
  165 164.5 0.274402 0.000119098
  166 165.5 0.275202 0.000119445
  167 166.5 0.278344 0.000120809
  168 167.5 0.277536 0.000120458
  169 168.5 0.274276 0.000119043
  170 169.5 0.27618 0.00011987
  171 170.5 0.275134 0.000119416
  172 171.5 0.275748 0.000119682
  173 172.5 0.271276 0.000117741
  174 173.5 0.274152 0.00011899
  175 174.5 0.27501 0.000119362
  176 175.5 0.283174 0.000122905
  177 176.5 0.280062 0.000121555
  178 177.5 0.28284 0.00012276
  179 178.5 0.279712 0.000121403
  180 179.5 0.28158 0.000122214
  181 180.5 0.282944 0.000122806
  182 181.5 0.284952 0.000123677
  183 182.5 0.282206 0.000122485
  184 183.5 0.28396 0.000123247
  185 184.5 0.290662 0.000126155
  186 185.5 0.288774 0.000125336
  187 186.5 0.283452 0.000123026
  188 187.5 0.284362 0.000123421
  189 188.5 0.28203 0.000122409
  190 189.5 0.282632 0.00012267
  191 190.5 0.280864 0.000121903
  192 191.5 0.285324 0.000123839
  193 192.5 0.284224 0.000123361
  194 193.5 0.28615 0.000124197
  195 194.5 0.286208 0.000124222
  196 195.5 0.285672 0.00012399
  197 196.5 0.282692 0.000122696
  198 197.5 0.281692 0.000122262
  199 198.5 0.28151 0.000122183
  200 199.5 0.279012 0.000121099
  201 200.5 0.277476 0.000120432
  202 201.5 0.276954 0.000120206
  203 202.5 0.27303 0.000118503
  204 203.5 0.272734 0.000118374
  205 204.5 0.279416 0.000121274
  206 205.5 0.281652 0.000122245
  207 206.5 0.289486 0.000125645
  208 207.5 0.28295 0.000122808
  209 208.5 0.285518 0.000123923
  210 209.5 0.289578 0.000125685
  211 210.5 0.292386 0.000126904
  212 211.5 0.297516 0.00012913
  213 212.5 0.306562 0.000133056
  214 213.5 0.319402 0.000138629
  215 214.5 0.343502 0.000149089
  216 215.5 0.380868 0.000165307
  217 216.5 0.43755 0.000189909
  218 217.5 0.524072 0.000227462
  219 218.5 0.672206 0.000291756
  220 219.5 0.905908 0.000393189
  221 220.5 1.26764 0.00055019
  222 221.5 1.81419 0.000787407
  223 222.5 2.59882 0.00112796
  224 223.5 3.69417 0.00160337
  225 224.5 5.10677 0.00221648
  226 225.5 6.84573 0.00297124
  227 226.5 8.87498 0.00385199
  228 227.5 11.1125 0.00482314
  229 228.5 13.4657 0.00584448
  230 229.5 15.8416 0.00687571
  231 230.5 18.1142 0.00786206
  232 231.5 20.2444 0.00878662
  233 232.5 22.2031 0.00963675
  234 233.5 23.8807 0.0103649
  235 234.5 25.3997 0.0110242
  236 235.5 26.6762 0.0115782
  237 236.5 27.7085 0.0120263
  238 237.5 28.5531 0.0123928
  239 238.5 29.2441 0.0126928
  240 239.5 29.823 0.012944
  241 240.5 30.1968 0.0131062
  242 241.5 30.5565 0.0132624
  243 242.5 30.8428 0.0133866
  244 243.5 31.0235 0.0134651
  245 244.5 31.1522 0.0135209
  246 245.5 31.2825 0.0135775
  247 246.5 31.355 0.0136089
  248 247.5 31.4024 0.0136295
  249 248.5 31.487 0.0136662
  250 249.5 31.5234 0.013682
  251 250.5 31.4972 0.0136707
  252 251.5 31.5199 0.0136805
  253 252.5 31.549 0.0136932
  254 253.5 31.5556 0.013696
  255 254.5 31.5659 0.0137005
  256 255.5 31.5972 0.0137141
  257 256.5 31.634 0.01373
  258 257.5 31.6606 0.0137416
  259 258.5 31.6472 0.0137358
  260 259.5 31.6536 0.0137385
  261 260.5 31.6652 0.0137436
  262 261.5 31.666 0.0137439
  263 262.5 31.6548 0.0137391
  264 263.5 31.6795 0.0137498
  265 264.5 31.6427 0.0137338
  266 265.5 31.6567 0.0137399
  267 266.5 31.6142 0.0137215
  268 267.5 31.6267 0.0137269
  269 268.5 31.6103 0.0137197
  270 269.5 31.661 0.0137418
  271 270.5 31.5973 0.0137141
  272 271.5 31.6377 0.0137316
  273 272.5 31.6488 0.0137364
  274 273.5 31.6672 0.0137445
  275 274.5 31.6424 0.0137337
  276 275.5 31.6862 0.0137527
  277 276.5 31.6939 0.013756
  278 277.5 31.7655 0.0137871
  279 278.5 31.6957 0.0137568
  280 279.5 31.6877 0.0137534
  281 280.5 31.7229 0.0137686
  282 281.5 31.7125 0.0137641
  283 282.5 31.6993 0.0137584
  284 283.5 31.693 0.0137556
  285 284.5 31.7264 0.0137701
  286 285.5 31.7053 0.013761
  287 286.5 31.6532 0.0137383
  288 287.5 31.6654 0.0137437
  289 288.5 31.6527 0.0137381
  290 289.5 31.6209 0.0137243
  291 290.5 31.6209 0.0137244
  292 291.5 31.5925 0.013712
  293 292.5 31.6043 0.0137171
  294 293.5 31.5574 0.0136968
  295 294.5 31.5362 0.0136876
  296 295.5 31.534 0.0136866
  297 296.5 31.5434 0.0136907
  298 297.5 31.5068 0.0136748
  299 298.5 31.5022 0.0136728
  300 299.5 31.4891 0.0136671
  301 300.5 31.5125 0.0136773
  302 301.5 31.4838 0.0136649
  303 302.5 31.4246 0.0136391
  304 303.5 31.3943 0.013626
  305 304.5 31.3728 0.0136167
  306 305.5 31.3288 0.0135976
  307 306.5 31.2962 0.0135834
  308 307.5 31.2923 0.0135817
  309 308.5 31.2805 0.0135766
  310 309.5 31.2815 0.013577
  311 310.5 31.2775 0.0135753
  312 311.5 31.3077 0.0135884
  313 312.5 31.2871 0.0135795
  314 313.5 31.3067 0.013588
  315 314.5 31.2999 0.013585
  316 315.5 31.2599 0.0135677
  317 316.5 31.2647 0.0135697
  318 317.5 31.2805 0.0135766
  319 318.5 31.2236 0.0135519
  320 319.5 31.2765 0.0135749
  321 320.5 31.2616 0.0135684
  322 321.5 31.2719 0.0135729
  323 322.5 31.2862 0.0135791
  324 323.5 31.2915 0.0135814
  325 324.5 31.3373 0.0136013
  326 325.5 31.2993 0.0135848
  327 326.5 31.3301 0.0135981
  328 327.5 31.3653 0.0136134
  329 328.5 31.4065 0.0136313
  330 329.5 31.3781 0.013619
  331 330.5 31.397 0.0136272
  332 331.5 31.4318 0.0136423
  333 332.5 31.4786 0.0136626
  334 333.5 31.4352 0.0136438
  335 334.5 31.4668 0.0136575
  336 335.5 31.5264 0.0136833
  337 336.5 31.5968 0.0137139
  338 337.5 31.5108 0.0136765
  339 338.5 31.6204 0.0137241
  340 339.5 31.6752 0.0137479
  341 340.5 31.658 0.0137405
  342 341.5 31.6154 0.013722
  343 342.5 31.6937 0.0137559
  344 343.5 31.7313 0.0137723
  345 344.5 31.6969 0.0137573
  346 345.5 31.688 0.0137535
  347 346.5 31.7446 0.013778
  348 347.5 31.7977 0.0138011
  349 348.5 31.7757 0.0137915
  350 349.5 31.7906 0.013798
  351 350.5 31.7758 0.0137916
  352 351.5 31.7751 0.0137913
  353 352.5 31.7749 0.0137912
  354 353.5 31.8082 0.0138057
  355 354.5 31.8198 0.0138107
  356 355.5 31.7966 0.0138006
  357 356.5 31.7541 0.0137822
  358 357.5 31.7803 0.0137936
  359 358.5 31.7903 0.0137979
  360 359.5 31.754 0.0137821
  361 360.5 31.7171 0.0137661
  362 361.5 31.7299 0.0137717
  363 362.5 31.7369 0.0137747
  364 363.5 31.7041 0.0137604
  365 364.5 31.681 0.0137504
  366 365.5 31.7075 0.0137619
  367 366.5 31.7015 0.0137594
  368 367.5 31.6165 0.0137224
  369 368.5 31.5704 0.0137024
  370 369.5 31.5541 0.0136954
  371 370.5 31.4958 0.0136701
  372 371.5 31.4196 0.013637
  373 372.5 31.3766 0.0136183
  374 373.5 31.3175 0.0135927
  375 374.5 31.1944 0.0135392
  376 375.5 30.9969 0.0134535
  377 376.5 30.8219 0.0133776
  378 377.5 30.5807 0.0132729
  379 378.5 30.2816 0.013143
  380 379.5 29.8566 0.0129586
  381 380.5 29.3817 0.0127525
  382 381.5 28.7533 0.0124797
  383 382.5 27.9758 0.0121423
  384 383.5 27.0894 0.0117575
  385 384.5 26.0506 0.0113067
  386 385.5 24.7818 0.010756
  387 386.5 23.3779 0.0101467
  388 387.5 21.8724 0.00949323
  389 388.5 20.178 0.00875781
  390 389.5 18.4144 0.00799236
  391 390.5 16.6167 0.0072121
  392 391.5 14.8404 0.00644115
  393 392.5 13.0899 0.00568138
  394 393.5 11.4933 0.0049884
  395 394.5 10.0469 0.00436065
  396 395.5 8.75351 0.00379927
  397 396.5 7.6896 0.0033375
  398 397.5 6.80548 0.00295377
  399 398.5 6.1044 0.00264948
  400 399.5 5.53921 0.00240417
  401 400.5 5.11554 0.00222029
  402 401.5 4.76712 0.00206906
  403 402.5 4.46402 0.00193751
  404 403.5 4.27289 0.00185455
  405 404.5 4.10639 0.00178229
  406 405.5 3.98013 0.00172749
  407 406.5 3.88339 0.0016855
  408 407.5 3.8247 0.00166003
  409 408.5 3.77714 0.00163938
  410 409.5 3.76513 0.00163417
  411 410.5 3.75269 0.00162877
  412 411.5 3.72052 0.00161481
  413 412.5 3.70268 0.00160707
  414 413.5 3.68365 0.00159881
  415 414.5 3.67437 0.00159478
  416 415.5 3.6722 0.00159384
  417 416.5 3.64545 0.00158223
  418 417.5 3.64657 0.00158271
  419 418.5 3.64149 0.00158051
  420 419.5 3.65212 0.00158512
  421 420.5 3.63851 0.00157921
  422 421.5 3.64504 0.00158205
  423 422.5 3.63232 0.00157653
  424 423.5 3.62589 0.00157374
  425 424.5 3.60256 0.00156361
  426 425.5 3.5912 0.00155868
  427 426.5 3.58668 0.00155672
  428 427.5 3.58927 0.00155784
  429 428.5 3.60495 0.00156465
  430 429.5 3.62815 0.00157472
  431 430.5 3.63022 0.00157561
  432 431.5 3.63273 0.0015767
  433 432.5 3.65781 0.00158759
  434 433.5 3.64331 0.0015813
  435 434.5 3.64053 0.00158009
  436 435.5 3.64481 0.00158195
  437 436.5 3.64079 0.0015802
  438 437.5 3.64922 0.00158386
  439 438.5 3.6361 0.00157817
  440 439.5 3.65698 0.00158723
  441 440.5 3.67125 0.00159343
  442 441.5 3.67147 0.00159352
  443 442.5 3.6603 0.00158867
  444 443.5 3.65999 0.00158854
  445 444.5 3.6705 0.0015931
  446 445.5 3.65925 0.00158822
  447 446.5 3.66571 0.00159102
  448 447.5 3.66134 0.00158912
  449 448.5 3.63961 0.00157969
  450 449.5 3.64364 0.00158144
  451 450.5 3.65408 0.00158597
  452 451.5 3.6335 0.00157704
  453 452.5 3.63435 0.00157741
  454 453.5 3.65884 0.00158804
  455 454.5 3.6642 0.00159036
  456 455.5 3.67695 0.0015959
  457 456.5 3.67691 0.00159588
  458 457.5 3.68072 0.00159753
  459 458.5 3.68515 0.00159946
  460 459.5 3.68016 0.00159729
  461 460.5 3.69021 0.00160165
  462 461.5 3.68495 0.00159937
  463 462.5 3.67944 0.00159698
  464 463.5 3.68251 0.00159831
  465 464.5 3.68381 0.00159888
  466 465.5 3.68363 0.0015988
  467 466.5 3.7011 0.00160638
  468 467.5 3.72579 0.00161709
  469 468.5 3.71168 0.00161097
  470 469.5 3.70012 0.00160596
  471 470.5 3.73055 0.00161916
  472 471.5 3.72968 0.00161878
  473 472.5 3.72731 0.00161776
  474 473.5 3.71488 0.00161236
  475 474.5 3.73655 0.00162177
  476 475.5 3.74577 0.00162577
  477 476.5 3.73745 0.00162216
  478 477.5 3.73282 0.00162015
  479 478.5 3.72341 0.00161607
  480 479.5 3.72218 0.00161553
