# Chunk-averaged data for fix tensor2 and group c1
# Timestep Number-of-chunks Total-count
# Chunk Coord1 Ncount density/number
20000000 480 5102
  1 0.5 26.5558 0.011526
  2 1.5 26.5484 0.0115228
  3 2.5 26.6437 0.0115641
  4 3.5 26.6067 0.011548
  5 4.5 26.5922 0.0115418
  6 5.5 26.6252 0.0115561
  7 6.5 26.6673 0.0115744
  8 7.5 26.6623 0.0115722
  9 8.5 26.6412 0.011563
  10 9.5 26.6903 0.0115844
  11 10.5 26.6609 0.0115716
  12 11.5 26.6876 0.0115831
  13 12.5 26.7208 0.0115976
  14 13.5 26.6953 0.0115865
  15 14.5 26.6526 0.0115679
  16 15.5 26.6666 0.011574
  17 16.5 26.6691 0.0115751
  18 17.5 26.6321 0.0115591
  19 18.5 26.6181 0.011553
  20 19.5 26.6492 0.0115665
  21 20.5 26.634 0.0115599
  22 21.5 26.597 0.0115438
  23 22.5 26.5974 0.011544
  24 23.5 26.6363 0.0115609
  25 24.5 26.5971 0.0115439
  26 25.5 26.5663 0.0115305
  27 26.5 26.5981 0.0115443
  28 27.5 26.5933 0.0115422
  29 28.5 26.534 0.0115165
  30 29.5 26.5586 0.0115272
  31 30.5 26.5857 0.0115389
  32 31.5 26.5543 0.0115253
  33 32.5 26.532 0.0115156
  34 33.5 26.5746 0.0115341
  35 34.5 26.5629 0.011529
  36 35.5 26.5717 0.0115328
  37 36.5 26.5472 0.0115222
  38 37.5 26.5594 0.0115275
  39 38.5 26.555 0.0115256
  40 39.5 26.5157 0.0115085
  41 40.5 26.5215 0.0115111
  42 41.5 26.5427 0.0115203
  43 42.5 26.5168 0.011509
  44 43.5 26.4823 0.0114941
  45 44.5 26.4294 0.0114711
  46 45.5 26.4358 0.0114739
  47 46.5 26.3863 0.0114524
  48 47.5 26.3548 0.0114387
  49 48.5 26.3158 0.0114218
  50 49.5 26.3007 0.0114152
  51 50.5 26.2827 0.0114074
  52 51.5 26.2 0.0113715
  53 52.5 26.1507 0.0113501
  54 53.5 26.0771 0.0113182
  55 54.5 26.0157 0.0112916
  56 55.5 25.904 0.011243
  57 56.5 25.7703 0.011185
  58 57.5 25.6144 0.0111174
  59 58.5 25.4069 0.0110273
  60 59.5 25.1532 0.0109172
  61 60.5 24.7852 0.0107575
  62 61.5 24.3348 0.010562
  63 62.5 23.8359 0.0103455
  64 63.5 23.2012 0.01007
  65 64.5 22.3951 0.00972011
  66 65.5 21.42 0.00929687
  67 66.5 20.3102 0.00881518
  68 67.5 18.9369 0.00821912
  69 68.5 17.4076 0.00755538
  70 69.5 15.7437 0.00683319
  71 70.5 13.8864 0.0060271
  72 71.5 12.008 0.00521179
  73 72.5 10.205 0.00442925
  74 73.5 8.45197 0.00366839
  75 74.5 6.91375 0.00300076
  76 75.5 5.59769 0.00242955
  77 76.5 4.4766 0.00194297
  78 77.5 3.58751 0.00155708
  79 78.5 2.91312 0.00126437
  80 79.5 2.4191 0.00104996
  81 80.5 2.04088 0.000885797
  82 81.5 1.78024 0.000772674
  83 82.5 1.58784 0.000689168
  84 83.5 1.46114 0.000634175
  85 84.5 1.36426 0.000592128
  86 85.5 1.29059 0.000560153
  87 86.5 1.24802 0.000541677
  88 87.5 1.2192 0.000529166
  89 88.5 1.19533 0.000518806
  90 89.5 1.17605 0.000510438
  91 90.5 1.16376 0.000505102
  92 91.5 1.15279 0.000500343
  93 92.5 1.14781 0.000498182
  94 93.5 1.14277 0.000495994
  95 94.5 1.13576 0.000492952
  96 95.5 1.13903 0.000494372
  97 96.5 1.14333 0.000496238
  98 97.5 1.13497 0.000492609
  99 98.5 1.13412 0.000492238
  100 99.5 1.13287 0.000491697
  101 100.5 1.14025 0.0004949
  102 101.5 1.14621 0.000497488
  103 102.5 1.14508 0.000496996
  104 103.5 1.1435 0.000496309
  105 104.5 1.15297 0.000500419
  106 105.5 1.14956 0.00049894
  107 106.5 1.14694 0.000497803
  108 107.5 1.14608 0.00049743
  109 108.5 1.13564 0.000492898
  110 109.5 1.14127 0.000495342
  111 110.5 1.14254 0.000495895
  112 111.5 1.14066 0.000495078
  113 112.5 1.13797 0.000493911
  114 113.5 1.14225 0.00049577
  115 114.5 1.1402 0.000494879
  116 115.5 1.14136 0.00049538
  117 116.5 1.14308 0.000496127
  118 117.5 1.15163 0.000499841
  119 118.5 1.1514 0.00049974
  120 119.5 1.14689 0.000497783
  121 120.5 1.14475 0.000496854
  122 121.5 1.14533 0.000497106
  123 122.5 1.13861 0.000494188
  124 123.5 1.14815 0.000498327
  125 124.5 1.14722 0.000497925
  126 125.5 1.14637 0.000497555
  127 126.5 1.1465 0.000497613
  128 127.5 1.14556 0.000497205
  129 128.5 1.13703 0.000493503
  130 129.5 1.13389 0.00049214
  131 130.5 1.13693 0.000493457
  132 131.5 1.13452 0.000492412
  133 132.5 1.14156 0.000495468
  134 133.5 1.14431 0.000496663
  135 134.5 1.14109 0.000495266
  136 135.5 1.13841 0.0004941
  137 136.5 1.13895 0.000494338
  138 137.5 1.14548 0.00049717
  139 138.5 1.14011 0.000494839
  140 139.5 1.13318 0.000491832
  141 140.5 1.14112 0.00049528
  142 141.5 1.14508 0.000496997
  143 142.5 1.14859 0.000498521
  144 143.5 1.15362 0.000500702
  145 144.5 1.14866 0.000498549
  146 145.5 1.15007 0.000499163
  147 146.5 1.14714 0.000497889
  148 147.5 1.14537 0.000497124
  149 148.5 1.15389 0.000500819
  150 149.5 1.16357 0.00050502
  151 150.5 1.16501 0.000505645
  152 151.5 1.15936 0.000503196
  153 152.5 1.16221 0.00050443
  154 153.5 1.15411 0.000500914
  155 154.5 1.15315 0.000500499
  156 155.5 1.16035 0.000503622
  157 156.5 1.15976 0.000503368
  158 157.5 1.15696 0.000502152
  159 158.5 1.15738 0.000502334
  160 159.5 1.15539 0.000501473
  161 160.5 1.15239 0.000500171
  162 161.5 1.14792 0.000498227
  163 162.5 1.14972 0.00049901
  164 163.5 1.15149 0.00049978
  165 164.5 1.14956 0.000498943
  166 165.5 1.14949 0.000498911
  167 166.5 1.14762 0.000498101
  168 167.5 1.14504 0.00049698
  169 168.5 1.15499 0.000501296
  170 169.5 1.14606 0.000497422
  171 170.5 1.14145 0.000495423
  172 171.5 1.146 0.000497396
  173 172.5 1.14198 0.000495653
  174 173.5 1.14098 0.000495217
  175 174.5 1.14264 0.000495938
  176 175.5 1.14873 0.000498579
  177 176.5 1.14602 0.000497404
  178 177.5 1.14693 0.000497798
  179 178.5 1.15091 0.000499526
  180 179.5 1.15011 0.000499181
  181 180.5 1.14384 0.000496457
  182 181.5 1.14789 0.000498218
  183 182.5 1.15131 0.0004997
  184 183.5 1.1501 0.000499174
  185 184.5 1.14708 0.000497865
  186 185.5 1.14711 0.000497879
  187 186.5 1.14647 0.0004976
  188 187.5 1.1475 0.000498047
  189 188.5 1.14516 0.00049703
  190 189.5 1.14998 0.000499124
  191 190.5 1.14926 0.000498813
  192 191.5 1.15861 0.000502871
  193 192.5 1.15327 0.000500551
  194 193.5 1.14992 0.000499096
  195 194.5 1.14859 0.000498522
  196 195.5 1.14939 0.000498866
  197 196.5 1.14477 0.000496864
  198 197.5 1.15174 0.000499887
  199 198.5 1.15293 0.000500403
  200 199.5 1.14841 0.000498443
  201 200.5 1.14648 0.000497605
  202 201.5 1.1464 0.000497568
  203 202.5 1.14843 0.000498452
  204 203.5 1.16025 0.000503581
  205 204.5 1.16922 0.000507474
  206 205.5 1.17965 0.000512001
  207 206.5 1.19416 0.000518298
  208 207.5 1.22486 0.000531625
  209 208.5 1.25825 0.000546115
  210 209.5 1.2995 0.00056402
  211 210.5 1.3692 0.000594273
  212 211.5 1.46196 0.000634533
  213 212.5 1.5812 0.000686284
  214 213.5 1.76717 0.000767002
  215 214.5 2.02762 0.000880045
  216 215.5 2.36954 0.00102844
  217 216.5 2.8644 0.00124323
  218 217.5 3.50047 0.0015193
  219 218.5 4.30043 0.00186651
  220 219.5 5.29083 0.00229637
  221 220.5 6.42693 0.00278947
  222 221.5 7.71208 0.00334726
  223 222.5 8.99841 0.00390556
  224 223.5 10.1876 0.00442169
  225 224.5 11.1954 0.0048591
  226 225.5 11.8981 0.00516412
  227 226.5 12.2701 0.00532558
  228 227.5 12.2906 0.00533447
  229 228.5 11.9418 0.00518306
  230 229.5 11.3422 0.00492281
  231 230.5 10.5274 0.00456917
  232 231.5 9.59683 0.00416529
  233 232.5 8.63518 0.00374791
  234 233.5 7.70839 0.00334565
  235 234.5 6.89504 0.00299264
  236 235.5 6.13644 0.00266338
  237 236.5 5.47401 0.00237587
  238 237.5 4.94963 0.00214828
  239 238.5 4.50592 0.0019557
  240 239.5 4.13578 0.00179504
  241 240.5 3.84992 0.00167097
  242 241.5 3.6292 0.00157517
  243 242.5 3.45508 0.0014996
  244 243.5 3.29764 0.00143127
  245 244.5 3.20288 0.00139014
  246 245.5 3.12603 0.00135679
  247 246.5 3.07695 0.00133548
  248 247.5 3.03037 0.00131526
  249 248.5 2.98006 0.00129343
  250 249.5 2.97475 0.00129112
  251 250.5 2.93169 0.00127243
  252 251.5 2.91284 0.00126425
  253 252.5 2.89375 0.00125597
  254 253.5 2.87351 0.00124718
  255 254.5 2.85182 0.00123777
  256 255.5 2.83513 0.00123053
  257 256.5 2.79763 0.00121425
  258 257.5 2.77937 0.00120632
  259 258.5 2.7785 0.00120595
  260 259.5 2.76943 0.00120201
  261 260.5 2.774 0.00120399
  262 261.5 2.78113 0.00120709
  263 262.5 2.79797 0.0012144
  264 263.5 2.80258 0.0012164
  265 264.5 2.79329 0.00121237
  266 265.5 2.78995 0.00121092
  267 266.5 2.78291 0.00120786
  268 267.5 2.79218 0.00121188
  269 268.5 2.78979 0.00121085
  270 269.5 2.78231 0.0012076
  271 270.5 2.78849 0.00121028
  272 271.5 2.80819 0.00121883
  273 272.5 2.81689 0.00122261
  274 273.5 2.83425 0.00123014
  275 274.5 2.85083 0.00123734
  276 275.5 2.85764 0.0012403
  277 276.5 2.84071 0.00123295
  278 277.5 2.86051 0.00124154
  279 278.5 2.86565 0.00124377
  280 279.5 2.87203 0.00124654
  281 280.5 2.90141 0.00125929
  282 281.5 2.9043 0.00126055
  283 282.5 2.91482 0.00126511
  284 283.5 2.90328 0.0012601
  285 284.5 2.90914 0.00126265
  286 285.5 2.90052 0.00125891
  287 286.5 2.89144 0.00125497
  288 287.5 2.88639 0.00125277
  289 288.5 2.87633 0.00124841
  290 289.5 2.88818 0.00125355
  291 290.5 2.87951 0.00124979
  292 291.5 2.89581 0.00125686
  293 292.5 2.89456 0.00125632
  294 293.5 2.8873 0.00125317
  295 294.5 2.89891 0.00125821
  296 295.5 2.92819 0.00127091
  297 296.5 2.93654 0.00127454
  298 297.5 2.95493 0.00128252
  299 298.5 2.96942 0.00128881
  300 299.5 2.98139 0.001294
  301 300.5 2.973 0.00129037
  302 301.5 2.96674 0.00128765
  303 302.5 2.95342 0.00128187
  304 303.5 2.93538 0.00127404
  305 304.5 2.91832 0.00126663
  306 305.5 2.90446 0.00126062
  307 306.5 2.90247 0.00125975
  308 307.5 2.89634 0.00125709
  309 308.5 2.90277 0.00125988
  310 309.5 2.89641 0.00125712
  311 310.5 2.91019 0.0012631
  312 311.5 2.91155 0.00126369
  313 312.5 2.91893 0.0012669
  314 313.5 2.91208 0.00126392
  315 314.5 2.92938 0.00127143
  316 315.5 2.91983 0.00126729
  317 316.5 2.93263 0.00127284
  318 317.5 2.94815 0.00127958
  319 318.5 2.96263 0.00128587
  320 319.5 2.96759 0.00128802
  321 320.5 2.96401 0.00128646
  322 321.5 2.98426 0.00129525
  323 322.5 2.99325 0.00129915
  324 323.5 2.99675 0.00130067
  325 324.5 3.00744 0.00130531
  326 325.5 3.00511 0.0013043
  327 326.5 2.98762 0.00129671
  328 327.5 2.97416 0.00129087
  329 328.5 2.97635 0.00129182
  330 329.5 2.9828 0.00129462
  331 330.5 2.98816 0.00129694
  332 331.5 2.97651 0.00129189
  333 332.5 2.98545 0.00129577
  334 333.5 2.99021 0.00129784
  335 334.5 2.99782 0.00130114
  336 335.5 2.98951 0.00129753
  337 336.5 2.96959 0.00128889
  338 337.5 2.97642 0.00129185
  339 338.5 2.98778 0.00129678
  340 339.5 2.98392 0.0012951
  341 340.5 2.95625 0.00128309
  342 341.5 2.96416 0.00128653
  343 342.5 2.96884 0.00128856
  344 343.5 2.98087 0.00129378
  345 344.5 2.97744 0.00129229
  346 345.5 2.9663 0.00128746
  347 346.5 2.9316 0.0012724
  348 347.5 2.90442 0.0012606
  349 348.5 2.89681 0.0012573
  350 349.5 2.89531 0.00125665
  351 350.5 2.8934 0.00125581
  352 351.5 2.89153 0.001255
  353 352.5 2.90642 0.00126147
  354 353.5 2.92321 0.00126875
  355 354.5 2.93249 0.00127278
  356 355.5 2.9436 0.0012776
  357 356.5 2.95517 0.00128263
  358 357.5 2.97459 0.00129105
  359 358.5 2.99269 0.00129891
  360 359.5 3.01447 0.00130836
  361 360.5 3.03411 0.00131689
  362 361.5 3.0576 0.00132708
  363 362.5 3.051 0.00132422
  364 363.5 3.06674 0.00133105
  365 364.5 3.07796 0.00133592
  366 365.5 3.09661 0.00134401
  367 366.5 3.13611 0.00136116
  368 367.5 3.16454 0.0013735
  369 368.5 3.18117 0.00138071
  370 369.5 3.23891 0.00140578
  371 370.5 3.30911 0.00143625
  372 371.5 3.40147 0.00147633
  373 372.5 3.49874 0.00151855
  374 373.5 3.63265 0.00157667
  375 374.5 3.7853 0.00164293
  376 375.5 3.98111 0.00172791
  377 376.5 4.24452 0.00184224
  378 377.5 4.54284 0.00197172
  379 378.5 4.92996 0.00213974
  380 379.5 5.42275 0.00235363
  381 380.5 6.00341 0.00260565
  382 381.5 6.73321 0.0029224
  383 382.5 7.59672 0.00329719
  384 383.5 8.61697 0.00374
  385 384.5 9.72185 0.00421955
  386 385.5 10.9783 0.00476489
  387 386.5 12.3553 0.00536253
  388 387.5 13.7869 0.0059839
  389 388.5 15.2538 0.00662056
  390 389.5 16.666 0.00723349
  391 390.5 18.0607 0.00783884
  392 391.5 19.3122 0.00838201
  393 392.5 20.5156 0.00890433
  394 393.5 21.5587 0.00935706
  395 394.5 22.4839 0.00975863
  396 395.5 23.2638 0.0100971
  397 396.5 23.9253 0.0103842
  398 397.5 24.4738 0.0106223
  399 398.5 24.929 0.0108199
  400 399.5 25.302 0.0109818
  401 400.5 25.5834 0.0111039
  402 401.5 25.8232 0.011208
  403 402.5 26.0413 0.0113026
  404 403.5 26.2344 0.0113865
  405 404.5 26.3413 0.0114329
  406 405.5 26.4072 0.0114615
  407 406.5 26.4907 0.0114977
  408 407.5 26.5389 0.0115186
  409 408.5 26.5797 0.0115363
  410 409.5 26.6044 0.0115471
  411 410.5 26.6319 0.011559
  412 411.5 26.6645 0.0115731
  413 412.5 26.6401 0.0115625
  414 413.5 26.6741 0.0115773
  415 414.5 26.6681 0.0115747
  416 415.5 26.6515 0.0115675
  417 416.5 26.6475 0.0115658
  418 417.5 26.6771 0.0115786
  419 418.5 26.669 0.0115751
  420 419.5 26.6891 0.0115838
  421 420.5 26.6701 0.0115756
  422 421.5 26.6372 0.0115613
  423 422.5 26.6359 0.0115607
  424 423.5 26.6887 0.0115836
  425 424.5 26.6408 0.0115628
  426 425.5 26.6558 0.0115694
  427 426.5 26.6573 0.01157
  428 427.5 26.6217 0.0115546
  429 428.5 26.6065 0.011548
  430 429.5 26.6237 0.0115554
  431 430.5 26.5899 0.0115408
  432 431.5 26.5678 0.0115311
  433 432.5 26.5953 0.0115431
  434 433.5 26.5812 0.011537
  435 434.5 26.571 0.0115326
  436 435.5 26.5808 0.0115368
  437 436.5 26.6392 0.0115621
  438 437.5 26.6241 0.0115556
  439 438.5 26.6379 0.0115616
  440 439.5 26.5948 0.0115429
  441 440.5 26.6498 0.0115668
  442 441.5 26.6784 0.0115792
  443 442.5 26.7027 0.0115897
  444 443.5 26.6989 0.0115881
  445 444.5 26.7338 0.0116032
  446 445.5 26.7436 0.0116075
  447 446.5 26.7271 0.0116003
  448 447.5 26.7663 0.0116173
  449 448.5 26.717 0.0115959
  450 449.5 26.7442 0.0116077
  451 450.5 26.7311 0.011602
  452 451.5 26.6825 0.0115809
  453 452.5 26.6505 0.0115671
  454 453.5 26.6667 0.0115741
  455 454.5 26.6499 0.0115668
  456 455.5 26.6019 0.011546
  457 456.5 26.609 0.0115491
  458 457.5 26.6547 0.0115689
  459 458.5 26.5287 0.0115142
  460 459.5 26.5365 0.0115176
  461 460.5 26.5497 0.0115233
  462 461.5 26.5325 0.0115158
  463 462.5 26.4568 0.011483
  464 463.5 26.4614 0.011485
  465 464.5 26.4701 0.0114887
  466 465.5 26.4391 0.0114753
  467 466.5 26.3818 0.0114504
  468 467.5 26.3949 0.0114561
  469 468.5 26.4002 0.0114584
  470 469.5 26.3911 0.0114545
  471 470.5 26.3989 0.0114578
  472 471.5 26.3973 0.0114571
  473 472.5 26.4353 0.0114737
  474 473.5 26.4325 0.0114724
  475 474.5 26.4137 0.0114643
  476 475.5 26.4702 0.0114888
  477 476.5 26.4476 0.011479
  478 477.5 26.4758 0.0114913
  479 478.5 26.4866 0.0114959
  480 479.5 26.4916 0.0114981
30000000 480 5102
  1 0.5 27.1639 0.0117899
  2 1.5 27.1671 0.0117913
  3 2.5 27.2008 0.0118059
  4 3.5 27.192 0.0118021
  5 4.5 27.2038 0.0118072
  6 5.5 27.2032 0.0118069
  7 6.5 27.2038 0.0118072
  8 7.5 27.1852 0.0117991
  9 8.5 27.1894 0.011801
  10 9.5 27.1827 0.011798
  11 10.5 27.1992 0.0118052
  12 11.5 27.2215 0.0118149
  13 12.5 27.1675 0.0117915
  14 13.5 27.1853 0.0117992
  15 14.5 27.2205 0.0118145
  16 15.5 27.2011 0.011806
  17 16.5 27.2095 0.0118097
  18 17.5 27.1698 0.0117924
  19 18.5 27.1702 0.0117926
  20 19.5 27.1089 0.011766
  21 20.5 27.0985 0.0117615
  22 21.5 27.0476 0.0117394
  23 22.5 27.0439 0.0117378
  24 23.5 27.007 0.0117218
  25 24.5 26.9824 0.0117111
  26 25.5 26.9842 0.0117119
  27 26.5 26.9915 0.0117151
  28 27.5 26.9341 0.0116901
  29 28.5 26.9358 0.0116909
  30 29.5 26.9698 0.0117056
  31 30.5 26.9402 0.0116928
  32 31.5 26.9148 0.0116818
  33 32.5 26.959 0.011701
  34 33.5 26.996 0.011717
  35 34.5 26.9608 0.0117017
  36 35.5 26.9403 0.0116928
  37 36.5 27.0421 0.011737
  38 37.5 27.0244 0.0117294
  39 38.5 26.9989 0.0117183
  40 39.5 26.9767 0.0117087
  41 40.5 26.9739 0.0117074
  42 41.5 26.9547 0.0116991
  43 42.5 26.8875 0.0116699
  44 43.5 26.908 0.0116788
  45 44.5 26.8633 0.0116594
  46 45.5 26.8184 0.0116399
  47 46.5 26.782 0.0116241
  48 47.5 26.7169 0.0115959
  49 48.5 26.6047 0.0115472
  50 49.5 26.4761 0.0114914
  51 50.5 26.3361 0.0114306
  52 51.5 26.1056 0.0113305
  53 52.5 25.8533 0.0112211
  54 53.5 25.5377 0.0110841
  55 54.5 25.0657 0.0108792
  56 55.5 24.5747 0.0106661
  57 56.5 23.9271 0.010385
  58 57.5 23.1295 0.0100389
  59 58.5 22.1585 0.00961742
  60 59.5 21.0534 0.00913778
  61 60.5 19.7099 0.00855464
  62 61.5 18.2232 0.00790936
  63 62.5 16.5452 0.00718109
  64 63.5 14.791 0.00641969
  65 64.5 12.9945 0.00563999
  66 65.5 11.2157 0.00486794
  67 66.5 9.48531 0.00411689
  68 67.5 7.95394 0.00345223
  69 68.5 6.57726 0.00285471
  70 69.5 5.35755 0.00232533
  71 70.5 4.34938 0.00188775
  72 71.5 3.55726 0.00154395
  73 72.5 2.92938 0.00127143
  74 73.5 2.44774 0.00106239
  75 74.5 2.09195 0.000907964
  76 75.5 1.8247 0.000791971
  77 76.5 1.63123 0.000708001
  78 77.5 1.48597 0.000644952
  79 78.5 1.39062 0.000603567
  80 79.5 1.32116 0.000573418
  81 80.5 1.27208 0.000552117
  82 81.5 1.23576 0.000536353
  83 82.5 1.20705 0.000523895
  84 83.5 1.18897 0.000516044
  85 84.5 1.1834 0.000513628
  86 85.5 1.16768 0.000506806
  87 86.5 1.1674 0.000506682
  88 87.5 1.16617 0.000506148
  89 88.5 1.17013 0.000507868
  90 89.5 1.17524 0.000510088
  91 90.5 1.16106 0.000503931
  92 91.5 1.16207 0.000504372
  93 92.5 1.15198 0.00049999
  94 93.5 1.15961 0.000503304
  95 94.5 1.15432 0.000501005
  96 95.5 1.14799 0.00049826
  97 96.5 1.14602 0.000497404
  98 97.5 1.15087 0.000499508
  99 98.5 1.14909 0.000498736
  100 99.5 1.15496 0.000501284
  101 100.5 1.15913 0.000503093
  102 101.5 1.15797 0.000502589
  103 102.5 1.15006 0.000499159
  104 103.5 1.15721 0.000502263
  105 104.5 1.16103 0.000503918
  106 105.5 1.16195 0.000504319
  107 106.5 1.15615 0.000501802
  108 107.5 1.15821 0.000502696
  109 108.5 1.1529 0.000500391
  110 109.5 1.1537 0.000500739
  111 110.5 1.15512 0.000501356
  112 111.5 1.15165 0.000499848
  113 112.5 1.14768 0.000498124
  114 113.5 1.1602 0.00050356
  115 114.5 1.15535 0.000501454
  116 115.5 1.15659 0.00050199
  117 116.5 1.15729 0.000502296
  118 117.5 1.16434 0.000505358
  119 118.5 1.16959 0.000507636
  120 119.5 1.17307 0.000509147
  121 120.5 1.16549 0.000505857
  122 121.5 1.16212 0.000504391
  123 122.5 1.15881 0.000502954
  124 123.5 1.16145 0.000504102
  125 124.5 1.1637 0.000505078
  126 125.5 1.16605 0.0005061
  127 126.5 1.16698 0.000506503
  128 127.5 1.16833 0.000507087
  129 128.5 1.16298 0.000504767
  130 129.5 1.1693 0.000507507
  131 130.5 1.16452 0.000505436
  132 131.5 1.16562 0.000505911
  133 132.5 1.16867 0.000507237
  134 133.5 1.16517 0.000505715
  135 134.5 1.16571 0.00050595
  136 135.5 1.16709 0.00050655
  137 136.5 1.16435 0.000505361
  138 137.5 1.16591 0.000506039
  139 138.5 1.16226 0.000504452
  140 139.5 1.17673 0.000510732
  141 140.5 1.17573 0.000510299
  142 141.5 1.17648 0.000510624
  143 142.5 1.16926 0.00050749
  144 143.5 1.17783 0.000511211
  145 144.5 1.18336 0.000513612
  146 145.5 1.18082 0.000512508
  147 146.5 1.17874 0.000511607
  148 147.5 1.17743 0.000511036
  149 148.5 1.17415 0.000509614
  150 149.5 1.17337 0.000509274
  151 150.5 1.16853 0.000507174
  152 151.5 1.17084 0.000508178
  153 152.5 1.16242 0.000504523
  154 153.5 1.16027 0.000503591
  155 154.5 1.15398 0.000500858
  156 155.5 1.15135 0.000499717
  157 156.5 1.15137 0.000499725
  158 157.5 1.15788 0.000502551
  159 158.5 1.15695 0.000502148
  160 159.5 1.14466 0.000496813
  161 160.5 1.14365 0.000496376
  162 161.5 1.14714 0.000497889
  163 162.5 1.1489 0.000498655
  164 163.5 1.1528 0.000500346
  165 164.5 1.14981 0.00049905
  166 165.5 1.14665 0.000497679
  167 166.5 1.14834 0.000498411
  168 167.5 1.15773 0.000502485
  169 168.5 1.1535 0.000500649
  170 169.5 1.15656 0.000501981
  171 170.5 1.14745 0.000498025
  172 171.5 1.15962 0.000503309
  173 172.5 1.1481 0.000498308
  174 173.5 1.15579 0.000501645
  175 174.5 1.1579 0.000502561
  176 175.5 1.15162 0.000499837
  177 176.5 1.15126 0.000499679
  178 177.5 1.14994 0.000499107
  179 178.5 1.15298 0.000500427
  180 179.5 1.14956 0.000498942
  181 180.5 1.14374 0.000496413
  182 181.5 1.14735 0.000497982
  183 182.5 1.14128 0.000495345
  184 183.5 1.14895 0.000498675
  185 184.5 1.15066 0.000499419
  186 185.5 1.14531 0.000497095
  187 186.5 1.14677 0.000497732
  188 187.5 1.15111 0.000499615
  189 188.5 1.14846 0.000498464
  190 189.5 1.15448 0.000501076
  191 190.5 1.14817 0.000498339
  192 191.5 1.14902 0.000498707
  193 192.5 1.1452 0.000497047
  194 193.5 1.15891 0.000502999
  195 194.5 1.16261 0.000504607
  196 195.5 1.17804 0.000511303
  197 196.5 1.1764 0.000510589
  198 197.5 1.1872 0.000515276
  199 198.5 1.19882 0.000520319
  200 199.5 1.21413 0.000526967
  201 200.5 1.23431 0.000535726
  202 201.5 1.26588 0.000549429
  203 202.5 1.30776 0.000567602
  204 203.5 1.37746 0.000597854
  205 204.5 1.4532 0.000630729
  206 205.5 1.58976 0.000690001
  207 206.5 1.77692 0.000771232
  208 207.5 2.02477 0.000878806
  209 208.5 2.36367 0.0010259
  210 209.5 2.82373 0.00122558
  211 210.5 3.42999 0.00148871
  212 211.5 4.20129 0.00182348
  213 212.5 5.12261 0.00222336
  214 213.5 6.22565 0.0027021
  215 214.5 7.4807 0.00324683
  216 215.5 8.80455 0.00382142
  217 216.5 10.1471 0.0044041
  218 217.5 11.3985 0.00494726
  219 218.5 12.5434 0.00544418
  220 219.5 13.4397 0.00583318
  221 220.5 14.0582 0.00610165
  222 221.5 14.3664 0.00623542
  223 222.5 14.4051 0.00625223
  224 223.5 14.1852 0.00615679
  225 224.5 13.6588 0.00592828
  226 225.5 12.9158 0.0056058
  227 226.5 12.0927 0.00524856
  228 227.5 11.1624 0.00484477
  229 228.5 10.1489 0.0044049
  230 229.5 9.1545 0.00397331
  231 230.5 8.24718 0.0035795
  232 231.5 7.3847 0.00320516
  233 232.5 6.64002 0.00288195
  234 233.5 6.00617 0.00260684
  235 234.5 5.44436 0.00236301
  236 235.5 4.96562 0.00215522
  237 236.5 4.60132 0.0019971
  238 237.5 4.2687 0.00185274
  239 238.5 4.04261 0.00175461
  240 239.5 3.83995 0.00166664
  241 240.5 3.67726 0.00159603
  242 241.5 3.55649 0.00154361
  243 242.5 3.46039 0.00150191
  244 243.5 3.40121 0.00147622
  245 244.5 3.36391 0.00146003
  246 245.5 3.33579 0.00144782
  247 246.5 3.32912 0.00144493
  248 247.5 3.31473 0.00143869
  249 248.5 3.28399 0.00142534
  250 249.5 3.27405 0.00142103
  251 250.5 3.25877 0.0014144
  252 251.5 3.2264 0.00140035
  253 252.5 3.20957 0.00139304
  254 253.5 3.20779 0.00139227
  255 254.5 3.22919 0.00140156
  256 255.5 3.22841 0.00140122
  257 256.5 3.23021 0.001402
  258 257.5 3.24106 0.00140671
  259 258.5 3.24052 0.00140647
  260 259.5 3.24385 0.00140792
  261 260.5 3.2591 0.00141454
  262 261.5 3.26936 0.00141899
  263 262.5 3.28118 0.00142412
  264 263.5 3.30218 0.00143324
  265 264.5 3.32326 0.00144239
  266 265.5 3.33215 0.00144625
  267 266.5 3.32513 0.0014432
  268 267.5 3.32592 0.00144354
  269 268.5 3.31534 0.00143895
  270 269.5 3.32017 0.00144105
  271 270.5 3.3045 0.00143424
  272 271.5 3.29841 0.0014316
  273 272.5 3.29123 0.00142848
  274 273.5 3.28974 0.00142784
  275 274.5 3.30465 0.00143431
  276 275.5 3.32508 0.00144318
  277 276.5 3.31263 0.00143778
  278 277.5 3.32746 0.00144421
  279 278.5 3.33664 0.00144819
  280 279.5 3.3229 0.00144223
  281 280.5 3.32365 0.00144255
  282 281.5 3.31821 0.0014402
  283 282.5 3.32905 0.0014449
  284 283.5 3.33759 0.00144861
  285 284.5 3.34174 0.00145041
  286 285.5 3.34161 0.00145035
  287 286.5 3.34783 0.00145305
  288 287.5 3.35201 0.00145487
  289 288.5 3.36146 0.00145897
  290 289.5 3.38267 0.00146817
  291 290.5 3.39823 0.00147493
  292 291.5 3.41451 0.00148199
  293 292.5 3.42447 0.00148631
  294 293.5 3.42071 0.00148468
  295 294.5 3.41946 0.00148414
  296 295.5 3.39249 0.00147244
  297 296.5 3.38248 0.00146809
  298 297.5 3.37066 0.00146296
  299 298.5 3.35402 0.00145574
  300 299.5 3.33325 0.00144672
  301 300.5 3.31811 0.00144015
  302 301.5 3.33277 0.00144652
  303 302.5 3.34314 0.00145102
  304 303.5 3.32888 0.00144483
  305 304.5 3.32331 0.00144241
  306 305.5 3.31846 0.00144031
  307 306.5 3.31868 0.0014404
  308 307.5 3.31007 0.00143666
  309 308.5 3.29288 0.0014292
  310 309.5 3.29522 0.00143022
  311 310.5 3.27126 0.00141982
  312 311.5 3.27848 0.00142295
  313 312.5 3.27384 0.00142094
  314 313.5 3.25948 0.0014147
  315 314.5 3.26129 0.00141549
  316 315.5 3.27509 0.00142148
  317 316.5 3.27126 0.00141982
  318 317.5 3.27456 0.00142125
  319 318.5 3.27944 0.00142337
  320 319.5 3.26331 0.00141637
  321 320.5 3.24429 0.00140811
  322 321.5 3.25029 0.00141071
  323 322.5 3.23662 0.00140478
  324 323.5 3.24516 0.00140849
  325 324.5 3.24517 0.0014085
  326 325.5 3.22442 0.00139949
  327 326.5 3.20485 0.00139099
  328 327.5 3.22249 0.00139865
  329 328.5 3.22536 0.0013999
  330 329.5 3.20174 0.00138964
  331 330.5 3.17687 0.00137885
  332 331.5 3.18396 0.00138193
  333 332.5 3.17417 0.00137768
  334 333.5 3.16639 0.0013743
  335 334.5 3.16507 0.00137373
  336 335.5 3.1542 0.00136901
  337 336.5 3.16018 0.00137161
  338 337.5 3.14179 0.00136362
  339 338.5 3.12794 0.00135761
  340 339.5 3.10025 0.00134559
  341 340.5 3.11093 0.00135023
  342 341.5 3.10271 0.00134666
  343 342.5 3.09937 0.00134521
  344 343.5 3.07439 0.00133437
  345 344.5 3.06753 0.00133139
  346 345.5 3.03528 0.0013174
  347 346.5 3.02204 0.00131165
  348 347.5 3.02589 0.00131332
  349 348.5 3.0289 0.00131463
  350 349.5 3.03153 0.00131577
  351 350.5 3.02665 0.00131365
  352 351.5 3.02618 0.00131345
  353 352.5 2.98912 0.00129736
  354 353.5 2.97225 0.00129004
  355 354.5 2.9695 0.00128885
  356 355.5 2.9592 0.00128437
  357 356.5 2.95951 0.00128451
  358 357.5 2.96781 0.00128811
  359 358.5 2.95296 0.00128166
  360 359.5 2.96055 0.00128496
  361 360.5 2.92965 0.00127155
  362 361.5 2.93797 0.00127516
  363 362.5 2.92961 0.00127153
  364 363.5 2.94178 0.00127681
  365 364.5 2.97062 0.00128933
  366 365.5 3.00215 0.00130302
  367 366.5 3.02752 0.00131403
  368 367.5 3.07226 0.00133344
  369 368.5 3.11646 0.00135263
  370 369.5 3.15656 0.00137003
  371 370.5 3.21161 0.00139393
  372 371.5 3.29723 0.00143109
  373 372.5 3.3902 0.00147144
  374 373.5 3.50565 0.00152155
  375 374.5 3.61774 0.0015702
  376 375.5 3.79706 0.00164803
  377 376.5 4.01584 0.00174299
  378 377.5 4.26553 0.00185136
  379 378.5 4.59738 0.00199539
  380 379.5 5.02526 0.0021811
  381 380.5 5.54763 0.00240782
  382 381.5 6.18627 0.00268501
  383 382.5 6.93867 0.00301158
  384 383.5 7.81759 0.00339305
  385 384.5 8.85585 0.00384368
  386 385.5 10.0306 0.00435357
  387 386.5 11.3116 0.00490954
  388 387.5 12.6199 0.00547738
  389 388.5 13.9976 0.00607534
  390 389.5 15.3721 0.0066719
  391 390.5 16.7716 0.00727932
  392 391.5 18.1187 0.00786402
  393 392.5 19.3309 0.00839017
  394 393.5 20.4739 0.00888623
  395 394.5 21.5164 0.00933871
  396 395.5 22.3993 0.0097219
  397 396.5 23.2042 0.0100713
  398 397.5 23.8913 0.0103695
  399 398.5 24.4764 0.0106235
  400 399.5 24.9327 0.0108215
  401 400.5 25.3197 0.0109895
  402 401.5 25.629 0.0111237
  403 402.5 25.8747 0.0112304
  404 403.5 26.1017 0.0113289
  405 404.5 26.293 0.0114119
  406 405.5 26.4348 0.0114735
  407 406.5 26.5322 0.0115157
  408 407.5 26.6169 0.0115525
  409 408.5 26.7212 0.0115977
  410 409.5 26.8014 0.0116326
  411 410.5 26.8225 0.0116417
  412 411.5 26.8455 0.0116517
  413 412.5 26.8908 0.0116714
  414 413.5 26.9233 0.0116855
  415 414.5 26.9618 0.0117022
  416 415.5 26.9669 0.0117044
  417 416.5 26.9817 0.0117108
  418 417.5 27.0301 0.0117318
  419 418.5 27.0396 0.0117359
  420 419.5 27.0738 0.0117508
  421 420.5 27.0985 0.0117615
  422 421.5 27.125 0.011773
  423 422.5 27.1904 0.0118014
  424 423.5 27.2278 0.0118176
  425 424.5 27.2283 0.0118178
  426 425.5 27.2571 0.0118303
  427 426.5 27.293 0.0118459
  428 427.5 27.3003 0.0118491
  429 428.5 27.307 0.011852
  430 429.5 27.2949 0.0118467
  431 430.5 27.3055 0.0118513
  432 431.5 27.3242 0.0118595
  433 432.5 27.3021 0.0118499
  434 433.5 27.3104 0.0118535
  435 434.5 27.3199 0.0118576
  436 435.5 27.3047 0.011851
  437 436.5 27.2673 0.0118348
  438 437.5 27.2667 0.0118345
  439 438.5 27.2888 0.0118441
  440 439.5 27.2405 0.0118231
  441 440.5 27.2588 0.0118311
  442 441.5 27.2759 0.0118385
  443 442.5 27.2791 0.0118399
  444 443.5 27.2653 0.0118339
  445 444.5 27.2983 0.0118482
  446 445.5 27.3099 0.0118532
  447 446.5 27.3321 0.0118629
  448 447.5 27.34 0.0118663
  449 448.5 27.3563 0.0118734
  450 449.5 27.3595 0.0118748
  451 450.5 27.3469 0.0118693
  452 451.5 27.3545 0.0118726
  453 452.5 27.3294 0.0118617
  454 453.5 27.3079 0.0118524
  455 454.5 27.3181 0.0118568
  456 455.5 27.3118 0.0118541
  457 456.5 27.3008 0.0118493
  458 457.5 27.2774 0.0118391
  459 458.5 27.296 0.0118472
  460 459.5 27.2803 0.0118404
  461 460.5 27.2459 0.0118255
  462 461.5 27.2591 0.0118312
  463 462.5 27.2517 0.011828
  464 463.5 27.2144 0.0118118
  465 464.5 27.2156 0.0118123
  466 465.5 27.2631 0.0118329
  467 466.5 27.2259 0.0118168
  468 467.5 27.1967 0.0118041
  469 468.5 27.2224 0.0118153
  470 469.5 27.2043 0.0118074
  471 470.5 27.1979 0.0118046
  472 471.5 27.1749 0.0117947
  473 472.5 27.1568 0.0117868
  474 473.5 27.1395 0.0117793
  475 474.5 27.1704 0.0117927
  476 475.5 27.1462 0.0117822
  477 476.5 27.15 0.0117838
  478 477.5 27.1563 0.0117866
  479 478.5 27.187 0.0117999
  480 479.5 27.1436 0.0117811
40000000 480 5102
  1 0.5 26.5238 0.0115121
  2 1.5 26.5283 0.011514
  3 2.5 26.5388 0.0115186
  4 3.5 26.4819 0.0114939
  5 4.5 26.4623 0.0114854
  6 5.5 26.4632 0.0114857
  7 6.5 26.4731 0.0114901
  8 7.5 26.4876 0.0114963
  9 8.5 26.4626 0.0114855
  10 9.5 26.4805 0.0114933
  11 10.5 26.4995 0.0115015
  12 11.5 26.4662 0.0114871
  13 12.5 26.4666 0.0114872
  14 13.5 26.4868 0.011496
  15 14.5 26.5152 0.0115083
  16 15.5 26.5115 0.0115067
  17 16.5 26.514 0.0115078
  18 17.5 26.5574 0.0115266
  19 18.5 26.5669 0.0115308
  20 19.5 26.6004 0.0115453
  21 20.5 26.6074 0.0115484
  22 21.5 26.5957 0.0115433
  23 22.5 26.5803 0.0115366
  24 23.5 26.5903 0.0115409
  25 24.5 26.548 0.0115226
  26 25.5 26.5334 0.0115162
  27 26.5 26.5937 0.0115424
  28 27.5 26.5619 0.0115286
  29 28.5 26.5228 0.0115117
  30 29.5 26.5679 0.0115312
  31 30.5 26.5804 0.0115366
  32 31.5 26.5479 0.0115225
  33 32.5 26.5895 0.0115406
  34 33.5 26.6364 0.0115609
  35 34.5 26.5905 0.011541
  36 35.5 26.6336 0.0115597
  37 36.5 26.6636 0.0115727
  38 37.5 26.6292 0.0115578
  39 38.5 26.6618 0.0115719
  40 39.5 26.6986 0.0115879
  41 40.5 26.6981 0.0115877
  42 41.5 26.7202 0.0115973
  43 42.5 26.7457 0.0116084
  44 43.5 26.7574 0.0116135
  45 44.5 26.768 0.0116181
  46 45.5 26.7444 0.0116078
  47 46.5 26.732 0.0116024
  48 47.5 26.7299 0.0116015
  49 48.5 26.6979 0.0115876
  50 49.5 26.6409 0.0115629
  51 50.5 26.5654 0.0115301
  52 51.5 26.5143 0.011508
  53 52.5 26.3976 0.0114573
  54 53.5 26.2713 0.0114025
  55 54.5 26.102 0.011329
  56 55.5 25.9835 0.0112775
  57 56.5 25.7041 0.0111563
  58 57.5 25.4314 0.0110379
  59 58.5 25.1107 0.0108987
  60 59.5 24.6583 0.0107024
  61 60.5 24.1148 0.0104665
  62 61.5 23.4098 0.0101605
  63 62.5 22.5778 0.0097994
  64 63.5 21.5512 0.00935384
  65 64.5 20.3554 0.00883481
  66 65.5 18.9367 0.00821907
  67 66.5 17.3976 0.00755103
  68 67.5 15.6774 0.00680441
  69 68.5 13.876 0.00602259
  70 69.5 12.0485 0.00522939
  71 70.5 10.3071 0.00447356
  72 71.5 8.62744 0.00374455
  73 72.5 7.10687 0.00308458
  74 73.5 5.80709 0.00252044
  75 74.5 4.69998 0.00203992
  76 75.5 3.78668 0.00164353
  77 76.5 3.09246 0.00134221
  78 77.5 2.55575 0.00110927
  79 78.5 2.15006 0.000933185
  80 79.5 1.8665 0.000810115
  81 80.5 1.65362 0.000717718
  82 81.5 1.50358 0.000652596
  83 82.5 1.40462 0.000609646
  84 83.5 1.32223 0.000573883
  85 84.5 1.27035 0.000551365
  86 85.5 1.24068 0.00053849
  87 86.5 1.21691 0.000528173
  88 87.5 1.20344 0.000522326
  89 88.5 1.19725 0.00051964
  90 89.5 1.18362 0.000513726
  91 90.5 1.17185 0.000508617
  92 91.5 1.16965 0.000507662
  93 92.5 1.17385 0.000509484
  94 93.5 1.16774 0.000506831
  95 94.5 1.16722 0.000506608
  96 95.5 1.17034 0.00050796
  97 96.5 1.17092 0.00050821
  98 97.5 1.17173 0.000508562
  99 98.5 1.17287 0.000509056
  100 99.5 1.16926 0.000507492
  101 100.5 1.16725 0.000506621
  102 101.5 1.16506 0.000505668
  103 102.5 1.16558 0.000505892
  104 103.5 1.16765 0.000506792
  105 104.5 1.16847 0.000507148
  106 105.5 1.16032 0.00050361
  107 106.5 1.16528 0.000505762
  108 107.5 1.16804 0.000506963
  109 108.5 1.1658 0.00050599
  110 109.5 1.15715 0.000502237
  111 110.5 1.1739 0.000509507
  112 111.5 1.17574 0.000510306
  113 112.5 1.16986 0.000507752
  114 113.5 1.16736 0.000506665
  115 114.5 1.17068 0.000508109
  116 115.5 1.16886 0.000507318
  117 116.5 1.16158 0.00050416
  118 117.5 1.15666 0.000502023
  119 118.5 1.16375 0.000505098
  120 119.5 1.16195 0.000504319
  121 120.5 1.15484 0.000501231
  122 121.5 1.14723 0.00049793
  123 122.5 1.14609 0.000497437
  124 123.5 1.14617 0.000497468
  125 124.5 1.14814 0.000498324
  126 125.5 1.14361 0.000496359
  127 126.5 1.14412 0.000496581
  128 127.5 1.14459 0.000496784
  129 128.5 1.15006 0.000499156
  130 129.5 1.15096 0.000499549
  131 130.5 1.15544 0.000501491
  132 131.5 1.15158 0.000499816
  133 132.5 1.15685 0.000502107
  134 133.5 1.15434 0.000501016
  135 134.5 1.16004 0.000503491
  136 135.5 1.16363 0.000505047
  137 136.5 1.15691 0.000502133
  138 137.5 1.16003 0.000503487
  139 138.5 1.16218 0.000504418
  140 139.5 1.16336 0.000504931
  141 140.5 1.15515 0.000501365
  142 141.5 1.14747 0.000498034
  143 142.5 1.15097 0.000499551
  144 143.5 1.15036 0.000499288
  145 144.5 1.15857 0.000502852
  146 145.5 1.15548 0.000501511
  147 146.5 1.15948 0.000503248
  148 147.5 1.16372 0.000505085
  149 148.5 1.15384 0.0005008
  150 149.5 1.15134 0.000499714
  151 150.5 1.15366 0.000500722
  152 151.5 1.16082 0.000503827
  153 152.5 1.1632 0.000504863
  154 153.5 1.16606 0.000506104
  155 154.5 1.16422 0.000505304
  156 155.5 1.16608 0.000506113
  157 156.5 1.16454 0.000505444
  158 157.5 1.16538 0.000505809
  159 158.5 1.16648 0.000506283
  160 159.5 1.16527 0.000505761
  161 160.5 1.16945 0.000507573
  162 161.5 1.16908 0.000507415
  163 162.5 1.1707 0.000508116
  164 163.5 1.17471 0.000509858
  165 164.5 1.16637 0.000506237
  166 165.5 1.15812 0.000502655
  167 166.5 1.16377 0.000505109
  168 167.5 1.16771 0.000506819
  169 168.5 1.1642 0.000505297
  170 169.5 1.16626 0.00050619
  171 170.5 1.16496 0.000505625
  172 171.5 1.16802 0.000506955
  173 172.5 1.1618 0.000504252
  174 173.5 1.16004 0.00050349
  175 174.5 1.16638 0.000506243
  176 175.5 1.16754 0.000506747
  177 176.5 1.17416 0.000509616
  178 177.5 1.15811 0.000502653
  179 178.5 1.15572 0.000501614
  180 179.5 1.16419 0.000505289
  181 180.5 1.16527 0.000505758
  182 181.5 1.16182 0.00050426
  183 182.5 1.16943 0.000507566
  184 183.5 1.1759 0.000510372
  185 184.5 1.17129 0.000508373
  186 185.5 1.16552 0.00050587
  187 186.5 1.17052 0.00050804
  188 187.5 1.16609 0.000506115
  189 188.5 1.16769 0.000506811
  190 189.5 1.15808 0.000502639
  191 190.5 1.15924 0.000503142
  192 191.5 1.16155 0.000504146
  193 192.5 1.1626 0.000504599
  194 193.5 1.15825 0.000502714
  195 194.5 1.16364 0.00050505
  196 195.5 1.16516 0.000505713
  197 196.5 1.16266 0.000504625
  198 197.5 1.16763 0.000506783
  199 198.5 1.16817 0.000507018
  200 199.5 1.17664 0.000510693
  201 200.5 1.17813 0.000511343
  202 201.5 1.18354 0.000513691
  203 202.5 1.19774 0.000519852
  204 203.5 1.21029 0.000525301
  205 204.5 1.22637 0.00053228
  206 205.5 1.24406 0.000539956
  207 206.5 1.27637 0.00055398
  208 207.5 1.33696 0.000580278
  209 208.5 1.4145 0.000613934
  210 209.5 1.52053 0.000659951
  211 210.5 1.68879 0.00073298
  212 211.5 1.90404 0.000826407
  213 212.5 2.21917 0.000963181
  214 213.5 2.65252 0.00115127
  215 214.5 3.21024 0.00139334
  216 215.5 3.9438 0.00171172
  217 216.5 4.84105 0.00210115
  218 217.5 5.90515 0.002563
  219 218.5 7.11979 0.00309018
  220 219.5 8.43994 0.00366317
  221 220.5 9.8005 0.00425369
  222 221.5 11.1032 0.00481908
  223 222.5 12.2442 0.00531433
  224 223.5 13.1705 0.00571637
  225 224.5 13.8021 0.00599051
  226 225.5 14.1294 0.00613254
  227 226.5 14.1237 0.00613009
  228 227.5 13.7887 0.00598466
  229 228.5 13.1733 0.00571758
  230 229.5 12.3862 0.00537595
  231 230.5 11.4507 0.00496992
  232 231.5 10.4324 0.00452794
  233 232.5 9.42535 0.00409086
  234 233.5 8.44057 0.00366344
  235 234.5 7.53072 0.00326854
  236 235.5 6.715 0.0029145
  237 236.5 5.99895 0.00260371
  238 237.5 5.38893 0.00233895
  239 238.5 4.89362 0.00212397
  240 239.5 4.47284 0.00194134
  241 240.5 4.13072 0.00179285
  242 241.5 3.88703 0.00168708
  243 242.5 3.69233 0.00160258
  244 243.5 3.52253 0.00152887
  245 244.5 3.3603 0.00145847
  246 245.5 3.23856 0.00140563
  247 246.5 3.15933 0.00137124
  248 247.5 3.11978 0.00135407
  249 248.5 3.05168 0.00132451
  250 249.5 2.98521 0.00129566
  251 250.5 2.94297 0.00127733
  252 251.5 2.92574 0.00126985
  253 252.5 2.88958 0.00125416
  254 253.5 2.87072 0.00124597
  255 254.5 2.86285 0.00124256
  256 255.5 2.86145 0.00124195
  257 256.5 2.85809 0.00124049
  258 257.5 2.84915 0.00123661
  259 258.5 2.84397 0.00123436
  260 259.5 2.84028 0.00123276
  261 260.5 2.83194 0.00122914
  262 261.5 2.84151 0.0012333
  263 262.5 2.86568 0.00124378
  264 263.5 2.89067 0.00125463
  265 264.5 2.89455 0.00125631
  266 265.5 2.907 0.00126172
  267 266.5 2.8991 0.00125829
  268 267.5 2.91488 0.00126514
  269 268.5 2.9018 0.00125946
  270 269.5 2.88865 0.00125375
  271 270.5 2.87632 0.0012484
  272 271.5 2.86418 0.00124313
  273 272.5 2.84925 0.00123665
  274 273.5 2.85432 0.00123885
  275 274.5 2.83663 0.00123117
  276 275.5 2.83457 0.00123028
  277 276.5 2.82772 0.00122731
  278 277.5 2.80668 0.00121818
  279 278.5 2.79293 0.00121221
  280 279.5 2.78882 0.00121043
  281 280.5 2.78612 0.00120925
  282 281.5 2.78743 0.00120982
  283 282.5 2.79653 0.00121377
  284 283.5 2.83309 0.00122964
  285 284.5 2.8279 0.00122739
  286 285.5 2.81115 0.00122012
  287 286.5 2.82011 0.00122401
  288 287.5 2.82824 0.00122754
  289 288.5 2.82371 0.00122557
  290 289.5 2.81644 0.00122241
  291 290.5 2.81476 0.00122168
  292 291.5 2.82 0.00122396
  293 292.5 2.82718 0.00122708
  294 293.5 2.82808 0.00122746
  295 294.5 2.83595 0.00123088
  296 295.5 2.85871 0.00124076
  297 296.5 2.88834 0.00125362
  298 297.5 2.91969 0.00126723
  299 298.5 2.93459 0.00127369
  300 299.5 2.94201 0.00127691
  301 300.5 2.96036 0.00128488
  302 301.5 2.98135 0.00129399
  303 302.5 2.98503 0.00129558
  304 303.5 2.98213 0.00129433
  305 304.5 2.98918 0.00129739
  306 305.5 2.97541 0.00129141
  307 306.5 2.96748 0.00128797
  308 307.5 2.96895 0.00128861
  309 308.5 2.97062 0.00128933
  310 309.5 2.96834 0.00128834
  311 310.5 2.95404 0.00128214
  312 311.5 2.95297 0.00128167
  313 312.5 2.95348 0.00128189
  314 313.5 2.93946 0.00127581
  315 314.5 2.94662 0.00127891
  316 315.5 2.96088 0.0012851
  317 316.5 2.97069 0.00128936
  318 317.5 2.96675 0.00128765
  319 318.5 2.98831 0.00129701
  320 319.5 2.99816 0.00130129
  321 320.5 2.99619 0.00130043
  322 321.5 3.01347 0.00130793
  323 322.5 3.0236 0.00131233
  324 323.5 3.03658 0.00131796
  325 324.5 3.04201 0.00132032
  326 325.5 3.03254 0.0013162
  327 326.5 3.04509 0.00132165
  328 327.5 3.05496 0.00132594
  329 328.5 3.05027 0.0013239
  330 329.5 3.02718 0.00131388
  331 330.5 3.01603 0.00130904
  332 331.5 3.00909 0.00130603
  333 332.5 3.00246 0.00130315
  334 333.5 2.99931 0.00130178
  335 334.5 3.00493 0.00130422
  336 335.5 3.02346 0.00131227
  337 336.5 3.02334 0.00131221
  338 337.5 3.02736 0.00131396
  339 338.5 3.04047 0.00131965
  340 339.5 3.03929 0.00131914
  341 340.5 3.05286 0.00132503
  342 341.5 3.04146 0.00132008
  343 342.5 3.06514 0.00133036
  344 343.5 3.07844 0.00133613
  345 344.5 3.09891 0.00134501
  346 345.5 3.12228 0.00135516
  347 346.5 3.13906 0.00136244
  348 347.5 3.15548 0.00136957
  349 348.5 3.14307 0.00136418
  350 349.5 3.15048 0.0013674
  351 350.5 3.17258 0.00137699
  352 351.5 3.17849 0.00137955
  353 352.5 3.17391 0.00137757
  354 353.5 3.16894 0.00137541
  355 354.5 3.1595 0.00137131
  356 355.5 3.14295 0.00136413
  357 356.5 3.126 0.00135677
  358 357.5 3.13611 0.00136116
  359 358.5 3.14031 0.00136298
  360 359.5 3.13779 0.00136189
  361 360.5 3.12725 0.00135731
  362 361.5 3.11821 0.00135339
  363 362.5 3.14029 0.00136297
  364 363.5 3.15779 0.00137057
  365 364.5 3.16872 0.00137531
  366 365.5 3.19488 0.00138667
  367 366.5 3.23015 0.00140197
  368 367.5 3.23744 0.00140514
  369 368.5 3.27251 0.00142036
  370 369.5 3.3282 0.00144453
  371 370.5 3.37732 0.00146585
  372 371.5 3.44019 0.00149314
  373 372.5 3.50513 0.00152132
  374 373.5 3.61195 0.00156769
  375 374.5 3.74238 0.0016243
  376 375.5 3.90925 0.00169672
  377 376.5 4.11832 0.00178747
  378 377.5 4.39539 0.00190772
  379 378.5 4.7092 0.00204392
  380 379.5 5.13525 0.00222884
  381 380.5 5.66717 0.00245971
  382 381.5 6.3109 0.0027391
  383 382.5 7.09312 0.00307861
  384 383.5 8.02146 0.00348153
  385 384.5 9.0966 0.00394818
  386 385.5 10.266 0.00445571
  387 386.5 11.5532 0.00501442
  388 387.5 12.9349 0.00561413
  389 388.5 14.319 0.00621485
  390 389.5 15.7437 0.00683321
  391 390.5 17.1371 0.00743796
  392 391.5 18.4661 0.00801481
  393 392.5 19.6997 0.0085502
  394 393.5 20.806 0.00903036
  395 394.5 21.7523 0.00944111
  396 395.5 22.6468 0.00982934
  397 396.5 23.3907 0.0101522
  398 397.5 24.0172 0.0104241
  399 398.5 24.5687 0.0106635
  400 399.5 24.9864 0.0108448
  401 400.5 25.3497 0.0110025
  402 401.5 25.6618 0.0111379
  403 402.5 25.9174 0.0112489
  404 403.5 26.0836 0.011321
  405 404.5 26.2341 0.0113863
  406 405.5 26.3463 0.011435
  407 406.5 26.4325 0.0114724
  408 407.5 26.5018 0.0115025
  409 408.5 26.5521 0.0115244
  410 409.5 26.6081 0.0115487
  411 410.5 26.6501 0.0115669
  412 411.5 26.6441 0.0115643
  413 412.5 26.6685 0.0115749
  414 413.5 26.6975 0.0115875
  415 414.5 26.7103 0.011593
  416 415.5 26.698 0.0115877
  417 416.5 26.7083 0.0115922
  418 417.5 26.674 0.0115772
  419 418.5 26.6526 0.011568
  420 419.5 26.6547 0.0115689
  421 420.5 26.703 0.0115898
  422 421.5 26.6342 0.01156
  423 422.5 26.6506 0.0115671
  424 423.5 26.6799 0.0115798
  425 424.5 26.6861 0.0115825
  426 425.5 26.6789 0.0115794
  427 426.5 26.6921 0.0115851
  428 427.5 26.7015 0.0115892
  429 428.5 26.6964 0.011587
  430 429.5 26.7043 0.0115904
  431 430.5 26.708 0.011592
  432 431.5 26.6979 0.0115876
  433 432.5 26.6717 0.0115763
  434 433.5 26.6702 0.0115756
  435 434.5 26.6475 0.0115658
  436 435.5 26.6198 0.0115537
  437 436.5 26.6233 0.0115552
  438 437.5 26.6031 0.0115465
  439 438.5 26.5929 0.0115421
  440 439.5 26.6048 0.0115472
  441 440.5 26.6024 0.0115462
  442 441.5 26.6272 0.011557
  443 442.5 26.5923 0.0115418
  444 443.5 26.6043 0.011547
  445 444.5 26.5762 0.0115348
  446 445.5 26.6019 0.0115459
  447 446.5 26.5839 0.0115382
  448 447.5 26.5688 0.0115316
  449 448.5 26.5865 0.0115393
  450 449.5 26.5994 0.0115449
  451 450.5 26.5937 0.0115424
  452 451.5 26.5879 0.0115399
  453 452.5 26.5895 0.0115406
  454 453.5 26.5995 0.0115449
  455 454.5 26.5744 0.011534
  456 455.5 26.5926 0.0115419
  457 456.5 26.6076 0.0115485
  458 457.5 26.6168 0.0115524
  459 458.5 26.6187 0.0115532
  460 459.5 26.595 0.011543
  461 460.5 26.605 0.0115473
  462 461.5 26.6242 0.0115556
  463 462.5 26.6136 0.0115511
  464 463.5 26.6006 0.0115454
  465 464.5 26.6629 0.0115724
  466 465.5 26.6534 0.0115683
  467 466.5 26.6626 0.0115723
  468 467.5 26.6711 0.011576
  469 468.5 26.6637 0.0115728
  470 469.5 26.661 0.0115716
  471 470.5 26.6278 0.0115572
  472 471.5 26.6196 0.0115537
  473 472.5 26.6014 0.0115457
  474 473.5 26.6131 0.0115508
  475 474.5 26.6245 0.0115558
  476 475.5 26.599 0.0115447
  477 476.5 26.6065 0.0115479
  478 477.5 26.5883 0.0115401
  479 478.5 26.5723 0.0115331
  480 479.5 26.5559 0.011526
50000000 480 5102
  1 0.5 27.1375 0.0117784
  2 1.5 27.2073 0.0118087
  3 2.5 27.1648 0.0117903
  4 3.5 27.1289 0.0117747
  5 4.5 27.2057 0.011808
  6 5.5 27.2053 0.0118079
  7 6.5 27.1862 0.0117995
  8 7.5 27.1723 0.0117935
  9 8.5 27.2096 0.0118097
  10 9.5 27.1845 0.0117988
  11 10.5 27.2373 0.0118217
  12 11.5 27.183 0.0117982
  13 12.5 27.1766 0.0117954
  14 13.5 27.1596 0.011788
  15 14.5 27.1116 0.0117672
  16 15.5 27.1096 0.0117663
  17 16.5 27.0807 0.0117538
  18 17.5 27.0841 0.0117553
  19 18.5 27.084 0.0117552
  20 19.5 27.0671 0.0117479
  21 20.5 27.0608 0.0117451
  22 21.5 27.0789 0.011753
  23 22.5 27.113 0.0117678
  24 23.5 27.0821 0.0117544
  25 24.5 27.067 0.0117478
  26 25.5 27.0917 0.0117586
  27 26.5 27.0342 0.0117336
  28 27.5 27.0361 0.0117344
  29 28.5 27.0624 0.0117458
  30 29.5 27.0819 0.0117543
  31 30.5 27.0404 0.0117363
  32 31.5 26.9908 0.0117148
  33 32.5 27.0523 0.0117414
  34 33.5 27.0504 0.0117406
  35 34.5 27.0307 0.0117321
  36 35.5 26.9996 0.0117186
  37 36.5 27.0071 0.0117218
  38 37.5 27.0113 0.0117236
  39 38.5 26.9838 0.0117117
  40 39.5 27.0276 0.0117307
  41 40.5 27.0267 0.0117304
  42 41.5 26.9586 0.0117008
  43 42.5 26.9609 0.0117018
  44 43.5 26.931 0.0116888
  45 44.5 26.8983 0.0116746
  46 45.5 26.8627 0.0116592
  47 46.5 26.8358 0.0116475
  48 47.5 26.7587 0.011614
  49 48.5 26.6865 0.0115827
  50 49.5 26.6303 0.0115583
  51 50.5 26.4912 0.0114979
  52 51.5 26.3444 0.0114342
  53 52.5 26.2363 0.0113873
  54 53.5 26.0527 0.0113076
  55 54.5 25.732 0.0111684
  56 55.5 25.4457 0.0110442
  57 56.5 25.0996 0.0108939
  58 57.5 24.5542 0.0106572
  59 58.5 23.9304 0.0103865
  60 59.5 23.2389 0.0100863
  61 60.5 22.3481 0.00969968
  62 61.5 21.2776 0.00923508
  63 62.5 20.123 0.00873393
  64 63.5 18.7909 0.00815576
  65 64.5 17.3251 0.00751959
  66 65.5 15.7514 0.00683655
  67 66.5 14.1464 0.00613991
  68 67.5 12.505 0.00542751
  69 68.5 10.8762 0.00472057
  70 69.5 9.31776 0.00404416
  71 70.5 7.90795 0.00343227
  72 71.5 6.5836 0.00285747
  73 72.5 5.44025 0.00236122
  74 73.5 4.47339 0.00194157
  75 74.5 3.6858 0.00159974
  76 75.5 3.04163 0.00132015
  77 76.5 2.53638 0.00110086
  78 77.5 2.15503 0.000935345
  79 78.5 1.87346 0.000813135
  80 79.5 1.65205 0.000717035
  81 80.5 1.51184 0.000656181
  82 81.5 1.40795 0.000611089
  83 82.5 1.33407 0.000579024
  84 83.5 1.27715 0.00055432
  85 84.5 1.24851 0.000541886
  86 85.5 1.21235 0.000526194
  87 86.5 1.19316 0.000517864
  88 87.5 1.18655 0.000514997
  89 88.5 1.1731 0.000509159
  90 89.5 1.15853 0.000502835
  91 90.5 1.15521 0.000501395
  92 91.5 1.15092 0.00049953
  93 92.5 1.14484 0.000496891
  94 93.5 1.14612 0.00049745
  95 94.5 1.13929 0.000494482
  96 95.5 1.13995 0.00049477
  97 96.5 1.14393 0.000496497
  98 97.5 1.14023 0.00049489
  99 98.5 1.13747 0.000493694
  100 99.5 1.14323 0.000496192
  101 100.5 1.14216 0.000495727
  102 101.5 1.13141 0.000491065
  103 102.5 1.13659 0.000493311
  104 103.5 1.14415 0.000496594
  105 104.5 1.14671 0.000497702
  106 105.5 1.15037 0.000499291
  107 106.5 1.15807 0.000502634
  108 107.5 1.15358 0.000500685
  109 108.5 1.15529 0.000501429
  110 109.5 1.15061 0.000499395
  111 110.5 1.14435 0.000496681
  112 111.5 1.14412 0.000496579
  113 112.5 1.14693 0.000497801
  114 113.5 1.15081 0.000499484
  115 114.5 1.14514 0.000497022
  116 115.5 1.14574 0.000497282
  117 116.5 1.15104 0.000499582
  118 117.5 1.15736 0.000502327
  119 118.5 1.15454 0.000501103
  120 119.5 1.1478 0.000498176
  121 120.5 1.14242 0.000495843
  122 121.5 1.14519 0.000497043
  123 122.5 1.14394 0.000496502
  124 123.5 1.15076 0.000499462
  125 124.5 1.15704 0.000502187
  126 125.5 1.15357 0.00050068
  127 126.5 1.16285 0.000504711
  128 127.5 1.16044 0.000503665
  129 128.5 1.1616 0.000504165
  130 129.5 1.14839 0.000498435
  131 130.5 1.14505 0.000496985
  132 131.5 1.15192 0.000499964
  133 132.5 1.14954 0.000498932
  134 133.5 1.14803 0.000498279
  135 134.5 1.14743 0.000498015
  136 135.5 1.15249 0.000500214
  137 136.5 1.14555 0.000497201
  138 137.5 1.14107 0.000495256
  139 138.5 1.14163 0.000495499
  140 139.5 1.1358 0.00049297
  141 140.5 1.13812 0.000493977
  142 141.5 1.13962 0.000494628
  143 142.5 1.14469 0.000496826
  144 143.5 1.14505 0.000496982
  145 144.5 1.14737 0.000497991
  146 145.5 1.1443 0.000496656
  147 146.5 1.14515 0.000497028
  148 147.5 1.14495 0.000496941
  149 148.5 1.14685 0.000497763
  150 149.5 1.14559 0.000497218
  151 150.5 1.14191 0.000495619
  152 151.5 1.14398 0.000496521
  153 152.5 1.14832 0.000498403
  154 153.5 1.15942 0.000503221
  155 154.5 1.15588 0.000501686
  156 155.5 1.15256 0.000500242
  157 156.5 1.148 0.000498263
  158 157.5 1.14859 0.00049852
  159 158.5 1.14121 0.000495318
  160 159.5 1.15204 0.000500016
  161 160.5 1.14825 0.000498372
  162 161.5 1.14931 0.000498832
  163 162.5 1.14989 0.000499086
  164 163.5 1.15 0.000499134
  165 164.5 1.15241 0.000500177
  166 165.5 1.14687 0.000497773
  167 166.5 1.14434 0.000496677
  168 167.5 1.15441 0.000501047
  169 168.5 1.1582 0.00050269
  170 169.5 1.14776 0.00049816
  171 170.5 1.15558 0.000501552
  172 171.5 1.14496 0.000496946
  173 172.5 1.15149 0.000499778
  174 173.5 1.14908 0.000498731
  175 174.5 1.15098 0.000499556
  176 175.5 1.14924 0.000498803
  177 176.5 1.14913 0.000498754
  178 177.5 1.14608 0.000497432
  179 178.5 1.15273 0.000500315
  180 179.5 1.14341 0.000496272
  181 180.5 1.14724 0.000497936
  182 181.5 1.15049 0.000499345
  183 182.5 1.14604 0.000497415
  184 183.5 1.1564 0.000501909
  185 184.5 1.16637 0.000506239
  186 185.5 1.15863 0.000502876
  187 186.5 1.15762 0.000502441
  188 187.5 1.15821 0.000502694
  189 188.5 1.15562 0.000501573
  190 189.5 1.15484 0.000501233
  191 190.5 1.15348 0.000500644
  192 191.5 1.14159 0.000495484
  193 192.5 1.14958 0.000498951
  194 193.5 1.14854 0.0004985
  195 194.5 1.15686 0.000502109
  196 195.5 1.15791 0.000502563
  197 196.5 1.15521 0.000501393
  198 197.5 1.15929 0.000503162
  199 198.5 1.16832 0.000507082
  200 199.5 1.17734 0.000510998
  201 200.5 1.18316 0.000513524
  202 201.5 1.20124 0.000521372
  203 202.5 1.23029 0.000533978
  204 203.5 1.26381 0.000548527
  205 204.5 1.30619 0.000566924
  206 205.5 1.36902 0.000594194
  207 206.5 1.46353 0.000635214
  208 207.5 1.59559 0.000692531
  209 208.5 1.77431 0.000770098
  210 209.5 2.0163 0.00087513
  211 210.5 2.35149 0.00102061
  212 211.5 2.7703 0.00120239
  213 212.5 3.33341 0.00144679
  214 213.5 4.00019 0.00173619
  215 214.5 4.78798 0.00207812
  216 215.5 5.72581 0.00248516
  217 216.5 6.75201 0.00293056
  218 217.5 7.8546 0.00340911
  219 218.5 8.98568 0.00390003
  220 219.5 10.0928 0.00438054
  221 220.5 11.1025 0.00481881
  222 221.5 11.9509 0.00518702
  223 222.5 12.6119 0.00547391
  224 223.5 13.0499 0.00566402
  225 224.5 13.2084 0.00573283
  226 225.5 13.079 0.00567664
  227 226.5 12.6923 0.00550882
  228 227.5 12.106 0.00525432
  229 228.5 11.3242 0.004915
  230 229.5 10.4632 0.00454131
  231 230.5 9.53757 0.00413957
  232 231.5 8.56984 0.00371955
  233 232.5 7.69251 0.00333876
  234 233.5 6.88043 0.0029863
  235 234.5 6.17789 0.00268138
  236 235.5 5.54067 0.0024048
  237 236.5 5.02089 0.00217921
  238 237.5 4.57741 0.00198672
  239 238.5 4.22182 0.00183239
  240 239.5 3.93076 0.00170606
  241 240.5 3.6947 0.0016036
  242 241.5 3.51397 0.00152516
  243 242.5 3.3872 0.00147014
  244 243.5 3.26708 0.001418
  245 244.5 3.18402 0.00138195
  246 245.5 3.13741 0.00136172
  247 246.5 3.07317 0.00133384
  248 247.5 3.03076 0.00131543
  249 248.5 3.01901 0.00131034
  250 249.5 2.98172 0.00129415
  251 250.5 2.97295 0.00129034
  252 251.5 2.96571 0.0012872
  253 252.5 2.95206 0.00128127
  254 253.5 2.94952 0.00128018
  255 254.5 2.94621 0.00127874
  256 255.5 2.92485 0.00126947
  257 256.5 2.92751 0.00127062
  258 257.5 2.93171 0.00127245
  259 258.5 2.93201 0.00127257
  260 259.5 2.91728 0.00126618
  261 260.5 2.93395 0.00127342
  262 261.5 2.93061 0.00127197
  263 262.5 2.92074 0.00126768
  264 263.5 2.91975 0.00126725
  265 264.5 2.94217 0.00127698
  266 265.5 2.96058 0.00128497
  267 266.5 2.95418 0.0012822
  268 267.5 2.94452 0.001278
  269 268.5 2.95327 0.0012818
  270 269.5 2.9548 0.00128246
  271 270.5 2.94972 0.00128026
  272 271.5 2.93432 0.00127358
  273 272.5 2.91444 0.00126495
  274 273.5 2.90607 0.00126132
  275 274.5 2.90092 0.00125908
  276 275.5 2.88838 0.00125364
  277 276.5 2.90954 0.00126282
  278 277.5 2.89923 0.00125834
  279 278.5 2.88878 0.00125381
  280 279.5 2.88556 0.00125241
  281 280.5 2.87652 0.00124849
  282 281.5 2.86967 0.00124552
  283 282.5 2.85707 0.00124005
  284 283.5 2.86367 0.00124291
  285 284.5 2.86317 0.0012427
  286 285.5 2.84877 0.00123645
  287 286.5 2.84119 0.00123315
  288 287.5 2.84599 0.00123524
  289 288.5 2.84856 0.00123635
  290 289.5 2.84669 0.00123554
  291 290.5 2.84509 0.00123485
  292 291.5 2.83676 0.00123123
  293 292.5 2.83584 0.00123083
  294 293.5 2.85053 0.00123721
  295 294.5 2.84398 0.00123437
  296 295.5 2.83346 0.0012298
  297 296.5 2.8165 0.00122244
  298 297.5 2.82951 0.00122808
  299 298.5 2.83018 0.00122838
  300 299.5 2.83834 0.00123192
  301 300.5 2.84352 0.00123416
  302 301.5 2.84655 0.00123548
  303 302.5 2.84442 0.00123456
  304 303.5 2.87079 0.001246
  305 304.5 2.87309 0.001247
  306 305.5 2.86971 0.00124553
  307 306.5 2.8775 0.00124892
  308 307.5 2.89546 0.00125671
  309 308.5 2.88431 0.00125187
  310 309.5 2.8688 0.00124514
  311 310.5 2.86779 0.0012447
  312 311.5 2.87006 0.00124568
  313 312.5 2.87833 0.00124928
  314 313.5 2.88907 0.00125394
  315 314.5 2.90768 0.00126201
  316 315.5 2.91769 0.00126636
  317 316.5 2.92553 0.00126976
  318 317.5 2.92791 0.0012708
  319 318.5 2.91119 0.00126354
  320 319.5 2.90604 0.0012613
  321 320.5 2.91788 0.00126644
  322 321.5 2.94254 0.00127714
  323 322.5 2.92962 0.00127154
  324 323.5 2.9404 0.00127621
  325 324.5 2.96301 0.00128603
  326 325.5 2.96577 0.00128722
  327 326.5 2.96897 0.00128862
  328 327.5 2.95348 0.00128189
  329 328.5 2.95718 0.0012835
  330 329.5 2.95113 0.00128087
  331 330.5 2.96382 0.00128638
  332 331.5 2.95903 0.0012843
  333 332.5 2.94945 0.00128014
  334 333.5 2.94384 0.00127771
  335 334.5 2.91985 0.0012673
  336 335.5 2.90464 0.00126069
  337 336.5 2.89819 0.00125789
  338 337.5 2.88479 0.00125208
  339 338.5 2.86054 0.00124155
  340 339.5 2.88565 0.00125245
  341 340.5 2.88552 0.0012524
  342 341.5 2.89053 0.00125457
  343 342.5 2.90301 0.00125999
  344 343.5 2.88835 0.00125363
  345 344.5 2.89966 0.00125853
  346 345.5 2.89539 0.00125668
  347 346.5 2.904 0.00126042
  348 347.5 2.9122 0.00126397
  349 348.5 2.93637 0.00127446
  350 349.5 2.95026 0.00128049
  351 350.5 2.95541 0.00128273
  352 351.5 2.96811 0.00128824
  353 352.5 2.96688 0.00128771
  354 353.5 2.95502 0.00128256
  355 354.5 2.95578 0.00128289
  356 355.5 2.96386 0.0012864
  357 356.5 2.98365 0.00129499
  358 357.5 2.97367 0.00129066
  359 358.5 2.97939 0.00129314
  360 359.5 3.01168 0.00130715
  361 360.5 3.03314 0.00131647
  362 361.5 3.03956 0.00131925
  363 362.5 3.05878 0.00132759
  364 363.5 3.08072 0.00133712
  365 364.5 3.08678 0.00133975
  366 365.5 3.10944 0.00134958
  367 366.5 3.11351 0.00135135
  368 367.5 3.1333 0.00135994
  369 368.5 3.15972 0.00137141
  370 369.5 3.20527 0.00139118
  371 370.5 3.2541 0.00141237
  372 371.5 3.31212 0.00143755
  373 372.5 3.39344 0.00147285
  374 373.5 3.50453 0.00152106
  375 374.5 3.64339 0.00158133
  376 375.5 3.82681 0.00166094
  377 376.5 4.03703 0.00175218
  378 377.5 4.30912 0.00187028
  379 378.5 4.6739 0.0020286
  380 379.5 5.13596 0.00222915
  381 380.5 5.68048 0.00246548
  382 381.5 6.34826 0.00275532
  383 382.5 7.16359 0.0031092
  384 383.5 8.08612 0.0035096
  385 384.5 9.14884 0.00397085
  386 385.5 10.3283 0.00448276
  387 386.5 11.6316 0.00504842
  388 387.5 13.0191 0.00565067
  389 388.5 14.4226 0.00625982
  390 389.5 15.8805 0.0068926
  391 390.5 17.2503 0.00748713
  392 391.5 18.6124 0.00807831
  393 392.5 19.8923 0.00863382
  394 393.5 21.0337 0.00912922
  395 394.5 22.0671 0.00957774
  396 395.5 22.941 0.00995704
  397 396.5 23.7318 0.0103003
  398 397.5 24.3861 0.0105843
  399 398.5 24.8738 0.0107959
  400 399.5 25.2899 0.0109765
  401 400.5 25.6483 0.0111321
  402 401.5 25.9363 0.0112571
  403 402.5 26.1037 0.0113297
  404 403.5 26.3174 0.0114225
  405 404.5 26.4458 0.0114782
  406 405.5 26.5392 0.0115188
  407 406.5 26.6432 0.0115639
  408 407.5 26.7053 0.0115908
  409 408.5 26.7712 0.0116194
  410 409.5 26.7947 0.0116296
  411 410.5 26.8698 0.0116623
  412 411.5 26.8879 0.0116701
  413 412.5 26.9161 0.0116823
  414 413.5 26.9372 0.0116915
  415 414.5 26.9136 0.0116812
  416 415.5 26.9733 0.0117072
  417 416.5 26.9989 0.0117183
  418 417.5 26.976 0.0117084
  419 418.5 26.9674 0.0117046
  420 419.5 27.0232 0.0117288
  421 420.5 27.0357 0.0117343
  422 421.5 27.0046 0.0117208
  423 422.5 26.9871 0.0117132
  424 423.5 27.0226 0.0117286
  425 424.5 27.0702 0.0117492
  426 425.5 27.0567 0.0117434
  427 426.5 27.0162 0.0117258
  428 427.5 27.0128 0.0117243
  429 428.5 27.0571 0.0117435
  430 429.5 27.0599 0.0117448
  431 430.5 27.0438 0.0117378
  432 431.5 27.0652 0.011747
  433 432.5 27.067 0.0117479
  434 433.5 27.0752 0.0117514
  435 434.5 27.0786 0.0117529
  436 435.5 27.1028 0.0117634
  437 436.5 27.0688 0.0117486
  438 437.5 27.0787 0.0117529
  439 438.5 27.0708 0.0117495
  440 439.5 27.0449 0.0117382
  441 440.5 27.0564 0.0117432
  442 441.5 27.0148 0.0117252
  443 442.5 27.0533 0.0117419
  444 443.5 27.0416 0.0117368
  445 444.5 27.0654 0.0117471
  446 445.5 27.0488 0.0117399
  447 446.5 27.0208 0.0117278
  448 447.5 27.0594 0.0117445
  449 448.5 27.0488 0.0117399
  450 449.5 27.0193 0.0117271
  451 450.5 27.0119 0.0117239
  452 451.5 27.0055 0.0117211
  453 452.5 27.0054 0.0117211
  454 453.5 26.9804 0.0117103
  455 454.5 27.0094 0.0117228
  456 455.5 27.0461 0.0117388
  457 456.5 27.0222 0.0117284
  458 457.5 27.0105 0.0117233
  459 458.5 27.0323 0.0117328
  460 459.5 26.9927 0.0117156
  461 460.5 26.9871 0.0117132
  462 461.5 27.0153 0.0117254
  463 462.5 27.0028 0.0117199
  464 463.5 26.9847 0.0117121
  465 464.5 27.0373 0.011735
  466 465.5 27.059 0.0117443
  467 466.5 27.0436 0.0117377
  468 467.5 27.0572 0.0117436
  469 468.5 27.0955 0.0117602
  470 469.5 27.0836 0.011755
  471 470.5 27.1036 0.0117637
  472 471.5 27.1119 0.0117673
  473 472.5 27.1011 0.0117626
  474 473.5 27.114 0.0117682
  475 474.5 27.1317 0.0117759
  476 475.5 27.0946 0.0117598
  477 476.5 27.0787 0.0117529
  478 477.5 27.1236 0.0117724
  479 478.5 27.1511 0.0117843
  480 479.5 27.1442 0.0117814
