# Chunk-averaged data for fix tensor3 and group c2
# Timestep Number-of-chunks Total-count
# Chunk Coord1 Ncount density/number
20000000 480 5523.999999999994
  1 0.5 2.83594 0.00123088
  2 1.5 2.83774 0.00123166
  3 2.5 2.82936 0.00122802
  4 3.5 2.82305 0.00122528
  5 4.5 2.81825 0.0012232
  6 5.5 2.82906 0.00122789
  7 6.5 2.824 0.0012257
  8 7.5 2.80945 0.00121938
  9 8.5 2.81507 0.00122182
  10 9.5 2.80522 0.00121754
  11 10.5 2.82138 0.00122456
  12 11.5 2.84748 0.00123589
  13 12.5 2.84267 0.0012338
  14 13.5 2.84896 0.00123653
  15 14.5 2.87007 0.00124569
  16 15.5 2.88202 0.00125088
  17 16.5 2.87632 0.0012484
  18 17.5 2.87185 0.00124646
  19 18.5 2.86455 0.0012433
  20 19.5 2.8646 0.00124332
  21 20.5 2.85499 0.00123914
  22 21.5 2.82657 0.00122681
  23 22.5 2.82405 0.00122572
  24 23.5 2.82224 0.00122493
  25 24.5 2.80923 0.00121928
  26 25.5 2.79257 0.00121205
  27 26.5 2.79151 0.00121159
  28 27.5 2.78763 0.00120991
  29 28.5 2.78985 0.00121087
  30 29.5 2.78742 0.00120982
  31 30.5 2.76677 0.00120085
  32 31.5 2.78717 0.00120971
  33 32.5 2.78642 0.00120938
  34 33.5 2.78903 0.00121052
  35 34.5 2.7726 0.00120339
  36 35.5 2.76194 0.00119876
  37 36.5 2.75047 0.00119378
  38 37.5 2.76973 0.00120214
  39 38.5 2.7772 0.00120538
  40 39.5 2.77245 0.00120332
  41 40.5 2.75244 0.00119464
  42 41.5 2.7481 0.00119275
  43 42.5 2.74223 0.0011902
  44 43.5 2.75189 0.0011944
  45 44.5 2.74744 0.00119247
  46 45.5 2.75382 0.00119524
  47 46.5 2.73765 0.00118822
  48 47.5 2.7379 0.00118832
  49 48.5 2.73279 0.00118611
  50 49.5 2.74074 0.00118956
  51 50.5 2.74004 0.00118925
  52 51.5 2.7529 0.00119484
  53 52.5 2.79237 0.00121196
  54 53.5 2.80189 0.0012161
  55 54.5 2.79267 0.0012121
  56 55.5 2.8009 0.00121567
  57 56.5 2.81535 0.00122194
  58 57.5 2.82452 0.00122592
  59 58.5 2.82985 0.00122823
  60 59.5 2.84132 0.00123321
  61 60.5 2.8655 0.00124371
  62 61.5 2.89471 0.00125638
  63 62.5 2.93842 0.00127535
  64 63.5 2.99136 0.00129834
  65 64.5 3.04508 0.00132165
  66 65.5 3.09919 0.00134513
  67 66.5 3.16378 0.00137317
  68 67.5 3.26788 0.00141835
  69 68.5 3.36985 0.00146261
  70 69.5 3.4993 0.00151879
  71 70.5 3.65261 0.00158534
  72 71.5 3.80811 0.00165283
  73 72.5 3.97051 0.00172331
  74 73.5 4.11119 0.00178437
  75 74.5 4.23993 0.00184025
  76 75.5 4.33043 0.00187953
  77 76.5 4.36639 0.00189513
  78 77.5 4.3242 0.00187682
  79 78.5 4.21744 0.00183049
  80 79.5 4.02638 0.00174756
  81 80.5 3.76109 0.00163242
  82 81.5 3.43889 0.00149257
  83 82.5 3.07426 0.00133431
  84 83.5 2.69898 0.00117143
  85 84.5 2.32951 0.00101107
  86 85.5 2.00278 0.00086926
  87 86.5 1.7182 0.000745748
  88 87.5 1.46487 0.000635794
  89 88.5 1.2801 0.000555599
  90 89.5 1.11758 0.000485062
  91 90.5 0.996192 0.000432375
  92 91.5 0.914596 0.00039696
  93 92.5 0.84496 0.000366736
  94 93.5 0.799058 0.000346813
  95 94.5 0.773628 0.000335776
  96 95.5 0.745698 0.000323654
  97 96.5 0.726374 0.000315266
  98 97.5 0.720554 0.00031274
  99 98.5 0.712912 0.000309424
  100 99.5 0.71018 0.000308238
  101 100.5 0.703252 0.000305231
  102 101.5 0.69941 0.000303563
  103 102.5 0.699698 0.000303688
  104 103.5 0.698254 0.000303062
  105 104.5 0.70229 0.000304813
  106 105.5 0.694186 0.000301296
  107 106.5 0.686134 0.000297801
  108 107.5 0.686124 0.000297797
  109 108.5 0.692372 0.000300509
  110 109.5 0.687344 0.000298326
  111 110.5 0.686674 0.000298036
  112 111.5 0.686602 0.000298004
  113 112.5 0.69209 0.000300386
  114 113.5 0.689498 0.000299261
  115 114.5 0.689078 0.000299079
  116 115.5 0.692212 0.000300439
  117 116.5 0.687384 0.000298344
  118 117.5 0.683426 0.000296626
  119 118.5 0.686196 0.000297828
  120 119.5 0.68887 0.000298989
  121 120.5 0.683384 0.000296608
  122 121.5 0.683572 0.000296689
  123 122.5 0.6852 0.000297396
  124 123.5 0.687574 0.000298426
  125 124.5 0.68549 0.000297522
  126 125.5 0.678992 0.000294701
  127 126.5 0.67719 0.000293919
  128 127.5 0.679942 0.000295114
  129 128.5 0.680626 0.000295411
  130 129.5 0.681134 0.000295631
  131 130.5 0.677386 0.000294004
  132 131.5 0.674468 0.000292738
  133 132.5 0.67117 0.000291306
  134 133.5 0.67806 0.000294297
  135 134.5 0.675558 0.000293211
  136 135.5 0.683396 0.000296613
  137 136.5 0.683582 0.000296694
  138 137.5 0.687178 0.000298254
  139 138.5 0.687912 0.000298573
  140 139.5 0.681182 0.000295652
  141 140.5 0.687026 0.000298188
  142 141.5 0.689324 0.000299186
  143 142.5 0.682468 0.00029621
  144 143.5 0.678986 0.000294699
  145 144.5 0.678626 0.000294543
  146 145.5 0.679 0.000294705
  147 146.5 0.682904 0.000296399
  148 147.5 0.682634 0.000296282
  149 148.5 0.67786 0.00029421
  150 149.5 0.68442 0.000297057
  151 150.5 0.68696 0.00029816
  152 151.5 0.686622 0.000298013
  153 152.5 0.688462 0.000298812
  154 153.5 0.692406 0.000300523
  155 154.5 0.693184 0.000300861
  156 155.5 0.6902 0.000299566
  157 156.5 0.69316 0.000300851
  158 157.5 0.696424 0.000302267
  159 158.5 0.689416 0.000299226
  160 159.5 0.686058 0.000297768
  161 160.5 0.679938 0.000295112
  162 161.5 0.680722 0.000295452
  163 162.5 0.679108 0.000294752
  164 163.5 0.679834 0.000295067
  165 164.5 0.684068 0.000296905
  166 165.5 0.687548 0.000298415
  167 166.5 0.684548 0.000297113
  168 167.5 0.67748 0.000294045
  169 168.5 0.677256 0.000293948
  170 169.5 0.679928 0.000295108
  171 170.5 0.68958 0.000299297
  172 171.5 0.69138 0.000300078
  173 172.5 0.686728 0.000298059
  174 173.5 0.687202 0.000298265
  175 174.5 0.688158 0.00029868
  176 175.5 0.685638 0.000297586
  177 176.5 0.682668 0.000296297
  178 177.5 0.682848 0.000296375
  179 178.5 0.681166 0.000295645
  180 179.5 0.683356 0.000296595
  181 180.5 0.683648 0.000296722
  182 181.5 0.678758 0.0002946
  183 182.5 0.67997 0.000295126
  184 183.5 0.682582 0.00029626
  185 184.5 0.68241 0.000296185
  186 185.5 0.679458 0.000294904
  187 186.5 0.676378 0.000293567
  188 187.5 0.681504 0.000295792
  189 188.5 0.683304 0.000296573
  190 189.5 0.682576 0.000296257
  191 190.5 0.680668 0.000295429
  192 191.5 0.681518 0.000295798
  193 192.5 0.685634 0.000297584
  194 193.5 0.688738 0.000298931
  195 194.5 0.683112 0.00029649
  196 195.5 0.687672 0.000298469
  197 196.5 0.685514 0.000297532
  198 197.5 0.681666 0.000295862
  199 198.5 0.683212 0.000296533
  200 199.5 0.68662 0.000298012
  201 200.5 0.686726 0.000298058
  202 201.5 0.682842 0.000296372
  203 202.5 0.68911 0.000299093
  204 203.5 0.689742 0.000299367
  205 204.5 0.693068 0.000300811
  206 205.5 0.692106 0.000300393
  207 206.5 0.70003 0.000303832
  208 207.5 0.70064 0.000304097
  209 208.5 0.698512 0.000303174
  210 209.5 0.697314 0.000302654
  211 210.5 0.694016 0.000301222
  212 211.5 0.698788 0.000303293
  213 212.5 0.698806 0.000303301
  214 213.5 0.7084 0.000307465
  215 214.5 0.716298 0.000310893
  216 215.5 0.727562 0.000315782
  217 216.5 0.736664 0.000319733
  218 217.5 0.761524 0.000330523
  219 218.5 0.79383 0.000344544
  220 219.5 0.843188 0.000365967
  221 220.5 0.90415 0.000392426
  222 221.5 0.994646 0.000431704
  223 222.5 1.12098 0.000486537
  224 223.5 1.29765 0.000563214
  225 224.5 1.53064 0.000664342
  226 225.5 1.85962 0.000807126
  227 226.5 2.27454 0.000987215
  228 227.5 2.84518 0.00123489
  229 228.5 3.55674 0.00154372
  230 229.5 4.47574 0.00194259
  231 230.5 5.58308 0.00242321
  232 231.5 6.90381 0.00299644
  233 232.5 8.45202 0.00366841
  234 233.5 10.1971 0.00442584
  235 234.5 12.0614 0.00523499
  236 235.5 14.0427 0.00609494
  237 236.5 16.0094 0.00694854
  238 237.5 18.0193 0.00782087
  239 238.5 19.8875 0.00863175
  240 239.5 21.608 0.00937849
  241 240.5 23.1633 0.0100535
  242 241.5 24.5663 0.0106624
  243 242.5 25.6965 0.011153
  244 243.5 26.6698 0.0115754
  245 244.5 27.4519 0.0119149
  246 245.5 28.086 0.0121901
  247 246.5 28.5476 0.0123905
  248 247.5 28.9659 0.012572
  249 248.5 29.2983 0.0127163
  250 249.5 29.5154 0.0128105
  251 250.5 29.7208 0.0128997
  252 251.5 29.8869 0.0129718
  253 252.5 30.0408 0.0130385
  254 253.5 30.1403 0.0130817
  255 254.5 30.2111 0.0131124
  256 255.5 30.261 0.0131341
  257 256.5 30.3301 0.0131641
  258 257.5 30.3706 0.0131817
  259 258.5 30.4084 0.0131981
  260 259.5 30.4649 0.0132226
  261 260.5 30.4796 0.013229
  262 261.5 30.5051 0.0132401
  263 262.5 30.601 0.0132817
  264 263.5 30.6256 0.0132924
  265 264.5 30.6076 0.0132845
  266 265.5 30.6436 0.0133002
  267 266.5 30.6862 0.0133187
  268 267.5 30.6612 0.0133078
  269 268.5 30.6763 0.0133144
  270 269.5 30.6772 0.0133148
  271 270.5 30.6887 0.0133197
  272 271.5 30.6644 0.0133092
  273 272.5 30.6135 0.0132871
  274 273.5 30.6228 0.0132911
  275 274.5 30.6504 0.0133031
  276 275.5 30.619 0.0132895
  277 276.5 30.5949 0.013279
  278 277.5 30.6441 0.0133004
  279 278.5 30.6295 0.0132941
  280 279.5 30.6353 0.0132966
  281 280.5 30.6185 0.0132893
  282 281.5 30.637 0.0132973
  283 282.5 30.5897 0.0132768
  284 283.5 30.6185 0.0132893
  285 284.5 30.6066 0.0132841
  286 285.5 30.5685 0.0132676
  287 286.5 30.5882 0.0132761
  288 287.5 30.5658 0.0132664
  289 288.5 30.5596 0.0132637
  290 289.5 30.4957 0.013236
  291 290.5 30.5526 0.0132607
  292 291.5 30.5048 0.0132399
  293 292.5 30.5288 0.0132503
  294 293.5 30.4887 0.013233
  295 294.5 30.5356 0.0132533
  296 295.5 30.5483 0.0132588
  297 296.5 30.5607 0.0132642
  298 297.5 30.5578 0.0132629
  299 298.5 30.5248 0.0132486
  300 299.5 30.5657 0.0132664
  301 300.5 30.5889 0.0132764
  302 301.5 30.5405 0.0132554
  303 302.5 30.5053 0.0132401
  304 303.5 30.5374 0.0132541
  305 304.5 30.5327 0.013252
  306 305.5 30.4794 0.0132289
  307 306.5 30.4938 0.0132352
  308 307.5 30.4846 0.0132312
  309 308.5 30.4362 0.0132101
  310 309.5 30.4632 0.0132219
  311 310.5 30.5168 0.0132452
  312 311.5 30.4294 0.0132072
  313 312.5 30.4349 0.0132096
  314 313.5 30.4784 0.0132285
  315 314.5 30.483 0.0132305
  316 315.5 30.4233 0.0132046
  317 316.5 30.4864 0.013232
  318 317.5 30.5439 0.0132569
  319 318.5 30.4797 0.013229
  320 319.5 30.4838 0.0132308
  321 320.5 30.5292 0.0132505
  322 321.5 30.5497 0.0132594
  323 322.5 30.494 0.0132352
  324 323.5 30.5045 0.0132398
  325 324.5 30.5046 0.0132398
  326 325.5 30.5187 0.013246
  327 326.5 30.5033 0.0132393
  328 327.5 30.5365 0.0132537
  329 328.5 30.5238 0.0132482
  330 329.5 30.5575 0.0132628
  331 330.5 30.572 0.0132691
  332 331.5 30.5817 0.0132733
  333 332.5 30.5953 0.0132792
  334 333.5 30.601 0.0132817
  335 334.5 30.626 0.0132926
  336 335.5 30.6437 0.0133002
  337 336.5 30.6435 0.0133001
  338 337.5 30.6666 0.0133101
  339 338.5 30.6619 0.0133081
  340 339.5 30.6779 0.0133151
  341 340.5 30.6486 0.0133023
  342 341.5 30.6526 0.0133041
  343 342.5 30.6303 0.0132944
  344 343.5 30.6495 0.0133028
  345 344.5 30.6442 0.0133004
  346 345.5 30.5935 0.0132784
  347 346.5 30.5882 0.0132761
  348 347.5 30.6068 0.0132842
  349 348.5 30.5689 0.0132678
  350 349.5 30.509 0.0132418
  351 350.5 30.5011 0.0132383
  352 351.5 30.5368 0.0132538
  353 352.5 30.5143 0.0132441
  354 353.5 30.4491 0.0132158
  355 354.5 30.4854 0.0132315
  356 355.5 30.4853 0.0132315
  357 356.5 30.4467 0.0132147
  358 357.5 30.476 0.0132274
  359 358.5 30.5282 0.0132501
  360 359.5 30.46 0.0132205
  361 360.5 30.4801 0.0132292
  362 361.5 30.5368 0.0132538
  363 362.5 30.4683 0.0132241
  364 363.5 30.46 0.0132205
  365 364.5 30.4745 0.0132268
  366 365.5 30.4872 0.0132323
  367 366.5 30.4275 0.0132064
  368 367.5 30.4542 0.013218
  369 368.5 30.4694 0.0132246
  370 369.5 30.4464 0.0132146
  371 370.5 30.4369 0.0132105
  372 371.5 30.4732 0.0132262
  373 372.5 30.4162 0.0132015
  374 373.5 30.4476 0.0132151
  375 374.5 30.4412 0.0132123
  376 375.5 30.4434 0.0132133
  377 376.5 30.4037 0.013196
  378 377.5 30.365 0.0131793
  379 378.5 30.3278 0.0131631
  380 379.5 30.2623 0.0131347
  381 380.5 30.1704 0.0130948
  382 381.5 30.0728 0.0130524
  383 382.5 29.977 0.0130109
  384 383.5 29.8032 0.0129354
  385 384.5 29.5766 0.0128371
  386 385.5 29.3824 0.0127528
  387 386.5 29.0432 0.0126056
  388 387.5 28.6868 0.0124509
  389 388.5 28.2095 0.0122437
  390 389.5 27.6538 0.0120025
  391 390.5 26.8905 0.0116712
  392 391.5 25.9924 0.0112814
  393 392.5 24.9473 0.0108278
  394 393.5 23.6795 0.0102776
  395 394.5 22.2427 0.00965396
  396 395.5 20.6386 0.00895772
  397 396.5 18.916 0.00821009
  398 397.5 17.0721 0.00740975
  399 398.5 15.2548 0.00662102
  400 399.5 13.5028 0.00586061
  401 400.5 11.791 0.00511762
  402 401.5 10.2608 0.00445347
  403 402.5 8.89304 0.00385983
  404 403.5 7.71199 0.00334722
  405 404.5 6.74348 0.00292686
  406 405.5 5.92709 0.00257252
  407 406.5 5.26327 0.00228441
  408 407.5 4.75805 0.00206513
  409 408.5 4.35061 0.00188828
  410 409.5 4.01985 0.00174473
  411 410.5 3.78915 0.0016446
  412 411.5 3.5986 0.00156189
  413 412.5 3.46634 0.00150449
  414 413.5 3.37269 0.00146384
  415 414.5 3.28185 0.00142442
  416 415.5 3.22152 0.00139823
  417 416.5 3.1757 0.00137834
  418 417.5 3.11865 0.00135358
  419 418.5 3.06871 0.0013319
  420 419.5 3.05129 0.00132434
  421 420.5 3.04048 0.00131965
  422 421.5 3.02827 0.00131435
  423 422.5 3.02465 0.00131278
  424 423.5 3.02413 0.00131256
  425 424.5 3.02188 0.00131158
  426 425.5 3.0214 0.00131137
  427 426.5 3.01244 0.00130748
  428 427.5 3.00689 0.00130508
  429 428.5 2.9863 0.00129614
  430 429.5 2.99433 0.00129962
  431 430.5 2.98534 0.00129572
  432 431.5 2.98771 0.00129675
  433 432.5 2.97165 0.00128978
  434 433.5 2.95267 0.00128154
  435 434.5 2.95009 0.00128042
  436 435.5 2.94217 0.00127698
  437 436.5 2.94439 0.00127795
  438 437.5 2.94772 0.00127939
  439 438.5 2.91542 0.00126538
  440 439.5 2.89254 0.00125544
  441 440.5 2.88561 0.00125244
  442 441.5 2.88128 0.00125055
  443 442.5 2.88375 0.00125163
  444 443.5 2.8713 0.00124622
  445 444.5 2.85957 0.00124113
  446 445.5 2.84598 0.00123524
  447 446.5 2.83959 0.00123246
  448 447.5 2.8453 0.00123494
  449 448.5 2.8359 0.00123086
  450 449.5 2.83992 0.0012326
  451 450.5 2.8315 0.00122895
  452 451.5 2.81815 0.00122316
  453 452.5 2.82107 0.00122442
  454 453.5 2.81724 0.00122276
  455 454.5 2.83113 0.00122879
  456 455.5 2.82902 0.00122787
  457 456.5 2.83036 0.00122845
  458 457.5 2.85372 0.00123859
  459 458.5 2.84905 0.00123657
  460 459.5 2.84289 0.00123389
  461 460.5 2.85733 0.00124016
  462 461.5 2.85204 0.00123786
  463 462.5 2.84683 0.0012356
  464 463.5 2.8465 0.00123546
  465 464.5 2.84408 0.00123441
  466 465.5 2.83011 0.00122835
  467 466.5 2.82662 0.00122683
  468 467.5 2.82964 0.00122814
  469 468.5 2.83603 0.00123092
  470 469.5 2.83471 0.00123034
  471 470.5 2.83274 0.00122949
  472 471.5 2.83275 0.00122949
  473 472.5 2.83797 0.00123176
  474 473.5 2.83826 0.00123188
  475 474.5 2.83327 0.00122972
  476 475.5 2.84776 0.00123601
  477 476.5 2.84192 0.00123347
  478 477.5 2.83646 0.0012311
  479 478.5 2.83835 0.00123192
  480 479.5 2.84597 0.00123523
30000000 480 5523.999999999997
  1 0.5 2.98149 0.00129405
  2 1.5 2.9682 0.00128828
  3 2.5 2.94838 0.00127968
  4 3.5 2.94917 0.00128002
  5 4.5 2.96084 0.00128509
  6 5.5 2.94878 0.00127985
  7 6.5 2.95524 0.00128266
  8 7.5 2.95307 0.00128172
  9 8.5 2.94681 0.001279
  10 9.5 2.95783 0.00128378
  11 10.5 2.9512 0.0012809
  12 11.5 2.94653 0.00127888
  13 12.5 2.94765 0.00127936
  14 13.5 2.93612 0.00127436
  15 14.5 2.9358 0.00127422
  16 15.5 2.94193 0.00127688
  17 16.5 2.92979 0.00127161
  18 17.5 2.93329 0.00127313
  19 18.5 2.92925 0.00127138
  20 19.5 2.92016 0.00126743
  21 20.5 2.89919 0.00125833
  22 21.5 2.88809 0.00125351
  23 22.5 2.87103 0.00124611
  24 23.5 2.87589 0.00124822
  25 24.5 2.87184 0.00124646
  26 25.5 2.86099 0.00124175
  27 26.5 2.8655 0.00124371
  28 27.5 2.88021 0.00125009
  29 28.5 2.86894 0.0012452
  30 29.5 2.86275 0.00124251
  31 30.5 2.86643 0.00124411
  32 31.5 2.86259 0.00124244
  33 32.5 2.83812 0.00123182
  34 33.5 2.83519 0.00123055
  35 34.5 2.83626 0.00123102
  36 35.5 2.84275 0.00123383
  37 36.5 2.8354 0.00123064
  38 37.5 2.8405 0.00123285
  39 38.5 2.8361 0.00123094
  40 39.5 2.83486 0.00123041
  41 40.5 2.83679 0.00123124
  42 41.5 2.83038 0.00122847
  43 42.5 2.83742 0.00123152
  44 43.5 2.84928 0.00123667
  45 44.5 2.85986 0.00124126
  46 45.5 2.86049 0.00124153
  47 46.5 2.86092 0.00124172
  48 47.5 2.86774 0.00124468
  49 48.5 2.8772 0.00124878
  50 49.5 2.87911 0.00124962
  51 50.5 2.88026 0.00125011
  52 51.5 2.87208 0.00124656
  53 52.5 2.87659 0.00124852
  54 53.5 2.88482 0.00125209
  55 54.5 2.89514 0.00125657
  56 55.5 2.88843 0.00125366
  57 56.5 2.89789 0.00125777
  58 57.5 2.91216 0.00126396
  59 58.5 2.90597 0.00126127
  60 59.5 2.91752 0.00126629
  61 60.5 2.94239 0.00127708
  62 61.5 2.9678 0.00128811
  63 62.5 2.99127 0.00129829
  64 63.5 3.05134 0.00132437
  65 64.5 3.11422 0.00135166
  66 65.5 3.17064 0.00137615
  67 66.5 3.24518 0.0014085
  68 67.5 3.33814 0.00144884
  69 68.5 3.43242 0.00148977
  70 69.5 3.54577 0.00153896
  71 70.5 3.67017 0.00159296
  72 71.5 3.80528 0.0016516
  73 72.5 3.96177 0.00171952
  74 73.5 4.08742 0.00177405
  75 74.5 4.2101 0.0018273
  76 75.5 4.252 0.00184549
  77 76.5 4.26836 0.00185259
  78 77.5 4.20482 0.00182501
  79 78.5 4.06576 0.00176465
  80 79.5 3.82548 0.00166036
  81 80.5 3.52757 0.00153106
  82 81.5 3.19333 0.001386
  83 82.5 2.83174 0.00122905
  84 83.5 2.47545 0.00107441
  85 84.5 2.13126 0.000925027
  86 85.5 1.81189 0.00078641
  87 86.5 1.55763 0.000676056
  88 87.5 1.3395 0.000581379
  89 88.5 1.159 0.000503036
  90 89.5 1.02467 0.000444735
  91 90.5 0.93202 0.000404523
  92 91.5 0.851338 0.000369504
  93 92.5 0.799024 0.000346799
  94 93.5 0.7548 0.000327604
  95 94.5 0.730736 0.00031716
  96 95.5 0.713696 0.000309764
  97 96.5 0.69577 0.000301984
  98 97.5 0.683876 0.000296821
  99 98.5 0.677576 0.000294087
  100 99.5 0.67965 0.000294987
  101 100.5 0.678038 0.000294287
  102 101.5 0.677448 0.000294031
  103 102.5 0.670906 0.000291192
  104 103.5 0.666872 0.000289441
  105 104.5 0.669588 0.00029062
  106 105.5 0.665574 0.000288878
  107 106.5 0.665062 0.000288655
  108 107.5 0.668296 0.000290059
  109 108.5 0.675214 0.000293062
  110 109.5 0.665392 0.000288799
  111 110.5 0.670316 0.000290936
  112 111.5 0.666572 0.000289311
  113 112.5 0.668262 0.000290044
  114 113.5 0.668028 0.000289943
  115 114.5 0.665494 0.000288843
  116 115.5 0.665582 0.000288881
  117 116.5 0.669248 0.000290472
  118 117.5 0.674412 0.000292714
  119 118.5 0.673406 0.000292277
  120 119.5 0.673474 0.000292306
  121 120.5 0.678334 0.000294416
  122 121.5 0.67666 0.000293689
  123 122.5 0.671988 0.000291661
  124 123.5 0.67622 0.000293498
  125 124.5 0.669774 0.000290701
  126 125.5 0.666774 0.000289398
  127 126.5 0.665742 0.000288951
  128 127.5 0.672314 0.000291803
  129 128.5 0.675014 0.000292975
  130 129.5 0.666432 0.00028925
  131 130.5 0.665418 0.00028881
  132 131.5 0.67095 0.000291211
  133 132.5 0.677454 0.000294034
  134 133.5 0.678686 0.000294569
  135 134.5 0.678396 0.000294443
  136 135.5 0.673478 0.000292308
  137 136.5 0.670238 0.000290902
  138 137.5 0.66317 0.000287834
  139 138.5 0.658582 0.000285843
  140 139.5 0.65571 0.000284596
  141 140.5 0.651998 0.000282985
  142 141.5 0.651376 0.000282715
  143 142.5 0.660946 0.000286869
  144 143.5 0.658038 0.000285607
  145 144.5 0.662342 0.000287475
  146 145.5 0.660394 0.000286629
  147 146.5 0.661378 0.000287056
  148 147.5 0.654578 0.000284105
  149 148.5 0.662954 0.00028774
  150 149.5 0.664358 0.00028835
  151 150.5 0.663884 0.000288144
  152 151.5 0.662614 0.000287593
  153 152.5 0.664672 0.000288486
  154 153.5 0.667176 0.000289573
  155 154.5 0.663954 0.000288174
  156 155.5 0.667898 0.000289886
  157 156.5 0.66499 0.000288624
  158 157.5 0.663628 0.000288033
  159 158.5 0.665262 0.000288742
  160 159.5 0.663552 0.000288
  161 160.5 0.66478 0.000288533
  162 161.5 0.662562 0.00028757
  163 162.5 0.66756 0.00028974
  164 163.5 0.666746 0.000289386
  165 164.5 0.66498 0.00028862
  166 165.5 0.664962 0.000288612
  167 166.5 0.665256 0.00028874
  168 167.5 0.660776 0.000286795
  169 168.5 0.667686 0.000289794
  170 169.5 0.673302 0.000292232
  171 170.5 0.674488 0.000292747
  172 171.5 0.674306 0.000292668
  173 172.5 0.67107 0.000291263
  174 173.5 0.66807 0.000289961
  175 174.5 0.677502 0.000294055
  176 175.5 0.675944 0.000293378
  177 176.5 0.676016 0.00029341
  178 177.5 0.670064 0.000290826
  179 178.5 0.673888 0.000292486
  180 179.5 0.67677 0.000293737
  181 180.5 0.672948 0.000292078
  182 181.5 0.667502 0.000289714
  183 182.5 0.673144 0.000292163
  184 183.5 0.676388 0.000293571
  185 184.5 0.671652 0.000291516
  186 185.5 0.670224 0.000290896
  187 186.5 0.66939 0.000290534
  188 187.5 0.674038 0.000292551
  189 188.5 0.676002 0.000293404
  190 189.5 0.669544 0.000290601
  191 190.5 0.67092 0.000291198
  192 191.5 0.670746 0.000291122
  193 192.5 0.668206 0.00029002
  194 193.5 0.666582 0.000289315
  195 194.5 0.668182 0.00029001
  196 195.5 0.668834 0.000290293
  197 196.5 0.661058 0.000286918
  198 197.5 0.660154 0.000286525
  199 198.5 0.664008 0.000288198
  200 199.5 0.6624 0.0002875
  201 200.5 0.662112 0.000287375
  202 201.5 0.661052 0.000286915
  203 202.5 0.661466 0.000287095
  204 203.5 0.663398 0.000287933
  205 204.5 0.661452 0.000287089
  206 205.5 0.664112 0.000288243
  207 206.5 0.668306 0.000290063
  208 207.5 0.676818 0.000293758
  209 208.5 0.673232 0.000292201
  210 209.5 0.679426 0.00029489
  211 210.5 0.683468 0.000296644
  212 211.5 0.683344 0.00029659
  213 212.5 0.68773 0.000298494
  214 213.5 0.696766 0.000302416
  215 214.5 0.711968 0.000309014
  216 215.5 0.729144 0.000316469
  217 216.5 0.744188 0.000322998
  218 217.5 0.771942 0.000335044
  219 218.5 0.80638 0.000349991
  220 219.5 0.863864 0.000374941
  221 220.5 0.937356 0.000406839
  222 221.5 1.03224 0.00044802
  223 222.5 1.17197 0.000508667
  224 223.5 1.372 0.000595486
  225 224.5 1.64723 0.000714944
  226 225.5 2.01242 0.000873444
  227 226.5 2.49163 0.00108144
  228 227.5 3.12362 0.00135574
  229 228.5 3.93031 0.00170587
  230 229.5 4.93635 0.00214251
  231 230.5 6.13827 0.00266418
  232 231.5 7.53849 0.00327191
  233 232.5 9.15161 0.00397205
  234 233.5 10.9532 0.00475397
  235 234.5 12.8329 0.00556984
  236 235.5 14.76 0.00640625
  237 236.5 16.6973 0.00724709
  238 237.5 18.5914 0.00806918
  239 238.5 20.3526 0.00883359
  240 239.5 21.9669 0.00953425
  241 240.5 23.4263 0.0101677
  242 241.5 24.751 0.0107426
  243 242.5 25.8117 0.011203
  244 243.5 26.7142 0.0115947
  245 244.5 27.4993 0.0119355
  246 245.5 28.1553 0.0122202
  247 246.5 28.6184 0.0124212
  248 247.5 29.0288 0.0125993
  249 248.5 29.3799 0.0127517
  250 249.5 29.6471 0.0128677
  251 250.5 29.8461 0.012954
  252 251.5 29.9982 0.0130201
  253 252.5 30.1557 0.0130884
  254 253.5 30.2211 0.0131168
  255 254.5 30.3209 0.0131601
  256 255.5 30.4104 0.0131989
  257 256.5 30.451 0.0132166
  258 257.5 30.4776 0.0132281
  259 258.5 30.5568 0.0132625
  260 259.5 30.5891 0.0132765
  261 260.5 30.591 0.0132774
  262 261.5 30.6038 0.0132829
  263 262.5 30.6513 0.0133035
  264 263.5 30.6678 0.0133107
  265 264.5 30.6385 0.0132979
  266 265.5 30.6774 0.0133148
  267 266.5 30.6826 0.0133171
  268 267.5 30.7192 0.013333
  269 268.5 30.7254 0.0133357
  270 269.5 30.7194 0.0133331
  271 270.5 30.7117 0.0133297
  272 271.5 30.7484 0.0133456
  273 272.5 30.7402 0.0133421
  274 273.5 30.756 0.013349
  275 274.5 30.8047 0.0133701
  276 275.5 30.7833 0.0133608
  277 276.5 30.7439 0.0133437
  278 277.5 30.7964 0.0133665
  279 278.5 30.8226 0.0133779
  280 279.5 30.8355 0.0133834
  281 280.5 30.8329 0.0133823
  282 281.5 30.8693 0.0133981
  283 282.5 30.8536 0.0133913
  284 283.5 30.8464 0.0133882
  285 284.5 30.8254 0.0133791
  286 285.5 30.8811 0.0134033
  287 286.5 30.8549 0.0133919
  288 287.5 30.8448 0.0133875
  289 288.5 30.822 0.0133776
  290 289.5 30.8424 0.0133864
  291 290.5 30.8597 0.013394
  292 291.5 30.8412 0.0133859
  293 292.5 30.8295 0.0133809
  294 293.5 30.8469 0.0133884
  295 294.5 30.8695 0.0133982
  296 295.5 30.8534 0.0133912
  297 296.5 30.8318 0.0133819
  298 297.5 30.887 0.0134058
  299 298.5 30.8771 0.0134015
  300 299.5 30.8721 0.0133993
  301 300.5 30.8692 0.0133981
  302 301.5 30.8766 0.0134013
  303 302.5 30.8654 0.0133964
  304 303.5 30.8883 0.0134064
  305 304.5 30.8579 0.0133932
  306 305.5 30.8735 0.0134
  307 306.5 30.8856 0.0134052
  308 307.5 30.8647 0.0133961
  309 308.5 30.9003 0.0134116
  310 309.5 30.8991 0.0134111
  311 310.5 30.8587 0.0133935
  312 311.5 30.864 0.0133958
  313 312.5 30.8587 0.0133935
  314 313.5 30.8728 0.0133997
  315 314.5 30.8369 0.0133841
  316 315.5 30.8337 0.0133827
  317 316.5 30.8349 0.0133832
  318 317.5 30.818 0.0133759
  319 318.5 30.805 0.0133702
  320 319.5 30.8136 0.0133739
  321 320.5 30.8368 0.013384
  322 321.5 30.7644 0.0133526
  323 322.5 30.8207 0.013377
  324 323.5 30.8287 0.0133805
  325 324.5 30.8338 0.0133827
  326 325.5 30.7796 0.0133592
  327 326.5 30.8245 0.0133787
  328 327.5 30.8293 0.0133808
  329 328.5 30.8342 0.0133829
  330 329.5 30.8527 0.0133909
  331 330.5 30.8398 0.0133853
  332 331.5 30.8693 0.0133981
  333 332.5 30.8763 0.0134012
  334 333.5 30.8708 0.0133988
  335 334.5 30.8544 0.0133917
  336 335.5 30.8506 0.01339
  337 336.5 30.8482 0.013389
  338 337.5 30.8132 0.0133738
  339 338.5 30.8238 0.0133784
  340 339.5 30.7795 0.0133592
  341 340.5 30.7876 0.0133627
  342 341.5 30.7929 0.013365
  343 342.5 30.752 0.0133472
  344 343.5 30.7608 0.013351
  345 344.5 30.8066 0.0133709
  346 345.5 30.7713 0.0133556
  347 346.5 30.737 0.0133407
  348 347.5 30.7382 0.0133412
  349 348.5 30.7663 0.0133534
  350 349.5 30.7581 0.0133499
  351 350.5 30.7197 0.0133332
  352 351.5 30.7754 0.0133574
  353 352.5 30.7235 0.0133349
  354 353.5 30.6831 0.0133173
  355 354.5 30.6997 0.0133245
  356 355.5 30.7301 0.0133377
  357 356.5 30.6366 0.0132971
  358 357.5 30.6718 0.0133124
  359 358.5 30.6493 0.0133026
  360 359.5 30.6301 0.0132943
  361 360.5 30.6173 0.0132887
  362 361.5 30.6128 0.0132868
  363 362.5 30.5776 0.0132715
  364 363.5 30.5771 0.0132713
  365 364.5 30.594 0.0132787
  366 365.5 30.5926 0.013278
  367 366.5 30.6023 0.0132823
  368 367.5 30.5629 0.0132651
  369 368.5 30.557 0.0132626
  370 369.5 30.5347 0.0132529
  371 370.5 30.5253 0.0132488
  372 371.5 30.4729 0.0132261
  373 372.5 30.4213 0.0132037
  374 373.5 30.4291 0.0132071
  375 374.5 30.3706 0.0131817
  376 375.5 30.2905 0.0131469
  377 376.5 30.2566 0.0131322
  378 377.5 30.1725 0.0130957
  379 378.5 30.1137 0.0130702
  380 379.5 30.0509 0.0130429
  381 380.5 29.9285 0.0129898
  382 381.5 29.7772 0.0129241
  383 382.5 29.6035 0.0128487
  384 383.5 29.3741 0.0127492
  385 384.5 29.1306 0.0126435
  386 385.5 28.7912 0.0124962
  387 386.5 28.2933 0.0122801
  388 387.5 27.736 0.0120382
  389 388.5 27.12 0.0117708
  390 389.5 26.2491 0.0113928
  391 390.5 25.2068 0.0109404
  392 391.5 24.0828 0.0104526
  393 392.5 22.7921 0.0098924
  394 393.5 21.2261 0.00921272
  395 394.5 19.5917 0.00850336
  396 395.5 17.8647 0.00775378
  397 396.5 16.1272 0.00699966
  398 397.5 14.3538 0.00622994
  399 398.5 12.7006 0.0055124
  400 399.5 11.1166 0.00482489
  401 400.5 9.68218 0.00420233
  402 401.5 8.40815 0.00364937
  403 402.5 7.35081 0.00319045
  404 403.5 6.45211 0.00280039
  405 404.5 5.7227 0.00248381
  406 405.5 5.13633 0.00222931
  407 406.5 4.67454 0.00202888
  408 407.5 4.30527 0.00186861
  409 408.5 4.02472 0.00174684
  410 409.5 3.81341 0.00165513
  411 410.5 3.62973 0.00157541
  412 411.5 3.5054 0.00152144
  413 412.5 3.4047 0.00147774
  414 413.5 3.33088 0.0014457
  415 414.5 3.26118 0.00141544
  416 415.5 3.23066 0.0014022
  417 416.5 3.19688 0.00138754
  418 417.5 3.1444 0.00136476
  419 418.5 3.13595 0.00136109
  420 419.5 3.10876 0.00134929
  421 420.5 3.08887 0.00134066
  422 421.5 3.07656 0.00133531
  423 422.5 3.07548 0.00133484
  424 423.5 3.0554 0.00132613
  425 424.5 3.06548 0.0013305
  426 425.5 3.09193 0.00134198
  427 426.5 3.08865 0.00134056
  428 427.5 3.08046 0.001337
  429 428.5 3.08845 0.00134047
  430 429.5 3.07383 0.00133413
  431 430.5 3.06962 0.0013323
  432 431.5 3.04208 0.00132035
  433 432.5 3.02922 0.00131476
  434 433.5 3.01519 0.00130867
  435 434.5 3.01172 0.00130717
  436 435.5 3.00612 0.00130474
  437 436.5 3.01658 0.00130928
  438 437.5 3.03553 0.0013175
  439 438.5 3.01804 0.00130991
  440 439.5 3.02397 0.00131249
  441 440.5 3.02005 0.00131078
  442 441.5 3.01461 0.00130842
  443 442.5 2.99423 0.00129958
  444 443.5 2.98563 0.00129585
  445 444.5 2.97185 0.00128987
  446 445.5 2.95622 0.00128308
  447 446.5 2.94576 0.00127854
  448 447.5 2.93517 0.00127395
  449 448.5 2.9231 0.00126871
  450 449.5 2.9185 0.00126671
  451 450.5 2.93046 0.0012719
  452 451.5 2.92726 0.00127051
  453 452.5 2.92631 0.0012701
  454 453.5 2.91944 0.00126712
  455 454.5 2.90533 0.001261
  456 455.5 2.89859 0.00125807
  457 456.5 2.90098 0.00125911
  458 457.5 2.89867 0.0012581
  459 458.5 2.90038 0.00125885
  460 459.5 2.89183 0.00125514
  461 460.5 2.89883 0.00125817
  462 461.5 2.89683 0.0012573
  463 462.5 2.88317 0.00125138
  464 463.5 2.90187 0.00125949
  465 464.5 2.92831 0.00127097
  466 465.5 2.9276 0.00127066
  467 466.5 2.93313 0.00127306
  468 467.5 2.92928 0.00127139
  469 468.5 2.94764 0.00127936
  470 469.5 2.95149 0.00128103
  471 470.5 2.94902 0.00127996
  472 471.5 2.96188 0.00128554
  473 472.5 2.96783 0.00128812
  474 473.5 2.9802 0.00129349
  475 474.5 2.97857 0.00129278
  476 475.5 2.97672 0.00129198
  477 476.5 2.97712 0.00129215
  478 477.5 2.98051 0.00129363
  479 478.5 2.96653 0.00128756
  480 479.5 2.97718 0.00129218
40000000 480 5523.999999999998
  1 0.5 3.06464 0.00133014
  2 1.5 3.072 0.00133333
  3 2.5 3.05889 0.00132764
  4 3.5 3.03759 0.0013184
  5 4.5 3.03144 0.00131573
  6 5.5 3.04202 0.00132032
  7 6.5 3.05295 0.00132507
  8 7.5 3.06272 0.0013293
  9 8.5 3.09001 0.00134115
  10 9.5 3.10332 0.00134693
  11 10.5 3.09929 0.00134518
  12 11.5 3.09605 0.00134377
  13 12.5 3.10374 0.00134711
  14 13.5 3.09022 0.00134124
  15 14.5 3.09423 0.00134298
  16 15.5 3.10437 0.00134738
  17 16.5 3.10238 0.00134652
  18 17.5 3.10523 0.00134776
  19 18.5 3.11482 0.00135192
  20 19.5 3.12228 0.00135516
  21 20.5 3.10923 0.00134949
  22 21.5 3.10238 0.00134652
  23 22.5 3.09827 0.00134474
  24 23.5 3.10195 0.00134633
  25 24.5 3.10044 0.00134568
  26 25.5 3.09467 0.00134317
  27 26.5 3.07576 0.00133496
  28 27.5 3.07583 0.001335
  29 28.5 3.08202 0.00133768
  30 29.5 3.07522 0.00133473
  31 30.5 3.08147 0.00133744
  32 31.5 3.09469 0.00134318
  33 32.5 3.08158 0.00133749
  34 33.5 3.08324 0.00133821
  35 34.5 3.08304 0.00133812
  36 35.5 3.10317 0.00134686
  37 36.5 3.09854 0.00134485
  38 37.5 3.09806 0.00134464
  39 38.5 3.10109 0.00134596
  40 39.5 3.11016 0.00134989
  41 40.5 3.11776 0.0013532
  42 41.5 3.10939 0.00134956
  43 42.5 3.11514 0.00135206
  44 43.5 3.11978 0.00135407
  45 44.5 3.11248 0.0013509
  46 45.5 3.10493 0.00134763
  47 46.5 3.10631 0.00134822
  48 47.5 3.09604 0.00134377
  49 48.5 3.09964 0.00134533
  50 49.5 3.08356 0.00133835
  51 50.5 3.07257 0.00133358
  52 51.5 3.08779 0.00134018
  53 52.5 3.07491 0.0013346
  54 53.5 3.06858 0.00133185
  55 54.5 3.06289 0.00132938
  56 55.5 3.05675 0.00132672
  57 56.5 3.05259 0.00132491
  58 57.5 3.04163 0.00132015
  59 58.5 3.03946 0.00131921
  60 59.5 3.01425 0.00130827
  61 60.5 3.01919 0.00131041
  62 61.5 3.04368 0.00132104
  63 62.5 3.06068 0.00132842
  64 63.5 3.09225 0.00134212
  65 64.5 3.13277 0.00135971
  66 65.5 3.17528 0.00137816
  67 66.5 3.21804 0.00139672
  68 67.5 3.26911 0.00141889
  69 68.5 3.33029 0.00144544
  70 69.5 3.40715 0.0014788
  71 70.5 3.50098 0.00151952
  72 71.5 3.61333 0.00156829
  73 72.5 3.74255 0.00162437
  74 73.5 3.89793 0.00169181
  75 74.5 4.03833 0.00175275
  76 75.5 4.18792 0.00181767
  77 76.5 4.33353 0.00188087
  78 77.5 4.46173 0.00193651
  79 78.5 4.54063 0.00197076
  80 79.5 4.57101 0.00198394
  81 80.5 4.5316 0.00196684
  82 81.5 4.41166 0.00191478
  83 82.5 4.20594 0.00182549
  84 83.5 3.90672 0.00169563
  85 84.5 3.57541 0.00155183
  86 85.5 3.20785 0.0013923
  87 86.5 2.81353 0.00122115
  88 87.5 2.43235 0.00105571
  89 88.5 2.07928 0.000902465
  90 89.5 1.77485 0.000770333
  91 90.5 1.51216 0.000656319
  92 91.5 1.29869 0.000563668
  93 92.5 1.13456 0.000492431
  94 93.5 1.00985 0.000438304
  95 94.5 0.917458 0.000398202
  96 95.5 0.847288 0.000367747
  97 96.5 0.797362 0.000346077
  98 97.5 0.759558 0.000329669
  99 98.5 0.732472 0.000317913
  100 99.5 0.71273 0.000309345
  101 100.5 0.700666 0.000304109
  102 101.5 0.69409 0.000301254
  103 102.5 0.686624 0.000298014
  104 103.5 0.6785 0.000294488
  105 104.5 0.680452 0.000295335
  106 105.5 0.683518 0.000296666
  107 106.5 0.679854 0.000295076
  108 107.5 0.68101 0.000295577
  109 108.5 0.684552 0.000297115
  110 109.5 0.680854 0.00029551
  111 110.5 0.677252 0.000293946
  112 111.5 0.67771 0.000294145
  113 112.5 0.681258 0.000295685
  114 113.5 0.67998 0.00029513
  115 114.5 0.677612 0.000294102
  116 115.5 0.679754 0.000295032
  117 116.5 0.674098 0.000292577
  118 117.5 0.674398 0.000292707
  119 118.5 0.674628 0.000292807
  120 119.5 0.670436 0.000290988
  121 120.5 0.672182 0.000291746
  122 121.5 0.669426 0.000290549
  123 122.5 0.669736 0.000290684
  124 123.5 0.672146 0.00029173
  125 124.5 0.668608 0.000290194
  126 125.5 0.667644 0.000289776
  127 126.5 0.663448 0.000287955
  128 127.5 0.66269 0.000287626
  129 128.5 0.662384 0.000287493
  130 129.5 0.670974 0.000291221
  131 130.5 0.67386 0.000292474
  132 131.5 0.674978 0.000292959
  133 132.5 0.671712 0.000291542
  134 133.5 0.672946 0.000292077
  135 134.5 0.671964 0.000291651
  136 135.5 0.674006 0.000292537
  137 136.5 0.673676 0.000292394
  138 137.5 0.677286 0.000293961
  139 138.5 0.672004 0.000291668
  140 139.5 0.679532 0.000294936
  141 140.5 0.675586 0.000293223
  142 141.5 0.68525 0.000297418
  143 142.5 0.679704 0.00029501
  144 143.5 0.68477 0.000297209
  145 144.5 0.68165 0.000295855
  146 145.5 0.681832 0.000295934
  147 146.5 0.68083 0.000295499
  148 147.5 0.67129 0.000291359
  149 148.5 0.675172 0.000293043
  150 149.5 0.674874 0.000292914
  151 150.5 0.678156 0.000294339
  152 151.5 0.675736 0.000293288
  153 152.5 0.675058 0.000292994
  154 153.5 0.680104 0.000295184
  155 154.5 0.674648 0.000292816
  156 155.5 0.676232 0.000293503
  157 156.5 0.675766 0.000293301
  158 157.5 0.6768 0.00029375
  159 158.5 0.675096 0.00029301
  160 159.5 0.667126 0.000289551
  161 160.5 0.671968 0.000291653
  162 161.5 0.673912 0.000292497
  163 162.5 0.673264 0.000292215
  164 163.5 0.679818 0.00029506
  165 164.5 0.68162 0.000295842
  166 165.5 0.684542 0.00029711
  167 166.5 0.688704 0.000298917
  168 167.5 0.685818 0.000297664
  169 168.5 0.6806 0.000295399
  170 169.5 0.684208 0.000296965
  171 170.5 0.68786 0.00029855
  172 171.5 0.679688 0.000295003
  173 172.5 0.684102 0.000296919
  174 173.5 0.682656 0.000296292
  175 174.5 0.687008 0.000298181
  176 175.5 0.68224 0.000296111
  177 176.5 0.682536 0.00029624
  178 177.5 0.68786 0.00029855
  179 178.5 0.683258 0.000296553
  180 179.5 0.68179 0.000295916
  181 180.5 0.678824 0.000294628
  182 181.5 0.677974 0.00029426
  183 182.5 0.682882 0.00029639
  184 183.5 0.676484 0.000293613
  185 184.5 0.67661 0.000293668
  186 185.5 0.67649 0.000293615
  187 186.5 0.689544 0.000299281
  188 187.5 0.687702 0.000298482
  189 188.5 0.690736 0.000299799
  190 189.5 0.685296 0.000297438
  191 190.5 0.687058 0.000298202
  192 191.5 0.684464 0.000297076
  193 192.5 0.68162 0.000295842
  194 193.5 0.683452 0.000296637
  195 194.5 0.6801 0.000295182
  196 195.5 0.67441 0.000292713
  197 196.5 0.67579 0.000293312
  198 197.5 0.682316 0.000296144
  199 198.5 0.679328 0.000294847
  200 199.5 0.672602 0.000291928
  201 200.5 0.67496 0.000292951
  202 201.5 0.68161 0.000295838
  203 202.5 0.678418 0.000294452
  204 203.5 0.68109 0.000295612
  205 204.5 0.67864 0.000294549
  206 205.5 0.679984 0.000295132
  207 206.5 0.677946 0.000294247
  208 207.5 0.674854 0.000292905
  209 208.5 0.672976 0.00029209
  210 209.5 0.673656 0.000292385
  211 210.5 0.677206 0.000293926
  212 211.5 0.672892 0.000292054
  213 212.5 0.675586 0.000293223
  214 213.5 0.68374 0.000296762
  215 214.5 0.688494 0.000298826
  216 215.5 0.691136 0.000299972
  217 216.5 0.697272 0.000302635
  218 217.5 0.713834 0.000309824
  219 218.5 0.722238 0.000313471
  220 219.5 0.74111 0.000321662
  221 220.5 0.76495 0.00033201
  222 221.5 0.800774 0.000347558
  223 222.5 0.855572 0.000371342
  224 223.5 0.925498 0.000401692
  225 224.5 1.02996 0.000447031
  226 225.5 1.17255 0.000508919
  227 226.5 1.3763 0.000597353
  228 227.5 1.64146 0.000712441
  229 228.5 2.02004 0.000876752
  230 229.5 2.51584 0.00109195
  231 230.5 3.19543 0.00138691
  232 231.5 4.08567 0.0017733
  233 232.5 5.15442 0.00223716
  234 233.5 6.47476 0.00281023
  235 234.5 8.04712 0.00349267
  236 235.5 9.81531 0.00426012
  237 236.5 11.7272 0.00508993
  238 237.5 13.7436 0.00596511
  239 238.5 15.8334 0.00687216
  240 239.5 17.8446 0.00774505
  241 240.5 19.7511 0.00857254
  242 241.5 21.4886 0.00932663
  243 242.5 23.1128 0.0100316
  244 243.5 24.4632 0.0106177
  245 244.5 25.6802 0.0111459
  246 245.5 26.6719 0.0115764
  247 246.5 27.4733 0.0119242
  248 247.5 28.1531 0.0122192
  249 248.5 28.6723 0.0124446
  250 249.5 29.0565 0.0126113
  251 250.5 29.4134 0.0127662
  252 251.5 29.6835 0.0128835
  253 252.5 29.8367 0.01295
  254 253.5 30.0233 0.0130309
  255 254.5 30.19 0.0131033
  256 255.5 30.1999 0.0131076
  257 256.5 30.2912 0.0131472
  258 257.5 30.3093 0.0131551
  259 258.5 30.3851 0.013188
  260 259.5 30.3926 0.0131912
  261 260.5 30.3967 0.013193
  262 261.5 30.4369 0.0132105
  263 262.5 30.4433 0.0132132
  264 263.5 30.446 0.0132144
  265 264.5 30.4256 0.0132055
  266 265.5 30.4713 0.0132254
  267 266.5 30.4624 0.0132215
  268 267.5 30.473 0.0132261
  269 268.5 30.4879 0.0132326
  270 269.5 30.4798 0.0132291
  271 270.5 30.4845 0.0132311
  272 271.5 30.4602 0.0132206
  273 272.5 30.4466 0.0132147
  274 273.5 30.4632 0.0132219
  275 274.5 30.4399 0.0132117
  276 275.5 30.444 0.0132135
  277 276.5 30.4399 0.0132118
  278 277.5 30.4344 0.0132094
  279 278.5 30.4402 0.0132119
  280 279.5 30.4306 0.0132077
  281 280.5 30.4383 0.0132111
  282 281.5 30.4507 0.0132164
  283 282.5 30.4384 0.0132111
  284 283.5 30.4809 0.0132296
  285 284.5 30.4329 0.0132087
  286 285.5 30.4635 0.013222
  287 286.5 30.4701 0.0132249
  288 287.5 30.4443 0.0132137
  289 288.5 30.4202 0.0132032
  290 289.5 30.4517 0.0132169
  291 290.5 30.4695 0.0132246
  292 291.5 30.4069 0.0131974
  293 292.5 30.3999 0.0131944
  294 293.5 30.4295 0.0132073
  295 294.5 30.4212 0.0132037
  296 295.5 30.3807 0.0131861
  297 296.5 30.383 0.0131871
  298 297.5 30.4087 0.0131982
  299 298.5 30.4096 0.0131986
  300 299.5 30.4085 0.0131982
  301 300.5 30.3888 0.0131896
  302 301.5 30.3508 0.0131731
  303 302.5 30.3144 0.0131573
  304 303.5 30.3243 0.0131616
  305 304.5 30.3093 0.0131551
  306 305.5 30.2954 0.013149
  307 306.5 30.2867 0.0131453
  308 307.5 30.3131 0.0131567
  309 308.5 30.3179 0.0131588
  310 309.5 30.2654 0.013136
  311 310.5 30.2634 0.0131352
  312 311.5 30.291 0.0131471
  313 312.5 30.2495 0.0131291
  314 313.5 30.248 0.0131285
  315 314.5 30.2479 0.0131284
  316 315.5 30.2588 0.0131332
  317 316.5 30.2313 0.0131212
  318 317.5 30.1793 0.0130987
  319 318.5 30.2327 0.0131218
  320 319.5 30.2117 0.0131127
  321 320.5 30.1809 0.0130994
  322 321.5 30.1655 0.0130927
  323 322.5 30.1805 0.0130992
  324 323.5 30.1833 0.0131004
  325 324.5 30.1816 0.0130996
  326 325.5 30.1825 0.0131
  327 326.5 30.1932 0.0131047
  328 327.5 30.1431 0.0130829
  329 328.5 30.1732 0.013096
  330 329.5 30.149 0.0130855
  331 330.5 30.1672 0.0130934
  332 331.5 30.184 0.0131007
  333 332.5 30.1859 0.0131015
  334 333.5 30.1528 0.0130872
  335 334.5 30.215 0.0131142
  336 335.5 30.1836 0.0131005
  337 336.5 30.1675 0.0130935
  338 337.5 30.2007 0.013108
  339 338.5 30.2127 0.0131131
  340 339.5 30.1919 0.0131041
  341 340.5 30.2319 0.0131215
  342 341.5 30.2525 0.0131304
  343 342.5 30.2662 0.0131364
  344 343.5 30.2499 0.0131293
  345 344.5 30.3035 0.0131525
  346 345.5 30.2978 0.0131501
  347 346.5 30.3008 0.0131514
  348 347.5 30.3082 0.0131546
  349 348.5 30.3634 0.0131786
  350 349.5 30.3517 0.0131735
  351 350.5 30.3585 0.0131764
  352 351.5 30.39 0.0131901
  353 352.5 30.4226 0.0132043
  354 353.5 30.3608 0.0131774
  355 354.5 30.3694 0.0131812
  356 355.5 30.4321 0.0132084
  357 356.5 30.3918 0.0131909
  358 357.5 30.3687 0.0131809
  359 358.5 30.3921 0.013191
  360 359.5 30.3743 0.0131833
  361 360.5 30.3603 0.0131772
  362 361.5 30.3689 0.0131809
  363 362.5 30.4016 0.0131951
  364 363.5 30.3847 0.0131878
  365 364.5 30.4112 0.0131993
  366 365.5 30.4128 0.0132
  367 366.5 30.358 0.0131762
  368 367.5 30.3375 0.0131673
  369 368.5 30.3661 0.0131797
  370 369.5 30.3559 0.0131753
  371 370.5 30.293 0.013148
  372 371.5 30.3126 0.0131565
  373 372.5 30.3197 0.0131596
  374 373.5 30.282 0.0131432
  375 374.5 30.2592 0.0131333
  376 375.5 30.2883 0.013146
  377 376.5 30.29 0.0131467
  378 377.5 30.2303 0.0131208
  379 378.5 30.2311 0.0131211
  380 379.5 30.212 0.0131128
  381 380.5 30.1575 0.0130892
  382 381.5 30.0482 0.0130418
  383 382.5 30.0093 0.0130249
  384 383.5 29.9313 0.012991
  385 384.5 29.7534 0.0129138
  386 385.5 29.5484 0.0128248
  387 386.5 29.396 0.0127587
  388 387.5 29.0982 0.0126294
  389 388.5 28.7674 0.0124858
  390 389.5 28.341 0.0123008
  391 390.5 27.8553 0.01209
  392 391.5 27.175 0.0117947
  393 392.5 26.3798 0.0114496
  394 393.5 25.4578 0.0110494
  395 394.5 24.3942 0.0105878
  396 395.5 23.0901 0.0100217
  397 396.5 21.6432 0.00939375
  398 397.5 20.0713 0.00871148
  399 398.5 18.3949 0.00798389
  400 399.5 16.6522 0.00722751
  401 400.5 14.8863 0.00646108
  402 401.5 13.168 0.00571529
  403 402.5 11.563 0.00501867
  404 403.5 10.0868 0.00437795
  405 404.5 8.83435 0.00383435
  406 405.5 7.69379 0.00333932
  407 406.5 6.74809 0.00292886
  408 407.5 5.99786 0.00260324
  409 408.5 5.3791 0.00233468
  410 409.5 4.88404 0.00211981
  411 410.5 4.49997 0.00195311
  412 411.5 4.17708 0.00181297
  413 412.5 3.94601 0.00171268
  414 413.5 3.73182 0.00161971
  415 414.5 3.55975 0.00154503
  416 415.5 3.44167 0.00149378
  417 416.5 3.37124 0.00146321
  418 417.5 3.31663 0.00143951
  419 418.5 3.25752 0.00141385
  420 419.5 3.20754 0.00139216
  421 420.5 3.16608 0.00137417
  422 421.5 3.15593 0.00136976
  423 422.5 3.15339 0.00136866
  424 423.5 3.12509 0.00135637
  425 424.5 3.13649 0.00136132
  426 425.5 3.12539 0.0013565
  427 426.5 3.10118 0.001346
  428 427.5 3.09601 0.00134375
  429 428.5 3.08742 0.00134003
  430 429.5 3.08191 0.00133764
  431 430.5 3.0734 0.00133394
  432 431.5 3.09565 0.0013436
  433 432.5 3.11164 0.00135054
  434 433.5 3.12333 0.00135561
  435 434.5 3.14325 0.00136426
  436 435.5 3.14252 0.00136394
  437 436.5 3.14173 0.0013636
  438 437.5 3.14631 0.00136559
  439 438.5 3.15138 0.00136778
  440 439.5 3.13453 0.00136047
  441 440.5 3.13497 0.00136066
  442 441.5 3.1276 0.00135747
  443 442.5 3.12372 0.00135578
  444 443.5 3.12665 0.00135705
  445 444.5 3.12273 0.00135535
  446 445.5 3.11359 0.00135139
  447 446.5 3.11671 0.00135274
  448 447.5 3.1182 0.00135338
  449 448.5 3.12837 0.0013578
  450 449.5 3.10898 0.00134938
  451 450.5 3.11982 0.00135409
  452 451.5 3.12596 0.00135675
  453 452.5 3.11546 0.0013522
  454 453.5 3.11644 0.00135262
  455 454.5 3.10178 0.00134626
  456 455.5 3.08719 0.00133992
  457 456.5 3.08494 0.00133895
  458 457.5 3.06714 0.00133122
  459 458.5 3.03685 0.00131808
  460 459.5 3.02859 0.00131449
  461 460.5 3.0325 0.00131619
  462 461.5 3.0325 0.00131619
  463 462.5 3.02398 0.00131249
  464 463.5 3.03004 0.00131512
  465 464.5 3.0339 0.0013168
  466 465.5 3.03456 0.00131708
  467 466.5 3.04087 0.00131982
  468 467.5 3.05991 0.00132809
  469 468.5 3.07532 0.00133477
  470 469.5 3.07059 0.00133272
  471 470.5 3.08435 0.00133869
  472 471.5 3.07339 0.00133394
  473 472.5 3.05601 0.00132639
  474 473.5 3.05272 0.00132496
  475 474.5 3.05996 0.00132811
  476 475.5 3.07846 0.00133614
  477 476.5 3.0722 0.00133342
  478 477.5 3.08222 0.00133777
  479 478.5 3.07663 0.00133534
  480 479.5 3.07261 0.0013336
50000000 480 5523.999999999998
  1 0.5 3.01084 0.00130679
  2 1.5 2.9824 0.00129445
  3 2.5 2.9776 0.00129236
  4 3.5 2.96993 0.00128903
  5 4.5 2.96383 0.00128639
  6 5.5 2.96738 0.00128793
  7 6.5 2.97078 0.0012894
  8 7.5 2.97869 0.00129283
  9 8.5 2.96676 0.00128766
  10 9.5 2.96304 0.00128604
  11 10.5 2.95561 0.00128282
  12 11.5 2.95382 0.00128204
  13 12.5 2.9495 0.00128016
  14 13.5 2.94482 0.00127813
  15 14.5 2.94041 0.00127622
  16 15.5 2.9485 0.00127973
  17 16.5 2.94998 0.00128037
  18 17.5 2.93975 0.00127593
  19 18.5 2.93317 0.00127308
  20 19.5 2.94603 0.00127866
  21 20.5 2.95841 0.00128403
  22 21.5 2.9313 0.00127226
  23 22.5 2.91452 0.00126498
  24 23.5 2.90797 0.00126214
  25 24.5 2.90761 0.00126198
  26 25.5 2.91708 0.00126609
  27 26.5 2.93383 0.00127336
  28 27.5 2.96327 0.00128614
  29 28.5 2.98407 0.00129517
  30 29.5 2.99534 0.00130006
  31 30.5 2.99619 0.00130043
  32 31.5 3.00029 0.00130221
  33 32.5 3.0155 0.00130881
  34 33.5 3.01732 0.0013096
  35 34.5 3.0217 0.0013115
  36 35.5 3.01406 0.00130818
  37 36.5 3.02829 0.00131436
  38 37.5 3.00713 0.00130518
  39 38.5 3.00194 0.00130293
  40 39.5 2.99973 0.00130197
  41 40.5 2.99352 0.00129927
  42 41.5 2.99778 0.00130112
  43 42.5 3.00941 0.00130617
  44 43.5 3.02605 0.00131339
  45 44.5 3.03298 0.0013164
  46 45.5 3.02743 0.00131399
  47 46.5 3.02958 0.00131492
  48 47.5 3.02472 0.00131281
  49 48.5 3.05505 0.00132597
  50 49.5 3.07144 0.00133309
  51 50.5 3.0827 0.00133798
  52 51.5 3.07807 0.00133597
  53 52.5 3.09849 0.00134483
  54 53.5 3.1009 0.00134588
  55 54.5 3.11287 0.00135107
  56 55.5 3.12893 0.00135804
  57 56.5 3.12265 0.00135532
  58 57.5 3.12395 0.00135588
  59 58.5 3.15063 0.00136746
  60 59.5 3.14707 0.00136591
  61 60.5 3.14573 0.00136534
  62 61.5 3.15598 0.00136978
  63 62.5 3.15329 0.00136862
  64 63.5 3.15757 0.00137047
  65 64.5 3.17585 0.00137841
  66 65.5 3.19482 0.00138664
  67 66.5 3.22422 0.0013994
  68 67.5 3.25264 0.00141173
  69 68.5 3.29166 0.00142867
  70 69.5 3.34618 0.00145234
  71 70.5 3.397 0.00147439
  72 71.5 3.45349 0.00149891
  73 72.5 3.53307 0.00153345
  74 73.5 3.61877 0.00157064
  75 74.5 3.70428 0.00160776
  76 75.5 3.80105 0.00164976
  77 76.5 3.91651 0.00169988
  78 77.5 4.03123 0.00174967
  79 78.5 4.13008 0.00179257
  80 79.5 4.2593 0.00184865
  81 80.5 4.35531 0.00189033
  82 81.5 4.46168 0.00193649
  83 82.5 4.52477 0.00196387
  84 83.5 4.56322 0.00198057
  85 84.5 4.55996 0.00197915
  86 85.5 4.51185 0.00195827
  87 86.5 4.42257 0.00191952
  88 87.5 4.26828 0.00185255
  89 88.5 4.03415 0.00175093
  90 89.5 3.76845 0.00163561
  91 90.5 3.46315 0.0015031
  92 91.5 3.11281 0.00135105
  93 92.5 2.74407 0.001191
  94 93.5 2.40882 0.00104549
  95 94.5 2.0959 0.000909681
  96 95.5 1.81169 0.000786322
  97 96.5 1.56171 0.000677827
  98 97.5 1.35931 0.000589978
  99 98.5 1.19716 0.0005196
  100 99.5 1.06781 0.000463461
  101 100.5 0.969414 0.000420753
  102 101.5 0.897472 0.000389528
  103 102.5 0.83905 0.000364171
  104 103.5 0.796572 0.000345734
  105 104.5 0.772004 0.000335071
  106 105.5 0.749748 0.000325411
  107 106.5 0.73487 0.000318954
  108 107.5 0.724736 0.000314556
  109 108.5 0.72102 0.000312943
  110 109.5 0.719268 0.000312182
  111 110.5 0.712504 0.000309247
  112 111.5 0.705932 0.000306394
  113 112.5 0.701406 0.00030443
  114 113.5 0.697016 0.000302524
  115 114.5 0.69826 0.000303064
  116 115.5 0.694958 0.000301631
  117 116.5 0.698074 0.000302984
  118 117.5 0.691996 0.000300345
  119 118.5 0.688414 0.000298791
  120 119.5 0.69091 0.000299874
  121 120.5 0.697268 0.000302634
  122 121.5 0.699006 0.000303388
  123 122.5 0.693504 0.000301
  124 123.5 0.68812 0.000298663
  125 124.5 0.688274 0.00029873
  126 125.5 0.693006 0.000300784
  127 126.5 0.695882 0.000302032
  128 127.5 0.694468 0.000301418
  129 128.5 0.694232 0.000301316
  130 129.5 0.68878 0.00029895
  131 130.5 0.68564 0.000297587
  132 131.5 0.68567 0.0002976
  133 132.5 0.68304 0.000296458
  134 133.5 0.682738 0.000296327
  135 134.5 0.678108 0.000294318
  136 135.5 0.681106 0.000295619
  137 136.5 0.682696 0.000296309
  138 137.5 0.687922 0.000298577
  139 138.5 0.689332 0.000299189
  140 139.5 0.68308 0.000296476
  141 140.5 0.687874 0.000298556
  142 141.5 0.687338 0.000298324
  143 142.5 0.68904 0.000299063
  144 143.5 0.685526 0.000297537
  145 144.5 0.68232 0.000296146
  146 145.5 0.687486 0.000298388
  147 146.5 0.687326 0.000298319
  148 147.5 0.685068 0.000297339
  149 148.5 0.687152 0.000298243
  150 149.5 0.690412 0.000299658
  151 150.5 0.68479 0.000297218
  152 151.5 0.68033 0.000295282
  153 152.5 0.681808 0.000295924
  154 153.5 0.68803 0.000298624
  155 154.5 0.689484 0.000299255
  156 155.5 0.690022 0.000299489
  157 156.5 0.695208 0.00030174
  158 157.5 0.687638 0.000298454
  159 158.5 0.69176 0.000300243
  160 159.5 0.695934 0.000302055
  161 160.5 0.694292 0.000301342
  162 161.5 0.685794 0.000297654
  163 162.5 0.687518 0.000298402
  164 163.5 0.689272 0.000299163
  165 164.5 0.69042 0.000299661
  166 165.5 0.695192 0.000301733
  167 166.5 0.694674 0.000301508
  168 167.5 0.690646 0.00029976
  169 168.5 0.693714 0.000301091
  170 169.5 0.691096 0.000299955
  171 170.5 0.690302 0.00029961
  172 171.5 0.690414 0.000299659
  173 172.5 0.688124 0.000298665
  174 173.5 0.695744 0.000301972
  175 174.5 0.690626 0.000299751
  176 175.5 0.688678 0.000298905
  177 176.5 0.694398 0.000301388
  178 177.5 0.691818 0.000300268
  179 178.5 0.690082 0.000299515
  180 179.5 0.689632 0.000299319
  181 180.5 0.686966 0.000298162
  182 181.5 0.680378 0.000295303
  183 182.5 0.676644 0.000293682
  184 183.5 0.683988 0.00029687
  185 184.5 0.681084 0.000295609
  186 185.5 0.68877 0.000298945
  187 186.5 0.683662 0.000296728
  188 187.5 0.678918 0.000294669
  189 188.5 0.680508 0.000295359
  190 189.5 0.679924 0.000295106
  191 190.5 0.677358 0.000293992
  192 191.5 0.68454 0.000297109
  193 192.5 0.680372 0.0002953
  194 193.5 0.684496 0.00029709
  195 194.5 0.685904 0.000297701
  196 195.5 0.686816 0.000298097
  197 196.5 0.68091 0.000295534
  198 197.5 0.685218 0.000297404
  199 198.5 0.690376 0.000299642
  200 199.5 0.686594 0.000298001
  201 200.5 0.683356 0.000296595
  202 201.5 0.68385 0.00029681
  203 202.5 0.679768 0.000295038
  204 203.5 0.680102 0.000295183
  205 204.5 0.68573 0.000297626
  206 205.5 0.683682 0.000296737
  207 206.5 0.680246 0.000295246
  208 207.5 0.676986 0.000293831
  209 208.5 0.677516 0.000294061
  210 209.5 0.680764 0.00029547
  211 210.5 0.684842 0.00029724
  212 211.5 0.68569 0.000297609
  213 212.5 0.67835 0.000294423
  214 213.5 0.686244 0.000297849
  215 214.5 0.6817 0.000295877
  216 215.5 0.68852 0.000298837
  217 216.5 0.6908 0.000299826
  218 217.5 0.694518 0.00030144
  219 218.5 0.698112 0.000303
  220 219.5 0.706788 0.000306766
  221 220.5 0.710148 0.000308224
  222 221.5 0.713056 0.000309486
  223 222.5 0.729198 0.000316492
  224 223.5 0.745316 0.000323488
  225 224.5 0.771514 0.000334859
  226 225.5 0.80529 0.000349518
  227 226.5 0.859436 0.000373019
  228 227.5 0.926238 0.000402013
  229 228.5 1.03254 0.00044815
  230 229.5 1.15929 0.000503164
  231 230.5 1.33275 0.000578452
  232 231.5 1.57973 0.000685645
  233 232.5 1.904 0.000826389
  234 233.5 2.30842 0.00100192
  235 234.5 2.844 0.00123437
  236 235.5 3.53179 0.0015329
  237 236.5 4.35729 0.00189119
  238 237.5 5.34692 0.00232071
  239 238.5 6.49979 0.00282109
  240 239.5 7.84455 0.00340475
  241 240.5 9.36342 0.00406398
  242 241.5 11.0215 0.00478363
  243 242.5 12.7773 0.0055457
  244 243.5 14.6195 0.00634527
  245 244.5 16.5014 0.00716208
  246 245.5 18.3139 0.00794874
  247 246.5 20.091 0.00872006
  248 247.5 21.7029 0.00941966
  249 248.5 23.1792 0.0100604
  250 249.5 24.5031 0.010635
  251 250.5 25.6371 0.0111272
  252 251.5 26.6109 0.0115499
  253 252.5 27.4082 0.0118959
  254 253.5 28.0822 0.0121884
  255 254.5 28.6103 0.0124177
  256 255.5 29.0296 0.0125996
  257 256.5 29.3849 0.0127539
  258 257.5 29.6791 0.0128815
  259 258.5 29.8754 0.0129667
  260 259.5 30.0077 0.0130242
  261 260.5 30.1527 0.0130871
  262 261.5 30.2303 0.0131208
  263 262.5 30.3015 0.0131517
  264 263.5 30.3592 0.0131767
  265 264.5 30.4021 0.0131953
  266 265.5 30.465 0.0132227
  267 266.5 30.4659 0.0132231
  268 267.5 30.4529 0.0132174
  269 268.5 30.4583 0.0132197
  270 269.5 30.4698 0.0132248
  271 270.5 30.4664 0.0132233
  272 271.5 30.4704 0.013225
  273 272.5 30.4684 0.0132241
  274 273.5 30.4389 0.0132113
  275 274.5 30.4405 0.013212
  276 275.5 30.4115 0.0131994
  277 276.5 30.4079 0.0131979
  278 277.5 30.3639 0.0131788
  279 278.5 30.3559 0.0131753
  280 279.5 30.3384 0.0131677
  281 280.5 30.3227 0.0131609
  282 281.5 30.3005 0.0131512
  283 282.5 30.3052 0.0131533
  284 283.5 30.2938 0.0131483
  285 284.5 30.2925 0.0131478
  286 285.5 30.2588 0.0131332
  287 286.5 30.2761 0.0131407
  288 287.5 30.3422 0.0131694
  289 288.5 30.2761 0.0131407
  290 289.5 30.2549 0.0131315
  291 290.5 30.312 0.0131563
  292 291.5 30.2988 0.0131505
  293 292.5 30.2726 0.0131391
  294 293.5 30.2704 0.0131382
  295 294.5 30.3441 0.0131702
  296 295.5 30.2848 0.0131444
  297 296.5 30.3103 0.0131555
  298 297.5 30.3263 0.0131625
  299 298.5 30.363 0.0131784
  300 299.5 30.3116 0.0131561
  301 300.5 30.2885 0.013146
  302 301.5 30.3109 0.0131558
  303 302.5 30.3244 0.0131616
  304 303.5 30.3396 0.0131682
  305 304.5 30.3115 0.013156
  306 305.5 30.3599 0.013177
  307 306.5 30.3385 0.0131678
  308 307.5 30.334 0.0131658
  309 308.5 30.2903 0.0131468
  310 309.5 30.3341 0.0131658
  311 310.5 30.3025 0.0131521
  312 311.5 30.3323 0.0131651
  313 312.5 30.3308 0.0131644
  314 313.5 30.3377 0.0131674
  315 314.5 30.3667 0.01318
  316 315.5 30.3993 0.0131941
  317 316.5 30.405 0.0131966
  318 317.5 30.384 0.0131875
  319 318.5 30.4393 0.0132115
  320 319.5 30.4701 0.0132249
  321 320.5 30.4284 0.0132068
  322 321.5 30.4649 0.0132226
  323 322.5 30.5104 0.0132423
  324 323.5 30.5114 0.0132428
  325 324.5 30.4617 0.0132212
  326 325.5 30.5123 0.0132432
  327 326.5 30.5481 0.0132587
  328 327.5 30.544 0.013257
  329 328.5 30.5469 0.0132582
  330 329.5 30.5452 0.0132575
  331 330.5 30.5141 0.013244
  332 331.5 30.5298 0.0132508
  333 332.5 30.5327 0.013252
  334 333.5 30.5162 0.0132449
  335 334.5 30.511 0.0132426
  336 335.5 30.5469 0.0132582
  337 336.5 30.5409 0.0132556
  338 337.5 30.4933 0.0132349
  339 338.5 30.5037 0.0132395
  340 339.5 30.4954 0.0132358
  341 340.5 30.4964 0.0132363
  342 341.5 30.4515 0.0132168
  343 342.5 30.4675 0.0132237
  344 343.5 30.4853 0.0132315
  345 344.5 30.5114 0.0132428
  346 345.5 30.4896 0.0132333
  347 346.5 30.5121 0.0132431
  348 347.5 30.5161 0.0132448
  349 348.5 30.5056 0.0132403
  350 349.5 30.4802 0.0132292
  351 350.5 30.5252 0.0132488
  352 351.5 30.5328 0.0132521
  353 352.5 30.495 0.0132357
  354 353.5 30.5327 0.0132521
  355 354.5 30.5253 0.0132488
  356 355.5 30.4988 0.0132373
  357 356.5 30.5339 0.0132526
  358 357.5 30.5111 0.0132426
  359 358.5 30.514 0.0132439
  360 359.5 30.5469 0.0132582
  361 360.5 30.556 0.0132621
  362 361.5 30.5687 0.0132677
  363 362.5 30.5959 0.0132795
  364 363.5 30.5996 0.0132811
  365 364.5 30.5801 0.0132726
  366 365.5 30.6223 0.0132909
  367 366.5 30.6016 0.013282
  368 367.5 30.6161 0.0132883
  369 368.5 30.6385 0.013298
  370 369.5 30.6004 0.0132814
  371 370.5 30.6228 0.0132911
  372 371.5 30.5654 0.0132662
  373 372.5 30.609 0.0132851
  374 373.5 30.6347 0.0132963
  375 374.5 30.612 0.0132865
  376 375.5 30.6171 0.0132887
  377 376.5 30.6151 0.0132878
  378 377.5 30.5922 0.0132778
  379 378.5 30.5802 0.0132727
  380 379.5 30.57 0.0132682
  381 380.5 30.563 0.0132652
  382 381.5 30.537 0.0132539
  383 382.5 30.5457 0.0132577
  384 383.5 30.5257 0.013249
  385 384.5 30.4589 0.01322
  386 385.5 30.4157 0.0132012
  387 386.5 30.3521 0.0131737
  388 387.5 30.2835 0.0131439
  389 388.5 30.1331 0.0130786
  390 389.5 30.0372 0.013037
  391 390.5 29.864 0.0129618
  392 391.5 29.6145 0.0128535
  393 392.5 29.3418 0.0127352
  394 393.5 29.0298 0.0125998
  395 394.5 28.5937 0.0124105
  396 395.5 28.049 0.0121741
  397 396.5 27.4562 0.0119168
  398 397.5 26.6858 0.0115824
  399 398.5 25.6799 0.0111458
  400 399.5 24.5259 0.0106449
  401 400.5 23.2285 0.0100818
  402 401.5 21.7421 0.0094367
  403 402.5 20.061 0.00870702
  404 403.5 18.3076 0.00794603
  405 404.5 16.5229 0.00717141
  406 405.5 14.7344 0.00639513
  407 406.5 12.9617 0.00562573
  408 407.5 11.361 0.004931
  409 408.5 9.8726 0.00428498
  410 409.5 8.59216 0.00372924
  411 410.5 7.48279 0.00324774
  412 411.5 6.57889 0.00285542
  413 412.5 5.81821 0.00252526
  414 413.5 5.19723 0.00225574
  415 414.5 4.70516 0.00204217
  416 415.5 4.31207 0.00187156
  417 416.5 4.02042 0.00174497
  418 417.5 3.77226 0.00163727
  419 418.5 3.59279 0.00155937
  420 419.5 3.4513 0.00149796
  421 420.5 3.35363 0.00145557
  422 421.5 3.26843 0.00141859
  423 422.5 3.20433 0.00139077
  424 423.5 3.16803 0.00137501
  425 424.5 3.12013 0.00135422
  426 425.5 3.09197 0.001342
  427 426.5 3.06873 0.00133191
  428 427.5 3.05379 0.00132543
  429 428.5 3.04378 0.00132108
  430 429.5 3.021 0.0013112
  431 430.5 3.01364 0.001308
  432 431.5 2.99295 0.00129902
  433 432.5 2.97812 0.00129259
  434 433.5 2.98046 0.0012936
  435 434.5 2.95558 0.0012828
  436 435.5 2.93406 0.00127346
  437 436.5 2.93306 0.00127303
  438 437.5 2.93346 0.0012732
  439 438.5 2.92386 0.00126904
  440 439.5 2.91524 0.0012653
  441 440.5 2.90398 0.00126041
  442 441.5 2.90277 0.00125988
  443 442.5 2.9089 0.00126254
  444 443.5 2.92581 0.00126988
  445 444.5 2.93392 0.0012734
  446 445.5 2.93313 0.00127306
  447 446.5 2.94955 0.00128019
  448 447.5 2.95344 0.00128188
  449 448.5 2.95764 0.0012837
  450 449.5 2.94709 0.00127912
  451 450.5 2.96116 0.00128523
  452 451.5 2.96755 0.001288
  453 452.5 2.96969 0.00128893
  454 453.5 2.99184 0.00129854
  455 454.5 3.00383 0.00130375
  456 455.5 3.00509 0.00130429
  457 456.5 2.99997 0.00130207
  458 457.5 2.9985 0.00130143
  459 458.5 3.01179 0.0013072
  460 459.5 3.03789 0.00131853
  461 460.5 3.05415 0.00132559
  462 461.5 3.0631 0.00132947
  463 462.5 3.05113 0.00132428
  464 463.5 3.07096 0.00133288
  465 464.5 3.08165 0.00133752
  466 465.5 3.08836 0.00134043
  467 466.5 3.0778 0.00133585
  468 467.5 3.08751 0.00134007
  469 468.5 3.09133 0.00134172
  470 469.5 3.08285 0.00133804
  471 470.5 3.0555 0.00132617
  472 471.5 3.04732 0.00132262
  473 472.5 3.0281 0.00131428
  474 473.5 3.031 0.00131554
  475 474.5 3.02194 0.00131161
  476 475.5 3.02143 0.00131139
  477 476.5 3.01633 0.00130917
  478 477.5 3.02682 0.00131372
  479 478.5 3.02846 0.00131444
  480 479.5 3.02493 0.0013129
