# Chunk-averaged data for fix tensor3 and group c2
# Timestep Number-of-chunks Total-count
# Chunk Coord1 Ncount density/number
20000000 480 6253.999999999999
  1 0.5 1.08638 0.00047152
  2 1.5 1.08072 0.000469063
  3 2.5 1.07615 0.000467079
  4 3.5 1.0799 0.000468707
  5 4.5 1.06837 0.000463701
  6 5.5 1.05793 0.000459173
  7 6.5 1.04715 0.000454493
  8 7.5 1.03876 0.000450851
  9 8.5 1.01935 0.000442424
  10 9.5 0.994008 0.000431427
  11 10.5 0.974954 0.000423157
  12 11.5 0.947512 0.000411247
  13 12.5 0.909768 0.000394865
  14 13.5 0.870216 0.000377698
  15 14.5 0.808128 0.00035075
  16 15.5 0.760438 0.000330051
  17 16.5 0.712492 0.000309241
  18 17.5 0.656726 0.000285037
  19 18.5 0.596718 0.000258992
  20 19.5 0.53696 0.000233056
  21 20.5 0.468058 0.00020315
  22 21.5 0.405676 0.000176075
  23 22.5 0.34219 0.00014852
  24 23.5 0.285044 0.000123717
  25 24.5 0.233212 0.00010122
  26 25.5 0.192878 8.37144e-05
  27 26.5 0.156452 6.79045e-05
  28 27.5 0.129212 5.60816e-05
  29 28.5 0.102182 4.43498e-05
  30 29.5 0.084784 3.67986e-05
  31 30.5 0.06954 3.01823e-05
  32 31.5 0.059154 2.56745e-05
  33 32.5 0.049812 2.16198e-05
  34 33.5 0.042844 1.85955e-05
  35 34.5 0.038906 1.68863e-05
  36 35.5 0.035142 1.52526e-05
  37 36.5 0.032264 1.40035e-05
  38 37.5 0.031018 1.34627e-05
  39 38.5 0.029456 1.27847e-05
  40 39.5 0.027526 1.1947e-05
  41 40.5 0.027914 1.21155e-05
  42 41.5 0.026702 1.15894e-05
  43 42.5 0.026372 1.14462e-05
  44 43.5 0.027902 1.21102e-05
  45 44.5 0.028884 1.25365e-05
  46 45.5 0.02734 1.18663e-05
  47 46.5 0.026852 1.16545e-05
  48 47.5 0.027256 1.18299e-05
  49 48.5 0.028732 1.24705e-05
  50 49.5 0.02804 1.21701e-05
  51 50.5 0.029414 1.27665e-05
  52 51.5 0.02823 1.22526e-05
  53 52.5 0.027638 1.19957e-05
  54 53.5 0.027388 1.18872e-05
  55 54.5 0.026026 1.1296e-05
  56 55.5 0.02733 1.1862e-05
  57 56.5 0.027974 1.21415e-05
  58 57.5 0.025848 1.12187e-05
  59 58.5 0.025924 1.12517e-05
  60 59.5 0.027274 1.18377e-05
  61 60.5 0.026566 1.15304e-05
  62 61.5 0.02612 1.13368e-05
  63 62.5 0.025504 1.10694e-05
  64 63.5 0.027878 1.20998e-05
  65 64.5 0.02691 1.16797e-05
  66 65.5 0.02751 1.19401e-05
  67 66.5 0.027802 1.20668e-05
  68 67.5 0.027864 1.20937e-05
  69 68.5 0.027678 1.2013e-05
  70 69.5 0.026484 1.14948e-05
  71 70.5 0.026702 1.15894e-05
  72 71.5 0.027258 1.18307e-05
  73 72.5 0.027456 1.19167e-05
  74 73.5 0.027282 1.18411e-05
  75 74.5 0.026258 1.13967e-05
  76 75.5 0.028206 1.22422e-05
  77 76.5 0.026906 1.1678e-05
  78 77.5 0.02788 1.21007e-05
  79 78.5 0.02832 1.22917e-05
  80 79.5 0.028842 1.25182e-05
  81 80.5 0.028288 1.22778e-05
  82 81.5 0.02705 1.17405e-05
  83 82.5 0.026088 1.13229e-05
  84 83.5 0.02708 1.17535e-05
  85 84.5 0.028016 1.21597e-05
  86 85.5 0.027306 1.18516e-05
  87 86.5 0.027004 1.17205e-05
  88 87.5 0.025976 1.12743e-05
  89 88.5 0.025354 1.10043e-05
  90 89.5 0.025536 1.10833e-05
  91 90.5 0.024928 1.08194e-05
  92 91.5 0.024964 1.08351e-05
  93 92.5 0.025038 1.08672e-05
  94 93.5 0.025658 1.11363e-05
  95 94.5 0.02639 1.1454e-05
  96 95.5 0.025758 1.11797e-05
  97 96.5 0.025324 1.09913e-05
  98 97.5 0.025592 1.11076e-05
  99 98.5 0.026992 1.17153e-05
  100 99.5 0.026268 1.1401e-05
  101 100.5 0.025896 1.12396e-05
  102 101.5 0.025076 1.08837e-05
  103 102.5 0.02585 1.12196e-05
  104 103.5 0.025506 1.10703e-05
  105 104.5 0.026938 1.16918e-05
  106 105.5 0.025646 1.11311e-05
  107 106.5 0.026416 1.14653e-05
  108 107.5 0.025422 1.10339e-05
  109 108.5 0.02619 1.13672e-05
  110 109.5 0.025458 1.10495e-05
  111 110.5 0.025076 1.08837e-05
  112 111.5 0.025196 1.09358e-05
  113 112.5 0.025788 1.11927e-05
  114 113.5 0.025642 1.11293e-05
  115 114.5 0.025134 1.09089e-05
  116 115.5 0.02616 1.13542e-05
  117 116.5 0.02526 1.09635e-05
  118 117.5 0.024654 1.07005e-05
  119 118.5 0.024836 1.07795e-05
  120 119.5 0.024434 1.0605e-05
  121 120.5 0.025622 1.11207e-05
  122 121.5 0.024982 1.08429e-05
  123 122.5 0.024854 1.07873e-05
  124 123.5 0.023498 1.01988e-05
  125 124.5 0.023724 1.02969e-05
  126 125.5 0.02385 1.03516e-05
  127 126.5 0.024356 1.05712e-05
  128 127.5 0.024838 1.07804e-05
  129 128.5 0.02461 1.06814e-05
  130 129.5 0.024744 1.07396e-05
  131 130.5 0.023108 1.00295e-05
  132 131.5 0.023122 1.00356e-05
  133 132.5 0.02248 9.75694e-06
  134 133.5 0.022318 9.68663e-06
  135 134.5 0.022508 9.7691e-06
  136 135.5 0.02426 1.05295e-05
  137 136.5 0.025862 1.12248e-05
  138 137.5 0.024662 1.0704e-05
  139 138.5 0.024336 1.05625e-05
  140 139.5 0.023808 1.03333e-05
  141 140.5 0.024748 1.07413e-05
  142 141.5 0.024428 1.06024e-05
  143 142.5 0.02403 1.04297e-05
  144 143.5 0.024482 1.06259e-05
  145 144.5 0.022972 9.97049e-06
  146 145.5 0.02253 9.77865e-06
  147 146.5 0.021736 9.43403e-06
  148 147.5 0.02312 1.00347e-05
  149 148.5 0.02309 1.00217e-05
  150 149.5 0.022654 9.83247e-06
  151 150.5 0.022464 9.75e-06
  152 151.5 0.02315 1.00477e-05
  153 152.5 0.023962 1.04002e-05
  154 153.5 0.02445 1.0612e-05
  155 154.5 0.02394 1.03906e-05
  156 155.5 0.024514 1.06398e-05
  157 156.5 0.024548 1.06545e-05
  158 157.5 0.02377 1.03168e-05
  159 158.5 0.023838 1.03464e-05
  160 159.5 0.023742 1.03047e-05
  161 160.5 0.024246 1.05234e-05
  162 161.5 0.023862 1.03568e-05
  163 162.5 0.024996 1.0849e-05
  164 163.5 0.024806 1.07665e-05
  165 164.5 0.027038 1.17352e-05
  166 165.5 0.027766 1.20512e-05
  167 166.5 0.028692 1.24531e-05
  168 167.5 0.029812 1.29392e-05
  169 168.5 0.03222 1.39844e-05
  170 169.5 0.036048 1.56458e-05
  171 170.5 0.039492 1.71406e-05
  172 171.5 0.045724 1.98455e-05
  173 172.5 0.052786 2.29106e-05
  174 173.5 0.062322 2.70495e-05
  175 174.5 0.073442 3.18759e-05
  176 175.5 0.091636 3.97726e-05
  177 176.5 0.11229 4.8737e-05
  178 177.5 0.139234 6.04314e-05
  179 178.5 0.175848 7.63229e-05
  180 179.5 0.217076 9.4217e-05
  181 180.5 0.257976 0.000111969
  182 181.5 0.308146 0.000133744
  183 182.5 0.362564 0.000157363
  184 183.5 0.416048 0.000180576
  185 184.5 0.477946 0.000207442
  186 185.5 0.539596 0.0002342
  187 186.5 0.603562 0.000261963
  188 187.5 0.660248 0.000286566
  189 188.5 0.71006 0.000308186
  190 189.5 0.758968 0.000329413
  191 190.5 0.798292 0.000346481
  192 191.5 0.842424 0.000365635
  193 192.5 0.885864 0.00038449
  194 193.5 0.922456 0.000400372
  195 194.5 0.960444 0.000416859
  196 195.5 0.977146 0.000424109
  197 196.5 1.0139 0.000440062
  198 197.5 1.04228 0.000452378
  199 198.5 1.08729 0.000471916
  200 199.5 1.14062 0.00049506
  201 200.5 1.22238 0.000530545
  202 201.5 1.35824 0.000589513
  203 202.5 1.55468 0.000674774
  204 203.5 1.88274 0.000817161
  205 204.5 2.43203 0.00105557
  206 205.5 3.28584 0.00142615
  207 206.5 4.59593 0.00199476
  208 207.5 6.54693 0.00284155
  209 208.5 9.23623 0.00400878
  210 209.5 12.588 0.00546353
  211 210.5 16.5427 0.00718001
  212 211.5 20.7797 0.00901896
  213 212.5 24.9127 0.0108128
  214 213.5 28.5053 0.0123721
  215 214.5 31.5195 0.0136803
  216 215.5 33.7345 0.0146417
  217 216.5 35.3658 0.0153497
  218 217.5 36.4308 0.015812
  219 218.5 37.1572 0.0161273
  220 219.5 37.6053 0.0163217
  221 220.5 37.9371 0.0164658
  222 221.5 38.1476 0.0165571
  223 222.5 38.2544 0.0166035
  224 223.5 38.3513 0.0166455
  225 224.5 38.4378 0.0166831
  226 225.5 38.4766 0.0166999
  227 226.5 38.5317 0.0167238
  228 227.5 38.5362 0.0167258
  229 228.5 38.6029 0.0167547
  230 229.5 38.5719 0.0167413
  231 230.5 38.5751 0.0167427
  232 231.5 38.6449 0.016773
  233 232.5 38.5883 0.0167484
  234 233.5 38.6025 0.0167546
  235 234.5 38.6566 0.016778
  236 235.5 38.5912 0.0167496
  237 236.5 38.6295 0.0167663
  238 237.5 38.7016 0.0167976
  239 238.5 38.6371 0.0167696
  240 239.5 38.6461 0.0167735
  241 240.5 38.7113 0.0168018
  242 241.5 38.6842 0.01679
  243 242.5 38.672 0.0167847
  244 243.5 38.6633 0.016781
  245 244.5 38.7245 0.0168075
  246 245.5 38.6325 0.0167676
  247 246.5 38.6607 0.0167798
  248 247.5 38.6772 0.016787
  249 248.5 38.6763 0.0167866
  250 249.5 38.6544 0.0167771
  251 250.5 38.6599 0.0167795
  252 251.5 38.7689 0.0168268
  253 252.5 38.6953 0.0167948
  254 253.5 38.6798 0.0167881
  255 254.5 38.7336 0.0168115
  256 255.5 38.7972 0.0168391
  257 256.5 38.6782 0.0167874
  258 257.5 38.7 0.0167969
  259 258.5 38.7513 0.0168192
  260 259.5 38.6357 0.016769
  261 260.5 38.6563 0.0167779
  262 261.5 38.6971 0.0167956
  263 262.5 38.6064 0.0167563
  264 263.5 38.576 0.0167431
  265 264.5 38.6492 0.0167748
  266 265.5 38.6125 0.0167589
  267 266.5 38.5443 0.0167293
  268 267.5 38.6144 0.0167597
  269 268.5 38.6246 0.0167641
  270 269.5 38.5609 0.0167365
  271 270.5 38.5705 0.0167407
  272 271.5 38.6347 0.0167685
  273 272.5 38.5759 0.016743
  274 273.5 38.5446 0.0167294
  275 274.5 38.6326 0.0167676
  276 275.5 38.6052 0.0167557
  277 276.5 38.5046 0.0167121
  278 277.5 38.652 0.016776
  279 278.5 38.6155 0.0167602
  280 279.5 38.5017 0.0167108
  281 280.5 38.5905 0.0167494
  282 281.5 38.6461 0.0167735
  283 282.5 38.5823 0.0167458
  284 283.5 38.5766 0.0167433
  285 284.5 38.6952 0.0167948
  286 285.5 38.6071 0.0167566
  287 286.5 38.5931 0.0167505
  288 287.5 38.6231 0.0167635
  289 288.5 38.6597 0.0167794
  290 289.5 38.5661 0.0167388
  291 290.5 38.6135 0.0167593
  292 291.5 38.65 0.0167752
  293 292.5 38.614 0.0167595
  294 293.5 38.5731 0.0167418
  295 294.5 38.6394 0.0167706
  296 295.5 38.6438 0.0167725
  297 296.5 38.5922 0.0167501
  298 297.5 38.5654 0.0167385
  299 298.5 38.6299 0.0167665
  300 299.5 38.5937 0.0167507
  301 300.5 38.5906 0.0167494
  302 301.5 38.6483 0.0167744
  303 302.5 38.6238 0.0167638
  304 303.5 38.6092 0.0167575
  305 304.5 38.6174 0.016761
  306 305.5 38.6342 0.0167683
  307 306.5 38.6422 0.0167718
  308 307.5 38.6033 0.0167549
  309 308.5 38.627 0.0167652
  310 309.5 38.6515 0.0167758
  311 310.5 38.5629 0.0167374
  312 311.5 38.5886 0.0167485
  313 312.5 38.5724 0.0167415
  314 313.5 38.5591 0.0167357
  315 314.5 38.539 0.016727
  316 315.5 38.5875 0.016748
  317 316.5 38.5396 0.0167272
  318 317.5 38.5761 0.0167431
  319 318.5 38.6062 0.0167562
  320 319.5 38.574 0.0167422
  321 320.5 38.5387 0.0167269
  322 321.5 38.5952 0.0167514
  323 322.5 38.548 0.0167309
  324 323.5 38.5506 0.016732
  325 324.5 38.5671 0.0167392
  326 325.5 38.6149 0.01676
  327 326.5 38.5589 0.0167357
  328 327.5 38.5993 0.0167532
  329 328.5 38.6525 0.0167763
  330 329.5 38.6036 0.016755
  331 330.5 38.5923 0.0167501
  332 331.5 38.6091 0.0167574
  333 332.5 38.6544 0.0167771
  334 333.5 38.5688 0.0167399
  335 334.5 38.568 0.0167396
  336 335.5 38.6268 0.0167651
  337 336.5 38.5872 0.0167479
  338 337.5 38.522 0.0167196
  339 338.5 38.5697 0.0167403
  340 339.5 38.6012 0.016754
  341 340.5 38.5152 0.0167167
  342 341.5 38.5119 0.0167153
  343 342.5 38.5575 0.016735
  344 343.5 38.5323 0.0167241
  345 344.5 38.487 0.0167044
  346 345.5 38.5073 0.0167133
  347 346.5 38.5758 0.016743
  348 347.5 38.5397 0.0167273
  349 348.5 38.5014 0.0167107
  350 349.5 38.5265 0.0167216
  351 350.5 38.5975 0.0167524
  352 351.5 38.5223 0.0167198
  353 352.5 38.4854 0.0167037
  354 353.5 38.5438 0.0167291
  355 354.5 38.5039 0.0167117
  356 355.5 38.3763 0.0166564
  357 356.5 38.4119 0.0166718
  358 357.5 38.3411 0.0166411
  359 358.5 38.1791 0.0165708
  360 359.5 38.0254 0.0165041
  361 360.5 37.8039 0.016408
  362 361.5 37.3833 0.0162254
  363 362.5 36.7262 0.0159402
  364 363.5 35.8384 0.0155549
  365 364.5 34.4114 0.0149355
  366 365.5 32.3758 0.014052
  367 366.5 29.7373 0.0129068
  368 367.5 26.3141 0.0114211
  369 368.5 22.3447 0.00969823
  370 369.5 18.0699 0.00784284
  371 370.5 13.947 0.0060534
  372 371.5 10.3124 0.00447585
  373 372.5 7.371 0.00319922
  374 373.5 5.19478 0.00225468
  375 374.5 3.6825 0.00159831
  376 375.5 2.69192 0.00116837
  377 376.5 2.0642 0.000895918
  378 377.5 1.68004 0.000729186
  379 378.5 1.45412 0.000631127
  380 379.5 1.30892 0.000568106
  381 380.5 1.21725 0.00052832
  382 381.5 1.15708 0.000502207
  383 382.5 1.12766 0.000489435
  384 383.5 1.10876 0.000481234
  385 384.5 1.09234 0.000474107
  386 385.5 1.07865 0.000468166
  387 386.5 1.06358 0.000461622
  388 387.5 1.03801 0.000450523
  389 388.5 1.03205 0.000447938
  390 389.5 1.0355 0.000449437
  391 390.5 1.02548 0.000445086
  392 391.5 1.02186 0.000443516
  393 392.5 1.01366 0.000439955
  394 393.5 1.01746 0.000441606
  395 394.5 1.0138 0.000440017
  396 395.5 1.0037 0.000435634
  397 396.5 0.994302 0.000431555
  398 397.5 0.994924 0.000431825
  399 398.5 0.994854 0.000431794
  400 399.5 0.990676 0.000429981
  401 400.5 0.99447 0.000431628
  402 401.5 0.98739 0.000428555
  403 402.5 0.98989 0.00042964
  404 403.5 0.994146 0.000431487
  405 404.5 0.998668 0.00043345
  406 405.5 0.998084 0.000433196
  407 406.5 0.993068 0.000431019
  408 407.5 0.990192 0.000429771
  409 408.5 0.984992 0.000427514
  410 409.5 0.991894 0.00043051
  411 410.5 0.989396 0.000429425
  412 411.5 0.997366 0.000432885
  413 412.5 0.996296 0.00043242
  414 413.5 0.997492 0.000432939
  415 414.5 0.994726 0.000431739
  416 415.5 1.00135 0.000434613
  417 416.5 0.998614 0.000433426
  418 417.5 1.00159 0.000434718
  419 418.5 0.99518 0.000431936
  420 419.5 0.988556 0.000429061
  421 420.5 0.994004 0.000431425
  422 421.5 1.00089 0.000434414
  423 422.5 1.00503 0.000436209
  424 423.5 1.01545 0.000440735
  425 424.5 1.02291 0.000443971
  426 425.5 1.02011 0.000442758
  427 426.5 1.02604 0.000445331
  428 427.5 1.02663 0.000445587
  429 428.5 1.03532 0.000449357
  430 429.5 1.03848 0.000450729
  431 430.5 1.03808 0.000450554
  432 431.5 1.04609 0.00045403
  433 432.5 1.05282 0.000456951
  434 433.5 1.04574 0.000453878
  435 434.5 1.03654 0.000449885
  436 435.5 1.05633 0.000458477
  437 436.5 1.06362 0.000461642
  438 437.5 1.06902 0.000463983
  439 438.5 1.07357 0.00046596
  440 439.5 1.07511 0.000466628
  441 440.5 1.07837 0.000468043
  442 441.5 1.08379 0.000470394
  443 442.5 1.08298 0.000470045
  444 443.5 1.07746 0.000467647
  445 444.5 1.07489 0.000466534
  446 445.5 1.072 0.000465277
  447 446.5 1.07802 0.000467891
  448 447.5 1.0789 0.000468272
  449 448.5 1.07184 0.000465207
  450 449.5 1.05942 0.000459819
  451 450.5 1.05855 0.00045944
  452 451.5 1.05318 0.000457109
  453 452.5 1.06263 0.000461211
  454 453.5 1.05726 0.000458881
  455 454.5 1.05562 0.000458168
  456 455.5 1.05541 0.000458076
  457 456.5 1.06249 0.000461149
  458 457.5 1.06138 0.000460668
  459 458.5 1.06494 0.000462214
  460 459.5 1.06396 0.000461789
  461 460.5 1.0716 0.000465103
  462 461.5 1.07145 0.000465039
  463 462.5 1.07448 0.000466354
  464 463.5 1.0799 0.000468706
  465 464.5 1.07697 0.000467436
  466 465.5 1.07453 0.000466377
  467 466.5 1.0756 0.000466839
  468 467.5 1.08197 0.000469606
  469 468.5 1.07554 0.000466812
  470 469.5 1.07377 0.000466045
  471 470.5 1.081 0.000469185
  472 471.5 1.07783 0.000467808
  473 472.5 1.07901 0.00046832
  474 473.5 1.0833 0.000470181
  475 474.5 1.09669 0.000475993
  476 475.5 1.09136 0.000473681
  477 476.5 1.09118 0.000473601
  478 477.5 1.09673 0.00047601
  479 478.5 1.0921 0.000474002
  480 479.5 1.0771 0.00046749
30000000 480 6253.999999999998
  1 0.5 0.626474 0.000271907
  2 1.5 0.590708 0.000256384
  3 2.5 0.547512 0.000237635
  4 3.5 0.504058 0.000218775
  5 4.5 0.455084 0.000197519
  6 5.5 0.407458 0.000176848
  7 6.5 0.359892 0.000156203
  8 7.5 0.313932 0.000136255
  9 8.5 0.275462 0.000119558
  10 9.5 0.23769 0.000103164
  11 10.5 0.200988 8.72344e-05
  12 11.5 0.164234 7.12821e-05
  13 12.5 0.13469 5.84592e-05
  14 13.5 0.11292 4.90104e-05
  15 14.5 0.092068 3.99601e-05
  16 15.5 0.077444 3.36128e-05
  17 16.5 0.063916 2.77413e-05
  18 17.5 0.052434 2.27578e-05
  19 18.5 0.046284 2.00885e-05
  20 19.5 0.040262 1.74748e-05
  21 20.5 0.033602 1.45842e-05
  22 21.5 0.031352 1.36076e-05
  23 22.5 0.028002 1.21536e-05
  24 23.5 0.026706 1.15911e-05
  25 24.5 0.025082 1.08863e-05
  26 25.5 0.024492 1.06302e-05
  27 26.5 0.023338 1.01293e-05
  28 27.5 0.022488 9.76042e-06
  29 28.5 0.02243 9.73524e-06
  30 29.5 0.023054 1.00061e-05
  31 30.5 0.022316 9.68576e-06
  32 31.5 0.022222 9.64497e-06
  33 32.5 0.022144 9.61111e-06
  34 33.5 0.022066 9.57726e-06
  35 34.5 0.022488 9.76042e-06
  36 35.5 0.022672 9.84028e-06
  37 36.5 0.022836 9.91146e-06
  38 37.5 0.02311 1.00304e-05
  39 38.5 0.023258 1.00946e-05
  40 39.5 0.0234 1.01562e-05
  41 40.5 0.022748 9.87326e-06
  42 41.5 0.022028 9.56076e-06
  43 42.5 0.022148 9.61285e-06
  44 43.5 0.02267 9.83941e-06
  45 44.5 0.022504 9.76736e-06
  46 45.5 0.0228 9.89583e-06
  47 46.5 0.022892 9.93576e-06
  48 47.5 0.023696 1.02847e-05
  49 48.5 0.023734 1.03012e-05
  50 49.5 0.023236 1.00851e-05
  51 50.5 0.023012 9.98785e-06
  52 51.5 0.022356 9.70313e-06
  53 52.5 0.02237 9.7092e-06
  54 53.5 0.022844 9.91493e-06
  55 54.5 0.022156 9.61632e-06
  56 55.5 0.021786 9.45573e-06
  57 56.5 0.021932 9.5191e-06
  58 57.5 0.021382 9.28038e-06
  59 58.5 0.021194 9.19878e-06
  60 59.5 0.020742 9.0026e-06
  61 60.5 0.02111 9.16233e-06
  62 61.5 0.021672 9.40625e-06
  63 62.5 0.022334 9.69358e-06
  64 63.5 0.022778 9.88628e-06
  65 64.5 0.021856 9.48611e-06
  66 65.5 0.02249 9.76128e-06
  67 66.5 0.021552 9.35417e-06
  68 67.5 0.022158 9.61719e-06
  69 68.5 0.02228 9.67014e-06
  70 69.5 0.021692 9.41493e-06
  71 70.5 0.022884 9.93229e-06
  72 71.5 0.022056 9.57292e-06
  73 72.5 0.02135 9.26649e-06
  74 73.5 0.021148 9.17882e-06
  75 74.5 0.021232 9.21528e-06
  76 75.5 0.021556 9.3559e-06
  77 76.5 0.020958 9.09635e-06
  78 77.5 0.022142 9.61024e-06
  79 78.5 0.021778 9.45226e-06
  80 79.5 0.02098 9.1059e-06
  81 80.5 0.021076 9.14757e-06
  82 81.5 0.021886 9.49913e-06
  83 82.5 0.022134 9.60677e-06
  84 83.5 0.0215 9.3316e-06
  85 84.5 0.021562 9.35851e-06
  86 85.5 0.02127 9.23177e-06
  87 86.5 0.021584 9.36806e-06
  88 87.5 0.022368 9.70833e-06
  89 88.5 0.023434 1.0171e-05
  90 89.5 0.022898 9.93837e-06
  91 90.5 0.02314 1.00434e-05
  92 91.5 0.022614 9.8151e-06
  93 92.5 0.022374 9.71094e-06
  94 93.5 0.02276 9.87847e-06
  95 94.5 0.023418 1.01641e-05
  96 95.5 0.023314 1.01189e-05
  97 96.5 0.022882 9.93142e-06
  98 97.5 0.023854 1.03533e-05
  99 98.5 0.024304 1.05486e-05
  100 99.5 0.024018 1.04245e-05
  101 100.5 0.024258 1.05286e-05
  102 101.5 0.025622 1.11207e-05
  103 102.5 0.026446 1.14783e-05
  104 103.5 0.027204 1.18073e-05
  105 104.5 0.026692 1.15851e-05
  106 105.5 0.024566 1.06623e-05
  107 106.5 0.024944 1.08264e-05
  108 107.5 0.025572 1.1099e-05
  109 108.5 0.026732 1.16024e-05
  110 109.5 0.024994 1.08481e-05
  111 110.5 0.025364 1.10087e-05
  112 111.5 0.02473 1.07335e-05
  113 112.5 0.026004 1.12865e-05
  114 113.5 0.025098 1.08932e-05
  115 114.5 0.025382 1.10165e-05
  116 115.5 0.024924 1.08177e-05
  117 116.5 0.02609 1.13238e-05
  118 117.5 0.026148 1.1349e-05
  119 118.5 0.026034 1.12995e-05
  120 119.5 0.025318 1.09887e-05
  121 120.5 0.025464 1.10521e-05
  122 121.5 0.02568 1.11458e-05
  123 122.5 0.02508 1.08854e-05
  124 123.5 0.025172 1.09253e-05
  125 124.5 0.025648 1.11319e-05
  126 125.5 0.025666 1.11398e-05
  127 126.5 0.026014 1.12908e-05
  128 127.5 0.027202 1.18064e-05
  129 128.5 0.026304 1.14167e-05
  130 129.5 0.026438 1.14748e-05
  131 130.5 0.02707 1.17491e-05
  132 131.5 0.02691 1.16797e-05
  133 132.5 0.026056 1.1309e-05
  134 133.5 0.026204 1.13733e-05
  135 134.5 0.02628 1.14062e-05
  136 135.5 0.025348 1.10017e-05
  137 136.5 0.026462 1.14852e-05
  138 137.5 0.027096 1.17604e-05
  139 138.5 0.028152 1.22188e-05
  140 139.5 0.026344 1.1434e-05
  141 140.5 0.026118 1.13359e-05
  142 141.5 0.026234 1.13863e-05
  143 142.5 0.02745 1.19141e-05
  144 143.5 0.02779 1.20616e-05
  145 144.5 0.026638 1.15616e-05
  146 145.5 0.02782 1.20747e-05
  147 146.5 0.027092 1.17587e-05
  148 147.5 0.02787 1.20964e-05
  149 148.5 0.028498 1.23689e-05
  150 149.5 0.029292 1.27135e-05
  151 150.5 0.030342 1.31693e-05
  152 151.5 0.031526 1.36832e-05
  153 152.5 0.033092 1.43628e-05
  154 153.5 0.036076 1.5658e-05
  155 154.5 0.038864 1.68681e-05
  156 155.5 0.042014 1.82352e-05
  157 156.5 0.050194 2.17856e-05
  158 157.5 0.05963 2.58811e-05
  159 158.5 0.07073 3.06988e-05
  160 159.5 0.086068 3.73559e-05
  161 160.5 0.10486 4.55122e-05
  162 161.5 0.126342 5.48359e-05
  163 162.5 0.154302 6.69714e-05
  164 163.5 0.18714 8.1224e-05
  165 164.5 0.222034 9.63689e-05
  166 165.5 0.264334 0.000114728
  167 166.5 0.315614 0.000136985
  168 167.5 0.36713 0.000159345
  169 168.5 0.420774 0.000182628
  170 169.5 0.479464 0.000208101
  171 170.5 0.540056 0.000234399
  172 171.5 0.601542 0.000261086
  173 172.5 0.651778 0.00028289
  174 173.5 0.704204 0.000305644
  175 174.5 0.746758 0.000324114
  176 175.5 0.793932 0.000344589
  177 176.5 0.830204 0.000360332
  178 177.5 0.868642 0.000377015
  179 178.5 0.894188 0.000388102
  180 179.5 0.923928 0.00040101
  181 180.5 0.949214 0.000411985
  182 181.5 0.975052 0.0004232
  183 182.5 0.97913 0.00042497
  184 183.5 0.984626 0.000427355
  185 184.5 0.99818 0.000433238
  186 185.5 1.0079 0.000437457
  187 186.5 1.01353 0.000439899
  188 187.5 1.02469 0.000444744
  189 188.5 1.03171 0.00044779
  190 189.5 1.04733 0.000454571
  191 190.5 1.05708 0.000458801
  192 191.5 1.07548 0.000466789
  193 192.5 1.10328 0.000478855
  194 193.5 1.13004 0.000490468
  195 194.5 1.18787 0.00051557
  196 195.5 1.26605 0.0005495
  197 196.5 1.4026 0.000608768
  198 197.5 1.62271 0.0007043
  199 198.5 1.99122 0.000864245
  200 199.5 2.56346 0.00111261
  201 200.5 3.46769 0.00150508
  202 201.5 4.85257 0.00210615
  203 202.5 6.87928 0.0029858
  204 203.5 9.58394 0.00415969
  205 204.5 12.9557 0.00562314
  206 205.5 16.8061 0.0072943
  207 206.5 20.9122 0.00907649
  208 207.5 24.9017 0.010808
  209 208.5 28.4214 0.0123357
  210 209.5 31.3862 0.0136225
  211 210.5 33.6516 0.0146057
  212 211.5 35.2294 0.0152905
  213 212.5 36.2903 0.015751
  214 213.5 37.1204 0.0161113
  215 214.5 37.6254 0.0163305
  216 215.5 37.8848 0.016443
  217 216.5 38.1222 0.0165461
  218 217.5 38.3383 0.0166399
  219 218.5 38.3697 0.0166535
  220 219.5 38.4303 0.0166798
  221 220.5 38.4755 0.0166994
  222 221.5 38.5693 0.0167401
  223 222.5 38.5058 0.0167126
  224 223.5 38.5674 0.0167393
  225 224.5 38.5872 0.0167479
  226 225.5 38.5809 0.0167452
  227 226.5 38.4989 0.0167096
  228 227.5 38.5822 0.0167458
  229 228.5 38.524 0.0167205
  230 229.5 38.5382 0.0167267
  231 230.5 38.5555 0.0167341
  232 231.5 38.5569 0.0167348
  233 232.5 38.515 0.0167166
  234 233.5 38.5775 0.0167437
  235 234.5 38.5593 0.0167358
  236 235.5 38.5093 0.0167141
  237 236.5 38.5172 0.0167175
  238 237.5 38.5833 0.0167462
  239 238.5 38.5546 0.0167338
  240 239.5 38.5477 0.0167308
  241 240.5 38.5922 0.0167501
  242 241.5 38.6137 0.0167594
  243 242.5 38.5467 0.0167303
  244 243.5 38.5436 0.016729
  245 244.5 38.6081 0.016757
  246 245.5 38.5048 0.0167121
  247 246.5 38.5011 0.0167106
  248 247.5 38.5403 0.0167276
  249 248.5 38.5512 0.0167323
  250 249.5 38.4462 0.0166867
  251 250.5 38.4945 0.0167077
  252 251.5 38.5515 0.0167324
  253 252.5 38.5511 0.0167322
  254 253.5 38.4528 0.0166896
  255 254.5 38.5418 0.0167282
  256 255.5 38.5998 0.0167534
  257 256.5 38.5002 0.0167102
  258 257.5 38.4874 0.0167046
  259 258.5 38.6541 0.016777
  260 259.5 38.5563 0.0167345
  261 260.5 38.4882 0.016705
  262 261.5 38.5861 0.0167474
  263 262.5 38.5962 0.0167518
  264 263.5 38.4386 0.0166834
  265 264.5 38.5523 0.0167328
  266 265.5 38.5497 0.0167316
  267 266.5 38.4379 0.0166831
  268 267.5 38.4968 0.0167087
  269 268.5 38.5327 0.0167243
  270 269.5 38.4488 0.0166879
  271 270.5 38.482 0.0167023
  272 271.5 38.5173 0.0167176
  273 272.5 38.5343 0.0167249
  274 273.5 38.5114 0.016715
  275 274.5 38.5081 0.0167136
  276 275.5 38.5688 0.0167399
  277 276.5 38.5457 0.0167299
  278 277.5 38.4702 0.0166971
  279 278.5 38.5027 0.0167113
  280 279.5 38.5145 0.0167164
  281 280.5 38.4481 0.0166875
  282 281.5 38.4423 0.016685
  283 282.5 38.4776 0.0167004
  284 283.5 38.4331 0.016681
  285 284.5 38.4983 0.0167093
  286 285.5 38.4693 0.0166967
  287 286.5 38.5015 0.0167107
  288 287.5 38.5093 0.0167141
  289 288.5 38.5085 0.0167137
  290 289.5 38.4616 0.0166934
  291 290.5 38.5819 0.0167456
  292 291.5 38.5138 0.0167161
  293 292.5 38.5162 0.0167171
  294 293.5 38.4953 0.016708
  295 294.5 38.5651 0.0167383
  296 295.5 38.522 0.0167196
  297 296.5 38.5024 0.0167111
  298 297.5 38.5112 0.0167149
  299 298.5 38.5463 0.0167301
  300 299.5 38.4638 0.0166944
  301 300.5 38.48 0.0167014
  302 301.5 38.4906 0.016706
  303 302.5 38.5027 0.0167112
  304 303.5 38.4464 0.0166868
  305 304.5 38.5214 0.0167193
  306 305.5 38.5311 0.0167236
  307 306.5 38.5196 0.0167186
  308 307.5 38.4912 0.0167062
  309 308.5 38.5609 0.0167365
  310 309.5 38.4986 0.0167095
  311 310.5 38.4839 0.0167031
  312 311.5 38.5392 0.0167271
  313 312.5 38.4854 0.0167037
  314 313.5 38.479 0.016701
  315 314.5 38.5554 0.0167341
  316 315.5 38.5469 0.0167304
  317 316.5 38.4656 0.0166952
  318 317.5 38.5559 0.0167343
  319 318.5 38.5701 0.0167405
  320 319.5 38.5165 0.0167172
  321 320.5 38.4984 0.0167094
  322 321.5 38.5376 0.0167264
  323 322.5 38.5174 0.0167176
  324 323.5 38.4763 0.0166998
  325 324.5 38.5162 0.0167171
  326 325.5 38.5197 0.0167186
  327 326.5 38.4697 0.0166969
  328 327.5 38.4347 0.0166817
  329 328.5 38.4872 0.0167045
  330 329.5 38.4622 0.0166937
  331 330.5 38.428 0.0166788
  332 331.5 38.426 0.016678
  333 332.5 38.4777 0.0167004
  334 333.5 38.4244 0.0166773
  335 334.5 38.4338 0.0166814
  336 335.5 38.4961 0.0167084
  337 336.5 38.4892 0.0167054
  338 337.5 38.4507 0.0166887
  339 338.5 38.4842 0.0167032
  340 339.5 38.4754 0.0166994
  341 340.5 38.4581 0.0166919
  342 341.5 38.4476 0.0166873
  343 342.5 38.4796 0.0167012
  344 343.5 38.4966 0.0167086
  345 344.5 38.4603 0.0166928
  346 345.5 38.4976 0.016709
  347 346.5 38.4622 0.0166937
  348 347.5 38.4449 0.0166861
  349 348.5 38.494 0.0167075
  350 349.5 38.4479 0.0166874
  351 350.5 38.4185 0.0166747
  352 351.5 38.3904 0.0166625
  353 352.5 38.3584 0.0166486
  354 353.5 38.1744 0.0165688
  355 354.5 38.091 0.0165325
  356 355.5 37.9089 0.0164535
  357 356.5 37.5434 0.0162949
  358 357.5 37.0071 0.0160621
  359 358.5 36.2992 0.0157549
  360 359.5 35.0903 0.0152302
  361 360.5 33.3602 0.0144792
  362 361.5 31.0511 0.013477
  363 362.5 28.0933 0.0121933
  364 363.5 24.4839 0.0106267
  365 364.5 20.4703 0.00888467
  366 365.5 16.4295 0.00713087
  367 366.5 12.6343 0.00548363
  368 367.5 9.35837 0.00406179
  369 368.5 6.70845 0.00291165
  370 369.5 4.75159 0.00206232
  371 370.5 3.41302 0.00148135
  372 371.5 2.53809 0.0011016
  373 372.5 1.96875 0.000854494
  374 373.5 1.61452 0.000700748
  375 374.5 1.40244 0.000608697
  376 375.5 1.28188 0.00055637
  377 376.5 1.20495 0.00052298
  378 377.5 1.14704 0.000497848
  379 378.5 1.11245 0.000482833
  380 379.5 1.08155 0.000469424
  381 380.5 1.06318 0.000461448
  382 381.5 1.03479 0.000449127
  383 382.5 1.02428 0.000444564
  384 383.5 1.01869 0.000442139
  385 384.5 1.00414 0.000435824
  386 385.5 0.994282 0.000431546
  387 386.5 0.998324 0.0004333
  388 387.5 0.997924 0.000433127
  389 388.5 0.989284 0.000429377
  390 389.5 0.994482 0.000431633
  391 390.5 0.997236 0.000432828
  392 391.5 0.99244 0.000430747
  393 392.5 0.998976 0.000433583
  394 393.5 1.00237 0.000435055
  395 394.5 0.99371 0.000431298
  396 395.5 0.983206 0.000426739
  397 396.5 0.984786 0.000427424
  398 397.5 0.992862 0.00043093
  399 398.5 1.00731 0.000437201
  400 399.5 1.00778 0.000437405
  401 400.5 1.00692 0.000437033
  402 401.5 0.999458 0.000433793
  403 402.5 0.998698 0.000433463
  404 403.5 0.999364 0.000433752
  405 404.5 0.99984 0.000433958
  406 405.5 0.998728 0.000433476
  407 406.5 0.994654 0.000431707
  408 407.5 1.00048 0.000434237
  409 408.5 0.992326 0.000430697
  410 409.5 0.999764 0.000433925
  411 410.5 0.992404 0.000430731
  412 411.5 0.991784 0.000430462
  413 412.5 0.992106 0.000430602
  414 413.5 0.988062 0.000428846
  415 414.5 0.987888 0.000428771
  416 415.5 0.990936 0.000430094
  417 416.5 0.99586 0.000432231
  418 417.5 0.992158 0.000430624
  419 418.5 0.993624 0.00043126
  420 419.5 0.991054 0.000430145
  421 420.5 0.988024 0.00042883
  422 421.5 0.977002 0.000424046
  423 422.5 0.977122 0.000424098
  424 423.5 0.9773 0.000424175
  425 424.5 0.97441 0.000422921
  426 425.5 0.974874 0.000423122
  427 426.5 0.97377 0.000422643
  428 427.5 0.966222 0.000419367
  429 428.5 0.965008 0.00041884
  430 429.5 0.961146 0.000417164
  431 430.5 0.963314 0.000418105
  432 431.5 0.961292 0.000417227
  433 432.5 0.965412 0.000419016
  434 433.5 0.963998 0.000418402
  435 434.5 0.95887 0.000416176
  436 435.5 0.945944 0.000410566
  437 436.5 0.937194 0.000406768
  438 437.5 0.931626 0.000404352
  439 438.5 0.93119 0.000404162
  440 439.5 0.924684 0.000401339
  441 440.5 0.911622 0.000395669
  442 441.5 0.908214 0.00039419
  443 442.5 0.906336 0.000393375
  444 443.5 0.900816 0.000390979
  445 444.5 0.895506 0.000388674
  446 445.5 0.893704 0.000387892
  447 446.5 0.877126 0.000380697
  448 447.5 0.87131 0.000378173
  449 448.5 0.873948 0.000379318
  450 449.5 0.87454 0.000379575
  451 450.5 0.883222 0.000383343
  452 451.5 0.87971 0.000381819
  453 452.5 0.8735 0.000379123
  454 453.5 0.861864 0.000374073
  455 454.5 0.86369 0.000374865
  456 455.5 0.855716 0.000371405
  457 456.5 0.858424 0.00037258
  458 457.5 0.868468 0.000376939
  459 458.5 0.871714 0.000378348
  460 459.5 0.875028 0.000379786
  461 460.5 0.882312 0.000382948
  462 461.5 0.885472 0.000384319
  463 462.5 0.880714 0.000382254
  464 463.5 0.88493 0.000384084
  465 464.5 0.88642 0.000384731
  466 465.5 0.887998 0.000385416
  467 466.5 0.879722 0.000381824
  468 467.5 0.877114 0.000380692
  469 468.5 0.871664 0.000378326
  470 469.5 0.85788 0.000372344
  471 470.5 0.846246 0.000367294
  472 471.5 0.85207 0.000369822
  473 472.5 0.838692 0.000364016
  474 473.5 0.829026 0.00035982
  475 474.5 0.807394 0.000350431
  476 475.5 0.785524 0.000340939
  477 476.5 0.767922 0.000333299
  478 477.5 0.732968 0.000318128
  479 478.5 0.70134 0.000304401
  480 479.5 0.66673 0.000289379
40000000 480 6253.999999999997
  1 0.5 0.335716 0.00014571
  2 1.5 0.278862 0.000121034
  3 2.5 0.228212 9.90503e-05
  4 3.5 0.187412 8.1342e-05
  5 4.5 0.151464 6.57396e-05
  6 5.5 0.119958 5.20651e-05
  7 6.5 0.095776 4.15694e-05
  8 7.5 0.076436 3.31753e-05
  9 8.5 0.061716 2.67865e-05
  10 9.5 0.049736 2.15868e-05
  11 10.5 0.043402 1.88377e-05
  12 11.5 0.038204 1.65816e-05
  13 12.5 0.03472 1.50694e-05
  14 13.5 0.031362 1.3612e-05
  15 14.5 0.027968 1.21389e-05
  16 15.5 0.028162 1.22231e-05
  17 16.5 0.026762 1.16155e-05
  18 17.5 0.02556 1.10938e-05
  19 18.5 0.025032 1.08646e-05
  20 19.5 0.024556 1.0658e-05
  21 20.5 0.024468 1.06198e-05
  22 21.5 0.024504 1.06354e-05
  23 22.5 0.024854 1.07873e-05
  24 23.5 0.024134 1.04748e-05
  25 24.5 0.023574 1.02318e-05
  26 25.5 0.024188 1.04983e-05
  27 26.5 0.02483 1.07769e-05
  28 27.5 0.024444 1.06094e-05
  29 28.5 0.023176 1.0059e-05
  30 29.5 0.023628 1.02552e-05
  31 30.5 0.024016 1.04236e-05
  32 31.5 0.024672 1.07083e-05
  33 32.5 0.025076 1.08837e-05
  34 33.5 0.024976 1.08403e-05
  35 34.5 0.02342 1.01649e-05
  36 35.5 0.023494 1.0197e-05
  37 36.5 0.023764 1.03142e-05
  38 37.5 0.023268 1.0099e-05
  39 38.5 0.0228 9.89583e-06
  40 39.5 0.023316 1.01198e-05
  41 40.5 0.023762 1.03134e-05
  42 41.5 0.022662 9.83594e-06
  43 42.5 0.022768 9.88194e-06
  44 43.5 0.024214 1.05095e-05
  45 44.5 0.024434 1.0605e-05
  46 45.5 0.02404 1.0434e-05
  47 46.5 0.023788 1.03247e-05
  48 47.5 0.023786 1.03238e-05
  49 48.5 0.024208 1.05069e-05
  50 49.5 0.0245 1.06337e-05
  51 50.5 0.02448 1.0625e-05
  52 51.5 0.025376 1.10139e-05
  53 52.5 0.02417 1.04905e-05
  54 53.5 0.02396 1.03993e-05
  55 54.5 0.02389 1.03689e-05
  56 55.5 0.023334 1.01276e-05
  57 56.5 0.022428 9.73437e-06
  58 57.5 0.023118 1.00339e-05
  59 58.5 0.023122 1.00356e-05
  60 59.5 0.022994 9.98003e-06
  61 60.5 0.022622 9.81858e-06
  62 61.5 0.021984 9.54167e-06
  63 62.5 0.022176 9.625e-06
  64 63.5 0.021566 9.36024e-06
  65 64.5 0.022104 9.59375e-06
  66 65.5 0.021108 9.16146e-06
  67 66.5 0.021806 9.46441e-06
  68 67.5 0.022488 9.76042e-06
  69 68.5 0.02216 9.61806e-06
  70 69.5 0.02138 9.27951e-06
  71 70.5 0.021824 9.47222e-06
  72 71.5 0.023352 1.01354e-05
  73 72.5 0.022944 9.95833e-06
  74 73.5 0.022612 9.81424e-06
  75 74.5 0.023124 1.00365e-05
  76 75.5 0.022558 9.7908e-06
  77 76.5 0.022648 9.82986e-06
  78 77.5 0.023524 1.02101e-05
  79 78.5 0.02336 1.01389e-05
  80 79.5 0.022576 9.79861e-06
  81 80.5 0.022744 9.87153e-06
  82 81.5 0.021734 9.43316e-06
  83 82.5 0.021044 9.13368e-06
  84 83.5 0.021658 9.40017e-06
  85 84.5 0.021834 9.47656e-06
  86 85.5 0.022906 9.94184e-06
  87 86.5 0.02095 9.09288e-06
  88 87.5 0.022026 9.5599e-06
  89 88.5 0.021668 9.40451e-06
  90 89.5 0.022174 9.62413e-06
  91 90.5 0.02112 9.16667e-06
  92 91.5 0.021104 9.15972e-06
  93 92.5 0.021948 9.52604e-06
  94 93.5 0.022072 9.57986e-06
  95 94.5 0.022116 9.59896e-06
  96 95.5 0.021768 9.44792e-06
  97 96.5 0.021032 9.12847e-06
  98 97.5 0.021092 9.15451e-06
  99 98.5 0.020584 8.93403e-06
  100 99.5 0.020358 8.83594e-06
  101 100.5 0.021478 9.32205e-06
  102 101.5 0.021372 9.27604e-06
  103 102.5 0.02119 9.19705e-06
  104 103.5 0.021502 9.33247e-06
  105 104.5 0.021462 9.3151e-06
  106 105.5 0.020818 9.03559e-06
  107 106.5 0.021086 9.15191e-06
  108 107.5 0.022486 9.75955e-06
  109 108.5 0.022658 9.8342e-06
  110 109.5 0.022468 9.75174e-06
  111 110.5 0.023004 9.98438e-06
  112 111.5 0.023314 1.01189e-05
  113 112.5 0.021392 9.28472e-06
  114 113.5 0.022226 9.6467e-06
  115 114.5 0.021542 9.34983e-06
  116 115.5 0.021296 9.24306e-06
  117 116.5 0.022182 9.6276e-06
  118 117.5 0.021964 9.53299e-06
  119 118.5 0.021468 9.31771e-06
  120 119.5 0.022292 9.67535e-06
  121 120.5 0.021226 9.21267e-06
  122 121.5 0.020932 9.08507e-06
  123 122.5 0.021332 9.25868e-06
  124 123.5 0.020978 9.10503e-06
  125 124.5 0.020922 9.08073e-06
  126 125.5 0.021234 9.21615e-06
  127 126.5 0.02182 9.47049e-06
  128 127.5 0.023256 1.00937e-05
  129 128.5 0.023144 1.00451e-05
  130 129.5 0.02235 9.70052e-06
  131 130.5 0.022442 9.74045e-06
  132 131.5 0.022418 9.73003e-06
  133 132.5 0.021182 9.19358e-06
  134 133.5 0.020984 9.10764e-06
  135 134.5 0.021406 9.2908e-06
  136 135.5 0.022068 9.57813e-06
  137 136.5 0.021698 9.41753e-06
  138 137.5 0.021534 9.34635e-06
  139 138.5 0.021338 9.26128e-06
  140 139.5 0.021442 9.30642e-06
  141 140.5 0.02195 9.52691e-06
  142 141.5 0.0222 9.63542e-06
  143 142.5 0.02345 1.0178e-05
  144 143.5 0.024828 1.0776e-05
  145 144.5 0.026494 1.14991e-05
  146 145.5 0.027286 1.18429e-05
  147 146.5 0.029628 1.28594e-05
  148 147.5 0.030362 1.3178e-05
  149 148.5 0.034322 1.48967e-05
  150 149.5 0.038036 1.65087e-05
  151 150.5 0.044068 1.91267e-05
  152 151.5 0.049314 2.14036e-05
  153 152.5 0.059884 2.59913e-05
  154 153.5 0.074364 3.2276e-05
  155 154.5 0.091946 3.99071e-05
  156 155.5 0.115054 4.99366e-05
  157 156.5 0.145664 6.32222e-05
  158 157.5 0.176134 7.6447e-05
  159 158.5 0.218632 9.48924e-05
  160 159.5 0.265528 0.000115247
  161 160.5 0.323014 0.000140197
  162 161.5 0.382672 0.00016609
  163 162.5 0.449822 0.000195235
  164 163.5 0.51517 0.000223598
  165 164.5 0.578418 0.000251049
  166 165.5 0.644954 0.000279928
  167 166.5 0.705448 0.000306184
  168 167.5 0.754876 0.000327637
  169 168.5 0.801466 0.000347859
  170 169.5 0.840616 0.000364851
  171 170.5 0.879286 0.000381635
  172 171.5 0.912994 0.000396265
  173 172.5 0.941178 0.000408497
  174 173.5 0.9599 0.000416623
  175 174.5 0.98105 0.000425803
  176 175.5 1.00005 0.000434051
  177 176.5 1.02013 0.000442766
  178 177.5 1.0291 0.000446658
  179 178.5 1.03564 0.000449498
  180 179.5 1.03458 0.000449037
  181 180.5 1.03788 0.00045047
  182 181.5 1.03893 0.000450923
  183 182.5 1.04392 0.000453089
  184 183.5 1.04355 0.00045293
  185 184.5 1.03348 0.000448558
  186 185.5 1.03672 0.000449964
  187 186.5 1.04516 0.000453629
  188 187.5 1.05232 0.000456735
  189 188.5 1.06454 0.000462041
  190 189.5 1.07334 0.000465859
  191 190.5 1.08328 0.000470172
  192 191.5 1.10793 0.000480872
  193 192.5 1.15918 0.000503115
  194 193.5 1.24548 0.000540573
  195 194.5 1.36804 0.000593766
  196 195.5 1.57247 0.000682497
  197 196.5 1.90379 0.000826299
  198 197.5 2.43169 0.00105542
  199 198.5 3.30635 0.00143505
  200 199.5 4.68328 0.00203267
  201 200.5 6.7094 0.00291207
  202 201.5 9.49516 0.00412116
  203 202.5 13.1243 0.00569629
  204 203.5 17.3605 0.00753493
  205 204.5 21.705 0.00942057
  206 205.5 25.813 0.0112036
  207 206.5 29.4097 0.0127646
  208 207.5 32.2744 0.014008
  209 208.5 34.2801 0.0148785
  210 209.5 35.7086 0.0154985
  211 210.5 36.7213 0.0159381
  212 211.5 37.3065 0.016192
  213 212.5 37.6961 0.0163612
  214 213.5 38.002 0.0164939
  215 214.5 38.1093 0.0165405
  216 215.5 38.2937 0.0166205
  217 216.5 38.3037 0.0166249
  218 217.5 38.3714 0.0166543
  219 218.5 38.3864 0.0166607
  220 219.5 38.4602 0.0166928
  221 220.5 38.4549 0.0166905
  222 221.5 38.4339 0.0166814
  223 222.5 38.4898 0.0167057
  224 223.5 38.4818 0.0167022
  225 224.5 38.4659 0.0166953
  226 225.5 38.4766 0.0166999
  227 226.5 38.4921 0.0167067
  228 227.5 38.4504 0.0166886
  229 228.5 38.4575 0.0166916
  230 229.5 38.4412 0.0166846
  231 230.5 38.4259 0.0166779
  232 231.5 38.4269 0.0166783
  233 232.5 38.447 0.016687
  234 233.5 38.4229 0.0166766
  235 234.5 38.428 0.0166788
  236 235.5 38.4611 0.0166932
  237 236.5 38.4474 0.0166873
  238 237.5 38.4915 0.0167064
  239 238.5 38.488 0.0167049
  240 239.5 38.4847 0.0167034
  241 240.5 38.4894 0.0167055
  242 241.5 38.5203 0.0167189
  243 242.5 38.4577 0.0166917
  244 243.5 38.473 0.0166983
  245 244.5 38.504 0.0167118
  246 245.5 38.4364 0.0166825
  247 246.5 38.4353 0.016682
  248 247.5 38.4917 0.0167065
  249 248.5 38.4781 0.0167006
  250 249.5 38.4585 0.016692
  251 250.5 38.4685 0.0166964
  252 251.5 38.531 0.0167235
  253 252.5 38.4982 0.0167093
  254 253.5 38.5133 0.0167158
  255 254.5 38.417 0.0166741
  256 255.5 38.5192 0.0167184
  257 256.5 38.4789 0.0167009
  258 257.5 38.4342 0.0166815
  259 258.5 38.4911 0.0167062
  260 259.5 38.5075 0.0167133
  261 260.5 38.4227 0.0166765
  262 261.5 38.4942 0.0167075
  263 262.5 38.5255 0.0167211
  264 263.5 38.4805 0.0167016
  265 264.5 38.4497 0.0166882
  266 265.5 38.499 0.0167096
  267 266.5 38.5503 0.0167319
  268 267.5 38.4822 0.0167024
  269 268.5 38.5233 0.0167202
  270 269.5 38.5502 0.0167319
  271 270.5 38.5446 0.0167294
  272 271.5 38.5572 0.0167349
  273 272.5 38.5085 0.0167138
  274 273.5 38.5444 0.0167293
  275 274.5 38.5554 0.0167341
  276 275.5 38.5173 0.0167176
  277 276.5 38.5454 0.0167298
  278 277.5 38.5853 0.0167471
  279 278.5 38.554 0.0167335
  280 279.5 38.5327 0.0167243
  281 280.5 38.5959 0.0167517
  282 281.5 38.575 0.0167426
  283 282.5 38.5605 0.0167363
  284 283.5 38.6115 0.0167585
  285 284.5 38.6009 0.0167539
  286 285.5 38.5694 0.0167402
  287 286.5 38.6234 0.0167636
  288 287.5 38.6138 0.0167594
  289 288.5 38.5534 0.0167332
  290 289.5 38.6439 0.0167725
  291 290.5 38.6454 0.0167732
  292 291.5 38.5786 0.0167442
  293 292.5 38.6007 0.0167538
  294 293.5 38.6541 0.016777
  295 294.5 38.5348 0.0167252
  296 295.5 38.5539 0.0167335
  297 296.5 38.6479 0.0167743
  298 297.5 38.6063 0.0167562
  299 298.5 38.5296 0.0167229
  300 299.5 38.6304 0.0167667
  301 300.5 38.6187 0.0167616
  302 301.5 38.5372 0.0167262
  303 302.5 38.5164 0.0167172
  304 303.5 38.6127 0.016759
  305 304.5 38.524 0.0167205
  306 305.5 38.5071 0.0167132
  307 306.5 38.5849 0.0167469
  308 307.5 38.5769 0.0167434
  309 308.5 38.5564 0.0167346
  310 309.5 38.5936 0.0167507
  311 310.5 38.5971 0.0167522
  312 311.5 38.5252 0.016721
  313 312.5 38.5705 0.0167407
  314 313.5 38.615 0.01676
  315 314.5 38.543 0.0167287
  316 315.5 38.5468 0.0167304
  317 316.5 38.5759 0.016743
  318 317.5 38.5981 0.0167526
  319 318.5 38.5324 0.0167241
  320 319.5 38.5571 0.0167348
  321 320.5 38.6137 0.0167594
  322 321.5 38.5992 0.0167531
  323 322.5 38.4922 0.0167067
  324 323.5 38.5883 0.0167484
  325 324.5 38.5353 0.0167254
  326 325.5 38.5082 0.0167136
  327 326.5 38.5021 0.016711
  328 327.5 38.5789 0.0167443
  329 328.5 38.4749 0.0166992
  330 329.5 38.496 0.0167083
  331 330.5 38.5372 0.0167262
  332 331.5 38.5213 0.0167193
  333 332.5 38.5461 0.0167301
  334 333.5 38.5286 0.0167225
  335 334.5 38.5355 0.0167255
  336 335.5 38.5522 0.0167327
  337 336.5 38.5536 0.0167333
  338 337.5 38.5099 0.0167143
  339 338.5 38.5763 0.0167432
  340 339.5 38.5549 0.0167339
  341 340.5 38.561 0.0167365
  342 341.5 38.5225 0.0167198
  343 342.5 38.5337 0.0167247
  344 343.5 38.5113 0.016715
  345 344.5 38.5415 0.0167281
  346 345.5 38.4865 0.0167042
  347 346.5 38.4926 0.0167069
  348 347.5 38.4955 0.0167081
  349 348.5 38.4362 0.0166824
  350 349.5 38.3775 0.0166569
  351 350.5 38.3604 0.0166495
  352 351.5 38.1935 0.016577
  353 352.5 38.0279 0.0165051
  354 353.5 37.8044 0.0164082
  355 354.5 37.4239 0.016243
  356 355.5 36.7809 0.0159639
  357 356.5 35.9587 0.0156071
  358 357.5 34.6255 0.0150285
  359 358.5 32.6673 0.0141785
  360 359.5 29.9724 0.0130089
  361 360.5 26.6185 0.0115532
  362 361.5 22.5695 0.0097958
  363 362.5 18.1548 0.00787969
  364 363.5 13.9418 0.00605114
  365 364.5 10.2317 0.00444084
  366 365.5 7.26139 0.00315164
  367 366.5 5.0604 0.00219636
  368 367.5 3.58962 0.00155799
  369 368.5 2.64082 0.00114619
  370 369.5 2.02406 0.000878499
  371 370.5 1.67463 0.000726834
  372 371.5 1.4458 0.000627519
  373 372.5 1.31096 0.000568995
  374 373.5 1.23008 0.00053389
  375 374.5 1.1825 0.000513236
  376 375.5 1.15264 0.000500278
  377 376.5 1.1337 0.000492056
  378 377.5 1.11562 0.00048421
  379 378.5 1.1094 0.000481512
  380 379.5 1.09743 0.000476317
  381 380.5 1.08718 0.000471865
  382 381.5 1.08048 0.000468959
  383 382.5 1.087 0.000471787
  384 383.5 1.08453 0.000470716
  385 384.5 1.07671 0.000467323
  386 385.5 1.06881 0.000463893
  387 386.5 1.06119 0.000460585
  388 387.5 1.06645 0.000462868
  389 388.5 1.07381 0.000466063
  390 389.5 1.09351 0.000474612
  391 390.5 1.10053 0.000477659
  392 391.5 1.10384 0.000479096
  393 392.5 1.10414 0.000479226
  394 393.5 1.10915 0.0004814
  395 394.5 1.10633 0.000480178
  396 395.5 1.1079 0.000480859
  397 396.5 1.11913 0.000485732
  398 397.5 1.11453 0.000483738
  399 398.5 1.1215 0.000486764
  400 399.5 1.11226 0.000482751
  401 400.5 1.11676 0.000484703
  402 401.5 1.12133 0.000486688
  403 402.5 1.12033 0.000486255
  404 403.5 1.12015 0.000486178
  405 404.5 1.13242 0.000491501
  406 405.5 1.12592 0.000488681
  407 406.5 1.12753 0.000489379
  408 407.5 1.13043 0.000490638
  409 408.5 1.1355 0.000492839
  410 409.5 1.1393 0.000494486
  411 410.5 1.13774 0.000493811
  412 411.5 1.12704 0.000489168
  413 412.5 1.12197 0.000486964
  414 413.5 1.11195 0.000482615
  415 414.5 1.11334 0.000483221
  416 415.5 1.10317 0.000478806
  417 416.5 1.10696 0.000480452
  418 417.5 1.10991 0.000481731
  419 418.5 1.09616 0.000475762
  420 419.5 1.09271 0.000474266
  421 420.5 1.09555 0.000475499
  422 421.5 1.09234 0.000474105
  423 422.5 1.09526 0.000475375
  424 423.5 1.08958 0.000472909
  425 424.5 1.09511 0.000475306
  426 425.5 1.08083 0.000469112
  427 426.5 1.07857 0.000468129
  428 427.5 1.08441 0.000470662
  429 428.5 1.09209 0.000473999
  430 429.5 1.08187 0.000469563
  431 430.5 1.07635 0.000467167
  432 431.5 1.07553 0.000466808
  433 432.5 1.06036 0.000460226
  434 433.5 1.05824 0.000459304
  435 434.5 1.04852 0.000455087
  436 435.5 1.0535 0.000457249
  437 436.5 1.05071 0.000456037
  438 437.5 1.05322 0.000457125
  439 438.5 1.06264 0.000461216
  440 439.5 1.05994 0.000460043
  441 440.5 1.0604 0.000460243
  442 441.5 1.06228 0.000461059
  443 442.5 1.0595 0.000459852
  444 443.5 1.05707 0.000458798
  445 444.5 1.06017 0.000460144
  446 445.5 1.06962 0.000464243
  447 446.5 1.07906 0.000468344
  448 447.5 1.07863 0.000468156
  449 448.5 1.07942 0.0004685
  450 449.5 1.08068 0.000469045
  451 450.5 1.07464 0.000466424
  452 451.5 1.05963 0.000459908
  453 452.5 1.06189 0.00046089
  454 453.5 1.06506 0.000462265
  455 454.5 1.07209 0.000465317
  456 455.5 1.06444 0.000461997
  457 456.5 1.05981 0.000459985
  458 457.5 1.06474 0.000462127
  459 458.5 1.07071 0.000464717
  460 459.5 1.06013 0.000460128
  461 460.5 1.05645 0.000458529
  462 461.5 1.05049 0.000455941
  463 462.5 1.03393 0.000448756
  464 463.5 1.02841 0.000446359
  465 464.5 1.01917 0.000442346
  466 465.5 1.00807 0.000437532
  467 466.5 0.986402 0.000428126
  468 467.5 0.974864 0.000423118
  469 468.5 0.953974 0.000414051
  470 469.5 0.92131 0.000399874
  471 470.5 0.889866 0.000386227
  472 471.5 0.842184 0.000365531
  473 472.5 0.799758 0.000347117
  474 473.5 0.746358 0.00032394
  475 474.5 0.694766 0.000301548
  476 475.5 0.640672 0.000278069
  477 476.5 0.580606 0.000251999
  478 477.5 0.514994 0.000223522
  479 478.5 0.46066 0.000199939
  480 479.5 0.399112 0.000173226
50000000 480 6254.000000000002
  1 0.5 0.662856 0.000287698
  2 1.5 0.604672 0.000262444
  3 2.5 0.558172 0.000242262
  4 3.5 0.496556 0.000215519
  5 4.5 0.443202 0.000192362
  6 5.5 0.385878 0.000167482
  7 6.5 0.329714 0.000143105
  8 7.5 0.27851 0.000120881
  9 8.5 0.236094 0.000102471
  10 9.5 0.197676 8.57969e-05
  11 10.5 0.163086 7.07839e-05
  12 11.5 0.137158 5.95304e-05
  13 12.5 0.111282 4.82995e-05
  14 13.5 0.090694 3.93637e-05
  15 14.5 0.073976 3.21076e-05
  16 15.5 0.062024 2.69201e-05
  17 16.5 0.052782 2.29089e-05
  18 17.5 0.044976 1.95208e-05
  19 18.5 0.040234 1.74627e-05
  20 19.5 0.035224 1.52882e-05
  21 20.5 0.032086 1.39262e-05
  22 21.5 0.030602 1.32821e-05
  23 22.5 0.028306 1.22856e-05
  24 23.5 0.027358 1.18741e-05
  25 24.5 0.026778 1.16224e-05
  26 25.5 0.027336 1.18646e-05
  27 26.5 0.027356 1.18733e-05
  28 27.5 0.027054 1.17422e-05
  29 28.5 0.025464 1.10521e-05
  30 29.5 0.025948 1.12622e-05
  31 30.5 0.024918 1.08151e-05
  32 31.5 0.024602 1.0678e-05
  33 32.5 0.024642 1.06953e-05
  34 33.5 0.02449 1.06293e-05
  35 34.5 0.024366 1.05755e-05
  36 35.5 0.023734 1.03012e-05
  37 36.5 0.025534 1.10825e-05
  38 37.5 0.024298 1.0546e-05
  39 38.5 0.024392 1.05868e-05
  40 39.5 0.024832 1.07778e-05
  41 40.5 0.024746 1.07405e-05
  42 41.5 0.02655 1.15234e-05
  43 42.5 0.026444 1.14774e-05
  44 43.5 0.02624 1.13889e-05
  45 44.5 0.026282 1.14071e-05
  46 45.5 0.02655 1.15234e-05
  47 46.5 0.025676 1.11441e-05
  48 47.5 0.025954 1.12648e-05
  49 48.5 0.026514 1.15078e-05
  50 49.5 0.025342 1.09991e-05
  51 50.5 0.025166 1.09227e-05
  52 51.5 0.024946 1.08273e-05
  53 52.5 0.024914 1.08134e-05
  54 53.5 0.025956 1.12656e-05
  55 54.5 0.025064 1.08785e-05
  56 55.5 0.025246 1.09575e-05
  57 56.5 0.024994 1.08481e-05
  58 57.5 0.025094 1.08915e-05
  59 58.5 0.025476 1.10573e-05
  60 59.5 0.02465 1.06988e-05
  61 60.5 0.025548 1.10885e-05
  62 61.5 0.02549 1.10634e-05
  63 62.5 0.0259 1.12413e-05
  64 63.5 0.02576 1.11806e-05
  65 64.5 0.025638 1.11276e-05
  66 65.5 0.0263 1.14149e-05
  67 66.5 0.025888 1.12361e-05
  68 67.5 0.02625 1.13932e-05
  69 68.5 0.02658 1.15365e-05
  70 69.5 0.026638 1.15616e-05
  71 70.5 0.026808 1.16354e-05
  72 71.5 0.027394 1.18898e-05
  73 72.5 0.028184 1.22326e-05
  74 73.5 0.027482 1.1928e-05
  75 74.5 0.027768 1.20521e-05
  76 75.5 0.027664 1.20069e-05
  77 76.5 0.027832 1.20799e-05
  78 77.5 0.026812 1.16372e-05
  79 78.5 0.026808 1.16354e-05
  80 79.5 0.027396 1.18906e-05
  81 80.5 0.0276 1.19792e-05
  82 81.5 0.026598 1.15443e-05
  83 82.5 0.028058 1.2178e-05
  84 83.5 0.02737 1.18793e-05
  85 84.5 0.027344 1.18681e-05
  86 85.5 0.028168 1.22257e-05
  87 86.5 0.027174 1.17943e-05
  88 87.5 0.02636 1.1441e-05
  89 88.5 0.026424 1.14687e-05
  90 89.5 0.027294 1.18464e-05
  91 90.5 0.025962 1.12682e-05
  92 91.5 0.025766 1.11832e-05
  93 92.5 0.026378 1.14488e-05
  94 93.5 0.026564 1.15295e-05
  95 94.5 0.026388 1.14531e-05
  96 95.5 0.026432 1.14722e-05
  97 96.5 0.025634 1.11259e-05
  98 97.5 0.025626 1.11224e-05
  99 98.5 0.024908 1.08108e-05
  100 99.5 0.02511 1.08984e-05
  101 100.5 0.024636 1.06927e-05
  102 101.5 0.02551 1.1072e-05
  103 102.5 0.024568 1.06632e-05
  104 103.5 0.024776 1.07535e-05
  105 104.5 0.024194 1.05009e-05
  106 105.5 0.023078 1.00165e-05
  107 106.5 0.023006 9.98524e-06
  108 107.5 0.022646 9.82899e-06
  109 108.5 0.023834 1.03446e-05
  110 109.5 0.024802 1.07648e-05
  111 110.5 0.024752 1.07431e-05
  112 111.5 0.02376 1.03125e-05
  113 112.5 0.02356 1.02257e-05
  114 113.5 0.024922 1.08168e-05
  115 114.5 0.02512 1.09028e-05
  116 115.5 0.023766 1.03151e-05
  117 116.5 0.022914 9.94531e-06
  118 117.5 0.023034 9.9974e-06
  119 118.5 0.022246 9.65538e-06
  120 119.5 0.02245 9.74392e-06
  121 120.5 0.022224 9.64583e-06
  122 121.5 0.021974 9.53733e-06
  123 122.5 0.021554 9.35503e-06
  124 123.5 0.021324 9.25521e-06
  125 124.5 0.02185 9.48351e-06
  126 125.5 0.021888 9.5e-06
  127 126.5 0.021004 9.11632e-06
  128 127.5 0.02171 9.42274e-06
  129 128.5 0.022722 9.86198e-06
  130 129.5 0.024068 1.04462e-05
  131 130.5 0.022878 9.92969e-06
  132 131.5 0.022124 9.60243e-06
  133 132.5 0.023926 1.03845e-05
  134 133.5 0.023504 1.02014e-05
  135 134.5 0.02398 1.0408e-05
  136 135.5 0.024046 1.04366e-05
  137 136.5 0.023048 1.00035e-05
  138 137.5 0.02428 1.05382e-05
  139 138.5 0.023574 1.02318e-05
  140 139.5 0.023422 1.01658e-05
  141 140.5 0.024662 1.0704e-05
  142 141.5 0.023724 1.02969e-05
  143 142.5 0.024282 1.05391e-05
  144 143.5 0.025348 1.10017e-05
  145 144.5 0.02446 1.06163e-05
  146 145.5 0.025408 1.10278e-05
  147 146.5 0.024984 1.08437e-05
  148 147.5 0.025852 1.12205e-05
  149 148.5 0.027496 1.1934e-05
  150 149.5 0.02869 1.24523e-05
  151 150.5 0.029928 1.29896e-05
  152 151.5 0.030526 1.32491e-05
  153 152.5 0.032148 1.39531e-05
  154 153.5 0.03679 1.59679e-05
  155 154.5 0.041822 1.81519e-05
  156 155.5 0.04597 1.99523e-05
  157 156.5 0.057718 2.50512e-05
  158 157.5 0.06765 2.9362e-05
  159 158.5 0.082962 3.60078e-05
  160 159.5 0.099764 4.33003e-05
  161 160.5 0.124566 5.40651e-05
  162 161.5 0.151526 6.57665e-05
  163 162.5 0.184318 7.99991e-05
  164 163.5 0.222406 9.65304e-05
  165 164.5 0.26197 0.000113702
  166 165.5 0.3096 0.000134375
  167 166.5 0.361918 0.000157082
  168 167.5 0.41782 0.000181345
  169 168.5 0.476734 0.000206916
  170 169.5 0.530466 0.000230237
  171 170.5 0.582244 0.00025271
  172 171.5 0.62796 0.000272552
  173 172.5 0.684772 0.00029721
  174 173.5 0.737702 0.000320183
  175 174.5 0.773698 0.000335806
  176 175.5 0.805308 0.000349526
  177 176.5 0.827654 0.000359225
  178 177.5 0.859194 0.000372914
  179 178.5 0.896164 0.00038896
  180 179.5 0.918484 0.000398648
  181 180.5 0.935388 0.000405984
  182 181.5 0.939138 0.000407612
  183 182.5 0.961016 0.000417108
  184 183.5 0.977638 0.000424322
  185 184.5 0.984392 0.000427253
  186 185.5 0.99709 0.000432765
  187 186.5 1.00575 0.000436523
  188 187.5 1.01567 0.000440828
  189 188.5 1.03595 0.000449629
  190 189.5 1.05157 0.000456412
  191 190.5 1.05523 0.000458
  192 191.5 1.07844 0.000468075
  193 192.5 1.11051 0.00048199
  194 193.5 1.15234 0.000500148
  195 194.5 1.22724 0.000532657
  196 195.5 1.34092 0.000581995
  197 196.5 1.52141 0.000660334
  198 197.5 1.82248 0.000791007
  199 198.5 2.30962 0.00100244
  200 199.5 3.09634 0.0013439
  201 200.5 4.35733 0.0018912
  202 201.5 6.25921 0.00271667
  203 202.5 8.92979 0.00387578
  204 203.5 12.3484 0.00535953
  205 204.5 16.364 0.00710245
  206 205.5 20.7611 0.0090109
  207 206.5 24.9603 0.0108335
  208 207.5 28.6378 0.0124296
  209 208.5 31.6681 0.0137448
  210 209.5 33.9028 0.0147148
  211 210.5 35.4188 0.0153728
  212 211.5 36.5254 0.015853
  213 212.5 37.2711 0.0161767
  214 213.5 37.6726 0.016351
  215 214.5 37.9628 0.0164769
  216 215.5 38.2494 0.0166013
  217 216.5 38.3471 0.0166437
  218 217.5 38.4178 0.0166744
  219 218.5 38.5163 0.0167172
  220 219.5 38.6088 0.0167573
  221 220.5 38.588 0.0167483
  222 221.5 38.6393 0.0167705
  223 222.5 38.6688 0.0167833
  224 223.5 38.688 0.0167917
  225 224.5 38.6279 0.0167656
  226 225.5 38.7152 0.0168035
  227 226.5 38.7054 0.0167992
  228 227.5 38.6826 0.0167893
  229 228.5 38.6482 0.0167744
  230 229.5 38.6791 0.0167878
  231 230.5 38.6869 0.0167912
  232 231.5 38.6614 0.0167801
  233 232.5 38.6801 0.0167883
  234 233.5 38.6785 0.0167876
  235 234.5 38.6739 0.0167856
  236 235.5 38.6301 0.0167665
  237 236.5 38.6937 0.0167942
  238 237.5 38.6387 0.0167703
  239 238.5 38.6282 0.0167657
  240 239.5 38.6345 0.0167685
  241 240.5 38.646 0.0167734
  242 241.5 38.6095 0.0167576
  243 242.5 38.5844 0.0167467
  244 243.5 38.653 0.0167765
  245 244.5 38.6438 0.0167725
  246 245.5 38.6368 0.0167694
  247 246.5 38.6255 0.0167645
  248 247.5 38.6762 0.0167865
  249 248.5 38.6326 0.0167676
  250 249.5 38.5871 0.0167479
  251 250.5 38.6064 0.0167562
  252 251.5 38.6821 0.0167891
  253 252.5 38.557 0.0167348
  254 253.5 38.6067 0.0167564
  255 254.5 38.6333 0.0167679
  256 255.5 38.6197 0.016762
  257 256.5 38.5634 0.0167376
  258 257.5 38.6319 0.0167673
  259 258.5 38.5927 0.0167503
  260 259.5 38.6244 0.0167641
  261 260.5 38.5551 0.016734
  262 261.5 38.6187 0.0167616
  263 262.5 38.6054 0.0167558
  264 263.5 38.5731 0.0167418
  265 264.5 38.5514 0.0167324
  266 265.5 38.6236 0.0167637
  267 266.5 38.55 0.0167318
  268 267.5 38.4943 0.0167076
  269 268.5 38.6241 0.0167639
  270 269.5 38.589 0.0167487
  271 270.5 38.5037 0.0167117
  272 271.5 38.5404 0.0167276
  273 272.5 38.6176 0.0167611
  274 273.5 38.5455 0.0167298
  275 274.5 38.5584 0.0167354
  276 275.5 38.6147 0.0167599
  277 276.5 38.574 0.0167422
  278 277.5 38.5498 0.0167317
  279 278.5 38.5982 0.0167527
  280 279.5 38.5452 0.0167297
  281 280.5 38.522 0.0167196
  282 281.5 38.5947 0.0167512
  283 282.5 38.5752 0.0167427
  284 283.5 38.4997 0.0167099
  285 284.5 38.5728 0.0167417
  286 285.5 38.6297 0.0167664
  287 286.5 38.5169 0.0167174
  288 287.5 38.5498 0.0167317
  289 288.5 38.6231 0.0167635
  290 289.5 38.5341 0.0167249
  291 290.5 38.5139 0.0167161
  292 291.5 38.6228 0.0167634
  293 292.5 38.6275 0.0167654
  294 293.5 38.5545 0.0167337
  295 294.5 38.5701 0.0167405
  296 295.5 38.6556 0.0167776
  297 296.5 38.5741 0.0167422
  298 297.5 38.5663 0.0167388
  299 298.5 38.65 0.0167752
  300 299.5 38.609 0.0167574
  301 300.5 38.555 0.016734
  302 301.5 38.6123 0.0167588
  303 302.5 38.671 0.0167843
  304 303.5 38.5455 0.0167298
  305 304.5 38.5752 0.0167427
  306 305.5 38.6485 0.0167745
  307 306.5 38.5775 0.0167437
  308 307.5 38.5434 0.0167289
  309 308.5 38.5936 0.0167507
  310 309.5 38.6397 0.0167707
  311 310.5 38.5876 0.0167481
  312 311.5 38.5958 0.0167517
  313 312.5 38.65 0.0167752
  314 313.5 38.6202 0.0167622
  315 314.5 38.5938 0.0167508
  316 315.5 38.6064 0.0167562
  317 316.5 38.6022 0.0167544
  318 317.5 38.6426 0.016772
  319 318.5 38.6099 0.0167578
  320 319.5 38.5736 0.016742
  321 320.5 38.6727 0.016785
  322 321.5 38.6227 0.0167633
  323 322.5 38.5701 0.0167405
  324 323.5 38.6146 0.0167598
  325 324.5 38.6644 0.0167814
  326 325.5 38.6087 0.0167572
  327 326.5 38.5577 0.0167351
  328 327.5 38.6387 0.0167703
  329 328.5 38.655 0.0167773
  330 329.5 38.584 0.0167465
  331 330.5 38.6202 0.0167622
  332 331.5 38.6612 0.0167801
  333 332.5 38.6242 0.016764
  334 333.5 38.603 0.0167548
  335 334.5 38.584 0.0167465
  336 335.5 38.6275 0.0167654
  337 336.5 38.6001 0.0167535
  338 337.5 38.5831 0.0167461
  339 338.5 38.6001 0.0167535
  340 339.5 38.6454 0.0167732
  341 340.5 38.599 0.016753
  342 341.5 38.6087 0.0167573
  343 342.5 38.6067 0.0167564
  344 343.5 38.6005 0.0167537
  345 344.5 38.5928 0.0167504
  346 345.5 38.5465 0.0167302
  347 346.5 38.6002 0.0167535
  348 347.5 38.5387 0.0167268
  349 348.5 38.5096 0.0167142
  350 349.5 38.5177 0.0167177
  351 350.5 38.4287 0.0166791
  352 351.5 38.3364 0.0166391
  353 352.5 38.2634 0.0166074
  354 353.5 38.0461 0.0165131
  355 354.5 37.7962 0.0164046
  356 355.5 37.4131 0.0162383
  357 356.5 36.8271 0.015984
  358 357.5 35.9342 0.0155965
  359 358.5 34.6816 0.0150528
  360 359.5 32.697 0.0141914
  361 360.5 30.0773 0.0130544
  362 361.5 26.6884 0.0115835
  363 362.5 22.6799 0.00984371
  364 363.5 18.3404 0.00796023
  365 364.5 14.1555 0.00614389
  366 365.5 10.475 0.00454645
  367 366.5 7.44623 0.00323187
  368 367.5 5.19598 0.0022552
  369 368.5 3.66715 0.00159165
  370 369.5 2.68215 0.00116413
  371 370.5 2.04858 0.00088914
  372 371.5 1.66667 0.000723383
  373 372.5 1.44062 0.000625267
  374 373.5 1.29951 0.000564022
  375 374.5 1.21769 0.00052851
  376 375.5 1.15426 0.00050098
  377 376.5 1.12398 0.000487839
  378 377.5 1.11182 0.00048256
  379 378.5 1.09266 0.000474244
  380 379.5 1.07941 0.000468496
  381 380.5 1.06319 0.000461453
  382 381.5 1.05266 0.000456884
  383 382.5 1.048 0.000454863
  384 383.5 1.04732 0.000454565
  385 384.5 1.04666 0.00045428
  386 385.5 1.04464 0.000453401
  387 386.5 1.04962 0.000455565
  388 387.5 1.04583 0.000453918
  389 388.5 1.04708 0.000454462
  390 389.5 1.04759 0.000454685
  391 390.5 1.04055 0.000451628
  392 391.5 1.03049 0.00044726
  393 392.5 1.02803 0.000446192
  394 393.5 1.03391 0.000448744
  395 394.5 1.03513 0.000449273
  396 395.5 1.03094 0.000447458
  397 396.5 1.03721 0.000450176
  398 397.5 1.0436 0.00045295
  399 398.5 1.04807 0.000454891
  400 399.5 1.04567 0.000453852
  401 400.5 1.04669 0.000454293
  402 401.5 1.04907 0.000455325
  403 402.5 1.05473 0.000457784
  404 403.5 1.04591 0.000453956
  405 404.5 1.04528 0.000453681
  406 405.5 1.04998 0.000455722
  407 406.5 1.04004 0.000451408
  408 407.5 1.03569 0.000449518
  409 408.5 1.02441 0.000444624
  410 409.5 1.03554 0.000449453
  411 410.5 1.03978 0.000451292
  412 411.5 1.03877 0.000450854
  413 412.5 1.03488 0.000449167
  414 413.5 1.02762 0.000446015
  415 414.5 1.03119 0.000447566
  416 415.5 1.03108 0.000447516
  417 416.5 1.02248 0.000443786
  418 417.5 1.01776 0.000441735
  419 418.5 1.00902 0.000437944
  420 419.5 1.0112 0.000438887
  421 420.5 1.01235 0.000439386
  422 421.5 1.01868 0.000442134
  423 422.5 1.01713 0.000441464
  424 423.5 1.01829 0.000441964
  425 424.5 1.01811 0.000441889
  426 425.5 1.01806 0.000441868
  427 426.5 1.03258 0.00044817
  428 427.5 1.03303 0.000448365
  429 428.5 1.02835 0.000446332
  430 429.5 1.03105 0.000447505
  431 430.5 1.02607 0.000445344
  432 431.5 1.02603 0.000445327
  433 432.5 1.03888 0.000450904
  434 433.5 1.04747 0.000454631
  435 434.5 1.03604 0.000449671
  436 435.5 1.03382 0.000448707
  437 436.5 1.03986 0.000451326
  438 437.5 1.04143 0.00045201
  439 438.5 1.04079 0.000451731
  440 439.5 1.0516 0.000456423
  441 440.5 1.04783 0.000454787
  442 441.5 1.04875 0.000455186
  443 442.5 1.05068 0.000456025
  444 443.5 1.05549 0.000458112
  445 444.5 1.06429 0.000461933
  446 445.5 1.06172 0.000460816
  447 446.5 1.05383 0.000457391
  448 447.5 1.04901 0.0004553
  449 448.5 1.05053 0.000455959
  450 449.5 1.05459 0.000457723
  451 450.5 1.04824 0.000454964
  452 451.5 1.03924 0.00045106
  453 452.5 1.04199 0.000452254
  454 453.5 1.04314 0.000452753
  455 454.5 1.04193 0.000452227
  456 455.5 1.04051 0.000451609
  457 456.5 1.03902 0.000450963
  458 457.5 1.04075 0.000451716
  459 458.5 1.04094 0.000451795
  460 459.5 1.03348 0.000448561
  461 460.5 1.02979 0.000446956
  462 461.5 1.01774 0.000441729
  463 462.5 1.01539 0.000440707
  464 463.5 1.00751 0.000437286
  465 464.5 1.00361 0.000435595
  466 465.5 0.998734 0.000433478
  467 466.5 0.994072 0.000431455
  468 467.5 0.993312 0.000431125
  469 468.5 0.981886 0.000426166
  470 469.5 0.971082 0.000421477
  471 470.5 0.97155 0.00042168
  472 471.5 0.96045 0.000416862
  473 472.5 0.949286 0.000412016
  474 473.5 0.928284 0.000402901
  475 474.5 0.900614 0.000390891
  476 475.5 0.863778 0.000374904
  477 476.5 0.832022 0.000361121
  478 477.5 0.796016 0.000345493
  479 478.5 0.761614 0.000330562
  480 479.5 0.716668 0.000311054
