# Chunk-averaged data for fix tensor2 and group c1
# Timestep Number-of-chunks Total-count
# Chunk Coord1 Ncount density/number
20000000 480 5483.000000000001
  1 0.5 30.6017 0.013282
  2 1.5 30.6515 0.0133036
  3 2.5 30.6667 0.0133102
  4 3.5 30.6476 0.0133019
  5 4.5 30.6589 0.0133068
  6 5.5 30.7058 0.0133272
  7 6.5 30.6941 0.0133221
  8 7.5 30.7278 0.0133367
  9 8.5 30.7272 0.0133365
  10 9.5 30.7058 0.0133272
  11 10.5 30.7574 0.0133496
  12 11.5 30.7271 0.0133364
  13 12.5 30.7397 0.0133419
  14 13.5 30.7624 0.0133517
  15 14.5 30.7717 0.0133558
  16 15.5 30.7892 0.0133634
  17 16.5 30.8011 0.0133685
  18 17.5 30.7721 0.013356
  19 18.5 30.7666 0.0133535
  20 19.5 30.758 0.0133498
  21 20.5 30.732 0.0133385
  22 21.5 30.7306 0.0133379
  23 22.5 30.7369 0.0133407
  24 23.5 30.7155 0.0133314
  25 24.5 30.7031 0.013326
  26 25.5 30.7113 0.0133296
  27 26.5 30.6868 0.0133189
  28 27.5 30.6967 0.0133232
  29 28.5 30.7332 0.013339
  30 29.5 30.7121 0.0133299
  31 30.5 30.705 0.0133268
  32 31.5 30.7048 0.0133267
  33 32.5 30.6845 0.0133179
  34 33.5 30.6539 0.0133046
  35 34.5 30.628 0.0132934
  36 35.5 30.6114 0.0132862
  37 36.5 30.5905 0.0132771
  38 37.5 30.5873 0.0132757
  39 38.5 30.587 0.0132756
  40 39.5 30.55 0.0132595
  41 40.5 30.4781 0.0132284
  42 41.5 30.4536 0.0132177
  43 42.5 30.4057 0.0131969
  44 43.5 30.2956 0.0131491
  45 44.5 30.1592 0.0130899
  46 45.5 30.001 0.0130213
  47 46.5 29.8149 0.0129405
  48 47.5 29.4498 0.012782
  49 48.5 29.0035 0.0125883
  50 49.5 28.3787 0.0123172
  51 50.5 27.4869 0.0119301
  52 51.5 26.2705 0.0114021
  53 52.5 24.7275 0.0107324
  54 53.5 22.8337 0.00991047
  55 54.5 20.6222 0.00895061
  56 55.5 18.2027 0.00790047
  57 56.5 15.6228 0.00678074
  58 57.5 13.0968 0.00568439
  59 58.5 10.6309 0.0046141
  60 59.5 8.37397 0.00363454
  61 60.5 6.42726 0.00278961
  62 61.5 4.76287 0.00206722
  63 62.5 3.44396 0.00149477
  64 63.5 2.45061 0.00106363
  65 64.5 1.73913 0.000754832
  66 65.5 1.24978 0.00054244
  67 66.5 0.939876 0.000407932
  68 67.5 0.7504 0.000325694
  69 68.5 0.6333 0.00027487
  70 69.5 0.56459 0.000245048
  71 70.5 0.517562 0.000224636
  72 71.5 0.49987 0.000216957
  73 72.5 0.486218 0.000211032
  74 73.5 0.47662 0.000206866
  75 74.5 0.4698 0.000203906
  76 75.5 0.468762 0.000203456
  77 76.5 0.464222 0.000201485
  78 77.5 0.460452 0.000199849
  79 78.5 0.459564 0.000199464
  80 79.5 0.459492 0.000199432
  81 80.5 0.46264 0.000200799
  82 81.5 0.460544 0.000199889
  83 82.5 0.458918 0.000199183
  84 83.5 0.45851 0.000199006
  85 84.5 0.459228 0.000199318
  86 85.5 0.457506 0.00019857
  87 86.5 0.460002 0.000199654
  88 87.5 0.461226 0.000200185
  89 88.5 0.469784 0.000203899
  90 89.5 0.464584 0.000201642
  91 90.5 0.458942 0.000199194
  92 91.5 0.46183 0.000200447
  93 92.5 0.463416 0.000201135
  94 93.5 0.466528 0.000202486
  95 94.5 0.463894 0.000201343
  96 95.5 0.465596 0.000202082
  97 96.5 0.465118 0.000201874
  98 97.5 0.460828 0.000200012
  99 98.5 0.46045 0.000199848
  100 99.5 0.46065 0.000199935
  101 100.5 0.460834 0.000200015
  102 101.5 0.46629 0.000202383
  103 102.5 0.463442 0.000201147
  104 103.5 0.456808 0.000198267
  105 104.5 0.45544 0.000197674
  106 105.5 0.456896 0.000198306
  107 106.5 0.457378 0.000198515
  108 107.5 0.457444 0.000198543
  109 108.5 0.45791 0.000198746
  110 109.5 0.463238 0.000201058
  111 110.5 0.456058 0.000197942
  112 111.5 0.460814 0.000200006
  113 112.5 0.461714 0.000200397
  114 113.5 0.458474 0.00019899
  115 114.5 0.459654 0.000199503
  116 115.5 0.458202 0.000198872
  117 116.5 0.45716 0.00019842
  118 117.5 0.4605 0.00019987
  119 118.5 0.458724 0.000199099
  120 119.5 0.452704 0.000196486
  121 120.5 0.452318 0.000196319
  122 121.5 0.454268 0.000197165
  123 122.5 0.457892 0.000198738
  124 123.5 0.462368 0.000200681
  125 124.5 0.46137 0.000200247
  126 125.5 0.46079 0.000199996
  127 126.5 0.465652 0.000202106
  128 127.5 0.466148 0.000202321
  129 128.5 0.462772 0.000200856
  130 129.5 0.469564 0.000203804
  131 130.5 0.464274 0.000201508
  132 131.5 0.46426 0.000201502
  133 132.5 0.462632 0.000200795
  134 133.5 0.46401 0.000201393
  135 134.5 0.46551 0.000202044
  136 135.5 0.46599 0.000202253
  137 136.5 0.458696 0.000199087
  138 137.5 0.460422 0.000199836
  139 138.5 0.46291 0.000200916
  140 139.5 0.465628 0.000202095
  141 140.5 0.46208 0.000200556
  142 141.5 0.46436 0.000201545
  143 142.5 0.459624 0.00019949
  144 143.5 0.462914 0.000200918
  145 144.5 0.466306 0.00020239
  146 145.5 0.469758 0.000203888
  147 146.5 0.464366 0.000201548
  148 147.5 0.463232 0.000201056
  149 148.5 0.460936 0.000200059
  150 149.5 0.459188 0.0001993
  151 150.5 0.46057 0.0001999
  152 151.5 0.46534 0.00020197
  153 152.5 0.460512 0.000199875
  154 153.5 0.455918 0.000197881
  155 154.5 0.453828 0.000196974
  156 155.5 0.455948 0.000197894
  157 156.5 0.455056 0.000197507
  158 157.5 0.460116 0.000199703
  159 158.5 0.462406 0.000200697
  160 159.5 0.461568 0.000200333
  161 160.5 0.462046 0.000200541
  162 161.5 0.461934 0.000200492
  163 162.5 0.466358 0.000202412
  164 163.5 0.459302 0.00019935
  165 164.5 0.459482 0.000199428
  166 165.5 0.46245 0.000200716
  167 166.5 0.461212 0.000200179
  168 167.5 0.464848 0.000201757
  169 168.5 0.459034 0.000199234
  170 169.5 0.458934 0.00019919
  171 170.5 0.46137 0.000200247
  172 171.5 0.465 0.000201823
  173 172.5 0.464124 0.000201443
  174 173.5 0.46004 0.00019967
  175 174.5 0.461058 0.000200112
  176 175.5 0.46146 0.000200286
  177 176.5 0.458238 0.000198888
  178 177.5 0.458308 0.000198918
  179 178.5 0.455826 0.000197841
  180 179.5 0.459038 0.000199235
  181 180.5 0.457318 0.000198489
  182 181.5 0.45563 0.000197756
  183 182.5 0.461538 0.00020032
  184 183.5 0.45987 0.000199596
  185 184.5 0.458166 0.000198857
  186 185.5 0.457618 0.000198619
  187 186.5 0.45741 0.000198529
  188 187.5 0.457672 0.000198642
  189 188.5 0.459978 0.000199643
  190 189.5 0.463572 0.000201203
  191 190.5 0.463126 0.00020101
  192 191.5 0.463542 0.00020119
  193 192.5 0.46883 0.000203485
  194 193.5 0.469306 0.000203692
  195 194.5 0.468174 0.000203201
  196 195.5 0.461338 0.000200234
  197 196.5 0.4691 0.000203602
  198 197.5 0.467198 0.000202777
  199 198.5 0.474154 0.000205796
  200 199.5 0.489046 0.00021226
  201 200.5 0.506574 0.000219867
  202 201.5 0.52774 0.000229054
  203 202.5 0.568364 0.000246686
  204 203.5 0.639728 0.00027766
  205 204.5 0.756594 0.000328383
  206 205.5 0.955094 0.000414537
  207 206.5 1.28952 0.000559686
  208 207.5 1.82878 0.000793742
  209 208.5 2.65102 0.00115061
  210 209.5 3.79823 0.00164854
  211 210.5 5.31325 0.0023061
  212 211.5 7.18833 0.00311993
  213 212.5 9.33958 0.00405364
  214 213.5 11.6946 0.00507578
  215 214.5 14.1737 0.0061518
  216 215.5 16.6998 0.00724816
  217 216.5 19.095 0.00828778
  218 217.5 21.2986 0.00924418
  219 218.5 23.1938 0.0100668
  220 219.5 24.7438 0.0107395
  221 220.5 25.8754 0.0112306
  222 221.5 26.5761 0.0115348
  223 222.5 26.8946 0.011673
  224 223.5 26.8479 0.0116527
  225 224.5 26.3583 0.0114402
  226 225.5 25.5581 0.0110929
  227 226.5 24.3905 0.0105862
  228 227.5 22.9212 0.00994845
  229 228.5 21.1188 0.00916616
  230 229.5 19.1409 0.00830766
  231 230.5 16.9815 0.00737044
  232 231.5 14.8682 0.0064532
  233 232.5 12.7385 0.00552884
  234 233.5 10.791 0.00468359
  235 234.5 9.09404 0.00394707
  236 235.5 7.65057 0.00332056
  237 236.5 6.44104 0.00279559
  238 237.5 5.4908 0.00238316
  239 238.5 4.76894 0.00206985
  240 239.5 4.2095 0.00182704
  241 240.5 3.79136 0.00164555
  242 241.5 3.48675 0.00151335
  243 242.5 3.21936 0.00139729
  244 243.5 3.03151 0.00131576
  245 244.5 2.90406 0.00126044
  246 245.5 2.796 0.00121354
  247 246.5 2.70025 0.00117198
  248 247.5 2.65417 0.00115198
  249 248.5 2.60667 0.00113137
  250 249.5 2.57861 0.00111919
  251 250.5 2.55244 0.00110783
  252 251.5 2.5425 0.00110352
  253 252.5 2.5408 0.00110278
  254 253.5 2.54168 0.00110316
  255 254.5 2.5223 0.00109475
  256 255.5 2.51251 0.0010905
  257 256.5 2.5118 0.00109019
  258 257.5 2.5423 0.00110343
  259 258.5 2.53727 0.00110125
  260 259.5 2.54374 0.00110405
  261 260.5 2.52919 0.00109774
  262 261.5 2.53744 0.00110132
  263 262.5 2.52662 0.00109662
  264 263.5 2.51667 0.0010923
  265 264.5 2.52962 0.00109793
  266 265.5 2.5169 0.00109241
  267 266.5 2.53557 0.00110051
  268 267.5 2.53343 0.00109958
  269 268.5 2.51979 0.00109366
  270 269.5 2.50272 0.00108625
  271 270.5 2.52024 0.00109385
  272 271.5 2.55457 0.00110875
  273 272.5 2.55509 0.00110898
  274 273.5 2.55205 0.00110766
  275 274.5 2.54047 0.00110263
  276 275.5 2.53169 0.00109882
  277 276.5 2.50278 0.00108627
  278 277.5 2.48754 0.00107966
  279 278.5 2.47575 0.00107454
  280 279.5 2.44008 0.00105906
  281 280.5 2.41393 0.00104771
  282 281.5 2.39854 0.00104103
  283 282.5 2.39617 0.00104001
  284 283.5 2.37935 0.0010327
  285 284.5 2.36986 0.00102858
  286 285.5 2.39204 0.00103821
  287 286.5 2.40158 0.00104235
  288 287.5 2.38462 0.00103499
  289 288.5 2.38837 0.00103662
  290 289.5 2.39555 0.00103973
  291 290.5 2.39002 0.00103734
  292 291.5 2.38951 0.00103711
  293 292.5 2.37143 0.00102927
  294 293.5 2.36008 0.00102434
  295 294.5 2.34041 0.0010158
  296 295.5 2.33589 0.00101384
  297 296.5 2.3395 0.00101541
  298 297.5 2.33924 0.0010153
  299 298.5 2.35213 0.00102089
  300 299.5 2.35304 0.00102128
  301 300.5 2.3276 0.00101024
  302 301.5 2.32442 0.00100886
  303 302.5 2.315 0.00100477
  304 303.5 2.32533 0.00100926
  305 304.5 2.33681 0.00101424
  306 305.5 2.35167 0.00102069
  307 306.5 2.36997 0.00102863
  308 307.5 2.38866 0.00103674
  309 308.5 2.39437 0.00103922
  310 309.5 2.39954 0.00104147
  311 310.5 2.4256 0.00105278
  312 311.5 2.44878 0.00106284
  313 312.5 2.46445 0.00106964
  314 313.5 2.50299 0.00108637
  315 314.5 2.5306 0.00109835
  316 315.5 2.541 0.00110286
  317 316.5 2.53669 0.00110099
  318 317.5 2.5267 0.00109666
  319 318.5 2.52333 0.0010952
  320 319.5 2.51846 0.00109308
  321 320.5 2.52761 0.00109705
  322 321.5 2.55575 0.00110927
  323 322.5 2.58628 0.00112252
  324 323.5 2.61985 0.00113709
  325 324.5 2.62096 0.00113757
  326 325.5 2.5984 0.00112778
  327 326.5 2.60116 0.00112898
  328 327.5 2.63057 0.00114174
  329 328.5 2.62666 0.00114004
  330 329.5 2.61548 0.00113519
  331 330.5 2.62159 0.00113784
  332 331.5 2.60529 0.00113077
  333 332.5 2.5922 0.00112509
  334 333.5 2.58274 0.00112098
  335 334.5 2.56642 0.0011139
  336 335.5 2.55508 0.00110898
  337 336.5 2.56335 0.00111257
  338 337.5 2.56973 0.00111533
  339 338.5 2.57761 0.00111875
  340 339.5 2.5912 0.00112465
  341 340.5 2.61303 0.00113413
  342 341.5 2.61959 0.00113697
  343 342.5 2.61948 0.00113693
  344 343.5 2.60095 0.00112889
  345 344.5 2.5951 0.00112635
  346 345.5 2.58911 0.00112375
  347 346.5 2.59715 0.00112724
  348 347.5 2.59119 0.00112465
  349 348.5 2.57125 0.00111599
  350 349.5 2.5544 0.00110868
  351 350.5 2.56847 0.00111479
  352 351.5 2.55979 0.00111102
  353 352.5 2.57714 0.00111855
  354 353.5 2.59978 0.00112838
  355 354.5 2.60253 0.00112957
  356 355.5 2.61191 0.00113364
  357 356.5 2.63221 0.00114245
  358 357.5 2.63074 0.00114181
  359 358.5 2.64997 0.00115016
  360 359.5 2.66468 0.00115655
  361 360.5 2.65455 0.00115215
  362 361.5 2.64035 0.00114599
  363 362.5 2.63995 0.00114581
  364 363.5 2.6192 0.00113681
  365 364.5 2.61533 0.00113513
  366 365.5 2.61392 0.00113452
  367 366.5 2.60634 0.00113122
  368 367.5 2.58202 0.00112067
  369 368.5 2.58203 0.00112067
  370 369.5 2.59679 0.00112708
  371 370.5 2.60111 0.00112896
  372 371.5 2.64092 0.00114623
  373 372.5 2.66172 0.00115526
  374 373.5 2.72276 0.00118175
  375 374.5 2.79079 0.00121128
  376 375.5 2.88318 0.00125138
  377 376.5 3.02582 0.00131329
  378 377.5 3.20211 0.00138981
  379 378.5 3.48165 0.00151113
  380 379.5 3.85832 0.00167462
  381 380.5 4.37877 0.00190051
  382 381.5 5.06321 0.00219757
  383 382.5 5.95414 0.00258426
  384 383.5 7.09384 0.00307892
  385 384.5 8.49204 0.00368578
  386 385.5 10.1854 0.00442075
  387 386.5 12.1112 0.00525658
  388 387.5 14.2415 0.00618119
  389 388.5 16.4516 0.00714046
  390 389.5 18.6155 0.00807965
  391 390.5 20.697 0.00898306
  392 391.5 22.67 0.00983941
  393 392.5 24.3239 0.0105572
  394 393.5 25.756 0.0111788
  395 394.5 26.9289 0.0116879
  396 395.5 27.8568 0.0120906
  397 396.5 28.5512 0.012392
  398 397.5 29.1041 0.012632
  399 398.5 29.4845 0.0127971
  400 399.5 29.8 0.012934
  401 400.5 29.9976 0.0130198
  402 401.5 30.1558 0.0130885
  403 402.5 30.3384 0.0131677
  404 403.5 30.3868 0.0131887
  405 404.5 30.4602 0.0132206
  406 405.5 30.5163 0.0132449
  407 406.5 30.5943 0.0132788
  408 407.5 30.5508 0.0132599
  409 408.5 30.5964 0.0132797
  410 409.5 30.6548 0.013305
  411 410.5 30.6508 0.0133033
  412 411.5 30.6171 0.0132887
  413 412.5 30.6104 0.0132858
  414 413.5 30.6545 0.0133049
  415 414.5 30.6438 0.0133002
  416 415.5 30.6194 0.0132897
  417 416.5 30.6335 0.0132958
  418 417.5 30.6231 0.0132913
  419 418.5 30.6149 0.0132877
  420 419.5 30.5838 0.0132742
  421 420.5 30.6257 0.0132924
  422 421.5 30.5969 0.0132799
  423 422.5 30.593 0.0132782
  424 423.5 30.5966 0.0132798
  425 424.5 30.6247 0.013292
  426 425.5 30.625 0.0132921
  427 426.5 30.6137 0.0132872
  428 427.5 30.5964 0.0132797
  429 428.5 30.6229 0.0132912
  430 429.5 30.6262 0.0132926
  431 430.5 30.5561 0.0132622
  432 431.5 30.5547 0.0132616
  433 432.5 30.6218 0.0132907
  434 433.5 30.6059 0.0132838
  435 434.5 30.579 0.0132721
  436 435.5 30.6187 0.0132894
  437 436.5 30.7072 0.0133278
  438 437.5 30.6792 0.0133156
  439 438.5 30.6767 0.0133145
  440 439.5 30.7189 0.0133328
  441 440.5 30.728 0.0133368
  442 441.5 30.6953 0.0133226
  443 442.5 30.7475 0.0133453
  444 443.5 30.7373 0.0133408
  445 444.5 30.7544 0.0133483
  446 445.5 30.7503 0.0133465
  447 446.5 30.7734 0.0133565
  448 447.5 30.7782 0.0133586
  449 448.5 30.7155 0.0133314
  450 449.5 30.7126 0.0133301
  451 450.5 30.7005 0.0133249
  452 451.5 30.7096 0.0133288
  453 452.5 30.7114 0.0133296
  454 453.5 30.7583 0.0133499
  455 454.5 30.7715 0.0133557
  456 455.5 30.7751 0.0133572
  457 456.5 30.7546 0.0133483
  458 457.5 30.7801 0.0133594
  459 458.5 30.7686 0.0133544
  460 459.5 30.7231 0.0133347
  461 460.5 30.7286 0.0133371
  462 461.5 30.7623 0.0133517
  463 462.5 30.6983 0.0133239
  464 463.5 30.6322 0.0132952
  465 464.5 30.6822 0.0133169
  466 465.5 30.6563 0.0133057
  467 466.5 30.6092 0.0132852
  468 467.5 30.7036 0.0133262
  469 468.5 30.7091 0.0133286
  470 469.5 30.6759 0.0133142
  471 470.5 30.6729 0.0133129
  472 471.5 30.737 0.0133407
  473 472.5 30.6675 0.0133106
  474 473.5 30.6754 0.013314
  475 474.5 30.6938 0.0133219
  476 475.5 30.6952 0.0133226
  477 476.5 30.6587 0.0133067
  478 477.5 30.6799 0.0133159
  479 478.5 30.7084 0.0133283
  480 479.5 30.6669 0.0133103
30000000 480 5482.999999999998
  1 0.5 30.9434 0.0134303
  2 1.5 30.975 0.013444
  3 2.5 30.9106 0.0134161
  4 3.5 30.9206 0.0134204
  5 4.5 30.9203 0.0134203
  6 5.5 30.8787 0.0134022
  7 6.5 30.8555 0.0133922
  8 7.5 30.8453 0.0133877
  9 8.5 30.8317 0.0133818
  10 9.5 30.8292 0.0133807
  11 10.5 30.8326 0.0133822
  12 11.5 30.8068 0.013371
  13 12.5 30.8282 0.0133803
  14 13.5 30.8258 0.0133792
  15 14.5 30.8488 0.0133892
  16 15.5 30.8224 0.0133778
  17 16.5 30.8746 0.0134004
  18 17.5 30.8557 0.0133922
  19 18.5 30.7961 0.0133663
  20 19.5 30.8081 0.0133716
  21 20.5 30.8299 0.013381
  22 21.5 30.8087 0.0133718
  23 22.5 30.7548 0.0133484
  24 23.5 30.7911 0.0133642
  25 24.5 30.7974 0.0133669
  26 25.5 30.6938 0.013322
  27 26.5 30.6637 0.0133089
  28 27.5 30.7674 0.0133539
  29 28.5 30.6953 0.0133226
  30 29.5 30.6847 0.013318
  31 30.5 30.689 0.0133199
  32 31.5 30.7068 0.0133276
  33 32.5 30.6583 0.0133066
  34 33.5 30.6777 0.013315
  35 34.5 30.6668 0.0133102
  36 35.5 30.6589 0.0133068
  37 36.5 30.5586 0.0132633
  38 37.5 30.4943 0.0132354
  39 38.5 30.4306 0.0132077
  40 39.5 30.2577 0.0131327
  41 40.5 30.0803 0.0130557
  42 41.5 29.804 0.0129358
  43 42.5 29.4376 0.0127767
  44 43.5 28.9468 0.0125637
  45 44.5 28.2091 0.0122435
  46 45.5 27.2029 0.0118068
  47 46.5 25.7866 0.0111921
  48 47.5 23.9353 0.0103886
  49 48.5 21.659 0.00940062
  50 49.5 18.9358 0.00821866
  51 50.5 15.9058 0.00690354
  52 51.5 12.814 0.00556163
  53 52.5 9.86705 0.00428257
  54 53.5 7.26668 0.00315394
  55 54.5 5.1201 0.00222227
  56 55.5 3.49714 0.00151786
  57 56.5 2.36604 0.00102693
  58 57.5 1.60468 0.000696474
  59 58.5 1.13219 0.000491403
  60 59.5 0.85836 0.000372552
  61 60.5 0.690644 0.000299759
  62 61.5 0.59313 0.000257435
  63 62.5 0.53573 0.000232522
  64 63.5 0.502776 0.000218219
  65 64.5 0.49108 0.000213142
  66 65.5 0.477542 0.000207266
  67 66.5 0.474464 0.000205931
  68 67.5 0.46956 0.000203802
  69 68.5 0.463422 0.000201138
  70 69.5 0.46462 0.000201658
  71 70.5 0.465926 0.000202225
  72 71.5 0.46273 0.000200838
  73 72.5 0.463138 0.000201015
  74 73.5 0.461726 0.000200402
  75 74.5 0.462726 0.000200836
  76 75.5 0.463336 0.000201101
  77 76.5 0.458674 0.000199077
  78 77.5 0.457284 0.000198474
  79 78.5 0.454782 0.000197388
  80 79.5 0.455612 0.000197748
  81 80.5 0.455958 0.000197898
  82 81.5 0.456888 0.000198302
  83 82.5 0.454172 0.000197123
  84 83.5 0.451214 0.000195839
  85 84.5 0.451166 0.000195819
  86 85.5 0.449944 0.000195288
  87 86.5 0.447044 0.00019403
  88 87.5 0.447886 0.000194395
  89 88.5 0.447858 0.000194383
  90 89.5 0.456464 0.000198118
  91 90.5 0.452654 0.000196464
  92 91.5 0.45376 0.000196944
  93 92.5 0.453192 0.000196698
  94 93.5 0.45473 0.000197365
  95 94.5 0.449516 0.000195102
  96 95.5 0.446272 0.000193694
  97 96.5 0.450596 0.000195571
  98 97.5 0.450012 0.000195318
  99 98.5 0.447 0.00019401
  100 99.5 0.44945 0.000195074
  101 100.5 0.453514 0.000196838
  102 101.5 0.451366 0.000195905
  103 102.5 0.447612 0.000194276
  104 103.5 0.446698 0.000193879
  105 104.5 0.450522 0.000195539
  106 105.5 0.451708 0.000196054
  107 106.5 0.453396 0.000196786
  108 107.5 0.452708 0.000196488
  109 108.5 0.452956 0.000196595
  110 109.5 0.457562 0.000198595
  111 110.5 0.455434 0.000197671
  112 111.5 0.456348 0.000198068
  113 112.5 0.45164 0.000196024
  114 113.5 0.45766 0.000198637
  115 114.5 0.460126 0.000199707
  116 115.5 0.460714 0.000199963
  117 116.5 0.461268 0.000200203
  118 117.5 0.46005 0.000199674
  119 118.5 0.463086 0.000200992
  120 119.5 0.466542 0.000202492
  121 120.5 0.460616 0.00019992
  122 121.5 0.462068 0.00020055
  123 122.5 0.462688 0.000200819
  124 123.5 0.45901 0.000199223
  125 124.5 0.465312 0.000201958
  126 125.5 0.464408 0.000201566
  127 126.5 0.46752 0.000202917
  128 127.5 0.467394 0.000202862
  129 128.5 0.470774 0.000204329
  130 129.5 0.468576 0.000203375
  131 130.5 0.46986 0.000203932
  132 131.5 0.462758 0.00020085
  133 132.5 0.46171 0.000200395
  134 133.5 0.458468 0.000198988
  135 134.5 0.457408 0.000198528
  136 135.5 0.460008 0.000199656
  137 136.5 0.462872 0.000200899
  138 137.5 0.463924 0.000201356
  139 138.5 0.457986 0.000198779
  140 139.5 0.457774 0.000198687
  141 140.5 0.459238 0.000199322
  142 141.5 0.457542 0.000198586
  143 142.5 0.45307 0.000196645
  144 143.5 0.453948 0.000197026
  145 144.5 0.459534 0.000199451
  146 145.5 0.459728 0.000199535
  147 146.5 0.466266 0.000202372
  148 147.5 0.463142 0.000201016
  149 148.5 0.461384 0.000200253
  150 149.5 0.458806 0.000199135
  151 150.5 0.456736 0.000198236
  152 151.5 0.456298 0.000198046
  153 152.5 0.455788 0.000197825
  154 153.5 0.457376 0.000198514
  155 154.5 0.45554 0.000197717
  156 155.5 0.460664 0.000199941
  157 156.5 0.461934 0.000200492
  158 157.5 0.464778 0.000201727
  159 158.5 0.46309 0.000200994
  160 159.5 0.45816 0.000198854
  161 160.5 0.460136 0.000199712
  162 161.5 0.465624 0.000202094
  163 162.5 0.46423 0.000201489
  164 163.5 0.46095 0.000200065
  165 164.5 0.457716 0.000198661
  166 165.5 0.45345 0.00019681
  167 166.5 0.455128 0.000197538
  168 167.5 0.460768 0.000199986
  169 168.5 0.461132 0.000200144
  170 169.5 0.461444 0.00020028
  171 170.5 0.45844 0.000198976
  172 171.5 0.453362 0.000196772
  173 172.5 0.453758 0.000196944
  174 173.5 0.455032 0.000197497
  175 174.5 0.45503 0.000197496
  176 175.5 0.455966 0.000197902
  177 176.5 0.4589 0.000199175
  178 177.5 0.457718 0.000198662
  179 178.5 0.4578 0.000198698
  180 179.5 0.461224 0.000200184
  181 180.5 0.461436 0.000200276
  182 181.5 0.463402 0.000201129
  183 182.5 0.46398 0.00020138
  184 183.5 0.460998 0.000200086
  185 184.5 0.464558 0.000201631
  186 185.5 0.463972 0.000201377
  187 186.5 0.462028 0.000200533
  188 187.5 0.461926 0.000200489
  189 188.5 0.45929 0.000199345
  190 189.5 0.455736 0.000197802
  191 190.5 0.458474 0.00019899
  192 191.5 0.458448 0.000198979
  193 192.5 0.460164 0.000199724
  194 193.5 0.47048 0.000204201
  195 194.5 0.482126 0.000209256
  196 195.5 0.502534 0.000218114
  197 196.5 0.526314 0.000228435
  198 197.5 0.57008 0.000247431
  199 198.5 0.632076 0.000274339
  200 199.5 0.754578 0.000327508
  201 200.5 0.965384 0.000419003
  202 201.5 1.32185 0.00057372
  203 202.5 1.89061 0.000820578
  204 203.5 2.79438 0.00121284
  205 204.5 4.14423 0.00179871
  206 205.5 6.00523 0.00260644
  207 206.5 8.3791 0.00363676
  208 207.5 11.1988 0.00486059
  209 208.5 14.2193 0.00617158
  210 209.5 17.2905 0.00750456
  211 210.5 20.1868 0.00876162
  212 211.5 22.6997 0.00985229
  213 212.5 24.7529 0.0107435
  214 213.5 26.2681 0.0114011
  215 214.5 27.4397 0.0119096
  216 215.5 28.2133 0.0122453
  217 216.5 28.7088 0.0124604
  218 217.5 28.9325 0.0125575
  219 218.5 29.0479 0.0126076
  220 219.5 28.928 0.0125555
  221 220.5 28.6208 0.0124222
  222 221.5 28.1207 0.0122052
  223 222.5 27.4265 0.0119038
  224 223.5 26.4867 0.011496
  225 224.5 25.305 0.0109831
  226 225.5 23.9111 0.0103781
  227 226.5 22.2604 0.00966163
  228 227.5 20.3025 0.00881186
  229 228.5 18.2204 0.00790818
  230 229.5 16.1135 0.00699369
  231 230.5 13.9276 0.00604497
  232 231.5 11.9036 0.00516648
  233 232.5 10.0684 0.00436998
  234 233.5 8.49593 0.00368747
  235 234.5 7.17227 0.00311296
  236 235.5 6.09712 0.00264632
  237 236.5 5.28517 0.00229391
  238 237.5 4.66668 0.00202547
  239 238.5 4.18773 0.00181759
  240 239.5 3.82498 0.00166015
  241 240.5 3.55763 0.00154411
  242 241.5 3.34608 0.00145229
  243 242.5 3.17236 0.00137689
  244 243.5 3.06858 0.00133185
  245 244.5 2.97829 0.00129266
  246 245.5 2.92339 0.00126883
  247 246.5 2.86866 0.00124508
  248 247.5 2.81751 0.00122288
  249 248.5 2.75183 0.00119437
  250 249.5 2.70873 0.00117566
  251 250.5 2.64578 0.00114834
  252 251.5 2.59416 0.00112594
  253 252.5 2.54495 0.00110458
  254 253.5 2.49479 0.00108281
  255 254.5 2.49373 0.00108235
  256 255.5 2.46472 0.00106976
  257 256.5 2.4426 0.00106016
  258 257.5 2.42102 0.00105079
  259 258.5 2.42578 0.00105285
  260 259.5 2.42153 0.00105101
  261 260.5 2.41281 0.00104723
  262 261.5 2.42933 0.0010544
  263 262.5 2.4444 0.00106094
  264 263.5 2.43908 0.00105863
  265 264.5 2.41658 0.00104886
  266 265.5 2.41289 0.00104726
  267 266.5 2.40915 0.00104564
  268 267.5 2.41522 0.00104827
  269 268.5 2.42638 0.00105312
  270 269.5 2.43519 0.00105694
  271 270.5 2.44993 0.00106334
  272 271.5 2.45204 0.00106425
  273 272.5 2.45854 0.00106707
  274 273.5 2.49481 0.00108282
  275 274.5 2.49741 0.00108395
  276 275.5 2.51579 0.00109192
  277 276.5 2.52581 0.00109627
  278 277.5 2.53727 0.00110125
  279 278.5 2.52301 0.00109506
  280 279.5 2.50632 0.00108781
  281 280.5 2.51414 0.00109121
  282 281.5 2.49836 0.00108436
  283 282.5 2.48244 0.00107745
  284 283.5 2.4969 0.00108372
  285 284.5 2.52268 0.00109491
  286 285.5 2.53498 0.00110025
  287 286.5 2.5416 0.00110312
  288 287.5 2.53367 0.00109968
  289 288.5 2.52994 0.00109807
  290 289.5 2.52669 0.00109665
  291 290.5 2.51837 0.00109304
  292 291.5 2.50992 0.00108938
  293 292.5 2.52125 0.00109429
  294 293.5 2.53081 0.00109844
  295 294.5 2.49923 0.00108474
  296 295.5 2.4625 0.00106879
  297 296.5 2.48046 0.00107659
  298 297.5 2.49442 0.00108265
  299 298.5 2.5126 0.00109054
  300 299.5 2.53103 0.00109854
  301 300.5 2.5562 0.00110946
  302 301.5 2.55508 0.00110898
  303 302.5 2.56657 0.00111396
  304 303.5 2.57775 0.00111882
  305 304.5 2.58668 0.00112269
  306 305.5 2.57743 0.00111868
  307 306.5 2.56535 0.00111343
  308 307.5 2.54401 0.00110417
  309 308.5 2.51971 0.00109362
  310 309.5 2.54244 0.00110349
  311 310.5 2.52259 0.00109488
  312 311.5 2.49621 0.00108342
  313 312.5 2.48058 0.00107664
  314 313.5 2.46663 0.00107059
  315 314.5 2.44918 0.00106301
  316 315.5 2.43418 0.0010565
  317 316.5 2.42708 0.00105342
  318 317.5 2.42516 0.00105259
  319 318.5 2.41759 0.0010493
  320 319.5 2.42999 0.00105468
  321 320.5 2.44425 0.00106087
  322 321.5 2.43891 0.00105855
  323 322.5 2.43438 0.00105659
  324 323.5 2.44883 0.00106286
  325 324.5 2.4705 0.00107227
  326 325.5 2.4978 0.00108412
  327 326.5 2.48892 0.00108026
  328 327.5 2.48636 0.00107915
  329 328.5 2.4704 0.00107222
  330 329.5 2.47509 0.00107426
  331 330.5 2.49766 0.00108405
  332 331.5 2.4956 0.00108316
  333 332.5 2.50245 0.00108613
  334 333.5 2.52134 0.00109433
  335 334.5 2.48086 0.00107676
  336 335.5 2.44867 0.00106279
  337 336.5 2.44104 0.00105948
  338 337.5 2.43403 0.00105644
  339 338.5 2.43266 0.00105584
  340 339.5 2.4135 0.00104753
  341 340.5 2.42269 0.00105151
  342 341.5 2.40779 0.00104505
  343 342.5 2.42213 0.00105127
  344 343.5 2.45135 0.00106395
  345 344.5 2.45616 0.00106604
  346 345.5 2.46581 0.00107023
  347 346.5 2.46158 0.00106839
  348 347.5 2.4561 0.00106601
  349 348.5 2.46476 0.00106977
  350 349.5 2.4821 0.0010773
  351 350.5 2.47539 0.00107439
  352 351.5 2.44576 0.00106153
  353 352.5 2.45361 0.00106493
  354 353.5 2.49247 0.0010818
  355 354.5 2.55001 0.00110678
  356 355.5 2.58757 0.00112308
  357 356.5 2.57976 0.00111969
  358 357.5 2.55764 0.00111009
  359 358.5 2.54003 0.00110244
  360 359.5 2.52181 0.00109454
  361 360.5 2.52454 0.00109572
  362 361.5 2.55535 0.00110909
  363 362.5 2.56711 0.0011142
  364 363.5 2.57962 0.00111963
  365 364.5 2.58001 0.0011198
  366 365.5 2.58595 0.00112238
  367 366.5 2.60879 0.00113229
  368 367.5 2.62063 0.00113743
  369 368.5 2.6546 0.00115217
  370 369.5 2.67608 0.00116149
  371 370.5 2.69985 0.00117181
  372 371.5 2.73623 0.0011876
  373 372.5 2.80471 0.00121732
  374 373.5 2.87132 0.00124623
  375 374.5 2.98925 0.00129742
  376 375.5 3.12256 0.00135528
  377 376.5 3.29482 0.00143004
  378 377.5 3.53826 0.0015357
  379 378.5 3.87736 0.00168288
  380 379.5 4.3548 0.00189011
  381 380.5 5.03616 0.00218583
  382 381.5 5.93433 0.00257567
  383 382.5 7.01301 0.00304384
  384 383.5 8.36924 0.00363248
  385 384.5 9.99767 0.00433926
  386 385.5 11.8911 0.00516106
  387 386.5 13.892 0.00602951
  388 387.5 16.1004 0.006988
  389 388.5 18.3351 0.00795794
  390 389.5 20.5132 0.00890331
  391 390.5 22.4385 0.00973892
  392 391.5 24.2018 0.0105043
  393 392.5 25.6704 0.0111417
  394 393.5 26.8568 0.0116566
  395 394.5 27.799 0.0120655
  396 395.5 28.5767 0.0124031
  397 396.5 29.1548 0.012654
  398 397.5 29.5232 0.0128139
  399 398.5 29.8744 0.0129663
  400 399.5 30.1174 0.0130718
  401 400.5 30.229 0.0131202
  402 401.5 30.4044 0.0131963
  403 402.5 30.5295 0.0132507
  404 403.5 30.5597 0.0132638
  405 404.5 30.5476 0.0132585
  406 405.5 30.631 0.0132947
  407 406.5 30.6861 0.0133186
  408 407.5 30.6591 0.0133069
  409 408.5 30.6901 0.0133204
  410 409.5 30.6982 0.0133239
  411 410.5 30.7004 0.0133248
  412 411.5 30.6788 0.0133154
  413 412.5 30.7169 0.013332
  414 413.5 30.7425 0.0133431
  415 414.5 30.7304 0.0133379
  416 415.5 30.7599 0.0133507
  417 416.5 30.7202 0.0133334
  418 417.5 30.7443 0.0133439
  419 418.5 30.7177 0.0133324
  420 419.5 30.7421 0.0133429
  421 420.5 30.7787 0.0133588
  422 421.5 30.7546 0.0133483
  423 422.5 30.7665 0.0133535
  424 423.5 30.7776 0.0133583
  425 424.5 30.7532 0.0133478
  426 425.5 30.7645 0.0133526
  427 426.5 30.7629 0.013352
  428 427.5 30.7679 0.0133541
  429 428.5 30.7591 0.0133503
  430 429.5 30.711 0.0133294
  431 430.5 30.7478 0.0133454
  432 431.5 30.7393 0.0133417
  433 432.5 30.7081 0.0133282
  434 433.5 30.7195 0.0133331
  435 434.5 30.7653 0.013353
  436 435.5 30.6957 0.0133228
  437 436.5 30.689 0.0133199
  438 437.5 30.7195 0.0133331
  439 438.5 30.7391 0.0133416
  440 439.5 30.7119 0.0133298
  441 440.5 30.7712 0.0133556
  442 441.5 30.7732 0.0133564
  443 442.5 30.7591 0.0133503
  444 443.5 30.7562 0.0133491
  445 444.5 30.7668 0.0133536
  446 445.5 30.809 0.0133719
  447 446.5 30.7548 0.0133484
  448 447.5 30.8056 0.0133705
  449 448.5 30.8419 0.0133862
  450 449.5 30.8394 0.0133851
  451 450.5 30.8364 0.0133838
  452 451.5 30.8736 0.0134
  453 452.5 30.924 0.0134219
  454 453.5 30.8866 0.0134056
  455 454.5 30.8769 0.0134014
  456 455.5 30.9697 0.0134417
  457 456.5 30.9189 0.0134197
  458 457.5 30.8583 0.0133934
  459 458.5 30.9407 0.0134291
  460 459.5 30.9443 0.0134307
  461 460.5 30.9154 0.0134181
  462 461.5 30.9484 0.0134324
  463 462.5 30.9924 0.0134516
  464 463.5 30.9325 0.0134256
  465 464.5 30.9087 0.0134152
  466 465.5 30.9683 0.0134411
  467 466.5 30.9965 0.0134534
  468 467.5 30.9271 0.0134232
  469 468.5 30.9493 0.0134329
  470 469.5 30.9646 0.0134395
  471 470.5 30.9453 0.0134311
  472 471.5 30.9414 0.0134294
  473 472.5 30.9564 0.0134359
  474 473.5 30.9675 0.0134408
  475 474.5 30.9688 0.0134413
  476 475.5 30.9271 0.0134232
  477 476.5 30.9397 0.0134287
  478 477.5 30.9232 0.0134215
  479 478.5 30.934 0.0134262
  480 479.5 30.9277 0.0134235
40000000 480 5482.999999999996
  1 0.5 30.6607 0.0133076
  2 1.5 30.6065 0.0132841
  3 2.5 30.6051 0.0132834
  4 3.5 30.6051 0.0132835
  5 4.5 30.5939 0.0132786
  6 5.5 30.564 0.0132656
  7 6.5 30.5768 0.0132712
  8 7.5 30.5695 0.013268
  9 8.5 30.5617 0.0132646
  10 9.5 30.5512 0.0132601
  11 10.5 30.5684 0.0132676
  12 11.5 30.5776 0.0132715
  13 12.5 30.5729 0.0132695
  14 13.5 30.5694 0.013268
  15 14.5 30.6003 0.0132814
  16 15.5 30.6413 0.0132992
  17 16.5 30.5813 0.0132731
  18 17.5 30.6422 0.0132995
  19 18.5 30.6573 0.0133061
  20 19.5 30.6584 0.0133066
  21 20.5 30.6074 0.0132845
  22 21.5 30.6125 0.0132867
  23 22.5 30.6118 0.0132864
  24 23.5 30.6199 0.0132899
  25 24.5 30.5921 0.0132778
  26 25.5 30.575 0.0132704
  27 26.5 30.5959 0.0132795
  28 27.5 30.6065 0.0132841
  29 28.5 30.5188 0.013246
  30 29.5 30.5243 0.0132484
  31 30.5 30.5028 0.013239
  32 31.5 30.4861 0.0132318
  33 32.5 30.4708 0.0132252
  34 33.5 30.4901 0.0132335
  35 34.5 30.4509 0.0132166
  36 35.5 30.4034 0.0131959
  37 36.5 30.3504 0.0131729
  38 37.5 30.2661 0.0131363
  39 38.5 30.2084 0.0131113
  40 39.5 30.066 0.0130495
  41 40.5 29.8611 0.0129605
  42 41.5 29.62 0.0128559
  43 42.5 29.2486 0.0126947
  44 43.5 28.7608 0.012483
  45 44.5 28.0299 0.0121657
  46 45.5 27.0476 0.0117394
  47 46.5 25.7236 0.0111648
  48 47.5 24.0716 0.0104477
  49 48.5 22.0225 0.0095584
  50 49.5 19.5988 0.00850643
  51 50.5 16.9655 0.00736349
  52 51.5 14.1629 0.00614708
  53 52.5 11.4319 0.00496175
  54 53.5 8.76402 0.00380383
  55 54.5 6.42463 0.00278847
  56 55.5 4.51809 0.00196097
  57 56.5 3.08865 0.00134056
  58 57.5 2.08917 0.00090676
  59 58.5 1.42394 0.000618029
  60 59.5 1.02449 0.000444659
  61 60.5 0.797268 0.000346036
  62 61.5 0.65491 0.000284249
  63 62.5 0.572232 0.000248365
  64 63.5 0.52344 0.000227188
  65 64.5 0.499274 0.000216699
  66 65.5 0.481648 0.000209049
  67 66.5 0.473628 0.000205568
  68 67.5 0.46465 0.000201671
  69 68.5 0.461002 0.000200088
  70 69.5 0.456536 0.000198149
  71 70.5 0.457048 0.000198372
  72 71.5 0.455096 0.000197524
  73 72.5 0.457478 0.000198558
  74 73.5 0.455242 0.000197588
  75 74.5 0.453824 0.000196972
  76 75.5 0.4526 0.000196441
  77 76.5 0.454622 0.000197319
  78 77.5 0.45387 0.000196992
  79 78.5 0.458904 0.000199177
  80 79.5 0.4626 0.000200781
  81 80.5 0.456574 0.000198166
  82 81.5 0.454974 0.000197471
  83 82.5 0.454078 0.000197082
  84 83.5 0.456328 0.000198059
  85 84.5 0.457678 0.000198645
  86 85.5 0.458242 0.00019889
  87 86.5 0.456518 0.000198141
  88 87.5 0.457208 0.000198441
  89 88.5 0.45726 0.000198464
  90 89.5 0.455764 0.000197814
  91 90.5 0.455036 0.000197498
  92 91.5 0.45546 0.000197682
  93 92.5 0.454004 0.00019705
  94 93.5 0.457784 0.000198691
  95 94.5 0.456218 0.000198011
  96 95.5 0.463632 0.000201229
  97 96.5 0.461088 0.000200125
  98 97.5 0.458328 0.000198927
  99 98.5 0.460574 0.000199902
  100 99.5 0.457678 0.000198645
  101 100.5 0.46251 0.000200742
  102 101.5 0.460596 0.000199911
  103 102.5 0.463784 0.000201295
  104 103.5 0.463168 0.000201028
  105 104.5 0.462666 0.00020081
  106 105.5 0.465546 0.00020206
  107 106.5 0.459106 0.000199265
  108 107.5 0.460322 0.000199793
  109 108.5 0.45831 0.000198919
  110 109.5 0.459726 0.000199534
  111 110.5 0.46221 0.000200612
  112 111.5 0.46461 0.000201654
  113 112.5 0.462492 0.000200734
  114 113.5 0.460158 0.000199721
  115 114.5 0.459072 0.00019925
  116 115.5 0.457238 0.000198454
  117 116.5 0.454114 0.000197098
  118 117.5 0.458962 0.000199202
  119 118.5 0.460672 0.000199944
  120 119.5 0.456254 0.000198027
  121 120.5 0.456666 0.000198206
  122 121.5 0.456386 0.000198084
  123 122.5 0.45642 0.000198099
  124 123.5 0.460072 0.000199684
  125 124.5 0.460324 0.000199793
  126 125.5 0.461636 0.000200363
  127 126.5 0.461496 0.000200302
  128 127.5 0.457454 0.000198548
  129 128.5 0.451092 0.000195786
  130 129.5 0.450822 0.000195669
  131 130.5 0.451862 0.000196121
  132 131.5 0.450914 0.000195709
  133 132.5 0.448708 0.000194752
  134 133.5 0.451884 0.00019613
  135 134.5 0.452202 0.000196268
  136 135.5 0.452086 0.000196218
  137 136.5 0.443598 0.000192534
  138 137.5 0.452108 0.000196227
  139 138.5 0.449302 0.00019501
  140 139.5 0.453438 0.000196805
  141 140.5 0.450394 0.000195484
  142 141.5 0.45525 0.000197591
  143 142.5 0.459586 0.000199473
  144 143.5 0.453306 0.000196747
  145 144.5 0.463552 0.000201194
  146 145.5 0.45958 0.00019947
  147 146.5 0.459946 0.000199629
  148 147.5 0.458862 0.000199159
  149 148.5 0.458914 0.000199181
  150 149.5 0.461154 0.000200154
  151 150.5 0.46081 0.000200004
  152 151.5 0.467994 0.000203122
  153 152.5 0.464044 0.000201408
  154 153.5 0.462948 0.000200932
  155 154.5 0.462672 0.000200813
  156 155.5 0.45886 0.000199158
  157 156.5 0.458514 0.000199008
  158 157.5 0.456922 0.000198317
  159 158.5 0.457372 0.000198512
  160 159.5 0.451268 0.000195863
  161 160.5 0.453934 0.00019702
  162 161.5 0.45572 0.000197795
  163 162.5 0.45279 0.000196523
  164 163.5 0.44938 0.000195043
  165 164.5 0.449332 0.000195023
  166 165.5 0.453728 0.000196931
  167 166.5 0.45142 0.000195929
  168 167.5 0.450442 0.000195504
  169 168.5 0.451456 0.000195944
  170 169.5 0.45513 0.000197539
  171 170.5 0.451222 0.000195843
  172 171.5 0.453706 0.000196921
  173 172.5 0.455522 0.000197709
  174 173.5 0.45467 0.000197339
  175 174.5 0.45219 0.000196263
  176 175.5 0.45231 0.000196315
  177 176.5 0.452054 0.000196204
  178 177.5 0.447584 0.000194264
  179 178.5 0.45051 0.000195534
  180 179.5 0.449856 0.00019525
  181 180.5 0.449946 0.000195289
  182 181.5 0.452566 0.000196426
  183 182.5 0.45537 0.000197643
  184 183.5 0.452174 0.000196256
  185 184.5 0.455938 0.00019789
  186 185.5 0.455516 0.000197707
  187 186.5 0.455736 0.000197802
  188 187.5 0.45605 0.000197938
  189 188.5 0.45901 0.000199223
  190 189.5 0.455262 0.000197596
  191 190.5 0.45467 0.000197339
  192 191.5 0.455478 0.00019769
  193 192.5 0.460234 0.000199754
  194 193.5 0.474468 0.000205932
  195 194.5 0.484444 0.000210262
  196 195.5 0.500358 0.000217169
  197 196.5 0.52981 0.000229952
  198 197.5 0.574142 0.000249194
  199 198.5 0.654282 0.000283977
  200 199.5 0.783436 0.000340033
  201 200.5 1.01734 0.000441556
  202 201.5 1.40005 0.000607662
  203 202.5 1.99054 0.000863951
  204 203.5 2.90637 0.00126144
  205 204.5 4.19707 0.00182165
  206 205.5 5.89905 0.00256035
  207 206.5 8.00921 0.00347622
  208 207.5 10.4961 0.00455559
  209 208.5 13.209 0.00573307
  210 209.5 16.0557 0.00696863
  211 210.5 18.8987 0.00820257
  212 211.5 21.5159 0.00933848
  213 212.5 23.7204 0.0102953
  214 213.5 25.5059 0.0110703
  215 214.5 26.858 0.0116571
  216 215.5 27.8057 0.0120684
  217 216.5 28.414 0.0123325
  218 217.5 28.7775 0.0124902
  219 218.5 28.9219 0.0125529
  220 219.5 28.8718 0.0125312
  221 220.5 28.6477 0.0124339
  222 221.5 28.3067 0.0122859
  223 222.5 27.7323 0.0120366
  224 223.5 26.9339 0.0116901
  225 224.5 25.8772 0.0112314
  226 225.5 24.5795 0.0106682
  227 226.5 23.0303 0.00999579
  228 227.5 21.2177 0.00920909
  229 228.5 19.2197 0.00834187
  230 229.5 17.1322 0.00743585
  231 230.5 14.9545 0.00649068
  232 231.5 12.8726 0.00558708
  233 232.5 10.9479 0.0047517
  234 233.5 9.20552 0.00399545
  235 234.5 7.79544 0.00338344
  236 235.5 6.58413 0.0028577
  237 236.5 5.60893 0.00243443
  238 237.5 4.85878 0.00210885
  239 238.5 4.32528 0.00187729
  240 239.5 3.89335 0.00168982
  241 240.5 3.57156 0.00155016
  242 241.5 3.30741 0.00143551
  243 242.5 3.11989 0.00135412
  244 243.5 2.97016 0.00128913
  245 244.5 2.8246 0.00122595
  246 245.5 2.71988 0.00118051
  247 246.5 2.68252 0.00116429
  248 247.5 2.62071 0.00113746
  249 248.5 2.58333 0.00112124
  250 249.5 2.58537 0.00112212
  251 250.5 2.55716 0.00110988
  252 251.5 2.53286 0.00109933
  253 252.5 2.53717 0.0011012
  254 253.5 2.51885 0.00109325
  255 254.5 2.50022 0.00108517
  256 255.5 2.48997 0.00108072
  257 256.5 2.45899 0.00106727
  258 257.5 2.43245 0.00105575
  259 258.5 2.40486 0.00104378
  260 259.5 2.4038 0.00104332
  261 260.5 2.4128 0.00104722
  262 261.5 2.39519 0.00103958
  263 262.5 2.3928 0.00103854
  264 263.5 2.40569 0.00104414
  265 264.5 2.43133 0.00105526
  266 265.5 2.45421 0.00106519
  267 266.5 2.44435 0.00106091
  268 267.5 2.4622 0.00106866
  269 268.5 2.46532 0.00107002
  270 269.5 2.47105 0.00107251
  271 270.5 2.47817 0.00107559
  272 271.5 2.46347 0.00106921
  273 272.5 2.45613 0.00106603
  274 273.5 2.45755 0.00106665
  275 274.5 2.45303 0.00106468
  276 275.5 2.45984 0.00106764
  277 276.5 2.46179 0.00106848
  278 277.5 2.45295 0.00106465
  279 278.5 2.42489 0.00105247
  280 279.5 2.41506 0.0010482
  281 280.5 2.43357 0.00105624
  282 281.5 2.43947 0.0010588
  283 282.5 2.44358 0.00106058
  284 283.5 2.42526 0.00105263
  285 284.5 2.41622 0.00104871
  286 285.5 2.39665 0.00104021
  287 286.5 2.37107 0.00102911
  288 287.5 2.37072 0.00102896
  289 288.5 2.39412 0.00103912
  290 289.5 2.3852 0.00103524
  291 290.5 2.38465 0.001035
  292 291.5 2.40284 0.0010429
  293 292.5 2.42886 0.00105419
  294 293.5 2.42829 0.00105394
  295 294.5 2.42373 0.00105196
  296 295.5 2.434 0.00105642
  297 296.5 2.43057 0.00105494
  298 297.5 2.41729 0.00104917
  299 298.5 2.41487 0.00104812
  300 299.5 2.42587 0.00105289
  301 300.5 2.4611 0.00106818
  302 301.5 2.48256 0.0010775
  303 302.5 2.49843 0.00108439
  304 303.5 2.53168 0.00109882
  305 304.5 2.58171 0.00112053
  306 305.5 2.6055 0.00113086
  307 306.5 2.60303 0.00112979
  308 307.5 2.59728 0.00112729
  309 308.5 2.61388 0.0011345
  310 309.5 2.6324 0.00114254
  311 310.5 2.66827 0.00115811
  312 311.5 2.68258 0.00116432
  313 312.5 2.67873 0.00116264
  314 313.5 2.66705 0.00115758
  315 314.5 2.69198 0.00116839
  316 315.5 2.6842 0.00116502
  317 316.5 2.67607 0.00116149
  318 317.5 2.69322 0.00116893
  319 318.5 2.67966 0.00116305
  320 319.5 2.67078 0.00115919
  321 320.5 2.70287 0.00117312
  322 321.5 2.73802 0.00118838
  323 322.5 2.7486 0.00119297
  324 323.5 2.76258 0.00119904
  325 324.5 2.76422 0.00119975
  326 325.5 2.74653 0.00119207
  327 326.5 2.75394 0.00119529
  328 327.5 2.74555 0.00119164
  329 328.5 2.73294 0.00118617
  330 329.5 2.73516 0.00118713
  331 330.5 2.74309 0.00119058
  332 331.5 2.74624 0.00119194
  333 332.5 2.71978 0.00118046
  334 333.5 2.71687 0.0011792
  335 334.5 2.70613 0.00117453
  336 335.5 2.69215 0.00116847
  337 336.5 2.67613 0.00116151
  338 337.5 2.65309 0.00115151
  339 338.5 2.64575 0.00114833
  340 339.5 2.65731 0.00115335
  341 340.5 2.68496 0.00116535
  342 341.5 2.68326 0.00116461
  343 342.5 2.68159 0.00116388
  344 343.5 2.68492 0.00116533
  345 344.5 2.70025 0.00117198
  346 345.5 2.73686 0.00118787
  347 346.5 2.76153 0.00119858
  348 347.5 2.74923 0.00119324
  349 348.5 2.75376 0.00119521
  350 349.5 2.73943 0.00118899
  351 350.5 2.72096 0.00118097
  352 351.5 2.71246 0.00117728
  353 352.5 2.71078 0.00117655
  354 353.5 2.71946 0.00118032
  355 354.5 2.72238 0.00118159
  356 355.5 2.70271 0.00117305
  357 356.5 2.69072 0.00116785
  358 357.5 2.70157 0.00117256
  359 358.5 2.68756 0.00116648
  360 359.5 2.69231 0.00116854
  361 360.5 2.69365 0.00116912
  362 361.5 2.68808 0.0011667
  363 362.5 2.69155 0.00116821
  364 363.5 2.71001 0.00117622
  365 364.5 2.72148 0.0011812
  366 365.5 2.71915 0.00118018
  367 366.5 2.73364 0.00118648
  368 367.5 2.74356 0.00119078
  369 368.5 2.74518 0.00119148
  370 369.5 2.75673 0.0011965
  371 370.5 2.79589 0.0012135
  372 371.5 2.82589 0.00122651
  373 372.5 2.90666 0.00126157
  374 373.5 3.01876 0.00131023
  375 374.5 3.1449 0.00136497
  376 375.5 3.29901 0.00143186
  377 376.5 3.51211 0.00152435
  378 377.5 3.79229 0.00164596
  379 378.5 4.18929 0.00181827
  380 379.5 4.70051 0.00204015
  381 380.5 5.37776 0.0023341
  382 381.5 6.19691 0.00268963
  383 382.5 7.23766 0.00314134
  384 383.5 8.57665 0.00372251
  385 384.5 10.1495 0.00440516
  386 385.5 11.9247 0.00517567
  387 386.5 13.8955 0.00603104
  388 387.5 16.0311 0.00695793
  389 388.5 18.153 0.00787889
  390 389.5 20.2331 0.00878173
  391 390.5 22.1879 0.00963016
  392 391.5 23.9044 0.0103752
  393 392.5 25.4093 0.0110283
  394 393.5 26.6428 0.0115637
  395 394.5 27.5971 0.0119779
  396 395.5 28.3687 0.0123128
  397 396.5 28.9315 0.0125571
  398 397.5 29.3563 0.0127415
  399 398.5 29.6955 0.0128887
  400 399.5 29.9477 0.0129981
  401 400.5 30.1502 0.013086
  402 401.5 30.3096 0.0131552
  403 402.5 30.3322 0.013165
  404 403.5 30.4336 0.013209
  405 404.5 30.5088 0.0132417
  406 405.5 30.5253 0.0132488
  407 406.5 30.5699 0.0132682
  408 407.5 30.6278 0.0132933
  409 408.5 30.6172 0.0132887
  410 409.5 30.6464 0.0133014
  411 410.5 30.6848 0.0133181
  412 411.5 30.6897 0.0133202
  413 412.5 30.6506 0.0133032
  414 413.5 30.6592 0.0133069
  415 414.5 30.6674 0.0133105
  416 415.5 30.6374 0.0132975
  417 416.5 30.615 0.0132878
  418 417.5 30.6282 0.0132935
  419 418.5 30.6834 0.0133174
  420 419.5 30.6451 0.0133008
  421 420.5 30.6758 0.0133141
  422 421.5 30.669 0.0133112
  423 422.5 30.6844 0.0133179
  424 423.5 30.7389 0.0133416
  425 424.5 30.7456 0.0133445
  426 425.5 30.7318 0.0133385
  427 426.5 30.7489 0.0133459
  428 427.5 30.789 0.0133633
  429 428.5 30.7091 0.0133286
  430 429.5 30.7084 0.0133283
  431 430.5 30.7508 0.0133467
  432 431.5 30.6989 0.0133242
  433 432.5 30.6509 0.0133033
  434 433.5 30.6796 0.0133158
  435 434.5 30.6758 0.0133141
  436 435.5 30.6698 0.0133115
  437 436.5 30.6712 0.0133121
  438 437.5 30.6822 0.0133169
  439 438.5 30.6761 0.0133143
  440 439.5 30.7192 0.013333
  441 440.5 30.7056 0.0133271
  442 441.5 30.6838 0.0133176
  443 442.5 30.7139 0.0133307
  444 443.5 30.6965 0.0133231
  445 444.5 30.6357 0.0132968
  446 445.5 30.6755 0.013314
  447 446.5 30.6867 0.0133189
  448 447.5 30.6072 0.0132844
  449 448.5 30.599 0.0132808
  450 449.5 30.6159 0.0132882
  451 450.5 30.5915 0.0132776
  452 451.5 30.552 0.0132604
  453 452.5 30.5439 0.0132569
  454 453.5 30.5846 0.0132746
  455 454.5 30.5489 0.0132591
  456 455.5 30.5566 0.0132624
  457 456.5 30.5629 0.0132651
  458 457.5 30.6046 0.0132832
  459 458.5 30.5709 0.0132686
  460 459.5 30.5561 0.0132622
  461 460.5 30.5776 0.0132715
  462 461.5 30.6339 0.013296
  463 462.5 30.5918 0.0132777
  464 463.5 30.6314 0.0132949
  465 464.5 30.6053 0.0132836
  466 465.5 30.6339 0.013296
  467 466.5 30.6303 0.0132944
  468 467.5 30.6394 0.0132983
  469 468.5 30.6214 0.0132906
  470 469.5 30.6309 0.0132946
  471 470.5 30.6873 0.0133192
  472 471.5 30.6449 0.0133007
  473 472.5 30.7007 0.013325
  474 473.5 30.6907 0.0133206
  475 474.5 30.6809 0.0133164
  476 475.5 30.7128 0.0133302
  477 476.5 30.6896 0.0133201
  478 477.5 30.6947 0.0133224
  479 478.5 30.6689 0.0133111
  480 479.5 30.6907 0.0133206
50000000 480 5482.999999999998
  1 0.5 30.4611 0.013221
  2 1.5 30.4931 0.0132349
  3 2.5 30.5043 0.0132397
  4 3.5 30.4465 0.0132146
  5 4.5 30.4557 0.0132186
  6 5.5 30.5393 0.0132549
  7 6.5 30.5098 0.0132421
  8 7.5 30.4227 0.0132043
  9 8.5 30.4802 0.0132293
  10 9.5 30.4877 0.0132325
  11 10.5 30.4388 0.0132113
  12 11.5 30.4443 0.0132137
  13 12.5 30.4797 0.013229
  14 13.5 30.4947 0.0132355
  15 14.5 30.4704 0.013225
  16 15.5 30.5097 0.0132421
  17 16.5 30.4821 0.0132301
  18 17.5 30.5022 0.0132388
  19 18.5 30.556 0.0132621
  20 19.5 30.5433 0.0132566
  21 20.5 30.5678 0.0132673
  22 21.5 30.5551 0.0132617
  23 22.5 30.5649 0.013266
  24 23.5 30.5593 0.0132636
  25 24.5 30.5518 0.0132603
  26 25.5 30.5706 0.0132685
  27 26.5 30.5756 0.0132707
  28 27.5 30.5644 0.0132658
  29 28.5 30.595 0.0132791
  30 29.5 30.6055 0.0132837
  31 30.5 30.569 0.0132678
  32 31.5 30.5487 0.013259
  33 32.5 30.5933 0.0132783
  34 33.5 30.516 0.0132448
  35 34.5 30.4927 0.0132347
  36 35.5 30.4107 0.0131991
  37 36.5 30.3923 0.0131911
  38 37.5 30.2808 0.0131427
  39 38.5 30.1462 0.0130843
  40 39.5 30.0435 0.0130397
  41 40.5 29.835 0.0129492
  42 41.5 29.486 0.0127977
  43 42.5 29.0581 0.012612
  44 43.5 28.4567 0.012351
  45 44.5 27.5213 0.011945
  46 45.5 26.3019 0.0114158
  47 46.5 24.607 0.0106801
  48 47.5 22.4912 0.0097618
  49 48.5 19.845 0.00861327
  50 49.5 16.876 0.00732465
  51 50.5 13.6886 0.00594122
  52 51.5 10.6018 0.00460147
  53 52.5 7.82219 0.00339505
  54 53.5 5.54683 0.00240748
  55 54.5 3.77743 0.00163951
  56 55.5 2.53728 0.00110125
  57 56.5 1.70572 0.000740331
  58 57.5 1.19614 0.000519158
  59 58.5 0.888496 0.000385632
  60 59.5 0.709076 0.000307759
  61 60.5 0.607864 0.00026383
  62 61.5 0.546714 0.000237289
  63 62.5 0.509 0.00022092
  64 63.5 0.49404 0.000214427
  65 64.5 0.478654 0.000207749
  66 65.5 0.467958 0.000203107
  67 66.5 0.460318 0.000199791
  68 67.5 0.45065 0.000195595
  69 68.5 0.45484 0.000197413
  70 69.5 0.44894 0.000194852
  71 70.5 0.449388 0.000195047
  72 71.5 0.45188 0.000196128
  73 72.5 0.456036 0.000197932
  74 73.5 0.457606 0.000198614
  75 74.5 0.453344 0.000196764
  76 75.5 0.455582 0.000197735
  77 76.5 0.456284 0.00019804
  78 77.5 0.452136 0.00019624
  79 78.5 0.456544 0.000198153
  80 79.5 0.453106 0.000196661
  81 80.5 0.449146 0.000194942
  82 81.5 0.452566 0.000196426
  83 82.5 0.447278 0.000194131
  84 83.5 0.445816 0.000193497
  85 84.5 0.446418 0.000193758
  86 85.5 0.44445 0.000192904
  87 86.5 0.44166 0.000191693
  88 87.5 0.442788 0.000192182
  89 88.5 0.444916 0.000193106
  90 89.5 0.443978 0.000192699
  91 90.5 0.440782 0.000191312
  92 91.5 0.4419 0.000191797
  93 92.5 0.44745 0.000194206
  94 93.5 0.444412 0.000192887
  95 94.5 0.442682 0.000192136
  96 95.5 0.445184 0.000193222
  97 96.5 0.444092 0.000192748
  98 97.5 0.435074 0.000188834
  99 98.5 0.439236 0.000190641
  100 99.5 0.441638 0.000191683
  101 100.5 0.445588 0.000193398
  102 101.5 0.446188 0.000193658
  103 102.5 0.445062 0.000193169
  104 103.5 0.44207 0.000191871
  105 104.5 0.441642 0.000191685
  106 105.5 0.444366 0.000192867
  107 106.5 0.440464 0.000191174
  108 107.5 0.439668 0.000190828
  109 108.5 0.442674 0.000192133
  110 109.5 0.447482 0.00019422
  111 110.5 0.442882 0.000192223
  112 111.5 0.442876 0.00019222
  113 112.5 0.448276 0.000194564
  114 113.5 0.446048 0.000193597
  115 114.5 0.441822 0.000191763
  116 115.5 0.442636 0.000192116
  117 116.5 0.441544 0.000191642
  118 117.5 0.440378 0.000191136
  119 118.5 0.440076 0.000191005
  120 119.5 0.439226 0.000190636
  121 120.5 0.44224 0.000191944
  122 121.5 0.439472 0.000190743
  123 122.5 0.439328 0.000190681
  124 123.5 0.43961 0.000190803
  125 124.5 0.4442 0.000192795
  126 125.5 0.442498 0.000192056
  127 126.5 0.438986 0.000190532
  128 127.5 0.437682 0.000189966
  129 128.5 0.43625 0.000189345
  130 129.5 0.446102 0.000193621
  131 130.5 0.447244 0.000194116
  132 131.5 0.443362 0.000192431
  133 132.5 0.440654 0.000191256
  134 133.5 0.43699 0.000189666
  135 134.5 0.43802 0.000190113
  136 135.5 0.434912 0.000188764
  137 136.5 0.432442 0.000187692
  138 137.5 0.440704 0.000191278
  139 138.5 0.438422 0.000190287
  140 139.5 0.437692 0.00018997
  141 140.5 0.436724 0.00018955
  142 141.5 0.438858 0.000190477
  143 142.5 0.437916 0.000190068
  144 143.5 0.439828 0.000190898
  145 144.5 0.43876 0.000190434
  146 145.5 0.440008 0.000190976
  147 146.5 0.44575 0.000193468
  148 147.5 0.444672 0.000193
  149 148.5 0.446932 0.000193981
  150 149.5 0.441774 0.000191742
  151 150.5 0.443822 0.000192631
  152 151.5 0.450016 0.000195319
  153 152.5 0.44653 0.000193806
  154 153.5 0.445972 0.000193564
  155 154.5 0.451062 0.000195773
  156 155.5 0.448334 0.000194589
  157 156.5 0.452196 0.000196266
  158 157.5 0.453686 0.000196912
  159 158.5 0.453664 0.000196903
  160 159.5 0.452524 0.000196408
  161 160.5 0.451042 0.000195765
  162 161.5 0.448736 0.000194764
  163 162.5 0.454268 0.000197165
  164 163.5 0.456312 0.000198052
  165 164.5 0.45184 0.000196111
  166 165.5 0.454908 0.000197443
  167 166.5 0.452438 0.000196371
  168 167.5 0.45019 0.000195395
  169 168.5 0.449792 0.000195222
  170 169.5 0.452502 0.000196398
  171 170.5 0.456602 0.000198178
  172 171.5 0.452436 0.00019637
  173 172.5 0.450972 0.000195734
  174 173.5 0.451378 0.000195911
  175 174.5 0.44924 0.000194983
  176 175.5 0.447392 0.000194181
  177 176.5 0.447642 0.000194289
  178 177.5 0.449978 0.000195303
  179 178.5 0.451984 0.000196174
  180 179.5 0.449468 0.000195082
  181 180.5 0.448632 0.000194719
  182 181.5 0.449486 0.000195089
  183 182.5 0.447074 0.000194043
  184 183.5 0.446046 0.000193596
  185 184.5 0.449854 0.000195249
  186 185.5 0.450868 0.000195689
  187 186.5 0.448732 0.000194762
  188 187.5 0.448216 0.000194538
  189 188.5 0.447082 0.000194046
  190 189.5 0.451108 0.000195793
  191 190.5 0.452234 0.000196282
  192 191.5 0.456308 0.00019805
  193 192.5 0.466722 0.00020257
  194 193.5 0.474312 0.000205865
  195 194.5 0.482378 0.000209365
  196 195.5 0.50722 0.000220148
  197 196.5 0.549786 0.000238622
  198 197.5 0.611334 0.000265336
  199 198.5 0.719778 0.000312404
  200 199.5 0.913514 0.00039649
  201 200.5 1.23873 0.000537644
  202 201.5 1.77078 0.000768569
  203 202.5 2.6143 0.00113468
  204 203.5 3.87926 0.00168371
  205 204.5 5.68815 0.00246882
  206 205.5 8.02697 0.00348393
  207 206.5 10.8457 0.00470736
  208 207.5 13.9173 0.00604048
  209 208.5 17.0198 0.00738708
  210 209.5 19.9769 0.00867051
  211 210.5 22.5669 0.00979467
  212 211.5 24.656 0.0107014
  213 212.5 26.2571 0.0113963
  214 213.5 27.4387 0.0119092
  215 214.5 28.1896 0.0122351
  216 215.5 28.734 0.0124713
  217 216.5 29.0277 0.0125988
  218 217.5 29.1386 0.012647
  219 218.5 29.0745 0.0126191
  220 219.5 28.8796 0.0125345
  221 220.5 28.4551 0.0123503
  222 221.5 27.8409 0.0120837
  223 222.5 27.029 0.0117313
  224 223.5 25.8951 0.0112392
  225 224.5 24.4827 0.0106262
  226 225.5 22.8387 0.00991265
  227 226.5 20.9549 0.009095
  228 227.5 18.8426 0.0081782
  229 228.5 16.6484 0.00722588
  230 229.5 14.4613 0.00627659
  231 230.5 12.3412 0.00535644
  232 231.5 10.4025 0.004515
  233 232.5 8.73011 0.00378911
  234 233.5 7.32541 0.00317943
  235 234.5 6.18434 0.00268418
  236 235.5 5.27275 0.00228852
  237 236.5 4.54742 0.00197371
  238 237.5 4.06379 0.0017638
  239 238.5 3.71923 0.00161425
  240 239.5 3.44503 0.00149524
  241 240.5 3.23072 0.00140222
  242 241.5 3.10629 0.00134821
  243 242.5 3.00588 0.00130463
  244 243.5 2.92092 0.00126776
  245 244.5 2.86113 0.00124181
  246 245.5 2.81467 0.00122164
  247 246.5 2.78927 0.00121062
  248 247.5 2.79649 0.00121375
  249 248.5 2.7572 0.0011967
  250 249.5 2.71003 0.00117623
  251 250.5 2.69633 0.00117028
  252 251.5 2.69505 0.00116973
  253 252.5 2.66792 0.00115795
  254 253.5 2.6527 0.00115134
  255 254.5 2.63709 0.00114457
  256 255.5 2.60584 0.00113101
  257 256.5 2.57936 0.00111952
  258 257.5 2.56039 0.00111128
  259 258.5 2.55036 0.00110693
  260 259.5 2.51315 0.00109078
  261 260.5 2.48821 0.00107995
  262 261.5 2.48275 0.00107758
  263 262.5 2.48487 0.0010785
  264 263.5 2.51448 0.00109136
  265 264.5 2.5164 0.00109219
  266 265.5 2.51713 0.0010925
  267 266.5 2.52229 0.00109474
  268 267.5 2.56691 0.00111411
  269 268.5 2.57756 0.00111873
  270 269.5 2.5574 0.00110998
  271 270.5 2.56751 0.00111437
  272 271.5 2.58427 0.00112164
  273 272.5 2.60624 0.00113118
  274 273.5 2.61858 0.00113654
  275 274.5 2.62076 0.00113748
  276 275.5 2.57891 0.00111932
  277 276.5 2.54961 0.0011066
  278 277.5 2.55678 0.00110971
  279 278.5 2.56962 0.00111529
  280 279.5 2.57168 0.00111618
  281 280.5 2.57095 0.00111586
  282 281.5 2.58418 0.00112161
  283 282.5 2.59114 0.00112463
  284 283.5 2.6019 0.0011293
  285 284.5 2.58538 0.00112213
  286 285.5 2.5948 0.00112622
  287 286.5 2.59516 0.00112637
  288 287.5 2.60527 0.00113076
  289 288.5 2.58753 0.00112306
  290 289.5 2.60321 0.00112987
  291 290.5 2.59262 0.00112527
  292 291.5 2.59283 0.00112536
  293 292.5 2.58787 0.00112321
  294 293.5 2.59314 0.0011255
  295 294.5 2.57242 0.0011165
  296 295.5 2.58216 0.00112073
  297 296.5 2.58864 0.00112354
  298 297.5 2.60715 0.00113158
  299 298.5 2.62472 0.0011392
  300 299.5 2.62952 0.00114129
  301 300.5 2.64638 0.0011486
  302 301.5 2.64736 0.00114903
  303 302.5 2.64931 0.00114988
  304 303.5 2.6595 0.0011543
  305 304.5 2.68055 0.00116343
  306 305.5 2.67745 0.00116209
  307 306.5 2.66129 0.00115507
  308 307.5 2.654 0.00115191
  309 308.5 2.63024 0.0011416
  310 309.5 2.62346 0.00113866
  311 310.5 2.63112 0.00114198
  312 311.5 2.63472 0.00114354
  313 312.5 2.64722 0.00114897
  314 313.5 2.66747 0.00115776
  315 314.5 2.6888 0.00116701
  316 315.5 2.69263 0.00116868
  317 316.5 2.69007 0.00116757
  318 317.5 2.72223 0.00118152
  319 318.5 2.74522 0.0011915
  320 319.5 2.74022 0.00118933
  321 320.5 2.75196 0.00119443
  322 321.5 2.76013 0.00119797
  323 322.5 2.75783 0.00119698
  324 323.5 2.74417 0.00119105
  325 324.5 2.7169 0.00117921
  326 325.5 2.70346 0.00117338
  327 326.5 2.70204 0.00117276
  328 327.5 2.68406 0.00116496
  329 328.5 2.66898 0.00115841
  330 329.5 2.66498 0.00115668
  331 330.5 2.65811 0.00115369
  332 331.5 2.64171 0.00114658
  333 332.5 2.63761 0.0011448
  334 333.5 2.64567 0.00114829
  335 334.5 2.63915 0.00114546
  336 335.5 2.63726 0.00114464
  337 336.5 2.64115 0.00114633
  338 337.5 2.6479 0.00114926
  339 338.5 2.65462 0.00115218
  340 339.5 2.66707 0.00115758
  341 340.5 2.66213 0.00115544
  342 341.5 2.64224 0.00114681
  343 342.5 2.62376 0.00113878
  344 343.5 2.64003 0.00114585
  345 344.5 2.66168 0.00115524
  346 345.5 2.65042 0.00115036
  347 346.5 2.64896 0.00114972
  348 347.5 2.66105 0.00115497
  349 348.5 2.67643 0.00116165
  350 349.5 2.70361 0.00117344
  351 350.5 2.71614 0.00117888
  352 351.5 2.72509 0.00118276
  353 352.5 2.75179 0.00119435
  354 353.5 2.75099 0.00119401
  355 354.5 2.75297 0.00119487
  356 355.5 2.74726 0.00119239
  357 356.5 2.72947 0.00118467
  358 357.5 2.72274 0.00118175
  359 358.5 2.71206 0.00117711
  360 359.5 2.72274 0.00118175
  361 360.5 2.72266 0.00118171
  362 361.5 2.72625 0.00118327
  363 362.5 2.71885 0.00118006
  364 363.5 2.68756 0.00116648
  365 364.5 2.69264 0.00116868
  366 365.5 2.70276 0.00117307
  367 366.5 2.72342 0.00118204
  368 367.5 2.73129 0.00118545
  369 368.5 2.77232 0.00120326
  370 369.5 2.81046 0.00121982
  371 370.5 2.85416 0.00123879
  372 371.5 2.93398 0.00127343
  373 372.5 3.03557 0.00131752
  374 373.5 3.16796 0.00137498
  375 374.5 3.30591 0.00143486
  376 375.5 3.52532 0.00153009
  377 376.5 3.79112 0.00164545
  378 377.5 4.17436 0.00181179
  379 378.5 4.67465 0.00202893
  380 379.5 5.34129 0.00231827
  381 380.5 6.21966 0.0026995
  382 381.5 7.35327 0.00319153
  383 382.5 8.67487 0.00376513
  384 383.5 10.3006 0.00447075
  385 384.5 12.1613 0.00527835
  386 385.5 14.2782 0.00619711
  387 386.5 16.4604 0.00714426
  388 387.5 18.6664 0.00810172
  389 388.5 20.7508 0.00900642
  390 389.5 22.6601 0.00983513
  391 390.5 24.353 0.0105699
  392 391.5 25.7797 0.0111891
  393 392.5 26.9288 0.0116879
  394 393.5 27.8774 0.0120996
  395 394.5 28.6232 0.0124233
  396 395.5 29.1721 0.0126615
  397 396.5 29.5573 0.0128287
  398 397.5 29.8996 0.0129772
  399 398.5 30.1415 0.0130823
  400 399.5 30.293 0.013148
  401 400.5 30.4117 0.0131995
  402 401.5 30.531 0.0132513
  403 402.5 30.588 0.013276
  404 403.5 30.63 0.0132943
  405 404.5 30.6524 0.013304
  406 405.5 30.6801 0.013316
  407 406.5 30.715 0.0133312
  408 407.5 30.7036 0.0133262
  409 408.5 30.6884 0.0133196
  410 409.5 30.7366 0.0133406
  411 410.5 30.7511 0.0133468
  412 411.5 30.7808 0.0133597
  413 412.5 30.7457 0.0133445
  414 413.5 30.778 0.0133585
  415 414.5 30.7951 0.0133659
  416 415.5 30.7224 0.0133344
  417 416.5 30.7542 0.0133482
  418 417.5 30.7353 0.01334
  419 418.5 30.7057 0.0133271
  420 419.5 30.6826 0.0133171
  421 420.5 30.7211 0.0133338
  422 421.5 30.7053 0.0133269
  423 422.5 30.7254 0.0133357
  424 423.5 30.728 0.0133368
  425 424.5 30.7091 0.0133286
  426 425.5 30.7568 0.0133493
  427 426.5 30.7786 0.0133588
  428 427.5 30.7458 0.0133445
  429 428.5 30.7117 0.0133297
  430 429.5 30.7492 0.013346
  431 430.5 30.6794 0.0133157
  432 431.5 30.6642 0.0133091
  433 432.5 30.6622 0.0133082
  434 433.5 30.6501 0.013303
  435 434.5 30.5903 0.013277
  436 435.5 30.6397 0.0132985
  437 436.5 30.6228 0.0132911
  438 437.5 30.5515 0.0132602
  439 438.5 30.5131 0.0132435
  440 439.5 30.5142 0.013244
  441 440.5 30.4753 0.0132271
  442 441.5 30.4296 0.0132073
  443 442.5 30.4178 0.0132022
  444 443.5 30.3798 0.0131857
  445 444.5 30.3912 0.0131906
  446 445.5 30.3718 0.0131822
  447 446.5 30.3681 0.0131806
  448 447.5 30.3235 0.0131612
  449 448.5 30.3404 0.0131686
  450 449.5 30.2846 0.0131443
  451 450.5 30.272 0.0131389
  452 451.5 30.2831 0.0131437
  453 452.5 30.3043 0.0131529
  454 453.5 30.2321 0.0131216
  455 454.5 30.2254 0.0131187
  456 455.5 30.2272 0.0131194
  457 456.5 30.2049 0.0131098
  458 457.5 30.2395 0.0131248
  459 458.5 30.2355 0.013123
  460 459.5 30.2187 0.0131158
  461 460.5 30.1883 0.0131026
  462 461.5 30.2103 0.0131121
  463 462.5 30.2574 0.0131326
  464 463.5 30.2891 0.0131463
  465 464.5 30.2879 0.0131458
  466 465.5 30.3083 0.0131546
  467 466.5 30.3089 0.0131549
  468 467.5 30.3314 0.0131647
  469 468.5 30.3285 0.0131634
  470 469.5 30.4105 0.013199
  471 470.5 30.3958 0.0131926
  472 471.5 30.414 0.0132005
  473 472.5 30.4183 0.0132024
  474 473.5 30.4135 0.0132003
  475 474.5 30.4648 0.0132226
  476 475.5 30.4665 0.0132233
  477 476.5 30.5018 0.0132386
  478 477.5 30.4801 0.0132292
  479 478.5 30.4929 0.0132347
  480 479.5 30.4919 0.0132343
