# Chunk-averaged data for fix tensor2 and group c1
# Timestep Number-of-chunks Total-count
# Chunk Coord1 Ncount density/number
20000000 480 5180.999999999995
  1 0.5 30.4164 0.0132016
  2 1.5 30.4036 0.013196
  3 2.5 30.3662 0.0131798
  4 3.5 30.4047 0.0131965
  5 4.5 30.416 0.0132014
  6 5.5 30.3727 0.0131826
  7 6.5 30.4041 0.0131962
  8 7.5 30.4103 0.0131989
  9 8.5 30.4017 0.0131952
  10 9.5 30.4075 0.0131977
  11 10.5 30.4032 0.0131958
  12 11.5 30.4016 0.0131951
  13 12.5 30.4139 0.0132005
  14 13.5 30.4051 0.0131967
  15 14.5 30.4031 0.0131958
  16 15.5 30.4167 0.0132017
  17 16.5 30.4231 0.0132045
  18 17.5 30.4171 0.0132019
  19 18.5 30.4093 0.0131985
  20 19.5 30.3831 0.0131871
  21 20.5 30.3994 0.0131942
  22 21.5 30.456 0.0132188
  23 22.5 30.4073 0.0131976
  24 23.5 30.3925 0.0131912
  25 24.5 30.4283 0.0132067
  26 25.5 30.4155 0.0132012
  27 26.5 30.4024 0.0131955
  28 27.5 30.4357 0.0132099
  29 28.5 30.4266 0.013206
  30 29.5 30.4436 0.0132134
  31 30.5 30.4145 0.0132008
  32 31.5 30.4103 0.0131989
  33 32.5 30.4205 0.0132033
  34 33.5 30.431 0.0132079
  35 34.5 30.4212 0.0132036
  36 35.5 30.4057 0.0131969
  37 36.5 30.4127 0.0131999
  38 37.5 30.4216 0.0132038
  39 38.5 30.3611 0.0131776
  40 39.5 30.3993 0.0131941
  41 40.5 30.395 0.0131923
  42 41.5 30.3385 0.0131678
  43 42.5 30.3841 0.0131876
  44 43.5 30.3803 0.0131859
  45 44.5 30.2993 0.0131507
  46 45.5 30.2847 0.0131444
  47 46.5 30.3182 0.013159
  48 47.5 30.2361 0.0131233
  49 48.5 30.1318 0.0130781
  50 49.5 30.1095 0.0130683
  51 50.5 30.0258 0.013032
  52 51.5 29.8617 0.0129608
  53 52.5 29.6651 0.0128755
  54 53.5 29.4967 0.0128024
  55 54.5 29.1542 0.0126537
  56 55.5 28.7447 0.012476
  57 56.5 28.1967 0.0122381
  58 57.5 27.5371 0.0119519
  59 58.5 26.6117 0.0115502
  60 59.5 25.505 0.0110699
  61 60.5 24.1281 0.0104723
  62 61.5 22.4753 0.00975489
  63 62.5 20.5029 0.00889883
  64 63.5 18.3778 0.00797648
  65 64.5 16.0873 0.00698233
  66 65.5 13.7409 0.00596395
  67 66.5 11.5103 0.0049958
  68 67.5 9.4533 0.00410299
  69 68.5 7.63587 0.00331418
  70 69.5 6.12897 0.00266014
  71 70.5 4.90166 0.00212746
  72 71.5 3.95528 0.0017167
  73 72.5 3.25665 0.00141348
  74 73.5 2.75767 0.00119691
  75 74.5 2.39198 0.00103818
  76 75.5 2.14177 0.000929587
  77 76.5 1.95962 0.000850528
  78 77.5 1.84376 0.000800243
  79 78.5 1.75214 0.000760476
  80 79.5 1.70217 0.000738789
  81 80.5 1.65511 0.000718362
  82 81.5 1.63322 0.000708863
  83 82.5 1.60623 0.000697149
  84 83.5 1.59238 0.000691135
  85 84.5 1.59085 0.000690472
  86 85.5 1.57454 0.000683394
  87 86.5 1.56512 0.000679306
  88 87.5 1.56515 0.000679317
  89 88.5 1.56383 0.000678744
  90 89.5 1.55349 0.00067426
  91 90.5 1.55055 0.000672982
  92 91.5 1.54992 0.000672707
  93 92.5 1.54377 0.00067004
  94 93.5 1.54526 0.000670686
  95 94.5 1.5394 0.000668141
  96 95.5 1.55418 0.000674559
  97 96.5 1.55641 0.000675525
  98 97.5 1.55276 0.000673941
  99 98.5 1.54835 0.000672027
  100 99.5 1.54552 0.000670798
  101 100.5 1.54437 0.000670299
  102 101.5 1.54041 0.000668581
  103 102.5 1.53991 0.000668365
  104 103.5 1.54567 0.000670864
  105 104.5 1.54109 0.000668875
  106 105.5 1.53739 0.000667271
  107 106.5 1.53917 0.000668043
  108 107.5 1.53839 0.000667704
  109 108.5 1.53503 0.000666244
  110 109.5 1.52706 0.000662787
  111 110.5 1.53007 0.000664092
  112 111.5 1.54084 0.000668766
  113 112.5 1.54132 0.000668974
  114 113.5 1.53066 0.00066435
  115 114.5 1.53057 0.000664311
  116 115.5 1.52759 0.000663016
  117 116.5 1.5292 0.000663717
  118 117.5 1.52739 0.000662929
  119 118.5 1.5242 0.000661544
  120 119.5 1.52071 0.000660032
  121 120.5 1.5258 0.000662238
  122 121.5 1.5274 0.000662933
  123 122.5 1.5171 0.000658462
  124 123.5 1.52503 0.000661905
  125 124.5 1.53974 0.000668292
  126 125.5 1.53814 0.000667596
  127 126.5 1.53602 0.000666674
  128 127.5 1.53419 0.000665882
  129 128.5 1.52801 0.000663197
  130 129.5 1.52731 0.000662896
  131 130.5 1.52581 0.000662244
  132 131.5 1.52127 0.000660273
  133 132.5 1.52507 0.000661923
  134 133.5 1.52856 0.000663436
  135 134.5 1.52695 0.000662739
  136 135.5 1.54181 0.00066919
  137 136.5 1.53977 0.000668303
  138 137.5 1.53886 0.000667908
  139 138.5 1.54104 0.000668852
  140 139.5 1.54876 0.000672204
  141 140.5 1.54071 0.000668712
  142 141.5 1.54336 0.000669859
  143 142.5 1.54203 0.000669282
  144 143.5 1.53378 0.000665703
  145 144.5 1.53751 0.00066732
  146 145.5 1.54265 0.000669553
  147 146.5 1.54029 0.000668529
  148 147.5 1.5416 0.000669096
  149 148.5 1.54128 0.000668958
  150 149.5 1.52831 0.000663328
  151 150.5 1.52734 0.000662906
  152 151.5 1.5316 0.000664757
  153 152.5 1.53799 0.00066753
  154 153.5 1.54112 0.000668887
  155 154.5 1.54575 0.000670898
  156 155.5 1.5396 0.000668231
  157 156.5 1.52684 0.000662693
  158 157.5 1.5215 0.000660373
  159 158.5 1.52708 0.000662795
  160 159.5 1.53456 0.000666043
  161 160.5 1.54155 0.000669077
  162 161.5 1.53202 0.000664938
  163 162.5 1.54001 0.000668409
  164 163.5 1.5322 0.000665016
  165 164.5 1.54176 0.000669165
  166 165.5 1.54247 0.000669474
  167 166.5 1.54234 0.000669419
  168 167.5 1.54823 0.000671974
  169 168.5 1.53788 0.000667482
  170 169.5 1.53544 0.000666422
  171 170.5 1.5387 0.000667839
  172 171.5 1.53905 0.00066799
  173 172.5 1.54105 0.00066886
  174 173.5 1.53892 0.000667935
  175 174.5 1.52986 0.000664003
  176 175.5 1.52269 0.000660888
  177 176.5 1.52612 0.000662377
  178 177.5 1.52391 0.000661418
  179 178.5 1.52653 0.000662556
  180 179.5 1.52144 0.000660345
  181 180.5 1.52352 0.000661248
  182 181.5 1.52334 0.000661174
  183 182.5 1.53062 0.00066433
  184 183.5 1.52888 0.000663578
  185 184.5 1.52201 0.000660595
  186 185.5 1.52541 0.000662069
  187 186.5 1.5245 0.000661677
  188 187.5 1.5247 0.00066176
  189 188.5 1.52556 0.000662135
  190 189.5 1.53014 0.000664125
  191 190.5 1.52633 0.000662471
  192 191.5 1.52152 0.000660382
  193 192.5 1.52134 0.000660302
  194 193.5 1.52584 0.000662256
  195 194.5 1.51586 0.000657925
  196 195.5 1.51272 0.000656562
  197 196.5 1.51568 0.000657848
  198 197.5 1.51579 0.000657895
  199 198.5 1.52286 0.000660964
  200 199.5 1.52021 0.000659813
  201 200.5 1.53166 0.000664785
  202 201.5 1.54201 0.000669276
  203 202.5 1.55302 0.000674054
  204 203.5 1.55732 0.000675921
  205 204.5 1.55778 0.000676121
  206 205.5 1.58085 0.000686133
  207 206.5 1.60738 0.000697648
  208 207.5 1.63429 0.000709326
  209 208.5 1.67432 0.000726701
  210 209.5 1.72959 0.000750688
  211 210.5 1.82305 0.000791254
  212 211.5 1.9486 0.000845748
  213 212.5 2.13128 0.000925034
  214 213.5 2.38571 0.00103546
  215 214.5 2.74378 0.00119088
  216 215.5 3.26643 0.00141772
  217 216.5 3.99511 0.00173399
  218 217.5 4.93064 0.00214004
  219 218.5 6.13692 0.00266359
  220 219.5 7.55694 0.00327992
  221 220.5 8.98463 0.00389958
  222 221.5 9.96294 0.00432419
  223 222.5 9.82569 0.00426462
  224 223.5 8.24725 0.00357954
  225 224.5 5.82034 0.00252619
  226 225.5 3.40583 0.00147822
  227 226.5 1.67883 0.000728661
  228 227.5 0.720272 0.000312618
  229 228.5 0.29307 0.000127201
  230 229.5 0.132834 5.76536e-05
  231 230.5 0.071928 3.12188e-05
  232 231.5 0.047538 2.06328e-05
  233 232.5 0.035544 1.54271e-05
  234 233.5 0.029976 1.30104e-05
  235 234.5 0.02612 1.13368e-05
  236 235.5 0.02245 9.74392e-06
  237 236.5 0.021342 9.26302e-06
  238 237.5 0.022142 9.61024e-06
  239 238.5 0.02146 9.31424e-06
  240 239.5 0.02054 8.91493e-06
  241 240.5 0.017972 7.80035e-06
  242 241.5 0.020988 9.10937e-06
  243 242.5 0.018466 8.01476e-06
  244 243.5 0.017864 7.75347e-06
  245 244.5 0.0181 7.8559e-06
  246 245.5 0.019308 8.38021e-06
  247 246.5 0.018338 7.9592e-06
  248 247.5 0.017626 7.65017e-06
  249 248.5 0.019374 8.40885e-06
  250 249.5 0.021774 9.45052e-06
  251 250.5 0.023396 1.01545e-05
  252 251.5 0.02504 1.08681e-05
  253 252.5 0.026942 1.16936e-05
  254 253.5 0.028216 1.22465e-05
  255 254.5 0.029052 1.26094e-05
  256 255.5 0.03028 1.31424e-05
  257 256.5 0.03087 1.33984e-05
  258 257.5 0.031938 1.3862e-05
  259 258.5 0.032108 1.39358e-05
  260 259.5 0.0356 1.54514e-05
  261 260.5 0.035868 1.55677e-05
  262 261.5 0.036348 1.5776e-05
  263 262.5 0.035568 1.54375e-05
  264 263.5 0.034248 1.48646e-05
  265 264.5 0.032154 1.39557e-05
  266 265.5 0.033724 1.46372e-05
  267 266.5 0.033864 1.46979e-05
  268 267.5 0.033044 1.4342e-05
  269 268.5 0.034796 1.51024e-05
  270 269.5 0.031608 1.37187e-05
  271 270.5 0.03211 1.39366e-05
  272 271.5 0.031608 1.37187e-05
  273 272.5 0.031702 1.37595e-05
  274 273.5 0.03008 1.30556e-05
  275 274.5 0.02884 1.25174e-05
  276 275.5 0.027776 1.20556e-05
  277 276.5 0.026574 1.15339e-05
  278 277.5 0.026386 1.14523e-05
  279 278.5 0.026248 1.13924e-05
  280 279.5 0.025572 1.1099e-05
  281 280.5 0.027652 1.20017e-05
  282 281.5 0.028016 1.21597e-05
  283 282.5 0.028668 1.24427e-05
  284 283.5 0.028644 1.24323e-05
  285 284.5 0.026588 1.15399e-05
  286 285.5 0.02917 1.26606e-05
  287 286.5 0.028338 1.22995e-05
  288 287.5 0.025778 1.11884e-05
  289 288.5 0.026042 1.1303e-05
  290 289.5 0.024164 1.04878e-05
  291 290.5 0.023878 1.03637e-05
  292 291.5 0.020892 9.06771e-06
  293 292.5 0.020084 8.71701e-06
  294 293.5 0.020666 8.96962e-06
  295 294.5 0.019624 8.51736e-06
  296 295.5 0.022474 9.75434e-06
  297 296.5 0.025104 1.08958e-05
  298 297.5 0.02506 1.08767e-05
  299 298.5 0.023888 1.03681e-05
  300 299.5 0.02259 9.80469e-06
  301 300.5 0.022502 9.76649e-06
  302 301.5 0.02277 9.88281e-06
  303 302.5 0.02253 9.77865e-06
  304 303.5 0.022116 9.59896e-06
  305 304.5 0.022788 9.89062e-06
  306 305.5 0.023448 1.01771e-05
  307 306.5 0.02564 1.11285e-05
  308 307.5 0.027152 1.17847e-05
  309 308.5 0.028684 1.24497e-05
  310 309.5 0.029382 1.27526e-05
  311 310.5 0.03189 1.38411e-05
  312 311.5 0.0324 1.40625e-05
  313 312.5 0.033138 1.43828e-05
  314 313.5 0.03317 1.43967e-05
  315 314.5 0.03447 1.49609e-05
  316 315.5 0.03232 1.40278e-05
  317 316.5 0.03054 1.32552e-05
  318 317.5 0.0334 1.44965e-05
  319 318.5 0.033624 1.45938e-05
  320 319.5 0.029774 1.29227e-05
  321 320.5 0.028304 1.22847e-05
  322 321.5 0.028302 1.22839e-05
  323 322.5 0.030858 1.33932e-05
  324 323.5 0.029774 1.29227e-05
  325 324.5 0.032452 1.40851e-05
  326 325.5 0.03408 1.47917e-05
  327 326.5 0.035628 1.54635e-05
  328 327.5 0.0357 1.54948e-05
  329 328.5 0.034842 1.51224e-05
  330 329.5 0.036554 1.58655e-05
  331 330.5 0.033306 1.44557e-05
  332 331.5 0.031862 1.3829e-05
  333 332.5 0.03075 1.33464e-05
  334 333.5 0.030792 1.33646e-05
  335 334.5 0.030294 1.31484e-05
  336 335.5 0.02913 1.26432e-05
  337 336.5 0.029404 1.27622e-05
  338 337.5 0.02892 1.25521e-05
  339 338.5 0.030918 1.34193e-05
  340 339.5 0.032426 1.40738e-05
  341 340.5 0.031616 1.37222e-05
  342 341.5 0.029786 1.2928e-05
  343 342.5 0.030634 1.3296e-05
  344 343.5 0.030688 1.33194e-05
  345 344.5 0.031358 1.36102e-05
  346 345.5 0.033234 1.44245e-05
  347 346.5 0.030262 1.31345e-05
  348 347.5 0.029196 1.26719e-05
  349 348.5 0.028232 1.22535e-05
  350 349.5 0.02826 1.22656e-05
  351 350.5 0.028138 1.22127e-05
  352 351.5 0.028138 1.22127e-05
  353 352.5 0.026916 1.16823e-05
  354 353.5 0.02835 1.23047e-05
  355 354.5 0.02913 1.26432e-05
  356 355.5 0.027694 1.202e-05
  357 356.5 0.02831 1.22873e-05
  358 357.5 0.02765 1.20009e-05
  359 358.5 0.030054 1.30443e-05
  360 359.5 0.032926 1.42908e-05
  361 360.5 0.032236 1.39913e-05
  362 361.5 0.03247 1.40929e-05
  363 362.5 0.030532 1.32517e-05
  364 363.5 0.028748 1.24774e-05
  365 364.5 0.0294 1.27604e-05
  366 365.5 0.028666 1.24418e-05
  367 366.5 0.026904 1.16771e-05
  368 367.5 0.029452 1.2783e-05
  369 368.5 0.030138 1.30807e-05
  370 369.5 0.028966 1.2572e-05
  371 370.5 0.027578 1.19696e-05
  372 371.5 0.03137 1.36155e-05
  373 372.5 0.032992 1.43194e-05
  374 373.5 0.034966 1.51762e-05
  375 374.5 0.03836 1.66493e-05
  376 375.5 0.043248 1.87708e-05
  377 376.5 0.056938 2.47127e-05
  378 377.5 0.094668 4.10885e-05
  379 378.5 0.209304 9.08437e-05
  380 379.5 0.545344 0.000236694
  381 380.5 1.43381 0.000622314
  382 381.5 3.4636 0.0015033
  383 382.5 7.18547 0.0031187
  384 383.5 12.5976 0.00546772
  385 384.5 18.5538 0.00805285
  386 385.5 23.4675 0.0101856
  387 386.5 26.4964 0.0115002
  388 387.5 28.106 0.0121988
  389 388.5 28.9204 0.0125523
  390 389.5 29.4073 0.0127636
  391 390.5 29.6594 0.012873
  392 391.5 29.8612 0.0129606
  393 392.5 30.0004 0.013021
  394 393.5 30.054 0.0130443
  395 394.5 30.1652 0.0130925
  396 395.5 30.2001 0.0131077
  397 396.5 30.2283 0.0131199
  398 397.5 30.2479 0.0131284
  399 398.5 30.2981 0.0131502
  400 399.5 30.3126 0.0131565
  401 400.5 30.3089 0.0131549
  402 401.5 30.3003 0.0131512
  403 402.5 30.3448 0.0131705
  404 403.5 30.3261 0.0131624
  405 404.5 30.3416 0.0131691
  406 405.5 30.3228 0.0131609
  407 406.5 30.3431 0.0131698
  408 407.5 30.3247 0.0131618
  409 408.5 30.33 0.0131641
  410 409.5 30.3351 0.0131663
  411 410.5 30.3196 0.0131595
  412 411.5 30.3529 0.013174
  413 412.5 30.3028 0.0131522
  414 413.5 30.3413 0.013169
  415 414.5 30.3304 0.0131642
  416 415.5 30.3267 0.0131626
  417 416.5 30.3179 0.0131588
  418 417.5 30.3032 0.0131524
  419 418.5 30.3427 0.0131696
  420 419.5 30.3059 0.0131536
  421 420.5 30.3128 0.0131566
  422 421.5 30.3591 0.0131767
  423 422.5 30.3163 0.0131581
  424 423.5 30.3223 0.0131607
  425 424.5 30.3378 0.0131675
  426 425.5 30.3399 0.0131684
  427 426.5 30.3237 0.0131613
  428 427.5 30.3662 0.0131798
  429 428.5 30.3355 0.0131665
  430 429.5 30.3143 0.0131572
  431 430.5 30.364 0.0131788
  432 431.5 30.3315 0.0131647
  433 432.5 30.3391 0.013168
  434 433.5 30.3269 0.0131627
  435 434.5 30.342 0.0131693
  436 435.5 30.3522 0.0131737
  437 436.5 30.3503 0.0131729
  438 437.5 30.3432 0.0131698
  439 438.5 30.3106 0.0131557
  440 439.5 30.3588 0.0131765
  441 440.5 30.3601 0.0131771
  442 441.5 30.3503 0.0131729
  443 442.5 30.3259 0.0131623
  444 443.5 30.3704 0.0131816
  445 444.5 30.3763 0.0131842
  446 445.5 30.3438 0.0131701
  447 446.5 30.381 0.0131862
  448 447.5 30.3513 0.0131733
  449 448.5 30.3431 0.0131697
  450 449.5 30.3834 0.0131872
  451 450.5 30.3801 0.0131858
  452 451.5 30.3829 0.013187
  453 452.5 30.3687 0.0131808
  454 453.5 30.3681 0.0131806
  455 454.5 30.3782 0.013185
  456 455.5 30.3684 0.0131807
  457 456.5 30.3623 0.0131781
  458 457.5 30.3643 0.0131789
  459 458.5 30.3583 0.0131763
  460 459.5 30.3781 0.013185
  461 460.5 30.3708 0.0131818
  462 461.5 30.3567 0.0131757
  463 462.5 30.3565 0.0131756
  464 463.5 30.3748 0.0131835
  465 464.5 30.3751 0.0131836
  466 465.5 30.356 0.0131753
  467 466.5 30.3472 0.0131715
  468 467.5 30.3614 0.0131777
  469 468.5 30.3553 0.013175
  470 469.5 30.3437 0.01317
  471 470.5 30.3792 0.0131854
  472 471.5 30.3871 0.0131888
  473 472.5 30.3602 0.0131772
  474 473.5 30.363 0.0131784
  475 474.5 30.3887 0.0131896
  476 475.5 30.3637 0.0131787
  477 476.5 30.3736 0.013183
  478 477.5 30.3959 0.0131926
  479 478.5 30.3645 0.0131791
  480 479.5 30.3484 0.0131721
30000000 480 5181
  1 0.5 30.3665 0.0131799
  2 1.5 30.3947 0.0131922
  3 2.5 30.3794 0.0131855
  4 3.5 30.3336 0.0131656
  5 4.5 30.3632 0.0131785
  6 5.5 30.3638 0.0131787
  7 6.5 30.355 0.0131749
  8 7.5 30.3408 0.0131688
  9 8.5 30.3533 0.0131742
  10 9.5 30.381 0.0131862
  11 10.5 30.3416 0.0131691
  12 11.5 30.3324 0.0131651
  13 12.5 30.3671 0.0131802
  14 13.5 30.3799 0.0131857
  15 14.5 30.3036 0.0131526
  16 15.5 30.3601 0.0131771
  17 16.5 30.3736 0.013183
  18 17.5 30.3464 0.0131712
  19 18.5 30.3319 0.0131649
  20 19.5 30.3437 0.01317
  21 20.5 30.3708 0.0131817
  22 21.5 30.3639 0.0131788
  23 22.5 30.3305 0.0131643
  24 23.5 30.3404 0.0131686
  25 24.5 30.3788 0.0131852
  26 25.5 30.3355 0.0131665
  27 26.5 30.3102 0.0131555
  28 27.5 30.3568 0.0131757
  29 28.5 30.361 0.0131775
  30 29.5 30.3257 0.0131622
  31 30.5 30.3243 0.0131616
  32 31.5 30.3479 0.0131718
  33 32.5 30.3313 0.0131646
  34 33.5 30.3324 0.0131651
  35 34.5 30.3399 0.0131684
  36 35.5 30.3064 0.0131538
  37 36.5 30.3714 0.013182
  38 37.5 30.3143 0.0131572
  39 38.5 30.3043 0.0131529
  40 39.5 30.3385 0.0131678
  41 40.5 30.3459 0.013171
  42 41.5 30.3256 0.0131622
  43 42.5 30.2505 0.0131295
  44 43.5 30.2752 0.0131403
  45 44.5 30.2595 0.0131335
  46 45.5 30.2271 0.0131194
  47 46.5 30.1349 0.0130794
  48 47.5 30.1157 0.0130711
  49 48.5 30.0617 0.0130476
  50 49.5 29.9151 0.012984
  51 50.5 29.805 0.0129362
  52 51.5 29.6205 0.0128561
  53 52.5 29.4369 0.0127764
  54 53.5 29.0958 0.0126284
  55 54.5 28.6662 0.0124419
  56 55.5 28.2318 0.0122534
  57 56.5 27.546 0.0119557
  58 57.5 26.7074 0.0115917
  59 58.5 25.6423 0.0111295
  60 59.5 24.3484 0.0105679
  61 60.5 22.7588 0.00987794
  62 61.5 20.9201 0.00907989
  63 62.5 18.8719 0.00819093
  64 63.5 16.6461 0.00722487
  65 64.5 14.3568 0.00623126
  66 65.5 12.0872 0.0052462
  67 66.5 9.98854 0.0043353
  68 67.5 8.14181 0.00353377
  69 68.5 6.53973 0.00283843
  70 69.5 5.25744 0.00228188
  71 70.5 4.27054 0.00185353
  72 71.5 3.50845 0.00152277
  73 72.5 2.95916 0.00128436
  74 73.5 2.5482 0.00110599
  75 74.5 2.26294 0.00098218
  76 75.5 2.05666 0.000892646
  77 76.5 1.91772 0.000832344
  78 77.5 1.8162 0.000788281
  79 78.5 1.74455 0.000757185
  80 79.5 1.68576 0.000731666
  81 80.5 1.65369 0.000717747
  82 81.5 1.63673 0.000710388
  83 82.5 1.62366 0.000704712
  84 83.5 1.60569 0.000696915
  85 84.5 1.59944 0.000694201
  86 85.5 1.59949 0.000694223
  87 86.5 1.6049 0.000696571
  88 87.5 1.60025 0.000694553
  89 88.5 1.59977 0.000694343
  90 89.5 1.60653 0.000697277
  91 90.5 1.60337 0.000695909
  92 91.5 1.60024 0.000694547
  93 92.5 1.60724 0.000697587
  94 93.5 1.60198 0.000695305
  95 94.5 1.59731 0.000693278
  96 95.5 1.60178 0.000695219
  97 96.5 1.61057 0.000699033
  98 97.5 1.60383 0.000696105
  99 98.5 1.60047 0.000694647
  100 99.5 1.59524 0.000692378
  101 100.5 1.60435 0.000696331
  102 101.5 1.59913 0.000694069
  103 102.5 1.60159 0.000695135
  104 103.5 1.60386 0.000696121
  105 104.5 1.60047 0.000694648
  106 105.5 1.60136 0.000695034
  107 106.5 1.59947 0.000694216
  108 107.5 1.59636 0.000692864
  109 108.5 1.60499 0.000696609
  110 109.5 1.59905 0.000694034
  111 110.5 1.60694 0.000697457
  112 111.5 1.60524 0.000696717
  113 112.5 1.6057 0.000696918
  114 113.5 1.61011 0.000698831
  115 114.5 1.61352 0.000700311
  116 115.5 1.61157 0.000699466
  117 116.5 1.60279 0.000695656
  118 117.5 1.60499 0.000696609
  119 118.5 1.59935 0.000694164
  120 119.5 1.60581 0.000696967
  121 120.5 1.61412 0.000700572
  122 121.5 1.61239 0.000699824
  123 122.5 1.60787 0.000697859
  124 123.5 1.61599 0.000701385
  125 124.5 1.61354 0.000700321
  126 125.5 1.61862 0.000702526
  127 126.5 1.61843 0.000702445
  128 127.5 1.60615 0.000697115
  129 128.5 1.61184 0.000699585
  130 129.5 1.61431 0.000700656
  131 130.5 1.61145 0.000699412
  132 131.5 1.60038 0.000694609
  133 132.5 1.60203 0.000695326
  134 133.5 1.59963 0.000694286
  135 134.5 1.60044 0.000694636
  136 135.5 1.60296 0.000695729
  137 136.5 1.59919 0.000694093
  138 137.5 1.59761 0.000693406
  139 138.5 1.59524 0.000692379
  140 139.5 1.58789 0.000689188
  141 140.5 1.59536 0.000692431
  142 141.5 1.59329 0.000691532
  143 142.5 1.59648 0.000692918
  144 143.5 1.60057 0.000694691
  145 144.5 1.60278 0.000695652
  146 145.5 1.59299 0.000691402
  147 146.5 1.5945 0.000692059
  148 147.5 1.60333 0.000695888
  149 148.5 1.59367 0.000691697
  150 149.5 1.60513 0.000696669
  151 150.5 1.60334 0.000695896
  152 151.5 1.60644 0.000697239
  153 152.5 1.59903 0.000694023
  154 153.5 1.59408 0.000691876
  155 154.5 1.59372 0.000691717
  156 155.5 1.59747 0.000693346
  157 156.5 1.59055 0.000690344
  158 157.5 1.60129 0.000695005
  159 158.5 1.60132 0.000695016
  160 159.5 1.60779 0.000697824
  161 160.5 1.61492 0.000700921
  162 161.5 1.60722 0.00069758
  163 162.5 1.60373 0.000696064
  164 163.5 1.59351 0.000691629
  165 164.5 1.60079 0.000694788
  166 165.5 1.60524 0.00069672
  167 166.5 1.60328 0.000695869
  168 167.5 1.60758 0.000697734
  169 168.5 1.59933 0.000694155
  170 169.5 1.60706 0.00069751
  171 170.5 1.60754 0.000697719
  172 171.5 1.60312 0.0006958
  173 172.5 1.59928 0.000694131
  174 173.5 1.60293 0.000695715
  175 174.5 1.60079 0.000694789
  176 175.5 1.58729 0.00068893
  177 176.5 1.58687 0.000688747
  178 177.5 1.59022 0.000690201
  179 178.5 1.59337 0.000691567
  180 179.5 1.60563 0.000696886
  181 180.5 1.59985 0.000694378
  182 181.5 1.59809 0.000693614
  183 182.5 1.6026 0.000695574
  184 183.5 1.60781 0.000697833
  185 184.5 1.6035 0.000695964
  186 185.5 1.59956 0.000694252
  187 186.5 1.60463 0.000696455
  188 187.5 1.59992 0.000694411
  189 188.5 1.5998 0.000694359
  190 189.5 1.59489 0.000692227
  191 190.5 1.5872 0.00068889
  192 191.5 1.59973 0.000694326
  193 192.5 1.59933 0.000694152
  194 193.5 1.59641 0.000692888
  195 194.5 1.59502 0.000692284
  196 195.5 1.60506 0.000696642
  197 196.5 1.60422 0.000696275
  198 197.5 1.60861 0.00069818
  199 198.5 1.61542 0.000701137
  200 199.5 1.62017 0.000703201
  201 200.5 1.63476 0.000709532
  202 201.5 1.64025 0.000711915
  203 202.5 1.64455 0.00071378
  204 203.5 1.65066 0.000716434
  205 204.5 1.66707 0.000723556
  206 205.5 1.69587 0.000736056
  207 206.5 1.7322 0.000751821
  208 207.5 1.78117 0.000773077
  209 208.5 1.84917 0.000802589
  210 209.5 1.93213 0.000838598
  211 210.5 2.07164 0.000899148
  212 211.5 2.26827 0.000984493
  213 212.5 2.53453 0.00110006
  214 213.5 2.89236 0.00125536
  215 214.5 3.38492 0.00146915
  216 215.5 4.05123 0.00175835
  217 216.5 4.91083 0.00213144
  218 217.5 6.02561 0.00261528
  219 218.5 7.38823 0.0032067
  220 219.5 8.88918 0.00385815
  221 220.5 10.331 0.00448395
  222 221.5 11.1913 0.00485734
  223 222.5 10.8735 0.00471939
  224 223.5 9.09359 0.00394687
  225 224.5 6.40639 0.00278055
  226 225.5 3.74538 0.0016256
  227 226.5 1.86159 0.000807983
  228 227.5 0.80579 0.000349735
  229 228.5 0.328192 0.000142444
  230 229.5 0.143082 6.21016e-05
  231 230.5 0.075626 3.28238e-05
  232 231.5 0.0468 2.03125e-05
  233 232.5 0.038386 1.66606e-05
  234 233.5 0.03632 1.57639e-05
  235 234.5 0.031146 1.35182e-05
  236 235.5 0.03218 1.3967e-05
  237 236.5 0.031672 1.37465e-05
  238 237.5 0.02894 1.25608e-05
  239 238.5 0.027426 1.19036e-05
  240 239.5 0.02737 1.18793e-05
  241 240.5 0.026298 1.14141e-05
  242 241.5 0.026282 1.14071e-05
  243 242.5 0.02567 1.11415e-05
  244 243.5 0.024704 1.07222e-05
  245 244.5 0.023212 1.00747e-05
  246 245.5 0.023232 1.00833e-05
  247 246.5 0.023534 1.02144e-05
  248 247.5 0.023744 1.03056e-05
  249 248.5 0.024608 1.06806e-05
  250 249.5 0.027136 1.17778e-05
  251 250.5 0.030098 1.30634e-05
  252 251.5 0.029226 1.26849e-05
  253 252.5 0.030176 1.30972e-05
  254 253.5 0.02905 1.26085e-05
  255 254.5 0.026778 1.16224e-05
  256 255.5 0.026852 1.16545e-05
  257 256.5 0.02713 1.17752e-05
  258 257.5 0.030318 1.31589e-05
  259 258.5 0.031536 1.36875e-05
  260 259.5 0.033614 1.45894e-05
  261 260.5 0.03473 1.50738e-05
  262 261.5 0.034246 1.48637e-05
  263 262.5 0.032032 1.39028e-05
  264 263.5 0.031446 1.36484e-05
  265 264.5 0.028046 1.21727e-05
  266 265.5 0.02565 1.11328e-05
  267 266.5 0.025634 1.11259e-05
  268 267.5 0.024156 1.04844e-05
  269 268.5 0.023028 9.99479e-06
  270 269.5 0.023204 1.00712e-05
  271 270.5 0.025972 1.12726e-05
  272 271.5 0.026418 1.14661e-05
  273 272.5 0.02981 1.29384e-05
  274 273.5 0.029404 1.27622e-05
  275 274.5 0.029948 1.29983e-05
  276 275.5 0.033732 1.46406e-05
  277 276.5 0.034858 1.51293e-05
  278 277.5 0.034892 1.51441e-05
  279 278.5 0.034918 1.51554e-05
  280 279.5 0.035356 1.53455e-05
  281 280.5 0.032714 1.41988e-05
  282 281.5 0.032896 1.42778e-05
  283 282.5 0.034626 1.50286e-05
  284 283.5 0.033736 1.46424e-05
  285 284.5 0.033354 1.44766e-05
  286 285.5 0.032338 1.40356e-05
  287 286.5 0.03286 1.42622e-05
  288 287.5 0.033232 1.44236e-05
  289 288.5 0.032332 1.4033e-05
  290 289.5 0.035744 1.55139e-05
  291 290.5 0.035986 1.56189e-05
  292 291.5 0.034046 1.47769e-05
  293 292.5 0.032444 1.40816e-05
  294 293.5 0.026946 1.16953e-05
  295 294.5 0.027736 1.20382e-05
  296 295.5 0.030118 1.3072e-05
  297 296.5 0.032868 1.42656e-05
  298 297.5 0.032468 1.4092e-05
  299 298.5 0.033184 1.44028e-05
  300 299.5 0.033556 1.45642e-05
  301 300.5 0.035606 1.5454e-05
  302 301.5 0.039994 1.73585e-05
  303 302.5 0.04023 1.74609e-05
  304 303.5 0.03856 1.67361e-05
  305 304.5 0.039232 1.70278e-05
  306 305.5 0.039984 1.73542e-05
  307 306.5 0.039938 1.73342e-05
  308 307.5 0.037344 1.62083e-05
  309 308.5 0.032384 1.40556e-05
  310 309.5 0.03101 1.34592e-05
  311 310.5 0.031918 1.38533e-05
  312 311.5 0.032326 1.40304e-05
  313 312.5 0.032708 1.41962e-05
  314 313.5 0.033398 1.44957e-05
  315 314.5 0.031748 1.37795e-05
  316 315.5 0.028898 1.25425e-05
  317 316.5 0.030704 1.33264e-05
  318 317.5 0.031224 1.35521e-05
  319 318.5 0.028614 1.24193e-05
  320 319.5 0.02972 1.28993e-05
  321 320.5 0.03161 1.37196e-05
  322 321.5 0.031506 1.36745e-05
  323 322.5 0.030776 1.33576e-05
  324 323.5 0.02988 1.29688e-05
  325 324.5 0.031666 1.37439e-05
  326 325.5 0.03083 1.33811e-05
  327 326.5 0.030266 1.31363e-05
  328 327.5 0.0344 1.49306e-05
  329 328.5 0.035594 1.54488e-05
  330 329.5 0.035288 1.5316e-05
  331 330.5 0.034756 1.50851e-05
  332 331.5 0.035442 1.53828e-05
  333 332.5 0.037812 1.64115e-05
  334 333.5 0.036526 1.58533e-05
  335 334.5 0.039378 1.70911e-05
  336 335.5 0.042072 1.82604e-05
  337 336.5 0.044298 1.92266e-05
  338 337.5 0.044184 1.91771e-05
  339 338.5 0.044042 1.91155e-05
  340 339.5 0.042218 1.83238e-05
  341 340.5 0.0456 1.97917e-05
  342 341.5 0.048226 2.09314e-05
  343 342.5 0.046908 2.03594e-05
  344 343.5 0.046992 2.03958e-05
  345 344.5 0.04901 2.12717e-05
  346 345.5 0.046902 2.03568e-05
  347 346.5 0.045622 1.98012e-05
  348 347.5 0.045706 1.98377e-05
  349 348.5 0.043126 1.87179e-05
  350 349.5 0.0387 1.67969e-05
  351 350.5 0.03703 1.6072e-05
  352 351.5 0.036698 1.5928e-05
  353 352.5 0.038314 1.66293e-05
  354 353.5 0.038808 1.68437e-05
  355 354.5 0.03878 1.68316e-05
  356 355.5 0.036898 1.60148e-05
  357 356.5 0.033442 1.45148e-05
  358 357.5 0.029162 1.26571e-05
  359 358.5 0.026546 1.15217e-05
  360 359.5 0.022974 9.97135e-06
  361 360.5 0.023592 1.02396e-05
  362 361.5 0.025596 1.11094e-05
  363 362.5 0.026082 1.13203e-05
  364 363.5 0.023852 1.03524e-05
  365 364.5 0.021776 9.45139e-06
  366 365.5 0.020424 8.86458e-06
  367 366.5 0.020342 8.82899e-06
  368 367.5 0.020336 8.82639e-06
  369 368.5 0.022202 9.63628e-06
  370 369.5 0.023804 1.03316e-05
  371 370.5 0.022684 9.84549e-06
  372 371.5 0.024712 1.07257e-05
  373 372.5 0.026446 1.14783e-05
  374 373.5 0.026112 1.13333e-05
  375 374.5 0.030064 1.30486e-05
  376 375.5 0.041108 1.7842e-05
  377 376.5 0.059296 2.57361e-05
  378 377.5 0.101252 4.39462e-05
  379 378.5 0.226496 9.83056e-05
  380 379.5 0.594016 0.000257819
  381 380.5 1.52589 0.00066228
  382 381.5 3.5908 0.00155851
  383 382.5 7.32491 0.00317921
  384 383.5 12.6494 0.00549019
  385 384.5 18.5038 0.00803118
  386 385.5 23.3445 0.0101322
  387 386.5 26.4895 0.0114972
  388 387.5 28.08 0.0121875
  389 388.5 28.9339 0.0125581
  390 389.5 29.4065 0.0127632
  391 390.5 29.6934 0.0128878
  392 391.5 29.8491 0.0129553
  393 392.5 29.9864 0.0130149
  394 393.5 30.1051 0.0130665
  395 394.5 30.1569 0.0130889
  396 395.5 30.2113 0.0131126
  397 396.5 30.2512 0.0131298
  398 397.5 30.2754 0.0131404
  399 398.5 30.3045 0.013153
  400 399.5 30.3292 0.0131637
  401 400.5 30.3492 0.0131724
  402 401.5 30.316 0.013158
  403 402.5 30.3334 0.0131655
  404 403.5 30.3682 0.0131806
  405 404.5 30.3607 0.0131774
  406 405.5 30.3562 0.0131754
  407 406.5 30.3377 0.0131674
  408 407.5 30.35 0.0131728
  409 408.5 30.3597 0.013177
  410 409.5 30.3619 0.0131779
  411 410.5 30.3323 0.0131651
  412 411.5 30.3379 0.0131675
  413 412.5 30.3461 0.0131711
  414 413.5 30.347 0.0131714
  415 414.5 30.346 0.013171
  416 415.5 30.3427 0.0131696
  417 416.5 30.3624 0.0131781
  418 417.5 30.3416 0.0131691
  419 418.5 30.3532 0.0131741
  420 419.5 30.3476 0.0131717
  421 420.5 30.3827 0.0131869
  422 421.5 30.3546 0.0131747
  423 422.5 30.3606 0.0131773
  424 423.5 30.3779 0.0131849
  425 424.5 30.3547 0.0131748
  426 425.5 30.3521 0.0131736
  427 426.5 30.3678 0.0131805
  428 427.5 30.3769 0.0131844
  429 428.5 30.3672 0.0131802
  430 429.5 30.378 0.0131849
  431 430.5 30.3929 0.0131914
  432 431.5 30.3843 0.0131876
  433 432.5 30.3797 0.0131856
  434 433.5 30.406 0.013197
  435 434.5 30.3983 0.0131937
  436 435.5 30.3858 0.0131883
  437 436.5 30.3826 0.0131869
  438 437.5 30.4356 0.0132099
  439 438.5 30.382 0.0131866
  440 439.5 30.36 0.0131771
  441 440.5 30.3998 0.0131944
  442 441.5 30.407 0.0131975
  443 442.5 30.3937 0.0131917
  444 443.5 30.3781 0.0131849
  445 444.5 30.3805 0.013186
  446 445.5 30.4288 0.013207
  447 446.5 30.3969 0.0131931
  448 447.5 30.3993 0.0131941
  449 448.5 30.3906 0.0131903
  450 449.5 30.3975 0.0131934
  451 450.5 30.3804 0.0131859
  452 451.5 30.3965 0.0131929
  453 452.5 30.4105 0.013199
  454 453.5 30.4009 0.0131948
  455 454.5 30.4005 0.0131947
  456 455.5 30.4245 0.0132051
  457 456.5 30.3759 0.013184
  458 457.5 30.3897 0.01319
  459 458.5 30.4217 0.0132039
  460 459.5 30.4144 0.0132007
  461 460.5 30.3814 0.0131864
  462 461.5 30.3611 0.0131776
  463 462.5 30.4261 0.0132058
  464 463.5 30.4104 0.0131989
  465 464.5 30.3552 0.013175
  466 465.5 30.3969 0.0131931
  467 466.5 30.3997 0.0131943
  468 467.5 30.3938 0.0131917
  469 468.5 30.3632 0.0131785
  470 469.5 30.3743 0.0131833
  471 470.5 30.3959 0.0131927
  472 471.5 30.3933 0.0131915
  473 472.5 30.3372 0.0131672
  474 473.5 30.4018 0.0131952
  475 474.5 30.3821 0.0131867
  476 475.5 30.3676 0.0131804
  477 476.5 30.3728 0.0131826
  478 477.5 30.3923 0.0131911
  479 478.5 30.3937 0.0131917
  480 479.5 30.3559 0.0131753
40000000 480 5181.000000000001
  1 0.5 30.3801 0.0131858
  2 1.5 30.4357 0.0132099
  3 2.5 30.411 0.0131992
  4 3.5 30.3886 0.0131895
  5 4.5 30.3898 0.01319
  6 5.5 30.4236 0.0132047
  7 6.5 30.3945 0.013192
  8 7.5 30.3946 0.0131921
  9 8.5 30.4288 0.013207
  10 9.5 30.4053 0.0131968
  11 10.5 30.4328 0.0132087
  12 11.5 30.4091 0.0131984
  13 12.5 30.426 0.0132057
  14 13.5 30.4213 0.0132037
  15 14.5 30.4247 0.0132052
  16 15.5 30.4431 0.0132132
  17 16.5 30.4391 0.0132114
  18 17.5 30.408 0.0131979
  19 18.5 30.4592 0.0132202
  20 19.5 30.4396 0.0132117
  21 20.5 30.4664 0.0132233
  22 21.5 30.4337 0.0132091
  23 22.5 30.4598 0.0132204
  24 23.5 30.4392 0.0132115
  25 24.5 30.4374 0.0132107
  26 25.5 30.4415 0.0132124
  27 26.5 30.4531 0.0132175
  28 27.5 30.4477 0.0132151
  29 28.5 30.4277 0.0132065
  30 29.5 30.4047 0.0131965
  31 30.5 30.44 0.0132118
  32 31.5 30.4351 0.0132097
  33 32.5 30.4438 0.0132134
  34 33.5 30.4008 0.0131948
  35 34.5 30.4212 0.0132036
  36 35.5 30.4234 0.0132046
  37 36.5 30.4209 0.0132035
  38 37.5 30.4238 0.0132048
  39 38.5 30.4121 0.0131997
  40 39.5 30.3681 0.0131806
  41 40.5 30.3621 0.013178
  42 41.5 30.388 0.0131892
  43 42.5 30.3398 0.0131683
  44 43.5 30.3306 0.0131643
  45 44.5 30.3365 0.0131669
  46 45.5 30.3159 0.0131579
  47 46.5 30.2621 0.0131346
  48 47.5 30.1911 0.0131038
  49 48.5 30.1937 0.0131049
  50 49.5 30.086 0.0130582
  51 50.5 29.9622 0.0130044
  52 51.5 29.8415 0.012952
  53 52.5 29.6995 0.0128904
  54 53.5 29.4523 0.0127831
  55 54.5 29.1003 0.0126303
  56 55.5 28.738 0.0124731
  57 56.5 28.1918 0.012236
  58 57.5 27.4947 0.0119335
  59 58.5 26.5908 0.0115411
  60 59.5 25.4651 0.0110526
  61 60.5 24.0787 0.0104508
  62 61.5 22.359 0.00970441
  63 62.5 20.3869 0.00884847
  64 63.5 18.2153 0.00790596
  65 64.5 15.8933 0.00689813
  66 65.5 13.5305 0.00587261
  67 66.5 11.2729 0.00489276
  68 67.5 9.22318 0.00400311
  69 68.5 7.42964 0.00322467
  70 69.5 5.9621 0.00258772
  71 70.5 4.80308 0.00208467
  72 71.5 3.88354 0.00168557
  73 72.5 3.21369 0.00139483
  74 73.5 2.72527 0.00118284
  75 74.5 2.37958 0.0010328
  76 75.5 2.13652 0.000927311
  77 76.5 1.96815 0.000854231
  78 77.5 1.84152 0.000799271
  79 78.5 1.75199 0.000760413
  80 79.5 1.69685 0.000736478
  81 80.5 1.6544 0.000718054
  82 81.5 1.62676 0.000706059
  83 82.5 1.61431 0.000700657
  84 83.5 1.60136 0.000695035
  85 84.5 1.58084 0.000686129
  86 85.5 1.58061 0.00068603
  87 86.5 1.5806 0.000686024
  88 87.5 1.5736 0.000682985
  89 88.5 1.56955 0.000681228
  90 89.5 1.56865 0.000680837
  91 90.5 1.57153 0.000682089
  92 91.5 1.56443 0.000679007
  93 92.5 1.56382 0.00067874
  94 93.5 1.5657 0.000679556
  95 94.5 1.56418 0.000678899
  96 95.5 1.56814 0.000680617
  97 96.5 1.56758 0.000680375
  98 97.5 1.56653 0.000679916
  99 98.5 1.55934 0.000676799
  100 99.5 1.5678 0.00068047
  101 100.5 1.56537 0.000679416
  102 101.5 1.5657 0.000679557
  103 102.5 1.56143 0.000677706
  104 103.5 1.56237 0.00067811
  105 104.5 1.56815 0.000680619
  106 105.5 1.5612 0.000677605
  107 106.5 1.5644 0.000678994
  108 107.5 1.57636 0.000684183
  109 108.5 1.56252 0.000678179
  110 109.5 1.56285 0.000678319
  111 110.5 1.5647 0.000679124
  112 111.5 1.56864 0.000680835
  113 112.5 1.57298 0.000682715
  114 113.5 1.57631 0.000684164
  115 114.5 1.57759 0.000684719
  116 115.5 1.56903 0.000681003
  117 116.5 1.56601 0.000679692
  118 117.5 1.56009 0.000677124
  119 118.5 1.57248 0.000682501
  120 119.5 1.56491 0.000679215
  121 120.5 1.57192 0.000682259
  122 121.5 1.57813 0.000684954
  123 122.5 1.57778 0.000684802
  124 123.5 1.56623 0.000679788
  125 124.5 1.57308 0.000682761
  126 125.5 1.57689 0.000684415
  127 126.5 1.57821 0.000684988
  128 127.5 1.56913 0.000681046
  129 128.5 1.56996 0.000681407
  130 129.5 1.57114 0.000681917
  131 130.5 1.57077 0.000681757
  132 131.5 1.57564 0.000683871
  133 132.5 1.57404 0.000683177
  134 133.5 1.5759 0.000683984
  135 134.5 1.57442 0.00068334
  136 135.5 1.56483 0.000679178
  137 136.5 1.56235 0.000678103
  138 137.5 1.5746 0.000683421
  139 138.5 1.56963 0.000681265
  140 139.5 1.57722 0.000684557
  141 140.5 1.57 0.000681422
  142 141.5 1.57146 0.000682059
  143 142.5 1.57404 0.000683179
  144 143.5 1.56968 0.000681283
  145 144.5 1.57027 0.000681542
  146 145.5 1.57156 0.000682102
  147 146.5 1.57107 0.000681888
  148 147.5 1.5728 0.000682639
  149 148.5 1.56395 0.000678797
  150 149.5 1.56042 0.000677266
  151 150.5 1.5611 0.000677559
  152 151.5 1.5664 0.000679863
  153 152.5 1.56812 0.000680607
  154 153.5 1.56719 0.000680204
  155 154.5 1.56936 0.000681144
  156 155.5 1.58353 0.000687294
  157 156.5 1.574 0.000683159
  158 157.5 1.57898 0.000685322
  159 158.5 1.57287 0.000682669
  160 159.5 1.56854 0.000680789
  161 160.5 1.56961 0.000681255
  162 161.5 1.57194 0.000682264
  163 162.5 1.57986 0.000685702
  164 163.5 1.57325 0.000682834
  165 164.5 1.57737 0.000684622
  166 165.5 1.58089 0.000686149
  167 166.5 1.57684 0.000684392
  168 167.5 1.57906 0.000685358
  169 168.5 1.56871 0.000680862
  170 169.5 1.57135 0.000682011
  171 170.5 1.57736 0.00068462
  172 171.5 1.57716 0.000684531
  173 172.5 1.5686 0.000680816
  174 173.5 1.58248 0.000686841
  175 174.5 1.58347 0.000687269
  176 175.5 1.58876 0.000689564
  177 176.5 1.58409 0.000687539
  178 177.5 1.59004 0.000690121
  179 178.5 1.58506 0.00068796
  180 179.5 1.58443 0.000687687
  181 180.5 1.5887 0.00068954
  182 181.5 1.58907 0.000689702
  183 182.5 1.58582 0.000688291
  184 183.5 1.57921 0.000685419
  185 184.5 1.58195 0.000686611
  186 185.5 1.5703 0.000681555
  187 186.5 1.5757 0.000683897
  188 187.5 1.57428 0.00068328
  189 188.5 1.58189 0.000686584
  190 189.5 1.58229 0.00068676
  191 190.5 1.57688 0.000684411
  192 191.5 1.58092 0.000686162
  193 192.5 1.57562 0.000683863
  194 193.5 1.57761 0.000684726
  195 194.5 1.57486 0.000683533
  196 195.5 1.58348 0.000687273
  197 196.5 1.57604 0.000684043
  198 197.5 1.57375 0.000683052
  199 198.5 1.57686 0.000684399
  200 199.5 1.579 0.00068533
  201 200.5 1.57894 0.000685303
  202 201.5 1.59393 0.000691809
  203 202.5 1.59028 0.000690227
  204 203.5 1.60618 0.000697125
  205 204.5 1.61311 0.000700135
  206 205.5 1.61877 0.000702593
  207 206.5 1.64166 0.000712524
  208 207.5 1.67186 0.000725632
  209 208.5 1.70296 0.000739132
  210 209.5 1.75865 0.000763302
  211 210.5 1.84502 0.000800792
  212 211.5 1.97376 0.000856666
  213 212.5 2.15774 0.000936518
  214 213.5 2.4128 0.00104722
  215 214.5 2.76968 0.00120212
  216 215.5 3.25877 0.00141439
  217 216.5 3.93015 0.0017058
  218 217.5 4.86433 0.00211126
  219 218.5 6.03351 0.00261871
  220 219.5 7.43624 0.00322754
  221 220.5 8.95823 0.00388812
  222 221.5 10.176 0.00441665
  223 222.5 10.4908 0.0045533
  224 223.5 9.3639 0.00406419
  225 224.5 7.03484 0.00305332
  226 225.5 4.4184 0.00191771
  227 226.5 2.31408 0.00100437
  228 227.5 1.05384 0.000457397
  229 228.5 0.443126 0.000192329
  230 229.5 0.184312 7.99965e-05
  231 230.5 0.089648 3.89097e-05
  232 231.5 0.054196 2.35226e-05
  233 232.5 0.039004 1.69288e-05
  234 233.5 0.03 1.30208e-05
  235 234.5 0.024046 1.04366e-05
  236 235.5 0.018758 8.14149e-06
  237 236.5 0.01676 7.27431e-06
  238 237.5 0.015944 6.92014e-06
  239 238.5 0.016592 7.20139e-06
  240 239.5 0.017534 7.61024e-06
  241 240.5 0.017202 7.46615e-06
  242 241.5 0.01625 7.05295e-06
  243 242.5 0.01509 6.54948e-06
  244 243.5 0.016476 7.15104e-06
  245 244.5 0.016006 6.94705e-06
  246 245.5 0.014182 6.15538e-06
  247 246.5 0.015762 6.84115e-06
  248 247.5 0.016148 7.00868e-06
  249 248.5 0.01542 6.69271e-06
  250 249.5 0.013676 5.93576e-06
  251 250.5 0.012984 5.63542e-06
  252 251.5 0.010788 4.68229e-06
  253 252.5 0.009148 3.97049e-06
  254 253.5 0.008314 3.60851e-06
  255 254.5 0.009364 4.06424e-06
  256 255.5 0.00971 4.21441e-06
  257 256.5 0.009478 4.11372e-06
  258 257.5 0.009568 4.15278e-06
  259 258.5 0.011894 5.16233e-06
  260 259.5 0.01358 5.8941e-06
  261 260.5 0.01455 6.3151e-06
  262 261.5 0.014274 6.19531e-06
  263 262.5 0.012782 5.54774e-06
  264 263.5 0.01394 6.05035e-06
  265 264.5 0.012354 5.36198e-06
  266 265.5 0.01188 5.15625e-06
  267 266.5 0.01471 6.38455e-06
  268 267.5 0.016008 6.94792e-06
  269 268.5 0.01796 7.79514e-06
  270 269.5 0.019426 8.43142e-06
  271 270.5 0.020242 8.78559e-06
  272 271.5 0.02138 9.27951e-06
  273 272.5 0.023446 1.01762e-05
  274 273.5 0.025954 1.12648e-05
  275 274.5 0.027226 1.18168e-05
  276 275.5 0.026942 1.16936e-05
  277 276.5 0.028752 1.24792e-05
  278 277.5 0.029338 1.27335e-05
  279 278.5 0.02888 1.25347e-05
  280 279.5 0.031736 1.37743e-05
  281 280.5 0.031182 1.35339e-05
  282 281.5 0.029458 1.27856e-05
  283 282.5 0.028684 1.24497e-05
  284 283.5 0.027748 1.20434e-05
  285 284.5 0.028318 1.22908e-05
  286 285.5 0.027504 1.19375e-05
  287 286.5 0.02907 1.26172e-05
  288 287.5 0.029448 1.27813e-05
  289 288.5 0.029654 1.28707e-05
  290 289.5 0.027268 1.18351e-05
  291 290.5 0.02649 1.14974e-05
  292 291.5 0.026272 1.14028e-05
  293 292.5 0.026228 1.13837e-05
  294 293.5 0.027004 1.17205e-05
  295 294.5 0.027342 1.18672e-05
  296 295.5 0.027916 1.21163e-05
  297 296.5 0.024878 1.07977e-05
  298 297.5 0.021552 9.35417e-06
  299 298.5 0.019364 8.40451e-06
  300 299.5 0.020416 8.86111e-06
  301 300.5 0.020876 9.06076e-06
  302 301.5 0.02122 9.21007e-06
  303 302.5 0.020676 8.97396e-06
  304 303.5 0.019058 8.2717e-06
  305 304.5 0.018844 8.17882e-06
  306 305.5 0.017894 7.76649e-06
  307 306.5 0.0162 7.03125e-06
  308 307.5 0.015884 6.8941e-06
  309 308.5 0.015662 6.79774e-06
  310 309.5 0.01431 6.21094e-06
  311 310.5 0.014266 6.19184e-06
  312 311.5 0.014412 6.25521e-06
  313 312.5 0.013816 5.99653e-06
  314 313.5 0.01316 5.71181e-06
  315 314.5 0.010752 4.66667e-06
  316 315.5 0.009084 3.94271e-06
  317 316.5 0.008648 3.75347e-06
  318 317.5 0.009356 4.06076e-06
  319 318.5 0.009506 4.12587e-06
  320 319.5 0.010076 4.37326e-06
  321 320.5 0.0112 4.86111e-06
  322 321.5 0.011718 5.08594e-06
  323 322.5 0.011948 5.18576e-06
  324 323.5 0.013542 5.8776e-06
  325 324.5 0.01509 6.54948e-06
  326 325.5 0.01452 6.30208e-06
  327 326.5 0.014838 6.4401e-06
  328 327.5 0.014484 6.28646e-06
  329 328.5 0.013078 5.67622e-06
  330 329.5 0.01437 6.23698e-06
  331 330.5 0.013844 6.00868e-06
  332 331.5 0.013694 5.94358e-06
  333 332.5 0.014476 6.28299e-06
  334 333.5 0.015526 6.73872e-06
  335 334.5 0.016272 7.0625e-06
  336 335.5 0.01502 6.5191e-06
  337 336.5 0.013524 5.86979e-06
  338 337.5 0.01285 5.57726e-06
  339 338.5 0.011288 4.89931e-06
  340 339.5 0.01086 4.71354e-06
  341 340.5 0.011794 5.11892e-06
  342 341.5 0.014112 6.125e-06
  343 342.5 0.014394 6.2474e-06
  344 343.5 0.014938 6.48351e-06
  345 344.5 0.01394 6.05035e-06
  346 345.5 0.011652 5.05729e-06
  347 346.5 0.012058 5.23351e-06
  348 347.5 0.012792 5.55208e-06
  349 348.5 0.013016 5.64931e-06
  350 349.5 0.012604 5.47049e-06
  351 350.5 0.014054 6.09983e-06
  352 351.5 0.014142 6.13802e-06
  353 352.5 0.015678 6.80469e-06
  354 353.5 0.017226 7.47656e-06
  355 354.5 0.019086 8.28385e-06
  356 355.5 0.019506 8.46615e-06
  357 356.5 0.01882 8.1684e-06
  358 357.5 0.018454 8.00955e-06
  359 358.5 0.01876 8.14236e-06
  360 359.5 0.02039 8.84983e-06
  361 360.5 0.02203 9.56163e-06
  362 361.5 0.021618 9.38281e-06
  363 362.5 0.021754 9.44184e-06
  364 363.5 0.024638 1.06936e-05
  365 364.5 0.026068 1.13142e-05
  366 365.5 0.02663 1.15582e-05
  367 366.5 0.025722 1.11641e-05
  368 367.5 0.023024 9.99306e-06
  369 368.5 0.0237 1.02865e-05
  370 369.5 0.025084 1.08872e-05
  371 370.5 0.025294 1.09783e-05
  372 371.5 0.026314 1.1421e-05
  373 372.5 0.027584 1.19722e-05
  374 373.5 0.02769 1.20182e-05
  375 374.5 0.031512 1.36771e-05
  376 375.5 0.037244 1.61649e-05
  377 376.5 0.047304 2.05313e-05
  378 377.5 0.07184 3.11806e-05
  379 378.5 0.141914 6.15946e-05
  380 379.5 0.351948 0.000152755
  381 380.5 0.952642 0.000413473
  382 381.5 2.41017 0.00104608
  383 382.5 5.39308 0.00234074
  384 383.5 10.2013 0.00442765
  385 384.5 16.131 0.00700128
  386 385.5 21.6937 0.00941565
  387 386.5 25.5164 0.0110748
  388 387.5 27.5976 0.0119781
  389 388.5 28.6971 0.0124553
  390 389.5 29.2866 0.0127112
  391 390.5 29.6146 0.0128536
  392 391.5 29.8078 0.0129374
  393 392.5 29.9822 0.0130131
  394 393.5 30.0938 0.0130616
  395 394.5 30.1703 0.0130947
  396 395.5 30.232 0.0131215
  397 396.5 30.2415 0.0131256
  398 397.5 30.3293 0.0131638
  399 398.5 30.3526 0.0131739
  400 399.5 30.3244 0.0131616
  401 400.5 30.3593 0.0131768
  402 401.5 30.4157 0.0132013
  403 402.5 30.394 0.0131918
  404 403.5 30.4046 0.0131964
  405 404.5 30.3806 0.013186
  406 405.5 30.4238 0.0132048
  407 406.5 30.4114 0.0131994
  408 407.5 30.4086 0.0131982
  409 408.5 30.419 0.0132027
  410 409.5 30.4633 0.0132219
  411 410.5 30.4124 0.0131998
  412 411.5 30.4068 0.0131974
  413 412.5 30.428 0.0132066
  414 413.5 30.4355 0.0132098
  415 414.5 30.4006 0.0131947
  416 415.5 30.4431 0.0132131
  417 416.5 30.4168 0.0132017
  418 417.5 30.4369 0.0132104
  419 418.5 30.4122 0.0131998
  420 419.5 30.4081 0.013198
  421 420.5 30.4278 0.0132065
  422 421.5 30.4246 0.0132051
  423 422.5 30.4007 0.0131948
  424 423.5 30.4151 0.013201
  425 424.5 30.4061 0.0131971
  426 425.5 30.4139 0.0132005
  427 426.5 30.4449 0.0132139
  428 427.5 30.4055 0.0131969
  429 428.5 30.419 0.0132027
  430 429.5 30.4331 0.0132088
  431 430.5 30.4124 0.0131998
  432 431.5 30.4443 0.0132137
  433 432.5 30.42 0.0132031
  434 433.5 30.4351 0.0132097
  435 434.5 30.4159 0.0132014
  436 435.5 30.4182 0.0132023
  437 436.5 30.3972 0.0131932
  438 437.5 30.4018 0.0131952
  439 438.5 30.4244 0.013205
  440 439.5 30.4199 0.0132031
  441 440.5 30.3913 0.0131906
  442 441.5 30.4038 0.0131961
  443 442.5 30.4149 0.0132009
  444 443.5 30.393 0.0131914
  445 444.5 30.3941 0.0131919
  446 445.5 30.3706 0.0131817
  447 446.5 30.3923 0.0131911
  448 447.5 30.3959 0.0131927
  449 448.5 30.4102 0.0131989
  450 449.5 30.4203 0.0132032
  451 450.5 30.4133 0.0132002
  452 451.5 30.3992 0.0131941
  453 452.5 30.3922 0.013191
  454 453.5 30.4365 0.0132103
  455 454.5 30.4283 0.0132067
  456 455.5 30.4069 0.0131974
  457 456.5 30.4127 0.0132
  458 457.5 30.4408 0.0132121
  459 458.5 30.4344 0.0132094
  460 459.5 30.4189 0.0132027
  461 460.5 30.4205 0.0132033
  462 461.5 30.4373 0.0132107
  463 462.5 30.4388 0.0132113
  464 463.5 30.4091 0.0131984
  465 464.5 30.4164 0.0132016
  466 465.5 30.448 0.0132153
  467 466.5 30.4267 0.0132061
  468 467.5 30.4142 0.0132006
  469 468.5 30.3864 0.0131885
  470 469.5 30.404 0.0131962
  471 470.5 30.4227 0.0132043
  472 471.5 30.4022 0.0131954
  473 472.5 30.3717 0.0131822
  474 473.5 30.4037 0.013196
  475 474.5 30.425 0.0132053
  476 475.5 30.394 0.0131918
  477 476.5 30.3625 0.0131782
  478 477.5 30.4262 0.0132058
  479 478.5 30.4234 0.0132046
  480 479.5 30.3657 0.0131796
50000000 480 5181.000000000001
  1 0.5 30.4762 0.0132275
  2 1.5 30.4619 0.0132213
  3 2.5 30.4557 0.0132186
  4 3.5 30.4713 0.0132254
  5 4.5 30.4813 0.0132298
  6 5.5 30.4512 0.0132167
  7 6.5 30.4381 0.013211
  8 7.5 30.495 0.0132357
  9 8.5 30.4537 0.0132177
  10 9.5 30.4407 0.0132121
  11 10.5 30.4386 0.0132112
  12 11.5 30.4707 0.0132251
  13 12.5 30.445 0.013214
  14 13.5 30.4328 0.0132087
  15 14.5 30.4449 0.0132139
  16 15.5 30.4504 0.0132163
  17 16.5 30.4458 0.0132143
  18 17.5 30.4363 0.0132102
  19 18.5 30.4307 0.0132078
  20 19.5 30.4374 0.0132107
  21 20.5 30.459 0.01322
  22 21.5 30.4104 0.013199
  23 22.5 30.4385 0.0132111
  24 23.5 30.4265 0.0132059
  25 24.5 30.4146 0.0132008
  26 25.5 30.4027 0.0131956
  27 26.5 30.4407 0.0132121
  28 27.5 30.3962 0.0131928
  29 28.5 30.4185 0.0132025
  30 29.5 30.4126 0.0131999
  31 30.5 30.4122 0.0131997
  32 31.5 30.411 0.0131992
  33 32.5 30.3976 0.0131934
  34 33.5 30.4272 0.0132062
  35 34.5 30.4153 0.0132011
  36 35.5 30.4313 0.013208
  37 36.5 30.4063 0.0131972
  38 37.5 30.4099 0.0131987
  39 38.5 30.4168 0.0132017
  40 39.5 30.4119 0.0131996
  41 40.5 30.4112 0.0131993
  42 41.5 30.4276 0.0132064
  43 42.5 30.3928 0.0131913
  44 43.5 30.3823 0.0131868
  45 44.5 30.3862 0.0131885
  46 45.5 30.3618 0.0131779
  47 46.5 30.3118 0.0131562
  48 47.5 30.2816 0.0131431
  49 48.5 30.254 0.0131311
  50 49.5 30.1835 0.0131005
  51 50.5 30.1007 0.0130645
  52 51.5 29.9535 0.0130006
  53 52.5 29.8337 0.0129487
  54 53.5 29.6334 0.0128617
  55 54.5 29.3479 0.0127378
  56 55.5 29.0071 0.0125899
  57 56.5 28.5425 0.0123882
  58 57.5 27.9271 0.0121212
  59 58.5 27.0972 0.011761
  60 59.5 26.1179 0.0113359
  61 60.5 24.8141 0.01077
  62 61.5 23.2463 0.0100895
  63 62.5 21.3783 0.00927877
  64 63.5 19.2734 0.0083652
  65 64.5 16.9824 0.00737085
  66 65.5 14.6301 0.00634988
  67 66.5 12.2876 0.00533315
  68 67.5 10.0917 0.00438009
  69 68.5 8.17197 0.00354686
  70 69.5 6.55588 0.00284543
  71 70.5 5.21925 0.0022653
  72 71.5 4.19098 0.001819
  73 72.5 3.42938 0.00148845
  74 73.5 2.88004 0.00125002
  75 74.5 2.46742 0.00107093
  76 75.5 2.18803 0.000949665
  77 76.5 2.00768 0.000871389
  78 77.5 1.87133 0.000812207
  79 78.5 1.76967 0.000768088
  80 79.5 1.70363 0.000739424
  81 80.5 1.66028 0.000720609
  82 81.5 1.62402 0.00070487
  83 82.5 1.60034 0.000694591
  84 83.5 1.586 0.000688369
  85 84.5 1.57027 0.000681539
  86 85.5 1.57348 0.000682935
  87 86.5 1.55745 0.000675976
  88 87.5 1.54967 0.000672598
  89 88.5 1.55195 0.000673588
  90 89.5 1.54413 0.000670194
  91 90.5 1.54254 0.000669504
  92 91.5 1.54232 0.00066941
  93 92.5 1.54093 0.000668807
  94 93.5 1.53239 0.000665101
  95 94.5 1.54287 0.000669649
  96 95.5 1.54654 0.000671243
  97 96.5 1.54463 0.000670412
  98 97.5 1.5458 0.000670921
  99 98.5 1.53934 0.000668115
  100 99.5 1.53488 0.000666181
  101 100.5 1.53622 0.00066676
  102 101.5 1.53457 0.000666047
  103 102.5 1.53426 0.000665913
  104 103.5 1.52978 0.000663968
  105 104.5 1.52753 0.000662992
  106 105.5 1.53273 0.000665248
  107 106.5 1.52715 0.000662826
  108 107.5 1.52275 0.000660916
  109 108.5 1.52451 0.000661678
  110 109.5 1.52575 0.000662219
  111 110.5 1.52143 0.000660345
  112 111.5 1.52922 0.000663723
  113 112.5 1.53106 0.000664521
  114 113.5 1.52654 0.000662559
  115 114.5 1.52672 0.000662641
  116 115.5 1.52528 0.000662014
  117 116.5 1.52588 0.000662276
  118 117.5 1.52407 0.00066149
  119 118.5 1.52322 0.000661119
  120 119.5 1.53026 0.000664175
  121 120.5 1.53551 0.000666452
  122 121.5 1.52883 0.000663553
  123 122.5 1.53127 0.000664614
  124 123.5 1.52893 0.0006636
  125 124.5 1.5316 0.000664755
  126 125.5 1.52371 0.000661332
  127 126.5 1.5265 0.000662544
  128 127.5 1.522 0.000660589
  129 128.5 1.52946 0.000663828
  130 129.5 1.52452 0.000661683
  131 130.5 1.52775 0.000663084
  132 131.5 1.52869 0.000663495
  133 132.5 1.52321 0.000661114
  134 133.5 1.52367 0.000661317
  135 134.5 1.52393 0.000661429
  136 135.5 1.53151 0.000664717
  137 136.5 1.52554 0.000662128
  138 137.5 1.52387 0.000661402
  139 138.5 1.52093 0.000660127
  140 139.5 1.53156 0.000664738
  141 140.5 1.51973 0.000659603
  142 141.5 1.52444 0.000661648
  143 142.5 1.52896 0.000663613
  144 143.5 1.53069 0.000664364
  145 144.5 1.52607 0.000662355
  146 145.5 1.5246 0.00066172
  147 146.5 1.52795 0.000663173
  148 147.5 1.52455 0.000661697
  149 148.5 1.5233 0.000661153
  150 149.5 1.52945 0.000663822
  151 150.5 1.54322 0.000669801
  152 151.5 1.53708 0.000667135
  153 152.5 1.52902 0.000663638
  154 153.5 1.52563 0.000662164
  155 154.5 1.53257 0.000665178
  156 155.5 1.5282 0.00066328
  157 156.5 1.52171 0.000660464
  158 157.5 1.52628 0.000662448
  159 158.5 1.52957 0.000663875
  160 159.5 1.52135 0.000660308
  161 160.5 1.52557 0.000662139
  162 161.5 1.5062 0.000653734
  163 162.5 1.51784 0.000658785
  164 163.5 1.5205 0.000659938
  165 164.5 1.5258 0.00066224
  166 165.5 1.52624 0.000662431
  167 166.5 1.52913 0.000663684
  168 167.5 1.52827 0.000663311
  169 168.5 1.53609 0.000666705
  170 169.5 1.53985 0.000668338
  171 170.5 1.52711 0.000662806
  172 171.5 1.52881 0.000663546
  173 172.5 1.53552 0.000666459
  174 173.5 1.52824 0.000663298
  175 174.5 1.53591 0.000666628
  176 175.5 1.53319 0.000665447
  177 176.5 1.5325 0.000665148
  178 177.5 1.53252 0.000665158
  179 178.5 1.52955 0.000663866
  180 179.5 1.5247 0.000661764
  181 180.5 1.5295 0.000663845
  182 181.5 1.53343 0.000665552
  183 182.5 1.52815 0.00066326
  184 183.5 1.51816 0.000658924
  185 184.5 1.52897 0.000663615
  186 185.5 1.53664 0.000666945
  187 186.5 1.53968 0.000668265
  188 187.5 1.54266 0.000669557
  189 188.5 1.5365 0.000666885
  190 189.5 1.53634 0.000666813
  191 190.5 1.54298 0.000669698
  192 191.5 1.54744 0.000671632
  193 192.5 1.54135 0.000668988
  194 193.5 1.53508 0.000666269
  195 194.5 1.5294 0.000663801
  196 195.5 1.52781 0.000663114
  197 196.5 1.52915 0.000663694
  198 197.5 1.52096 0.000660137
  199 198.5 1.52501 0.000661895
  200 199.5 1.53488 0.000666181
  201 200.5 1.53491 0.000666195
  202 201.5 1.54349 0.000669919
  203 202.5 1.554 0.00067448
  204 203.5 1.55537 0.000675073
  205 204.5 1.55789 0.000676169
  206 205.5 1.57325 0.000682835
  207 206.5 1.57898 0.000685323
  208 207.5 1.61013 0.000698839
  209 208.5 1.6487 0.000715582
  210 209.5 1.70577 0.000740351
  211 210.5 1.77064 0.000768508
  212 211.5 1.87652 0.00081446
  213 212.5 2.03202 0.000881954
  214 213.5 2.25496 0.000978714
  215 214.5 2.55048 0.00110698
  216 215.5 2.99963 0.00130192
  217 216.5 3.61624 0.00156955
  218 217.5 4.43566 0.0019252
  219 218.5 5.51228 0.00239248
  220 219.5 6.85904 0.00297701
  221 220.5 8.36287 0.00362972
  222 221.5 9.65053 0.0041886
  223 222.5 10.1396 0.00440086
  224 223.5 9.26835 0.00402272
  225 224.5 7.1548 0.00310538
  226 225.5 4.595 0.00199436
  227 226.5 2.45447 0.00106531
  228 227.5 1.13902 0.000494368
  229 228.5 0.475052 0.000206186
  230 229.5 0.201236 8.7342e-05
  231 230.5 0.097838 4.24644e-05
  232 231.5 0.05634 2.44531e-05
  233 232.5 0.042784 1.85694e-05
  234 233.5 0.036118 1.56762e-05
  235 234.5 0.030308 1.31545e-05
  236 235.5 0.027222 1.18151e-05
  237 236.5 0.023846 1.03498e-05
  238 237.5 0.023512 1.02049e-05
  239 238.5 0.025464 1.10521e-05
  240 239.5 0.022812 9.90104e-06
  241 240.5 0.01893 8.21615e-06
  242 241.5 0.017948 7.78993e-06
  243 242.5 0.016962 7.36198e-06
  244 243.5 0.016904 7.33681e-06
  245 244.5 0.017176 7.45486e-06
  246 245.5 0.018402 7.98698e-06
  247 246.5 0.021118 9.1658e-06
  248 247.5 0.0215 9.3316e-06
  249 248.5 0.020078 8.71441e-06
  250 249.5 0.019406 8.42274e-06
  251 250.5 0.020854 9.05122e-06
  252 251.5 0.0229 9.93924e-06
  253 252.5 0.020272 8.79861e-06
  254 253.5 0.018924 8.21354e-06
  255 254.5 0.020162 8.75087e-06
  256 255.5 0.020812 9.03299e-06
  257 256.5 0.021176 9.19097e-06
  258 257.5 0.024432 1.06042e-05
  259 258.5 0.024892 1.08038e-05
  260 259.5 0.023144 1.00451e-05
  261 260.5 0.023982 1.04089e-05
  262 261.5 0.022672 9.84028e-06
  263 262.5 0.024382 1.05825e-05
  264 263.5 0.023676 1.0276e-05
  265 264.5 0.02282 9.90451e-06
  266 265.5 0.02114 9.17535e-06
  267 266.5 0.02122 9.21007e-06
  268 267.5 0.020636 8.9566e-06
  269 268.5 0.019914 8.64323e-06
  270 269.5 0.020182 8.75955e-06
  271 270.5 0.021602 9.37587e-06
  272 271.5 0.022126 9.6033e-06
  273 272.5 0.02122 9.21007e-06
  274 273.5 0.018612 8.07812e-06
  275 274.5 0.019524 8.47396e-06
  276 275.5 0.018384 7.97917e-06
  277 276.5 0.016462 7.14497e-06
  278 277.5 0.014502 6.29427e-06
  279 278.5 0.012162 5.27865e-06
  280 279.5 0.012262 5.32205e-06
  281 280.5 0.012916 5.6059e-06
  282 281.5 0.013244 5.74826e-06
  283 282.5 0.01118 4.85243e-06
  284 283.5 0.010526 4.56858e-06
  285 284.5 0.010188 4.42187e-06
  286 285.5 0.009942 4.3151e-06
  287 286.5 0.01155 5.01302e-06
  288 287.5 0.0125 5.42535e-06
  289 288.5 0.013566 5.88802e-06
  290 289.5 0.013098 5.6849e-06
  291 290.5 0.012952 5.62153e-06
  292 291.5 0.012924 5.60937e-06
  293 292.5 0.012762 5.53906e-06
  294 293.5 0.011322 4.91406e-06
  295 294.5 0.009078 3.9401e-06
  296 295.5 0.008214 3.5651e-06
  297 296.5 0.008138 3.53212e-06
  298 297.5 0.00927 4.02344e-06
  299 298.5 0.011382 4.9401e-06
  300 299.5 0.012228 5.30729e-06
  301 300.5 0.011488 4.98611e-06
  302 301.5 0.011376 4.9375e-06
  303 302.5 0.011212 4.86632e-06
  304 303.5 0.010584 4.59375e-06
  305 304.5 0.010864 4.71528e-06
  306 305.5 0.010366 4.49913e-06
  307 306.5 0.010224 4.4375e-06
  308 307.5 0.009714 4.21615e-06
  309 308.5 0.009656 4.19097e-06
  310 309.5 0.00936 4.0625e-06
  311 310.5 0.008834 3.8342e-06
  312 311.5 0.009708 4.21354e-06
  313 312.5 0.00927 4.02344e-06
  314 313.5 0.008614 3.73872e-06
  315 314.5 0.00917 3.98003e-06
  316 315.5 0.011182 4.8533e-06
  317 316.5 0.011814 5.1276e-06
  318 317.5 0.0114 4.94792e-06
  319 318.5 0.01111 4.82205e-06
  320 319.5 0.010206 4.42969e-06
  321 320.5 0.012444 5.40104e-06
  322 321.5 0.012328 5.35069e-06
  323 322.5 0.01202 5.21701e-06
  324 323.5 0.011208 4.86458e-06
  325 324.5 0.011452 4.97049e-06
  326 325.5 0.011386 4.94184e-06
  327 326.5 0.011278 4.89497e-06
  328 327.5 0.011456 4.97222e-06
  329 328.5 0.012236 5.31076e-06
  330 329.5 0.011642 5.05295e-06
  331 330.5 0.010204 4.42882e-06
  332 331.5 0.010662 4.6276e-06
  333 332.5 0.011336 4.92014e-06
  334 333.5 0.01071 4.64844e-06
  335 334.5 0.013054 5.6658e-06
  336 335.5 0.015334 6.65538e-06
  337 336.5 0.016122 6.9974e-06
  338 337.5 0.015112 6.55903e-06
  339 338.5 0.01245 5.40365e-06
  340 339.5 0.01052 4.56597e-06
  341 340.5 0.0103 4.47049e-06
  342 341.5 0.009994 4.33767e-06
  343 342.5 0.008132 3.52951e-06
  344 343.5 0.008684 3.7691e-06
  345 344.5 0.010582 4.59288e-06
  346 345.5 0.01322 5.73785e-06
  347 346.5 0.015344 6.65972e-06
  348 347.5 0.01505 6.53212e-06
  349 348.5 0.01556 6.75347e-06
  350 349.5 0.017198 7.46441e-06
  351 350.5 0.019044 8.26562e-06
  352 351.5 0.022528 9.77778e-06
  353 352.5 0.025076 1.08837e-05
  354 353.5 0.025948 1.12622e-05
  355 354.5 0.026052 1.13073e-05
  356 355.5 0.024778 1.07543e-05
  357 356.5 0.02396 1.03993e-05
  358 357.5 0.026082 1.13203e-05
  359 358.5 0.02996 1.30035e-05
  360 359.5 0.031662 1.37422e-05
  361 360.5 0.031506 1.36745e-05
  362 361.5 0.030184 1.31007e-05
  363 362.5 0.029886 1.29714e-05
  364 363.5 0.028932 1.25573e-05
  365 364.5 0.02842 1.23351e-05
  366 365.5 0.027902 1.21102e-05
  367 366.5 0.025944 1.12604e-05
  368 367.5 0.025202 1.09384e-05
  369 368.5 0.025212 1.09427e-05
  370 369.5 0.026812 1.16372e-05
  371 370.5 0.026134 1.13429e-05
  372 371.5 0.026504 1.15035e-05
  373 372.5 0.02657 1.15321e-05
  374 373.5 0.028192 1.22361e-05
  375 374.5 0.031694 1.37561e-05
  376 375.5 0.037122 1.6112e-05
  377 376.5 0.047458 2.05981e-05
  378 377.5 0.069286 3.0072e-05
  379 378.5 0.13401 5.81641e-05
  380 379.5 0.32688 0.000141875
  381 380.5 0.860204 0.000373352
  382 381.5 2.19131 0.00095109
  383 382.5 4.97798 0.00216058
  384 383.5 9.61686 0.00417398
  385 384.5 15.521 0.00673654
  386 385.5 21.162 0.00918489
  387 386.5 25.1874 0.010932
  388 387.5 27.3854 0.011886
  389 388.5 28.5029 0.012371
  390 389.5 29.1505 0.0126521
  391 390.5 29.5242 0.0128143
  392 391.5 29.7638 0.0129183
  393 392.5 29.8719 0.0129652
  394 393.5 30.0097 0.013025
  395 394.5 30.1044 0.0130662
  396 395.5 30.1369 0.0130802
  397 396.5 30.1893 0.013103
  398 397.5 30.232 0.0131215
  399 398.5 30.2812 0.0131429
  400 399.5 30.2537 0.0131309
  401 400.5 30.3051 0.0131533
  402 401.5 30.306 0.0131537
  403 402.5 30.3182 0.013159
  404 403.5 30.3157 0.0131579
  405 404.5 30.3396 0.0131682
  406 405.5 30.3399 0.0131684
  407 406.5 30.3654 0.0131794
  408 407.5 30.3504 0.0131729
  409 408.5 30.372 0.0131823
  410 409.5 30.3799 0.0131857
  411 410.5 30.3695 0.0131812
  412 411.5 30.3747 0.0131835
  413 412.5 30.3579 0.0131762
  414 413.5 30.3764 0.0131842
  415 414.5 30.409 0.0131984
  416 415.5 30.382 0.0131866
  417 416.5 30.3728 0.0131826
  418 417.5 30.3759 0.013184
  419 418.5 30.3948 0.0131922
  420 419.5 30.3744 0.0131834
  421 420.5 30.3909 0.0131905
  422 421.5 30.4051 0.0131966
  423 422.5 30.3604 0.0131773
  424 423.5 30.3916 0.0131908
  425 424.5 30.4088 0.0131983
  426 425.5 30.3678 0.0131805
  427 426.5 30.382 0.0131866
  428 427.5 30.3846 0.0131878
  429 428.5 30.3953 0.0131924
  430 429.5 30.3828 0.013187
  431 430.5 30.3689 0.013181
  432 431.5 30.3942 0.0131919
  433 432.5 30.3973 0.0131933
  434 433.5 30.3657 0.0131796
  435 434.5 30.391 0.0131905
  436 435.5 30.3791 0.0131854
  437 436.5 30.3832 0.0131872
  438 437.5 30.351 0.0131732
  439 438.5 30.3882 0.0131893
  440 439.5 30.3711 0.0131819
  441 440.5 30.4076 0.0131978
  442 441.5 30.3819 0.0131866
  443 442.5 30.3852 0.013188
  444 443.5 30.4022 0.0131954
  445 444.5 30.3861 0.0131884
  446 445.5 30.3974 0.0131933
  447 446.5 30.356 0.0131754
  448 447.5 30.4149 0.0132009
  449 448.5 30.3941 0.0131919
  450 449.5 30.3793 0.0131855
  451 450.5 30.4063 0.0131972
  452 451.5 30.3983 0.0131937
  453 452.5 30.401 0.0131949
  454 453.5 30.4223 0.0132041
  455 454.5 30.445 0.013214
  456 455.5 30.4124 0.0131998
  457 456.5 30.4125 0.0131999
  458 457.5 30.4522 0.0132171
  459 458.5 30.4205 0.0132033
  460 459.5 30.4115 0.0131995
  461 460.5 30.4746 0.0132268
  462 461.5 30.459 0.01322
  463 462.5 30.4087 0.0131982
  464 463.5 30.448 0.0132153
  465 464.5 30.4663 0.0132232
  466 465.5 30.4726 0.013226
  467 466.5 30.419 0.0132027
  468 467.5 30.4331 0.0132088
  469 468.5 30.4287 0.0132069
  470 469.5 30.4714 0.0132254
  471 470.5 30.457 0.0132192
  472 471.5 30.4325 0.0132086
  473 472.5 30.449 0.0132157
  474 473.5 30.4771 0.0132279
  475 474.5 30.4398 0.0132117
  476 475.5 30.4435 0.0132133
  477 476.5 30.4638 0.0132221
  478 477.5 30.4622 0.0132214
  479 478.5 30.4354 0.0132098
  480 479.5 30.4768 0.0132278
