# Chunk-averaged data for fix tensor2 and group c1
# Timestep Number-of-chunks Total-count
# Chunk Coord1 Ncount density/number
40000000 624 5962.999999999997
  1 0.5 12.5451 0.00544491
  2 1.5 13.0475 0.00566298
  3 2.5 13.5441 0.00587853
  4 3.5 13.9987 0.00607583
  5 4.5 14.4542 0.00627355
  6 5.5 14.9274 0.00647891
  7 6.5 15.3726 0.00667215
  8 7.5 15.7791 0.00684855
  9 8.5 16.1815 0.00702324
  10 9.5 16.5973 0.0072037
  11 10.5 16.9762 0.00736815
  12 11.5 17.3271 0.00752045
  13 12.5 17.6764 0.00767204
  14 13.5 17.9861 0.00780646
  15 14.5 18.3049 0.00794484
  16 15.5 18.5955 0.00807096
  17 16.5 18.863 0.00818707
  18 17.5 19.1239 0.00830031
  19 18.5 19.3795 0.00841124
  20 19.5 19.5847 0.00850028
  21 20.5 19.7847 0.00858709
  22 21.5 19.9912 0.00867675
  23 22.5 20.1649 0.00875214
  24 23.5 20.3199 0.0088194
  25 24.5 20.4823 0.00888987
  26 25.5 20.6337 0.00895559
  27 26.5 20.7517 0.00900684
  28 27.5 20.8603 0.00905394
  29 28.5 20.9509 0.00909328
  30 29.5 21.0763 0.00914769
  31 30.5 21.151 0.00918011
  32 31.5 21.2095 0.00920552
  33 32.5 21.2759 0.00923431
  34 33.5 21.3439 0.00926384
  35 34.5 21.4136 0.0092941
  36 35.5 21.4582 0.00931346
  37 36.5 21.4986 0.00933098
  38 37.5 21.5363 0.00934736
  39 38.5 21.5653 0.00935995
  40 39.5 21.603 0.00937632
  41 40.5 21.6289 0.00938756
  42 41.5 21.6686 0.00940476
  43 42.5 21.6901 0.0094141
  44 43.5 21.7071 0.00942149
  45 44.5 21.7306 0.0094317
  46 45.5 21.7277 0.00943043
  47 46.5 21.742 0.00943661
  48 47.5 21.7474 0.00943897
  49 48.5 21.7446 0.00943777
  50 49.5 21.7782 0.00945235
  51 50.5 21.768 0.00944792
  52 51.5 21.779 0.00945268
  53 52.5 21.7719 0.00944959
  54 53.5 21.7857 0.0094556
  55 54.5 21.7839 0.00945483
  56 55.5 21.7976 0.00946079
  57 56.5 21.7947 0.00945951
  58 57.5 21.7861 0.00945579
  59 58.5 21.7997 0.00946168
  60 59.5 21.8163 0.00946887
  61 60.5 21.8052 0.00946406
  62 61.5 21.7826 0.00945427
  63 62.5 21.7906 0.00945771
  64 63.5 21.7683 0.00944804
  65 64.5 21.7795 0.0094529
  66 65.5 21.7547 0.00944214
  67 66.5 21.7512 0.00944065
  68 67.5 21.7682 0.00944801
  69 68.5 21.7607 0.00944475
  70 69.5 21.7463 0.00943851
  71 70.5 21.7746 0.00945078
  72 71.5 21.7736 0.00945035
  73 72.5 21.7539 0.0094418
  74 73.5 21.7687 0.00944824
  75 74.5 21.7934 0.00945894
  76 75.5 21.797 0.00946052
  77 76.5 21.7673 0.00944761
  78 77.5 21.7817 0.00945386
  79 78.5 21.809 0.00946572
  80 79.5 21.8034 0.00946326
  81 80.5 21.8128 0.00946736
  82 81.5 21.8274 0.00947371
  83 82.5 21.8273 0.00947364
  84 83.5 21.8365 0.00947764
  85 84.5 21.8345 0.00947679
  86 85.5 21.8277 0.00947383
  87 86.5 21.8262 0.00947319
  88 87.5 21.8272 0.00947363
  89 88.5 21.8252 0.00947274
  90 89.5 21.8166 0.009469
  91 90.5 21.8078 0.00946518
  92 91.5 21.8004 0.00946199
  93 92.5 21.79 0.00945747
  94 93.5 21.7867 0.00945605
  95 94.5 21.7995 0.0094616
  96 95.5 21.7388 0.00943524
  97 96.5 21.7695 0.00944856
  98 97.5 21.7521 0.00944101
  99 98.5 21.7906 0.00945772
  100 99.5 21.7832 0.00945452
  101 100.5 21.7891 0.00945707
  102 101.5 21.7936 0.00945903
  103 102.5 21.7863 0.00945585
  104 103.5 21.7734 0.00945026
  105 104.5 21.8232 0.00947188
  106 105.5 21.8344 0.00947675
  107 106.5 21.8656 0.00949027
  108 107.5 21.8562 0.00948622
  109 108.5 21.8801 0.00949657
  110 109.5 21.9046 0.00950721
  111 110.5 21.9272 0.00951703
  112 111.5 21.9254 0.00951625
  113 112.5 21.9395 0.00952237
  114 113.5 21.9645 0.00953318
  115 114.5 21.9735 0.00953709
  116 115.5 21.968 0.00953474
  117 116.5 21.9987 0.00954804
  118 117.5 22.007 0.00955165
  119 118.5 21.992 0.00954514
  120 119.5 22.0334 0.00956311
  121 120.5 22.0386 0.00956538
  122 121.5 22.0412 0.00956649
  123 122.5 22.0455 0.00956835
  124 123.5 22.0911 0.00958814
  125 124.5 22.0918 0.00958844
  126 125.5 22.1032 0.00959339
  127 126.5 22.1233 0.00960213
  128 127.5 22.1389 0.00960889
  129 128.5 22.1467 0.00961229
  130 129.5 22.1459 0.00961195
  131 130.5 22.1777 0.00962574
  132 131.5 22.1934 0.00963254
  133 132.5 22.177 0.00962542
  134 133.5 22.2008 0.00963575
  135 134.5 22.2103 0.00963988
  136 135.5 22.2023 0.00963641
  137 136.5 22.2105 0.00963997
  138 137.5 22.2143 0.00964163
  139 138.5 22.2356 0.00965088
  140 139.5 22.2301 0.00964846
  141 140.5 22.2185 0.00964343
  142 141.5 22.2559 0.00965968
  143 142.5 22.2286 0.00964782
  144 143.5 22.222 0.00964496
  145 144.5 22.2244 0.00964599
  146 145.5 22.2263 0.00964684
  147 146.5 22.2196 0.00964391
  148 147.5 22.2214 0.0096447
  149 148.5 22.2223 0.00964508
  150 149.5 22.2066 0.0096383
  151 150.5 22.2052 0.00963768
  152 151.5 22.2005 0.00963564
  153 152.5 22.1961 0.00963374
  154 153.5 22.1867 0.00962963
  155 154.5 22.1795 0.00962651
  156 155.5 22.1791 0.00962637
  157 156.5 22.1675 0.00962133
  158 157.5 22.1554 0.00961605
  159 158.5 22.1786 0.00962613
  160 159.5 22.1551 0.00961592
  161 160.5 22.1507 0.00961404
  162 161.5 22.1578 0.00961708
  163 162.5 22.165 0.00962021
  164 163.5 22.136 0.00960762
  165 164.5 22.1433 0.0096108
  166 165.5 22.1506 0.00961399
  167 166.5 22.16 0.00961805
  168 167.5 22.1434 0.00961087
  169 168.5 22.1685 0.00962173
  170 169.5 22.1728 0.0096236
  171 170.5 22.1695 0.00962218
  172 171.5 22.1507 0.00961402
  173 172.5 22.1392 0.00960902
  174 173.5 22.146 0.00961197
  175 174.5 22.1362 0.00960775
  176 175.5 22.1288 0.00960453
  177 176.5 22.1029 0.00959329
  178 177.5 22.1021 0.00959291
  179 178.5 22.0822 0.00958429
  180 179.5 22.0554 0.00957266
  181 180.5 22.0403 0.00956608
  182 181.5 22.0274 0.00956052
  183 182.5 21.9776 0.00953889
  184 183.5 21.9793 0.00953965
  185 184.5 21.9648 0.00953334
  186 185.5 21.9327 0.00951942
  187 186.5 21.9217 0.00951465
  188 187.5 21.9162 0.00951225
  189 188.5 21.8675 0.00949112
  190 189.5 21.8303 0.00947494
  191 190.5 21.8214 0.00947109
  192 191.5 21.7741 0.00945055
  193 192.5 21.712 0.00942362
  194 193.5 21.6301 0.00938805
  195 194.5 21.5624 0.00935868
  196 195.5 21.4819 0.00932375
  197 196.5 21.35 0.00926651
  198 197.5 21.1945 0.009199
  199 198.5 21.0253 0.00912555
  200 199.5 20.7814 0.00901969
  201 200.5 20.482 0.00888978
  202 201.5 20.1174 0.0087315
  203 202.5 19.6413 0.00852486
  204 203.5 19.0409 0.00826428
  205 204.5 18.2721 0.0079306
  206 205.5 17.3262 0.00752005
  207 206.5 16.1959 0.00702948
  208 207.5 14.9331 0.00648139
  209 208.5 13.4898 0.00585494
  210 209.5 11.9502 0.0051867
  211 210.5 10.3855 0.00450758
  212 211.5 8.84712 0.0038399
  213 212.5 7.40092 0.00321221
  214 213.5 6.08279 0.0026401
  215 214.5 4.95037 0.0021486
  216 215.5 4.00649 0.00173893
  217 216.5 3.25156 0.00141127
  218 217.5 2.65102 0.00115062
  219 218.5 2.20085 0.000955232
  220 219.5 1.87366 0.000813218
  221 220.5 1.63036 0.000707622
  222 221.5 1.4619 0.000634507
  223 222.5 1.33178 0.000578029
  224 223.5 1.24856 0.000541911
  225 224.5 1.19351 0.000518017
  226 225.5 1.15133 0.000499707
  227 226.5 1.12137 0.000486707
  228 227.5 1.0918 0.00047387
  229 228.5 1.06827 0.00046366
  230 229.5 1.05249 0.000456809
  231 230.5 1.03831 0.000450656
  232 231.5 1.02729 0.000445872
  233 232.5 1.01487 0.00044048
  234 233.5 1.00476 0.000436095
  235 234.5 1.00391 0.000435723
  236 235.5 0.999579 0.000433845
  237 236.5 0.99132 0.00043026
  238 237.5 0.991003 0.000430123
  239 238.5 0.984089 0.000427122
  240 239.5 0.985881 0.0004279
  241 240.5 0.98514 0.000427578
  242 241.5 0.990274 0.000429806
  243 242.5 0.994121 0.000431476
  244 243.5 0.994706 0.00043173
  245 244.5 0.991965 0.00043054
  246 245.5 0.985578 0.000427768
  247 246.5 0.991384 0.000430288
  248 247.5 0.988464 0.000429021
  249 248.5 0.981963 0.000426199
  250 249.5 0.982948 0.000426627
  251 250.5 0.978185 0.000424559
  252 251.5 0.975041 0.000423195
  253 252.5 0.979709 0.000425221
  254 253.5 0.978725 0.000424794
  255 254.5 0.981169 0.000425855
  256 255.5 0.984074 0.000427115
  257 256.5 0.98105 0.000425803
  258 257.5 0.974188 0.000422825
  259 258.5 0.967677 0.000419999
  260 259.5 0.964188 0.000418484
  261 260.5 0.959349 0.000416384
  262 261.5 0.948414 0.000411638
  263 262.5 0.944424 0.000409906
  264 263.5 0.943375 0.000409451
  265 264.5 0.939314 0.000407688
  266 265.5 0.93972 0.000407865
  267 266.5 0.938902 0.00040751
  268 267.5 0.93892 0.000407517
  269 268.5 0.940305 0.000408118
  270 269.5 0.939885 0.000407936
  271 270.5 0.941191 0.000408503
  272 271.5 0.94198 0.000408845
  273 272.5 0.941429 0.000408606
  274 273.5 0.938902 0.00040751
  275 274.5 0.940551 0.000408225
  276 275.5 0.94466 0.000410009
  277 276.5 0.942938 0.000409261
  278 277.5 0.949007 0.000411895
  279 278.5 0.949099 0.000411935
  280 279.5 0.946461 0.00041079
  281 280.5 0.948683 0.000411755
  282 281.5 0.938875 0.000407498
  283 282.5 0.939804 0.000407901
  284 283.5 0.939717 0.000407863
  285 284.5 0.939629 0.000407825
  286 285.5 0.938897 0.000407507
  287 286.5 0.935294 0.000405944
  288 287.5 0.933487 0.000405159
  289 288.5 0.940411 0.000408164
  290 289.5 0.94772 0.000411337
  291 290.5 0.951756 0.000413089
  292 291.5 0.956138 0.00041499
  293 292.5 0.953168 0.000413701
  294 293.5 0.954356 0.000414217
  295 294.5 0.951518 0.000412985
  296 295.5 0.94103 0.000408433
  297 296.5 0.947798 0.000411371
  298 297.5 0.95679 0.000415273
  299 298.5 0.955962 0.000414914
  300 299.5 0.954669 0.000414353
  301 300.5 0.958623 0.000416069
  302 301.5 0.963502 0.000418187
  303 302.5 0.966981 0.000419697
  304 303.5 0.966833 0.000419632
  305 304.5 0.960359 0.000416822
  306 305.5 0.95359 0.000413885
  307 306.5 0.96142 0.000417283
  308 307.5 0.96868 0.000420434
  309 308.5 0.973844 0.000422675
  310 309.5 0.973584 0.000422562
  311 310.5 0.974767 0.000423076
  312 311.5 0.966625 0.000419542
  313 312.5 0.963081 0.000418004
  314 313.5 0.966089 0.000419309
  315 314.5 0.967989 0.000420134
  316 315.5 0.968152 0.000420205
  317 316.5 0.969266 0.000420688
  318 317.5 0.963549 0.000418207
  319 318.5 0.951998 0.000413194
  320 319.5 0.95551 0.000414718
  321 320.5 0.956002 0.000414931
  322 321.5 0.947274 0.000411143
  323 322.5 0.947079 0.000411059
  324 323.5 0.944271 0.00040984
  325 324.5 0.939294 0.00040768
  326 325.5 0.940891 0.000408373
  327 326.5 0.944532 0.000409953
  328 327.5 0.943384 0.000409455
  329 328.5 0.940119 0.000408038
  330 329.5 0.947723 0.000411338
  331 330.5 0.941178 0.000408497
  332 331.5 0.940217 0.00040808
  333 332.5 0.941527 0.000408649
  334 333.5 0.940839 0.00040835
  335 334.5 0.94175 0.000408746
  336 335.5 0.945482 0.000410365
  337 336.5 0.940038 0.000408003
  338 337.5 0.934806 0.000405732
  339 338.5 0.929101 0.000403256
  340 339.5 0.929591 0.000403468
  341 340.5 0.931693 0.000404381
  342 341.5 0.943729 0.000409605
  343 342.5 0.946495 0.000410805
  344 343.5 0.948131 0.000411515
  345 344.5 0.949133 0.00041195
  346 345.5 0.950642 0.000412605
  347 346.5 0.951809 0.000413112
  348 347.5 0.954637 0.000414339
  349 348.5 0.956676 0.000415224
  350 349.5 0.955332 0.000414641
  351 350.5 0.95546 0.000414696
  352 351.5 0.947186 0.000411105
  353 352.5 0.949306 0.000412025
  354 353.5 0.945476 0.000410363
  355 354.5 0.945985 0.000410584
  356 355.5 0.94267 0.000409145
  357 356.5 0.940009 0.00040799
  358 357.5 0.94539 0.000410326
  359 358.5 0.948974 0.000411881
  360 359.5 0.947058 0.000411049
  361 360.5 0.947479 0.000411232
  362 361.5 0.945341 0.000410304
  363 362.5 0.945054 0.00041018
  364 363.5 0.945431 0.000410343
  365 364.5 0.949831 0.000412253
  366 365.5 0.958441 0.00041599
  367 366.5 0.960541 0.000416901
  368 367.5 0.960541 0.000416901
  369 368.5 0.958931 0.000416203
  370 369.5 0.959462 0.000416433
  371 370.5 0.958056 0.000415823
  372 371.5 0.951188 0.000412842
  373 372.5 0.940459 0.000408185
  374 373.5 0.945587 0.000410411
  375 374.5 0.940039 0.000408003
  376 375.5 0.935471 0.00040602
  377 376.5 0.943284 0.000409411
  378 377.5 0.943601 0.000409549
  379 378.5 0.940765 0.000408318
  380 379.5 0.945551 0.000410395
  381 380.5 0.95164 0.000413038
  382 381.5 0.959704 0.000416538
  383 382.5 0.964207 0.000418493
  384 383.5 0.964788 0.000418745
  385 384.5 0.966366 0.00041943
  386 385.5 0.97399 0.000422739
  387 386.5 0.977502 0.000424263
  388 387.5 0.979072 0.000424944
  389 388.5 0.984155 0.000427151
  390 389.5 0.978576 0.000424729
  391 390.5 0.97303 0.000422322
  392 391.5 0.97734 0.000424193
  393 392.5 0.977265 0.00042416
  394 393.5 0.980614 0.000425614
  395 394.5 0.985855 0.000427888
  396 395.5 0.994926 0.000431826
  397 396.5 0.997746 0.000433049
  398 397.5 1.01064 0.000438645
  399 398.5 1.02057 0.000442956
  400 399.5 1.02936 0.000446769
  401 400.5 1.0498 0.000455642
  402 401.5 1.06425 0.000461914
  403 402.5 1.08372 0.000470365
  404 403.5 1.11695 0.000484786
  405 404.5 1.15752 0.000502396
  406 405.5 1.21634 0.000527926
  407 406.5 1.2905 0.000560113
  408 407.5 1.40414 0.000609437
  409 408.5 1.56283 0.000678312
  410 409.5 1.77871 0.000772011
  411 410.5 2.06773 0.000897454
  412 411.5 2.47664 0.00107493
  413 412.5 3.01397 0.00130815
  414 413.5 3.69258 0.00160268
  415 414.5 4.54306 0.00197181
  416 415.5 5.56188 0.00241401
  417 416.5 6.73556 0.00292342
  418 417.5 7.98064 0.00346382
  419 418.5 9.26744 0.00402233
  420 419.5 10.5202 0.00456608
  421 420.5 11.6186 0.00504279
  422 421.5 12.566 0.005454
  423 422.5 13.3097 0.00577679
  424 423.5 13.8215 0.0059989
  425 424.5 14.0833 0.00611256
  426 425.5 14.1612 0.00614636
  427 426.5 14.0953 0.00611776
  428 427.5 13.8977 0.00603199
  429 428.5 13.5936 0.00589999
  430 429.5 13.2136 0.00573507
  431 430.5 12.8063 0.00555828
  432 431.5 12.3758 0.00537144
  433 432.5 11.9264 0.00517638
  434 433.5 11.4576 0.00497291
  435 434.5 10.9963 0.00477269
  436 435.5 10.5572 0.0045821
  437 436.5 10.1373 0.00439986
  438 437.5 9.70793 0.00421351
  439 438.5 9.31906 0.00404473
  440 439.5 8.9399 0.00388016
  441 440.5 8.58247 0.00372503
  442 441.5 8.24695 0.0035794
  443 442.5 7.92378 0.00343914
  444 443.5 7.64366 0.00331756
  445 444.5 7.36024 0.00319455
  446 445.5 7.09631 0.00307999
  447 446.5 6.85938 0.00297716
  448 447.5 6.6495 0.00288607
  449 448.5 6.44192 0.00279597
  450 449.5 6.24549 0.00271071
  451 450.5 6.083 0.00264019
  452 451.5 5.92725 0.00257259
  453 452.5 5.78385 0.00251035
  454 453.5 5.66193 0.00245743
  455 454.5 5.56761 0.0024165
  456 455.5 5.46889 0.00237365
  457 456.5 5.37407 0.00233249
  458 457.5 5.28302 0.00229298
  459 458.5 5.21191 0.00226211
  460 459.5 5.15295 0.00223652
  461 460.5 5.09686 0.00221218
  462 461.5 5.05407 0.00219361
  463 462.5 5.01613 0.00217714
  464 463.5 4.98035 0.00216161
  465 464.5 4.94729 0.00214726
  466 465.5 4.92492 0.00213755
  467 466.5 4.90484 0.00212884
  468 467.5 4.8708 0.00211406
  469 468.5 4.85866 0.00210879
  470 469.5 4.83677 0.00209929
  471 470.5 4.81593 0.00209025
  472 471.5 4.81341 0.00208915
  473 472.5 4.8023 0.00208433
  474 473.5 4.81114 0.00208817
  475 474.5 4.79371 0.0020806
  476 475.5 4.7859 0.00207721
  477 476.5 4.78547 0.00207703
  478 477.5 4.7796 0.00207448
  479 478.5 4.77409 0.00207209
  480 479.5 4.77755 0.00207359
  481 480.5 4.77466 0.00207233
  482 481.5 4.75499 0.0020638
  483 482.5 4.75527 0.00206392
  484 483.5 4.74281 0.00205851
  485 484.5 4.73837 0.00205659
  486 485.5 4.734 0.00205469
  487 486.5 4.73795 0.0020564
  488 487.5 4.74336 0.00205875
  489 488.5 4.74345 0.00205879
  490 489.5 4.74495 0.00205944
  491 490.5 4.74992 0.0020616
  492 491.5 4.75287 0.00206288
  493 492.5 4.75052 0.00206186
  494 493.5 4.75546 0.002064
  495 494.5 4.75806 0.00206513
  496 495.5 4.76155 0.00206665
  497 496.5 4.76254 0.00206708
  498 497.5 4.76613 0.00206863
  499 498.5 4.7718 0.00207109
  500 499.5 4.7808 0.002075
  501 500.5 4.7835 0.00207617
  502 501.5 4.78426 0.0020765
  503 502.5 4.79261 0.00208013
  504 503.5 4.80475 0.00208539
  505 504.5 4.8107 0.00208798
  506 505.5 4.82 0.00209201
  507 506.5 4.808 0.00208681
  508 507.5 4.81449 0.00208962
  509 508.5 4.81697 0.0020907
  510 509.5 4.81244 0.00208873
  511 510.5 4.81876 0.00209148
  512 511.5 4.81655 0.00209052
  513 512.5 4.8068 0.00208629
  514 513.5 4.81327 0.00208909
  515 514.5 4.82205 0.00209291
  516 515.5 4.80845 0.002087
  517 516.5 4.81026 0.00208779
  518 517.5 4.8207 0.00209232
  519 518.5 4.82663 0.00209489
  520 519.5 4.83148 0.002097
  521 520.5 4.82923 0.00209602
  522 521.5 4.83084 0.00209672
  523 522.5 4.81614 0.00209034
  524 523.5 4.82133 0.00209259
  525 524.5 4.82429 0.00209387
  526 525.5 4.84044 0.00210088
  527 526.5 4.82802 0.00209549
  528 527.5 4.82931 0.00209606
  529 528.5 4.8407 0.002101
  530 529.5 4.84772 0.00210405
  531 530.5 4.84427 0.00210255
  532 531.5 4.84845 0.00210436
  533 532.5 4.84363 0.00210227
  534 533.5 4.8552 0.00210729
  535 534.5 4.85543 0.00210739
  536 535.5 4.85837 0.00210867
  537 536.5 4.86089 0.00210976
  538 537.5 4.87107 0.00211418
  539 538.5 4.87788 0.00211713
  540 539.5 4.8837 0.00211966
  541 540.5 4.89145 0.00212303
  542 541.5 4.89343 0.00212388
  543 542.5 4.89492 0.00212453
  544 543.5 4.90412 0.00212852
  545 544.5 4.91499 0.00213324
  546 545.5 4.91398 0.0021328
  547 546.5 4.91346 0.00213258
  548 547.5 4.91048 0.00213129
  549 548.5 4.89744 0.00212563
  550 549.5 4.90444 0.00212866
  551 550.5 4.90029 0.00212686
  552 551.5 4.89404 0.00212415
  553 552.5 4.90477 0.00212881
  554 553.5 4.90223 0.0021277
  555 554.5 4.90236 0.00212776
  556 555.5 4.90008 0.00212677
  557 556.5 4.89019 0.00212248
  558 557.5 4.88372 0.00211967
  559 558.5 4.87881 0.00211754
  560 559.5 4.87807 0.00211722
  561 560.5 4.87321 0.00211511
  562 561.5 4.86489 0.0021115
  563 562.5 4.86471 0.00211142
  564 563.5 4.86107 0.00210984
  565 564.5 4.86165 0.00211009
  566 565.5 4.85553 0.00210743
  567 566.5 4.8376 0.00209965
  568 567.5 4.84535 0.00210302
  569 568.5 4.84824 0.00210427
  570 569.5 4.84422 0.00210253
  571 570.5 4.84028 0.00210081
  572 571.5 4.83175 0.00209712
  573 572.5 4.84009 0.00210073
  574 573.5 4.83388 0.00209804
  575 574.5 4.83624 0.00209906
  576 575.5 4.84186 0.0021015
  577 576.5 4.8306 0.00209662
  578 577.5 4.83186 0.00209716
  579 578.5 4.82956 0.00209616
  580 579.5 4.8217 0.00209275
  581 580.5 4.8333 0.00209779
  582 581.5 4.83204 0.00209724
  583 582.5 4.8316 0.00209705
  584 583.5 4.83253 0.00209745
  585 584.5 4.83459 0.00209835
  586 585.5 4.8355 0.00209874
  587 586.5 4.8487 0.00210447
  588 587.5 4.84287 0.00210194
  589 588.5 4.85724 0.00210818
  590 589.5 4.87457 0.0021157
  591 590.5 4.88671 0.00212097
  592 591.5 4.91744 0.0021343
  593 592.5 4.94022 0.00214419
  594 593.5 4.96329 0.0021542
  595 594.5 4.9923 0.0021668
  596 595.5 5.03313 0.00218452
  597 596.5 5.08347 0.00220637
  598 597.5 5.11818 0.00222143
  599 598.5 5.17008 0.00224396
  600 599.5 5.22994 0.00226994
  601 600.5 5.32021 0.00230912
  602 601.5 5.38361 0.00233663
  603 602.5 5.48477 0.00238054
  604 603.5 5.58769 0.00242521
  605 604.5 5.71829 0.0024819
  606 605.5 5.86441 0.00254532
  607 606.5 6.02196 0.0026137
  608 607.5 6.19195 0.00268748
  609 608.5 6.39039 0.0027736
  610 609.5 6.62517 0.00287551
  611 610.5 6.87328 0.00298319
  612 611.5 7.12992 0.00309458
  613 612.5 7.43898 0.00322872
  614 613.5 7.7503 0.00336385
  615 614.5 8.08505 0.00350913
  616 615.5 8.45402 0.00366928
  617 616.5 8.84862 0.00384054
  618 617.5 9.26431 0.00402097
  619 618.5 9.70665 0.00421295
  620 619.5 10.1658 0.00441223
  621 620.5 10.6209 0.00460978
  622 621.5 11.1085 0.00482139
  623 622.5 11.5956 0.00503283
  624 623.5 12.0786 0.00524247
60000000 624 5962.999999999997
  1 0.5 9.17686 0.00398301
  2 1.5 9.5991 0.00416627
  3 2.5 10.0458 0.00436014
  4 3.5 10.5063 0.00456004
  5 4.5 10.9997 0.00477419
  6 5.5 11.5001 0.00499136
  7 6.5 12.014 0.0052144
  8 7.5 12.5436 0.00544428
  9 8.5 13.0725 0.00567381
  10 9.5 13.6131 0.00590848
  11 10.5 14.1437 0.00613874
  12 11.5 14.6842 0.00637336
  13 12.5 15.2042 0.00659904
  14 13.5 15.698 0.00681335
  15 14.5 16.2137 0.0070372
  16 15.5 16.6955 0.0072463
  17 16.5 17.1418 0.00744003
  18 17.5 17.5684 0.00762517
  19 18.5 17.9776 0.00780279
  20 19.5 18.3742 0.0079749
  21 20.5 18.7288 0.0081288
  22 21.5 19.0816 0.00828195
  23 22.5 19.3831 0.00841279
  24 23.5 19.6772 0.00854044
  25 24.5 19.9379 0.00865361
  26 25.5 20.1633 0.00875142
  27 26.5 20.3858 0.00884801
  28 27.5 20.5613 0.00892419
  29 28.5 20.7266 0.00899593
  30 29.5 20.8928 0.00906804
  31 30.5 21.01 0.00911892
  32 31.5 21.1294 0.00917074
  33 32.5 21.2394 0.00921848
  34 33.5 21.322 0.00925436
  35 34.5 21.3976 0.00928714
  36 35.5 21.4747 0.00932064
  37 36.5 21.5462 0.00935163
  38 37.5 21.6077 0.00937835
  39 38.5 21.6281 0.00938719
  40 39.5 21.6823 0.00941072
  41 40.5 21.7115 0.0094234
  42 41.5 21.7445 0.00943771
  43 42.5 21.7779 0.00945222
  44 43.5 21.7761 0.00945143
  45 44.5 21.8004 0.00946198
  46 45.5 21.8442 0.00948101
  47 46.5 21.8247 0.00947254
  48 47.5 21.8317 0.00947555
  49 48.5 21.8562 0.00948622
  50 49.5 21.8639 0.00948953
  51 50.5 21.8365 0.00947764
  52 51.5 21.8387 0.00947861
  53 52.5 21.8663 0.00949057
  54 53.5 21.8428 0.00948039
  55 54.5 21.8515 0.00948415
  56 55.5 21.8486 0.00948291
  57 56.5 21.8482 0.00948273
  58 57.5 21.8539 0.00948518
  59 58.5 21.8554 0.00948586
  60 59.5 21.8399 0.00947912
  61 60.5 21.8485 0.00948287
  62 61.5 21.8531 0.00948486
  63 62.5 21.8404 0.00947935
  64 63.5 21.8453 0.00948145
  65 64.5 21.8521 0.00948443
  66 65.5 21.8639 0.00948953
  67 66.5 21.8698 0.00949209
  68 67.5 21.8773 0.00949534
  69 68.5 21.9044 0.00950711
  70 69.5 21.9011 0.0095057
  71 70.5 21.9115 0.00951019
  72 71.5 21.953 0.00952823
  73 72.5 21.9275 0.00951716
  74 73.5 21.9353 0.00952053
  75 74.5 21.9622 0.0095322
  76 75.5 21.9843 0.0095418
  77 76.5 21.9817 0.00954069
  78 77.5 21.9833 0.00954137
  79 78.5 21.99 0.00954427
  80 79.5 21.9974 0.00954746
  81 80.5 21.9859 0.00954249
  82 81.5 22.0097 0.00955284
  83 82.5 21.999 0.00954818
  84 83.5 21.9975 0.00954752
  85 84.5 22.014 0.0095547
  86 85.5 22.035 0.00956382
  87 86.5 22.0106 0.0095532
  88 87.5 22.0256 0.00955972
  89 88.5 22.0373 0.00956482
  90 89.5 22.0234 0.00955877
  91 90.5 22.027 0.00956035
  92 91.5 22.0229 0.00955854
  93 92.5 22.0551 0.00957252
  94 93.5 22.0381 0.00956516
  95 94.5 22.0231 0.00955864
  96 95.5 22.0006 0.00954888
  97 96.5 22.0362 0.0095643
  98 97.5 22.0331 0.00956297
  99 98.5 22.0141 0.00955472
  100 99.5 22.0231 0.00955864
  101 100.5 22.0298 0.00956154
  102 101.5 22.0126 0.00955406
  103 102.5 22.0351 0.00956383
  104 103.5 22.0104 0.00955313
  105 104.5 22.0176 0.00955627
  106 105.5 22.0102 0.00955305
  107 106.5 22.0026 0.00954974
  108 107.5 21.9957 0.00954673
  109 108.5 21.9809 0.00954034
  110 109.5 22.0013 0.00954915
  111 110.5 21.985 0.00954209
  112 111.5 21.9586 0.00953063
  113 112.5 21.969 0.00953515
  114 113.5 21.9713 0.00953617
  115 114.5 21.9416 0.00952328
  116 115.5 21.9725 0.00953666
  117 116.5 21.9371 0.00952131
  118 117.5 21.9565 0.00952974
  119 118.5 21.9571 0.00953001
  120 119.5 21.9677 0.00953458
  121 120.5 21.9841 0.0095417
  122 121.5 21.9789 0.00953944
  123 122.5 21.971 0.00953601
  124 123.5 21.9748 0.00953768
  125 124.5 21.9882 0.0095435
  126 125.5 21.9898 0.00954417
  127 126.5 21.9774 0.00953881
  128 127.5 21.949 0.00952649
  129 128.5 21.9555 0.00952928
  130 129.5 21.9743 0.00953747
  131 130.5 21.9588 0.00953073
  132 131.5 21.9604 0.00953144
  133 132.5 21.9458 0.00952508
  134 133.5 21.9279 0.0095173
  135 134.5 21.9216 0.00951459
  136 135.5 21.9302 0.0095183
  137 136.5 21.9324 0.00951926
  138 137.5 21.8924 0.00950191
  139 138.5 21.9205 0.00951412
  140 139.5 21.9245 0.00951584
  141 140.5 21.9217 0.00951461
  142 141.5 21.9008 0.00950554
  143 142.5 21.92 0.0095139
  144 143.5 21.9276 0.00951718
  145 144.5 21.9382 0.0095218
  146 145.5 21.9348 0.00952032
  147 146.5 21.9054 0.00950757
  148 147.5 21.9215 0.00951455
  149 148.5 21.9359 0.00952077
  150 149.5 21.9057 0.00950766
  151 150.5 21.8986 0.00950459
  152 151.5 21.9279 0.0095173
  153 152.5 21.9264 0.00951667
  154 153.5 21.9064 0.00950798
  155 154.5 21.9179 0.00951299
  156 155.5 21.9553 0.00952921
  157 156.5 21.9452 0.00952483
  158 157.5 21.9418 0.00952336
  159 158.5 21.9425 0.00952366
  160 159.5 21.9773 0.00953878
  161 160.5 21.9665 0.00953405
  162 161.5 21.9542 0.00952872
  163 162.5 21.9569 0.00952993
  164 163.5 21.9741 0.00953737
  165 164.5 21.9699 0.00953554
  166 165.5 21.988 0.00954338
  167 166.5 21.9758 0.00953811
  168 167.5 21.9866 0.0095428
  169 168.5 21.9762 0.0095383
  170 169.5 21.9926 0.00954538
  171 170.5 21.9942 0.00954608
  172 171.5 21.9837 0.00954156
  173 172.5 21.9999 0.00954856
  174 173.5 21.9828 0.00954114
  175 174.5 21.9912 0.00954477
  176 175.5 21.9751 0.00953781
  177 176.5 21.9844 0.00954184
  178 177.5 21.9806 0.00954019
  179 178.5 21.9734 0.00953708
  180 179.5 21.963 0.00953255
  181 180.5 21.951 0.00952734
  182 181.5 21.9478 0.00952595
  183 182.5 21.9212 0.00951442
  184 183.5 21.93 0.00951821
  185 184.5 21.8935 0.00950239
  186 185.5 21.8773 0.00949536
  187 186.5 21.8674 0.00949105
  188 187.5 21.8525 0.00948459
  189 188.5 21.813 0.00946746
  190 189.5 21.7805 0.00945334
  191 190.5 21.7595 0.00944424
  192 191.5 21.727 0.00943012
  193 192.5 21.6609 0.00940145
  194 193.5 21.5976 0.00937396
  195 194.5 21.554 0.00935503
  196 195.5 21.4931 0.00932861
  197 196.5 21.3949 0.00928596
  198 197.5 21.287 0.00923915
  199 198.5 21.2147 0.00920776
  200 199.5 21.049 0.00913584
  201 200.5 20.8777 0.00906151
  202 201.5 20.6603 0.00896714
  203 202.5 20.3873 0.00884867
  204 203.5 20.0093 0.00868458
  205 204.5 19.5487 0.00848469
  206 205.5 18.9509 0.00822522
  207 206.5 18.2104 0.00790384
  208 207.5 17.3167 0.00751591
  209 208.5 16.2273 0.00704309
  210 209.5 14.9564 0.0064915
  211 210.5 13.5329 0.00587363
  212 211.5 12.0089 0.00521217
  213 212.5 10.4095 0.004518
  214 213.5 8.85626 0.00384386
  215 214.5 7.37978 0.00320303
  216 215.5 6.0405 0.00262174
  217 216.5 4.89002 0.0021224
  218 217.5 3.94258 0.00171119
  219 218.5 3.1808 0.00138055
  220 219.5 2.59557 0.00112655
  221 220.5 2.14736 0.000932013
  222 221.5 1.82774 0.000793288
  223 222.5 1.59196 0.000690953
  224 223.5 1.41488 0.000614099
  225 224.5 1.29519 0.000562149
  226 225.5 1.21435 0.000527062
  227 226.5 1.15825 0.000502713
  228 227.5 1.11268 0.000482932
  229 228.5 1.0857 0.000471224
  230 229.5 1.06936 0.00046413
  231 230.5 1.05141 0.00045634
  232 231.5 1.0404 0.000451564
  233 232.5 1.03428 0.000448907
  234 233.5 1.03562 0.000449487
  235 234.5 1.03821 0.000450611
  236 235.5 1.03504 0.000449236
  237 236.5 1.0264 0.000445488
  238 237.5 1.02165 0.000443423
  239 238.5 1.01972 0.000442588
  240 239.5 1.0149 0.000440493
  241 240.5 1.01084 0.000438733
  242 241.5 1.01287 0.000439613
  243 242.5 1.00929 0.000438061
  244 243.5 1.00537 0.00043636
  245 244.5 1.00341 0.000435508
  246 245.5 0.999587 0.000433849
  247 246.5 0.999125 0.000433648
  248 247.5 0.994391 0.000431593
  249 248.5 0.993337 0.000431136
  250 249.5 0.999615 0.000433861
  251 250.5 1.00188 0.000434843
  252 251.5 1.00334 0.000435477
  253 252.5 1.00277 0.00043523
  254 253.5 1.00122 0.000434556
  255 254.5 1.00094 0.000434435
  256 255.5 0.992973 0.000430978
  257 256.5 0.984897 0.000427473
  258 257.5 0.983211 0.000426741
  259 258.5 0.982964 0.000426634
  260 259.5 0.982768 0.000426549
  261 260.5 0.981615 0.000426048
  262 261.5 0.986089 0.00042799
  263 262.5 0.995975 0.000432281
  264 263.5 0.995938 0.000432265
  265 264.5 1.00058 0.000434278
  266 265.5 0.995915 0.000432255
  267 266.5 0.99602 0.0004323
  268 267.5 0.996294 0.000432419
  269 268.5 0.999166 0.000433666
  270 269.5 1.00255 0.000435134
  271 270.5 1.00078 0.000434368
  272 271.5 0.99964 0.000433872
  273 272.5 0.998585 0.000433414
  274 273.5 0.996898 0.000432681
  275 274.5 0.990943 0.000430097
  276 275.5 0.991497 0.000430337
  277 276.5 0.990139 0.000429748
  278 277.5 0.994558 0.000431666
  279 278.5 0.99766 0.000433012
  280 279.5 0.999841 0.000433959
  281 280.5 0.994158 0.000431492
  282 281.5 0.998111 0.000433208
  283 282.5 1.00614 0.000436694
  284 283.5 1.01039 0.000438539
  285 284.5 1.00805 0.000437523
  286 285.5 1.01109 0.000438841
  287 286.5 1.00966 0.00043822
  288 287.5 0.997828 0.000433085
  289 288.5 0.997623 0.000432996
  290 289.5 0.994124 0.000431477
  291 290.5 0.994854 0.000431794
  292 291.5 0.997056 0.00043275
  293 292.5 0.992447 0.00043075
  294 293.5 0.996868 0.000432668
  295 294.5 0.993506 0.000431209
  296 295.5 0.987256 0.000428497
  297 296.5 0.988755 0.000429147
  298 297.5 0.996305 0.000432424
  299 298.5 0.999082 0.000433629
  300 299.5 0.99893 0.000433563
  301 300.5 1.0034 0.000435505
  302 301.5 1.00288 0.000435276
  303 302.5 1.00428 0.000435883
  304 303.5 1.00427 0.00043588
  305 304.5 1.00872 0.000437812
  306 305.5 1.0075 0.000437282
  307 306.5 1.00404 0.000435783
  308 307.5 0.998877 0.00043354
  309 308.5 1.00337 0.000435491
  310 309.5 1.00633 0.000436774
  311 310.5 1.00269 0.000435194
  312 311.5 1.0008 0.000434374
  313 312.5 0.997168 0.000432799
  314 313.5 0.997454 0.000432923
  315 314.5 0.995403 0.000432033
  316 315.5 1.00291 0.000435292
  317 316.5 1.00642 0.000436816
  318 317.5 1.01368 0.000439966
  319 318.5 1.01257 0.000439484
  320 319.5 1.01191 0.000439198
  321 320.5 1.00775 0.000437392
  322 321.5 1.01239 0.000439407
  323 322.5 1.01257 0.000439484
  324 323.5 1.005 0.0004362
  325 324.5 1.00432 0.000435903
  326 325.5 1.00006 0.000434054
  327 326.5 0.996959 0.000432708
  328 327.5 0.99242 0.000430738
  329 328.5 0.995499 0.000432074
  330 329.5 1.0031 0.000435371
  331 330.5 1.0032 0.000435416
  332 331.5 1.00518 0.000436278
  333 332.5 1.00227 0.000435015
  334 333.5 1.00421 0.000435854
  335 334.5 1.00776 0.000437394
  336 335.5 1.00946 0.000438134
  337 336.5 1.00987 0.000438309
  338 337.5 1.01149 0.000439014
  339 338.5 1.01217 0.000439309
  340 339.5 1.00583 0.000436559
  341 340.5 1.0065 0.000436848
  342 341.5 1.00648 0.000436842
  343 342.5 1.01113 0.000438858
  344 343.5 1.00876 0.000437831
  345 344.5 1.0115 0.00043902
  346 345.5 1.01564 0.000440816
  347 346.5 1.01706 0.000441433
  348 347.5 1.01113 0.000438858
  349 348.5 1.00966 0.000438221
  350 349.5 1.00592 0.000436599
  351 350.5 1.00245 0.000435089
  352 351.5 1.00695 0.000437043
  353 352.5 1.01344 0.000439861
  354 353.5 1.01058 0.000438618
  355 354.5 1.00391 0.000435723
  356 355.5 0.998768 0.000433493
  357 356.5 0.992506 0.000430775
  358 357.5 0.993041 0.000431007
  359 358.5 0.995008 0.000431861
  360 359.5 0.988544 0.000429056
  361 360.5 0.989253 0.000429363
  362 361.5 0.987557 0.000428627
  363 362.5 0.992563 0.0004308
  364 363.5 0.991344 0.000430271
  365 364.5 0.988227 0.000428918
  366 365.5 0.993181 0.000431068
  367 366.5 0.992093 0.000430596
  368 367.5 0.998012 0.000433165
  369 368.5 0.999089 0.000433632
  370 369.5 0.996697 0.000432594
  371 370.5 0.99828 0.000433281
  372 371.5 1.00723 0.000437166
  373 372.5 1.00693 0.000437036
  374 373.5 1.00979 0.000438279
  375 374.5 1.00962 0.000438202
  376 375.5 1.01307 0.000439699
  377 376.5 1.02277 0.000443911
  378 377.5 1.0204 0.00044288
  379 378.5 1.01795 0.00044182
  380 379.5 1.01427 0.000440221
  381 380.5 1.02034 0.000442858
  382 381.5 1.02096 0.000443125
  383 382.5 1.02252 0.000443803
  384 383.5 1.02491 0.00044484
  385 384.5 1.02518 0.000444955
  386 385.5 1.02384 0.000444376
  387 386.5 1.0278 0.000446093
  388 387.5 1.02473 0.00044476
  389 388.5 1.02669 0.000445612
  390 389.5 1.03464 0.000449061
  391 390.5 1.04423 0.000453226
  392 391.5 1.04493 0.000453527
  393 392.5 1.04611 0.00045404
  394 393.5 1.05445 0.000457662
  395 394.5 1.05697 0.000458753
  396 395.5 1.0641 0.000461847
  397 396.5 1.06597 0.000462659
  398 397.5 1.07086 0.000464783
  399 398.5 1.07339 0.000465883
  400 399.5 1.07489 0.000466531
  401 400.5 1.07648 0.000467224
  402 401.5 1.08227 0.000469735
  403 402.5 1.09007 0.000473119
  404 403.5 1.09781 0.000476481
  405 404.5 1.10967 0.000481628
  406 405.5 1.13362 0.000492022
  407 406.5 1.16735 0.000506661
  408 407.5 1.21631 0.000527912
  409 408.5 1.27877 0.00055502
  410 409.5 1.38331 0.000600394
  411 410.5 1.52277 0.000660924
  412 411.5 1.71337 0.00074365
  413 412.5 1.98182 0.000860167
  414 413.5 2.3486 0.00101936
  415 414.5 2.82448 0.0012259
  416 415.5 3.45631 0.00150013
  417 416.5 4.25534 0.00184694
  418 417.5 5.24779 0.00227769
  419 418.5 6.37442 0.00276668
  420 419.5 7.66173 0.0033254
  421 420.5 9.04086 0.00392398
  422 421.5 10.4206 0.00452283
  423 422.5 11.7442 0.00509731
  424 423.5 12.9501 0.00562071
  425 424.5 14.0048 0.00607846
  426 425.5 14.8299 0.0064366
  427 426.5 15.4289 0.00669657
  428 427.5 15.8576 0.00688264
  429 428.5 16.0845 0.00698113
  430 429.5 16.1397 0.00700509
  431 430.5 16.0724 0.00697587
  432 431.5 15.8723 0.00688902
  433 432.5 15.6074 0.00677405
  434 433.5 15.2726 0.00662875
  435 434.5 14.8935 0.00646421
  436 435.5 14.4497 0.00627157
  437 436.5 14.0041 0.00607815
  438 437.5 13.5334 0.00587386
  439 438.5 13.0276 0.00565432
  440 439.5 12.5194 0.00543376
  441 440.5 12.026 0.00521963
  442 441.5 11.5391 0.0050083
  443 442.5 11.0524 0.00479706
  444 443.5 10.5853 0.00459432
  445 444.5 10.1013 0.00438426
  446 445.5 9.65948 0.00419248
  447 446.5 9.21007 0.00399742
  448 447.5 8.80164 0.00382016
  449 448.5 8.42391 0.00365621
  450 449.5 8.05297 0.00349521
  451 450.5 7.69916 0.00334165
  452 451.5 7.38645 0.00320592
  453 452.5 7.09286 0.0030785
  454 453.5 6.83061 0.00296467
  455 454.5 6.59522 0.00286251
  456 455.5 6.38552 0.00277149
  457 456.5 6.20005 0.00269099
  458 457.5 6.02762 0.00261615
  459 458.5 5.88006 0.00255211
  460 459.5 5.75054 0.00249589
  461 460.5 5.63076 0.00244391
  462 461.5 5.52491 0.00239796
  463 462.5 5.43508 0.00235898
  464 463.5 5.35485 0.00232415
  465 464.5 5.2889 0.00229553
  466 465.5 5.2174 0.0022645
  467 466.5 5.16953 0.00224372
  468 467.5 5.12388 0.00222391
  469 468.5 5.07629 0.00220325
  470 469.5 5.04909 0.00219144
  471 470.5 4.99931 0.00216984
  472 471.5 4.97263 0.00215826
  473 472.5 4.9554 0.00215078
  474 473.5 4.94602 0.00214671
  475 474.5 4.93765 0.00214308
  476 475.5 4.919 0.00213498
  477 476.5 4.89335 0.00212385
  478 477.5 4.88525 0.00212033
  479 478.5 4.87804 0.00211721
  480 479.5 4.86408 0.00211115
  481 480.5 4.87691 0.00211671
  482 481.5 4.86761 0.00211268
  483 482.5 4.86203 0.00211026
  484 483.5 4.85067 0.00210533
  485 484.5 4.8405 0.00210091
  486 485.5 4.83262 0.00209749
  487 486.5 4.82919 0.002096
  488 487.5 4.81089 0.00208806
  489 488.5 4.8086 0.00208706
  490 489.5 4.79599 0.00208159
  491 490.5 4.80114 0.00208383
  492 491.5 4.79345 0.00208049
  493 492.5 4.80278 0.00208454
  494 493.5 4.79256 0.0020801
  495 494.5 4.77801 0.00207379
  496 495.5 4.78523 0.00207692
  497 496.5 4.78745 0.00207789
  498 497.5 4.79138 0.00207959
  499 498.5 4.7885 0.00207834
  500 499.5 4.78192 0.00207549
  501 500.5 4.786 0.00207726
  502 501.5 4.78526 0.00207694
  503 502.5 4.78553 0.00207705
  504 503.5 4.79789 0.00208242
  505 504.5 4.79338 0.00208046
  506 505.5 4.79699 0.00208203
  507 506.5 4.796 0.0020816
  508 507.5 4.79282 0.00208022
  509 508.5 4.8157 0.00209015
  510 509.5 4.81305 0.002089
  511 510.5 4.80092 0.00208373
  512 511.5 4.79379 0.00208064
  513 512.5 4.80315 0.0020847
  514 513.5 4.79554 0.0020814
  515 514.5 4.78541 0.002077
  516 515.5 4.78953 0.00207879
  517 516.5 4.79959 0.00208315
  518 517.5 4.80966 0.00208752
  519 518.5 4.80107 0.0020838
  520 519.5 4.78819 0.00207821
  521 520.5 4.79185 0.00207979
  522 521.5 4.79195 0.00207984
  523 522.5 4.79996 0.00208332
  524 523.5 4.79956 0.00208314
  525 524.5 4.79211 0.00207991
  526 525.5 4.78942 0.00207874
  527 526.5 4.78906 0.00207858
  528 527.5 4.79526 0.00208128
  529 528.5 4.79611 0.00208164
  530 529.5 4.79557 0.00208141
  531 530.5 4.80387 0.00208501
  532 531.5 4.80312 0.00208469
  533 532.5 4.80354 0.00208487
  534 533.5 4.80732 0.00208651
  535 534.5 4.80924 0.00208734
  536 535.5 4.79191 0.00207982
  537 536.5 4.7926 0.00208012
  538 537.5 4.80326 0.00208475
  539 538.5 4.79493 0.00208113
  540 539.5 4.79984 0.00208326
  541 540.5 4.79305 0.00208032
  542 541.5 4.79038 0.00207916
  543 542.5 4.78246 0.00207572
  544 543.5 4.77879 0.00207413
  545 544.5 4.7855 0.00207704
  546 545.5 4.77041 0.00207049
  547 546.5 4.76861 0.00206971
  548 547.5 4.7646 0.00206797
  549 548.5 4.76272 0.00206715
  550 549.5 4.75388 0.00206332
  551 550.5 4.74558 0.00205971
  552 551.5 4.73824 0.00205653
  553 552.5 4.73209 0.00205386
  554 553.5 4.73049 0.00205316
  555 554.5 4.72983 0.00205288
  556 555.5 4.72567 0.00205107
  557 556.5 4.73053 0.00205318
  558 557.5 4.7345 0.00205491
  559 558.5 4.72438 0.00205051
  560 559.5 4.72636 0.00205137
  561 560.5 4.7336 0.00205452
  562 561.5 4.73523 0.00205522
  563 562.5 4.72484 0.00205071
  564 563.5 4.73573 0.00205544
  565 564.5 4.73727 0.00205611
  566 565.5 4.74166 0.00205801
  567 566.5 4.7306 0.00205321
  568 567.5 4.73798 0.00205641
  569 568.5 4.75275 0.00206283
  570 569.5 4.75851 0.00206533
  571 570.5 4.76949 0.00207009
  572 571.5 4.77542 0.00207266
  573 572.5 4.76657 0.00206883
  574 573.5 4.77803 0.0020738
  575 574.5 4.77844 0.00207398
  576 575.5 4.77335 0.00207176
  577 576.5 4.78187 0.00207546
  578 577.5 4.78067 0.00207494
  579 578.5 4.77526 0.00207259
  580 579.5 4.77554 0.00207272
  581 580.5 4.7868 0.0020776
  582 581.5 4.78354 0.00207619
  583 582.5 4.78708 0.00207772
  584 583.5 4.7757 0.00207279
  585 584.5 4.77967 0.00207451
  586 585.5 4.77732 0.00207349
  587 586.5 4.78226 0.00207564
  588 587.5 4.77861 0.00207405
  589 588.5 4.78407 0.00207642
  590 589.5 4.78596 0.00207724
  591 590.5 4.79384 0.00208066
  592 591.5 4.79029 0.00207912
  593 592.5 4.80936 0.0020874
  594 593.5 4.83657 0.00209921
  595 594.5 4.83719 0.00209947
  596 595.5 4.85953 0.00210917
  597 596.5 4.87649 0.00211653
  598 597.5 4.90258 0.00212786
  599 598.5 4.91007 0.00213111
  600 599.5 4.94027 0.00214422
  601 600.5 4.96463 0.00215479
  602 601.5 4.99856 0.00216952
  603 602.5 5.03519 0.00218541
  604 603.5 5.07719 0.00220364
  605 604.5 5.12794 0.00222567
  606 605.5 5.19242 0.00225366
  607 606.5 5.26204 0.00228387
  608 607.5 5.3316 0.00231406
  609 608.5 5.42114 0.00235292
  610 609.5 5.52401 0.00239757
  611 610.5 5.63064 0.00244385
  612 611.5 5.75573 0.00249815
  613 612.5 5.89447 0.00255836
  614 613.5 6.04587 0.00262408
  615 614.5 6.21181 0.0026961
  616 615.5 6.40393 0.00277949
  617 616.5 6.63344 0.0028791
  618 617.5 6.86752 0.00298069
  619 618.5 7.11894 0.00308982
  620 619.5 7.39177 0.00320823
  621 620.5 7.69931 0.00334171
  622 621.5 8.03331 0.00348668
  623 622.5 8.39105 0.00364195
  624 623.5 8.77262 0.00380756
80000000 624 5962.9999999999945
  1 0.5 8.41354 0.00365171
  2 1.5 8.84131 0.00383737
  3 2.5 9.30227 0.00403744
  4 3.5 9.77834 0.00424407
  5 4.5 10.2909 0.00446656
  6 5.5 10.811 0.00469228
  7 6.5 11.3612 0.00493107
  8 7.5 11.9178 0.00517267
  9 8.5 12.4981 0.00542453
  10 9.5 13.0599 0.00566837
  11 10.5 13.6612 0.00592935
  12 11.5 14.2462 0.00618326
  13 12.5 14.8168 0.00643089
  14 13.5 15.3722 0.00667196
  15 14.5 15.916 0.00690799
  16 15.5 16.4428 0.00713662
  17 16.5 16.9612 0.00736162
  18 17.5 17.4344 0.00756702
  19 18.5 17.8687 0.00775553
  20 19.5 18.2762 0.00793238
  21 20.5 18.6674 0.00810217
  22 21.5 19.0258 0.00825774
  23 22.5 19.3204 0.00838561
  24 23.5 19.6338 0.00852162
  25 24.5 19.9192 0.0086455
  26 25.5 20.1431 0.00874268
  27 26.5 20.3808 0.00884584
  28 27.5 20.583 0.00893359
  29 28.5 20.7647 0.00901245
  30 29.5 20.9192 0.00907953
  31 30.5 21.0733 0.00914641
  32 31.5 21.1848 0.00919478
  33 32.5 21.2898 0.00924036
  34 33.5 21.4045 0.00929017
  35 34.5 21.4828 0.00932412
  36 35.5 21.5406 0.00934922
  37 36.5 21.6114 0.00937993
  38 37.5 21.6658 0.00940356
  39 38.5 21.7124 0.00942378
  40 39.5 21.7497 0.00943997
  41 40.5 21.7661 0.0094471
  42 41.5 21.8123 0.00946716
  43 42.5 21.8324 0.00947588
  44 43.5 21.8519 0.00948431
  45 44.5 21.8708 0.00949255
  46 45.5 21.8712 0.00949271
  47 46.5 21.8885 0.00950023
  48 47.5 21.9072 0.00950834
  49 48.5 21.9141 0.00951135
  50 49.5 21.9319 0.00951905
  51 50.5 21.9525 0.00952799
  52 51.5 21.9386 0.00952194
  53 52.5 21.9644 0.00953314
  54 53.5 21.9445 0.00952451
  55 54.5 21.9551 0.00952911
  56 55.5 21.963 0.00953257
  57 56.5 21.9586 0.00953065
  58 57.5 21.963 0.00953253
  59 58.5 21.9559 0.00952949
  60 59.5 21.9617 0.00953197
  61 60.5 21.9678 0.00953461
  62 61.5 21.9787 0.00953936
  63 62.5 21.9654 0.0095336
  64 63.5 21.9929 0.00954554
  65 64.5 21.9846 0.00954192
  66 65.5 21.9773 0.00953876
  67 66.5 21.9765 0.00953843
  68 67.5 21.9866 0.00954281
  69 68.5 21.9787 0.00953938
  70 69.5 21.9863 0.00954269
  71 70.5 21.9852 0.00954217
  72 71.5 22.0063 0.00955134
  73 72.5 21.9946 0.00954629
  74 73.5 21.9958 0.00954678
  75 74.5 21.9968 0.00954721
  76 75.5 22.0004 0.00954878
  77 76.5 22.0131 0.00955431
  78 77.5 21.9913 0.00954482
  79 78.5 21.9929 0.00954552
  80 79.5 21.9951 0.00954649
  81 80.5 22.0043 0.00955048
  82 81.5 21.9962 0.00954695
  83 82.5 22.0257 0.00955975
  84 83.5 22.0045 0.00955056
  85 84.5 21.992 0.00954516
  86 85.5 21.9915 0.0095449
  87 86.5 21.981 0.00954038
  88 87.5 21.9692 0.00953524
  89 88.5 22.0003 0.00954875
  90 89.5 21.9876 0.00954323
  91 90.5 21.9803 0.00954008
  92 91.5 21.9594 0.009531
  93 92.5 21.986 0.00954252
  94 93.5 21.9883 0.00954354
  95 94.5 21.994 0.00954602
  96 95.5 21.9657 0.00953373
  97 96.5 21.9935 0.0095458
  98 97.5 22.0049 0.00955073
  99 98.5 21.9972 0.00954741
  100 99.5 21.999 0.00954816
  101 100.5 22.0022 0.00954956
  102 101.5 21.999 0.00954819
  103 102.5 21.982 0.00954081
  104 103.5 21.9985 0.00954797
  105 104.5 21.9959 0.00954681
  106 105.5 21.9849 0.00954204
  107 106.5 21.9631 0.00953262
  108 107.5 21.9766 0.00953845
  109 108.5 21.983 0.00954123
  110 109.5 21.9928 0.00954549
  111 110.5 21.9926 0.00954538
  112 111.5 21.9939 0.00954597
  113 112.5 21.9888 0.00954377
  114 113.5 22.001 0.00954904
  115 114.5 22.0128 0.00955419
  116 115.5 21.9792 0.00953957
  117 116.5 21.9709 0.00953598
  118 117.5 21.978 0.00953906
  119 118.5 21.9876 0.00954325
  120 119.5 21.9715 0.00953623
  121 120.5 21.9688 0.00953508
  122 121.5 21.9767 0.0095385
  123 122.5 21.9678 0.00953466
  124 123.5 21.9599 0.00953119
  125 124.5 21.952 0.00952776
  126 125.5 21.9564 0.0095297
  127 126.5 21.9278 0.00951729
  128 127.5 21.9435 0.0095241
  129 128.5 21.9341 0.00951999
  130 129.5 21.9325 0.00951932
  131 130.5 21.9183 0.00951314
  132 131.5 21.9095 0.00950931
  133 132.5 21.9227 0.00951508
  134 133.5 21.8914 0.0095015
  135 134.5 21.8961 0.0095035
  136 135.5 21.892 0.00950174
  137 136.5 21.8805 0.00949672
  138 137.5 21.8837 0.00949812
  139 138.5 21.8927 0.00950204
  140 139.5 21.9035 0.00950672
  141 140.5 21.9067 0.00950814
  142 141.5 21.904 0.00950695
  143 142.5 21.9126 0.00951066
  144 143.5 21.928 0.00951737
  145 144.5 21.9232 0.00951529
  146 145.5 21.9192 0.00951354
  147 146.5 21.9339 0.00951991
  148 147.5 21.9371 0.00952132
  149 148.5 21.9278 0.00951729
  150 149.5 21.9329 0.00951947
  151 150.5 21.9498 0.00952682
  152 151.5 21.948 0.00952606
  153 152.5 21.9471 0.00952566
  154 153.5 21.9362 0.00952091
  155 154.5 21.9702 0.00953569
  156 155.5 21.9331 0.00951955
  157 156.5 21.948 0.00952604
  158 157.5 21.9325 0.0095193
  159 158.5 21.9264 0.00951668
  160 159.5 21.9479 0.00952599
  161 160.5 21.93 0.00951821
  162 161.5 21.9065 0.00950804
  163 162.5 21.9155 0.00951192
  164 163.5 21.9083 0.00950881
  165 164.5 21.9193 0.0095136
  166 165.5 21.9168 0.00951252
  167 166.5 21.9315 0.00951889
  168 167.5 21.9307 0.00951853
  169 168.5 21.9332 0.0095196
  170 169.5 21.9554 0.00952925
  171 170.5 21.9316 0.00951894
  172 171.5 21.9313 0.00951881
  173 172.5 21.9369 0.00952121
  174 173.5 21.9282 0.00951745
  175 174.5 21.9029 0.00950645
  176 175.5 21.9042 0.00950704
  177 176.5 21.9128 0.00951077
  178 177.5 21.8865 0.00949934
  179 178.5 21.882 0.00949741
  180 179.5 21.8699 0.00949214
  181 180.5 21.8961 0.00950353
  182 181.5 21.8667 0.00949077
  183 182.5 21.8534 0.00948496
  184 183.5 21.8371 0.00947791
  185 184.5 21.8247 0.00947251
  186 185.5 21.7904 0.00945763
  187 186.5 21.7863 0.00945587
  188 187.5 21.7584 0.00944377
  189 188.5 21.7186 0.00942647
  190 189.5 21.6982 0.00941764
  191 190.5 21.6815 0.00941036
  192 191.5 21.6291 0.00938761
  193 192.5 21.5679 0.00936108
  194 193.5 21.5419 0.00934979
  195 194.5 21.5 0.00933161
  196 195.5 21.4335 0.00930274
  197 196.5 21.356 0.00926911
  198 197.5 21.2852 0.00923837
  199 198.5 21.1627 0.0091852
  200 199.5 21.0491 0.00913589
  201 200.5 20.9076 0.00907449
  202 201.5 20.6938 0.00898168
  203 202.5 20.4576 0.00887918
  204 203.5 20.138 0.00874047
  205 204.5 19.7488 0.00857153
  206 205.5 19.2381 0.00834986
  207 206.5 18.5847 0.00806629
  208 207.5 17.7518 0.00770477
  209 208.5 16.7804 0.00728314
  210 209.5 15.5919 0.0067673
  211 210.5 14.2521 0.0061858
  212 211.5 12.7735 0.00554404
  213 212.5 11.2075 0.00486438
  214 213.5 9.62215 0.00417628
  215 214.5 8.10903 0.00351955
  216 215.5 6.68779 0.00290269
  217 216.5 5.44591 0.00236368
  218 217.5 4.41875 0.00191786
  219 218.5 3.5558 0.00154331
  220 219.5 2.89054 0.00125457
  221 220.5 2.3795 0.00103277
  222 221.5 1.9975 0.00086697
  223 222.5 1.71725 0.000745334
  224 223.5 1.51911 0.000659336
  225 224.5 1.36743 0.000593503
  226 225.5 1.26022 0.000546971
  227 226.5 1.18311 0.000513502
  228 227.5 1.13145 0.000491079
  229 228.5 1.08562 0.000471188
  230 229.5 1.05913 0.000459691
  231 230.5 1.04708 0.000454461
  232 231.5 1.02748 0.000445954
  233 232.5 1.01785 0.000441774
  234 233.5 1.01314 0.00043973
  235 234.5 1.0082 0.000437585
  236 235.5 1.00089 0.000434415
  237 236.5 0.997197 0.000432811
  238 237.5 1.00488 0.000436147
  239 238.5 1.00304 0.000435349
  240 239.5 1.00179 0.000434805
  241 240.5 0.995583 0.000432111
  242 241.5 0.994414 0.000431603
  243 242.5 0.99342 0.000431172
  244 243.5 0.989359 0.000429409
  245 244.5 0.990352 0.00042984
  246 245.5 0.986325 0.000428092
  247 246.5 0.994639 0.000431701
  248 247.5 0.98873 0.000429136
  249 248.5 0.990586 0.000429942
  250 249.5 0.986173 0.000428026
  251 250.5 0.988316 0.000428957
  252 251.5 0.98845 0.000429015
  253 252.5 0.992088 0.000430594
  254 253.5 0.992853 0.000430926
  255 254.5 0.996605 0.000432554
  256 255.5 0.996777 0.000432629
  257 256.5 1.00003 0.00043404
  258 257.5 1.00534 0.000436344
  259 258.5 1.00898 0.000437926
  260 259.5 1.00077 0.000434364
  261 260.5 1.00105 0.000434484
  262 261.5 1.0028 0.000435242
  263 262.5 0.999848 0.000433962
  264 263.5 0.999002 0.000433595
  265 264.5 0.994785 0.000431764
  266 265.5 0.990194 0.000429772
  267 266.5 0.988709 0.000429127
  268 267.5 0.98325 0.000426758
  269 268.5 0.977987 0.000424474
  270 269.5 0.986051 0.000427974
  271 270.5 0.988907 0.000429213
  272 271.5 0.989093 0.000429294
  273 272.5 0.994834 0.000431786
  274 273.5 0.995136 0.000431917
  275 274.5 0.986686 0.000428249
  276 275.5 0.982469 0.000426419
  277 276.5 0.979406 0.000425089
  278 277.5 0.97877 0.000424813
  279 278.5 0.97764 0.000424323
  280 279.5 0.974451 0.000422939
  281 280.5 0.975015 0.000423184
  282 281.5 0.9728 0.000422222
  283 282.5 0.975093 0.000423217
  284 283.5 0.976789 0.000423954
  285 284.5 0.977214 0.000424138
  286 285.5 0.975276 0.000423297
  287 286.5 0.974829 0.000423103
  288 287.5 0.974585 0.000422997
  289 288.5 0.973214 0.000422402
  290 289.5 0.969639 0.00042085
  291 290.5 0.97276 0.000422205
  292 291.5 0.972606 0.000422138
  293 292.5 0.97998 0.000425339
  294 293.5 0.980213 0.00042544
  295 294.5 0.982215 0.000426309
  296 295.5 0.986071 0.000427982
  297 296.5 0.98532 0.000427656
  298 297.5 0.983319 0.000426788
  299 298.5 0.978824 0.000424837
  300 299.5 0.979045 0.000424933
  301 300.5 0.984074 0.000427115
  302 301.5 0.991363 0.000430279
  303 302.5 0.983267 0.000426765
  304 303.5 0.974863 0.000423118
  305 304.5 0.984031 0.000427097
  306 305.5 0.985676 0.000427811
  307 306.5 0.988706 0.000429126
  308 307.5 0.990644 0.000429967
  309 308.5 0.98911 0.000429301
  310 309.5 0.992302 0.000430687
  311 310.5 0.988938 0.000429227
  312 311.5 0.985577 0.000427768
  313 312.5 0.985621 0.000427787
  314 313.5 0.980756 0.000425675
  315 314.5 0.969637 0.000420849
  316 315.5 0.976624 0.000423882
  317 316.5 0.972693 0.000422176
  318 317.5 0.975156 0.000423245
  319 318.5 0.974973 0.000423165
  320 319.5 0.973936 0.000422715
  321 320.5 0.972951 0.000422288
  322 321.5 0.970963 0.000421425
  323 322.5 0.970587 0.000421262
  324 323.5 0.969847 0.000420941
  325 324.5 0.969625 0.000420844
  326 325.5 0.975099 0.00042322
  327 326.5 0.976065 0.000423639
  328 327.5 0.980268 0.000425464
  329 328.5 0.986284 0.000428075
  330 329.5 0.989017 0.000429261
  331 330.5 0.991488 0.000430333
  332 331.5 1.00161 0.000434729
  333 332.5 1.00063 0.000434299
  334 333.5 1.00267 0.000435189
  335 334.5 0.993481 0.000431198
  336 335.5 0.993651 0.000431272
  337 336.5 0.993876 0.00043137
  338 337.5 0.997329 0.000432868
  339 338.5 0.991429 0.000430308
  340 339.5 0.991256 0.000430233
  341 340.5 0.996415 0.000432472
  342 341.5 0.997413 0.000432905
  343 342.5 0.999835 0.000433956
  344 343.5 1.00408 0.000435797
  345 344.5 1.00625 0.000436742
  346 345.5 1.00596 0.000436617
  347 346.5 1.00918 0.000438012
  348 347.5 1.00612 0.000436683
  349 348.5 1.00426 0.000435878
  350 349.5 1.00661 0.000436897
  351 350.5 1.00722 0.000437162
  352 351.5 1.00795 0.00043748
  353 352.5 1.00965 0.000438217
  354 353.5 1.00539 0.000436367
  355 354.5 0.997763 0.000433057
  356 355.5 0.995415 0.000432038
  357 356.5 1.00087 0.000434405
  358 357.5 0.994571 0.000431671
  359 358.5 0.993051 0.000431012
  360 359.5 0.987202 0.000428473
  361 360.5 0.985906 0.000427911
  362 361.5 0.990164 0.000429759
  363 362.5 0.997701 0.00043303
  364 363.5 1.00429 0.000435889
  365 364.5 0.998755 0.000433487
  366 365.5 0.997437 0.000432915
  367 366.5 0.992047 0.000430576
  368 367.5 0.987469 0.000428589
  369 368.5 0.986164 0.000428023
  370 369.5 0.983531 0.00042688
  371 370.5 0.988626 0.000429091
  372 371.5 0.995951 0.00043227
  373 372.5 0.990868 0.000430064
  374 373.5 0.988661 0.000429106
  375 374.5 0.981313 0.000425917
  376 375.5 0.985608 0.000427781
  377 376.5 0.993542 0.000431225
  378 377.5 0.996477 0.000432499
  379 378.5 0.996787 0.000432633
  380 379.5 0.999076 0.000433627
  381 380.5 0.998925 0.000433561
  382 381.5 0.994828 0.000431783
  383 382.5 0.995805 0.000432207
  384 383.5 0.996997 0.000432724
  385 384.5 0.996699 0.000432595
  386 385.5 0.998019 0.000433168
  387 386.5 1.00053 0.00043426
  388 387.5 0.998246 0.000433266
  389 388.5 0.987277 0.000428506
  390 389.5 0.983894 0.000427037
  391 390.5 0.982735 0.000426534
  392 391.5 0.979322 0.000425053
  393 392.5 0.987205 0.000428474
  394 393.5 0.991524 0.000430349
  395 394.5 0.993315 0.000431126
  396 395.5 0.997566 0.000432971
  397 396.5 0.994855 0.000431795
  398 397.5 0.994197 0.000431509
  399 398.5 1.00132 0.000434599
  400 399.5 1.00687 0.000437009
  401 400.5 1.01038 0.000438534
  402 401.5 1.01539 0.000440708
  403 402.5 1.02342 0.000444193
  404 403.5 1.03169 0.00044778
  405 404.5 1.05549 0.000458112
  406 405.5 1.07516 0.00046665
  407 406.5 1.11102 0.000482214
  408 407.5 1.15946 0.000503237
  409 408.5 1.22145 0.000530144
  410 409.5 1.30787 0.00056765
  411 410.5 1.43865 0.000624414
  412 411.5 1.61601 0.000701394
  413 412.5 1.86737 0.00081049
  414 413.5 2.19428 0.000952376
  415 414.5 2.63581 0.00114401
  416 415.5 3.22738 0.00140077
  417 416.5 3.98681 0.00173039
  418 417.5 4.93041 0.00213994
  419 418.5 6.05142 0.00262648
  420 419.5 7.30779 0.00317178
  421 420.5 8.69407 0.00377347
  422 421.5 10.1157 0.0043905
  423 422.5 11.5071 0.0049944
  424 423.5 12.8049 0.00555769
  425 424.5 13.9278 0.00604507
  426 425.5 14.8577 0.00644867
  427 426.5 15.606 0.00677342
  428 427.5 16.1224 0.00699759
  429 428.5 16.4287 0.0071305
  430 429.5 16.5531 0.00718451
  431 430.5 16.5324 0.00717554
  432 431.5 16.4212 0.00712726
  433 432.5 16.1853 0.00702489
  434 433.5 15.8568 0.0068823
  435 434.5 15.4889 0.00672261
  436 435.5 15.0813 0.00654571
  437 436.5 14.6206 0.00634573
  438 437.5 14.116 0.00612674
  439 438.5 13.5989 0.00590228
  440 439.5 13.0651 0.00567063
  441 440.5 12.509 0.00542924
  442 441.5 11.969 0.00519488
  443 442.5 11.4278 0.00495997
  444 443.5 10.9071 0.00473398
  445 444.5 10.3799 0.00450517
  446 445.5 9.86787 0.00428293
  447 446.5 9.40074 0.00408018
  448 447.5 8.9582 0.00388811
  449 448.5 8.52512 0.00370014
  450 449.5 8.13792 0.00353209
  451 450.5 7.78303 0.00337805
  452 451.5 7.44181 0.00322995
  453 452.5 7.13017 0.00309469
  454 453.5 6.86749 0.00298068
  455 454.5 6.6182 0.00287248
  456 455.5 6.38257 0.00277021
  457 456.5 6.19261 0.00268777
  458 457.5 6.01184 0.00260931
  459 458.5 5.84037 0.00253488
  460 459.5 5.70365 0.00247554
  461 460.5 5.58351 0.0024234
  462 461.5 5.48234 0.00237949
  463 462.5 5.3932 0.0023408
  464 463.5 5.30417 0.00230216
  465 464.5 5.23572 0.00227245
  466 465.5 5.17686 0.0022469
  467 466.5 5.12282 0.00222344
  468 467.5 5.07022 0.00220062
  469 468.5 5.02799 0.00218229
  470 469.5 5.00323 0.00217154
  471 470.5 4.97804 0.00216061
  472 471.5 4.958 0.00215191
  473 472.5 4.93269 0.00214093
  474 473.5 4.91219 0.00213203
  475 474.5 4.89962 0.00212657
  476 475.5 4.8826 0.00211918
  477 476.5 4.87753 0.00211698
  478 477.5 4.87037 0.00211388
  479 478.5 4.86065 0.00210966
  480 479.5 4.8587 0.00210881
  481 480.5 4.85643 0.00210783
  482 481.5 4.85111 0.00210552
  483 482.5 4.84922 0.00210469
  484 483.5 4.84524 0.00210297
  485 484.5 4.83336 0.00209781
  486 485.5 4.84208 0.0021016
  487 486.5 4.84176 0.00210146
  488 487.5 4.85785 0.00210844
  489 488.5 4.85781 0.00210842
  490 489.5 4.8571 0.00210812
  491 490.5 4.8622 0.00211033
  492 491.5 4.86813 0.0021129
  493 492.5 4.8752 0.00211597
  494 493.5 4.88019 0.00211814
  495 494.5 4.869 0.00211328
  496 495.5 4.87105 0.00211417
  497 496.5 4.87508 0.00211592
  498 497.5 4.8738 0.00211536
  499 498.5 4.87225 0.00211469
  500 499.5 4.87272 0.00211489
  501 500.5 4.8805 0.00211827
  502 501.5 4.87628 0.00211644
  503 502.5 4.87271 0.00211489
  504 503.5 4.86389 0.00211106
  505 504.5 4.86203 0.00211025
  506 505.5 4.85175 0.00210579
  507 506.5 4.85719 0.00210815
  508 507.5 4.84917 0.00210467
  509 508.5 4.85336 0.00210649
  510 509.5 4.85261 0.00210617
  511 510.5 4.84697 0.00210372
  512 511.5 4.85114 0.00210553
  513 512.5 4.85422 0.00210687
  514 513.5 4.84463 0.0021027
  515 514.5 4.84354 0.00210223
  516 515.5 4.83235 0.00209737
  517 516.5 4.83102 0.0020968
  518 517.5 4.82862 0.00209576
  519 518.5 4.82292 0.00209328
  520 519.5 4.83154 0.00209702
  521 520.5 4.81218 0.00208862
  522 521.5 4.81392 0.00208938
  523 522.5 4.82067 0.00209231
  524 523.5 4.81803 0.00209116
  525 524.5 4.82251 0.0020931
  526 525.5 4.822 0.00209288
  527 526.5 4.82508 0.00209422
  528 527.5 4.82879 0.00209583
  529 528.5 4.83124 0.00209689
  530 529.5 4.8248 0.0020941
  531 530.5 4.8356 0.00209878
  532 531.5 4.83427 0.00209821
  533 532.5 4.83038 0.00209652
  534 533.5 4.83473 0.00209841
  535 534.5 4.82956 0.00209616
  536 535.5 4.81946 0.00209178
  537 536.5 4.81917 0.00209165
  538 537.5 4.81561 0.00209011
  539 538.5 4.80318 0.00208471
  540 539.5 4.80924 0.00208734
  541 540.5 4.81641 0.00209046
  542 541.5 4.81972 0.00209189
  543 542.5 4.82218 0.00209296
  544 543.5 4.81292 0.00208894
  545 544.5 4.82463 0.00209402
  546 545.5 4.82354 0.00209355
  547 546.5 4.82938 0.00209608
  548 547.5 4.83399 0.00209809
  549 548.5 4.8418 0.00210148
  550 549.5 4.84513 0.00210292
  551 550.5 4.84659 0.00210355
  552 551.5 4.85301 0.00210634
  553 552.5 4.85282 0.00210626
  554 553.5 4.84667 0.00210359
  555 554.5 4.84763 0.00210401
  556 555.5 4.84395 0.00210241
  557 556.5 4.84427 0.00210255
  558 557.5 4.83311 0.0020977
  559 558.5 4.8286 0.00209575
  560 559.5 4.82197 0.00209287
  561 560.5 4.81951 0.0020918
  562 561.5 4.8161 0.00209032
  563 562.5 4.83156 0.00209703
  564 563.5 4.83884 0.00210019
  565 564.5 4.82827 0.00209561
  566 565.5 4.81684 0.00209064
  567 566.5 4.82939 0.00209609
  568 567.5 4.82281 0.00209323
  569 568.5 4.82163 0.00209272
  570 569.5 4.81635 0.00209043
  571 570.5 4.80173 0.00208408
  572 571.5 4.80344 0.00208483
  573 572.5 4.82044 0.00209221
  574 573.5 4.82602 0.00209463
  575 574.5 4.82144 0.00209264
  576 575.5 4.82135 0.0020926
  577 576.5 4.82331 0.00209345
  578 577.5 4.82866 0.00209577
  579 578.5 4.82282 0.00209324
  580 579.5 4.83676 0.00209929
  581 580.5 4.84296 0.00210198
  582 581.5 4.83643 0.00209914
  583 582.5 4.83977 0.0021006
  584 583.5 4.84219 0.00210165
  585 584.5 4.8431 0.00210204
  586 585.5 4.84299 0.00210199
  587 586.5 4.84475 0.00210276
  588 587.5 4.84826 0.00210428
  589 588.5 4.83274 0.00209754
  590 589.5 4.83989 0.00210065
  591 590.5 4.84854 0.0021044
  592 591.5 4.84648 0.00210351
  593 592.5 4.84385 0.00210237
  594 593.5 4.84467 0.00210272
  595 594.5 4.86059 0.00210963
  596 595.5 4.85395 0.00210675
  597 596.5 4.87699 0.00211675
  598 597.5 4.87442 0.00211563
  599 598.5 4.89236 0.00212342
  600 599.5 4.90341 0.00212822
  601 600.5 4.92694 0.00213843
  602 601.5 4.94111 0.00214458
  603 602.5 4.96705 0.00215584
  604 603.5 4.99081 0.00216615
  605 604.5 5.02892 0.00218269
  606 605.5 5.06431 0.00219805
  607 606.5 5.10881 0.00221737
  608 607.5 5.16202 0.00224046
  609 608.5 5.21089 0.00226167
  610 609.5 5.27216 0.00228826
  611 610.5 5.35346 0.00232355
  612 611.5 5.4321 0.00235768
  613 612.5 5.53549 0.00240256
  614 613.5 5.65369 0.00245386
  615 614.5 5.77688 0.00250733
  616 615.5 5.93481 0.00257587
  617 616.5 6.10803 0.00265105
  618 617.5 6.31549 0.0027411
  619 618.5 6.53359 0.00283576
  620 619.5 6.76943 0.00293812
  621 620.5 7.0374 0.00305443
  622 621.5 7.3441 0.00318754
  623 622.5 7.67857 0.00333271
  624 623.5 8.02717 0.00348401
100000000 624 5962.999999999999
  1 0.5 11.4109 0.00495263
  2 1.5 11.9138 0.00517091
  3 2.5 12.4563 0.00540638
  4 3.5 12.994 0.00563974
  5 4.5 13.512 0.00586458
  6 5.5 14.0457 0.00609624
  7 6.5 14.5789 0.00632764
  8 7.5 15.0939 0.00655115
  9 8.5 15.594 0.00676825
  10 9.5 16.0779 0.00697825
  11 10.5 16.5667 0.00719042
  12 11.5 17.017 0.00738587
  13 12.5 17.4466 0.0075723
  14 13.5 17.8604 0.0077519
  15 14.5 18.2571 0.0079241
  16 15.5 18.6213 0.00808218
  17 16.5 18.9643 0.00823102
  18 17.5 19.2768 0.00836667
  19 18.5 19.5813 0.00849884
  20 19.5 19.8447 0.00861317
  21 20.5 20.0995 0.00872374
  22 21.5 20.3105 0.0088153
  23 22.5 20.5005 0.00889778
  24 23.5 20.6601 0.00896704
  25 24.5 20.8318 0.00904158
  26 25.5 20.972 0.00910241
  27 26.5 21.0965 0.00915646
  28 27.5 21.2113 0.00920628
  29 28.5 21.3033 0.00924624
  30 29.5 21.3976 0.00928715
  31 30.5 21.4804 0.00932307
  32 31.5 21.54 0.00934895
  33 32.5 21.5895 0.00937045
  34 33.5 21.6544 0.00939863
  35 34.5 21.6845 0.00941167
  36 35.5 21.6967 0.00941696
  37 36.5 21.7485 0.00943944
  38 37.5 21.7965 0.00946027
  39 38.5 21.7968 0.0094604
  40 39.5 21.7984 0.00946113
  41 40.5 21.831 0.00947528
  42 41.5 21.8506 0.00948376
  43 42.5 21.8493 0.00948319
  44 43.5 21.8844 0.00949842
  45 44.5 21.9038 0.00950687
  46 45.5 21.8885 0.0095002
  47 46.5 21.9058 0.00950771
  48 47.5 21.9262 0.00951659
  49 48.5 21.9326 0.00951935
  50 49.5 21.9191 0.00951352
  51 50.5 21.9316 0.00951893
  52 51.5 21.9395 0.00952236
  53 52.5 21.9346 0.00952024
  54 53.5 21.9467 0.00952547
  55 54.5 21.9435 0.00952411
  56 55.5 21.9653 0.00953356
  57 56.5 21.9513 0.00952747
  58 57.5 21.9559 0.00952945
  59 58.5 21.9721 0.00953649
  60 59.5 21.984 0.00954166
  61 60.5 21.9581 0.00953041
  62 61.5 21.9877 0.00954327
  63 62.5 21.9993 0.0095483
  64 63.5 21.9724 0.00953664
  65 64.5 21.9801 0.00953999
  66 65.5 21.9866 0.00954278
  67 66.5 21.9895 0.00954406
  68 67.5 21.9761 0.00953824
  69 68.5 21.9846 0.00954193
  70 69.5 21.9805 0.00954015
  71 70.5 21.984 0.00954168
  72 71.5 21.9693 0.00953527
  73 72.5 21.9863 0.00954267
  74 73.5 21.9959 0.00954682
  75 74.5 21.9908 0.00954462
  76 75.5 21.9794 0.00953966
  77 76.5 21.9815 0.00954059
  78 77.5 21.991 0.0095447
  79 78.5 21.9799 0.00953991
  80 79.5 21.9536 0.00952846
  81 80.5 21.9756 0.009538
  82 81.5 21.978 0.00953907
  83 82.5 21.9688 0.00953508
  84 83.5 21.9836 0.00954149
  85 84.5 21.967 0.00953428
  86 85.5 21.9658 0.00953379
  87 86.5 21.979 0.00953952
  88 87.5 21.9723 0.00953657
  89 88.5 21.9915 0.00954494
  90 89.5 21.9641 0.00953301
  91 90.5 21.9942 0.0095461
  92 91.5 22.0031 0.00954995
  93 92.5 21.9998 0.00954852
  94 93.5 21.9887 0.00954373
  95 94.5 21.9981 0.00954777
  96 95.5 22.0035 0.00955014
  97 96.5 21.9977 0.00954763
  98 97.5 21.9834 0.0095414
  99 98.5 21.9947 0.00954629
  100 99.5 21.9763 0.00953831
  101 100.5 21.97 0.00953561
  102 101.5 21.9828 0.00954113
  103 102.5 21.9658 0.00953375
  104 103.5 21.9581 0.00953041
  105 104.5 21.9693 0.0095353
  106 105.5 21.9623 0.00953224
  107 106.5 21.9711 0.00953606
  108 107.5 21.9692 0.00953523
  109 108.5 21.9694 0.00953533
  110 109.5 21.9547 0.00952895
  111 110.5 21.96 0.00953125
  112 111.5 21.9684 0.0095349
  113 112.5 21.9714 0.00953621
  114 113.5 21.9715 0.00953624
  115 114.5 21.9405 0.00952278
  116 115.5 21.9602 0.00953134
  117 116.5 21.9736 0.00953715
  118 117.5 21.9782 0.00953913
  119 118.5 21.9374 0.00952146
  120 119.5 21.9511 0.00952738
  121 120.5 21.9523 0.00952789
  122 121.5 21.9426 0.00952368
  123 122.5 21.9319 0.00951907
  124 123.5 21.9416 0.00952326
  125 124.5 21.9214 0.0095145
  126 125.5 21.9184 0.00951321
  127 126.5 21.9287 0.00951767
  128 127.5 21.9405 0.00952277
  129 128.5 21.9322 0.0095192
  130 129.5 21.9263 0.0095166
  131 130.5 21.952 0.00952776
  132 131.5 21.9609 0.00953163
  133 132.5 21.9487 0.00952636
  134 133.5 21.9442 0.00952438
  135 134.5 21.9637 0.00953287
  136 135.5 21.9583 0.00953049
  137 136.5 21.9629 0.00953251
  138 137.5 21.9704 0.00953574
  139 138.5 22.006 0.00955123
  140 139.5 21.9949 0.00954639
  141 140.5 21.978 0.00953906
  142 141.5 21.9987 0.00954805
  143 142.5 21.9981 0.00954778
  144 143.5 21.9968 0.00954722
  145 144.5 21.9943 0.00954613
  146 145.5 22.0215 0.00955794
  147 146.5 22.0071 0.00955167
  148 147.5 22.0195 0.00955706
  149 148.5 22.0287 0.00956106
  150 149.5 22.035 0.0095638
  151 150.5 22.0215 0.00955796
  152 151.5 22.0362 0.00956431
  153 152.5 22.0484 0.00956964
  154 153.5 22.072 0.00957985
  155 154.5 22.0626 0.00957579
  156 155.5 22.0733 0.00958043
  157 156.5 22.0733 0.00958044
  158 157.5 22.0886 0.00958707
  159 158.5 22.0939 0.00958937
  160 159.5 22.1089 0.00959587
  161 160.5 22.0792 0.00958298
  162 161.5 22.0976 0.00959099
  163 162.5 22.0856 0.00958575
  164 163.5 22.0815 0.00958397
  165 164.5 22.0706 0.00957926
  166 165.5 22.0645 0.00957662
  167 166.5 22.0609 0.00957505
  168 167.5 22.0585 0.00957399
  169 168.5 22.0313 0.0095622
  170 169.5 22.0286 0.00956102
  171 170.5 22.0226 0.00955843
  172 171.5 22.0153 0.00955524
  173 172.5 21.9972 0.00954738
  174 173.5 22.0046 0.0095506
  175 174.5 21.9785 0.0095393
  176 175.5 21.9578 0.00953029
  177 176.5 21.9428 0.00952377
  178 177.5 21.963 0.00953257
  179 178.5 21.9436 0.00952415
  180 179.5 21.94 0.00952256
  181 180.5 21.927 0.00951691
  182 181.5 21.9089 0.00950908
  183 182.5 21.877 0.00949523
  184 183.5 21.877 0.00949521
  185 184.5 21.845 0.00948132
  186 185.5 21.8412 0.00947967
  187 186.5 21.8008 0.00946215
  188 187.5 21.754 0.00944186
  189 188.5 21.7396 0.0094356
  190 189.5 21.695 0.00941621
  191 190.5 21.6682 0.0094046
  192 191.5 21.6318 0.00938881
  193 192.5 21.5689 0.00936148
  194 193.5 21.5025 0.0093327
  195 194.5 21.4412 0.00930607
  196 195.5 21.3564 0.00926928
  197 196.5 21.2043 0.00920323
  198 197.5 21.0836 0.00915086
  199 198.5 20.9319 0.00908502
  200 199.5 20.67 0.00897135
  201 200.5 20.3864 0.00884827
  202 201.5 20.0169 0.00868789
  203 202.5 19.54 0.00848091
  204 203.5 18.9102 0.00820753
  205 204.5 18.1541 0.00787937
  206 205.5 17.2076 0.0074686
  207 206.5 16.0995 0.00698763
  208 207.5 14.7958 0.00642179
  209 208.5 13.3499 0.00579425
  210 209.5 11.7952 0.00511946
  211 210.5 10.1723 0.00441505
  212 211.5 8.60555 0.00373505
  213 212.5 7.14408 0.00310073
  214 213.5 5.82155 0.00252672
  215 214.5 4.7048 0.00204201
  216 215.5 3.77493 0.00163842
  217 216.5 3.04858 0.00132317
  218 217.5 2.49082 0.00108109
  219 218.5 2.06764 0.000897414
  220 219.5 1.76738 0.000767092
  221 220.5 1.53981 0.00066832
  222 221.5 1.38868 0.000602727
  223 222.5 1.27198 0.000552076
  224 223.5 1.1871 0.000515233
  225 224.5 1.13566 0.000492906
  226 225.5 1.09701 0.000476135
  227 226.5 1.07542 0.00046676
  228 227.5 1.04756 0.000454671
  229 228.5 1.03072 0.000447362
  230 229.5 1.02321 0.000444103
  231 230.5 1.01801 0.000441844
  232 231.5 1.00551 0.000436421
  233 232.5 1.00422 0.000435859
  234 233.5 1.00062 0.000434296
  235 234.5 0.99374 0.000431311
  236 235.5 0.986099 0.000427994
  237 236.5 0.984789 0.000427426
  238 237.5 0.983925 0.000427051
  239 238.5 0.980019 0.000425355
  240 239.5 0.97363 0.000422582
  241 240.5 0.972206 0.000421964
  242 241.5 0.967045 0.000419724
  243 242.5 0.965486 0.000419048
  244 243.5 0.965062 0.000418864
  245 244.5 0.961224 0.000417198
  246 245.5 0.95927 0.00041635
  247 246.5 0.962551 0.000417774
  248 247.5 0.95806 0.000415825
  249 248.5 0.959863 0.000416607
  250 249.5 0.964763 0.000418734
  251 250.5 0.964667 0.000418692
  252 251.5 0.963719 0.000418281
  253 252.5 0.970748 0.000421332
  254 253.5 0.974894 0.000423131
  255 254.5 0.980867 0.000425724
  256 255.5 0.980727 0.000425663
  257 256.5 0.98165 0.000426063
  258 257.5 0.977599 0.000424305
  259 258.5 0.978478 0.000424687
  260 259.5 0.974321 0.000422882
  261 260.5 0.974692 0.000423043
  262 261.5 0.978257 0.000424591
  263 262.5 0.975683 0.000423474
  264 263.5 0.96815 0.000420204
  265 264.5 0.966684 0.000419568
  266 265.5 0.963469 0.000418172
  267 266.5 0.965015 0.000418843
  268 267.5 0.964432 0.00041859
  269 268.5 0.956196 0.000415016
  270 269.5 0.955148 0.000414561
  271 270.5 0.949212 0.000411984
  272 271.5 0.94597 0.000410577
  273 272.5 0.946788 0.000410932
  274 273.5 0.948548 0.000411696
  275 274.5 0.950539 0.00041256
  276 275.5 0.955553 0.000414737
  277 276.5 0.953311 0.000413763
  278 277.5 0.955415 0.000414677
  279 278.5 0.941928 0.000408823
  280 279.5 0.943131 0.000409345
  281 280.5 0.939432 0.00040774
  282 281.5 0.940399 0.000408159
  283 282.5 0.935438 0.000406006
  284 283.5 0.932568 0.00040476
  285 284.5 0.924517 0.000401266
  286 285.5 0.922792 0.000400517
  287 286.5 0.931072 0.000404111
  288 287.5 0.936058 0.000406275
  289 288.5 0.936249 0.000406358
  290 289.5 0.941609 0.000408684
  291 290.5 0.944978 0.000410147
  292 291.5 0.941941 0.000408829
  293 292.5 0.941567 0.000408666
  294 293.5 0.941263 0.000408534
  295 294.5 0.940502 0.000408204
  296 295.5 0.936569 0.000406497
  297 296.5 0.935453 0.000406013
  298 297.5 0.937202 0.000406772
  299 298.5 0.943243 0.000409394
  300 299.5 0.942179 0.000408932
  301 300.5 0.937316 0.000406821
  302 301.5 0.942596 0.000409113
  303 302.5 0.94615 0.000410655
  304 303.5 0.942806 0.000409204
  305 304.5 0.946031 0.000410604
  306 305.5 0.942484 0.000409064
  307 306.5 0.942652 0.000409137
  308 307.5 0.944477 0.000409929
  309 308.5 0.942714 0.000409164
  310 309.5 0.934643 0.000405661
  311 310.5 0.926307 0.000402043
  312 311.5 0.91544 0.000397326
  313 312.5 0.92615 0.000401975
  314 313.5 0.928595 0.000403036
  315 314.5 0.926962 0.000402327
  316 315.5 0.930963 0.000404064
  317 316.5 0.931958 0.000404496
  318 317.5 0.932919 0.000404913
  319 318.5 0.929051 0.000403234
  320 319.5 0.924844 0.000401408
  321 320.5 0.930112 0.000403694
  322 321.5 0.937368 0.000406844
  323 322.5 0.941695 0.000408722
  324 323.5 0.946081 0.000410625
  325 324.5 0.94834 0.000411606
  326 325.5 0.951138 0.00041282
  327 326.5 0.953996 0.000414061
  328 327.5 0.957767 0.000415697
  329 328.5 0.952751 0.00041352
  330 329.5 0.957105 0.00041541
  331 330.5 0.959277 0.000416353
  332 331.5 0.955157 0.000414565
  333 332.5 0.944987 0.000410151
  334 333.5 0.943643 0.000409567
  335 334.5 0.950366 0.000412485
  336 335.5 0.94583 0.000410516
  337 336.5 0.947173 0.000411099
  338 337.5 0.946924 0.000410991
  339 338.5 0.942245 0.000408961
  340 339.5 0.938474 0.000407324
  341 340.5 0.938663 0.000407406
  342 341.5 0.93291 0.000404909
  343 342.5 0.935788 0.000406158
  344 343.5 0.934046 0.000405402
  345 344.5 0.933886 0.000405332
  346 345.5 0.934989 0.000405811
  347 346.5 0.931594 0.000404338
  348 347.5 0.935741 0.000406138
  349 348.5 0.933788 0.00040529
  350 349.5 0.935721 0.000406129
  351 350.5 0.939614 0.000407819
  352 351.5 0.94358 0.00040954
  353 352.5 0.948557 0.0004117
  354 353.5 0.950543 0.000412562
  355 354.5 0.947887 0.000411409
  356 355.5 0.952284 0.000413318
  357 356.5 0.953265 0.000413743
  358 357.5 0.950488 0.000412538
  359 358.5 0.948504 0.000411677
  360 359.5 0.958165 0.00041587
  361 360.5 0.956743 0.000415253
  362 361.5 0.963885 0.000418353
  363 362.5 0.97224 0.000421979
  364 363.5 0.973563 0.000422553
  365 364.5 0.984238 0.000427187
  366 365.5 0.989651 0.000429536
  367 366.5 0.994315 0.00043156
  368 367.5 0.994387 0.000431592
  369 368.5 0.99835 0.000433312
  370 369.5 0.996416 0.000432472
  371 370.5 0.99807 0.00043319
  372 371.5 1.00353 0.00043556
  373 372.5 1.00049 0.000434242
  374 373.5 0.999456 0.000433792
  375 374.5 0.998367 0.000433319
  376 375.5 0.993892 0.000431377
  377 376.5 0.995718 0.000432169
  378 377.5 0.997562 0.00043297
  379 378.5 0.999757 0.000433922
  380 379.5 0.999554 0.000433834
  381 380.5 1.00279 0.00043524
  382 381.5 0.996022 0.000432301
  383 382.5 0.995135 0.000431916
  384 383.5 0.999527 0.000433822
  385 384.5 0.997975 0.000433149
  386 385.5 1.00146 0.00043466
  387 386.5 1.00241 0.000435073
  388 387.5 1.00268 0.00043519
  389 388.5 1.00082 0.000434382
  390 389.5 1.0015 0.000434678
  391 390.5 1.00534 0.000436348
  392 391.5 1.0081 0.000437543
  393 392.5 1.01338 0.000439834
  394 393.5 1.02166 0.000443428
  395 394.5 1.02688 0.000445696
  396 395.5 1.0375 0.000450304
  397 396.5 1.04479 0.000453467
  398 397.5 1.0411 0.000451864
  399 398.5 1.04869 0.00045516
  400 399.5 1.05818 0.00045928
  401 400.5 1.0718 0.00046519
  402 401.5 1.08586 0.000471291
  403 402.5 1.11025 0.000481879
  404 403.5 1.13876 0.000494252
  405 404.5 1.19148 0.000517134
  406 405.5 1.25422 0.000544366
  407 406.5 1.34849 0.000585283
  408 407.5 1.48037 0.00064252
  409 408.5 1.66078 0.000720826
  410 409.5 1.90646 0.000827456
  411 410.5 2.24538 0.000974557
  412 411.5 2.67995 0.00116317
  413 412.5 3.24104 0.0014067
  414 413.5 3.94276 0.00171127
  415 414.5 4.80436 0.00208523
  416 415.5 5.79066 0.00251331
  417 416.5 6.90041 0.00299497
  418 417.5 8.0973 0.00351445
  419 418.5 9.31791 0.00404423
  420 419.5 10.5343 0.0045722
  421 420.5 11.6441 0.00505386
  422 421.5 12.6467 0.00548904
  423 422.5 13.4479 0.00583676
  424 423.5 14.0483 0.00609736
  425 424.5 14.4735 0.00628191
  426 425.5 14.7002 0.00638031
  427 426.5 14.7516 0.00640262
  428 427.5 14.6696 0.00636702
  429 428.5 14.4659 0.0062786
  430 429.5 14.1512 0.00614201
  431 430.5 13.7827 0.00598209
  432 431.5 13.3806 0.00580753
  433 432.5 12.933 0.00561327
  434 433.5 12.4273 0.00539378
  435 434.5 11.9379 0.00518137
  436 435.5 11.4582 0.00497317
  437 436.5 10.9485 0.00475196
  438 437.5 10.4637 0.00454152
  439 438.5 10.003 0.00434158
  440 439.5 9.54119 0.00414114
  441 440.5 9.11825 0.00395757
  442 441.5 8.70849 0.00377973
  443 442.5 8.32912 0.00361507
  444 443.5 7.96991 0.00345916
  445 444.5 7.62663 0.00331017
  446 445.5 7.33093 0.00318183
  447 446.5 7.05053 0.00306013
  448 447.5 6.7999 0.00295135
  449 448.5 6.56202 0.0028481
  450 449.5 6.36007 0.00276045
  451 450.5 6.18498 0.00268445
  452 451.5 6.02027 0.00261297
  453 452.5 5.86906 0.00254734
  454 453.5 5.72833 0.00248625
  455 454.5 5.60524 0.00243283
  456 455.5 5.51011 0.00239154
  457 456.5 5.4162 0.00235078
  458 457.5 5.33527 0.00231565
  459 458.5 5.28258 0.00229279
  460 459.5 5.22349 0.00226714
  461 460.5 5.18176 0.00224903
  462 461.5 5.14418 0.00223272
  463 462.5 5.09436 0.00221109
  464 463.5 5.07163 0.00220123
  465 464.5 5.05883 0.00219567
  466 465.5 5.02386 0.00218049
  467 466.5 5.00176 0.0021709
  468 467.5 4.98665 0.00216434
  469 468.5 4.96898 0.00215668
  470 469.5 4.95018 0.00214851
  471 470.5 4.93858 0.00214348
  472 471.5 4.92194 0.00213626
  473 472.5 4.91762 0.00213438
  474 473.5 4.90698 0.00212977
  475 474.5 4.90032 0.00212688
  476 475.5 4.9065 0.00212956
  477 476.5 4.89301 0.0021237
  478 477.5 4.88679 0.002121
  479 478.5 4.87691 0.00211671
  480 479.5 4.87857 0.00211743
  481 480.5 4.86556 0.00211179
  482 481.5 4.86512 0.0021116
  483 482.5 4.86258 0.0021105
  484 483.5 4.86235 0.0021104
  485 484.5 4.86597 0.00211197
  486 485.5 4.87034 0.00211386
  487 486.5 4.85608 0.00210768
  488 487.5 4.84915 0.00210467
  489 488.5 4.84276 0.00210189
  490 489.5 4.83903 0.00210027
  491 490.5 4.82951 0.00209614
  492 491.5 4.83843 0.00210001
  493 492.5 4.83893 0.00210023
  494 493.5 4.84406 0.00210246
  495 494.5 4.8537 0.00210664
  496 495.5 4.84525 0.00210297
  497 496.5 4.83645 0.00209915
  498 497.5 4.83751 0.00209961
  499 498.5 4.84012 0.00210075
  500 499.5 4.83753 0.00209962
  501 500.5 4.84564 0.00210314
  502 501.5 4.84594 0.00210327
  503 502.5 4.85554 0.00210744
  504 503.5 4.85097 0.00210545
  505 504.5 4.85042 0.00210522
  506 505.5 4.8544 0.00210694
  507 506.5 4.85811 0.00210855
  508 507.5 4.8591 0.00210898
  509 508.5 4.86494 0.00211152
  510 509.5 4.88075 0.00211838
  511 510.5 4.88142 0.00211867
  512 511.5 4.88596 0.00212064
  513 512.5 4.89785 0.00212581
  514 513.5 4.89011 0.00212244
  515 514.5 4.8962 0.00212509
  516 515.5 4.88807 0.00212156
  517 516.5 4.88476 0.00212012
  518 517.5 4.87553 0.00211611
  519 518.5 4.88837 0.00212169
  520 519.5 4.88406 0.00211982
  521 520.5 4.89415 0.0021242
  522 521.5 4.88009 0.00211809
  523 522.5 4.89132 0.00212297
  524 523.5 4.89195 0.00212324
  525 524.5 4.88867 0.00212182
  526 525.5 4.89225 0.00212337
  527 526.5 4.87904 0.00211764
  528 527.5 4.87399 0.00211545
  529 528.5 4.86241 0.00211042
  530 529.5 4.85681 0.00210799
  531 530.5 4.84908 0.00210463
  532 531.5 4.84466 0.00210272
  533 532.5 4.8329 0.00209761
  534 533.5 4.83195 0.0020972
  535 534.5 4.83816 0.00209989
  536 535.5 4.83965 0.00210054
  537 536.5 4.83202 0.00209723
  538 537.5 4.82913 0.00209597
  539 538.5 4.82939 0.00209609
  540 539.5 4.82672 0.00209493
  541 540.5 4.8233 0.00209345
  542 541.5 4.8212 0.00209254
  543 542.5 4.82119 0.00209253
  544 543.5 4.81932 0.00209172
  545 544.5 4.82434 0.0020939
  546 545.5 4.82357 0.00209356
  547 546.5 4.82114 0.00209251
  548 547.5 4.82785 0.00209542
  549 548.5 4.81798 0.00209114
  550 549.5 4.82334 0.00209346
  551 550.5 4.81749 0.00209092
  552 551.5 4.8128 0.00208889
  553 552.5 4.81108 0.00208814
  554 553.5 4.81616 0.00209035
  555 554.5 4.81616 0.00209035
  556 555.5 4.80376 0.00208497
  557 556.5 4.80459 0.00208533
  558 557.5 4.80416 0.00208514
  559 558.5 4.80095 0.00208375
  560 559.5 4.80475 0.00208539
  561 560.5 4.79161 0.00207969
  562 561.5 4.80183 0.00208413
  563 562.5 4.80243 0.00208439
  564 563.5 4.80048 0.00208354
  565 564.5 4.79543 0.00208135
  566 565.5 4.8004 0.00208351
  567 566.5 4.808 0.0020868
  568 567.5 4.81414 0.00208947
  569 568.5 4.80275 0.00208453
  570 569.5 4.80466 0.00208535
  571 570.5 4.81139 0.00208828
  572 571.5 4.81384 0.00208934
  573 572.5 4.81748 0.00209092
  574 573.5 4.80937 0.0020874
  575 574.5 4.81227 0.00208866
  576 575.5 4.81372 0.00208929
  577 576.5 4.82139 0.00209262
  578 577.5 4.8191 0.00209162
  579 578.5 4.83529 0.00209865
  580 579.5 4.83182 0.00209714
  581 580.5 4.83668 0.00209925
  582 581.5 4.85351 0.00210656
  583 582.5 4.85623 0.00210774
  584 583.5 4.85414 0.00210683
  585 584.5 4.8519 0.00210586
  586 585.5 4.8605 0.00210959
  587 586.5 4.87019 0.0021138
  588 587.5 4.87471 0.00211576
  589 588.5 4.87875 0.00211751
  590 589.5 4.88515 0.00212029
  591 590.5 4.90009 0.00212678
  592 591.5 4.92431 0.00213729
  593 592.5 4.93767 0.00214309
  594 593.5 4.95089 0.00214882
  595 594.5 4.97895 0.002161
  596 595.5 5.00049 0.00217035
  597 596.5 5.03249 0.00218424
  598 597.5 5.06329 0.00219761
  599 598.5 5.09645 0.002212
  600 599.5 5.15761 0.00223855
  601 600.5 5.20967 0.00226114
  602 601.5 5.25685 0.00228162
  603 602.5 5.31842 0.00230834
  604 603.5 5.4011 0.00234423
  605 604.5 5.48025 0.00237858
  606 605.5 5.58298 0.00242317
  607 606.5 5.69531 0.00247192
  608 607.5 5.83596 0.00253297
  609 608.5 5.96955 0.00259095
  610 609.5 6.12715 0.00265935
  611 610.5 6.3149 0.00274084
  612 611.5 6.50466 0.0028232
  613 612.5 6.72908 0.00292061
  614 613.5 6.97424 0.00302701
  615 614.5 7.2541 0.00314848
  616 615.5 7.55674 0.00327983
  617 616.5 7.89936 0.00342854
  618 617.5 8.24845 0.00358005
  619 618.5 8.63771 0.003749
  620 619.5 9.03239 0.00392031
  621 620.5 9.4806 0.00411484
  622 621.5 9.92796 0.00430901
  623 622.5 10.406 0.00451649
  624 623.5 10.9031 0.00473226
120000000 624 5963.000000000004
  1 0.5 11.4114 0.00495287
  2 1.5 11.9501 0.00518669
  3 2.5 12.4971 0.00542407
  4 3.5 13.0632 0.00566978
  5 4.5 13.6086 0.0059065
  6 5.5 14.1519 0.00614233
  7 6.5 14.7019 0.00638104
  8 7.5 15.2702 0.00662769
  9 8.5 15.7931 0.00685465
  10 9.5 16.2786 0.00706537
  11 10.5 16.7868 0.00728593
  12 11.5 17.2582 0.00749054
  13 12.5 17.6886 0.00767737
  14 13.5 18.0806 0.0078475
  15 14.5 18.4795 0.00802061
  16 15.5 18.8425 0.00817817
  17 16.5 19.1522 0.0083126
  18 17.5 19.4595 0.00844595
  19 18.5 19.7513 0.00857263
  20 19.5 20.0022 0.00868149
  21 20.5 20.2138 0.00877335
  22 21.5 20.4219 0.00886367
  23 22.5 20.6265 0.00895246
  24 23.5 20.7675 0.00901365
  25 24.5 20.904 0.00907292
  26 25.5 21.0364 0.00913039
  27 26.5 21.1653 0.00918632
  28 27.5 21.2605 0.00922766
  29 28.5 21.3427 0.00926333
  30 29.5 21.4365 0.00930403
  31 30.5 21.4974 0.00933048
  32 31.5 21.5621 0.00935856
  33 32.5 21.6234 0.00938516
  34 33.5 21.6629 0.00940229
  35 34.5 21.6928 0.00941526
  36 35.5 21.7278 0.00943046
  37 36.5 21.7547 0.00944215
  38 37.5 21.7725 0.00944988
  39 38.5 21.8047 0.00946385
  40 39.5 21.805 0.00946399
  41 40.5 21.8189 0.00947003
  42 41.5 21.8286 0.0094742
  43 42.5 21.8486 0.00948291
  44 43.5 21.8399 0.00947913
  45 44.5 21.8425 0.00948023
  46 45.5 21.846 0.00948179
  47 46.5 21.8427 0.00948034
  48 47.5 21.8485 0.00948286
  49 48.5 21.8377 0.00947815
  50 49.5 21.8042 0.00946363
  51 50.5 21.8123 0.00946712
  52 51.5 21.8129 0.00946741
  53 52.5 21.8238 0.00947213
  54 53.5 21.8152 0.00946841
  55 54.5 21.8061 0.00946447
  56 55.5 21.8103 0.00946626
  57 56.5 21.8357 0.00947728
  58 57.5 21.812 0.00946702
  59 58.5 21.8275 0.00947375
  60 59.5 21.8247 0.00947253
  61 60.5 21.8486 0.00948288
  62 61.5 21.8365 0.00947764
  63 62.5 21.8578 0.00948688
  64 63.5 21.8628 0.00948904
  65 64.5 21.8583 0.0094871
  66 65.5 21.8605 0.00948806
  67 66.5 21.8608 0.00948819
  68 67.5 21.8652 0.00949009
  69 68.5 21.8556 0.00948594
  70 69.5 21.8441 0.00948096
  71 70.5 21.8345 0.00947677
  72 71.5 21.8283 0.0094741
  73 72.5 21.8372 0.00947797
  74 73.5 21.8288 0.00947433
  75 74.5 21.826 0.00947307
  76 75.5 21.8294 0.00947455
  77 76.5 21.831 0.00947526
  78 77.5 21.8263 0.00947323
  79 78.5 21.8369 0.00947782
  80 79.5 21.8413 0.00947971
  81 80.5 21.8654 0.00949018
  82 81.5 21.845 0.00948132
  83 82.5 21.8519 0.00948432
  84 83.5 21.8656 0.00949028
  85 84.5 21.8633 0.00948927
  86 85.5 21.8602 0.00948795
  87 86.5 21.8657 0.00949032
  88 87.5 21.8902 0.00950098
  89 88.5 21.8799 0.00949648
  90 89.5 21.8842 0.00949836
  91 90.5 21.9012 0.00950572
  92 91.5 21.8826 0.00949768
  93 92.5 21.8978 0.00950424
  94 93.5 21.8824 0.00949757
  95 94.5 21.8816 0.00949721
  96 95.5 21.8726 0.00949334
  97 96.5 21.8668 0.00949078
  98 97.5 21.848 0.00948263
  99 98.5 21.8457 0.00948164
  100 99.5 21.8508 0.00948387
  101 100.5 21.8296 0.00947466
  102 101.5 21.8256 0.00947291
  103 102.5 21.8252 0.00947273
  104 103.5 21.8286 0.00947424
  105 104.5 21.8206 0.00947073
  106 105.5 21.8254 0.00947283
  107 106.5 21.8127 0.00946733
  108 107.5 21.8265 0.00947332
  109 108.5 21.8176 0.00946945
  110 109.5 21.8126 0.00946727
  111 110.5 21.795 0.00945962
  112 111.5 21.7866 0.00945599
  113 112.5 21.7764 0.00945158
  114 113.5 21.7886 0.00945685
  115 114.5 21.7712 0.00944933
  116 115.5 21.7492 0.00943977
  117 116.5 21.7795 0.00945291
  118 117.5 21.7572 0.00944325
  119 118.5 21.7328 0.00943264
  120 119.5 21.7155 0.00942512
  121 120.5 21.7282 0.00943066
  122 121.5 21.7241 0.00942885
  123 122.5 21.7346 0.00943342
  124 123.5 21.7166 0.0094256
  125 124.5 21.7242 0.00942889
  126 125.5 21.7445 0.00943772
  127 126.5 21.7503 0.00944024
  128 127.5 21.7297 0.00943131
  129 128.5 21.7366 0.00943428
  130 129.5 21.7569 0.0094431
  131 130.5 21.7455 0.00943816
  132 131.5 21.7425 0.00943684
  133 132.5 21.7548 0.00944221
  134 133.5 21.7386 0.00943514
  135 134.5 21.7827 0.00945431
  136 135.5 21.7756 0.00945121
  137 136.5 21.771 0.00944924
  138 137.5 21.7859 0.00945568
  139 138.5 21.7882 0.0094567
  140 139.5 21.8175 0.0094694
  141 140.5 21.818 0.00946963
  142 141.5 21.8478 0.00948254
  143 142.5 21.8338 0.00947646
  144 143.5 21.8375 0.0094781
  145 144.5 21.8584 0.00948713
  146 145.5 21.8649 0.00948996
  147 146.5 21.8547 0.00948554
  148 147.5 21.8485 0.00948284
  149 148.5 21.8794 0.00949625
  150 149.5 21.8696 0.009492
  151 150.5 21.8561 0.00948614
  152 151.5 21.8513 0.00948408
  153 152.5 21.865 0.00949
  154 153.5 21.846 0.00948177
  155 154.5 21.8395 0.00947895
  156 155.5 21.8407 0.00947945
  157 156.5 21.863 0.00948913
  158 157.5 21.8449 0.00948129
  159 158.5 21.8324 0.00947588
  160 159.5 21.8434 0.00948064
  161 160.5 21.8509 0.00948389
  162 161.5 21.8566 0.00948638
  163 162.5 21.8441 0.00948093
  164 163.5 21.8457 0.00948163
  165 164.5 21.8491 0.00948313
  166 165.5 21.8466 0.00948203
  167 166.5 21.8297 0.0094747
  168 167.5 21.8432 0.00948054
  169 168.5 21.8471 0.00948226
  170 169.5 21.8391 0.00947878
  171 170.5 21.8219 0.00947129
  172 171.5 21.8382 0.00947838
  173 172.5 21.8165 0.00946898
  174 173.5 21.8298 0.00947474
  175 174.5 21.8344 0.00947675
  176 175.5 21.8327 0.009476
  177 176.5 21.7965 0.0094603
  178 177.5 21.8232 0.00947185
  179 178.5 21.8139 0.00946786
  180 179.5 21.83 0.00947484
  181 180.5 21.7881 0.00945666
  182 181.5 21.8013 0.00946236
  183 182.5 21.809 0.00946571
  184 183.5 21.8018 0.00946259
  185 184.5 21.7765 0.0094516
  186 185.5 21.8016 0.0094625
  187 186.5 21.7836 0.0094547
  188 187.5 21.7752 0.00945102
  189 188.5 21.7737 0.00945039
  190 189.5 21.7699 0.00944874
  191 190.5 21.7381 0.00943495
  192 191.5 21.7172 0.00942587
  193 192.5 21.696 0.00941667
  194 193.5 21.6693 0.00940508
  195 194.5 21.6279 0.00938713
  196 195.5 21.5762 0.00936468
  197 196.5 21.5091 0.00933556
  198 197.5 21.4256 0.0092993
  199 198.5 21.3488 0.00926597
  200 199.5 21.1946 0.00919905
  201 200.5 21.0523 0.00913727
  202 201.5 20.8624 0.00905486
  203 202.5 20.5907 0.00893693
  204 203.5 20.2263 0.00877878
  205 204.5 19.8087 0.00859753
  206 205.5 19.2696 0.00836354
  207 206.5 18.5713 0.00806047
  208 207.5 17.6753 0.00767158
  209 208.5 16.6216 0.00721423
  210 209.5 15.4133 0.00668981
  211 210.5 14.0033 0.00607781
  212 211.5 12.4426 0.00540046
  213 212.5 10.8693 0.00471759
  214 213.5 9.29923 0.00403613
  215 214.5 7.77719 0.00337551
  216 215.5 6.40629 0.00278051
  217 216.5 5.21947 0.0022654
  218 217.5 4.20921 0.00182691
  219 218.5 3.39351 0.00147288
  220 219.5 2.75619 0.00119626
  221 220.5 2.28195 0.000990428
  222 221.5 1.91142 0.000829609
  223 222.5 1.65248 0.000717223
  224 223.5 1.46385 0.00063535
  225 224.5 1.32637 0.000575681
  226 225.5 1.22807 0.000533016
  227 226.5 1.15818 0.000502681
  228 227.5 1.11549 0.000484155
  229 228.5 1.08983 0.000473017
  230 229.5 1.06899 0.00046397
  231 230.5 1.0509 0.000456121
  232 231.5 1.03853 0.000450753
  233 232.5 1.02355 0.00044425
  234 233.5 1.01359 0.000439926
  235 234.5 1.00575 0.000436525
  236 235.5 1.00448 0.000435971
  237 236.5 1.00047 0.00043423
  238 237.5 1.00038 0.000434193
  239 238.5 1.00106 0.00043449
  240 239.5 1.00195 0.000434876
  241 240.5 1.00685 0.000437002
  242 241.5 1.01267 0.000439525
  243 242.5 1.01988 0.000442654
  244 243.5 1.02364 0.00044429
  245 244.5 1.02972 0.000446928
  246 245.5 1.03215 0.00044798
  247 246.5 1.0315 0.000447698
  248 247.5 1.03017 0.000447122
  249 248.5 1.03095 0.00044746
  250 249.5 1.03003 0.00044706
  251 250.5 1.02741 0.000445924
  252 251.5 1.02964 0.000446893
  253 252.5 1.02252 0.000443801
  254 253.5 1.02345 0.000444204
  255 254.5 1.01933 0.000442416
  256 255.5 1.02177 0.000443477
  257 256.5 1.01913 0.000442329
  258 257.5 1.01408 0.000440139
  259 258.5 1.00893 0.000437906
  260 259.5 1.00245 0.00043509
  261 260.5 0.998366 0.000433319
  262 261.5 0.999609 0.000433858
  263 262.5 0.997542 0.000432961
  264 263.5 1.00338 0.000435496
  265 264.5 1.00557 0.000436447
  266 265.5 1.00476 0.000436096
  267 266.5 1.01022 0.000438465
  268 267.5 1.01628 0.000441093
  269 268.5 1.01518 0.000440617
  270 269.5 1.01912 0.000442328
  271 270.5 1.01907 0.000442306
  272 271.5 1.01839 0.000442011
  273 272.5 1.01805 0.000441863
  274 273.5 1.02168 0.000443437
  275 274.5 1.02144 0.000443334
  276 275.5 1.02046 0.000442907
  277 276.5 1.02583 0.000445239
  278 277.5 1.02683 0.000445674
  279 278.5 1.03538 0.000449382
  280 279.5 1.0368 0.000450002
  281 280.5 1.03879 0.000450863
  282 281.5 1.03857 0.000450769
  283 282.5 1.03963 0.000451227
  284 283.5 1.04164 0.000452102
  285 284.5 1.04005 0.000451412
  286 285.5 1.03311 0.000448397
  287 286.5 1.03178 0.000447819
  288 287.5 1.02842 0.000446362
  289 288.5 1.02629 0.000445439
  290 289.5 1.02741 0.000445926
  291 290.5 1.02854 0.000446416
  292 291.5 1.02764 0.000446026
  293 292.5 1.03101 0.000447485
  294 293.5 1.04282 0.000452611
  295 294.5 1.04301 0.000452697
  296 295.5 1.04595 0.000453973
  297 296.5 1.04911 0.000455343
  298 297.5 1.0474 0.000454601
  299 298.5 1.04771 0.000454735
  300 299.5 1.05232 0.000456737
  301 300.5 1.05211 0.000456645
  302 301.5 1.04914 0.000455356
  303 302.5 1.04818 0.000454937
  304 303.5 1.04296 0.000452676
  305 304.5 1.04171 0.000452132
  306 305.5 1.04341 0.000452871
  307 306.5 1.03597 0.00044964
  308 307.5 1.02571 0.000445188
  309 308.5 1.02659 0.000445571
  310 309.5 1.02293 0.000443982
  311 310.5 1.02407 0.000444473
  312 311.5 1.01892 0.000442237
  313 312.5 1.01026 0.000438479
  314 313.5 1.00874 0.000437819
  315 314.5 1.00844 0.000437692
  316 315.5 1.00773 0.000437383
  317 316.5 1.00153 0.000434693
  318 317.5 0.993596 0.000431248
  319 318.5 0.997238 0.000432829
  320 319.5 0.994032 0.000431438
  321 320.5 0.995114 0.000431907
  322 321.5 0.985125 0.000427572
  323 322.5 0.984368 0.000427243
  324 323.5 0.985899 0.000427908
  325 324.5 0.981092 0.000425821
  326 325.5 0.984444 0.000427276
  327 326.5 0.980503 0.000425566
  328 327.5 0.977838 0.000424409
  329 328.5 0.98078 0.000425686
  330 329.5 0.984461 0.000427283
  331 330.5 0.988051 0.000428842
  332 331.5 0.994104 0.000431469
  333 332.5 0.994173 0.000431499
  334 333.5 1.00157 0.000434708
  335 334.5 1.00408 0.000435799
  336 335.5 1.0104 0.000438543
  337 336.5 1.01253 0.000439464
  338 337.5 1.00564 0.000436475
  339 338.5 1.00891 0.000437895
  340 339.5 0.998449 0.000433355
  341 340.5 0.994642 0.000431702
  342 341.5 0.991119 0.000430173
  343 342.5 0.988944 0.000429229
  344 343.5 0.999649 0.000433875
  345 344.5 1.00611 0.000436681
  346 345.5 1.00776 0.000437395
  347 346.5 1.0066 0.000436895
  348 347.5 0.996014 0.000432298
  349 348.5 0.990666 0.000429977
  350 349.5 0.989865 0.000429629
  351 350.5 0.986839 0.000428316
  352 351.5 0.983174 0.000426725
  353 352.5 0.978291 0.000424605
  354 353.5 0.984831 0.000427444
  355 354.5 0.985586 0.000427772
  356 355.5 0.981109 0.000425829
  357 356.5 0.982049 0.000426237
  358 357.5 0.980781 0.000425686
  359 358.5 0.976307 0.000423744
  360 359.5 0.977138 0.000424105
  361 360.5 0.974279 0.000422864
  362 361.5 0.973844 0.000422675
  363 362.5 0.972243 0.00042198
  364 363.5 0.971995 0.000421873
  365 364.5 0.973696 0.000422611
  366 365.5 0.969295 0.000420701
  367 366.5 0.972095 0.000421916
  368 367.5 0.9758 0.000423524
  369 368.5 0.977615 0.000424312
  370 369.5 0.979104 0.000424958
  371 370.5 0.983547 0.000426887
  372 371.5 0.988733 0.000429138
  373 372.5 0.987535 0.000428618
  374 373.5 0.988604 0.000429082
  375 374.5 0.993847 0.000431357
  376 375.5 0.992079 0.00043059
  377 376.5 0.986629 0.000428224
  378 377.5 0.985261 0.000427631
  379 378.5 0.990549 0.000429926
  380 379.5 0.99194 0.00043053
  381 380.5 0.989603 0.000429515
  382 381.5 0.988328 0.000428962
  383 382.5 0.985668 0.000427807
  384 383.5 0.976421 0.000423794
  385 384.5 0.978583 0.000424732
  386 385.5 0.979709 0.000425221
  387 386.5 0.973931 0.000422713
  388 387.5 0.969747 0.000420897
  389 388.5 0.970571 0.000421255
  390 389.5 0.977372 0.000424207
  391 390.5 0.975117 0.000423228
  392 391.5 0.97142 0.000421623
  393 392.5 0.973259 0.000422421
  394 393.5 0.970681 0.000421303
  395 394.5 0.96759 0.000419961
  396 395.5 0.978645 0.000424759
  397 396.5 0.983242 0.000426754
  398 397.5 0.989194 0.000429338
  399 398.5 0.990387 0.000429855
  400 399.5 0.994963 0.000431842
  401 400.5 1.01251 0.000439457
  402 401.5 1.02349 0.000444223
  403 402.5 1.03097 0.000447472
  404 403.5 1.04372 0.000453002
  405 404.5 1.06203 0.000460951
  406 405.5 1.08785 0.000472157
  407 406.5 1.12562 0.000488552
  408 407.5 1.17484 0.000509913
  409 408.5 1.24649 0.000541009
  410 409.5 1.34393 0.000583301
  411 410.5 1.47747 0.000641263
  412 411.5 1.67055 0.000725064
  413 412.5 1.9327 0.000838845
  414 413.5 2.28607 0.000992218
  415 414.5 2.7597 0.00119779
  416 415.5 3.36828 0.00146193
  417 416.5 4.13477 0.0017946
  418 417.5 5.07269 0.00220169
  419 418.5 6.15583 0.0026718
  420 419.5 7.36244 0.0031955
  421 420.5 8.65138 0.00375494
  422 421.5 9.92013 0.00430561
  423 422.5 11.1516 0.0048401
  424 423.5 12.2539 0.00531852
  425 424.5 13.1737 0.00571775
  426 425.5 13.8743 0.00602183
  427 426.5 14.3604 0.00623279
  428 427.5 14.6073 0.00633997
  429 428.5 14.6752 0.00636945
  430 429.5 14.5599 0.00631938
  431 430.5 14.3358 0.00622214
  432 431.5 14.0026 0.0060775
  433 432.5 13.5601 0.00588548
  434 433.5 13.0723 0.00567375
  435 434.5 12.5707 0.00545605
  436 435.5 12.0469 0.00522868
  437 436.5 11.4964 0.00498974
  438 437.5 10.9638 0.0047586
  439 438.5 10.4317 0.00452764
  440 439.5 9.92779 0.00430894
  441 440.5 9.42868 0.00409231
  442 441.5 8.9731 0.00389457
  443 442.5 8.52497 0.00370007
  444 443.5 8.12733 0.00352749
  445 444.5 7.76941 0.00337214
  446 445.5 7.40679 0.00321475
  447 446.5 7.08724 0.00307606
  448 447.5 6.79869 0.00295082
  449 448.5 6.5479 0.00284197
  450 449.5 6.32273 0.00274424
  451 450.5 6.11895 0.0026558
  452 451.5 5.94117 0.00257863
  453 452.5 5.78536 0.002511
  454 453.5 5.64029 0.00244804
  455 454.5 5.51901 0.0023954
  456 455.5 5.40266 0.0023449
  457 456.5 5.31467 0.00230672
  458 457.5 5.22293 0.0022669
  459 458.5 5.15372 0.00223686
  460 459.5 5.0868 0.00220781
  461 460.5 5.04271 0.00218868
  462 461.5 5 0.00217014
  463 462.5 4.96879 0.00215659
  464 463.5 4.93127 0.00214031
  465 464.5 4.90977 0.00213098
  466 465.5 4.8888 0.00212187
  467 466.5 4.87273 0.0021149
  468 467.5 4.86677 0.00211232
  469 468.5 4.85984 0.00210931
  470 469.5 4.84493 0.00210284
  471 470.5 4.82972 0.00209623
  472 471.5 4.82956 0.00209616
  473 472.5 4.81478 0.00208975
  474 473.5 4.81145 0.00208831
  475 474.5 4.81634 0.00209043
  476 475.5 4.81525 0.00208995
  477 476.5 4.80526 0.00208562
  478 477.5 4.80417 0.00208514
  479 478.5 4.80004 0.00208335
  480 479.5 4.80395 0.00208505
  481 480.5 4.78727 0.00207781
  482 481.5 4.78675 0.00207758
  483 482.5 4.77597 0.0020729
  484 483.5 4.77497 0.00207247
  485 484.5 4.76824 0.00206955
  486 485.5 4.75819 0.00206519
  487 486.5 4.76356 0.00206752
  488 487.5 4.76574 0.00206846
  489 488.5 4.75195 0.00206248
  490 489.5 4.75602 0.00206425
  491 490.5 4.74804 0.00206078
  492 491.5 4.74639 0.00206006
  493 492.5 4.74341 0.00205877
  494 493.5 4.74916 0.00206127
  495 494.5 4.73939 0.00205703
  496 495.5 4.73731 0.00205612
  497 496.5 4.73139 0.00205356
  498 497.5 4.72412 0.0020504
  499 498.5 4.72793 0.00205205
  500 499.5 4.72152 0.00204927
  501 500.5 4.72109 0.00204908
  502 501.5 4.72177 0.00204938
  503 502.5 4.71219 0.00204522
  504 503.5 4.72258 0.00204973
  505 504.5 4.72193 0.00204945
  506 505.5 4.7348 0.00205504
  507 506.5 4.72344 0.0020501
  508 507.5 4.73559 0.00205538
  509 508.5 4.72917 0.00205259
  510 509.5 4.73455 0.00205493
  511 510.5 4.72999 0.00205295
  512 511.5 4.72746 0.00205185
  513 512.5 4.73302 0.00205426
  514 513.5 4.7272 0.00205174
  515 514.5 4.72553 0.00205101
  516 515.5 4.71495 0.00204642
  517 516.5 4.72106 0.00204907
  518 517.5 4.72363 0.00205018
  519 518.5 4.71468 0.0020463
  520 519.5 4.7064 0.00204271
  521 520.5 4.71336 0.00204573
  522 521.5 4.71219 0.00204522
  523 522.5 4.72271 0.00204979
  524 523.5 4.71756 0.00204755
  525 524.5 4.71448 0.00204622
  526 525.5 4.72661 0.00205148
  527 526.5 4.735 0.00205512
  528 527.5 4.72636 0.00205137
  529 528.5 4.73369 0.00205455
  530 529.5 4.73672 0.00205587
  531 530.5 4.73906 0.00205688
  532 531.5 4.7496 0.00206146
  533 532.5 4.74243 0.00205835
  534 533.5 4.75598 0.00206423
  535 534.5 4.75579 0.00206414
  536 535.5 4.74981 0.00206155
  537 536.5 4.76022 0.00206607
  538 537.5 4.75202 0.00206251
  539 538.5 4.76781 0.00206936
  540 539.5 4.76854 0.00206968
  541 540.5 4.77455 0.00207229
  542 541.5 4.78701 0.0020777
  543 542.5 4.79065 0.00207928
  544 543.5 4.79713 0.00208209
  545 544.5 4.79762 0.0020823
  546 545.5 4.80835 0.00208696
  547 546.5 4.81412 0.00208946
  548 547.5 4.8106 0.00208793
  549 548.5 4.83007 0.00209638
  550 549.5 4.82598 0.00209461
  551 550.5 4.8268 0.00209496
  552 551.5 4.83048 0.00209656
  553 552.5 4.84091 0.00210109
  554 553.5 4.84688 0.00210368
  555 554.5 4.84614 0.00210336
  556 555.5 4.84439 0.0021026
  557 556.5 4.84252 0.00210179
  558 557.5 4.84902 0.00210461
  559 558.5 4.84231 0.0021017
  560 559.5 4.84111 0.00210118
  561 560.5 4.84892 0.00210457
  562 561.5 4.8405 0.00210091
  563 562.5 4.84629 0.00210342
  564 563.5 4.84361 0.00210226
  565 564.5 4.84522 0.00210296
  566 565.5 4.83392 0.00209806
  567 566.5 4.84115 0.00210119
  568 567.5 4.83777 0.00209973
  569 568.5 4.83956 0.0021005
  570 569.5 4.8262 0.0020947
  571 570.5 4.83347 0.00209786
  572 571.5 4.82071 0.00209232
  573 572.5 4.8191 0.00209162
  574 573.5 4.8186 0.0020914
  575 574.5 4.81653 0.00209051
  576 575.5 4.82662 0.00209488
  577 576.5 4.82461 0.00209401
  578 577.5 4.82641 0.0020948
  579 578.5 4.83263 0.0020975
  580 579.5 4.82372 0.00209363
  581 580.5 4.83191 0.00209718
  582 581.5 4.8314 0.00209696
  583 582.5 4.84776 0.00210406
  584 583.5 4.8419 0.00210152
  585 584.5 4.85976 0.00210927
  586 585.5 4.86172 0.00211012
  587 586.5 4.85993 0.00210934
  588 587.5 4.87061 0.00211398
  589 588.5 4.87972 0.00211794
  590 589.5 4.89249 0.00212347
  591 590.5 4.89371 0.002124
  592 591.5 4.90366 0.00212833
  593 592.5 4.90899 0.00213064
  594 593.5 4.92216 0.00213636
  595 594.5 4.92873 0.00213921
  596 595.5 4.95047 0.00214864
  597 596.5 4.98278 0.00216266
  598 597.5 5.01274 0.00217567
  599 598.5 5.05012 0.00219189
  600 599.5 5.09187 0.00221001
  601 600.5 5.13735 0.00222975
  602 601.5 5.18205 0.00224915
  603 602.5 5.25128 0.0022792
  604 603.5 5.31742 0.00230791
  605 604.5 5.38954 0.00233921
  606 605.5 5.48028 0.00237859
  607 606.5 5.59625 0.00242893
  608 607.5 5.72513 0.00248487
  609 608.5 5.86491 0.00254553
  610 609.5 6.02295 0.00261413
  611 610.5 6.2139 0.00269701
  612 611.5 6.42582 0.00278898
  613 612.5 6.66102 0.00289107
  614 613.5 6.89723 0.00299359
  615 614.5 7.17729 0.00311514
  616 615.5 7.49132 0.00325144
  617 616.5 7.82181 0.00339488
  618 617.5 8.18184 0.00355115
  619 618.5 8.57733 0.0037228
  620 619.5 8.99851 0.0039056
  621 620.5 9.43207 0.00409378
  622 621.5 9.88951 0.00429232
  623 622.5 10.4037 0.00451551
  624 623.5 10.8976 0.00472986
