# Chunk-averaged data for fix tensor2 and group c1
# Timestep Number-of-chunks Total-count
# Chunk Coord1 Ncount density/number
20000000 480 6038
  1 0.5 32.8476 0.0142568
  2 1.5 32.8087 0.0142399
  3 2.5 32.8696 0.0142663
  4 3.5 32.8766 0.0142694
  5 4.5 32.8564 0.0142606
  6 5.5 32.8243 0.0142467
  7 6.5 32.7596 0.0142186
  8 7.5 32.7439 0.0142117
  9 8.5 32.7289 0.0142053
  10 9.5 32.7377 0.0142091
  11 10.5 32.6794 0.0141838
  12 11.5 32.6881 0.0141875
  13 12.5 32.6467 0.0141696
  14 13.5 32.669 0.0141793
  15 14.5 32.6726 0.0141808
  16 15.5 32.7384 0.0142094
  17 16.5 32.6877 0.0141874
  18 17.5 32.6859 0.0141866
  19 18.5 32.7329 0.014207
  20 19.5 32.7441 0.0142118
  21 20.5 32.7219 0.0142022
  22 21.5 32.8241 0.0142466
  23 22.5 32.8509 0.0142582
  24 23.5 32.8106 0.0142407
  25 24.5 32.808 0.0142396
  26 25.5 32.8918 0.014276
  27 26.5 32.8011 0.0142366
  28 27.5 32.7976 0.014235
  29 28.5 32.8267 0.0142477
  30 29.5 32.8144 0.0142423
  31 30.5 32.7427 0.0142112
  32 31.5 32.7833 0.0142289
  33 32.5 32.7728 0.0142243
  34 33.5 32.7324 0.0142068
  35 34.5 32.7196 0.0142012
  36 35.5 32.7763 0.0142258
  37 36.5 32.7333 0.0142072
  38 37.5 32.7686 0.0142225
  39 38.5 32.7841 0.0142292
  40 39.5 32.8151 0.0142427
  41 40.5 32.849 0.0142574
  42 41.5 32.8825 0.0142719
  43 42.5 32.9345 0.0142945
  44 43.5 32.8811 0.0142713
  45 44.5 32.9577 0.0143045
  46 45.5 32.9677 0.0143089
  47 46.5 32.9957 0.014321
  48 47.5 32.9652 0.0143078
  49 48.5 33.0584 0.0143483
  50 49.5 33.0001 0.0143229
  51 50.5 32.9098 0.0142838
  52 51.5 32.898 0.0142786
  53 52.5 32.9665 0.0143084
  54 53.5 32.8654 0.0142645
  55 54.5 32.7878 0.0142308
  56 55.5 32.789 0.0142313
  57 56.5 32.6301 0.0141623
  58 57.5 32.382 0.0140547
  59 58.5 32.0988 0.0139318
  60 59.5 31.6545 0.0137389
  61 60.5 31.0074 0.0134581
  62 61.5 29.9841 0.0130139
  63 62.5 28.6198 0.0124218
  64 63.5 26.476 0.0114913
  65 64.5 23.3075 0.0101161
  66 65.5 18.8696 0.00818995
  67 66.5 13.5715 0.00589041
  68 67.5 8.51453 0.00369554
  69 68.5 4.62834 0.00200883
  70 69.5 2.23771 0.000971228
  71 70.5 0.992242 0.000430661
  72 71.5 0.4226 0.00018342
  73 72.5 0.193216 8.38611e-05
  74 73.5 0.103096 4.47465e-05
  75 74.5 0.067432 2.92674e-05
  76 75.5 0.054466 2.36398e-05
  77 76.5 0.048024 2.08437e-05
  78 77.5 0.045706 1.98377e-05
  79 78.5 0.043944 1.90729e-05
  80 79.5 0.042034 1.82439e-05
  81 80.5 0.042334 1.83741e-05
  82 81.5 0.04102 1.78038e-05
  83 82.5 0.042202 1.83168e-05
  84 83.5 0.041652 1.80781e-05
  85 84.5 0.041842 1.81606e-05
  86 85.5 0.042218 1.83238e-05
  87 86.5 0.042646 1.85095e-05
  88 87.5 0.041776 1.81319e-05
  89 88.5 0.042126 1.82839e-05
  90 89.5 0.042734 1.85477e-05
  91 90.5 0.0453 1.96615e-05
  92 91.5 0.044248 1.92049e-05
  93 92.5 0.043232 1.87639e-05
  94 93.5 0.043326 1.88047e-05
  95 94.5 0.042602 1.84905e-05
  96 95.5 0.042866 1.8605e-05
  97 96.5 0.043528 1.88924e-05
  98 97.5 0.04214 1.82899e-05
  99 98.5 0.042472 1.8434e-05
  100 99.5 0.042786 1.85703e-05
  101 100.5 0.042494 1.84436e-05
  102 101.5 0.043826 1.90217e-05
  103 102.5 0.044796 1.94427e-05
  104 103.5 0.045128 1.95868e-05
  105 104.5 0.044164 1.91684e-05
  106 105.5 0.04341 1.88411e-05
  107 106.5 0.043868 1.90399e-05
  108 107.5 0.043868 1.90399e-05
  109 108.5 0.042432 1.84167e-05
  110 109.5 0.042042 1.82474e-05
  111 110.5 0.042594 1.8487e-05
  112 111.5 0.043144 1.87257e-05
  113 112.5 0.04352 1.88889e-05
  114 113.5 0.04545 1.97266e-05
  115 114.5 0.042854 1.85998e-05
  116 115.5 0.04272 1.85417e-05
  117 116.5 0.046876 2.03455e-05
  118 117.5 0.044172 1.91719e-05
  119 118.5 0.045306 1.96641e-05
  120 119.5 0.042682 1.85252e-05
  121 120.5 0.046818 2.03203e-05
  122 121.5 0.045494 1.97457e-05
  123 122.5 0.043974 1.90859e-05
  124 123.5 0.043354 1.88168e-05
  125 124.5 0.045532 1.97622e-05
  126 125.5 0.044586 1.93516e-05
  127 126.5 0.045592 1.97882e-05
  128 127.5 0.045198 1.96172e-05
  129 128.5 0.042546 1.84661e-05
  130 129.5 0.041796 1.81406e-05
  131 130.5 0.041308 1.79288e-05
  132 131.5 0.040766 1.76936e-05
  133 132.5 0.040846 1.77283e-05
  134 133.5 0.041136 1.78542e-05
  135 134.5 0.042452 1.84253e-05
  136 135.5 0.043416 1.88438e-05
  137 136.5 0.042448 1.84236e-05
  138 137.5 0.042202 1.83168e-05
  139 138.5 0.042218 1.83238e-05
  140 139.5 0.041738 1.81155e-05
  141 140.5 0.042552 1.84687e-05
  142 141.5 0.042504 1.84479e-05
  143 142.5 0.044094 1.9138e-05
  144 143.5 0.04398 1.90885e-05
  145 144.5 0.044018 1.9105e-05
  146 145.5 0.042764 1.85608e-05
  147 146.5 0.042654 1.8513e-05
  148 147.5 0.043266 1.87786e-05
  149 148.5 0.044186 1.9178e-05
  150 149.5 0.042672 1.85208e-05
  151 150.5 0.04291 1.86241e-05
  152 151.5 0.042384 1.83958e-05
  153 152.5 0.042204 1.83177e-05
  154 153.5 0.0424 1.84028e-05
  155 154.5 0.043712 1.89722e-05
  156 155.5 0.044218 1.91918e-05
  157 156.5 0.04495 1.95095e-05
  158 157.5 0.045372 1.96927e-05
  159 158.5 0.044132 1.91545e-05
  160 159.5 0.044346 1.92474e-05
  161 160.5 0.045446 1.97248e-05
  162 161.5 0.044444 1.92899e-05
  163 162.5 0.04567 1.9822e-05
  164 163.5 0.044182 1.91762e-05
  165 164.5 0.043102 1.87075e-05
  166 165.5 0.04143 1.79818e-05
  167 166.5 0.0429 1.86198e-05
  168 167.5 0.043154 1.873e-05
  169 168.5 0.042562 1.84731e-05
  170 169.5 0.043254 1.87734e-05
  171 170.5 0.042708 1.85365e-05
  172 171.5 0.044178 1.91745e-05
  173 172.5 0.042284 1.83524e-05
  174 173.5 0.041422 1.79783e-05
  175 174.5 0.04265 1.85113e-05
  176 175.5 0.0425 1.84462e-05
  177 176.5 0.043598 1.89227e-05
  178 177.5 0.043588 1.89184e-05
  179 178.5 0.044114 1.91467e-05
  180 179.5 0.045444 1.9724e-05
  181 180.5 0.045194 1.96155e-05
  182 181.5 0.044324 1.92378e-05
  183 182.5 0.042668 1.85191e-05
  184 183.5 0.042758 1.85582e-05
  185 184.5 0.042736 1.85486e-05
  186 185.5 0.042386 1.83967e-05
  187 186.5 0.041938 1.82023e-05
  188 187.5 0.04212 1.82813e-05
  189 188.5 0.045208 1.96215e-05
  190 189.5 0.042964 1.86476e-05
  191 190.5 0.042328 1.83715e-05
  192 191.5 0.042188 1.83108e-05
  193 192.5 0.041958 1.82109e-05
  194 193.5 0.041954 1.82092e-05
  195 194.5 0.04231 1.83637e-05
  196 195.5 0.04386 1.90365e-05
  197 196.5 0.043978 1.90877e-05
  198 197.5 0.044432 1.92847e-05
  199 198.5 0.04419 1.91797e-05
  200 199.5 0.042898 1.86189e-05
  201 200.5 0.043404 1.88385e-05
  202 201.5 0.043184 1.87431e-05
  203 202.5 0.042404 1.84045e-05
  204 203.5 0.042532 1.84601e-05
  205 204.5 0.042956 1.86441e-05
  206 205.5 0.0429 1.86198e-05
  207 206.5 0.04255 1.84679e-05
  208 207.5 0.043848 1.90312e-05
  209 208.5 0.043062 1.86901e-05
  210 209.5 0.043084 1.86997e-05
  211 210.5 0.04277 1.85634e-05
  212 211.5 0.04293 1.86328e-05
  213 212.5 0.043706 1.89696e-05
  214 213.5 0.045524 1.97587e-05
  215 214.5 0.043464 1.88646e-05
  216 215.5 0.046324 2.01059e-05
  217 216.5 0.049436 2.14566e-05
  218 217.5 0.051866 2.25113e-05
  219 218.5 0.05729 2.48655e-05
  220 219.5 0.070374 3.05443e-05
  221 220.5 0.10235 4.44227e-05
  222 221.5 0.193058 8.37925e-05
  223 222.5 0.429352 0.000186351
  224 223.5 1.0117 0.000439104
  225 224.5 2.30783 0.00100166
  226 225.5 4.73166 0.00205367
  227 226.5 8.38014 0.00363722
  228 227.5 12.775 0.00554469
  229 228.5 16.7676 0.0072776
  230 229.5 19.5732 0.00849533
  231 230.5 20.9859 0.00910844
  232 231.5 21.3556 0.00926893
  233 232.5 20.9194 0.0090796
  234 233.5 20.0309 0.00869396
  235 234.5 18.8422 0.00817804
  236 235.5 17.4459 0.00757199
  237 236.5 15.9778 0.00693481
  238 237.5 14.5577 0.00631844
  239 238.5 13.1528 0.00570869
  240 239.5 11.8194 0.00512994
  241 240.5 10.6959 0.00464232
  242 241.5 9.63989 0.00418398
  243 242.5 8.76997 0.00380641
  244 243.5 8.08584 0.00350948
  245 244.5 7.51639 0.00326232
  246 245.5 7.00067 0.00303848
  247 246.5 6.58252 0.002857
  248 247.5 6.2359 0.00270655
  249 248.5 5.97412 0.00259294
  250 249.5 5.74906 0.00249525
  251 250.5 5.58523 0.00242415
  252 251.5 5.44086 0.00236148
  253 252.5 5.33376 0.002315
  254 253.5 5.25076 0.00227898
  255 254.5 5.17712 0.00224701
  256 255.5 5.07761 0.00220382
  257 256.5 4.97039 0.00215729
  258 257.5 4.91008 0.00213111
  259 258.5 4.8855 0.00212044
  260 259.5 4.82898 0.00209591
  261 260.5 4.77324 0.00207172
  262 261.5 4.76791 0.00206941
  263 262.5 4.78192 0.00207549
  264 263.5 4.78723 0.00207779
  265 264.5 4.73829 0.00205655
  266 265.5 4.72678 0.00205155
  267 266.5 4.7269 0.00205161
  268 267.5 4.72034 0.00204876
  269 268.5 4.74746 0.00206053
  270 269.5 4.72161 0.00204931
  271 270.5 4.69199 0.00203645
  272 271.5 4.6841 0.00203303
  273 272.5 4.68628 0.00203398
  274 273.5 4.64604 0.00201651
  275 274.5 4.61111 0.00200135
  276 275.5 4.64526 0.00201617
  277 276.5 4.6179 0.0020043
  278 277.5 4.58861 0.00199158
  279 278.5 4.59805 0.00199568
  280 279.5 4.61544 0.00200323
  281 280.5 4.63711 0.00201264
  282 281.5 4.66641 0.00202535
  283 282.5 4.70419 0.00204175
  284 283.5 4.73501 0.00205513
  285 284.5 4.77493 0.00207245
  286 285.5 4.81916 0.00209165
  287 286.5 4.86516 0.00211162
  288 287.5 4.8838 0.0021197
  289 288.5 4.87051 0.00211394
  290 289.5 4.92646 0.00213822
  291 290.5 5.01049 0.00217469
  292 291.5 5.03646 0.00218596
  293 292.5 5.04267 0.00218866
  294 293.5 5.02074 0.00217914
  295 294.5 4.99654 0.00216864
  296 295.5 4.99094 0.00216621
  297 296.5 4.99273 0.00216698
  298 297.5 4.94174 0.00214485
  299 298.5 4.89009 0.00212243
  300 299.5 4.93626 0.00214248
  301 300.5 4.9729 0.00215838
  302 301.5 4.96243 0.00215383
  303 302.5 4.97311 0.00215847
  304 303.5 4.97709 0.00216019
  305 304.5 4.93185 0.00214056
  306 305.5 4.90545 0.0021291
  307 306.5 4.87941 0.0021178
  308 307.5 4.86095 0.00210979
  309 308.5 4.89916 0.00212637
  310 309.5 4.95961 0.00215261
  311 310.5 4.96389 0.00215447
  312 311.5 4.93635 0.00214251
  313 312.5 4.92768 0.00213875
  314 313.5 4.92622 0.00213812
  315 314.5 4.92839 0.00213906
  316 315.5 4.91862 0.00213482
  317 316.5 4.93549 0.00214214
  318 317.5 4.93616 0.00214243
  319 318.5 4.91235 0.0021321
  320 319.5 4.87769 0.00211705
  321 320.5 4.86851 0.00211307
  322 321.5 4.8471 0.00210378
  323 322.5 4.86364 0.00211095
  324 323.5 4.86289 0.00211063
  325 324.5 4.82171 0.00209275
  326 325.5 4.74757 0.00206058
  327 326.5 4.73082 0.00205331
  328 327.5 4.74369 0.00205889
  329 328.5 4.77459 0.0020723
  330 329.5 4.77907 0.00207425
  331 330.5 4.80988 0.00208762
  332 331.5 4.81722 0.00209081
  333 332.5 4.82952 0.00209615
  334 333.5 4.85784 0.00210844
  335 334.5 4.86047 0.00210958
  336 335.5 4.89811 0.00212591
  337 336.5 4.9026 0.00212786
  338 337.5 4.96868 0.00215655
  339 338.5 5.00865 0.00217389
  340 339.5 4.99616 0.00216847
  341 340.5 5.00936 0.0021742
  342 341.5 5.03494 0.0021853
  343 342.5 5.02677 0.00218176
  344 343.5 4.97444 0.00215905
  345 344.5 4.95668 0.00215134
  346 345.5 4.93672 0.00214267
  347 346.5 4.88743 0.00212128
  348 347.5 4.84636 0.00210346
  349 348.5 4.81392 0.00208938
  350 349.5 4.7848 0.00207674
  351 350.5 4.75948 0.00206575
  352 351.5 4.7169 0.00204727
  353 352.5 4.66104 0.00202302
  354 353.5 4.63493 0.00201169
  355 354.5 4.6327 0.00201072
  356 355.5 4.63611 0.0020122
  357 356.5 4.63108 0.00201002
  358 357.5 4.66296 0.00202385
  359 358.5 4.6444 0.0020158
  360 359.5 4.6545 0.00202018
  361 360.5 4.69188 0.00203641
  362 361.5 4.719 0.00204818
  363 362.5 4.71333 0.00204572
  364 363.5 4.75809 0.00206514
  365 364.5 4.74845 0.00206096
  366 365.5 4.74426 0.00205914
  367 366.5 4.77582 0.00207284
  368 367.5 4.83363 0.00209793
  369 368.5 4.84124 0.00210123
  370 369.5 4.83837 0.00209999
  371 370.5 4.85124 0.00210557
  372 371.5 4.88538 0.00212039
  373 372.5 4.9303 0.00213989
  374 373.5 5.00177 0.00217091
  375 374.5 5.09263 0.00221034
  376 375.5 5.20918 0.00226093
  377 376.5 5.3487 0.00232149
  378 377.5 5.51699 0.00239453
  379 378.5 5.70241 0.00247501
  380 379.5 5.94196 0.00257898
  381 380.5 6.20748 0.00269422
  382 381.5 6.5665 0.00285004
  383 382.5 7.02077 0.00304721
  384 383.5 7.56028 0.00328137
  385 384.5 8.29305 0.00359941
  386 385.5 9.1987 0.00399249
  387 386.5 10.1943 0.00442462
  388 387.5 11.2595 0.00488695
  389 388.5 12.5184 0.00543335
  390 389.5 13.9239 0.00604337
  391 390.5 15.4609 0.00671048
  392 391.5 17.0943 0.0074194
  393 392.5 18.7591 0.00814196
  394 393.5 20.4035 0.0088557
  395 394.5 21.9847 0.00954198
  396 395.5 23.5997 0.0102429
  397 396.5 25.0314 0.0108643
  398 397.5 26.4485 0.0114794
  399 398.5 27.5933 0.0119763
  400 399.5 28.5283 0.0123821
  401 400.5 29.38 0.0127517
  402 401.5 30.0759 0.0130538
  403 402.5 30.6097 0.0132855
  404 403.5 31.091 0.0134944
  405 404.5 31.4904 0.0136677
  406 405.5 31.7467 0.013779
  407 406.5 31.9748 0.013878
  408 407.5 32.1921 0.0139722
  409 408.5 32.3164 0.0140262
  410 409.5 32.4193 0.0140709
  411 410.5 32.5498 0.0141275
  412 411.5 32.6823 0.014185
  413 412.5 32.7639 0.0142204
  414 413.5 32.8319 0.01425
  415 414.5 32.9058 0.014282
  416 415.5 32.9778 0.0143133
  417 416.5 32.9332 0.0142939
  418 417.5 33.0569 0.0143476
  419 418.5 33.0471 0.0143434
  420 419.5 33.0478 0.0143437
  421 420.5 33.0536 0.0143462
  422 421.5 33.1004 0.0143665
  423 422.5 33.1222 0.0143759
  424 423.5 33.1032 0.0143677
  425 424.5 33.2148 0.0144161
  426 425.5 33.193 0.0144067
  427 426.5 33.1309 0.0143797
  428 427.5 33.0558 0.0143471
  429 428.5 33.0622 0.0143499
  430 429.5 32.9501 0.0143013
  431 430.5 32.9084 0.0142832
  432 431.5 32.8945 0.0142771
  433 432.5 32.7854 0.0142298
  434 433.5 32.7399 0.01421
  435 434.5 32.7054 0.0141951
  436 435.5 32.6593 0.0141751
  437 436.5 32.7026 0.0141938
  438 437.5 32.6807 0.0141843
  439 438.5 32.6269 0.014161
  440 439.5 32.6455 0.014169
  441 440.5 32.6055 0.0141517
  442 441.5 32.5638 0.0141336
  443 442.5 32.6114 0.0141543
  444 443.5 32.5672 0.0141351
  445 444.5 32.5416 0.014124
  446 445.5 32.5421 0.0141242
  447 446.5 32.5688 0.0141358
  448 447.5 32.5883 0.0141442
  449 448.5 32.6223 0.014159
  450 449.5 32.6567 0.0141739
  451 450.5 32.6185 0.0141573
  452 451.5 32.5791 0.0141402
  453 452.5 32.6375 0.0141656
  454 453.5 32.6171 0.0141567
  455 454.5 32.5768 0.0141392
  456 455.5 32.5972 0.0141481
  457 456.5 32.6342 0.0141641
  458 457.5 32.5552 0.0141299
  459 458.5 32.5445 0.0141252
  460 459.5 32.6494 0.0141707
  461 460.5 32.6156 0.0141561
  462 461.5 32.6287 0.0141617
  463 462.5 32.641 0.0141671
  464 463.5 32.6528 0.0141722
  465 464.5 32.6223 0.014159
  466 465.5 32.6343 0.0141642
  467 466.5 32.6255 0.0141604
  468 467.5 32.6684 0.014179
  469 468.5 32.7066 0.0141956
  470 469.5 32.7072 0.0141958
  471 470.5 32.68 0.014184
  472 471.5 32.7356 0.0142082
  473 472.5 32.7317 0.0142065
  474 473.5 32.75 0.0142144
  475 474.5 32.7342 0.0142076
  476 475.5 32.759 0.0142183
  477 476.5 32.8392 0.0142531
  478 477.5 32.8032 0.0142375
  479 478.5 32.8322 0.0142501
  480 479.5 32.7769 0.0142261
30000000 480 6038
  1 0.5 32.8455 0.0142559
  2 1.5 32.8156 0.0142429
  3 2.5 32.8097 0.0142403
  4 3.5 32.8891 0.0142748
  5 4.5 32.794 0.0142335
  6 5.5 32.8121 0.0142414
  7 6.5 32.9148 0.014286
  8 7.5 32.9669 0.0143086
  9 8.5 32.8951 0.0142774
  10 9.5 32.9491 0.0143008
  11 10.5 32.9966 0.0143214
  12 11.5 32.9658 0.0143081
  13 12.5 32.9945 0.0143205
  14 13.5 33.0235 0.0143331
  15 14.5 32.9592 0.0143052
  16 15.5 32.9541 0.014303
  17 16.5 32.9439 0.0142986
  18 17.5 32.8784 0.0142701
  19 18.5 32.7722 0.014224
  20 19.5 32.8842 0.0142727
  21 20.5 32.8729 0.0142678
  22 21.5 32.8644 0.0142641
  23 22.5 32.8687 0.0142659
  24 23.5 32.9309 0.0142929
  25 24.5 32.8346 0.0142511
  26 25.5 32.8031 0.0142375
  27 26.5 32.8312 0.0142497
  28 27.5 32.8196 0.0142446
  29 28.5 32.7826 0.0142286
  30 29.5 32.925 0.0142903
  31 30.5 32.9778 0.0143133
  32 31.5 33.0095 0.014327
  33 32.5 33.1104 0.0143709
  34 33.5 33.1958 0.0144079
  35 34.5 33.1733 0.0143981
  36 35.5 33.2297 0.0144226
  37 36.5 33.259 0.0144353
  38 37.5 33.4062 0.0144992
  39 38.5 33.3286 0.0144656
  40 39.5 33.326 0.0144644
  41 40.5 33.406 0.0144991
  42 41.5 33.3335 0.0144677
  43 42.5 33.2581 0.014435
  44 43.5 33.3076 0.0144564
  45 44.5 33.2711 0.0144406
  46 45.5 33.1518 0.0143888
  47 46.5 33.1185 0.0143744
  48 47.5 33.0725 0.0143544
  49 48.5 32.9698 0.0143098
  50 49.5 32.7927 0.0142329
  51 50.5 32.7639 0.0142205
  52 51.5 32.6998 0.0141926
  53 52.5 32.5231 0.0141159
  54 53.5 32.4044 0.0140644
  55 54.5 32.2786 0.0140098
  56 55.5 32.0873 0.0139268
  57 56.5 31.8065 0.0138049
  58 57.5 31.5725 0.0137033
  59 58.5 31.1777 0.013532
  60 59.5 30.663 0.0133086
  61 60.5 29.8935 0.0129746
  62 61.5 28.8667 0.012529
  63 62.5 27.2968 0.0118476
  64 63.5 24.9633 0.0108348
  65 64.5 21.5849 0.00936846
  66 65.5 16.8522 0.00731432
  67 66.5 11.4749 0.00498043
  68 67.5 6.68216 0.00290024
  69 68.5 3.36454 0.0014603
  70 69.5 1.49781 0.000650092
  71 70.5 0.625384 0.000271434
  72 71.5 0.268246 0.000116426
  73 72.5 0.132514 5.75148e-05
  74 73.5 0.081646 3.54366e-05
  75 74.5 0.060642 2.63203e-05
  76 75.5 0.051692 2.24358e-05
  77 76.5 0.045982 1.99575e-05
  78 77.5 0.04412 1.91493e-05
  79 78.5 0.044512 1.93194e-05
  80 79.5 0.043474 1.88689e-05
  81 80.5 0.043022 1.86727e-05
  82 81.5 0.04363 1.89366e-05
  83 82.5 0.04382 1.90191e-05
  84 83.5 0.043912 1.9059e-05
  85 84.5 0.044798 1.94436e-05
  86 85.5 0.042592 1.84861e-05
  87 86.5 0.041758 1.81241e-05
  88 87.5 0.042842 1.85946e-05
  89 88.5 0.042866 1.8605e-05
  90 89.5 0.041696 1.80972e-05
  91 90.5 0.040792 1.77049e-05
  92 91.5 0.041858 1.81675e-05
  93 92.5 0.042558 1.84714e-05
  94 93.5 0.040994 1.77925e-05
  95 94.5 0.039924 1.73281e-05
  96 95.5 0.04094 1.77691e-05
  97 96.5 0.042162 1.82995e-05
  98 97.5 0.041178 1.78724e-05
  99 98.5 0.041616 1.80625e-05
  100 99.5 0.040772 1.76962e-05
  101 100.5 0.041268 1.79115e-05
  102 101.5 0.042896 1.86181e-05
  103 102.5 0.041788 1.81372e-05
  104 103.5 0.04159 1.80512e-05
  105 104.5 0.041732 1.81128e-05
  106 105.5 0.041444 1.79878e-05
  107 106.5 0.041214 1.7888e-05
  108 107.5 0.040748 1.76858e-05
  109 108.5 0.04131 1.79297e-05
  110 109.5 0.04008 1.73958e-05
  111 110.5 0.040428 1.75469e-05
  112 111.5 0.040354 1.75148e-05
  113 112.5 0.041336 1.7941e-05
  114 113.5 0.041872 1.81736e-05
  115 114.5 0.041908 1.81892e-05
  116 115.5 0.042526 1.84575e-05
  117 116.5 0.042156 1.82969e-05
  118 117.5 0.04335 1.88151e-05
  119 118.5 0.043548 1.8901e-05
  120 119.5 0.043904 1.90556e-05
  121 120.5 0.042232 1.83299e-05
  122 121.5 0.04185 1.81641e-05
  123 122.5 0.041866 1.8171e-05
  124 123.5 0.042284 1.83524e-05
  125 124.5 0.042726 1.85443e-05
  126 125.5 0.042298 1.83585e-05
  127 126.5 0.04347 1.88672e-05
  128 127.5 0.043426 1.88481e-05
  129 128.5 0.042566 1.84748e-05
  130 129.5 0.043824 1.90208e-05
  131 130.5 0.044042 1.91155e-05
  132 131.5 0.044322 1.9237e-05
  133 132.5 0.04627 2.00825e-05
  134 133.5 0.043402 1.88377e-05
  135 134.5 0.042988 1.8658e-05
  136 135.5 0.041616 1.80625e-05
  137 136.5 0.04134 1.79427e-05
  138 137.5 0.041884 1.81788e-05
  139 138.5 0.041042 1.78134e-05
  140 139.5 0.041576 1.80451e-05
  141 140.5 0.046094 2.00061e-05
  142 141.5 0.045058 1.95564e-05
  143 142.5 0.044564 1.9342e-05
  144 143.5 0.044652 1.93802e-05
  145 144.5 0.041636 1.80712e-05
  146 145.5 0.04252 1.84549e-05
  147 146.5 0.042198 1.83151e-05
  148 147.5 0.043854 1.90339e-05
  149 148.5 0.042882 1.8612e-05
  150 149.5 0.042752 1.85556e-05
  151 150.5 0.042898 1.86189e-05
  152 151.5 0.04298 1.86545e-05
  153 152.5 0.043426 1.88481e-05
  154 153.5 0.042692 1.85295e-05
  155 154.5 0.043406 1.88394e-05
  156 155.5 0.04396 1.90799e-05
  157 156.5 0.04231 1.83637e-05
  158 157.5 0.042452 1.84253e-05
  159 158.5 0.042 1.82292e-05
  160 159.5 0.041282 1.79175e-05
  161 160.5 0.043988 1.9092e-05
  162 161.5 0.042848 1.85972e-05
  163 162.5 0.042204 1.83177e-05
  164 163.5 0.04188 1.81771e-05
  165 164.5 0.041154 1.7862e-05
  166 165.5 0.041458 1.79939e-05
  167 166.5 0.043066 1.86918e-05
  168 167.5 0.043458 1.8862e-05
  169 168.5 0.046626 2.0237e-05
  170 169.5 0.043396 1.88351e-05
  171 170.5 0.04234 1.83767e-05
  172 171.5 0.043394 1.88342e-05
  173 172.5 0.042158 1.82977e-05
  174 173.5 0.042356 1.83837e-05
  175 174.5 0.041818 1.81502e-05
  176 175.5 0.041618 1.80634e-05
  177 176.5 0.041038 1.78116e-05
  178 177.5 0.04145 1.79905e-05
  179 178.5 0.039706 1.72335e-05
  180 179.5 0.04033 1.75043e-05
  181 180.5 0.040914 1.77578e-05
  182 181.5 0.040064 1.73889e-05
  183 182.5 0.040706 1.76675e-05
  184 183.5 0.041584 1.80486e-05
  185 184.5 0.041424 1.79792e-05
  186 185.5 0.04129 1.7921e-05
  187 186.5 0.041722 1.81085e-05
  188 187.5 0.041532 1.8026e-05
  189 188.5 0.041378 1.79592e-05
  190 189.5 0.040954 1.77752e-05
  191 190.5 0.040072 1.73924e-05
  192 191.5 0.039966 1.73464e-05
  193 192.5 0.042132 1.82865e-05
  194 193.5 0.042062 1.82561e-05
  195 194.5 0.040344 1.75104e-05
  196 195.5 0.040348 1.75122e-05
  197 196.5 0.040228 1.74601e-05
  198 197.5 0.040816 1.77153e-05
  199 198.5 0.040766 1.76936e-05
  200 199.5 0.03949 1.71398e-05
  201 200.5 0.039628 1.71997e-05
  202 201.5 0.040782 1.77005e-05
  203 202.5 0.040686 1.76589e-05
  204 203.5 0.041156 1.78628e-05
  205 204.5 0.043786 1.90043e-05
  206 205.5 0.041144 1.78576e-05
  207 206.5 0.040768 1.76944e-05
  208 207.5 0.041142 1.78568e-05
  209 208.5 0.04092 1.77604e-05
  210 209.5 0.041638 1.8072e-05
  211 210.5 0.040852 1.77309e-05
  212 211.5 0.042926 1.86311e-05
  213 212.5 0.042722 1.85425e-05
  214 213.5 0.044792 1.9441e-05
  215 214.5 0.04417 1.9171e-05
  216 215.5 0.047108 2.04462e-05
  217 216.5 0.046652 2.02483e-05
  218 217.5 0.051336 2.22812e-05
  219 218.5 0.05904 2.5625e-05
  220 219.5 0.075852 3.29219e-05
  221 220.5 0.11861 5.148e-05
  222 221.5 0.225842 9.80217e-05
  223 222.5 0.514592 0.000223347
  224 223.5 1.21897 0.000529069
  225 224.5 2.73782 0.00118829
  226 225.5 5.48887 0.00238232
  227 226.5 9.47245 0.00411131
  228 227.5 13.9939 0.00607375
  229 228.5 17.8398 0.00774296
  230 229.5 20.1613 0.00875058
  231 230.5 21.1604 0.00918421
  232 231.5 21.2725 0.00923287
  233 232.5 20.7448 0.00900381
  234 233.5 19.7261 0.00856165
  235 234.5 18.5111 0.00803432
  236 235.5 17.1566 0.00744643
  237 236.5 15.7248 0.006825
  238 237.5 14.2833 0.00619935
  239 238.5 13.0026 0.0056435
  240 239.5 11.7989 0.00512103
  241 240.5 10.6864 0.00463821
  242 241.5 9.67847 0.00420073
  243 242.5 8.89957 0.00386266
  244 243.5 8.1832 0.00355174
  245 244.5 7.54258 0.00327369
  246 245.5 7.02681 0.00304983
  247 246.5 6.67383 0.00289663
  248 247.5 6.37961 0.00276893
  249 248.5 6.11534 0.00265423
  250 249.5 5.86818 0.00254695
  251 250.5 5.69357 0.00247117
  252 251.5 5.6046 0.00243255
  253 252.5 5.49773 0.00238617
  254 253.5 5.42189 0.00235325
  255 254.5 5.31445 0.00230662
  256 255.5 5.23573 0.00227245
  257 256.5 5.17046 0.00224413
  258 257.5 5.12322 0.00222362
  259 258.5 5.0487 0.00219128
  260 259.5 5.00658 0.00217299
  261 260.5 4.97852 0.00216082
  262 261.5 4.96601 0.00215539
  263 262.5 4.92655 0.00213826
  264 263.5 4.88686 0.00212103
  265 264.5 4.85352 0.00210656
  266 265.5 4.77405 0.00207207
  267 266.5 4.72697 0.00205164
  268 267.5 4.72624 0.00205132
  269 268.5 4.72776 0.00205198
  270 269.5 4.70957 0.00204409
  271 270.5 4.71992 0.00204858
  272 271.5 4.75757 0.00206492
  273 272.5 4.80806 0.00208683
  274 273.5 4.80655 0.00208617
  275 274.5 4.7915 0.00207965
  276 275.5 4.79562 0.00208143
  277 276.5 4.76447 0.00206791
  278 277.5 4.70486 0.00204204
  279 278.5 4.73081 0.0020533
  280 279.5 4.77449 0.00207226
  281 280.5 4.75844 0.0020653
  282 281.5 4.72923 0.00205262
  283 282.5 4.72689 0.0020516
  284 283.5 4.74655 0.00206013
  285 284.5 4.76731 0.00206914
  286 285.5 4.74769 0.00206063
  287 286.5 4.73115 0.00205345
  288 287.5 4.69747 0.00203883
  289 288.5 4.69214 0.00203652
  290 289.5 4.71165 0.00204499
  291 290.5 4.70211 0.00204085
  292 291.5 4.69737 0.00203879
  293 292.5 4.67653 0.00202974
  294 293.5 4.6731 0.00202826
  295 294.5 4.64937 0.00201796
  296 295.5 4.63459 0.00201154
  297 296.5 4.67088 0.00202729
  298 297.5 4.71532 0.00204658
  299 298.5 4.69363 0.00203716
  300 299.5 4.70811 0.00204345
  301 300.5 4.79314 0.00208036
  302 301.5 4.80906 0.00208727
  303 302.5 4.84327 0.00210211
  304 303.5 4.87664 0.0021166
  305 304.5 4.88764 0.00212137
  306 305.5 4.89476 0.00212446
  307 306.5 4.88836 0.00212169
  308 307.5 4.88062 0.00211832
  309 308.5 4.88464 0.00212007
  310 309.5 4.90459 0.00212873
  311 310.5 4.96257 0.00215389
  312 311.5 4.99094 0.00216621
  313 312.5 5.01409 0.00217626
  314 313.5 5.02952 0.00218295
  315 314.5 5.05209 0.00219275
  316 315.5 5.07054 0.00220076
  317 316.5 5.09263 0.00221034
  318 317.5 5.09558 0.00221162
  319 318.5 5.10464 0.00221556
  320 319.5 5.12885 0.00222607
  321 320.5 5.14955 0.00223505
  322 321.5 5.12635 0.00222498
  323 322.5 5.10499 0.00221571
  324 323.5 5.12549 0.0022246
  325 324.5 5.11865 0.00222164
  326 325.5 5.09911 0.00221315
  327 326.5 5.10315 0.00221491
  328 327.5 5.11299 0.00221918
  329 328.5 5.09096 0.00220962
  330 329.5 5.00483 0.00217223
  331 330.5 4.96993 0.00215709
  332 331.5 4.9232 0.00213681
  333 332.5 4.89536 0.00212472
  334 333.5 4.84245 0.00210176
  335 334.5 4.78983 0.00207892
  336 335.5 4.76643 0.00206876
  337 336.5 4.74376 0.00205892
  338 337.5 4.67143 0.00202753
  339 338.5 4.68728 0.00203441
  340 339.5 4.70713 0.00204303
  341 340.5 4.69063 0.00203586
  342 341.5 4.69266 0.00203675
  343 342.5 4.67415 0.00202871
  344 343.5 4.70522 0.0020422
  345 344.5 4.7171 0.00204735
  346 345.5 4.72062 0.00204888
  347 346.5 4.73817 0.0020565
  348 347.5 4.78642 0.00207744
  349 348.5 4.81459 0.00208967
  350 349.5 4.8309 0.00209675
  351 350.5 4.80757 0.00208662
  352 351.5 4.80494 0.00208548
  353 352.5 4.7807 0.00207496
  354 353.5 4.79694 0.002082
  355 354.5 4.83942 0.00210044
  356 355.5 4.87519 0.00211597
  357 356.5 4.87363 0.00211529
  358 357.5 4.89004 0.00212241
  359 358.5 4.94065 0.00214438
  360 359.5 4.98476 0.00216353
  361 360.5 5.0089 0.002174
  362 361.5 4.99271 0.00216698
  363 362.5 4.98625 0.00216417
  364 363.5 4.99806 0.0021693
  365 364.5 4.97975 0.00216135
  366 365.5 4.96235 0.0021538
  367 366.5 4.93261 0.00214089
  368 367.5 4.90814 0.00213027
  369 368.5 4.92738 0.00213862
  370 369.5 4.93827 0.00214334
  371 370.5 4.905 0.0021289
  372 371.5 4.87353 0.00211525
  373 372.5 4.86888 0.00211323
  374 373.5 4.89247 0.00212347
  375 374.5 4.95085 0.0021488
  376 375.5 4.96352 0.00215431
  377 376.5 5.07211 0.00220143
  378 377.5 5.18609 0.00225091
  379 378.5 5.29664 0.00229889
  380 379.5 5.41164 0.0023488
  381 380.5 5.57643 0.00242033
  382 381.5 5.81629 0.00252443
  383 382.5 6.15527 0.00267156
  384 383.5 6.59124 0.00286078
  385 384.5 7.10424 0.00308344
  386 385.5 7.75496 0.00336587
  387 386.5 8.57956 0.00372377
  388 387.5 9.57915 0.00415762
  389 388.5 10.782 0.00467967
  390 389.5 12.1104 0.00525627
  391 390.5 13.6174 0.00591032
  392 391.5 15.2719 0.00662841
  393 392.5 17.0283 0.00739077
  394 393.5 18.7974 0.0081586
  395 394.5 20.6034 0.00894243
  396 395.5 22.3553 0.00970281
  397 396.5 24.0144 0.0104229
  398 397.5 25.5605 0.011094
  399 398.5 26.8994 0.0116751
  400 399.5 27.9799 0.012144
  401 400.5 28.9806 0.0125784
  402 401.5 29.7885 0.012929
  403 402.5 30.4258 0.0132056
  404 403.5 31.0233 0.013465
  405 404.5 31.4874 0.0136664
  406 405.5 31.896 0.0138437
  407 406.5 32.2286 0.0139881
  408 407.5 32.4414 0.0140805
  409 408.5 32.6388 0.0141661
  410 409.5 32.7309 0.0142061
  411 410.5 32.8044 0.014238
  412 411.5 32.8901 0.0142752
  413 412.5 32.9557 0.0143037
  414 413.5 32.9429 0.0142981
  415 414.5 32.9387 0.0142963
  416 415.5 32.989 0.0143182
  417 416.5 32.9906 0.0143188
  418 417.5 32.998 0.0143221
  419 418.5 33.1043 0.0143682
  420 419.5 33.1281 0.0143785
  421 420.5 33.0614 0.0143496
  422 421.5 33.1221 0.0143759
  423 422.5 33.1296 0.0143792
  424 423.5 33.1242 0.0143768
  425 424.5 33.1408 0.014384
  426 425.5 33.1863 0.0144038
  427 426.5 33.0499 0.0143446
  428 427.5 33.0904 0.0143622
  429 428.5 33.1183 0.0143743
  430 429.5 33.1416 0.0143844
  431 430.5 33.1245 0.0143769
  432 431.5 33.184 0.0144028
  433 432.5 33.2174 0.0144173
  434 433.5 33.176 0.0143993
  435 434.5 33.2204 0.0144186
  436 435.5 33.2721 0.014441
  437 436.5 33.2649 0.0144379
  438 437.5 33.2322 0.0144237
  439 438.5 33.3215 0.0144624
  440 439.5 33.3964 0.0144949
  441 440.5 33.3332 0.0144675
  442 441.5 33.3534 0.0144763
  443 442.5 33.4181 0.0145044
  444 443.5 33.3503 0.014475
  445 444.5 33.3621 0.0144801
  446 445.5 33.4887 0.014535
  447 446.5 33.4782 0.0145305
  448 447.5 33.3987 0.0144959
  449 448.5 33.4324 0.0145106
  450 449.5 33.5311 0.0145534
  451 450.5 33.44 0.0145139
  452 451.5 33.4304 0.0145097
  453 452.5 33.4882 0.0145348
  454 453.5 33.4759 0.0145295
  455 454.5 33.4575 0.0145215
  456 455.5 33.4357 0.014512
  457 456.5 33.4314 0.0145101
  458 457.5 33.3646 0.0144811
  459 458.5 33.3195 0.0144616
  460 459.5 33.3076 0.0144564
  461 460.5 33.2954 0.0144511
  462 461.5 33.2489 0.0144309
  463 462.5 33.209 0.0144136
  464 463.5 33.1931 0.0144067
  465 464.5 33.1493 0.0143877
  466 465.5 33.1997 0.0144096
  467 466.5 33.1541 0.0143898
  468 467.5 33.0337 0.0143376
  469 468.5 33.0423 0.0143413
  470 469.5 33.0241 0.0143334
  471 470.5 32.9662 0.0143083
  472 471.5 32.9202 0.0142883
  473 472.5 32.9647 0.0143076
  474 473.5 32.9321 0.0142934
  475 474.5 32.8811 0.0142713
  476 475.5 32.9523 0.0143022
  477 476.5 32.9895 0.0143184
  478 477.5 32.8881 0.0142744
  479 478.5 32.8574 0.014261
  480 479.5 32.9112 0.0142844
40000000 480 6038
  1 0.5 32.8881 0.0142743
  2 1.5 32.9336 0.0142941
  3 2.5 33.0004 0.0143231
  4 3.5 32.9207 0.0142885
  5 4.5 32.942 0.0142977
  6 5.5 33.0691 0.0143529
  7 6.5 33.0066 0.0143258
  8 7.5 32.965 0.0143077
  9 8.5 33.1108 0.014371
  10 9.5 33.1505 0.0143882
  11 10.5 33.0929 0.0143632
  12 11.5 33.11 0.0143707
  13 12.5 33.1953 0.0144077
  14 13.5 33.1319 0.0143802
  15 14.5 33.0284 0.0143352
  16 15.5 33.1003 0.0143665
  17 16.5 33.0855 0.01436
  18 17.5 33.0602 0.0143491
  19 18.5 33.0086 0.0143266
  20 19.5 33.0413 0.0143408
  21 20.5 32.9977 0.0143219
  22 21.5 33.0149 0.0143294
  23 22.5 33.0757 0.0143558
  24 23.5 33.0539 0.0143463
  25 24.5 33.0292 0.0143356
  26 25.5 33.0776 0.0143566
  27 26.5 33.0907 0.0143623
  28 27.5 32.9765 0.0143127
  29 28.5 33.0063 0.0143257
  30 29.5 33.0608 0.0143493
  31 30.5 33.0375 0.0143392
  32 31.5 33.0644 0.0143509
  33 32.5 33.1178 0.0143741
  34 33.5 33.0485 0.014344
  35 34.5 33.0427 0.0143415
  36 35.5 33.1162 0.0143733
  37 36.5 33.1094 0.0143704
  38 37.5 33.0485 0.0143439
  39 38.5 33.0787 0.0143571
  40 39.5 33.0729 0.0143546
  41 40.5 33.094 0.0143637
  42 41.5 32.9849 0.0143164
  43 42.5 33.0738 0.014355
  44 43.5 33.0337 0.0143375
  45 44.5 32.9837 0.0143159
  46 45.5 32.9064 0.0142823
  47 46.5 32.9875 0.0143175
  48 47.5 32.9975 0.0143218
  49 48.5 32.9147 0.0142859
  50 49.5 32.9258 0.0142907
  51 50.5 32.9442 0.0142987
  52 51.5 32.8697 0.0142664
  53 52.5 32.7768 0.014226
  54 53.5 32.8006 0.0142364
  55 54.5 32.7017 0.0141934
  56 55.5 32.4885 0.0141009
  57 56.5 32.2548 0.0139995
  58 57.5 32.0168 0.0138962
  59 58.5 31.6151 0.0137218
  60 59.5 30.9933 0.0134519
  61 60.5 30.3179 0.0131588
  62 61.5 29.1792 0.0126646
  63 62.5 27.4597 0.0119183
  64 63.5 25.0736 0.0108826
  65 64.5 21.5749 0.00936411
  66 65.5 16.8236 0.00730189
  67 66.5 11.4958 0.00498948
  68 67.5 6.8076 0.00295469
  69 68.5 3.48568 0.00151288
  70 69.5 1.58394 0.000687474
  71 70.5 0.659212 0.000286116
  72 71.5 0.285018 0.000123706
  73 72.5 0.14272 6.19444e-05
  74 73.5 0.0838 3.63715e-05
  75 74.5 0.061858 2.68481e-05
  76 75.5 0.053534 2.32352e-05
  77 76.5 0.048194 2.09175e-05
  78 77.5 0.047622 2.06693e-05
  79 78.5 0.045494 1.97457e-05
  80 79.5 0.04363 1.89366e-05
  81 80.5 0.043572 1.89115e-05
  82 81.5 0.043212 1.87552e-05
  83 82.5 0.042552 1.84687e-05
  84 83.5 0.04223 1.8329e-05
  85 84.5 0.04261 1.84939e-05
  86 85.5 0.042894 1.86172e-05
  87 86.5 0.043046 1.86832e-05
  88 87.5 0.040822 1.77179e-05
  89 88.5 0.04145 1.79905e-05
  90 89.5 0.042142 1.82908e-05
  91 90.5 0.042688 1.85278e-05
  92 91.5 0.04146 1.79948e-05
  93 92.5 0.042346 1.83793e-05
  94 93.5 0.0424 1.84028e-05
  95 94.5 0.043284 1.87865e-05
  96 95.5 0.041896 1.8184e-05
  97 96.5 0.043076 1.86962e-05
  98 97.5 0.042538 1.84627e-05
  99 98.5 0.04356 1.89063e-05
  100 99.5 0.041712 1.81042e-05
  101 100.5 0.043524 1.88906e-05
  102 101.5 0.040728 1.76771e-05
  103 102.5 0.040572 1.76094e-05
  104 103.5 0.040388 1.75295e-05
  105 104.5 0.040672 1.76528e-05
  106 105.5 0.040656 1.76458e-05
  107 106.5 0.041018 1.7803e-05
  108 107.5 0.040966 1.77804e-05
  109 108.5 0.043486 1.88741e-05
  110 109.5 0.040748 1.76858e-05
  111 110.5 0.043138 1.87231e-05
  112 111.5 0.04189 1.81814e-05
  113 112.5 0.042028 1.82413e-05
  114 113.5 0.043458 1.8862e-05
  115 114.5 0.043472 1.88681e-05
  116 115.5 0.043314 1.87995e-05
  117 116.5 0.04303 1.86762e-05
  118 117.5 0.04355 1.89019e-05
  119 118.5 0.041982 1.82214e-05
  120 119.5 0.041956 1.82101e-05
  121 120.5 0.042476 1.84358e-05
  122 121.5 0.042714 1.85391e-05
  123 122.5 0.042704 1.85347e-05
  124 123.5 0.043168 1.87361e-05
  125 124.5 0.04267 1.852e-05
  126 125.5 0.042736 1.85486e-05
  127 126.5 0.043956 1.90781e-05
  128 127.5 0.043486 1.88741e-05
  129 128.5 0.042494 1.84436e-05
  130 129.5 0.042354 1.83828e-05
  131 130.5 0.042048 1.825e-05
  132 131.5 0.042242 1.83342e-05
  133 132.5 0.04243 1.84158e-05
  134 133.5 0.044446 1.92908e-05
  135 134.5 0.042768 1.85625e-05
  136 135.5 0.04293 1.86328e-05
  137 136.5 0.043538 1.88967e-05
  138 137.5 0.043148 1.87274e-05
  139 138.5 0.04395 1.90755e-05
  140 139.5 0.043314 1.87995e-05
  141 140.5 0.043188 1.87448e-05
  142 141.5 0.04322 1.87587e-05
  143 142.5 0.043864 1.90382e-05
  144 143.5 0.043204 1.87517e-05
  145 144.5 0.043844 1.90295e-05
  146 145.5 0.044832 1.94583e-05
  147 146.5 0.043924 1.90642e-05
  148 147.5 0.04389 1.90495e-05
  149 148.5 0.044282 1.92196e-05
  150 149.5 0.04428 1.92187e-05
  151 150.5 0.044246 1.9204e-05
  152 151.5 0.043348 1.88142e-05
  153 152.5 0.042864 1.86042e-05
  154 153.5 0.043134 1.87214e-05
  155 154.5 0.043612 1.89288e-05
  156 155.5 0.043568 1.89097e-05
  157 156.5 0.044174 1.91727e-05
  158 157.5 0.047912 2.07951e-05
  159 158.5 0.046894 2.03533e-05
  160 159.5 0.04555 1.977e-05
  161 160.5 0.044082 1.91328e-05
  162 161.5 0.0434 1.88368e-05
  163 162.5 0.043132 1.87205e-05
  164 163.5 0.044678 1.93915e-05
  165 164.5 0.044172 1.91719e-05
  166 165.5 0.044172 1.91719e-05
  167 166.5 0.04333 1.88064e-05
  168 167.5 0.043212 1.87552e-05
  169 168.5 0.043946 1.90738e-05
  170 169.5 0.043048 1.8684e-05
  171 170.5 0.043098 1.87057e-05
  172 171.5 0.042544 1.84653e-05
  173 172.5 0.042662 1.85165e-05
  174 173.5 0.043136 1.87222e-05
  175 174.5 0.04315 1.87283e-05
  176 175.5 0.042422 1.84123e-05
  177 176.5 0.04463 1.93707e-05
  178 177.5 0.045236 1.96337e-05
  179 178.5 0.042514 1.84523e-05
  180 179.5 0.043052 1.86858e-05
  181 180.5 0.043136 1.87222e-05
  182 181.5 0.04509 1.95703e-05
  183 182.5 0.042852 1.8599e-05
  184 183.5 0.043046 1.86832e-05
  185 184.5 0.04294 1.86372e-05
  186 185.5 0.042862 1.86033e-05
  187 186.5 0.044256 1.92083e-05
  188 187.5 0.042378 1.83932e-05
  189 188.5 0.042844 1.85955e-05
  190 189.5 0.042708 1.85365e-05
  191 190.5 0.04348 1.88715e-05
  192 191.5 0.041834 1.81571e-05
  193 192.5 0.042602 1.84905e-05
  194 193.5 0.041762 1.81259e-05
  195 194.5 0.041954 1.82092e-05
  196 195.5 0.0438 1.90104e-05
  197 196.5 0.042254 1.83394e-05
  198 197.5 0.042966 1.86484e-05
  199 198.5 0.042276 1.8349e-05
  200 199.5 0.041994 1.82266e-05
  201 200.5 0.041282 1.79175e-05
  202 201.5 0.042516 1.84531e-05
  203 202.5 0.042606 1.84922e-05
  204 203.5 0.041458 1.79939e-05
  205 204.5 0.042216 1.83229e-05
  206 205.5 0.0431 1.87066e-05
  207 206.5 0.042792 1.85729e-05
  208 207.5 0.043008 1.86667e-05
  209 208.5 0.044032 1.91111e-05
  210 209.5 0.043756 1.89913e-05
  211 210.5 0.041992 1.82257e-05
  212 211.5 0.041972 1.8217e-05
  213 212.5 0.042754 1.85564e-05
  214 213.5 0.043884 1.90469e-05
  215 214.5 0.044816 1.94514e-05
  216 215.5 0.045176 1.96076e-05
  217 216.5 0.04871 2.11415e-05
  218 217.5 0.05133 2.22786e-05
  219 218.5 0.057806 2.50894e-05
  220 219.5 0.07702 3.34288e-05
  221 220.5 0.120552 5.23229e-05
  222 221.5 0.243026 0.00010548
  223 222.5 0.55938 0.000242786
  224 223.5 1.31308 0.000569912
  225 224.5 2.9139 0.00126472
  226 225.5 5.71961 0.00248247
  227 226.5 9.63346 0.00418119
  228 227.5 13.9446 0.00605235
  229 228.5 17.522 0.00760505
  230 229.5 19.6769 0.00854034
  231 230.5 20.5346 0.00891257
  232 231.5 20.4608 0.00888057
  233 232.5 19.8295 0.00860654
  234 233.5 18.8241 0.0081702
  235 234.5 17.5452 0.00761509
  236 235.5 16.1941 0.00702871
  237 236.5 14.8106 0.00642822
  238 237.5 13.4712 0.00584689
  239 238.5 12.1664 0.00528057
  240 239.5 10.9362 0.00474661
  241 240.5 9.8946 0.00429453
  242 241.5 9.00991 0.00391055
  243 242.5 8.26174 0.00358582
  244 243.5 7.66559 0.00332708
  245 244.5 7.16506 0.00310984
  246 245.5 6.73724 0.00292415
  247 246.5 6.4082 0.00278134
  248 247.5 6.10028 0.00264769
  249 248.5 5.90107 0.00256123
  250 249.5 5.75273 0.00249685
  251 250.5 5.64291 0.00244918
  252 251.5 5.57565 0.00241999
  253 252.5 5.54301 0.00240582
  254 253.5 5.46482 0.00237188
  255 254.5 5.3441 0.00231949
  256 255.5 5.26648 0.0022858
  257 256.5 5.25299 0.00227994
  258 257.5 5.19531 0.00225491
  259 258.5 5.14361 0.00223247
  260 259.5 5.09602 0.00221181
  261 260.5 5.07417 0.00220233
  262 261.5 5.08262 0.002206
  263 262.5 5.07657 0.00220337
  264 263.5 5.05807 0.00219534
  265 264.5 5.10347 0.00221505
  266 265.5 5.09441 0.00221111
  267 266.5 5.09296 0.00221049
  268 267.5 5.08081 0.00220521
  269 268.5 5.04757 0.00219078
  270 269.5 5.07203 0.0022014
  271 270.5 5.08368 0.00220646
  272 271.5 5.07659 0.00220338
  273 272.5 5.04842 0.00219116
  274 273.5 5.04357 0.00218905
  275 274.5 5.07252 0.00220162
  276 275.5 5.08353 0.00220639
  277 276.5 5.08526 0.00220714
  278 277.5 5.11056 0.00221813
  279 278.5 5.11393 0.00221959
  280 279.5 5.06149 0.00219683
  281 280.5 5.04461 0.0021895
  282 281.5 5.03797 0.00218662
  283 282.5 5.0859 0.00220742
  284 283.5 5.13366 0.00222815
  285 284.5 5.15484 0.00223734
  286 285.5 5.17574 0.00224641
  287 286.5 5.19286 0.00225384
  288 287.5 5.1713 0.00224449
  289 288.5 5.13587 0.00222911
  290 289.5 5.06728 0.00219934
  291 290.5 5.03421 0.00218499
  292 291.5 5.02145 0.00217945
  293 292.5 5.05432 0.00219371
  294 293.5 5.06707 0.00219925
  295 294.5 5.09275 0.00221039
  296 295.5 5.07217 0.00220146
  297 296.5 5.09974 0.00221343
  298 297.5 5.10119 0.00221406
  299 298.5 5.0634 0.00219766
  300 299.5 5.07431 0.00220239
  301 300.5 5.10679 0.00221649
  302 301.5 5.14898 0.0022348
  303 302.5 5.17574 0.00224641
  304 303.5 5.19955 0.00225675
  305 304.5 5.16639 0.00224236
  306 305.5 5.11346 0.00221939
  307 306.5 5.10834 0.00221716
  308 307.5 5.12102 0.00222267
  309 308.5 5.09785 0.00221261
  310 309.5 5.08531 0.00220716
  311 310.5 5.07929 0.00220455
  312 311.5 5.10184 0.00221434
  313 312.5 5.06311 0.00219753
  314 313.5 5.04159 0.00218819
  315 314.5 5.04054 0.00218773
  316 315.5 5.00564 0.00217259
  317 316.5 4.94301 0.0021454
  318 317.5 4.93805 0.00214325
  319 318.5 4.92379 0.00213706
  320 319.5 4.87941 0.0021178
  321 320.5 4.8671 0.00211246
  322 321.5 4.90397 0.00212846
  323 322.5 4.90763 0.00213005
  324 323.5 4.87368 0.00211531
  325 324.5 4.89978 0.00212664
  326 325.5 4.85973 0.00210926
  327 326.5 4.82229 0.00209301
  328 327.5 4.81699 0.00209071
  329 328.5 4.82175 0.00209277
  330 329.5 4.8053 0.00208563
  331 330.5 4.79685 0.00208197
  332 331.5 4.80532 0.00208564
  333 332.5 4.81414 0.00208947
  334 333.5 4.79497 0.00208115
  335 334.5 4.77543 0.00207267
  336 335.5 4.73968 0.00205715
  337 336.5 4.72709 0.00205169
  338 337.5 4.70057 0.00204018
  339 338.5 4.67702 0.00202996
  340 339.5 4.69518 0.00203784
  341 340.5 4.65667 0.00202112
  342 341.5 4.62158 0.0020059
  343 342.5 4.58547 0.00199022
  344 343.5 4.54502 0.00197266
  345 344.5 4.55822 0.00197839
  346 345.5 4.57 0.00198351
  347 346.5 4.60629 0.00199926
  348 347.5 4.65609 0.00202087
  349 348.5 4.70251 0.00204102
  350 349.5 4.69607 0.00203823
  351 350.5 4.74366 0.00205888
  352 351.5 4.77664 0.00207319
  353 352.5 4.80136 0.00208392
  354 353.5 4.78666 0.00207754
  355 354.5 4.78751 0.00207791
  356 355.5 4.76613 0.00206863
  357 356.5 4.73266 0.00205411
  358 357.5 4.74943 0.00206138
  359 358.5 4.80715 0.00208644
  360 359.5 4.82725 0.00209516
  361 360.5 4.87787 0.00211713
  362 361.5 4.89744 0.00212562
  363 362.5 4.87466 0.00211574
  364 363.5 4.88422 0.00211989
  365 364.5 4.88845 0.00212172
  366 365.5 4.89507 0.00212459
  367 366.5 4.89825 0.00212598
  368 367.5 4.88664 0.00212094
  369 368.5 4.92205 0.00213631
  370 369.5 4.95773 0.00215179
  371 370.5 4.99848 0.00216948
  372 371.5 5.02376 0.00218045
  373 372.5 5.02638 0.00218159
  374 373.5 5.02319 0.0021802
  375 374.5 5.06688 0.00219917
  376 375.5 5.15869 0.00223901
  377 376.5 5.222 0.00226649
  378 377.5 5.35833 0.00232566
  379 378.5 5.51941 0.00239558
  380 379.5 5.68934 0.00246933
  381 380.5 5.97102 0.00259159
  382 381.5 6.34417 0.00275355
  383 382.5 6.77964 0.00294255
  384 383.5 7.31457 0.00317473
  385 384.5 7.91216 0.0034341
  386 385.5 8.65891 0.00375821
  387 386.5 9.55672 0.00414788
  388 387.5 10.5699 0.00458763
  389 388.5 11.7891 0.00511678
  390 389.5 13.0878 0.00568048
  391 390.5 14.6274 0.0063487
  392 391.5 16.2455 0.00705099
  393 392.5 17.9571 0.00779387
  394 393.5 19.6095 0.00851107
  395 394.5 21.2902 0.00924055
  396 395.5 22.9171 0.00994664
  397 396.5 24.341 0.0105647
  398 397.5 25.639 0.011128
  399 398.5 26.871 0.0116628
  400 399.5 27.9074 0.0121126
  401 400.5 28.7695 0.0124867
  402 401.5 29.4848 0.0127972
  403 402.5 30.1789 0.0130985
  404 403.5 30.6857 0.0133184
  405 404.5 31.097 0.013497
  406 405.5 31.4401 0.0136459
  407 406.5 31.6939 0.013756
  408 407.5 31.8938 0.0138428
  409 408.5 32.1042 0.0139341
  410 409.5 32.2634 0.0140032
  411 410.5 32.368 0.0140486
  412 411.5 32.4762 0.0140956
  413 412.5 32.5581 0.0141311
  414 413.5 32.5568 0.0141306
  415 414.5 32.5753 0.0141386
  416 415.5 32.6542 0.0141728
  417 416.5 32.6904 0.0141885
  418 417.5 32.63 0.0141623
  419 418.5 32.7197 0.0142012
  420 419.5 32.8306 0.0142494
  421 420.5 32.7386 0.0142095
  422 421.5 32.764 0.0142205
  423 422.5 32.9022 0.0142805
  424 423.5 32.8992 0.0142792
  425 424.5 32.8979 0.0142786
  426 425.5 32.9728 0.0143111
  427 426.5 33.0568 0.0143476
  428 427.5 33.0799 0.0143576
  429 428.5 33.0431 0.0143416
  430 429.5 33.1678 0.0143957
  431 430.5 33.1868 0.014404
  432 431.5 33.1131 0.014372
  433 432.5 33.0664 0.0143518
  434 433.5 33.1056 0.0143688
  435 434.5 32.9383 0.0142961
  436 435.5 32.9451 0.0142991
  437 436.5 32.9217 0.0142889
  438 437.5 32.952 0.0143021
  439 438.5 32.8301 0.0142492
  440 439.5 32.8897 0.014275
  441 440.5 32.9034 0.014281
  442 441.5 32.9001 0.0142796
  443 442.5 32.883 0.0142721
  444 443.5 32.985 0.0143164
  445 444.5 32.9714 0.0143105
  446 445.5 32.9423 0.0142979
  447 446.5 32.9835 0.0143158
  448 447.5 32.9943 0.0143204
  449 448.5 32.998 0.014322
  450 449.5 33.0236 0.0143332
  451 450.5 33.0631 0.0143503
  452 451.5 33.0629 0.0143502
  453 452.5 33.0553 0.0143469
  454 453.5 33.1183 0.0143743
  455 454.5 33.1406 0.014384
  456 455.5 33.0834 0.0143591
  457 456.5 33.129 0.0143789
  458 457.5 33.1869 0.014404
  459 458.5 33.0745 0.0143553
  460 459.5 33.0535 0.0143461
  461 460.5 33.1343 0.0143812
  462 461.5 33.1018 0.0143671
  463 462.5 33.1052 0.0143686
  464 463.5 33.1804 0.0144012
  465 464.5 33.1837 0.0144026
  466 465.5 33.1383 0.0143829
  467 466.5 33.1173 0.0143738
  468 467.5 33.1153 0.014373
  469 468.5 33.129 0.0143789
  470 469.5 33.1551 0.0143902
  471 470.5 33.1015 0.014367
  472 471.5 33.113 0.014372
  473 472.5 33.042 0.0143412
  474 473.5 33.0365 0.0143388
  475 474.5 32.9574 0.0143044
  476 475.5 33.0334 0.0143374
  477 476.5 32.9697 0.0143098
  478 477.5 32.9302 0.0142926
  479 478.5 32.9346 0.0142945
  480 479.5 32.9852 0.0143165
50000000 480 6038
  1 0.5 33.6186 0.0145914
  2 1.5 33.6516 0.0146057
  3 2.5 33.6583 0.0146086
  4 3.5 33.7159 0.0146336
  5 4.5 33.6358 0.0145989
  6 5.5 33.7019 0.0146276
  7 6.5 33.7042 0.0146286
  8 7.5 33.6818 0.0146188
  9 8.5 33.7084 0.0146304
  10 9.5 33.7234 0.0146369
  11 10.5 33.731 0.0146402
  12 11.5 33.7196 0.0146352
  13 12.5 33.8099 0.0146744
  14 13.5 33.7848 0.0146635
  15 14.5 33.7127 0.0146322
  16 15.5 33.7418 0.0146449
  17 16.5 33.7619 0.0146536
  18 17.5 33.7418 0.0146449
  19 18.5 33.6669 0.0146124
  20 19.5 33.6931 0.0146238
  21 20.5 33.6795 0.0146178
  22 21.5 33.5881 0.0145782
  23 22.5 33.5295 0.0145527
  24 23.5 33.6042 0.0145851
  25 24.5 33.5716 0.014571
  26 25.5 33.5196 0.0145484
  27 26.5 33.452 0.0145191
  28 27.5 33.5263 0.0145514
  29 28.5 33.4278 0.0145086
  30 29.5 33.3109 0.0144579
  31 30.5 33.3288 0.0144656
  32 31.5 33.3536 0.0144764
  33 32.5 33.3318 0.0144669
  34 33.5 33.2801 0.0144445
  35 34.5 33.3075 0.0144564
  36 35.5 33.2605 0.014436
  37 36.5 33.1946 0.0144074
  38 37.5 33.1644 0.0143943
  39 38.5 33.1792 0.0144007
  40 39.5 33.0977 0.0143653
  41 40.5 33.0539 0.0143463
  42 41.5 33.1109 0.0143711
  43 42.5 33.0726 0.0143544
  44 43.5 33.1099 0.0143706
  45 44.5 33.0664 0.0143517
  46 45.5 33.1133 0.0143721
  47 46.5 33.0888 0.0143615
  48 47.5 33.0766 0.0143562
  49 48.5 33.0341 0.0143377
  50 49.5 33.0631 0.0143503
  51 50.5 32.9568 0.0143042
  52 51.5 32.894 0.0142769
  53 52.5 32.853 0.0142591
  54 53.5 32.6855 0.0141864
  55 54.5 32.5036 0.0141075
  56 55.5 32.2323 0.0139897
  57 56.5 31.8411 0.0138199
  58 57.5 31.4015 0.0136291
  59 58.5 30.7344 0.0133396
  60 59.5 29.6821 0.0128828
  61 60.5 28.219 0.0122478
  62 61.5 26.0588 0.0113103
  63 62.5 22.8461 0.00991586
  64 63.5 18.3386 0.00795945
  65 64.5 13.0595 0.0056682
  66 65.5 8.0898 0.0035112
  67 66.5 4.34848 0.00188736
  68 67.5 2.06074 0.000894417
  69 68.5 0.883054 0.00038327
  70 69.5 0.367782 0.000159628
  71 70.5 0.173626 7.53585e-05
  72 71.5 0.099544 4.32049e-05
  73 72.5 0.068244 2.96198e-05
  74 73.5 0.056422 2.44887e-05
  75 74.5 0.050184 2.17813e-05
  76 75.5 0.047194 2.04835e-05
  77 76.5 0.045464 1.97326e-05
  78 77.5 0.044252 1.92066e-05
  79 78.5 0.043668 1.89531e-05
  80 79.5 0.04395 1.90755e-05
  81 80.5 0.043208 1.87535e-05
  82 81.5 0.041514 1.80182e-05
  83 82.5 0.04219 1.83116e-05
  84 83.5 0.044014 1.91033e-05
  85 84.5 0.042902 1.86207e-05
  86 85.5 0.043826 1.90217e-05
  87 86.5 0.042316 1.83663e-05
  88 87.5 0.042752 1.85556e-05
  89 88.5 0.041802 1.81432e-05
  90 89.5 0.042774 1.85651e-05
  91 90.5 0.042302 1.83602e-05
  92 91.5 0.04177 1.81293e-05
  93 92.5 0.042296 1.83576e-05
  94 93.5 0.042158 1.82977e-05
  95 94.5 0.042346 1.83793e-05
  96 95.5 0.043434 1.88516e-05
  97 96.5 0.045346 1.96814e-05
  98 97.5 0.045126 1.95859e-05
  99 98.5 0.044304 1.92292e-05
  100 99.5 0.042422 1.84123e-05
  101 100.5 0.042656 1.85139e-05
  102 101.5 0.04206 1.82552e-05
  103 102.5 0.042262 1.83429e-05
  104 103.5 0.041748 1.81198e-05
  105 104.5 0.042804 1.85781e-05
  106 105.5 0.042362 1.83863e-05
  107 106.5 0.042214 1.8322e-05
  108 107.5 0.04238 1.83941e-05
  109 108.5 0.040824 1.77188e-05
  110 109.5 0.040886 1.77457e-05
  111 110.5 0.041582 1.80477e-05
  112 111.5 0.040928 1.77639e-05
  113 112.5 0.04118 1.78733e-05
  114 113.5 0.040142 1.74227e-05
  115 114.5 0.040554 1.76016e-05
  116 115.5 0.040638 1.7638e-05
  117 116.5 0.042216 1.83229e-05
  118 117.5 0.041312 1.79306e-05
  119 118.5 0.042092 1.82691e-05
  120 119.5 0.041696 1.80972e-05
  121 120.5 0.041492 1.80087e-05
  122 121.5 0.043084 1.86997e-05
  123 122.5 0.043366 1.8822e-05
  124 123.5 0.044488 1.9309e-05
  125 124.5 0.042558 1.84714e-05
  126 125.5 0.042278 1.83498e-05
  127 126.5 0.042822 1.85859e-05
  128 127.5 0.0429 1.86198e-05
  129 128.5 0.042806 1.8579e-05
  130 129.5 0.043394 1.88342e-05
  131 130.5 0.043176 1.87396e-05
  132 131.5 0.043046 1.86832e-05
  133 132.5 0.043146 1.87266e-05
  134 133.5 0.045714 1.98411e-05
  135 134.5 0.045888 1.99167e-05
  136 135.5 0.046074 1.99974e-05
  137 136.5 0.043976 1.90868e-05
  138 137.5 0.043068 1.86927e-05
  139 138.5 0.043134 1.87214e-05
  140 139.5 0.044588 1.93524e-05
  141 140.5 0.044146 1.91606e-05
  142 141.5 0.043886 1.90477e-05
  143 142.5 0.043788 1.90052e-05
  144 143.5 0.04383 1.90234e-05
  145 144.5 0.044792 1.9441e-05
  146 145.5 0.042216 1.83229e-05
  147 146.5 0.04173 1.8112e-05
  148 147.5 0.042532 1.84601e-05
  149 148.5 0.042718 1.85408e-05
  150 149.5 0.041868 1.81719e-05
  151 150.5 0.043074 1.86953e-05
  152 151.5 0.042376 1.83924e-05
  153 152.5 0.041688 1.80938e-05
  154 153.5 0.041208 1.78854e-05
  155 154.5 0.04172 1.81076e-05
  156 155.5 0.042076 1.82622e-05
  157 156.5 0.043914 1.90599e-05
  158 157.5 0.04162 1.80642e-05
  159 158.5 0.042238 1.83325e-05
  160 159.5 0.042156 1.82969e-05
  161 160.5 0.042636 1.85052e-05
  162 161.5 0.04185 1.81641e-05
  163 162.5 0.042198 1.83151e-05
  164 163.5 0.04274 1.85503e-05
  165 164.5 0.04211 1.82769e-05
  166 165.5 0.04288 1.86111e-05
  167 166.5 0.042666 1.85182e-05
  168 167.5 0.04197 1.82161e-05
  169 168.5 0.042432 1.84167e-05
  170 169.5 0.042682 1.85252e-05
  171 170.5 0.040696 1.76632e-05
  172 171.5 0.040278 1.74818e-05
  173 172.5 0.04074 1.76823e-05
  174 173.5 0.041454 1.79922e-05
  175 174.5 0.041192 1.78785e-05
  176 175.5 0.040728 1.76771e-05
  177 176.5 0.040776 1.76979e-05
  178 177.5 0.040416 1.75417e-05
  179 178.5 0.040346 1.75113e-05
  180 179.5 0.040832 1.77222e-05
  181 180.5 0.042396 1.8401e-05
  182 181.5 0.041856 1.81667e-05
  183 182.5 0.042122 1.82821e-05
  184 183.5 0.0443 1.92274e-05
  185 184.5 0.039752 1.72535e-05
  186 185.5 0.041284 1.79184e-05
  187 186.5 0.041592 1.80521e-05
  188 187.5 0.04139 1.79644e-05
  189 188.5 0.042078 1.8263e-05
  190 189.5 0.04293 1.86328e-05
  191 190.5 0.04229 1.8355e-05
  192 191.5 0.04169 1.80946e-05
  193 192.5 0.04234 1.83767e-05
  194 193.5 0.043556 1.89045e-05
  195 194.5 0.043562 1.89071e-05
  196 195.5 0.044144 1.91597e-05
  197 196.5 0.042858 1.86016e-05
  198 197.5 0.043566 1.89089e-05
  199 198.5 0.043624 1.8934e-05
  200 199.5 0.045032 1.95451e-05
  201 200.5 0.044008 1.91007e-05
  202 201.5 0.043242 1.87682e-05
  203 202.5 0.043798 1.90095e-05
  204 203.5 0.04258 1.84809e-05
  205 204.5 0.044668 1.93872e-05
  206 205.5 0.043914 1.90599e-05
  207 206.5 0.043736 1.89826e-05
  208 207.5 0.043462 1.88637e-05
  209 208.5 0.043128 1.87188e-05
  210 209.5 0.042342 1.83776e-05
  211 210.5 0.043452 1.88594e-05
  212 211.5 0.044668 1.93872e-05
  213 212.5 0.045568 1.97778e-05
  214 213.5 0.045362 1.96884e-05
  215 214.5 0.047926 2.08012e-05
  216 215.5 0.052086 2.26068e-05
  217 216.5 0.057564 2.49844e-05
  218 217.5 0.072614 3.15165e-05
  219 218.5 0.108342 4.70234e-05
  220 219.5 0.20503 8.89887e-05
  221 220.5 0.453924 0.000197016
  222 221.5 1.06442 0.000461989
  223 222.5 2.40499 0.00104383
  224 223.5 4.86049 0.00210959
  225 224.5 8.54705 0.00370966
  226 225.5 12.9394 0.00561608
  227 226.5 16.9844 0.00737169
  228 227.5 19.936 0.00865278
  229 228.5 21.5018 0.00933238
  230 229.5 22.0284 0.00956094
  231 230.5 21.7956 0.00945989
  232 231.5 21.0536 0.00913786
  233 232.5 19.9597 0.00866307
  234 233.5 18.6676 0.00810228
  235 234.5 17.2425 0.00748372
  236 235.5 15.7793 0.00684864
  237 236.5 14.4031 0.00625133
  238 237.5 13.1171 0.0056932
  239 238.5 11.8561 0.00514588
  240 239.5 10.7038 0.00464574
  241 240.5 9.72331 0.00422018
  242 241.5 8.86625 0.0038482
  243 242.5 8.15599 0.00353993
  244 243.5 7.57628 0.00328832
  245 244.5 7.13023 0.00309472
  246 245.5 6.71511 0.00291455
  247 246.5 6.34268 0.0027529
  248 247.5 6.06564 0.00263266
  249 248.5 5.85477 0.00254113
  250 249.5 5.66594 0.00245918
  251 250.5 5.49648 0.00238562
  252 251.5 5.36096 0.0023268
  253 252.5 5.24273 0.00227549
  254 253.5 5.13404 0.00222832
  255 254.5 5.02815 0.00218236
  256 255.5 4.92555 0.00213782
  257 256.5 4.83023 0.00209645
  258 257.5 4.78044 0.00207484
  259 258.5 4.75662 0.00206451
  260 259.5 4.76338 0.00206744
  261 260.5 4.76755 0.00206925
  262 261.5 4.76145 0.0020666
  263 262.5 4.74229 0.00205829
  264 263.5 4.72638 0.00205138
  265 264.5 4.7102 0.00204436
  266 265.5 4.70737 0.00204313
  267 266.5 4.72825 0.00205219
  268 267.5 4.78969 0.00207886
  269 268.5 4.814 0.00208941
  270 269.5 4.87883 0.00211755
  271 270.5 4.94281 0.00214532
  272 271.5 4.98321 0.00216285
  273 272.5 4.98822 0.00216502
  274 273.5 4.95089 0.00214882
  275 274.5 4.90728 0.0021299
  276 275.5 4.89562 0.00212484
  277 276.5 4.90381 0.00212839
  278 277.5 4.91247 0.00213215
  279 278.5 4.9144 0.00213298
  280 279.5 4.95774 0.0021518
  281 280.5 4.9759 0.00215968
  282 281.5 5.02075 0.00217915
  283 282.5 5.05825 0.00219542
  284 283.5 5.08087 0.00220524
  285 284.5 5.09273 0.00221039
  286 285.5 5.10917 0.00221752
  287 286.5 5.11955 0.00222203
  288 287.5 5.11436 0.00221977
  289 288.5 5.15813 0.00223877
  290 289.5 5.12608 0.00222486
  291 290.5 5.12607 0.00222486
  292 291.5 5.11479 0.00221996
  293 292.5 5.13102 0.00222701
  294 293.5 5.12569 0.00222469
  295 294.5 5.09725 0.00221235
  296 295.5 5.08375 0.00220649
  297 296.5 5.11899 0.00222178
  298 297.5 5.14839 0.00223454
  299 298.5 5.21854 0.00226499
  300 299.5 5.27288 0.00228858
  301 300.5 5.28507 0.00229387
  302 301.5 5.30111 0.00230083
  303 302.5 5.30155 0.00230102
  304 303.5 5.2729 0.00228858
  305 304.5 5.21276 0.00226248
  306 305.5 5.20319 0.00225833
  307 306.5 5.17116 0.00224443
  308 307.5 5.14424 0.00223274
  309 308.5 5.12505 0.00222441
  310 309.5 5.09938 0.00221327
  311 310.5 5.04531 0.00218981
  312 311.5 5.05798 0.0021953
  313 312.5 5.04789 0.00219092
  314 313.5 5.05125 0.00219238
  315 314.5 5.02454 0.00218079
  316 315.5 5.01531 0.00217678
  317 316.5 5.01495 0.00217663
  318 317.5 4.96267 0.00215394
  319 318.5 4.89381 0.00212405
  320 319.5 4.86117 0.00210988
  321 320.5 4.86425 0.00211122
  322 321.5 4.84643 0.00210348
  323 322.5 4.81574 0.00209016
  324 323.5 4.78406 0.00207641
  325 324.5 4.78796 0.00207811
  326 325.5 4.75705 0.00206469
  327 326.5 4.75468 0.00206366
  328 327.5 4.78037 0.00207482
  329 328.5 4.77767 0.00207364
  330 329.5 4.80061 0.0020836
  331 330.5 4.85023 0.00210513
  332 331.5 4.8922 0.00212335
  333 332.5 4.89226 0.00212338
  334 333.5 4.91372 0.00213269
  335 334.5 4.93389 0.00214145
  336 335.5 4.9435 0.00214562
  337 336.5 4.94217 0.00214504
  338 337.5 4.98496 0.00216361
  339 338.5 5.0178 0.00217786
  340 339.5 5.04996 0.00219182
  341 340.5 5.07605 0.00220314
  342 341.5 5.10564 0.00221599
  343 342.5 5.17818 0.00224747
  344 343.5 5.24274 0.0022755
  345 344.5 5.26835 0.00228661
  346 345.5 5.29773 0.00229936
  347 346.5 5.28782 0.00229506
  348 347.5 5.29564 0.00229845
  349 348.5 5.32441 0.00231094
  350 349.5 5.33523 0.00231564
  351 350.5 5.35057 0.0023223
  352 351.5 5.34593 0.00232028
  353 352.5 5.32694 0.00231204
  354 353.5 5.3194 0.00230877
  355 354.5 5.30443 0.00230227
  356 355.5 5.33317 0.00231474
  357 356.5 5.32393 0.00231073
  358 357.5 5.30363 0.00230192
  359 358.5 5.3133 0.00230612
  360 359.5 5.2942 0.00229783
  361 360.5 5.25562 0.00228109
  362 361.5 5.20609 0.00225959
  363 362.5 5.1527 0.00223642
  364 363.5 5.14146 0.00223154
  365 364.5 5.12386 0.0022239
  366 365.5 5.12539 0.00222456
  367 366.5 5.15337 0.00223671
  368 367.5 5.21976 0.00226552
  369 368.5 5.21573 0.00226377
  370 369.5 5.22716 0.00226873
  371 370.5 5.23361 0.00227153
  372 371.5 5.25176 0.00227941
  373 372.5 5.27731 0.0022905
  374 373.5 5.31533 0.002307
  375 374.5 5.32859 0.00231275
  376 375.5 5.38729 0.00233823
  377 376.5 5.43585 0.00235931
  378 377.5 5.50782 0.00239055
  379 378.5 5.62157 0.00243992
  380 379.5 5.75925 0.00249968
  381 380.5 5.91403 0.00256686
  382 381.5 6.17596 0.00268054
  383 382.5 6.44115 0.00279564
  384 383.5 6.75646 0.00293249
  385 384.5 7.25201 0.00314757
  386 385.5 7.80005 0.00338544
  387 386.5 8.5067 0.00369214
  388 387.5 9.40037 0.00408002
  389 388.5 10.4273 0.00452574
  390 389.5 11.556 0.00501562
  391 390.5 12.7895 0.00555101
  392 391.5 14.1774 0.00615339
  393 392.5 15.656 0.00679514
  394 393.5 17.2075 0.00746854
  395 394.5 18.7734 0.00814819
  396 395.5 20.3966 0.00885267
  397 396.5 21.9542 0.00952871
  398 397.5 23.4337 0.0101709
  399 398.5 24.7831 0.0107566
  400 399.5 26.0199 0.0112934
  401 400.5 27.0946 0.0117598
  402 401.5 28.0889 0.0121914
  403 402.5 28.9249 0.0125542
  404 403.5 29.6505 0.0128691
  405 404.5 30.2463 0.0131278
  406 405.5 30.7475 0.0133453
  407 406.5 31.154 0.0135217
  408 407.5 31.5525 0.0136947
  409 408.5 31.817 0.0138095
  410 409.5 32.0679 0.0139184
  411 410.5 32.3043 0.014021
  412 411.5 32.4533 0.0140856
  413 412.5 32.567 0.014135
  414 413.5 32.7028 0.0141939
  415 414.5 32.8579 0.0142612
  416 415.5 32.9293 0.0142922
  417 416.5 33.0052 0.0143252
  418 417.5 33.0528 0.0143458
  419 418.5 33.1132 0.0143721
  420 419.5 33.1574 0.0143912
  421 420.5 33.215 0.0144162
  422 421.5 33.2235 0.0144199
  423 422.5 33.2388 0.0144266
  424 423.5 33.2314 0.0144234
  425 424.5 33.3175 0.0144607
  426 425.5 33.3179 0.0144609
  427 426.5 33.3395 0.0144703
  428 427.5 33.3426 0.0144716
  429 428.5 33.3473 0.0144737
  430 429.5 33.3611 0.0144796
  431 430.5 33.3243 0.0144637
  432 431.5 33.3478 0.0144739
  433 432.5 33.3107 0.0144578
  434 433.5 33.2659 0.0144383
  435 434.5 33.2166 0.0144169
  436 435.5 33.1812 0.0144016
  437 436.5 33.2384 0.0144264
  438 437.5 33.2368 0.0144257
  439 438.5 33.1782 0.0144002
  440 439.5 33.2486 0.0144308
  441 440.5 33.2038 0.0144114
  442 441.5 33.1441 0.0143855
  443 442.5 33.1596 0.0143922
  444 443.5 33.152 0.0143889
  445 444.5 33.1087 0.0143701
  446 445.5 33.1584 0.0143917
  447 446.5 33.1883 0.0144047
  448 447.5 33.1502 0.0143881
  449 448.5 33.2002 0.0144098
  450 449.5 33.2464 0.0144299
  451 450.5 33.2276 0.0144217
  452 451.5 33.2241 0.0144202
  453 452.5 33.2491 0.014431
  454 453.5 33.3096 0.0144573
  455 454.5 33.3671 0.0144823
  456 455.5 33.3622 0.0144801
  457 456.5 33.437 0.0145126
  458 457.5 33.4465 0.0145167
  459 458.5 33.4422 0.0145148
  460 459.5 33.4208 0.0145055
  461 460.5 33.4807 0.0145315
  462 461.5 33.4896 0.0145354
  463 462.5 33.5125 0.0145454
  464 463.5 33.5607 0.0145663
  465 464.5 33.5459 0.0145599
  466 465.5 33.4585 0.0145219
  467 466.5 33.4679 0.014526
  468 467.5 33.4937 0.0145372
  469 468.5 33.4954 0.0145379
  470 469.5 33.4942 0.0145374
  471 470.5 33.4993 0.0145396
  472 471.5 33.5383 0.0145565
  473 472.5 33.5564 0.0145644
  474 473.5 33.5566 0.0145645
  475 474.5 33.5545 0.0145636
  476 475.5 33.591 0.0145794
  477 476.5 33.5923 0.01458
  478 477.5 33.5573 0.0145648
  479 478.5 33.6256 0.0145944
  480 479.5 33.6559 0.0146076
