# Chunk-averaged data for fix tensor3 and group c2
# Timestep Number-of-chunks Total-count
# Chunk Coord1 Ncount density/number
240000000 624 8007
  1 0.5 29.8534 0.0129572
  2 1.5 29.8536 0.0129573
  3 2.5 29.8568 0.0129587
  4 3.5 29.8781 0.0129679
  5 4.5 29.8329 0.0129483
  6 5.5 29.8339 0.0129487
  7 6.5 29.8872 0.0129719
  8 7.5 29.8846 0.0129707
  9 8.5 29.8602 0.0129602
  10 9.5 29.894 0.0129748
  11 10.5 29.9057 0.0129799
  12 11.5 29.8758 0.0129669
  13 12.5 29.8665 0.0129629
  14 13.5 29.8847 0.0129708
  15 14.5 29.8779 0.0129678
  16 15.5 29.8642 0.0129619
  17 16.5 29.8761 0.0129671
  18 17.5 29.8768 0.0129674
  19 18.5 29.8851 0.012971
  20 19.5 29.9098 0.0129817
  21 20.5 29.9126 0.0129829
  22 21.5 29.9108 0.0129821
  23 22.5 29.9783 0.0130114
  24 23.5 30.028 0.013033
  25 24.5 29.9973 0.0130197
  26 25.5 29.9654 0.0130058
  27 26.5 29.9885 0.0130158
  28 27.5 30.0302 0.013034
  29 28.5 30.0329 0.0130351
  30 29.5 30.0256 0.0130319
  31 30.5 30.096 0.0130625
  32 31.5 30.0985 0.0130636
  33 32.5 30.082 0.0130564
  34 33.5 30.1222 0.0130739
  35 34.5 30.1624 0.0130913
  36 35.5 30.133 0.0130786
  37 36.5 30.1043 0.0130661
  38 37.5 30.0879 0.013059
  39 38.5 30.0535 0.0130441
  40 39.5 30.0419 0.013039
  41 40.5 30.0439 0.0130399
  42 41.5 30.0095 0.013025
  43 42.5 29.9229 0.0129874
  44 43.5 29.9014 0.012978
  45 44.5 29.8185 0.012942
  46 45.5 29.7198 0.0128992
  47 46.5 29.6761 0.0128802
  48 47.5 29.613 0.0128529
  49 48.5 29.4873 0.0127983
  50 49.5 29.4519 0.0127829
  51 50.5 29.3844 0.0127536
  52 51.5 29.3244 0.0127276
  53 52.5 29.2238 0.012684
  54 53.5 29.1327 0.0126444
  55 54.5 29.0371 0.0126029
  56 55.5 28.8839 0.0125364
  57 56.5 28.761 0.0124831
  58 57.5 28.6026 0.0124143
  59 58.5 28.4212 0.0123356
  60 59.5 28.2576 0.0122646
  61 60.5 28.0756 0.0121856
  62 61.5 27.8762 0.012099
  63 62.5 27.6368 0.0119951
  64 63.5 27.3878 0.011887
  65 64.5 27.1428 0.0117807
  66 65.5 26.8305 0.0116452
  67 66.5 26.5269 0.0115134
  68 67.5 26.2119 0.0113767
  69 68.5 25.9219 0.0112508
  70 69.5 25.5864 0.0111052
  71 70.5 25.235 0.0109527
  72 71.5 24.8603 0.01079
  73 72.5 24.4747 0.0106227
  74 73.5 24.065 0.0104449
  75 74.5 23.6441 0.0102622
  76 75.5 23.2184 0.0100774
  77 76.5 22.7785 0.00988648
  78 77.5 22.3389 0.00969568
  79 78.5 21.8753 0.00949449
  80 79.5 21.3857 0.00928199
  81 80.5 20.8998 0.00907109
  82 81.5 20.4276 0.00886615
  83 82.5 19.9163 0.00864424
  84 83.5 19.3956 0.00841824
  85 84.5 18.9203 0.00821192
  86 85.5 18.4322 0.00800008
  87 86.5 17.9654 0.00779748
  88 87.5 17.5316 0.00760918
  89 88.5 17.0891 0.00741714
  90 89.5 16.6752 0.0072375
  91 90.5 16.3023 0.00707566
  92 91.5 15.9258 0.00691222
  93 92.5 15.5931 0.00676784
  94 93.5 15.312 0.00664582
  95 94.5 15.0591 0.00653607
  96 95.5 14.7873 0.0064181
  97 96.5 14.5804 0.00632832
  98 97.5 14.3707 0.0062373
  99 98.5 14.1638 0.00614749
  100 99.5 13.9273 0.00604482
  101 100.5 13.7327 0.00596038
  102 101.5 13.5714 0.00589037
  103 102.5 13.4336 0.00583054
  104 103.5 13.2742 0.00576136
  105 104.5 13.137 0.00570183
  106 105.5 13.0154 0.00564903
  107 106.5 12.9203 0.00560777
  108 107.5 12.7865 0.00554968
  109 108.5 12.6784 0.00550277
  110 109.5 12.5575 0.00545032
  111 110.5 12.4166 0.00538916
  112 111.5 12.2877 0.00533322
  113 112.5 12.1726 0.00528326
  114 113.5 12.0686 0.0052381
  115 114.5 11.9782 0.00519889
  116 115.5 11.9348 0.00518004
  117 116.5 11.8566 0.00514609
  118 117.5 11.7958 0.00511969
  119 118.5 11.7286 0.00509052
  120 119.5 11.666 0.00506337
  121 120.5 11.6331 0.00504908
  122 121.5 11.5818 0.0050268
  123 122.5 11.5262 0.00500268
  124 123.5 11.4949 0.00498911
  125 124.5 11.4887 0.00498641
  126 125.5 11.4419 0.0049661
  127 126.5 11.3875 0.00494249
  128 127.5 11.3917 0.00494433
  129 128.5 11.4102 0.00495236
  130 129.5 11.4193 0.0049563
  131 130.5 11.4047 0.00494996
  132 131.5 11.4715 0.00497894
  133 132.5 11.5228 0.00500123
  134 133.5 11.5782 0.00502526
  135 134.5 11.5907 0.0050307
  136 135.5 11.6296 0.00504756
  137 136.5 11.6534 0.0050579
  138 137.5 11.6723 0.00506608
  139 138.5 11.6997 0.00507801
  140 139.5 11.7455 0.00509785
  141 140.5 11.8104 0.00512605
  142 141.5 11.8341 0.00513631
  143 142.5 11.8869 0.00515926
  144 143.5 11.8919 0.00516144
  145 144.5 11.9297 0.00517782
  146 145.5 11.9515 0.00518728
  147 146.5 11.9856 0.0052021
  148 147.5 11.996 0.00520659
  149 148.5 11.9938 0.00520564
  150 149.5 11.9726 0.00519642
  151 150.5 11.9178 0.00517267
  152 151.5 11.8997 0.00516481
  153 152.5 11.8374 0.00513778
  154 153.5 11.8169 0.00512884
  155 154.5 11.7523 0.00510084
  156 155.5 11.6989 0.00507764
  157 156.5 11.6347 0.00504977
  158 157.5 11.5936 0.00503193
  159 158.5 11.5217 0.00500075
  160 159.5 11.4352 0.00496317
  161 160.5 11.3433 0.00492331
  162 161.5 11.2657 0.00488964
  163 162.5 11.2003 0.00486125
  164 163.5 11.1554 0.00484174
  165 164.5 11.1187 0.00482583
  166 165.5 11.065 0.00480253
  167 166.5 10.9854 0.00476796
  168 167.5 10.9284 0.00474321
  169 168.5 10.8976 0.00472987
  170 169.5 10.8269 0.00469917
  171 170.5 10.7809 0.00467921
  172 171.5 10.7291 0.00465671
  173 172.5 10.6536 0.00462396
  174 173.5 10.5913 0.0045969
  175 174.5 10.5328 0.00457152
  176 175.5 10.4473 0.00453444
  177 176.5 10.384 0.00450694
  178 177.5 10.3356 0.00448594
  179 178.5 10.312 0.00447571
  180 179.5 10.261 0.00445356
  181 180.5 10.2275 0.004439
  182 181.5 10.1808 0.00441873
  183 182.5 10.1317 0.00439746
  184 183.5 10.1114 0.00438862
  185 184.5 10.1005 0.00438388
  186 185.5 10.0809 0.00437538
  187 186.5 10.0542 0.0043638
  188 187.5 10.0601 0.00436636
  189 188.5 10.0513 0.00436254
  190 189.5 10.0043 0.00434216
  191 190.5 9.96677 0.00432586
  192 191.5 9.9536 0.00432014
  193 192.5 9.94476 0.0043163
  194 193.5 9.92807 0.00430906
  195 194.5 9.90438 0.00429878
  196 195.5 9.88397 0.00428992
  197 196.5 9.86577 0.00428202
  198 197.5 9.84449 0.00427278
  199 198.5 9.83118 0.00426701
  200 199.5 9.79925 0.00425315
  201 200.5 9.76661 0.00423898
  202 201.5 9.74028 0.00422755
  203 202.5 9.69354 0.00420727
  204 203.5 9.66569 0.00419518
  205 204.5 9.62135 0.00417593
  206 205.5 9.59788 0.00416575
  207 206.5 9.56357 0.00415085
  208 207.5 9.56085 0.00414967
  209 208.5 9.52872 0.00413573
  210 209.5 9.51058 0.00412786
  211 210.5 9.4982 0.00412248
  212 211.5 9.46002 0.00410591
  213 212.5 9.44137 0.00409782
  214 213.5 9.4369 0.00409588
  215 214.5 9.42217 0.00408948
  216 215.5 9.41313 0.00408556
  217 216.5 9.43489 0.004095
  218 217.5 9.46539 0.00410824
  219 218.5 9.51041 0.00412778
  220 219.5 9.5251 0.00413416
  221 220.5 9.52895 0.00413583
  222 221.5 9.56218 0.00415025
  223 222.5 9.56958 0.00415346
  224 223.5 9.55808 0.00414847
  225 224.5 9.56674 0.00415223
  226 225.5 9.57848 0.00415733
  227 226.5 9.60366 0.00416825
  228 227.5 9.63542 0.00418204
  229 228.5 9.66839 0.00419635
  230 229.5 9.67209 0.00419795
  231 230.5 9.66613 0.00419537
  232 231.5 9.65811 0.00419189
  233 232.5 9.59857 0.00416604
  234 233.5 9.52976 0.00413618
  235 234.5 9.49412 0.00412071
  236 235.5 9.46212 0.00410682
  237 236.5 9.37551 0.00406923
  238 237.5 9.28179 0.00402855
  239 238.5 9.17148 0.00398068
  240 239.5 9.04949 0.00392773
  241 240.5 8.91076 0.00386752
  242 241.5 8.77858 0.00381015
  243 242.5 8.59891 0.00373216
  244 243.5 8.42671 0.00365742
  245 244.5 8.21787 0.00356679
  246 245.5 7.96863 0.00345861
  247 246.5 7.70814 0.00334555
  248 247.5 7.44205 0.00323006
  249 248.5 7.1739 0.00311367
  250 249.5 6.90424 0.00299663
  251 250.5 6.60374 0.00286621
  252 251.5 6.29754 0.00273331
  253 252.5 6.01898 0.00261241
  254 253.5 5.71999 0.00248263
  255 254.5 5.42272 0.00235361
  256 255.5 5.13209 0.00222747
  257 256.5 4.83823 0.00209992
  258 257.5 4.53954 0.00197028
  259 258.5 4.22814 0.00183513
  260 259.5 3.93043 0.00170592
  261 260.5 3.67547 0.00159526
  262 261.5 3.38343 0.0014685
  263 262.5 3.09533 0.00134346
  264 263.5 2.81572 0.0012221
  265 264.5 2.53749 0.00110134
  266 265.5 2.27178 0.000986015
  267 266.5 1.98904 0.000863299
  268 267.5 1.7187 0.000745966
  269 268.5 1.46136 0.00063427
  270 269.5 1.24292 0.000539464
  271 270.5 1.04492 0.000453525
  272 271.5 0.862013 0.000374138
  273 272.5 0.704536 0.000305788
  274 273.5 0.570216 0.00024749
  275 274.5 0.444126 0.000192763
  276 275.5 0.335501 0.000145617
  277 276.5 0.2472 0.000107292
  278 277.5 0.173258 7.51988e-05
  279 278.5 0.118002 5.12161e-05
  280 279.5 0.080213 3.48147e-05
  281 280.5 0.057092 2.47795e-05
  282 281.5 0.043691 1.89631e-05
  283 282.5 0.035713 1.55004e-05
  284 283.5 0.031445 1.3648e-05
  285 284.5 0.030223 1.31176e-05
  286 285.5 0.028823 1.251e-05
  287 286.5 0.026952 1.16979e-05
  288 287.5 0.026021 1.12938e-05
  289 288.5 0.025563 1.10951e-05
  290 289.5 0.025568 1.10972e-05
  291 290.5 0.026113 1.13338e-05
  292 291.5 0.026365 1.14431e-05
  293 292.5 0.026403 1.14596e-05
  294 293.5 0.026752 1.16111e-05
  295 294.5 0.02666 1.15712e-05
  296 295.5 0.027086 1.17561e-05
  297 296.5 0.027028 1.17309e-05
  298 297.5 0.026565 1.15299e-05
  299 298.5 0.025768 1.1184e-05
  300 299.5 0.026154 1.13516e-05
  301 300.5 0.026999 1.17183e-05
  302 301.5 0.027132 1.1776e-05
  303 302.5 0.027879 1.21003e-05
  304 303.5 0.027489 1.1931e-05
  305 304.5 0.027059 1.17444e-05
  306 305.5 0.026973 1.1707e-05
  307 306.5 0.028329 1.22956e-05
  308 307.5 0.027969 1.21393e-05
  309 308.5 0.027899 1.21089e-05
  310 309.5 0.027586 1.19731e-05
  311 310.5 0.026787 1.16263e-05
  312 311.5 0.026185 1.1365e-05
  313 312.5 0.026318 1.14227e-05
  314 313.5 0.026015 1.12912e-05
  315 314.5 0.026133 1.13424e-05
  316 315.5 0.025892 1.12378e-05
  317 316.5 0.026341 1.14327e-05
  318 317.5 0.026796 1.16302e-05
  319 318.5 0.02658 1.15365e-05
  320 319.5 0.025889 1.12365e-05
  321 320.5 0.026534 1.15165e-05
  322 321.5 0.027134 1.17769e-05
  323 322.5 0.02701 1.17231e-05
  324 323.5 0.026554 1.15252e-05
  325 324.5 0.026523 1.15117e-05
  326 325.5 0.026243 1.13902e-05
  327 326.5 0.025833 1.12122e-05
  328 327.5 0.026418 1.14661e-05
  329 328.5 0.025717 1.11619e-05
  330 329.5 0.025837 1.1214e-05
  331 330.5 0.025215 1.0944e-05
  332 331.5 0.02577 1.11849e-05
  333 332.5 0.02677 1.16189e-05
  334 333.5 0.026727 1.16003e-05
  335 334.5 0.027164 1.17899e-05
  336 335.5 0.027191 1.18016e-05
  337 336.5 0.026413 1.1464e-05
  338 337.5 0.026256 1.13958e-05
  339 338.5 0.026703 1.15898e-05
  340 339.5 0.026371 1.14457e-05
  341 340.5 0.026607 1.15482e-05
  342 341.5 0.026726 1.15998e-05
  343 342.5 0.027591 1.19753e-05
  344 343.5 0.027723 1.20326e-05
  345 344.5 0.026728 1.16007e-05
  346 345.5 0.026909 1.16793e-05
  347 346.5 0.027403 1.18937e-05
  348 347.5 0.027383 1.1885e-05
  349 348.5 0.026274 1.14036e-05
  350 349.5 0.025745 1.1174e-05
  351 350.5 0.026227 1.13832e-05
  352 351.5 0.026332 1.14288e-05
  353 352.5 0.025989 1.12799e-05
  354 353.5 0.025532 1.10816e-05
  355 354.5 0.02618 1.13628e-05
  356 355.5 0.026142 1.13464e-05
  357 356.5 0.026047 1.13051e-05
  358 357.5 0.026389 1.14536e-05
  359 358.5 0.027377 1.18824e-05
  360 359.5 0.027666 1.20078e-05
  361 360.5 0.027464 1.19201e-05
  362 361.5 0.027654 1.20026e-05
  363 362.5 0.026939 1.16923e-05
  364 363.5 0.026195 1.13694e-05
  365 364.5 0.025762 1.11814e-05
  366 365.5 0.026372 1.14462e-05
  367 366.5 0.025918 1.12491e-05
  368 367.5 0.026684 1.15816e-05
  369 368.5 0.025928 1.12535e-05
  370 369.5 0.025664 1.11389e-05
  371 370.5 0.026323 1.14249e-05
  372 371.5 0.026636 1.15608e-05
  373 372.5 0.025993 1.12817e-05
  374 373.5 0.025336 1.09965e-05
  375 374.5 0.025133 1.09084e-05
  376 375.5 0.024881 1.0799e-05
  377 376.5 0.025324 1.09913e-05
  378 377.5 0.026083 1.13207e-05
  379 378.5 0.025309 1.09848e-05
  380 379.5 0.02427 1.05339e-05
  381 380.5 0.025277 1.09709e-05
  382 381.5 0.025227 1.09492e-05
  383 382.5 0.025693 1.11515e-05
  384 383.5 0.025584 1.11042e-05
  385 384.5 0.025679 1.11454e-05
  386 385.5 0.025918 1.12491e-05
  387 386.5 0.025827 1.12096e-05
  388 387.5 0.024914 1.08134e-05
  389 388.5 0.025757 1.11793e-05
  390 389.5 0.025796 1.11962e-05
  391 390.5 0.025929 1.12539e-05
  392 391.5 0.026634 1.15599e-05
  393 392.5 0.025689 1.11497e-05
  394 393.5 0.024814 1.077e-05
  395 394.5 0.025194 1.09349e-05
  396 395.5 0.025794 1.11953e-05
  397 396.5 0.026043 1.13034e-05
  398 397.5 0.026077 1.13181e-05
  399 398.5 0.026104 1.13299e-05
  400 399.5 0.025914 1.12474e-05
  401 400.5 0.026033 1.1299e-05
  402 401.5 0.026445 1.14779e-05
  403 402.5 0.026722 1.15981e-05
  404 403.5 0.027313 1.18546e-05
  405 404.5 0.025038 1.08672e-05
  406 405.5 0.025093 1.08911e-05
  407 406.5 0.024581 1.06688e-05
  408 407.5 0.025276 1.09705e-05
  409 408.5 0.025147 1.09145e-05
  410 409.5 0.025299 1.09805e-05
  411 410.5 0.025768 1.1184e-05
  412 411.5 0.025464 1.10521e-05
  413 412.5 0.025469 1.10543e-05
  414 413.5 0.026307 1.1418e-05
  415 414.5 0.025667 1.11402e-05
  416 415.5 0.025771 1.11853e-05
  417 416.5 0.025593 1.11081e-05
  418 417.5 0.025734 1.11693e-05
  419 418.5 0.025927 1.1253e-05
  420 419.5 0.026505 1.15039e-05
  421 420.5 0.026574 1.15339e-05
  422 421.5 0.0273 1.1849e-05
  423 422.5 0.026177 1.13615e-05
  424 423.5 0.026711 1.15933e-05
  425 424.5 0.026197 1.13702e-05
  426 425.5 0.02578 1.11892e-05
  427 426.5 0.025979 1.12756e-05
  428 427.5 0.025853 1.12209e-05
  429 428.5 0.025405 1.10265e-05
  430 429.5 0.026292 1.14115e-05
  431 430.5 0.025177 1.09275e-05
  432 431.5 0.025244 1.09566e-05
  433 432.5 0.025038 1.08672e-05
  434 433.5 0.02507 1.08811e-05
  435 434.5 0.025242 1.09557e-05
  436 435.5 0.02623 1.13845e-05
  437 436.5 0.026197 1.13702e-05
  438 437.5 0.026553 1.15247e-05
  439 438.5 0.026439 1.14753e-05
  440 439.5 0.025672 1.11424e-05
  441 440.5 0.026066 1.13134e-05
  442 441.5 0.026639 1.15621e-05
  443 442.5 0.026354 1.14384e-05
  444 443.5 0.02663 1.15582e-05
  445 444.5 0.027819 1.20742e-05
  446 445.5 0.029127 1.26419e-05
  447 446.5 0.0304 1.31944e-05
  448 447.5 0.03349 1.45356e-05
  449 448.5 0.040588 1.76163e-05
  450 449.5 0.054217 2.35317e-05
  451 450.5 0.076696 3.32882e-05
  452 451.5 0.116231 5.04475e-05
  453 452.5 0.17239 7.4822e-05
  454 453.5 0.250485 0.000108717
  455 454.5 0.34737 0.000150768
  456 455.5 0.461274 0.000200206
  457 456.5 0.609411 0.000264501
  458 457.5 0.759548 0.000329665
  459 458.5 0.936838 0.000406614
  460 459.5 1.11636 0.00048453
  461 460.5 1.32154 0.000573584
  462 461.5 1.53224 0.000665036
  463 462.5 1.7653 0.000766191
  464 463.5 1.99813 0.000867244
  465 464.5 2.2422 0.000973177
  466 465.5 2.51075 0.00108973
  467 466.5 2.79061 0.0012112
  468 467.5 3.06933 0.00133217
  469 468.5 3.35326 0.00145541
  470 469.5 3.64346 0.00158136
  471 470.5 3.93024 0.00170584
  472 471.5 4.23303 0.00183725
  473 472.5 4.55488 0.00197695
  474 473.5 4.90694 0.00212975
  475 474.5 5.29964 0.00230019
  476 475.5 5.66373 0.00245822
  477 476.5 6.04948 0.00262564
  478 477.5 6.44151 0.00279579
  479 478.5 6.83578 0.00296692
  480 479.5 7.23291 0.00313928
  481 480.5 7.65153 0.00332098
  482 481.5 8.05286 0.00349517
  483 482.5 8.44718 0.00366631
  484 483.5 8.89454 0.00386048
  485 484.5 9.31594 0.00404338
  486 485.5 9.73484 0.00422519
  487 486.5 10.1272 0.00439551
  488 487.5 10.5383 0.0045739
  489 488.5 10.9404 0.00474842
  490 489.5 11.3437 0.0049235
  491 490.5 11.7578 0.0051032
  492 491.5 12.1511 0.00527393
  493 492.5 12.5821 0.00546099
  494 493.5 12.9892 0.00563765
  495 494.5 13.4281 0.00582815
  496 495.5 13.8872 0.00602744
  497 496.5 14.3582 0.00623186
  498 497.5 14.7937 0.00642089
  499 498.5 15.2304 0.0066104
  500 499.5 15.7184 0.00682224
  501 500.5 16.1993 0.00703096
  502 501.5 16.6371 0.00722095
  503 502.5 17.1132 0.00742761
  504 503.5 17.6196 0.00764741
  505 504.5 18.0818 0.007848
  506 505.5 18.5098 0.00803378
  507 506.5 18.9751 0.00823573
  508 507.5 19.4077 0.00842348
  509 508.5 19.8187 0.00860188
  510 509.5 20.2249 0.00877815
  511 510.5 20.6327 0.00895516
  512 511.5 21.0297 0.00912749
  513 512.5 21.4249 0.00929899
  514 513.5 21.8327 0.009476
  515 514.5 22.2102 0.00963986
  516 515.5 22.5803 0.00980049
  517 516.5 22.9219 0.00994873
  518 517.5 23.2307 0.0100828
  519 518.5 23.5608 0.010226
  520 519.5 23.9059 0.0103758
  521 520.5 24.2272 0.0105153
  522 521.5 24.5167 0.0106409
  523 522.5 24.8048 0.010766
  524 523.5 25.1016 0.0108948
  525 524.5 25.3387 0.0109977
  526 525.5 25.5854 0.0111048
  527 526.5 25.8695 0.0112281
  528 527.5 26.0502 0.0113065
  529 528.5 26.2555 0.0113956
  530 529.5 26.4968 0.0115003
  531 530.5 26.7274 0.0116004
  532 531.5 26.8813 0.0116672
  533 532.5 27.0957 0.0117603
  534 533.5 27.2997 0.0118488
  535 534.5 27.4318 0.0119062
  536 535.5 27.5372 0.0119519
  537 536.5 27.6944 0.0120201
  538 537.5 27.8088 0.0120698
  539 538.5 27.8991 0.012109
  540 539.5 27.9998 0.0121527
  541 540.5 28.148 0.012217
  542 541.5 28.2487 0.0122607
  543 542.5 28.2946 0.0122806
  544 543.5 28.395 0.0123242
  545 544.5 28.4705 0.012357
  546 545.5 28.517 0.0123772
  547 546.5 28.593 0.0124101
  548 547.5 28.6471 0.0124336
  549 548.5 28.7016 0.0124573
  550 549.5 28.7731 0.0124883
  551 550.5 28.8039 0.0125017
  552 551.5 28.7827 0.0124925
  553 552.5 28.7886 0.0124951
  554 553.5 28.8394 0.0125171
  555 554.5 28.889 0.0125386
  556 555.5 28.9671 0.0125725
  557 556.5 28.9889 0.012582
  558 557.5 29.0699 0.0126172
  559 558.5 29.1292 0.0126429
  560 559.5 29.1424 0.0126486
  561 560.5 29.2157 0.0126804
  562 561.5 29.3097 0.0127212
  563 562.5 29.3412 0.0127349
  564 563.5 29.3913 0.0127566
  565 564.5 29.4589 0.012786
  566 565.5 29.5045 0.0128058
  567 566.5 29.5807 0.0128388
  568 567.5 29.6018 0.012848
  569 568.5 29.6422 0.0128655
  570 569.5 29.6469 0.0128676
  571 570.5 29.6566 0.0128718
  572 571.5 29.6879 0.0128854
  573 572.5 29.7015 0.0128913
  574 573.5 29.7147 0.012897
  575 574.5 29.6941 0.0128881
  576 575.5 29.7393 0.0129077
  577 576.5 29.7485 0.0129117
  578 577.5 29.6916 0.012887
  579 578.5 29.667 0.0128763
  580 579.5 29.6589 0.0128728
  581 580.5 29.5871 0.0128416
  582 581.5 29.5519 0.0128263
  583 582.5 29.5233 0.0128139
  584 583.5 29.4735 0.0127923
  585 584.5 29.3573 0.0127419
  586 585.5 29.3503 0.0127389
  587 586.5 29.3079 0.0127204
  588 587.5 29.196 0.0126719
  589 588.5 29.1113 0.0126351
  590 589.5 29.0898 0.0126258
  591 590.5 29.0197 0.0125954
  592 591.5 28.9351 0.0125586
  593 592.5 28.9252 0.0125543
  594 593.5 28.8756 0.0125328
  595 594.5 28.8231 0.01251
  596 595.5 28.8086 0.0125037
  597 596.5 28.7933 0.0124971
  598 597.5 28.7732 0.0124884
  599 598.5 28.7206 0.0124655
  600 599.5 28.7413 0.0124745
  601 600.5 28.7248 0.0124674
  602 601.5 28.7328 0.0124708
  603 602.5 28.7376 0.0124729
  604 603.5 28.8162 0.012507
  605 604.5 28.852 0.0125226
  606 605.5 28.8687 0.0125298
  607 606.5 28.9608 0.0125698
  608 607.5 28.9976 0.0125858
  609 608.5 29.0321 0.0126007
  610 609.5 29.0632 0.0126142
  611 610.5 29.1812 0.0126655
  612 611.5 29.1972 0.0126724
  613 612.5 29.253 0.0126966
  614 613.5 29.3387 0.0127338
  615 614.5 29.3694 0.0127472
  616 615.5 29.4197 0.012769
  617 616.5 29.4876 0.0127984
  618 617.5 29.5526 0.0128267
  619 618.5 29.5638 0.0128315
  620 619.5 29.6634 0.0128747
  621 620.5 29.7521 0.0129132
  622 621.5 29.7822 0.0129263
  623 622.5 29.7942 0.0129315
  624 623.5 29.8597 0.01296
