# Chunk-averaged data for fix tensor2 and group c1
# Timestep Number-of-chunks Total-count
# Chunk Coord1 Ncount density/number
20000000 480 5178.000000000002
  1 0.5 29.7149 0.0128971
  2 1.5 29.7603 0.0129168
  3 2.5 29.7416 0.0129087
  4 3.5 29.7219 0.0129001
  5 4.5 29.751 0.0129128
  6 5.5 29.7503 0.0129125
  7 6.5 29.7271 0.0129024
  8 7.5 29.7562 0.012915
  9 8.5 29.7341 0.0129054
  10 9.5 29.7233 0.0129007
  11 10.5 29.7202 0.0128994
  12 11.5 29.7331 0.012905
  13 12.5 29.716 0.0128976
  14 13.5 29.7219 0.0129001
  15 14.5 29.7435 0.0129095
  16 15.5 29.7112 0.0128955
  17 16.5 29.698 0.0128898
  18 17.5 29.7241 0.0129011
  19 18.5 29.7558 0.0129148
  20 19.5 29.7059 0.0128932
  21 20.5 29.7293 0.0129033
  22 21.5 29.7747 0.0129231
  23 22.5 29.7371 0.0129067
  24 23.5 29.7272 0.0129024
  25 24.5 29.765 0.0129189
  26 25.5 29.7521 0.0129132
  27 26.5 29.6984 0.0128899
  28 27.5 29.7571 0.0129154
  29 28.5 29.7274 0.0129025
  30 29.5 29.7465 0.0129108
  31 30.5 29.696 0.0128889
  32 31.5 29.7276 0.0129026
  33 32.5 29.6939 0.012888
  34 33.5 29.7154 0.0128973
  35 34.5 29.6721 0.0128785
  36 35.5 29.6938 0.0128879
  37 36.5 29.6489 0.0128685
  38 37.5 29.6418 0.0128654
  39 38.5 29.6631 0.0128746
  40 39.5 29.648 0.0128681
  41 40.5 29.6244 0.0128578
  42 41.5 29.6584 0.0128726
  43 42.5 29.6738 0.0128792
  44 43.5 29.6623 0.0128743
  45 44.5 29.6475 0.0128678
  46 45.5 29.6946 0.0128883
  47 46.5 29.6858 0.0128845
  48 47.5 29.6282 0.0128594
  49 48.5 29.627 0.0128589
  50 49.5 29.6406 0.0128648
  51 50.5 29.622 0.0128568
  52 51.5 29.5236 0.0128141
  53 52.5 29.5498 0.0128254
  54 53.5 29.5317 0.0128176
  55 54.5 29.4391 0.0127774
  56 55.5 29.4131 0.0127661
  57 56.5 29.3851 0.012754
  58 57.5 29.2692 0.0127036
  59 58.5 29.182 0.0126658
  60 59.5 29.0382 0.0126034
  61 60.5 28.8853 0.012537
  62 61.5 28.6358 0.0124287
  63 62.5 28.3398 0.0123002
  64 63.5 27.9686 0.0121392
  65 64.5 27.4477 0.0119131
  66 65.5 26.7432 0.0116073
  67 66.5 25.9659 0.0112699
  68 67.5 24.9209 0.0108163
  69 68.5 23.6005 0.0102433
  70 69.5 22.0704 0.00957916
  71 70.5 20.2655 0.00879578
  72 71.5 18.2917 0.00793911
  73 72.5 16.1 0.00698785
  74 73.5 13.861 0.00601604
  75 74.5 11.6889 0.0050733
  76 75.5 9.66612 0.00419536
  77 76.5 7.85401 0.00340886
  78 77.5 6.29819 0.00273359
  79 78.5 5.01314 0.00217584
  80 79.5 4.02006 0.00174482
  81 80.5 3.26547 0.0014173
  82 81.5 2.71163 0.00117692
  83 82.5 2.29262 0.000995061
  84 83.5 2.00528 0.000870346
  85 84.5 1.80024 0.000781356
  86 85.5 1.65759 0.000719439
  87 86.5 1.5631 0.000678427
  88 87.5 1.49288 0.000647952
  89 88.5 1.44075 0.000625326
  90 89.5 1.40404 0.000609391
  91 90.5 1.37512 0.000596842
  92 91.5 1.35658 0.000588795
  93 92.5 1.35118 0.000586449
  94 93.5 1.33904 0.00058118
  95 94.5 1.33711 0.000580341
  96 95.5 1.33458 0.000579245
  97 96.5 1.3371 0.000580337
  98 97.5 1.33106 0.000577718
  99 98.5 1.32201 0.000573787
  100 99.5 1.33585 0.000579794
  101 100.5 1.33594 0.000579835
  102 101.5 1.32866 0.000576674
  103 102.5 1.32949 0.000577036
  104 103.5 1.32422 0.000574748
  105 104.5 1.32118 0.000573428
  106 105.5 1.31906 0.000572509
  107 106.5 1.3214 0.000573524
  108 107.5 1.30928 0.000568262
  109 108.5 1.3138 0.000570225
  110 109.5 1.31094 0.000568985
  111 110.5 1.32154 0.000573586
  112 111.5 1.31312 0.00056993
  113 112.5 1.30972 0.000568455
  114 113.5 1.3093 0.000568271
  115 114.5 1.31827 0.000572167
  116 115.5 1.31658 0.000571433
  117 116.5 1.30885 0.000568079
  118 117.5 1.3103 0.000568706
  119 118.5 1.31047 0.000568782
  120 119.5 1.30624 0.000566943
  121 120.5 1.30951 0.000568363
  122 121.5 1.31416 0.000570383
  123 122.5 1.30839 0.000567878
  124 123.5 1.30638 0.000567003
  125 124.5 1.31213 0.000569503
  126 125.5 1.31683 0.000571543
  127 126.5 1.30629 0.000566967
  128 127.5 1.30869 0.000568008
  129 128.5 1.31755 0.000571852
  130 129.5 1.32382 0.000574576
  131 130.5 1.31291 0.000569839
  132 131.5 1.3161 0.000571224
  133 132.5 1.32998 0.00057725
  134 133.5 1.33055 0.000577497
  135 134.5 1.32783 0.000576316
  136 135.5 1.32256 0.000574028
  137 136.5 1.32821 0.000576479
  138 137.5 1.32134 0.000573499
  139 138.5 1.32876 0.00057672
  140 139.5 1.32168 0.000573645
  141 140.5 1.32523 0.000575186
  142 141.5 1.31663 0.000571452
  143 142.5 1.31346 0.000570078
  144 143.5 1.31572 0.00057106
  145 144.5 1.32058 0.000573167
  146 145.5 1.31841 0.000572228
  147 146.5 1.3177 0.000571919
  148 147.5 1.31717 0.000571689
  149 148.5 1.32007 0.000572946
  150 149.5 1.31986 0.000572857
  151 150.5 1.32559 0.000575344
  152 151.5 1.32314 0.000574278
  153 152.5 1.32565 0.000575368
  154 153.5 1.32457 0.000574901
  155 154.5 1.32443 0.000574839
  156 155.5 1.32765 0.000576238
  157 156.5 1.32226 0.000573897
  158 157.5 1.32763 0.00057623
  159 158.5 1.32982 0.000577179
  160 159.5 1.33365 0.00057884
  161 160.5 1.33566 0.000579715
  162 161.5 1.33184 0.000578056
  163 162.5 1.32892 0.000576789
  164 163.5 1.31929 0.000572609
  165 164.5 1.32306 0.000574245
  166 165.5 1.32224 0.00057389
  167 166.5 1.3276 0.000576217
  168 167.5 1.32446 0.000574853
  169 168.5 1.32601 0.000575523
  170 169.5 1.31715 0.000571678
  171 170.5 1.31559 0.000571001
  172 171.5 1.31521 0.000570839
  173 172.5 1.31396 0.000570296
  174 173.5 1.31278 0.000569783
  175 174.5 1.3163 0.000571312
  176 175.5 1.32249 0.000573998
  177 176.5 1.31681 0.00057153
  178 177.5 1.31978 0.000572819
  179 178.5 1.31697 0.000571602
  180 179.5 1.31279 0.000569787
  181 180.5 1.31806 0.000572076
  182 181.5 1.3147 0.000570618
  183 182.5 1.32113 0.000573405
  184 183.5 1.31709 0.000571652
  185 184.5 1.32774 0.000576276
  186 185.5 1.32614 0.000575581
  187 186.5 1.33221 0.000578215
  188 187.5 1.32902 0.000576832
  189 188.5 1.32885 0.000576757
  190 189.5 1.3325 0.000578341
  191 190.5 1.3314 0.000577865
  192 191.5 1.33593 0.000579832
  193 192.5 1.33192 0.000578092
  194 193.5 1.33548 0.000579635
  195 194.5 1.33387 0.000578935
  196 195.5 1.3284 0.000576563
  197 196.5 1.32653 0.000575752
  198 197.5 1.32766 0.000576242
  199 198.5 1.33077 0.00057759
  200 199.5 1.31699 0.00057161
  201 200.5 1.3262 0.000575609
  202 201.5 1.33472 0.000579304
  203 202.5 1.33599 0.000579859
  204 203.5 1.33784 0.000580659
  205 204.5 1.33811 0.000580779
  206 205.5 1.33505 0.000579447
  207 206.5 1.33773 0.000580612
  208 207.5 1.34218 0.000582542
  209 208.5 1.35603 0.000588555
  210 209.5 1.35647 0.000588747
  211 210.5 1.36997 0.000594604
  212 211.5 1.38086 0.000599332
  213 212.5 1.41085 0.000612347
  214 213.5 1.44841 0.000628648
  215 214.5 1.50485 0.000653145
  216 215.5 1.5791 0.000685375
  217 216.5 1.69273 0.000734692
  218 217.5 1.85022 0.000803049
  219 218.5 2.06707 0.000897168
  220 219.5 2.36661 0.00102717
  221 220.5 2.78696 0.00120962
  222 221.5 3.32869 0.00144474
  223 222.5 4.01548 0.00174283
  224 223.5 4.85975 0.00210927
  225 224.5 5.80854 0.00252107
  226 225.5 6.78265 0.00294386
  227 226.5 7.64404 0.00331772
  228 227.5 8.28027 0.00359387
  229 228.5 8.51809 0.00369709
  230 229.5 8.29611 0.00360074
  231 230.5 7.66524 0.00332693
  232 231.5 6.72425 0.00291851
  233 232.5 5.64115 0.00244841
  234 233.5 4.55497 0.00197698
  235 234.5 3.60507 0.0015647
  236 235.5 2.82564 0.00122641
  237 236.5 2.23392 0.000969585
  238 237.5 1.81432 0.000787466
  239 238.5 1.50277 0.000652243
  240 239.5 1.29609 0.00056254
  241 240.5 1.16498 0.000505633
  242 241.5 1.07291 0.000465673
  243 242.5 0.996606 0.000432555
  244 243.5 0.950914 0.000412723
  245 244.5 0.917564 0.000398248
  246 245.5 0.90742 0.000393845
  247 246.5 0.889626 0.000386122
  248 247.5 0.89079 0.000386628
  249 248.5 0.890288 0.00038641
  250 249.5 0.889758 0.00038618
  251 250.5 0.87963 0.000381784
  252 251.5 0.866324 0.000376009
  253 252.5 0.864074 0.000375032
  254 253.5 0.860734 0.000373582
  255 254.5 0.858392 0.000372566
  256 255.5 0.85559 0.00037135
  257 256.5 0.856338 0.000371674
  258 257.5 0.854972 0.000371082
  259 258.5 0.857714 0.000372272
  260 259.5 0.86282 0.000374488
  261 260.5 0.864278 0.000375121
  262 261.5 0.872542 0.000378707
  263 262.5 0.874468 0.000379543
  264 263.5 0.880024 0.000381955
  265 264.5 0.877388 0.000380811
  266 265.5 0.888832 0.000385778
  267 266.5 0.892412 0.000387332
  268 267.5 0.89218 0.000387231
  269 268.5 0.890054 0.000386308
  270 269.5 0.888024 0.000385427
  271 270.5 0.889078 0.000385885
  272 271.5 0.891654 0.000387003
  273 272.5 0.891774 0.000387055
  274 273.5 0.890248 0.000386392
  275 274.5 0.885822 0.000384471
  276 275.5 0.88493 0.000384084
  277 276.5 0.898718 0.000390069
  278 277.5 0.90576 0.000393125
  279 278.5 0.915022 0.000397145
  280 279.5 0.915592 0.000397392
  281 280.5 0.918854 0.000398808
  282 281.5 0.923128 0.000400663
  283 282.5 0.909274 0.00039465
  284 283.5 0.901416 0.00039124
  285 284.5 0.890174 0.00038636
  286 285.5 0.890536 0.000386517
  287 286.5 0.891566 0.000386964
  288 287.5 0.887284 0.000385106
  289 288.5 0.88618 0.000384627
  290 289.5 0.891406 0.000386895
  291 290.5 0.88776 0.000385313
  292 291.5 0.888212 0.000385509
  293 292.5 0.896208 0.000388979
  294 293.5 0.904146 0.000392424
  295 294.5 0.928684 0.000403075
  296 295.5 0.932174 0.000404589
  297 296.5 0.926648 0.000402191
  298 297.5 0.919694 0.000399173
  299 298.5 0.90474 0.000392682
  300 299.5 0.895986 0.000388883
  301 300.5 0.897932 0.000389727
  302 301.5 0.885502 0.000384332
  303 302.5 0.879412 0.000381689
  304 303.5 0.876862 0.000380582
  305 304.5 0.884816 0.000384035
  306 305.5 0.892008 0.000387156
  307 306.5 0.888898 0.000385806
  308 307.5 0.894146 0.000388084
  309 308.5 0.886902 0.00038494
  310 309.5 0.893616 0.000387854
  311 310.5 0.88941 0.000386029
  312 311.5 0.888414 0.000385596
  313 312.5 0.890472 0.00038649
  314 313.5 0.885152 0.000384181
  315 314.5 0.887158 0.000385051
  316 315.5 0.887244 0.000385089
  317 316.5 0.894 0.000388021
  318 317.5 0.904554 0.000392602
  319 318.5 0.921304 0.000399872
  320 319.5 0.929128 0.000403267
  321 320.5 0.923092 0.000400648
  322 321.5 0.914442 0.000396893
  323 322.5 0.903448 0.000392122
  324 323.5 0.90616 0.000393299
  325 324.5 0.92084 0.00039967
  326 325.5 0.926302 0.000402041
  327 326.5 0.931228 0.000404179
  328 327.5 0.922556 0.000400415
  329 328.5 0.924496 0.000401257
  330 329.5 0.924778 0.000401379
  331 330.5 0.924768 0.000401375
  332 331.5 0.93024 0.00040375
  333 332.5 0.926428 0.000402095
  334 333.5 0.923012 0.000400613
  335 334.5 0.909714 0.000394841
  336 335.5 0.910642 0.000395244
  337 336.5 0.900466 0.000390827
  338 337.5 0.904618 0.000392629
  339 338.5 0.89723 0.000389423
  340 339.5 0.895542 0.00038869
  341 340.5 0.897162 0.000389393
  342 341.5 0.890246 0.000386391
  343 342.5 0.890106 0.000386331
  344 343.5 0.890404 0.00038646
  345 344.5 0.885526 0.000384343
  346 345.5 0.886744 0.000384872
  347 346.5 0.88328 0.000383368
  348 347.5 0.875272 0.000379892
  349 348.5 0.86965 0.000377452
  350 349.5 0.866534 0.0003761
  351 350.5 0.867354 0.000376456
  352 351.5 0.870618 0.000377872
  353 352.5 0.870172 0.000377679
  354 353.5 0.872002 0.000378473
  355 354.5 0.868098 0.000376779
  356 355.5 0.870336 0.00037775
  357 356.5 0.88353 0.000383477
  358 357.5 0.894302 0.000388152
  359 358.5 0.90133 0.000391202
  360 359.5 0.896196 0.000388974
  361 360.5 0.905754 0.000393122
  362 361.5 0.909498 0.000394747
  363 362.5 0.918026 0.000398449
  364 363.5 0.905542 0.00039303
  365 364.5 0.912834 0.000396195
  366 365.5 0.905524 0.000393023
  367 366.5 0.906728 0.000393545
  368 367.5 0.906986 0.000393657
  369 368.5 0.900094 0.000390666
  370 369.5 0.886252 0.000384658
  371 370.5 0.894398 0.000388194
  372 371.5 0.905644 0.000393075
  373 372.5 0.91354 0.000396502
  374 373.5 0.9241 0.000401085
  375 374.5 0.918428 0.000398623
  376 375.5 0.914348 0.000396852
  377 376.5 0.917194 0.000398088
  378 377.5 0.926472 0.000402115
  379 378.5 0.962526 0.000417763
  380 379.5 1.01884 0.000442204
  381 380.5 1.08187 0.000469561
  382 381.5 1.17033 0.000507957
  383 382.5 1.29305 0.00056122
  384 383.5 1.49836 0.000650329
  385 384.5 1.82202 0.000790809
  386 385.5 2.3263 0.00100968
  387 386.5 3.03959 0.00131927
  388 387.5 4.10715 0.00178262
  389 388.5 5.58412 0.00242366
  390 389.5 7.49528 0.00325316
  391 390.5 9.85277 0.00427637
  392 391.5 12.5527 0.0054482
  393 392.5 15.3732 0.00667241
  394 393.5 18.2061 0.00790197
  395 394.5 20.7371 0.0090005
  396 395.5 22.9164 0.00994633
  397 396.5 24.6586 0.0107025
  398 397.5 26.0419 0.0113029
  399 398.5 27.0322 0.0117327
  400 399.5 27.7349 0.0120377
  401 400.5 28.2607 0.0122659
  402 401.5 28.6762 0.0124463
  403 402.5 28.9221 0.012553
  404 403.5 29.0495 0.0126083
  405 404.5 29.2004 0.0126738
  406 405.5 29.3174 0.0127246
  407 406.5 29.3369 0.012733
  408 407.5 29.3996 0.0127602
  409 408.5 29.4653 0.0127888
  410 409.5 29.4738 0.0127925
  411 410.5 29.4738 0.0127925
  412 411.5 29.5177 0.0128115
  413 412.5 29.5411 0.0128217
  414 413.5 29.5487 0.0128249
  415 414.5 29.5482 0.0128247
  416 415.5 29.5801 0.0128386
  417 416.5 29.586 0.0128412
  418 417.5 29.5932 0.0128443
  419 418.5 29.6077 0.0128505
  420 419.5 29.623 0.0128572
  421 420.5 29.5986 0.0128466
  422 421.5 29.6061 0.0128499
  423 422.5 29.642 0.0128654
  424 423.5 29.6426 0.0128657
  425 424.5 29.6359 0.0128628
  426 425.5 29.6437 0.0128662
  427 426.5 29.6493 0.0128686
  428 427.5 29.6753 0.0128799
  429 428.5 29.6725 0.0128787
  430 429.5 29.6695 0.0128774
  431 430.5 29.6669 0.0128763
  432 431.5 29.666 0.0128759
  433 432.5 29.6711 0.0128781
  434 433.5 29.6367 0.0128631
  435 434.5 29.6895 0.0128861
  436 435.5 29.6621 0.0128742
  437 436.5 29.6293 0.0128599
  438 437.5 29.6191 0.0128555
  439 438.5 29.6623 0.0128743
  440 439.5 29.6389 0.0128641
  441 440.5 29.6426 0.0128657
  442 441.5 29.6258 0.0128584
  443 442.5 29.6315 0.0128609
  444 443.5 29.6436 0.0128661
  445 444.5 29.6315 0.0128609
  446 445.5 29.617 0.0128546
  447 446.5 29.6421 0.0128655
  448 447.5 29.6594 0.012873
  449 448.5 29.6315 0.0128609
  450 449.5 29.6354 0.0128626
  451 450.5 29.6449 0.0128667
  452 451.5 29.6232 0.0128573
  453 452.5 29.6294 0.01286
  454 453.5 29.686 0.0128846
  455 454.5 29.6757 0.0128801
  456 455.5 29.6452 0.0128668
  457 456.5 29.6678 0.0128766
  458 457.5 29.6713 0.0128782
  459 458.5 29.6747 0.0128796
  460 459.5 29.6984 0.0128899
  461 460.5 29.6629 0.0128745
  462 461.5 29.6893 0.012886
  463 462.5 29.7006 0.0128909
  464 463.5 29.6728 0.0128788
  465 464.5 29.6894 0.012886
  466 465.5 29.6923 0.0128873
  467 466.5 29.7157 0.0128974
  468 467.5 29.7161 0.0128976
  469 468.5 29.6892 0.0128859
  470 469.5 29.701 0.0128911
  471 470.5 29.755 0.0129145
  472 471.5 29.727 0.0129024
  473 472.5 29.6965 0.0128891
  474 473.5 29.7426 0.0129091
  475 474.5 29.7436 0.0129095
  476 475.5 29.7304 0.0129038
  477 476.5 29.7151 0.0128972
  478 477.5 29.7244 0.0129012
  479 478.5 29.7195 0.0128991
  480 479.5 29.7243 0.0129012
30000000 480 5177.999999999998
  1 0.5 29.5274 0.0128157
  2 1.5 29.5552 0.0128278
  3 2.5 29.5582 0.0128291
  4 3.5 29.5446 0.0128232
  5 4.5 29.5335 0.0128184
  6 5.5 29.571 0.0128346
  7 6.5 29.5496 0.0128253
  8 7.5 29.5389 0.0128207
  9 8.5 29.5491 0.0128251
  10 9.5 29.5505 0.0128258
  11 10.5 29.5402 0.0128213
  12 11.5 29.5266 0.0128154
  13 12.5 29.5345 0.0128188
  14 13.5 29.5618 0.0128307
  15 14.5 29.5366 0.0128197
  16 15.5 29.5237 0.0128141
  17 16.5 29.5425 0.0128223
  18 17.5 29.5526 0.0128266
  19 18.5 29.512 0.012809
  20 19.5 29.5027 0.012805
  21 20.5 29.5196 0.0128123
  22 21.5 29.5209 0.0128129
  23 22.5 29.4824 0.0127962
  24 23.5 29.4752 0.0127931
  25 24.5 29.4714 0.0127914
  26 25.5 29.4455 0.0127802
  27 26.5 29.4423 0.0127788
  28 27.5 29.472 0.0127917
  29 28.5 29.4536 0.0127837
  30 29.5 29.473 0.0127921
  31 30.5 29.4553 0.0127844
  32 31.5 29.4852 0.0127974
  33 32.5 29.5429 0.0128224
  34 33.5 29.5249 0.0128146
  35 34.5 29.5266 0.0128153
  36 35.5 29.5581 0.012829
  37 36.5 29.5533 0.012827
  38 37.5 29.5568 0.0128285
  39 38.5 29.5354 0.0128192
  40 39.5 29.5756 0.0128366
  41 40.5 29.5676 0.0128332
  42 41.5 29.5442 0.012823
  43 42.5 29.5959 0.0128454
  44 43.5 29.5859 0.0128411
  45 44.5 29.5867 0.0128415
  46 45.5 29.5774 0.0128374
  47 46.5 29.5708 0.0128346
  48 47.5 29.5736 0.0128358
  49 48.5 29.597 0.0128459
  50 49.5 29.5517 0.0128263
  51 50.5 29.5574 0.0128287
  52 51.5 29.5791 0.0128382
  53 52.5 29.5423 0.0128222
  54 53.5 29.5067 0.0128067
  55 54.5 29.5325 0.0128179
  56 55.5 29.489 0.012799
  57 56.5 29.4582 0.0127857
  58 57.5 29.416 0.0127673
  59 58.5 29.341 0.0127348
  60 59.5 29.2765 0.0127068
  61 60.5 29.174 0.0126623
  62 61.5 29.047 0.0126072
  63 62.5 28.853 0.012523
  64 63.5 28.6119 0.0124183
  65 64.5 28.2827 0.0122755
  66 65.5 27.959 0.012135
  67 66.5 27.4263 0.0119038
  68 67.5 26.7909 0.011628
  69 68.5 26.0363 0.0113005
  70 69.5 25.0367 0.0108666
  71 70.5 23.7955 0.0103279
  72 71.5 22.3114 0.00968377
  73 72.5 20.6521 0.0089636
  74 73.5 18.7486 0.00813742
  75 74.5 16.6512 0.00722708
  76 75.5 14.5051 0.00629563
  77 76.5 12.3586 0.00536396
  78 77.5 10.2988 0.00446995
  79 78.5 8.44169 0.00366393
  80 79.5 6.82194 0.00296091
  81 80.5 5.47097 0.00237455
  82 81.5 4.38593 0.00190362
  83 82.5 3.55241 0.00154185
  84 83.5 2.90582 0.0012612
  85 84.5 2.44663 0.0010619
  86 85.5 2.10888 0.000915313
  87 86.5 1.87728 0.000814792
  88 87.5 1.70572 0.000740332
  89 88.5 1.59693 0.000693113
  90 89.5 1.51562 0.00065782
  91 90.5 1.45151 0.000629997
  92 91.5 1.4147 0.000614018
  93 92.5 1.38497 0.000601115
  94 93.5 1.36511 0.000592494
  95 94.5 1.34805 0.000585092
  96 95.5 1.34035 0.000581748
  97 96.5 1.33098 0.000577681
  98 97.5 1.32415 0.000574719
  99 98.5 1.30633 0.000566984
  100 99.5 1.31539 0.000570918
  101 100.5 1.2998 0.000564149
  102 101.5 1.30345 0.000565734
  103 102.5 1.30881 0.000568062
  104 103.5 1.31322 0.000569973
  105 104.5 1.3095 0.000568358
  106 105.5 1.30037 0.000564395
  107 106.5 1.30751 0.000567494
  108 107.5 1.31161 0.000569275
  109 108.5 1.31064 0.000568852
  110 109.5 1.31324 0.000569981
  111 110.5 1.30933 0.000568287
  112 111.5 1.3078 0.000567621
  113 112.5 1.31335 0.00057003
  114 113.5 1.30882 0.000568062
  115 114.5 1.31052 0.000568804
  116 115.5 1.31146 0.000569209
  117 116.5 1.3144 0.000570484
  118 117.5 1.30812 0.000567759
  119 118.5 1.3092 0.000568228
  120 119.5 1.30565 0.000566689
  121 120.5 1.29744 0.000563126
  122 121.5 1.29906 0.000563828
  123 122.5 1.30241 0.000565281
  124 123.5 1.29623 0.000562598
  125 124.5 1.295 0.000562067
  126 125.5 1.30067 0.000564529
  127 126.5 1.30219 0.000565188
  128 127.5 1.30614 0.000566901
  129 128.5 1.3037 0.000565842
  130 129.5 1.30663 0.000567115
  131 130.5 1.30915 0.000568206
  132 131.5 1.30823 0.000567808
  133 132.5 1.31309 0.000569916
  134 133.5 1.30454 0.000566208
  135 134.5 1.31654 0.000571415
  136 135.5 1.31671 0.000571487
  137 136.5 1.309 0.000568141
  138 137.5 1.31775 0.00057194
  139 138.5 1.31022 0.000568672
  140 139.5 1.30455 0.00056621
  141 140.5 1.30795 0.000567686
  142 141.5 1.31138 0.000569175
  143 142.5 1.30382 0.000565896
  144 143.5 1.30218 0.000565181
  145 144.5 1.30744 0.000567465
  146 145.5 1.29689 0.000562887
  147 146.5 1.30279 0.000565447
  148 147.5 1.30753 0.000567503
  149 148.5 1.29901 0.000563806
  150 149.5 1.30369 0.000565839
  151 150.5 1.3133 0.00057001
  152 151.5 1.30297 0.000565525
  153 152.5 1.30595 0.000566818
  154 153.5 1.30997 0.000568564
  155 154.5 1.31276 0.000569775
  156 155.5 1.30689 0.000567227
  157 156.5 1.31769 0.000571915
  158 157.5 1.32554 0.00057532
  159 158.5 1.3218 0.000573697
  160 159.5 1.32236 0.000573941
  161 160.5 1.31601 0.000571186
  162 161.5 1.31656 0.000571423
  163 162.5 1.31087 0.000568955
  164 163.5 1.32146 0.000573549
  165 164.5 1.31513 0.000570803
  166 165.5 1.31523 0.000570848
  167 166.5 1.31432 0.000570453
  168 167.5 1.31662 0.000571451
  169 168.5 1.31939 0.000572652
  170 169.5 1.31517 0.000570822
  171 170.5 1.31311 0.000569925
  172 171.5 1.31583 0.000571109
  173 172.5 1.31265 0.000569725
  174 173.5 1.3133 0.00057001
  175 174.5 1.31414 0.000570375
  176 175.5 1.31607 0.000571213
  177 176.5 1.32389 0.000574604
  178 177.5 1.3194 0.000572655
  179 178.5 1.31936 0.000572638
  180 179.5 1.31445 0.000570506
  181 180.5 1.317 0.000571613
  182 181.5 1.31916 0.000572554
  183 182.5 1.3244 0.000574825
  184 183.5 1.33651 0.000580082
  185 184.5 1.32504 0.000575104
  186 185.5 1.32319 0.000574302
  187 186.5 1.32726 0.000576068
  188 187.5 1.33258 0.000578375
  189 188.5 1.32796 0.000576372
  190 189.5 1.33471 0.000579301
  191 190.5 1.3347 0.000579295
  192 191.5 1.3258 0.000575434
  193 192.5 1.33041 0.000577435
  194 193.5 1.32838 0.000576554
  195 194.5 1.33406 0.000579021
  196 195.5 1.32332 0.000574359
  197 196.5 1.32828 0.000576512
  198 197.5 1.33861 0.000580996
  199 198.5 1.33163 0.000577964
  200 199.5 1.33295 0.000578539
  201 200.5 1.33906 0.000581187
  202 201.5 1.33259 0.00057838
  203 202.5 1.32907 0.000576855
  204 203.5 1.33369 0.000578858
  205 204.5 1.33175 0.000578018
  206 205.5 1.32942 0.000577006
  207 206.5 1.33273 0.000578442
  208 207.5 1.33892 0.00058113
  209 208.5 1.32939 0.000576994
  210 209.5 1.33191 0.000578085
  211 210.5 1.35328 0.000587361
  212 211.5 1.35884 0.000589773
  213 212.5 1.37146 0.000595253
  214 213.5 1.39767 0.000606629
  215 214.5 1.42079 0.000616664
  216 215.5 1.45494 0.000631485
  217 216.5 1.50858 0.000654764
  218 217.5 1.5854 0.000688107
  219 218.5 1.7017 0.000738584
  220 219.5 1.86207 0.000808191
  221 220.5 2.08072 0.000903089
  222 221.5 2.38231 0.00103399
  223 222.5 2.78521 0.00120886
  224 223.5 3.32632 0.00144372
  225 224.5 4.0228 0.00174601
  226 225.5 4.86077 0.00210971
  227 226.5 5.79095 0.00251343
  228 227.5 6.7805 0.00294293
  229 228.5 7.69412 0.00333946
  230 229.5 8.37976 0.00363705
  231 230.5 8.70873 0.00377983
  232 231.5 8.59562 0.00373074
  233 232.5 8.05049 0.00349414
  234 233.5 7.16579 0.00311015
  235 234.5 6.08139 0.00263949
  236 235.5 4.93931 0.0021438
  237 236.5 3.92267 0.00170255
  238 237.5 3.06656 0.00133097
  239 238.5 2.42328 0.00105177
  240 239.5 1.94568 0.00084448
  241 240.5 1.60045 0.000694639
  242 241.5 1.38248 0.000600036
  243 242.5 1.21785 0.000528581
  244 243.5 1.12011 0.000486158
  245 244.5 1.05205 0.00045662
  246 245.5 0.995106 0.000431904
  247 246.5 0.961546 0.000417338
  248 247.5 0.942804 0.000409203
  249 248.5 0.920114 0.000399355
  250 249.5 0.906594 0.000393487
  251 250.5 0.897086 0.00038936
  252 251.5 0.8956 0.000388715
  253 252.5 0.887776 0.000385319
  254 253.5 0.875534 0.000380006
  255 254.5 0.873896 0.000379295
  256 255.5 0.875452 0.00037997
  257 256.5 0.878504 0.000381295
  258 257.5 0.864146 0.000375063
  259 258.5 0.858466 0.000372598
  260 259.5 0.856794 0.000371872
  261 260.5 0.865466 0.000375636
  262 261.5 0.857298 0.000372091
  263 262.5 0.84902 0.000368498
  264 263.5 0.85272 0.000370104
  265 264.5 0.86601 0.000375872
  266 265.5 0.864286 0.000375124
  267 266.5 0.862764 0.000374464
  268 267.5 0.859902 0.000373221
  269 268.5 0.857586 0.000372216
  270 269.5 0.860432 0.000373451
  271 270.5 0.86488 0.000375382
  272 271.5 0.868768 0.000377069
  273 272.5 0.864716 0.000375311
  274 273.5 0.852146 0.000369855
  275 274.5 0.846262 0.000367301
  276 275.5 0.84258 0.000365703
  277 276.5 0.844908 0.000366714
  278 277.5 0.848986 0.000368484
  279 278.5 0.846382 0.000367353
  280 279.5 0.842358 0.000365607
  281 280.5 0.840354 0.000364737
  282 281.5 0.831538 0.000360911
  283 282.5 0.82875 0.000359701
  284 283.5 0.81929 0.000355595
  285 284.5 0.813436 0.000353054
  286 285.5 0.808224 0.000350792
  287 286.5 0.816998 0.0003546
  288 287.5 0.821642 0.000356615
  289 288.5 0.82464 0.000357917
  290 289.5 0.816926 0.000354569
  291 290.5 0.802746 0.000348414
  292 291.5 0.800888 0.000347608
  293 292.5 0.800724 0.000347536
  294 293.5 0.802178 0.000348168
  295 294.5 0.8027 0.000348394
  296 295.5 0.792014 0.000343756
  297 296.5 0.798352 0.000346507
  298 297.5 0.813084 0.000352901
  299 298.5 0.817186 0.000354681
  300 299.5 0.830866 0.000360619
  301 300.5 0.831146 0.00036074
  302 301.5 0.833756 0.000361873
  303 302.5 0.83164 0.000360955
  304 303.5 0.8368 0.000363194
  305 304.5 0.844314 0.000366456
  306 305.5 0.839326 0.000364291
  307 306.5 0.840288 0.000364708
  308 307.5 0.83776 0.000363611
  309 308.5 0.839564 0.000364394
  310 309.5 0.840046 0.000364603
  311 310.5 0.852156 0.000369859
  312 311.5 0.85013 0.00036898
  313 312.5 0.846754 0.000367515
  314 313.5 0.841546 0.000365254
  315 314.5 0.83276 0.000361441
  316 315.5 0.834322 0.000362119
  317 316.5 0.828168 0.000359448
  318 317.5 0.823006 0.000357207
  319 318.5 0.831012 0.000360682
  320 319.5 0.827554 0.000359181
  321 320.5 0.819682 0.000355765
  322 321.5 0.818222 0.000355131
  323 322.5 0.817288 0.000354726
  324 323.5 0.821354 0.00035649
  325 324.5 0.81152 0.000352222
  326 325.5 0.812196 0.000352516
  327 326.5 0.834666 0.000362268
  328 327.5 0.846996 0.00036762
  329 328.5 0.848168 0.000368128
  330 329.5 0.836694 0.000363148
  331 330.5 0.828108 0.000359422
  332 331.5 0.82017 0.000355977
  333 332.5 0.802556 0.000348332
  334 333.5 0.800768 0.000347556
  335 334.5 0.804798 0.000349305
  336 335.5 0.78952 0.000342674
  337 336.5 0.792758 0.000344079
  338 337.5 0.789712 0.000342757
  339 338.5 0.786554 0.000341386
  340 339.5 0.79043 0.000343069
  341 340.5 0.794214 0.000344711
  342 341.5 0.79244 0.000343941
  343 342.5 0.792134 0.000343808
  344 343.5 0.791364 0.000343474
  345 344.5 0.784894 0.000340666
  346 345.5 0.784796 0.000340623
  347 346.5 0.786942 0.000341555
  348 347.5 0.793138 0.000344244
  349 348.5 0.798192 0.000346438
  350 349.5 0.798532 0.000346585
  351 350.5 0.812864 0.000352806
  352 351.5 0.813296 0.000352993
  353 352.5 0.819404 0.000355644
  354 353.5 0.817466 0.000354803
  355 354.5 0.826272 0.000358625
  356 355.5 0.823812 0.000357557
  357 356.5 0.817498 0.000354817
  358 357.5 0.816882 0.000354549
  359 358.5 0.826958 0.000358923
  360 359.5 0.831522 0.000360904
  361 360.5 0.841122 0.00036507
  362 361.5 0.844692 0.00036662
  363 362.5 0.853566 0.000370471
  364 363.5 0.865478 0.000375641
  365 364.5 0.86385 0.000374935
  366 365.5 0.867994 0.000376734
  367 366.5 0.87351 0.000379128
  368 367.5 0.876054 0.000380232
  369 368.5 0.879342 0.000381659
  370 369.5 0.874322 0.00037948
  371 370.5 0.871834 0.0003784
  372 371.5 0.870096 0.000377646
  373 372.5 0.869826 0.000377529
  374 373.5 0.86463 0.000375273
  375 374.5 0.873328 0.000379049
  376 375.5 0.87734 0.00038079
  377 376.5 0.889104 0.000385896
  378 377.5 0.914108 0.000396748
  379 378.5 0.933748 0.000405273
  380 379.5 0.955728 0.000414812
  381 380.5 0.993392 0.00043116
  382 381.5 1.02244 0.000443766
  383 382.5 1.10885 0.000481271
  384 383.5 1.21837 0.000528806
  385 384.5 1.37064 0.000594894
  386 385.5 1.61883 0.000702616
  387 386.5 2.00181 0.000868839
  388 387.5 2.56862 0.00111485
  389 388.5 3.39564 0.0014738
  390 389.5 4.57143 0.00198413
  391 390.5 6.16574 0.0026761
  392 391.5 8.23288 0.0035733
  393 392.5 10.6807 0.00463571
  394 393.5 13.4148 0.00582241
  395 394.5 16.2204 0.00704012
  396 395.5 18.9649 0.00823131
  397 396.5 21.4404 0.00930574
  398 397.5 23.4587 0.0101817
  399 398.5 25.0846 0.0108874
  400 399.5 26.3309 0.0114283
  401 400.5 27.2204 0.0118144
  402 401.5 27.9203 0.0121182
  403 402.5 28.3534 0.0123062
  404 403.5 28.7135 0.0124624
  405 404.5 28.9258 0.0125546
  406 405.5 29.0977 0.0126292
  407 406.5 29.2595 0.0126994
  408 407.5 29.3727 0.0127486
  409 408.5 29.4058 0.0127629
  410 409.5 29.4896 0.0127993
  411 410.5 29.5422 0.0128222
  412 411.5 29.5473 0.0128243
  413 412.5 29.564 0.0128316
  414 413.5 29.5911 0.0128434
  415 414.5 29.5852 0.0128408
  416 415.5 29.6122 0.0128525
  417 416.5 29.638 0.0128637
  418 417.5 29.6351 0.0128625
  419 418.5 29.6281 0.0128594
  420 419.5 29.666 0.0128759
  421 420.5 29.6859 0.0128845
  422 421.5 29.6599 0.0128732
  423 422.5 29.6638 0.0128749
  424 423.5 29.6943 0.0128881
  425 424.5 29.6748 0.0128797
  426 425.5 29.6935 0.0128878
  427 426.5 29.6491 0.0128685
  428 427.5 29.6791 0.0128816
  429 428.5 29.6665 0.0128761
  430 429.5 29.6315 0.0128609
  431 430.5 29.6193 0.0128556
  432 431.5 29.6791 0.0128816
  433 432.5 29.6707 0.0128779
  434 433.5 29.6545 0.0128709
  435 434.5 29.6793 0.0128817
  436 435.5 29.6885 0.0128856
  437 436.5 29.6834 0.0128834
  438 437.5 29.682 0.0128828
  439 438.5 29.6773 0.0128808
  440 439.5 29.6748 0.0128797
  441 440.5 29.6736 0.0128792
  442 441.5 29.7194 0.012899
  443 442.5 29.6996 0.0128905
  444 443.5 29.6955 0.0128887
  445 444.5 29.7173 0.0128981
  446 445.5 29.6935 0.0128878
  447 446.5 29.6778 0.012881
  448 447.5 29.6478 0.012868
  449 448.5 29.683 0.0128832
  450 449.5 29.6809 0.0128823
  451 450.5 29.6601 0.0128733
  452 451.5 29.6403 0.0128647
  453 452.5 29.6536 0.0128705
  454 453.5 29.6147 0.0128536
  455 454.5 29.5732 0.0128356
  456 455.5 29.5905 0.0128431
  457 456.5 29.5673 0.012833
  458 457.5 29.5828 0.0128397
  459 458.5 29.5844 0.0128405
  460 459.5 29.5568 0.0128285
  461 460.5 29.5878 0.0128419
  462 461.5 29.5619 0.0128307
  463 462.5 29.5688 0.0128337
  464 463.5 29.5668 0.0128328
  465 464.5 29.6004 0.0128474
  466 465.5 29.5422 0.0128222
  467 466.5 29.5471 0.0128242
  468 467.5 29.5602 0.0128299
  469 468.5 29.5834 0.01284
  470 469.5 29.5101 0.0128082
  471 470.5 29.518 0.0128116
  472 471.5 29.5334 0.0128183
  473 472.5 29.5504 0.0128257
  474 473.5 29.5534 0.012827
  475 474.5 29.5408 0.0128215
  476 475.5 29.5486 0.0128249
  477 476.5 29.5519 0.0128264
  478 477.5 29.5424 0.0128222
  479 478.5 29.5535 0.0128271
  480 479.5 29.565 0.012832
40000000 480 5178.000000000002
  1 0.5 29.6565 0.0128717
  2 1.5 29.6609 0.0128737
  3 2.5 29.6189 0.0128554
  4 3.5 29.6224 0.0128569
  5 4.5 29.6616 0.0128739
  6 5.5 29.663 0.0128745
  7 6.5 29.6048 0.0128493
  8 7.5 29.6397 0.0128645
  9 8.5 29.686 0.0128845
  10 9.5 29.6525 0.01287
  11 10.5 29.6354 0.0128626
  12 11.5 29.6849 0.0128841
  13 12.5 29.6448 0.0128667
  14 13.5 29.6208 0.0128563
  15 14.5 29.631 0.0128607
  16 15.5 29.634 0.012862
  17 16.5 29.5838 0.0128402
  18 17.5 29.6271 0.012859
  19 18.5 29.6324 0.0128613
  20 19.5 29.6554 0.0128713
  21 20.5 29.6144 0.0128535
  22 21.5 29.6271 0.012859
  23 22.5 29.6357 0.0128627
  24 23.5 29.6325 0.0128613
  25 24.5 29.6329 0.0128615
  26 25.5 29.6247 0.012858
  27 26.5 29.6458 0.0128671
  28 27.5 29.6284 0.0128596
  29 28.5 29.628 0.0128594
  30 29.5 29.6617 0.012874
  31 30.5 29.6439 0.0128663
  32 31.5 29.6344 0.0128622
  33 32.5 29.6581 0.0128724
  34 33.5 29.6399 0.0128645
  35 34.5 29.6104 0.0128518
  36 35.5 29.6652 0.0128755
  37 36.5 29.6494 0.0128687
  38 37.5 29.6103 0.0128517
  39 38.5 29.6308 0.0128606
  40 39.5 29.6416 0.0128653
  41 40.5 29.6357 0.0128627
  42 41.5 29.5794 0.0128383
  43 42.5 29.6527 0.0128701
  44 43.5 29.6287 0.0128597
  45 44.5 29.5777 0.0128375
  46 45.5 29.5935 0.0128444
  47 46.5 29.6623 0.0128743
  48 47.5 29.6179 0.012855
  49 48.5 29.5985 0.0128466
  50 49.5 29.6131 0.0128529
  51 50.5 29.6744 0.0128795
  52 51.5 29.5935 0.0128444
  53 52.5 29.5696 0.012834
  54 53.5 29.5972 0.012846
  55 54.5 29.6065 0.01285
  56 55.5 29.5386 0.0128206
  57 56.5 29.5178 0.0128115
  58 57.5 29.5524 0.0128266
  59 58.5 29.4993 0.0128035
  60 59.5 29.4136 0.0127663
  61 60.5 29.3765 0.0127502
  62 61.5 29.2763 0.0127067
  63 62.5 29.1439 0.0126493
  64 63.5 29.0001 0.0125869
  65 64.5 28.8327 0.0125142
  66 65.5 28.5459 0.0123897
  67 66.5 28.1887 0.0122347
  68 67.5 27.7856 0.0120597
  69 68.5 27.2468 0.0118259
  70 69.5 26.4688 0.0114882
  71 70.5 25.588 0.0111059
  72 71.5 24.4294 0.0106031
  73 72.5 23.0533 0.0100058
  74 73.5 21.3816 0.0092802
  75 74.5 19.493 0.0084605
  76 75.5 17.3767 0.00754196
  77 76.5 15.2161 0.00660421
  78 77.5 12.9809 0.00563406
  79 78.5 10.8644 0.00471546
  80 79.5 8.91679 0.00387014
  81 80.5 7.21207 0.00313024
  82 81.5 5.7822 0.00250963
  83 82.5 4.62765 0.00200853
  84 83.5 3.73754 0.0016222
  85 84.5 3.05015 0.00132385
  86 85.5 2.54775 0.0011058
  87 86.5 2.18759 0.000949475
  88 87.5 1.9191 0.000832941
  89 88.5 1.74502 0.000757385
  90 89.5 1.62843 0.000706786
  91 90.5 1.53906 0.000667997
  92 91.5 1.47151 0.000638678
  93 92.5 1.43039 0.000620829
  94 93.5 1.40408 0.000609409
  95 94.5 1.37897 0.00059851
  96 95.5 1.35978 0.000590181
  97 96.5 1.34792 0.000585036
  98 97.5 1.34101 0.000582034
  99 98.5 1.33879 0.000581074
  100 99.5 1.33517 0.000579499
  101 100.5 1.33189 0.000578076
  102 101.5 1.32902 0.000576832
  103 102.5 1.33372 0.000578872
  104 103.5 1.3371 0.00058034
  105 104.5 1.33076 0.000577587
  106 105.5 1.3391 0.000581208
  107 106.5 1.33686 0.000580233
  108 107.5 1.33624 0.000579966
  109 108.5 1.33169 0.00057799
  110 109.5 1.32462 0.000574922
  111 110.5 1.32124 0.000573457
  112 111.5 1.32219 0.000573868
  113 112.5 1.31978 0.000572822
  114 113.5 1.33054 0.00057749
  115 114.5 1.33134 0.000577839
  116 115.5 1.32757 0.000576201
  117 116.5 1.33058 0.000577507
  118 117.5 1.32828 0.00057651
  119 118.5 1.32935 0.000576975
  120 119.5 1.32315 0.000574282
  121 120.5 1.3245 0.000574868
  122 121.5 1.31754 0.000571847
  123 122.5 1.3172 0.0005717
  124 123.5 1.31923 0.000572582
  125 124.5 1.31367 0.000570169
  126 125.5 1.31535 0.0005709
  127 126.5 1.31709 0.000571654
  128 127.5 1.31317 0.000569952
  129 128.5 1.31289 0.00056983
  130 129.5 1.31576 0.000571076
  131 130.5 1.31419 0.000570395
  132 131.5 1.31106 0.000569036
  133 132.5 1.31469 0.000570614
  134 133.5 1.31654 0.000571414
  135 134.5 1.31237 0.000569604
  136 135.5 1.31116 0.000569082
  137 136.5 1.31059 0.000568833
  138 137.5 1.31696 0.000571597
  139 138.5 1.31759 0.000571872
  140 139.5 1.31944 0.000572674
  141 140.5 1.31947 0.000572687
  142 141.5 1.31776 0.000571945
  143 142.5 1.32724 0.00057606
  144 143.5 1.32614 0.00057558
  145 144.5 1.31968 0.000572778
  146 145.5 1.32623 0.000575619
  147 146.5 1.32859 0.000576645
  148 147.5 1.32756 0.000576197
  149 148.5 1.3235 0.000574437
  150 149.5 1.32066 0.000573202
  151 150.5 1.32412 0.000574703
  152 151.5 1.32002 0.000572925
  153 152.5 1.3291 0.000576867
  154 153.5 1.32073 0.000573234
  155 154.5 1.32415 0.000574716
  156 155.5 1.33186 0.000578063
  157 156.5 1.33477 0.000579329
  158 157.5 1.32795 0.000576369
  159 158.5 1.32424 0.000574758
  160 159.5 1.31158 0.000569264
  161 160.5 1.31292 0.000569845
  162 161.5 1.32223 0.000573885
  163 162.5 1.31909 0.00057252
  164 163.5 1.32336 0.000574373
  165 164.5 1.32253 0.000574015
  166 165.5 1.31566 0.000571033
  167 166.5 1.31962 0.000572751
  168 167.5 1.32029 0.000573044
  169 168.5 1.31847 0.000572254
  170 169.5 1.31332 0.000570019
  171 170.5 1.3123 0.000569576
  172 171.5 1.31124 0.000569114
  173 172.5 1.32153 0.00057358
  174 173.5 1.32527 0.000575203
  175 174.5 1.33147 0.000577893
  176 175.5 1.33143 0.000577876
  177 176.5 1.33033 0.000577398
  178 177.5 1.33378 0.000578897
  179 178.5 1.33368 0.000578853
  180 179.5 1.33202 0.000578133
  181 180.5 1.33134 0.000577837
  182 181.5 1.32927 0.000576939
  183 182.5 1.33764 0.000580575
  184 183.5 1.33745 0.000580491
  185 184.5 1.33156 0.000577933
  186 185.5 1.33401 0.000578996
  187 186.5 1.3334 0.000578732
  188 187.5 1.32939 0.000576994
  189 188.5 1.32904 0.00057684
  190 189.5 1.32411 0.000574699
  191 190.5 1.32451 0.000574872
  192 191.5 1.31931 0.000572619
  193 192.5 1.30999 0.00056857
  194 193.5 1.31607 0.000571211
  195 194.5 1.3216 0.000573612
  196 195.5 1.32833 0.000576531
  197 196.5 1.32276 0.000574113
  198 197.5 1.32539 0.000575258
  199 198.5 1.32814 0.00057645
  200 199.5 1.33696 0.000580278
  201 200.5 1.33018 0.000577337
  202 201.5 1.33789 0.000580681
  203 202.5 1.33518 0.000579503
  204 203.5 1.34223 0.000582566
  205 204.5 1.33757 0.000580543
  206 205.5 1.33744 0.000580485
  207 206.5 1.342 0.000582464
  208 207.5 1.33785 0.000580662
  209 208.5 1.34241 0.000582645
  210 209.5 1.34274 0.000582788
  211 210.5 1.34914 0.000585563
  212 211.5 1.35237 0.000586966
  213 212.5 1.37158 0.000595304
  214 213.5 1.37156 0.000595295
  215 214.5 1.38939 0.000603033
  216 215.5 1.42255 0.000617426
  217 216.5 1.45187 0.000630151
  218 217.5 1.50969 0.000655246
  219 218.5 1.58336 0.00068722
  220 219.5 1.67686 0.000727806
  221 220.5 1.81392 0.000787293
  222 221.5 2.00312 0.00086941
  223 222.5 2.25722 0.000979695
  224 223.5 2.61731 0.00113599
  225 224.5 3.1107 0.00135013
  226 225.5 3.73393 0.00162063
  227 226.5 4.51727 0.00196062
  228 227.5 5.46724 0.00237294
  229 228.5 6.47714 0.00281126
  230 229.5 7.45052 0.00323373
  231 230.5 8.3187 0.00361055
  232 231.5 8.8669 0.00384848
  233 232.5 9.00961 0.00391042
  234 233.5 8.67467 0.00376505
  235 234.5 7.93521 0.0034441
  236 235.5 6.89181 0.00299124
  237 236.5 5.77923 0.00250835
  238 237.5 4.62875 0.002009
  239 238.5 3.66196 0.00158939
  240 239.5 2.87143 0.00124628
  241 240.5 2.26423 0.00098274
  242 241.5 1.83048 0.000794478
  243 242.5 1.53055 0.000664303
  244 243.5 1.32612 0.000575572
  245 244.5 1.18754 0.000515424
  246 245.5 1.08894 0.000472629
  247 246.5 1.02614 0.000445372
  248 247.5 0.982692 0.000426516
  249 248.5 0.944556 0.000409964
  250 249.5 0.924468 0.000401245
  251 250.5 0.911138 0.000395459
  252 251.5 0.902964 0.000391911
  253 252.5 0.891108 0.000386766
  254 253.5 0.902988 0.000391922
  255 254.5 0.902502 0.000391711
  256 255.5 0.905948 0.000393207
  257 256.5 0.90794 0.000394071
  258 257.5 0.914244 0.000396807
  259 258.5 0.912066 0.000395862
  260 259.5 0.926894 0.000402298
  261 260.5 0.925978 0.0004019
  262 261.5 0.918754 0.000398765
  263 262.5 0.92849 0.00040299
  264 263.5 0.938086 0.000407155
  265 264.5 0.945426 0.000410341
  266 265.5 0.944844 0.000410089
  267 266.5 0.940672 0.000408278
  268 267.5 0.935112 0.000405865
  269 268.5 0.931814 0.000404433
  270 269.5 0.928478 0.000402985
  271 270.5 0.919322 0.000399011
  272 271.5 0.911914 0.000395796
  273 272.5 0.896578 0.00038914
  274 273.5 0.901224 0.000391156
  275 274.5 0.910002 0.000394966
  276 275.5 0.897728 0.000389639
  277 276.5 0.89724 0.000389427
  278 277.5 0.893588 0.000387842
  279 278.5 0.900466 0.000390827
  280 279.5 0.906832 0.00039359
  281 280.5 0.909944 0.000394941
  282 281.5 0.903222 0.000392023
  283 282.5 0.896444 0.000389082
  284 283.5 0.898206 0.000389846
  285 284.5 0.90053 0.000390855
  286 285.5 0.892224 0.00038725
  287 286.5 0.899044 0.00039021
  288 287.5 0.904916 0.000392759
  289 288.5 0.907048 0.000393684
  290 289.5 0.915884 0.000397519
  291 290.5 0.924854 0.000401412
  292 291.5 0.928856 0.000403149
  293 292.5 0.923738 0.000400928
  294 293.5 0.93054 0.00040388
  295 294.5 0.929142 0.000403273
  296 295.5 0.926452 0.000402106
  297 296.5 0.918352 0.00039859
  298 297.5 0.908766 0.00039443
  299 298.5 0.90243 0.00039168
  300 299.5 0.901842 0.000391424
  301 300.5 0.910556 0.000395207
  302 301.5 0.90508 0.00039283
  303 302.5 0.899618 0.000390459
  304 303.5 0.893496 0.000387802
  305 304.5 0.88664 0.000384826
  306 305.5 0.886124 0.000384602
  307 306.5 0.885228 0.000384214
  308 307.5 0.879138 0.00038157
  309 308.5 0.870222 0.000377701
  310 309.5 0.86526 0.000375547
  311 310.5 0.864598 0.00037526
  312 311.5 0.874892 0.000379727
  313 312.5 0.877872 0.000381021
  314 313.5 0.875386 0.000379942
  315 314.5 0.87646 0.000380408
  316 315.5 0.877312 0.000380778
  317 316.5 0.888456 0.000385615
  318 317.5 0.883908 0.000383641
  319 318.5 0.883434 0.000383435
  320 319.5 0.893062 0.000387614
  321 320.5 0.907826 0.000394022
  322 321.5 0.906668 0.000393519
  323 322.5 0.91136 0.000395556
  324 323.5 0.912466 0.000396036
  325 324.5 0.91494 0.000397109
  326 325.5 0.904782 0.000392701
  327 326.5 0.903208 0.000392017
  328 327.5 0.91045 0.000395161
  329 328.5 0.907902 0.000394055
  330 329.5 0.900904 0.000391017
  331 330.5 0.895362 0.000388612
  332 331.5 0.89983 0.000390551
  333 332.5 0.908676 0.000394391
  334 333.5 0.905396 0.000392967
  335 334.5 0.907252 0.000393773
  336 335.5 0.903116 0.000391977
  337 336.5 0.90411 0.000392409
  338 337.5 0.895462 0.000388655
  339 338.5 0.898148 0.000389821
  340 339.5 0.891124 0.000386773
  341 340.5 0.884896 0.000384069
  342 341.5 0.888976 0.00038584
  343 342.5 0.888404 0.000385592
  344 343.5 0.881658 0.000382664
  345 344.5 0.876864 0.000380583
  346 345.5 0.86619 0.000375951
  347 346.5 0.871836 0.000378401
  348 347.5 0.863446 0.00037476
  349 348.5 0.848934 0.000368461
  350 349.5 0.846738 0.000367508
  351 350.5 0.844014 0.000366326
  352 351.5 0.829128 0.000359865
  353 352.5 0.832252 0.00036122
  354 353.5 0.83133 0.00036082
  355 354.5 0.839228 0.000364248
  356 355.5 0.834018 0.000361987
  357 356.5 0.829126 0.000359864
  358 357.5 0.817876 0.000354981
  359 358.5 0.81917 0.000355543
  360 359.5 0.820274 0.000356022
  361 360.5 0.818544 0.000355271
  362 361.5 0.828056 0.000359399
  363 362.5 0.84043 0.00036477
  364 363.5 0.851408 0.000369535
  365 364.5 0.84831 0.00036819
  366 365.5 0.85178 0.000369696
  367 366.5 0.846 0.000367188
  368 367.5 0.835774 0.000362749
  369 368.5 0.83094 0.000360651
  370 369.5 0.834462 0.00036218
  371 370.5 0.833802 0.000361893
  372 371.5 0.831808 0.000361028
  373 372.5 0.83493 0.000362383
  374 373.5 0.84215 0.000365516
  375 374.5 0.845986 0.000367181
  376 375.5 0.846942 0.000367596
  377 376.5 0.850216 0.000369017
  378 377.5 0.861492 0.000373911
  379 378.5 0.86887 0.000377114
  380 379.5 0.887144 0.000385045
  381 380.5 0.896186 0.00038897
  382 381.5 0.921312 0.000399875
  383 382.5 0.949578 0.000412143
  384 383.5 0.99358 0.000431241
  385 384.5 1.06185 0.000460872
  386 385.5 1.16638 0.000506243
  387 386.5 1.33688 0.000580241
  388 387.5 1.60666 0.000697337
  389 388.5 2.00498 0.000870216
  390 389.5 2.5992 0.00112812
  391 390.5 3.45116 0.0014979
  392 391.5 4.67817 0.00203045
  393 392.5 6.29341 0.00273151
  394 393.5 8.35929 0.00362816
  395 394.5 10.7759 0.00467704
  396 395.5 13.4521 0.00583859
  397 396.5 16.1746 0.00702023
  398 397.5 18.8326 0.00817388
  399 398.5 21.2153 0.00920803
  400 399.5 23.2262 0.0100808
  401 400.5 24.8575 0.0107888
  402 401.5 26.1281 0.0113403
  403 402.5 27.0656 0.0117472
  404 403.5 27.7616 0.0120493
  405 404.5 28.2631 0.012267
  406 405.5 28.6172 0.0124206
  407 406.5 28.9116 0.0125485
  408 407.5 29.0716 0.0126179
  409 408.5 29.1772 0.0126637
  410 409.5 29.3213 0.0127262
  411 410.5 29.4346 0.0127754
  412 411.5 29.4178 0.0127682
  413 412.5 29.4862 0.0127978
  414 413.5 29.5153 0.0128105
  415 414.5 29.5249 0.0128146
  416 415.5 29.5297 0.0128167
  417 416.5 29.5832 0.0128399
  418 417.5 29.5711 0.0128347
  419 418.5 29.5821 0.0128394
  420 419.5 29.5815 0.0128392
  421 420.5 29.5847 0.0128406
  422 421.5 29.6132 0.012853
  423 422.5 29.6048 0.0128493
  424 423.5 29.6298 0.0128602
  425 424.5 29.6282 0.0128595
  426 425.5 29.6618 0.012874
  427 426.5 29.652 0.0128698
  428 427.5 29.6758 0.0128801
  429 428.5 29.6927 0.0128875
  430 429.5 29.6812 0.0128825
  431 430.5 29.7053 0.0128929
  432 431.5 29.7145 0.0128969
  433 432.5 29.721 0.0128998
  434 433.5 29.7062 0.0128933
  435 434.5 29.7123 0.012896
  436 435.5 29.7291 0.0129033
  437 436.5 29.7243 0.0129012
  438 437.5 29.7401 0.012908
  439 438.5 29.687 0.012885
  440 439.5 29.7167 0.0128979
  441 440.5 29.7283 0.0129029
  442 441.5 29.6613 0.0128738
  443 442.5 29.6997 0.0128905
  444 443.5 29.7213 0.0128999
  445 444.5 29.6907 0.0128866
  446 445.5 29.6603 0.0128734
  447 446.5 29.6832 0.0128833
  448 447.5 29.6929 0.0128875
  449 448.5 29.7012 0.0128911
  450 449.5 29.6725 0.0128787
  451 450.5 29.6727 0.0128788
  452 451.5 29.6591 0.0128729
  453 452.5 29.6927 0.0128875
  454 453.5 29.6606 0.0128735
  455 454.5 29.6865 0.0128848
  456 455.5 29.665 0.0128754
  457 456.5 29.6752 0.0128799
  458 457.5 29.6709 0.012878
  459 458.5 29.6685 0.012877
  460 459.5 29.6234 0.0128574
  461 460.5 29.6558 0.0128714
  462 461.5 29.6381 0.0128637
  463 462.5 29.6309 0.0128606
  464 463.5 29.6305 0.0128605
  465 464.5 29.6364 0.012863
  466 465.5 29.625 0.0128581
  467 466.5 29.603 0.0128485
  468 467.5 29.6121 0.0128525
  469 468.5 29.6288 0.0128597
  470 469.5 29.6309 0.0128606
  471 470.5 29.6491 0.0128685
  472 471.5 29.6727 0.0128788
  473 472.5 29.6892 0.0128859
  474 473.5 29.6479 0.012868
  475 474.5 29.6573 0.0128721
  476 475.5 29.6434 0.0128661
  477 476.5 29.6551 0.0128711
  478 477.5 29.6741 0.0128794
  479 478.5 29.6498 0.0128688
  480 479.5 29.6128 0.0128528
50000000 480 5177.999999999998
  1 0.5 29.457 0.0127852
  2 1.5 29.4146 0.0127668
  3 2.5 29.4862 0.0127978
  4 3.5 29.4738 0.0127924
  5 4.5 29.428 0.0127726
  6 5.5 29.4657 0.0127889
  7 6.5 29.5109 0.0128086
  8 7.5 29.4521 0.012783
  9 8.5 29.4562 0.0127848
  10 9.5 29.4868 0.0127981
  11 10.5 29.4926 0.0128006
  12 11.5 29.4588 0.012786
  13 12.5 29.4802 0.0127952
  14 13.5 29.4744 0.0127927
  15 14.5 29.47 0.0127908
  16 15.5 29.4435 0.0127793
  17 16.5 29.4748 0.0127929
  18 17.5 29.4534 0.0127836
  19 18.5 29.4647 0.0127885
  20 19.5 29.4576 0.0127854
  21 20.5 29.4408 0.0127781
  22 21.5 29.4505 0.0127823
  23 22.5 29.4813 0.0127957
  24 23.5 29.4619 0.0127873
  25 24.5 29.4502 0.0127822
  26 25.5 29.4961 0.0128021
  27 26.5 29.5037 0.0128054
  28 27.5 29.4866 0.012798
  29 28.5 29.5072 0.0128069
  30 29.5 29.5006 0.0128041
  31 30.5 29.5261 0.0128151
  32 31.5 29.5191 0.0128121
  33 32.5 29.5435 0.0128227
  34 33.5 29.5376 0.0128201
  35 34.5 29.5727 0.0128354
  36 35.5 29.5828 0.0128398
  37 36.5 29.5436 0.0128227
  38 37.5 29.5731 0.0128356
  39 38.5 29.5761 0.0128369
  40 39.5 29.5773 0.0128374
  41 40.5 29.5569 0.0128285
  42 41.5 29.5624 0.0128309
  43 42.5 29.5743 0.0128361
  44 43.5 29.5586 0.0128293
  45 44.5 29.5567 0.0128284
  46 45.5 29.5469 0.0128242
  47 46.5 29.5732 0.0128356
  48 47.5 29.5631 0.0128312
  49 48.5 29.5652 0.0128321
  50 49.5 29.5865 0.0128413
  51 50.5 29.5651 0.0128321
  52 51.5 29.5402 0.0128213
  53 52.5 29.5834 0.01284
  54 53.5 29.5777 0.0128375
  55 54.5 29.5371 0.0128199
  56 55.5 29.5497 0.0128254
  57 56.5 29.5855 0.0128409
  58 57.5 29.5246 0.0128145
  59 58.5 29.4882 0.0127987
  60 59.5 29.5192 0.0128121
  61 60.5 29.491 0.0127999
  62 61.5 29.4429 0.012779
  63 62.5 29.3938 0.0127577
  64 63.5 29.3435 0.0127359
  65 64.5 29.2197 0.0126822
  66 65.5 29.1395 0.0126474
  67 66.5 28.9545 0.0125671
  68 67.5 28.7954 0.012498
  69 68.5 28.5407 0.0123875
  70 69.5 28.1916 0.012236
  71 70.5 27.7494 0.012044
  72 71.5 27.2353 0.0118209
  73 72.5 26.4791 0.0114927
  74 73.5 25.5988 0.0111106
  75 74.5 24.4735 0.0106222
  76 75.5 23.1498 0.0100477
  77 76.5 21.5561 0.00935594
  78 77.5 19.7016 0.00855105
  79 78.5 17.6496 0.00766043
  80 79.5 15.4795 0.00671852
  81 80.5 13.23 0.00574219
  82 81.5 11.1026 0.00481884
  83 82.5 9.12513 0.00396056
  84 83.5 7.34292 0.00318703
  85 84.5 5.87688 0.00255073
  86 85.5 4.67643 0.0020297
  87 86.5 3.75703 0.00163065
  88 87.5 3.0429 0.0013207
  89 88.5 2.53555 0.0011005
  90 89.5 2.16308 0.000938836
  91 90.5 1.90197 0.000825506
  92 91.5 1.71288 0.000743437
  93 92.5 1.59404 0.000691859
  94 93.5 1.50259 0.000652164
  95 94.5 1.44493 0.000627141
  96 95.5 1.39808 0.000606804
  97 96.5 1.36951 0.000594404
  98 97.5 1.34445 0.000583528
  99 98.5 1.32734 0.000576103
  100 99.5 1.31641 0.000571359
  101 100.5 1.31714 0.000571674
  102 101.5 1.31076 0.000568905
  103 102.5 1.30164 0.00056495
  104 103.5 1.29716 0.000563005
  105 104.5 1.29175 0.000560655
  106 105.5 1.29481 0.000561984
  107 106.5 1.28336 0.000557014
  108 107.5 1.28651 0.00055838
  109 108.5 1.29092 0.000560295
  110 109.5 1.28577 0.00055806
  111 110.5 1.28157 0.000556237
  112 111.5 1.28782 0.000558951
  113 112.5 1.28654 0.000558393
  114 113.5 1.28281 0.000556777
  115 114.5 1.28406 0.000557319
  116 115.5 1.28043 0.000555744
  117 116.5 1.29403 0.000561643
  118 117.5 1.29324 0.0005613
  119 118.5 1.29074 0.000560216
  120 119.5 1.28973 0.00055978
  121 120.5 1.29505 0.000562087
  122 121.5 1.29826 0.000563482
  123 122.5 1.29352 0.000561424
  124 123.5 1.29154 0.000560563
  125 124.5 1.29386 0.00056157
  126 125.5 1.2903 0.000560026
  127 126.5 1.29494 0.000562038
  128 127.5 1.29769 0.000563235
  129 128.5 1.29963 0.000564076
  130 129.5 1.2935 0.000561416
  131 130.5 1.28555 0.000557963
  132 131.5 1.28636 0.000558317
  133 132.5 1.28337 0.00055702
  134 133.5 1.2883 0.000559157
  135 134.5 1.2869 0.000558549
  136 135.5 1.29546 0.000562264
  137 136.5 1.29203 0.000560777
  138 137.5 1.29628 0.000562622
  139 138.5 1.29763 0.000563208
  140 139.5 1.30491 0.000566369
  141 140.5 1.31006 0.000568602
  142 141.5 1.30661 0.000567104
  143 142.5 1.30303 0.000565552
  144 143.5 1.29923 0.000563901
  145 144.5 1.29814 0.00056343
  146 145.5 1.30047 0.000564438
  147 146.5 1.30258 0.000565356
  148 147.5 1.29797 0.000563355
  149 148.5 1.28776 0.000558923
  150 149.5 1.2898 0.000559808
  151 150.5 1.28756 0.000558837
  152 151.5 1.29469 0.00056193
  153 152.5 1.2947 0.000561937
  154 153.5 1.30234 0.000565253
  155 154.5 1.28989 0.000559849
  156 155.5 1.28993 0.000559864
  157 156.5 1.28477 0.000557626
  158 157.5 1.28903 0.000559476
  159 158.5 1.28502 0.000557733
  160 159.5 1.28782 0.000558951
  161 160.5 1.28019 0.000555638
  162 161.5 1.28526 0.000557839
  163 162.5 1.28421 0.000557383
  164 163.5 1.27707 0.000554284
  165 164.5 1.28163 0.000556264
  166 165.5 1.28102 0.000556
  167 166.5 1.28311 0.000556904
  168 167.5 1.27907 0.000555153
  169 168.5 1.28553 0.000557954
  170 169.5 1.29228 0.000560887
  171 170.5 1.29646 0.000562701
  172 171.5 1.29996 0.000564219
  173 172.5 1.29484 0.000561995
  174 173.5 1.29697 0.000562919
  175 174.5 1.29765 0.000563215
  176 175.5 1.29191 0.000560723
  177 176.5 1.30355 0.000565775
  178 177.5 1.29617 0.000562573
  179 178.5 1.29993 0.000564207
  180 179.5 1.29856 0.000563612
  181 180.5 1.30113 0.000564727
  182 181.5 1.30378 0.000565878
  183 182.5 1.30472 0.000566284
  184 183.5 1.30376 0.000565869
  185 184.5 1.30801 0.000567711
  186 185.5 1.31191 0.000569405
  187 186.5 1.2997 0.000564105
  188 187.5 1.29951 0.000564022
  189 188.5 1.30771 0.000567583
  190 189.5 1.31275 0.000569768
  191 190.5 1.31108 0.000569047
  192 191.5 1.299 0.000563801
  193 192.5 1.30138 0.000564836
  194 193.5 1.30285 0.000565472
  195 194.5 1.30684 0.000567204
  196 195.5 1.30827 0.000567827
  197 196.5 1.30061 0.000564501
  198 197.5 1.2989 0.000563759
  199 198.5 1.29767 0.000563225
  200 199.5 1.3031 0.000565582
  201 200.5 1.29915 0.000563866
  202 201.5 1.3069 0.000567233
  203 202.5 1.30977 0.000568478
  204 203.5 1.30994 0.000568552
  205 204.5 1.31122 0.000569108
  206 205.5 1.31056 0.000568818
  207 206.5 1.307 0.000567274
  208 207.5 1.31861 0.000572312
  209 208.5 1.31653 0.00057141
  210 209.5 1.32145 0.000573544
  211 210.5 1.32325 0.000574328
  212 211.5 1.32601 0.000575526
  213 212.5 1.32641 0.0005757
  214 213.5 1.33297 0.000578548
  215 214.5 1.33204 0.000578143
  216 215.5 1.34222 0.00058256
  217 216.5 1.35842 0.000589591
  218 217.5 1.37558 0.00059704
  219 218.5 1.39285 0.000604535
  220 219.5 1.42219 0.000617272
  221 220.5 1.48163 0.000643069
  222 221.5 1.55523 0.000675013
  223 222.5 1.65208 0.00071705
  224 223.5 1.78788 0.000775989
  225 224.5 1.97893 0.000858909
  226 225.5 2.24354 0.000973757
  227 226.5 2.60579 0.00113099
  228 227.5 3.11739 0.00135303
  229 228.5 3.75186 0.00162841
  230 229.5 4.52659 0.00196467
  231 230.5 5.42899 0.00235633
  232 231.5 6.41485 0.00278422
  233 232.5 7.33196 0.00318228
  234 233.5 8.04081 0.00348993
  235 234.5 8.43374 0.00366048
  236 235.5 8.38321 0.00363855
  237 236.5 7.89278 0.00342568
  238 237.5 7.04526 0.00305784
  239 238.5 5.9783 0.00259475
  240 239.5 4.86361 0.00211094
  241 240.5 3.856 0.00167361
  242 241.5 3.02641 0.00131355
  243 242.5 2.38613 0.00103565
  244 243.5 1.91398 0.000830722
  245 244.5 1.56667 0.000679977
  246 245.5 1.34008 0.000581632
  247 246.5 1.18986 0.000516434
  248 247.5 1.07412 0.000466199
  249 248.5 1.0005 0.000434247
  250 249.5 0.951662 0.000413048
  251 250.5 0.923546 0.000400845
  252 251.5 0.897636 0.000389599
  253 252.5 0.879168 0.000381583
  254 253.5 0.874392 0.00037951
  255 254.5 0.86947 0.000377374
  256 255.5 0.857222 0.000372058
  257 256.5 0.850582 0.000369176
  258 257.5 0.84149 0.00036523
  259 258.5 0.839962 0.000364567
  260 259.5 0.842034 0.000365466
  261 260.5 0.845112 0.000366802
  262 261.5 0.849226 0.000368588
  263 262.5 0.845396 0.000366925
  264 263.5 0.852106 0.000369838
  265 264.5 0.853048 0.000370247
  266 265.5 0.864302 0.000375131
  267 266.5 0.852748 0.000370116
  268 267.5 0.849296 0.000368618
  269 268.5 0.85021 0.000369015
  270 269.5 0.85557 0.000371341
  271 270.5 0.857024 0.000371972
  272 271.5 0.847916 0.000368019
  273 272.5 0.852512 0.000370014
  274 273.5 0.84515 0.000366819
  275 274.5 0.844492 0.000366533
  276 275.5 0.85592 0.000371493
  277 276.5 0.85544 0.000371285
  278 277.5 0.850536 0.000369156
  279 278.5 0.845846 0.000367121
  280 279.5 0.844562 0.000366563
  281 280.5 0.837898 0.000363671
  282 281.5 0.839622 0.000364419
  283 282.5 0.847074 0.000367654
  284 283.5 0.851336 0.000369503
  285 284.5 0.858396 0.000372568
  286 285.5 0.860818 0.000373619
  287 286.5 0.861696 0.000374
  288 287.5 0.857156 0.00037203
  289 288.5 0.857388 0.00037213
  290 289.5 0.855502 0.000371312
  291 290.5 0.853478 0.000370433
  292 291.5 0.852216 0.000369885
  293 292.5 0.851202 0.000369445
  294 293.5 0.839494 0.000364364
  295 294.5 0.853186 0.000370306
  296 295.5 0.847646 0.000367902
  297 296.5 0.849028 0.000368502
  298 297.5 0.840472 0.000364788
  299 298.5 0.83966 0.000364436
  300 299.5 0.842428 0.000365637
  301 300.5 0.83017 0.000360317
  302 301.5 0.823652 0.000357488
  303 302.5 0.82899 0.000359805
  304 303.5 0.833766 0.000361878
  305 304.5 0.829588 0.000360064
  306 305.5 0.822902 0.000357162
  307 306.5 0.835298 0.000362543
  308 307.5 0.838534 0.000363947
  309 308.5 0.849294 0.000368617
  310 309.5 0.867066 0.000376331
  311 310.5 0.867658 0.000376588
  312 311.5 0.87655 0.000380447
  313 312.5 0.886596 0.000384807
  314 313.5 0.89989 0.000390577
  315 314.5 0.902292 0.00039162
  316 315.5 0.90599 0.000393225
  317 316.5 0.911014 0.000395405
  318 317.5 0.900768 0.000390958
  319 318.5 0.90215 0.000391558
  320 319.5 0.912226 0.000395931
  321 320.5 0.912204 0.000395922
  322 321.5 0.909286 0.000394655
  323 322.5 0.891468 0.000386922
  324 323.5 0.88774 0.000385304
  325 324.5 0.880948 0.000382356
  326 325.5 0.882278 0.000382933
  327 326.5 0.88204 0.00038283
  328 327.5 0.86187 0.000374076
  329 328.5 0.863354 0.00037472
  330 329.5 0.85823 0.000372496
  331 330.5 0.853472 0.000370431
  332 331.5 0.86396 0.000374983
  333 332.5 0.875142 0.000379836
  334 333.5 0.888908 0.000385811
  335 334.5 0.899496 0.000390406
  336 335.5 0.907374 0.000393826
  337 336.5 0.905266 0.000392911
  338 337.5 0.905492 0.000393009
  339 338.5 0.911244 0.000395505
  340 339.5 0.907112 0.000393712
  341 340.5 0.900008 0.000390628
  342 341.5 0.904806 0.000392711
  343 342.5 0.898586 0.000390011
  344 343.5 0.894954 0.000388435
  345 344.5 0.89736 0.000389479
  346 345.5 0.892822 0.00038751
  347 346.5 0.882704 0.000383118
  348 347.5 0.879316 0.000381648
  349 348.5 0.87871 0.000381385
  350 349.5 0.885184 0.000384194
  351 350.5 0.885846 0.000384482
  352 351.5 0.896748 0.000389214
  353 352.5 0.891168 0.000386792
  354 353.5 0.890552 0.000386524
  355 354.5 0.886888 0.000384934
  356 355.5 0.884368 0.00038384
  357 356.5 0.881928 0.000382781
  358 357.5 0.886518 0.000384773
  359 358.5 0.884974 0.000384103
  360 359.5 0.88002 0.000381953
  361 360.5 0.889216 0.000385944
  362 361.5 0.896258 0.000389001
  363 362.5 0.882626 0.000383084
  364 363.5 0.88705 0.000385004
  365 364.5 0.893386 0.000387754
  366 365.5 0.90753 0.000393893
  367 366.5 0.900064 0.000390653
  368 367.5 0.901228 0.000391158
  369 368.5 0.907414 0.000393843
  370 369.5 0.910774 0.000395301
  371 370.5 0.904986 0.000392789
  372 371.5 0.906636 0.000393505
  373 372.5 0.902836 0.000391856
  374 373.5 0.91013 0.000395022
  375 374.5 0.915216 0.000397229
  376 375.5 0.927522 0.00040257
  377 376.5 0.93382 0.000405304
  378 377.5 0.931956 0.000404495
  379 378.5 0.935598 0.000406076
  380 379.5 0.942712 0.000409163
  381 380.5 0.950366 0.000412485
  382 381.5 0.96171 0.000417409
  383 382.5 0.975002 0.000423178
  384 383.5 1.00256 0.000435137
  385 384.5 1.03348 0.000448559
  386 385.5 1.08375 0.000470377
  387 386.5 1.15007 0.000499161
  388 387.5 1.2448 0.000540276
  389 388.5 1.40208 0.000608541
  390 389.5 1.64199 0.000712671
  391 390.5 2.03568 0.000883541
  392 391.5 2.59515 0.00112637
  393 392.5 3.42868 0.00148814
  394 393.5 4.61765 0.00200419
  395 394.5 6.24549 0.00271071
  396 395.5 8.2844 0.00359566
  397 396.5 10.7311 0.0046576
  398 397.5 13.4298 0.0058289
  399 398.5 16.2424 0.00704966
  400 399.5 18.9067 0.00820602
  401 400.5 21.3621 0.00927175
  402 401.5 23.3626 0.01014
  403 402.5 24.9796 0.0108418
  404 403.5 26.2213 0.0113808
  405 404.5 27.1071 0.0117652
  406 405.5 27.795 0.0120638
  407 406.5 28.2622 0.0122666
  408 407.5 28.574 0.0124019
  409 408.5 28.8288 0.0125125
  410 409.5 28.9857 0.0125806
  411 410.5 29.1272 0.012642
  412 411.5 29.2033 0.0126751
  413 412.5 29.2832 0.0127097
  414 413.5 29.3342 0.0127319
  415 414.5 29.3717 0.0127481
  416 415.5 29.3952 0.0127583
  417 416.5 29.4265 0.0127719
  418 417.5 29.4487 0.0127816
  419 418.5 29.4492 0.0127818
  420 419.5 29.4845 0.0127971
  421 420.5 29.4725 0.0127919
  422 421.5 29.4743 0.0127927
  423 422.5 29.4884 0.0127988
  424 423.5 29.4967 0.0128024
  425 424.5 29.4936 0.0128011
  426 425.5 29.4534 0.0127836
  427 426.5 29.4862 0.0127978
  428 427.5 29.5001 0.0128038
  429 428.5 29.4685 0.0127901
  430 429.5 29.4658 0.012789
  431 430.5 29.4686 0.0127902
  432 431.5 29.4953 0.0128018
  433 432.5 29.49 0.0127995
  434 433.5 29.4932 0.0128009
  435 434.5 29.5307 0.0128172
  436 435.5 29.4943 0.0128014
  437 436.5 29.489 0.012799
  438 437.5 29.4932 0.0128009
  439 438.5 29.5034 0.0128053
  440 439.5 29.5191 0.0128121
  441 440.5 29.5136 0.0128097
  442 441.5 29.5152 0.0128104
  443 442.5 29.5025 0.0128049
  444 443.5 29.4944 0.0128014
  445 444.5 29.5464 0.012824
  446 445.5 29.533 0.0128181
  447 446.5 29.5097 0.012808
  448 447.5 29.5061 0.0128065
  449 448.5 29.545 0.0128233
  450 449.5 29.5365 0.0128197
  451 450.5 29.5137 0.0128098
  452 451.5 29.5571 0.0128286
  453 452.5 29.5463 0.0128239
  454 453.5 29.534 0.0128186
  455 454.5 29.5701 0.0128342
  456 455.5 29.5802 0.0128386
  457 456.5 29.5574 0.0128287
  458 457.5 29.543 0.0128225
  459 458.5 29.5545 0.0128275
  460 459.5 29.5583 0.0128291
  461 460.5 29.5674 0.0128331
  462 461.5 29.5644 0.0128318
  463 462.5 29.5209 0.0128129
  464 463.5 29.5344 0.0128188
  465 464.5 29.5042 0.0128056
  466 465.5 29.4943 0.0128013
  467 466.5 29.4748 0.0127929
  468 467.5 29.482 0.012796
  469 468.5 29.489 0.0127991
  470 469.5 29.4586 0.0127858
  471 470.5 29.4872 0.0127983
  472 471.5 29.4743 0.0127927
  473 472.5 29.4941 0.0128012
  474 473.5 29.4464 0.0127806
  475 474.5 29.4693 0.0127905
  476 475.5 29.4657 0.0127889
  477 476.5 29.4866 0.012798
  478 477.5 29.436 0.012776
  479 478.5 29.4348 0.0127755
  480 479.5 29.4829 0.0127964
