# Chunk-averaged data for fix tensor2 and group c1
# Timestep Number-of-chunks Total-count
# Chunk Coord1 Ncount density/number
20000000 480 5989
  1 0.5 34.8183 0.0151121
  2 1.5 34.8938 0.0151449
  3 2.5 34.9112 0.0151524
  4 3.5 34.8632 0.0151316
  5 4.5 34.8599 0.0151302
  6 5.5 34.9297 0.0151605
  7 6.5 34.9296 0.0151604
  8 7.5 34.8877 0.0151422
  9 8.5 34.8893 0.0151429
  10 9.5 34.9152 0.0151541
  11 10.5 34.8701 0.0151346
  12 11.5 34.861 0.0151307
  13 12.5 34.9312 0.0151611
  14 13.5 34.9266 0.0151591
  15 14.5 34.8904 0.0151434
  16 15.5 34.8859 0.0151414
  17 16.5 34.9875 0.0151855
  18 17.5 34.8916 0.0151439
  19 18.5 34.9182 0.0151554
  20 19.5 34.8976 0.0151465
  21 20.5 34.9596 0.0151734
  22 21.5 34.906 0.0151502
  23 22.5 34.9125 0.015153
  24 23.5 34.8346 0.0151192
  25 24.5 34.8679 0.0151336
  26 25.5 34.818 0.015112
  27 26.5 34.778 0.0150946
  28 27.5 34.8274 0.0151161
  29 28.5 34.8146 0.0151105
  30 29.5 34.8104 0.0151087
  31 30.5 34.8025 0.0151053
  32 31.5 34.7675 0.0150901
  33 32.5 34.7502 0.0150826
  34 33.5 34.7228 0.0150707
  35 34.5 34.6813 0.0150526
  36 35.5 34.6707 0.015048
  37 36.5 34.7026 0.0150619
  38 37.5 34.7106 0.0150654
  39 38.5 34.6974 0.0150597
  40 39.5 34.7783 0.0150947
  41 40.5 34.7478 0.0150815
  42 41.5 34.7871 0.0150986
  43 42.5 34.8745 0.0151365
  44 43.5 34.8768 0.0151375
  45 44.5 34.8751 0.0151368
  46 45.5 34.8943 0.0151451
  47 46.5 34.9129 0.0151532
  48 47.5 34.8869 0.0151419
  49 48.5 34.9222 0.0151572
  50 49.5 34.8672 0.0151333
  51 50.5 34.8086 0.0151079
  52 51.5 34.8365 0.01512
  53 52.5 34.812 0.0151094
  54 53.5 34.7937 0.0151014
  55 54.5 34.8142 0.0151103
  56 55.5 34.813 0.0151098
  57 56.5 34.7391 0.0150777
  58 57.5 34.7915 0.0151005
  59 58.5 34.7105 0.0150653
  60 59.5 34.6948 0.0150585
  61 60.5 34.5959 0.0150156
  62 61.5 34.5086 0.0149777
  63 62.5 34.3158 0.014894
  64 63.5 34.0954 0.0147983
  65 64.5 33.7444 0.014646
  66 65.5 33.3367 0.014469
  67 66.5 32.7298 0.0142056
  68 67.5 31.8092 0.0138061
  69 68.5 30.4808 0.0132295
  70 69.5 28.5638 0.0123975
  71 70.5 25.8255 0.011209
  72 71.5 22.0514 0.00957091
  73 72.5 17.2912 0.00750486
  74 73.5 12.1974 0.00529402
  75 74.5 7.56615 0.00328392
  76 75.5 4.1396 0.0017967
  77 76.5 2.03693 0.000884082
  78 77.5 0.931028 0.000404092
  79 78.5 0.426354 0.000185049
  80 79.5 0.216242 9.3855e-05
  81 80.5 0.129812 5.6342e-05
  82 81.5 0.095474 4.14384e-05
  83 82.5 0.07915 3.43533e-05
  84 83.5 0.072332 3.13941e-05
  85 84.5 0.066762 2.89766e-05
  86 85.5 0.06513 2.82682e-05
  87 86.5 0.065938 2.86189e-05
  88 87.5 0.06361 2.76085e-05
  89 88.5 0.06325 2.74523e-05
  90 89.5 0.065208 2.83021e-05
  91 90.5 0.064608 2.80417e-05
  92 91.5 0.064702 2.80825e-05
  93 92.5 0.06386 2.7717e-05
  94 93.5 0.064176 2.78542e-05
  95 94.5 0.06479 2.81207e-05
  96 95.5 0.064548 2.80156e-05
  97 96.5 0.065216 2.83056e-05
  98 97.5 0.062342 2.70582e-05
  99 98.5 0.062298 2.70391e-05
  100 99.5 0.063476 2.75503e-05
  101 100.5 0.063684 2.76406e-05
  102 101.5 0.062744 2.72326e-05
  103 102.5 0.060954 2.64557e-05
  104 103.5 0.06253 2.71398e-05
  105 104.5 0.06212 2.69618e-05
  106 105.5 0.062616 2.71771e-05
  107 106.5 0.062916 2.73073e-05
  108 107.5 0.062832 2.72708e-05
  109 108.5 0.06158 2.67274e-05
  110 109.5 0.061604 2.67378e-05
  111 110.5 0.061804 2.68247e-05
  112 111.5 0.061596 2.67344e-05
  113 112.5 0.06236 2.7066e-05
  114 113.5 0.062118 2.69609e-05
  115 114.5 0.062146 2.69731e-05
  116 115.5 0.062106 2.69557e-05
  117 116.5 0.061874 2.6855e-05
  118 117.5 0.061818 2.68307e-05
  119 118.5 0.06143 2.66623e-05
  120 119.5 0.063192 2.74271e-05
  121 120.5 0.06433 2.7921e-05
  122 121.5 0.062276 2.70295e-05
  123 122.5 0.06233 2.7053e-05
  124 123.5 0.064326 2.79193e-05
  125 124.5 0.06417 2.78516e-05
  126 125.5 0.064906 2.8171e-05
  127 126.5 0.06276 2.72396e-05
  128 127.5 0.061928 2.68785e-05
  129 128.5 0.062874 2.72891e-05
  130 129.5 0.063724 2.7658e-05
  131 130.5 0.063656 2.76285e-05
  132 131.5 0.062104 2.69549e-05
  133 132.5 0.062694 2.72109e-05
  134 133.5 0.061114 2.65252e-05
  135 134.5 0.062306 2.70425e-05
  136 135.5 0.06407 2.78082e-05
  137 136.5 0.063632 2.76181e-05
  138 137.5 0.063312 2.74792e-05
  139 138.5 0.064182 2.78568e-05
  140 139.5 0.064002 2.77786e-05
  141 140.5 0.062198 2.69957e-05
  142 141.5 0.062774 2.72457e-05
  143 142.5 0.06272 2.72222e-05
  144 143.5 0.061666 2.67648e-05
  145 144.5 0.061956 2.68906e-05
  146 145.5 0.06223 2.70095e-05
  147 146.5 0.062818 2.72648e-05
  148 147.5 0.06313 2.74002e-05
  149 148.5 0.063886 2.77283e-05
  150 149.5 0.061808 2.68264e-05
  151 150.5 0.064024 2.77882e-05
  152 151.5 0.065678 2.85061e-05
  153 152.5 0.064154 2.78446e-05
  154 153.5 0.06276 2.72396e-05
  155 154.5 0.062674 2.72023e-05
  156 155.5 0.06316 2.74132e-05
  157 156.5 0.063154 2.74106e-05
  158 157.5 0.06237 2.70703e-05
  159 158.5 0.061308 2.66094e-05
  160 159.5 0.060788 2.63837e-05
  161 160.5 0.06219 2.69922e-05
  162 161.5 0.06023 2.61415e-05
  163 162.5 0.060656 2.63264e-05
  164 163.5 0.061582 2.67283e-05
  165 164.5 0.060626 2.63134e-05
  166 165.5 0.05914 2.56684e-05
  167 166.5 0.059978 2.60321e-05
  168 167.5 0.060042 2.60599e-05
  169 168.5 0.058842 2.55391e-05
  170 169.5 0.059282 2.573e-05
  171 170.5 0.059724 2.59219e-05
  172 171.5 0.061324 2.66163e-05
  173 172.5 0.063082 2.73793e-05
  174 173.5 0.062164 2.69809e-05
  175 174.5 0.06182 2.68316e-05
  176 175.5 0.062434 2.70981e-05
  177 176.5 0.06146 2.66753e-05
  178 177.5 0.06046 2.62413e-05
  179 178.5 0.060766 2.63741e-05
  180 179.5 0.060888 2.64271e-05
  181 180.5 0.060576 2.62917e-05
  182 181.5 0.061884 2.68594e-05
  183 182.5 0.061698 2.67786e-05
  184 183.5 0.061792 2.68194e-05
  185 184.5 0.0631 2.73872e-05
  186 185.5 0.063596 2.76024e-05
  187 186.5 0.062284 2.7033e-05
  188 187.5 0.061414 2.66554e-05
  189 188.5 0.06199 2.69054e-05
  190 189.5 0.062502 2.71276e-05
  191 190.5 0.062272 2.70278e-05
  192 191.5 0.063286 2.74679e-05
  193 192.5 0.062636 2.71858e-05
  194 193.5 0.061452 2.66719e-05
  195 194.5 0.06183 2.68359e-05
  196 195.5 0.062482 2.71189e-05
  197 196.5 0.062176 2.69861e-05
  198 197.5 0.062904 2.73021e-05
  199 198.5 0.06249 2.71224e-05
  200 199.5 0.062818 2.72648e-05
  201 200.5 0.06258 2.71615e-05
  202 201.5 0.063638 2.76207e-05
  203 202.5 0.062978 2.73342e-05
  204 203.5 0.06307 2.73741e-05
  205 204.5 0.062194 2.69939e-05
  206 205.5 0.06071 2.63498e-05
  207 206.5 0.062508 2.71302e-05
  208 207.5 0.062648 2.7191e-05
  209 208.5 0.063048 2.73646e-05
  210 209.5 0.062422 2.70929e-05
  211 210.5 0.062806 2.72595e-05
  212 211.5 0.062952 2.73229e-05
  213 212.5 0.061808 2.68264e-05
  214 213.5 0.063716 2.76545e-05
  215 214.5 0.063082 2.73793e-05
  216 215.5 0.06401 2.77821e-05
  217 216.5 0.063492 2.75573e-05
  218 217.5 0.063252 2.74531e-05
  219 218.5 0.06283 2.727e-05
  220 219.5 0.06458 2.80295e-05
  221 220.5 0.067328 2.92222e-05
  222 221.5 0.065462 2.84123e-05
  223 222.5 0.068034 2.95286e-05
  224 223.5 0.071884 3.11997e-05
  225 224.5 0.07885 3.42231e-05
  226 225.5 0.09732 4.22396e-05
  227 226.5 0.14052 6.09896e-05
  228 227.5 0.242308 0.000105168
  229 228.5 0.480646 0.000208614
  230 229.5 1.00911 0.000437982
  231 230.5 2.06016 0.000894166
  232 231.5 3.83678 0.00166527
  233 232.5 6.30868 0.00273814
  234 233.5 9.03316 0.00392064
  235 234.5 11.3068 0.00490747
  236 235.5 12.4256 0.00539306
  237 236.5 12.3012 0.00533904
  238 237.5 11.2827 0.00489699
  239 238.5 9.86042 0.0042797
  240 239.5 8.37277 0.00363401
  241 240.5 7.01587 0.00304508
  242 241.5 5.89088 0.00255681
  243 242.5 5.00283 0.00217137
  244 243.5 4.32848 0.00187868
  245 244.5 3.83614 0.00166499
  246 245.5 3.47977 0.00151032
  247 246.5 3.20135 0.00138948
  248 247.5 2.97072 0.00128937
  249 248.5 2.81862 0.00122336
  250 249.5 2.71964 0.0011804
  251 250.5 2.64649 0.00114865
  252 251.5 2.60589 0.00113103
  253 252.5 2.57913 0.00111941
  254 253.5 2.55678 0.00110971
  255 254.5 2.51981 0.00109367
  256 255.5 2.49679 0.00108368
  257 256.5 2.48295 0.00107767
  258 257.5 2.46675 0.00107064
  259 258.5 2.46146 0.00106834
  260 259.5 2.45285 0.00106461
  261 260.5 2.46448 0.00106965
  262 261.5 2.46277 0.00106891
  263 262.5 2.46969 0.00107191
  264 263.5 2.46256 0.00106882
  265 264.5 2.47028 0.00107217
  266 265.5 2.50469 0.0010871
  267 266.5 2.52076 0.00109408
  268 267.5 2.53454 0.00110006
  269 268.5 2.53773 0.00110145
  270 269.5 2.54237 0.00110346
  271 270.5 2.54189 0.00110325
  272 271.5 2.56004 0.00111113
  273 272.5 2.54324 0.00110384
  274 273.5 2.55047 0.00110697
  275 274.5 2.56093 0.00111152
  276 275.5 2.57873 0.00111924
  277 276.5 2.53083 0.00109845
  278 277.5 2.55197 0.00110763
  279 278.5 2.56558 0.00111353
  280 279.5 2.56514 0.00111334
  281 280.5 2.56989 0.00111541
  282 281.5 2.5387 0.00110187
  283 282.5 2.54421 0.00110426
  284 283.5 2.54518 0.00110468
  285 284.5 2.54792 0.00110587
  286 285.5 2.56093 0.00111151
  287 286.5 2.53599 0.00110069
  288 287.5 2.5192 0.0010934
  289 288.5 2.48126 0.00107694
  290 289.5 2.46345 0.00106921
  291 290.5 2.44961 0.0010632
  292 291.5 2.44951 0.00106316
  293 292.5 2.45324 0.00106477
  294 293.5 2.44564 0.00106147
  295 294.5 2.40798 0.00104513
  296 295.5 2.40876 0.00104547
  297 296.5 2.40994 0.00104598
  298 297.5 2.45624 0.00106607
  299 298.5 2.48609 0.00107903
  300 299.5 2.54592 0.001105
  301 300.5 2.5377 0.00110143
  302 301.5 2.49799 0.0010842
  303 302.5 2.45647 0.00106618
  304 303.5 2.4488 0.00106285
  305 304.5 2.46064 0.00106799
  306 305.5 2.45226 0.00106435
  307 306.5 2.43796 0.00105814
  308 307.5 2.42804 0.00105384
  309 308.5 2.42749 0.0010536
  310 309.5 2.44532 0.00106134
  311 310.5 2.45241 0.00106441
  312 311.5 2.46971 0.00107192
  313 312.5 2.46485 0.00106981
  314 313.5 2.46776 0.00107108
  315 314.5 2.48428 0.00107825
  316 315.5 2.50341 0.00108655
  317 316.5 2.52388 0.00109543
  318 317.5 2.55301 0.00110808
  319 318.5 2.56429 0.00111297
  320 319.5 2.60349 0.00112999
  321 320.5 2.63163 0.0011422
  322 321.5 2.6645 0.00115647
  323 322.5 2.64475 0.0011479
  324 323.5 2.63231 0.0011425
  325 324.5 2.60436 0.00113036
  326 325.5 2.58037 0.00111995
  327 326.5 2.55291 0.00110803
  328 327.5 2.54811 0.00110595
  329 328.5 2.53255 0.0010992
  330 329.5 2.50785 0.00108848
  331 330.5 2.4972 0.00108385
  332 331.5 2.5095 0.00108919
  333 332.5 2.495 0.0010829
  334 333.5 2.50517 0.00108731
  335 334.5 2.4861 0.00107904
  336 335.5 2.5208 0.0010941
  337 336.5 2.53039 0.00109826
  338 337.5 2.52384 0.00109542
  339 338.5 2.5287 0.00109752
  340 339.5 2.53911 0.00110204
  341 340.5 2.54119 0.00110295
  342 341.5 2.54318 0.00110381
  343 342.5 2.54388 0.00110411
  344 343.5 2.5097 0.00108928
  345 344.5 2.54349 0.00110394
  346 345.5 2.56156 0.00111179
  347 346.5 2.55297 0.00110806
  348 347.5 2.57002 0.00111546
  349 348.5 2.58339 0.00112126
  350 349.5 2.59557 0.00112655
  351 350.5 2.61228 0.0011338
  352 351.5 2.60516 0.00113071
  353 352.5 2.60915 0.00113244
  354 353.5 2.61489 0.00113493
  355 354.5 2.62042 0.00113734
  356 355.5 2.61101 0.00113325
  357 356.5 2.62484 0.00113925
  358 357.5 2.61431 0.00113468
  359 358.5 2.61005 0.00113283
  360 359.5 2.58006 0.00111982
  361 360.5 2.55351 0.00110829
  362 361.5 2.53066 0.00109838
  363 362.5 2.52451 0.00109571
  364 363.5 2.53016 0.00109816
  365 364.5 2.51389 0.0010911
  366 365.5 2.48816 0.00107993
  367 366.5 2.49389 0.00108242
  368 367.5 2.4997 0.00108494
  369 368.5 2.46746 0.00107094
  370 369.5 2.44616 0.0010617
  371 370.5 2.45957 0.00106752
  372 371.5 2.47586 0.00107459
  373 372.5 2.44917 0.00106301
  374 373.5 2.47277 0.00107325
  375 374.5 2.49934 0.00108478
  376 375.5 2.49436 0.00108262
  377 376.5 2.52498 0.00109591
  378 377.5 2.55184 0.00110757
  379 378.5 2.59001 0.00112414
  380 379.5 2.64001 0.00114584
  381 380.5 2.71478 0.00117829
  382 381.5 2.82921 0.00122796
  383 382.5 2.97724 0.0012922
  384 383.5 3.18607 0.00138284
  385 384.5 3.47283 0.0015073
  386 385.5 3.79554 0.00164737
  387 386.5 4.25324 0.00184603
  388 387.5 4.9053 0.00212904
  389 388.5 5.77826 0.00250792
  390 389.5 6.94352 0.00301368
  391 390.5 8.43446 0.00366079
  392 391.5 10.2838 0.00446347
  393 392.5 12.5025 0.00542644
  394 393.5 15.0668 0.00653939
  395 394.5 17.7924 0.0077224
  396 395.5 20.532 0.00891147
  397 396.5 23.2422 0.0100877
  398 397.5 25.7174 0.0111621
  399 398.5 27.7682 0.0120522
  400 399.5 29.4714 0.0127914
  401 400.5 30.9799 0.0134461
  402 401.5 31.9957 0.013887
  403 402.5 32.757 0.0142175
  404 403.5 33.3567 0.0144777
  405 404.5 33.8132 0.0146758
  406 405.5 34.074 0.0147891
  407 406.5 34.2706 0.0148744
  408 407.5 34.4415 0.0149486
  409 408.5 34.6089 0.0150212
  410 409.5 34.6698 0.0150476
  411 410.5 34.7193 0.0150692
  412 411.5 34.8464 0.0151243
  413 412.5 34.8916 0.0151439
  414 413.5 34.8734 0.015136
  415 414.5 34.9176 0.0151552
  416 415.5 34.9639 0.0151753
  417 416.5 34.9572 0.0151724
  418 417.5 34.9474 0.0151681
  419 418.5 34.9414 0.0151656
  420 419.5 34.9314 0.0151612
  421 420.5 34.9106 0.0151522
  422 421.5 34.8701 0.0151346
  423 422.5 34.9507 0.0151696
  424 423.5 34.9431 0.0151663
  425 424.5 34.8722 0.0151355
  426 425.5 34.9079 0.015151
  427 426.5 34.9784 0.0151816
  428 427.5 34.9238 0.0151579
  429 428.5 34.9528 0.0151705
  430 429.5 34.9922 0.0151876
  431 430.5 35.0294 0.0152037
  432 431.5 34.9332 0.015162
  433 432.5 34.9807 0.0151826
  434 433.5 35.0779 0.0152248
  435 434.5 35.0382 0.0152075
  436 435.5 34.9399 0.0151649
  437 436.5 35.0147 0.0151973
  438 437.5 35.0624 0.0152181
  439 438.5 34.9868 0.0151852
  440 439.5 35.0086 0.0151947
  441 440.5 35.0919 0.0152309
  442 441.5 34.923 0.0151575
  443 442.5 34.9139 0.0151536
  444 443.5 35.0031 0.0151923
  445 444.5 34.9043 0.0151494
  446 445.5 34.84 0.0151215
  447 446.5 34.93 0.0151606
  448 447.5 34.9272 0.0151594
  449 448.5 34.8407 0.0151218
  450 449.5 34.8979 0.0151466
  451 450.5 34.9634 0.0151751
  452 451.5 34.8922 0.0151442
  453 452.5 34.8408 0.0151219
  454 453.5 34.886 0.0151415
  455 454.5 34.9311 0.0151611
  456 455.5 34.8585 0.0151295
  457 456.5 34.9302 0.0151607
  458 457.5 34.9119 0.0151528
  459 458.5 34.9078 0.015151
  460 459.5 34.896 0.0151458
  461 460.5 34.9317 0.0151613
  462 461.5 34.9005 0.0151478
  463 462.5 34.8932 0.0151446
  464 463.5 34.9123 0.0151529
  465 464.5 34.9353 0.0151629
  466 465.5 34.9426 0.0151661
  467 466.5 34.9086 0.0151513
  468 467.5 34.9338 0.0151622
  469 468.5 34.8964 0.015146
  470 469.5 34.8325 0.0151183
  471 470.5 34.8297 0.0151171
  472 471.5 34.8967 0.0151461
  473 472.5 34.7634 0.0150883
  474 473.5 34.7443 0.01508
  475 474.5 34.7911 0.0151003
  476 475.5 34.8287 0.0151166
  477 476.5 34.7124 0.0150661
  478 477.5 34.8028 0.0151054
  479 478.5 34.8587 0.0151297
  480 479.5 34.866 0.0151328
30000000 480 5989
  1 0.5 34.8325 0.0151183
  2 1.5 34.7728 0.0150923
  3 2.5 34.753 0.0150838
  4 3.5 34.7987 0.0151036
  5 4.5 34.7297 0.0150736
  6 5.5 34.6862 0.0150548
  7 6.5 34.6929 0.0150577
  8 7.5 34.7415 0.0150788
  9 8.5 34.7086 0.0150645
  10 9.5 34.7073 0.0150639
  11 10.5 34.7794 0.0150952
  12 11.5 34.7277 0.0150728
  13 12.5 34.7046 0.0150628
  14 13.5 34.7292 0.0150734
  15 14.5 34.7452 0.0150804
  16 15.5 34.77 0.0150912
  17 16.5 34.7579 0.0150859
  18 17.5 34.7629 0.0150881
  19 18.5 34.7317 0.0150745
  20 19.5 34.7733 0.0150926
  21 20.5 34.7721 0.0150921
  22 21.5 34.7268 0.0150724
  23 22.5 34.743 0.0150794
  24 23.5 34.7175 0.0150684
  25 24.5 34.6706 0.015048
  26 25.5 34.6422 0.0150357
  27 26.5 34.6134 0.0150232
  28 27.5 34.5861 0.0150113
  29 28.5 34.5836 0.0150102
  30 29.5 34.544 0.014993
  31 30.5 34.5011 0.0149744
  32 31.5 34.5324 0.014988
  33 32.5 34.4727 0.0149621
  34 33.5 34.5051 0.0149762
  35 34.5 34.5829 0.01501
  36 35.5 34.564 0.0150017
  37 36.5 34.5519 0.0149965
  38 37.5 34.6337 0.015032
  39 38.5 34.5991 0.015017
  40 39.5 34.612 0.0150226
  41 40.5 34.6859 0.0150547
  42 41.5 34.7016 0.0150614
  43 42.5 34.6853 0.0150544
  44 43.5 34.7477 0.0150815
  45 44.5 34.7552 0.0150847
  46 45.5 34.7537 0.0150841
  47 46.5 34.7646 0.0150888
  48 47.5 34.7796 0.0150953
  49 48.5 34.807 0.0151072
  50 49.5 34.8095 0.0151083
  51 50.5 34.8495 0.0151256
  52 51.5 34.8076 0.0151075
  53 52.5 34.8652 0.0151325
  54 53.5 34.8456 0.015124
  55 54.5 34.8468 0.0151245
  56 55.5 34.7939 0.0151015
  57 56.5 34.7348 0.0150759
  58 57.5 34.6961 0.0150591
  59 58.5 34.6764 0.0150505
  60 59.5 34.5894 0.0150127
  61 60.5 34.4986 0.0149734
  62 61.5 34.4254 0.0149416
  63 62.5 34.2768 0.0148771
  64 63.5 34.0474 0.0147775
  65 64.5 33.7445 0.014646
  66 65.5 33.3444 0.0144724
  67 66.5 32.8177 0.0142438
  68 67.5 32.0804 0.0139238
  69 68.5 30.9563 0.0134359
  70 69.5 29.3534 0.0127402
  71 70.5 27.1134 0.011768
  72 71.5 23.8785 0.0103639
  73 72.5 19.5328 0.00847779
  74 73.5 14.3656 0.00623508
  75 74.5 9.30161 0.00403716
  76 75.5 5.29941 0.00230009
  77 76.5 2.67521 0.00116112
  78 77.5 1.2403 0.000538325
  79 78.5 0.567634 0.000246369
  80 79.5 0.272072 0.000118087
  81 80.5 0.155188 6.73559e-05
  82 81.5 0.10639 4.61762e-05
  83 82.5 0.084012 3.64635e-05
  84 83.5 0.072878 3.16311e-05
  85 84.5 0.06794 2.94878e-05
  86 85.5 0.064524 2.80052e-05
  87 86.5 0.065076 2.82448e-05
  88 87.5 0.062442 2.71016e-05
  89 88.5 0.06178 2.68142e-05
  90 89.5 0.062154 2.69766e-05
  91 90.5 0.060938 2.64488e-05
  92 91.5 0.061702 2.67804e-05
  93 92.5 0.063348 2.74948e-05
  94 93.5 0.06461 2.80425e-05
  95 94.5 0.065012 2.8217e-05
  96 95.5 0.06436 2.7934e-05
  97 96.5 0.065542 2.8447e-05
  98 97.5 0.063754 2.7671e-05
  99 98.5 0.06405 2.77995e-05
  100 99.5 0.066712 2.89549e-05
  101 100.5 0.067512 2.93021e-05
  102 101.5 0.065468 2.84149e-05
  103 102.5 0.064564 2.80226e-05
  104 103.5 0.06511 2.82595e-05
  105 104.5 0.065474 2.84175e-05
  106 105.5 0.064872 2.81562e-05
  107 106.5 0.064408 2.79549e-05
  108 107.5 0.063982 2.777e-05
  109 108.5 0.064018 2.77856e-05
  110 109.5 0.064884 2.81615e-05
  111 110.5 0.064048 2.77986e-05
  112 111.5 0.063112 2.73924e-05
  113 112.5 0.063642 2.76224e-05
  114 113.5 0.063536 2.75764e-05
  115 114.5 0.062854 2.72804e-05
  116 115.5 0.063242 2.74488e-05
  117 116.5 0.063756 2.76719e-05
  118 117.5 0.06341 2.75217e-05
  119 118.5 0.06383 2.7704e-05
  120 119.5 0.06396 2.77604e-05
  121 120.5 0.064444 2.79705e-05
  122 121.5 0.062286 2.70339e-05
  123 122.5 0.062344 2.7059e-05
  124 123.5 0.061794 2.68203e-05
  125 124.5 0.060558 2.62839e-05
  126 125.5 0.062292 2.70365e-05
  127 126.5 0.064392 2.79479e-05
  128 127.5 0.06628 2.87674e-05
  129 128.5 0.064826 2.81363e-05
  130 129.5 0.06329 2.74696e-05
  131 130.5 0.0629 2.73003e-05
  132 131.5 0.06382 2.76997e-05
  133 132.5 0.064914 2.81745e-05
  134 133.5 0.064622 2.80477e-05
  135 134.5 0.06518 2.82899e-05
  136 135.5 0.064826 2.81363e-05
  137 136.5 0.065242 2.83168e-05
  138 137.5 0.06597 2.86328e-05
  139 138.5 0.064714 2.80877e-05
  140 139.5 0.062942 2.73186e-05
  141 140.5 0.061762 2.68064e-05
  142 141.5 0.063336 2.74896e-05
  143 142.5 0.061838 2.68394e-05
  144 143.5 0.061904 2.68681e-05
  145 144.5 0.061258 2.65877e-05
  146 145.5 0.060826 2.64002e-05
  147 146.5 0.062158 2.69783e-05
  148 147.5 0.062768 2.72431e-05
  149 148.5 0.061912 2.68715e-05
  150 149.5 0.062706 2.72161e-05
  151 150.5 0.063116 2.73941e-05
  152 151.5 0.061732 2.67934e-05
  153 152.5 0.061984 2.69028e-05
  154 153.5 0.061246 2.65825e-05
  155 154.5 0.061166 2.65477e-05
  156 155.5 0.062132 2.6967e-05
  157 156.5 0.061776 2.68125e-05
  158 157.5 0.060918 2.64401e-05
  159 158.5 0.062148 2.6974e-05
  160 159.5 0.06172 2.67882e-05
  161 160.5 0.061556 2.6717e-05
  162 161.5 0.060642 2.63203e-05
  163 162.5 0.061374 2.6638e-05
  164 163.5 0.061858 2.68481e-05
  165 164.5 0.061856 2.68472e-05
  166 165.5 0.061762 2.68064e-05
  167 166.5 0.061736 2.67951e-05
  168 167.5 0.062188 2.69913e-05
  169 168.5 0.062448 2.71042e-05
  170 169.5 0.063376 2.75069e-05
  171 170.5 0.061994 2.69071e-05
  172 171.5 0.062412 2.70885e-05
  173 172.5 0.062052 2.69323e-05
  174 173.5 0.063696 2.76458e-05
  175 174.5 0.063998 2.77769e-05
  176 175.5 0.06387 2.77214e-05
  177 176.5 0.06366 2.76302e-05
  178 177.5 0.063426 2.75286e-05
  179 178.5 0.064774 2.81137e-05
  180 179.5 0.065652 2.84948e-05
  181 180.5 0.068314 2.96502e-05
  182 181.5 0.068644 2.97934e-05
  183 182.5 0.067154 2.91467e-05
  184 183.5 0.06609 2.86849e-05
  185 184.5 0.065598 2.84714e-05
  186 185.5 0.065232 2.83125e-05
  187 186.5 0.064328 2.79201e-05
  188 187.5 0.062278 2.70304e-05
  189 188.5 0.063208 2.7434e-05
  190 189.5 0.061998 2.69089e-05
  191 190.5 0.06252 2.71354e-05
  192 191.5 0.063452 2.75399e-05
  193 192.5 0.064558 2.802e-05
  194 193.5 0.062744 2.72326e-05
  195 194.5 0.062872 2.72882e-05
  196 195.5 0.064596 2.80365e-05
  197 196.5 0.063528 2.75729e-05
  198 197.5 0.062946 2.73203e-05
  199 198.5 0.063236 2.74462e-05
  200 199.5 0.062822 2.72665e-05
  201 200.5 0.062584 2.71632e-05
  202 201.5 0.065062 2.82387e-05
  203 202.5 0.063754 2.7671e-05
  204 203.5 0.062662 2.7197e-05
  205 204.5 0.063314 2.748e-05
  206 205.5 0.062572 2.7158e-05
  207 206.5 0.06275 2.72352e-05
  208 207.5 0.06432 2.79167e-05
  209 208.5 0.062686 2.72075e-05
  210 209.5 0.062452 2.71059e-05
  211 210.5 0.063014 2.73498e-05
  212 211.5 0.065844 2.85781e-05
  213 212.5 0.06463 2.80512e-05
  214 213.5 0.064404 2.79531e-05
  215 214.5 0.062742 2.72318e-05
  216 215.5 0.061784 2.6816e-05
  217 216.5 0.063074 2.73759e-05
  218 217.5 0.063452 2.75399e-05
  219 218.5 0.065868 2.85885e-05
  220 219.5 0.063512 2.7566e-05
  221 220.5 0.064534 2.80095e-05
  222 221.5 0.064166 2.78498e-05
  223 222.5 0.06633 2.87891e-05
  224 223.5 0.070864 3.07569e-05
  225 224.5 0.075696 3.28542e-05
  226 225.5 0.087742 3.80825e-05
  227 226.5 0.11901 5.16536e-05
  228 227.5 0.179822 7.80477e-05
  229 228.5 0.330888 0.000143615
  230 229.5 0.68104 0.00029559
  231 230.5 1.44866 0.000628757
  232 231.5 2.87546 0.00124803
  233 232.5 5.14883 0.00223473
  234 233.5 7.96702 0.00345791
  235 234.5 10.637 0.00461677
  236 235.5 12.3095 0.00534268
  237 236.5 12.6117 0.00547383
  238 237.5 11.8156 0.0051283
  239 238.5 10.4454 0.00453358
  240 239.5 8.93822 0.00387944
  241 240.5 7.50253 0.00325631
  242 241.5 6.26723 0.00272015
  243 242.5 5.25996 0.00228297
  244 243.5 4.49575 0.00195128
  245 244.5 3.97966 0.00172728
  246 245.5 3.59789 0.00156159
  247 246.5 3.30857 0.00143601
  248 247.5 3.04663 0.00132232
  249 248.5 2.92089 0.00126775
  250 249.5 2.85922 0.00124098
  251 250.5 2.78181 0.00120738
  252 251.5 2.69209 0.00116844
  253 252.5 2.67831 0.00116246
  254 253.5 2.66807 0.00115802
  255 254.5 2.63134 0.00114208
  256 255.5 2.60977 0.00113271
  257 256.5 2.61164 0.00113352
  258 257.5 2.61615 0.00113548
  259 258.5 2.6014 0.00112908
  260 259.5 2.60656 0.00113132
  261 260.5 2.62873 0.00114094
  262 261.5 2.63596 0.00114408
  263 262.5 2.63534 0.00114381
  264 263.5 2.64267 0.00114699
  265 264.5 2.65467 0.0011522
  266 265.5 2.65113 0.00115066
  267 266.5 2.65469 0.00115221
  268 267.5 2.6266 0.00114002
  269 268.5 2.62565 0.00113961
  270 269.5 2.61163 0.00113352
  271 270.5 2.6077 0.00113181
  272 271.5 2.60962 0.00113265
  273 272.5 2.59325 0.00112554
  274 273.5 2.59708 0.0011272
  275 274.5 2.58705 0.00112285
  276 275.5 2.57884 0.00111929
  277 276.5 2.59157 0.00112481
  278 277.5 2.62779 0.00114053
  279 278.5 2.64674 0.00114876
  280 279.5 2.64203 0.00114671
  281 280.5 2.64814 0.00114937
  282 281.5 2.67264 0.00116
  283 282.5 2.65068 0.00115047
  284 283.5 2.65842 0.00115383
  285 284.5 2.63716 0.0011446
  286 285.5 2.63814 0.00114503
  287 286.5 2.62379 0.0011388
  288 287.5 2.57546 0.00111782
  289 288.5 2.54743 0.00110566
  290 289.5 2.53449 0.00110004
  291 290.5 2.53077 0.00109843
  292 291.5 2.52916 0.00109772
  293 292.5 2.52678 0.00109669
  294 293.5 2.51908 0.00109335
  295 294.5 2.51995 0.00109373
  296 295.5 2.51735 0.0010926
  297 296.5 2.55163 0.00110748
  298 297.5 2.57936 0.00111951
  299 298.5 2.60353 0.00113
  300 299.5 2.60584 0.00113101
  301 300.5 2.56623 0.00111381
  302 301.5 2.57616 0.00111812
  303 302.5 2.54258 0.00110355
  304 303.5 2.53545 0.00110046
  305 304.5 2.54472 0.00110448
  306 305.5 2.57756 0.00111873
  307 306.5 2.56975 0.00111534
  308 307.5 2.6036 0.00113003
  309 308.5 2.62569 0.00113962
  310 309.5 2.62984 0.00114142
  311 310.5 2.65174 0.00115093
  312 311.5 2.69476 0.0011696
  313 312.5 2.69325 0.00116894
  314 313.5 2.68071 0.0011635
  315 314.5 2.68112 0.00116368
  316 315.5 2.67988 0.00116314
  317 316.5 2.67306 0.00116018
  318 317.5 2.67817 0.0011624
  319 318.5 2.66767 0.00115784
  320 319.5 2.70663 0.00117475
  321 320.5 2.73446 0.00118683
  322 321.5 2.72152 0.00118121
  323 322.5 2.73778 0.00118827
  324 323.5 2.73396 0.00118662
  325 324.5 2.71085 0.00117659
  326 325.5 2.71213 0.00117714
  327 326.5 2.69861 0.00117127
  328 327.5 2.65595 0.00115276
  329 328.5 2.69309 0.00116888
  330 329.5 2.68153 0.00116386
  331 330.5 2.65128 0.00115073
  332 331.5 2.64485 0.00114794
  333 332.5 2.63825 0.00114507
  334 333.5 2.61188 0.00113363
  335 334.5 2.61121 0.00113334
  336 335.5 2.62004 0.00113717
  337 336.5 2.60659 0.00113133
  338 337.5 2.58099 0.00112022
  339 338.5 2.56779 0.00111449
  340 339.5 2.5973 0.0011273
  341 340.5 2.57141 0.00111606
  342 341.5 2.56867 0.00111487
  343 342.5 2.58097 0.00112021
  344 343.5 2.59313 0.00112549
  345 344.5 2.58412 0.00112158
  346 345.5 2.62522 0.00113942
  347 346.5 2.65338 0.00115164
  348 347.5 2.66737 0.00115771
  349 348.5 2.6775 0.00116211
  350 349.5 2.69111 0.00116802
  351 350.5 2.71319 0.0011776
  352 351.5 2.71739 0.00117942
  353 352.5 2.73901 0.00118881
  354 353.5 2.75479 0.00119566
  355 354.5 2.78534 0.00120892
  356 355.5 2.78296 0.00120788
  357 356.5 2.76995 0.00120224
  358 357.5 2.73625 0.00118761
  359 358.5 2.7124 0.00117726
  360 359.5 2.72491 0.00118269
  361 360.5 2.71635 0.00117897
  362 361.5 2.69722 0.00117067
  363 362.5 2.69631 0.00117027
  364 363.5 2.68371 0.0011648
  365 364.5 2.67076 0.00115919
  366 365.5 2.65695 0.00115319
  367 366.5 2.6628 0.00115573
  368 367.5 2.64595 0.00114842
  369 368.5 2.65301 0.00115148
  370 369.5 2.66357 0.00115606
  371 370.5 2.66652 0.00115734
  372 371.5 2.67139 0.00115946
  373 372.5 2.65397 0.0011519
  374 373.5 2.63009 0.00114153
  375 374.5 2.61137 0.00113341
  376 375.5 2.61612 0.00113547
  377 376.5 2.62606 0.00113978
  378 377.5 2.64525 0.00114811
  379 378.5 2.68795 0.00116664
  380 379.5 2.71159 0.00117691
  381 380.5 2.75022 0.00119367
  382 381.5 2.81441 0.00122153
  383 382.5 2.90913 0.00126264
  384 383.5 3.07238 0.0013335
  385 384.5 3.27257 0.00142038
  386 385.5 3.57955 0.00155362
  387 386.5 4.00522 0.00173838
  388 387.5 4.58417 0.00198966
  389 388.5 5.34936 0.00232177
  390 389.5 6.42244 0.00278752
  391 390.5 7.84226 0.00340376
  392 391.5 9.59842 0.00416598
  393 392.5 11.8071 0.0051246
  394 393.5 14.3022 0.00620754
  395 394.5 17.0269 0.00739013
  396 395.5 19.7837 0.00858668
  397 396.5 22.5222 0.00977527
  398 397.5 25.0709 0.0108814
  399 398.5 27.3337 0.0118636
  400 399.5 29.2076 0.0126769
  401 400.5 30.7087 0.0133284
  402 401.5 31.8746 0.0138345
  403 402.5 32.7295 0.0142055
  404 403.5 33.3903 0.0144923
  405 404.5 33.8041 0.0146719
  406 405.5 34.0816 0.0147924
  407 406.5 34.3515 0.0149095
  408 407.5 34.5229 0.0149839
  409 408.5 34.635 0.0150325
  410 409.5 34.6549 0.0150412
  411 410.5 34.736 0.0150764
  412 411.5 34.7779 0.0150946
  413 412.5 34.7827 0.0150966
  414 413.5 34.7643 0.0150887
  415 414.5 34.7913 0.0151004
  416 415.5 34.7968 0.0151028
  417 416.5 34.8059 0.0151067
  418 417.5 34.7457 0.0150806
  419 418.5 34.7486 0.0150819
  420 419.5 34.7379 0.0150772
  421 420.5 34.6845 0.015054
  422 421.5 34.6645 0.0150454
  423 422.5 34.675 0.0150499
  424 423.5 34.6979 0.0150599
  425 424.5 34.6906 0.0150567
  426 425.5 34.6912 0.0150569
  427 426.5 34.7028 0.015062
  428 427.5 34.7183 0.0150687
  429 428.5 34.7253 0.0150717
  430 429.5 34.7124 0.0150662
  431 430.5 34.7044 0.0150627
  432 431.5 34.6724 0.0150488
  433 432.5 34.6623 0.0150444
  434 433.5 34.6864 0.0150549
  435 434.5 34.661 0.0150438
  436 435.5 34.6987 0.0150602
  437 436.5 34.6718 0.0150485
  438 437.5 34.6607 0.0150437
  439 438.5 34.6144 0.0150236
  440 439.5 34.6196 0.0150259
  441 440.5 34.6182 0.0150253
  442 441.5 34.6124 0.0150228
  443 442.5 34.6438 0.0150364
  444 443.5 34.6604 0.0150436
  445 444.5 34.6226 0.0150271
  446 445.5 34.6649 0.0150455
  447 446.5 34.7389 0.0150777
  448 447.5 34.6849 0.0150542
  449 448.5 34.6643 0.0150453
  450 449.5 34.7418 0.0150789
  451 450.5 34.7489 0.015082
  452 451.5 34.6348 0.0150325
  453 452.5 34.7256 0.0150719
  454 453.5 34.7279 0.0150729
  455 454.5 34.6887 0.0150558
  456 455.5 34.6762 0.0150504
  457 456.5 34.7229 0.0150707
  458 457.5 34.7369 0.0150768
  459 458.5 34.7718 0.0150919
  460 459.5 34.7751 0.0150934
  461 460.5 34.8512 0.0151264
  462 461.5 34.8587 0.0151297
  463 462.5 34.8532 0.0151273
  464 463.5 34.8858 0.0151414
  465 464.5 34.9057 0.0151501
  466 465.5 34.8976 0.0151465
  467 466.5 34.9942 0.0151884
  468 467.5 34.9453 0.0151672
  469 468.5 34.9593 0.0151733
  470 469.5 34.9851 0.0151845
  471 470.5 34.979 0.0151819
  472 471.5 34.9687 0.0151774
  473 472.5 34.9841 0.0151841
  474 473.5 34.9731 0.0151793
  475 474.5 34.9175 0.0151551
  476 475.5 34.8925 0.0151443
  477 476.5 34.9068 0.0151505
  478 477.5 34.9034 0.015149
  479 478.5 34.7989 0.0151037
  480 479.5 34.7726 0.0150923
40000000 480 5989
  1 0.5 35.0951 0.0152322
  2 1.5 35.05 0.0152127
  3 2.5 35.115 0.0152409
  4 3.5 35.0806 0.0152259
  5 4.5 35.0557 0.0152152
  6 5.5 35.0671 0.0152201
  7 6.5 35.0967 0.0152329
  8 7.5 35.0826 0.0152268
  9 8.5 35.1388 0.0152512
  10 9.5 35.1384 0.015251
  11 10.5 35.1855 0.0152715
  12 11.5 35.1598 0.0152603
  13 12.5 35.1527 0.0152572
  14 13.5 35.1547 0.0152581
  15 14.5 35.2085 0.0152815
  16 15.5 35.1895 0.0152732
  17 16.5 35.1425 0.0152528
  18 17.5 35.1784 0.0152684
  19 18.5 35.1469 0.0152547
  20 19.5 35.1475 0.015255
  21 20.5 35.0969 0.015233
  22 21.5 35.0838 0.0152274
  23 22.5 35.109 0.0152383
  24 23.5 35.1425 0.0152528
  25 24.5 35.1164 0.0152415
  26 25.5 35.0541 0.0152144
  27 26.5 35.1391 0.0152514
  28 27.5 35.102 0.0152353
  29 28.5 35.068 0.0152205
  30 29.5 35.0562 0.0152154
  31 30.5 35.1021 0.0152353
  32 31.5 35.0838 0.0152274
  33 32.5 35.0076 0.0151943
  34 33.5 35.0469 0.0152113
  35 34.5 35.0416 0.015209
  36 35.5 34.954 0.015171
  37 36.5 34.97 0.015178
  38 37.5 35.0105 0.0151955
  39 38.5 34.9824 0.0151833
  40 39.5 34.9552 0.0151715
  41 40.5 35.0191 0.0151993
  42 41.5 35.0275 0.0152029
  43 42.5 35.0251 0.0152019
  44 43.5 35.0761 0.015224
  45 44.5 35.1171 0.0152418
  46 45.5 35.1071 0.0152375
  47 46.5 35.1099 0.0152387
  48 47.5 35.1792 0.0152688
  49 48.5 35.1503 0.0152562
  50 49.5 35.1139 0.0152404
  51 50.5 35.1176 0.015242
  52 51.5 35.0779 0.0152248
  53 52.5 35.0612 0.0152175
  54 53.5 35.099 0.015234
  55 54.5 35.0485 0.015212
  56 55.5 35.0496 0.0152125
  57 56.5 35.0172 0.0151984
  58 57.5 34.9422 0.0151659
  59 58.5 34.9179 0.0151553
  60 59.5 34.8745 0.0151365
  61 60.5 34.7492 0.0150821
  62 61.5 34.6981 0.0150599
  63 62.5 34.5687 0.0150038
  64 63.5 34.3376 0.0149035
  65 64.5 34.0228 0.0147668
  66 65.5 33.5618 0.0145668
  67 66.5 32.9573 0.0143044
  68 67.5 32.0106 0.0138935
  69 68.5 30.4698 0.0132247
  70 69.5 28.3827 0.0123189
  71 70.5 25.3932 0.0110214
  72 71.5 21.1131 0.00916369
  73 72.5 15.7564 0.0068387
  74 73.5 10.3512 0.00449271
  75 74.5 5.92843 0.0025731
  76 75.5 3.00234 0.0013031
  77 76.5 1.39932 0.000607342
  78 77.5 0.630452 0.000273634
  79 78.5 0.299894 0.000130162
  80 79.5 0.16706 7.25087e-05
  81 80.5 0.113682 4.93411e-05
  82 81.5 0.088184 3.82743e-05
  83 82.5 0.080208 3.48125e-05
  84 83.5 0.073466 3.18863e-05
  85 84.5 0.069758 3.02769e-05
  86 85.5 0.065794 2.85564e-05
  87 86.5 0.066982 2.9072e-05
  88 87.5 0.064716 2.80885e-05
  89 88.5 0.064598 2.80373e-05
  90 89.5 0.064052 2.78003e-05
  91 90.5 0.06411 2.78255e-05
  92 91.5 0.062168 2.69826e-05
  93 92.5 0.063824 2.77014e-05
  94 93.5 0.06309 2.73828e-05
  95 94.5 0.063698 2.76467e-05
  96 95.5 0.06492 2.81771e-05
  97 96.5 0.063414 2.75234e-05
  98 97.5 0.064776 2.81146e-05
  99 98.5 0.06254 2.71441e-05
  100 99.5 0.063354 2.74974e-05
  101 100.5 0.064572 2.8026e-05
  102 101.5 0.065124 2.82656e-05
  103 102.5 0.063674 2.76363e-05
  104 103.5 0.062386 2.70773e-05
  105 104.5 0.062136 2.69687e-05
  106 105.5 0.063688 2.76424e-05
  107 106.5 0.064654 2.80616e-05
  108 107.5 0.063142 2.74054e-05
  109 108.5 0.063968 2.77639e-05
  110 109.5 0.063356 2.74983e-05
  111 110.5 0.061684 2.67726e-05
  112 111.5 0.063088 2.73819e-05
  113 112.5 0.062924 2.73108e-05
  114 113.5 0.062224 2.70069e-05
  115 114.5 0.061336 2.66215e-05
  116 115.5 0.062332 2.70538e-05
  117 116.5 0.064424 2.79618e-05
  118 117.5 0.063552 2.75833e-05
  119 118.5 0.062844 2.7276e-05
  120 119.5 0.06293 2.73134e-05
  121 120.5 0.061532 2.67066e-05
  122 121.5 0.060546 2.62786e-05
  123 122.5 0.060622 2.63116e-05
  124 123.5 0.061688 2.67743e-05
  125 124.5 0.063872 2.77222e-05
  126 125.5 0.062546 2.71467e-05
  127 126.5 0.06268 2.72049e-05
  128 127.5 0.063842 2.77092e-05
  129 128.5 0.062546 2.71467e-05
  130 129.5 0.063716 2.76545e-05
  131 130.5 0.062942 2.73186e-05
  132 131.5 0.063058 2.73689e-05
  133 132.5 0.062572 2.7158e-05
  134 133.5 0.062308 2.70434e-05
  135 134.5 0.062084 2.69462e-05
  136 135.5 0.061836 2.68385e-05
  137 136.5 0.062238 2.7013e-05
  138 137.5 0.06297 2.73307e-05
  139 138.5 0.06306 2.73698e-05
  140 139.5 0.06321 2.74349e-05
  141 140.5 0.067142 2.91415e-05
  142 141.5 0.063646 2.76241e-05
  143 142.5 0.060964 2.64601e-05
  144 143.5 0.060034 2.60564e-05
  145 144.5 0.060652 2.63247e-05
  146 145.5 0.061238 2.6579e-05
  147 146.5 0.062564 2.71545e-05
  148 147.5 0.06344 2.75347e-05
  149 148.5 0.064736 2.80972e-05
  150 149.5 0.064516 2.80017e-05
  151 150.5 0.065008 2.82153e-05
  152 151.5 0.063234 2.74453e-05
  153 152.5 0.06469 2.80773e-05
  154 153.5 0.063074 2.73759e-05
  155 154.5 0.0617 2.67795e-05
  156 155.5 0.062968 2.73299e-05
  157 156.5 0.065086 2.82491e-05
  158 157.5 0.062038 2.69262e-05
  159 158.5 0.063218 2.74384e-05
  160 159.5 0.062934 2.73151e-05
  161 160.5 0.061864 2.68507e-05
  162 161.5 0.062372 2.70712e-05
  163 162.5 0.064248 2.78854e-05
  164 163.5 0.063196 2.74288e-05
  165 164.5 0.062308 2.70434e-05
  166 165.5 0.063382 2.75095e-05
  167 166.5 0.06314 2.74045e-05
  168 167.5 0.062368 2.70694e-05
  169 168.5 0.0623 2.70399e-05
  170 169.5 0.061822 2.68325e-05
  171 170.5 0.06274 2.72309e-05
  172 171.5 0.061498 2.66918e-05
  173 172.5 0.062516 2.71337e-05
  174 173.5 0.062204 2.69983e-05
  175 174.5 0.06218 2.69878e-05
  176 175.5 0.062436 2.7099e-05
  177 176.5 0.063274 2.74627e-05
  178 177.5 0.06374 2.76649e-05
  179 178.5 0.063014 2.73498e-05
  180 179.5 0.06373 2.76606e-05
  181 180.5 0.064836 2.81406e-05
  182 181.5 0.064348 2.79288e-05
  183 182.5 0.062644 2.71892e-05
  184 183.5 0.062002 2.69106e-05
  185 184.5 0.063378 2.75078e-05
  186 185.5 0.061822 2.68325e-05
  187 186.5 0.063356 2.74983e-05
  188 187.5 0.062068 2.69392e-05
  189 188.5 0.060438 2.62318e-05
  190 189.5 0.06127 2.65929e-05
  191 190.5 0.061586 2.673e-05
  192 191.5 0.063726 2.76589e-05
  193 192.5 0.062218 2.70043e-05
  194 193.5 0.064494 2.79922e-05
  195 194.5 0.063866 2.77196e-05
  196 195.5 0.065456 2.84097e-05
  197 196.5 0.063664 2.76319e-05
  198 197.5 0.066848 2.90139e-05
  199 198.5 0.0622 2.69965e-05
  200 199.5 0.0615 2.66927e-05
  201 200.5 0.060826 2.64002e-05
  202 201.5 0.062978 2.73342e-05
  203 202.5 0.062378 2.70738e-05
  204 203.5 0.062568 2.71562e-05
  205 204.5 0.06284 2.72743e-05
  206 205.5 0.064318 2.79158e-05
  207 206.5 0.06386 2.7717e-05
  208 207.5 0.062268 2.7026e-05
  209 208.5 0.061548 2.67135e-05
  210 209.5 0.06244 2.71007e-05
  211 210.5 0.06311 2.73915e-05
  212 211.5 0.062408 2.70868e-05
  213 212.5 0.061592 2.67326e-05
  214 213.5 0.061286 2.65998e-05
  215 214.5 0.062078 2.69436e-05
  216 215.5 0.064252 2.78872e-05
  217 216.5 0.062634 2.71849e-05
  218 217.5 0.063258 2.74557e-05
  219 218.5 0.063978 2.77682e-05
  220 219.5 0.062394 2.70807e-05
  221 220.5 0.064386 2.79453e-05
  222 221.5 0.06736 2.92361e-05
  223 222.5 0.068594 2.97717e-05
  224 223.5 0.074054 3.21415e-05
  225 224.5 0.082722 3.59036e-05
  226 225.5 0.102162 4.43411e-05
  227 226.5 0.146174 6.34436e-05
  228 227.5 0.250846 0.000108874
  229 228.5 0.500384 0.000217181
  230 229.5 1.08175 0.00046951
  231 230.5 2.28074 0.000989905
  232 231.5 4.3411 0.00188416
  233 232.5 7.16103 0.00310808
  234 233.5 10.1975 0.004426
  235 234.5 12.4478 0.00540269
  236 235.5 13.2841 0.00576569
  237 236.5 12.853 0.00557856
  238 237.5 11.6823 0.00507045
  239 238.5 10.2099 0.00443138
  240 239.5 8.74804 0.00379689
  241 240.5 7.37016 0.00319885
  242 241.5 6.25879 0.00271649
  243 242.5 5.36025 0.0023265
  244 243.5 4.65166 0.00201895
  245 244.5 4.11679 0.0017868
  246 245.5 3.73117 0.00161943
  247 246.5 3.45865 0.00150115
  248 247.5 3.23938 0.00140598
  249 248.5 3.13816 0.00136205
  250 249.5 3.0338 0.00131675
  251 250.5 2.93072 0.00127201
  252 251.5 2.84133 0.00123322
  253 252.5 2.79466 0.00121296
  254 253.5 2.74589 0.00119179
  255 254.5 2.74123 0.00118977
  256 255.5 2.6962 0.00117023
  257 256.5 2.66229 0.00115551
  258 257.5 2.6197 0.00113702
  259 258.5 2.61068 0.00113311
  260 259.5 2.61239 0.00113385
  261 260.5 2.60315 0.00112984
  262 261.5 2.56625 0.00111382
  263 262.5 2.52392 0.00109545
  264 263.5 2.50998 0.0010894
  265 264.5 2.52878 0.00109756
  266 265.5 2.54157 0.00110311
  267 266.5 2.56225 0.00111209
  268 267.5 2.55734 0.00110996
  269 268.5 2.53837 0.00110172
  270 269.5 2.56376 0.00111274
  271 270.5 2.53755 0.00110137
  272 271.5 2.52252 0.00109484
  273 272.5 2.51954 0.00109355
  274 273.5 2.51864 0.00109316
  275 274.5 2.52651 0.00109657
  276 275.5 2.53072 0.0010984
  277 276.5 2.5451 0.00110464
  278 277.5 2.54688 0.00110542
  279 278.5 2.54493 0.00110457
  280 279.5 2.54915 0.0011064
  281 280.5 2.54066 0.00110272
  282 281.5 2.51371 0.00109102
  283 282.5 2.49851 0.00108442
  284 283.5 2.48325 0.0010778
  285 284.5 2.46522 0.00106997
  286 285.5 2.46081 0.00106806
  287 286.5 2.45552 0.00106576
  288 287.5 2.45851 0.00106706
  289 288.5 2.45429 0.00106523
  290 289.5 2.44699 0.00106206
  291 290.5 2.43795 0.00105814
  292 291.5 2.45484 0.00106547
  293 292.5 2.42386 0.00105202
  294 293.5 2.41351 0.00104753
  295 294.5 2.43764 0.001058
  296 295.5 2.45879 0.00106718
  297 296.5 2.48003 0.0010764
  298 297.5 2.51525 0.00109169
  299 298.5 2.54236 0.00110346
  300 299.5 2.5571 0.00110985
  301 300.5 2.56853 0.00111481
  302 301.5 2.57335 0.0011169
  303 302.5 2.54789 0.00110585
  304 303.5 2.50436 0.00108696
  305 304.5 2.49411 0.00108251
  306 305.5 2.4567 0.00106628
  307 306.5 2.45233 0.00106438
  308 307.5 2.46885 0.00107155
  309 308.5 2.46966 0.0010719
  310 309.5 2.44614 0.00106169
  311 310.5 2.4346 0.00105669
  312 311.5 2.43251 0.00105578
  313 312.5 2.44062 0.0010593
  314 313.5 2.46843 0.00107137
  315 314.5 2.49112 0.00108122
  316 315.5 2.50129 0.00108563
  317 316.5 2.50023 0.00108517
  318 317.5 2.49987 0.00108501
  319 318.5 2.47265 0.0010732
  320 319.5 2.46314 0.00106907
  321 320.5 2.47225 0.00107303
  322 321.5 2.41123 0.00104654
  323 322.5 2.41098 0.00104643
  324 323.5 2.41433 0.00104788
  325 324.5 2.44681 0.00106198
  326 325.5 2.45706 0.00106643
  327 326.5 2.42904 0.00105427
  328 327.5 2.44844 0.00106269
  329 328.5 2.46673 0.00107063
  330 329.5 2.51582 0.00109194
  331 330.5 2.5273 0.00109692
  332 331.5 2.54147 0.00110307
  333 332.5 2.52603 0.00109637
  334 333.5 2.5145 0.00109136
  335 334.5 2.51282 0.00109063
  336 335.5 2.49224 0.0010817
  337 336.5 2.48765 0.00107971
  338 337.5 2.4786 0.00107578
  339 338.5 2.46976 0.00107194
  340 339.5 2.46393 0.00106941
  341 340.5 2.45767 0.0010667
  342 341.5 2.41993 0.00105032
  343 342.5 2.4168 0.00104896
  344 343.5 2.4306 0.00105495
  345 344.5 2.40521 0.00104393
  346 345.5 2.41456 0.00104799
  347 346.5 2.39195 0.00103817
  348 347.5 2.39373 0.00103894
  349 348.5 2.42352 0.00105188
  350 349.5 2.40661 0.00104454
  351 350.5 2.41012 0.00104606
  352 351.5 2.43355 0.00105623
  353 352.5 2.45957 0.00106752
  354 353.5 2.47461 0.00107405
  355 354.5 2.48613 0.00107905
  356 355.5 2.5053 0.00108737
  357 356.5 2.52254 0.00109485
  358 357.5 2.56143 0.00111173
  359 358.5 2.5698 0.00111537
  360 359.5 2.56229 0.00111211
  361 360.5 2.5734 0.00111693
  362 361.5 2.53601 0.0011007
  363 362.5 2.51608 0.00109205
  364 363.5 2.50002 0.00108508
  365 364.5 2.5187 0.00109319
  366 365.5 2.51172 0.00109016
  367 366.5 2.53414 0.00109989
  368 367.5 2.54484 0.00110453
  369 368.5 2.53779 0.00110147
  370 369.5 2.53473 0.00110014
  371 370.5 2.53833 0.00110171
  372 371.5 2.56021 0.0011112
  373 372.5 2.58576 0.00112229
  374 373.5 2.56436 0.001113
  375 374.5 2.54851 0.00110613
  376 375.5 2.5554 0.00110912
  377 376.5 2.55233 0.00110778
  378 377.5 2.5495 0.00110655
  379 378.5 2.55475 0.00110883
  380 379.5 2.59865 0.00112789
  381 380.5 2.63212 0.00114241
  382 381.5 2.67845 0.00116252
  383 382.5 2.76781 0.00120131
  384 383.5 2.90438 0.00126058
  385 384.5 3.05967 0.00132798
  386 385.5 3.28787 0.00142703
  387 386.5 3.66049 0.00158875
  388 387.5 4.14665 0.00179976
  389 388.5 4.8215 0.00209266
  390 389.5 5.73239 0.00248802
  391 390.5 6.93241 0.00300886
  392 391.5 8.46146 0.00367251
  393 392.5 10.3997 0.00451374
  394 393.5 12.6746 0.00550112
  395 394.5 15.2174 0.00660476
  396 395.5 17.9781 0.007803
  397 396.5 20.77 0.00901475
  398 397.5 23.4118 0.0101614
  399 398.5 25.816 0.0112049
  400 399.5 27.9284 0.0121217
  401 400.5 29.6945 0.0128882
  402 401.5 31.0487 0.013476
  403 402.5 32.1634 0.0139598
  404 403.5 32.9984 0.0143222
  405 404.5 33.5767 0.0145732
  406 405.5 33.9696 0.0147437
  407 406.5 34.3232 0.0148972
  408 407.5 34.5752 0.0150066
  409 408.5 34.7054 0.0150631
  410 409.5 34.8386 0.0151209
  411 410.5 34.9228 0.0151575
  412 411.5 35.0247 0.0152017
  413 412.5 35.0383 0.0152076
  414 413.5 35.0871 0.0152288
  415 414.5 35.1125 0.0152398
  416 415.5 35.0881 0.0152292
  417 416.5 35.0968 0.015233
  418 417.5 35.0912 0.0152306
  419 418.5 35.0801 0.0152257
  420 419.5 35.0267 0.0152026
  421 420.5 35.0578 0.0152161
  422 421.5 35.0903 0.0152302
  423 422.5 35.0163 0.0151981
  424 423.5 35.0135 0.0151968
  425 424.5 35.0043 0.0151928
  426 425.5 35.0158 0.0151978
  427 426.5 34.9033 0.015149
  428 427.5 35.007 0.015194
  429 428.5 35.0035 0.0151925
  430 429.5 35.0349 0.0152061
  431 430.5 35.0242 0.0152015
  432 431.5 35.1032 0.0152358
  433 432.5 35.0932 0.0152314
  434 433.5 35.124 0.0152448
  435 434.5 35.1533 0.0152575
  436 435.5 35.1411 0.0152522
  437 436.5 35.114 0.0152404
  438 437.5 35.1676 0.0152637
  439 438.5 35.0681 0.0152205
  440 439.5 35.1209 0.0152434
  441 440.5 35.1847 0.0152711
  442 441.5 35.1745 0.0152667
  443 442.5 35.0845 0.0152276
  444 443.5 35.148 0.0152552
  445 444.5 35.1858 0.0152716
  446 445.5 35.0914 0.0152307
  447 446.5 35.1233 0.0152445
  448 447.5 35.198 0.0152769
  449 448.5 35.1433 0.0152532
  450 449.5 35.1339 0.0152491
  451 450.5 35.1244 0.015245
  452 451.5 35.1888 0.0152729
  453 452.5 35.1525 0.0152571
  454 453.5 35.1512 0.0152566
  455 454.5 35.1743 0.0152666
  456 455.5 35.1415 0.0152524
  457 456.5 35.0992 0.015234
  458 457.5 35.0792 0.0152253
  459 458.5 35.1584 0.0152597
  460 459.5 35.1255 0.0152454
  461 460.5 35.0688 0.0152208
  462 461.5 35.1019 0.0152352
  463 462.5 35.149 0.0152557
  464 463.5 35.086 0.0152283
  465 464.5 35.0776 0.0152246
  466 465.5 35.1443 0.0152536
  467 466.5 35.1528 0.0152573
  468 467.5 35.1881 0.0152726
  469 468.5 35.1588 0.0152599
  470 469.5 35.1634 0.0152619
  471 470.5 35.1825 0.0152702
  472 471.5 35.0922 0.015231
  473 472.5 35.1585 0.0152598
  474 473.5 35.1507 0.0152564
  475 474.5 35.0954 0.0152324
  476 475.5 35.1823 0.0152701
  477 476.5 35.1749 0.0152669
  478 477.5 35.1286 0.0152468
  479 478.5 35.1327 0.0152486
  480 479.5 35.1493 0.0152558
50000000 480 5989
  1 0.5 34.8957 0.0151457
  2 1.5 34.8975 0.0151465
  3 2.5 34.9106 0.0151522
  4 3.5 34.8646 0.0151322
  5 4.5 34.8416 0.0151222
  6 5.5 34.9544 0.0151712
  7 6.5 34.9533 0.0151707
  8 7.5 34.9011 0.0151481
  9 8.5 34.9892 0.0151863
  10 9.5 35.0396 0.0152082
  11 10.5 35.0083 0.0151946
  12 11.5 35.025 0.0152018
  13 12.5 35.145 0.0152539
  14 13.5 35.1005 0.0152346
  15 14.5 35.048 0.0152118
  16 15.5 35.1387 0.0152512
  17 16.5 35.1401 0.0152518
  18 17.5 35.1161 0.0152413
  19 18.5 35.1464 0.0152545
  20 19.5 35.1599 0.0152604
  21 20.5 35.1676 0.0152637
  22 21.5 35.1575 0.0152593
  23 22.5 35.1397 0.0152516
  24 23.5 35.1972 0.0152765
  25 24.5 35.2005 0.015278
  26 25.5 35.1236 0.0152446
  27 26.5 35.152 0.0152569
  28 27.5 35.191 0.0152738
  29 28.5 35.1574 0.0152593
  30 29.5 35.1424 0.0152528
  31 30.5 35.1239 0.0152448
  32 31.5 35.1737 0.0152663
  33 32.5 35.0701 0.0152214
  34 33.5 35.0652 0.0152193
  35 34.5 35.1443 0.0152536
  36 35.5 35.1317 0.0152481
  37 36.5 35.0919 0.0152308
  38 37.5 35.1556 0.0152585
  39 38.5 35.1417 0.0152525
  40 39.5 35.0449 0.0152105
  41 40.5 35.0655 0.0152194
  42 41.5 35.0801 0.0152258
  43 42.5 35.0391 0.0152079
  44 43.5 35.0179 0.0151987
  45 44.5 35.0928 0.0152312
  46 45.5 35.0398 0.0152083
  47 46.5 35.0375 0.0152073
  48 47.5 35.0647 0.0152191
  49 48.5 35.1009 0.0152348
  50 49.5 35.0239 0.0152013
  51 50.5 35.0596 0.0152169
  52 51.5 35.0367 0.0152069
  53 52.5 35.0116 0.015196
  54 53.5 34.995 0.0151888
  55 54.5 35.0036 0.0151926
  56 55.5 35.0464 0.0152111
  57 56.5 34.9485 0.0151686
  58 57.5 34.9654 0.015176
  59 58.5 34.93 0.0151606
  60 59.5 34.899 0.0151471
  61 60.5 34.8236 0.0151144
  62 61.5 34.7724 0.0150922
  63 62.5 34.6415 0.0150354
  64 63.5 34.4773 0.0149641
  65 64.5 34.2655 0.0148722
  66 65.5 33.9223 0.0147232
  67 66.5 33.4569 0.0145212
  68 67.5 32.8077 0.0142394
  69 68.5 31.8734 0.013834
  70 69.5 30.3946 0.0131921
  71 70.5 28.314 0.0122891
  72 71.5 25.3021 0.0109818
  73 72.5 21.1384 0.00917466
  74 73.5 16.0399 0.00696177
  75 74.5 10.7946 0.00468515
  76 75.5 6.36485 0.00276252
  77 76.5 3.32131 0.00144154
  78 77.5 1.56012 0.000677134
  79 78.5 0.705508 0.00030621
  80 79.5 0.331124 0.000143717
  81 80.5 0.177996 7.72552e-05
  82 81.5 0.11637 5.05078e-05
  83 82.5 0.089854 3.89991e-05
  84 83.5 0.07765 3.37023e-05
  85 84.5 0.071322 3.09557e-05
  86 85.5 0.06774 2.9401e-05
  87 86.5 0.06492 2.81771e-05
  88 87.5 0.063616 2.76111e-05
  89 88.5 0.064032 2.77917e-05
  90 89.5 0.062134 2.69679e-05
  91 90.5 0.061622 2.67457e-05
  92 91.5 0.06034 2.61892e-05
  93 92.5 0.061808 2.68264e-05
  94 93.5 0.059732 2.59253e-05
  95 94.5 0.059966 2.60269e-05
  96 95.5 0.061126 2.65304e-05
  97 96.5 0.061824 2.68333e-05
  98 97.5 0.064972 2.81997e-05
  99 98.5 0.063796 2.76892e-05
  100 99.5 0.060024 2.60521e-05
  101 100.5 0.059752 2.5934e-05
  102 101.5 0.061262 2.65894e-05
  103 102.5 0.061848 2.68437e-05
  104 103.5 0.06239 2.7079e-05
  105 104.5 0.06296 2.73264e-05
  106 105.5 0.06 2.60417e-05
  107 106.5 0.060482 2.62509e-05
  108 107.5 0.060332 2.61858e-05
  109 108.5 0.061832 2.68368e-05
  110 109.5 0.05945 2.5803e-05
  111 110.5 0.060138 2.61016e-05
  112 111.5 0.060346 2.61918e-05
  113 112.5 0.06071 2.63498e-05
  114 113.5 0.061142 2.65373e-05
  115 114.5 0.061228 2.65747e-05
  116 115.5 0.060668 2.63316e-05
  117 116.5 0.061952 2.68889e-05
  118 117.5 0.060316 2.61788e-05
  119 118.5 0.060412 2.62205e-05
  120 119.5 0.05917 2.56814e-05
  121 120.5 0.05932 2.57465e-05
  122 121.5 0.059574 2.58568e-05
  123 122.5 0.061346 2.66259e-05
  124 123.5 0.060034 2.60564e-05
  125 124.5 0.059526 2.58359e-05
  126 125.5 0.06019 2.61241e-05
  127 126.5 0.061254 2.65859e-05
  128 127.5 0.06081 2.63932e-05
  129 128.5 0.060746 2.63655e-05
  130 129.5 0.06364 2.76215e-05
  131 130.5 0.061778 2.68134e-05
  132 131.5 0.061168 2.65486e-05
  133 132.5 0.06201 2.69141e-05
  134 133.5 0.060958 2.64575e-05
  135 134.5 0.059768 2.5941e-05
  136 135.5 0.060244 2.61476e-05
  137 136.5 0.05991 2.60026e-05
  138 137.5 0.060618 2.63099e-05
  139 138.5 0.059568 2.58542e-05
  140 139.5 0.060994 2.64731e-05
  141 140.5 0.059416 2.57882e-05
  142 141.5 0.061854 2.68464e-05
  143 142.5 0.062142 2.69714e-05
  144 143.5 0.061794 2.68203e-05
  145 144.5 0.06403 2.77908e-05
  146 145.5 0.062812 2.72622e-05
  147 146.5 0.062144 2.69722e-05
  148 147.5 0.062878 2.72908e-05
  149 148.5 0.062444 2.71024e-05
  150 149.5 0.065402 2.83863e-05
  151 150.5 0.064214 2.78707e-05
  152 151.5 0.063814 2.7697e-05
  153 152.5 0.064048 2.77986e-05
  154 153.5 0.063312 2.74792e-05
  155 154.5 0.063922 2.77439e-05
  156 155.5 0.064852 2.81476e-05
  157 156.5 0.06411 2.78255e-05
  158 157.5 0.06408 2.78125e-05
  159 158.5 0.066538 2.88793e-05
  160 159.5 0.064216 2.78715e-05
  161 160.5 0.063694 2.7645e-05
  162 161.5 0.061892 2.68628e-05
  163 162.5 0.062696 2.72118e-05
  164 163.5 0.06119 2.65582e-05
  165 164.5 0.06505 2.82335e-05
  166 165.5 0.066238 2.87491e-05
  167 166.5 0.0668 2.89931e-05
  168 167.5 0.063994 2.77752e-05
  169 168.5 0.061816 2.68299e-05
  170 169.5 0.061194 2.65599e-05
  171 170.5 0.061278 2.65964e-05
  172 171.5 0.060574 2.62908e-05
  173 172.5 0.059966 2.60269e-05
  174 173.5 0.05975 2.59332e-05
  175 174.5 0.060328 2.6184e-05
  176 175.5 0.061858 2.68481e-05
  177 176.5 0.061696 2.67778e-05
  178 177.5 0.061278 2.65964e-05
  179 178.5 0.061726 2.67908e-05
  180 179.5 0.062276 2.70295e-05
  181 180.5 0.062084 2.69462e-05
  182 181.5 0.062158 2.69783e-05
  183 182.5 0.062264 2.70243e-05
  184 183.5 0.060386 2.62092e-05
  185 184.5 0.060544 2.62778e-05
  186 185.5 0.059718 2.59193e-05
  187 186.5 0.059716 2.59184e-05
  188 187.5 0.060834 2.64036e-05
  189 188.5 0.06025 2.61502e-05
  190 189.5 0.059448 2.58021e-05
  191 190.5 0.060208 2.61319e-05
  192 191.5 0.060432 2.62292e-05
  193 192.5 0.06231 2.70443e-05
  194 193.5 0.061534 2.67075e-05
  195 194.5 0.061354 2.66293e-05
  196 195.5 0.061412 2.66545e-05
  197 196.5 0.06158 2.67274e-05
  198 197.5 0.062416 2.70903e-05
  199 198.5 0.063432 2.75313e-05
  200 199.5 0.062566 2.71554e-05
  201 200.5 0.060346 2.61918e-05
  202 201.5 0.060286 2.61658e-05
  203 202.5 0.061552 2.67153e-05
  204 203.5 0.063324 2.74844e-05
  205 204.5 0.063416 2.75243e-05
  206 205.5 0.064384 2.79444e-05
  207 206.5 0.063804 2.76927e-05
  208 207.5 0.063176 2.74201e-05
  209 208.5 0.06139 2.6645e-05
  210 209.5 0.061912 2.68715e-05
  211 210.5 0.06405 2.77995e-05
  212 211.5 0.06176 2.68056e-05
  213 212.5 0.062792 2.72535e-05
  214 213.5 0.062526 2.7138e-05
  215 214.5 0.061834 2.68377e-05
  216 215.5 0.06396 2.77604e-05
  217 216.5 0.062998 2.73429e-05
  218 217.5 0.062778 2.72474e-05
  219 218.5 0.062214 2.70026e-05
  220 219.5 0.063336 2.74896e-05
  221 220.5 0.06318 2.74219e-05
  222 221.5 0.064336 2.79236e-05
  223 222.5 0.065056 2.82361e-05
  224 223.5 0.068112 2.95625e-05
  225 224.5 0.074824 3.24757e-05
  226 225.5 0.085854 3.7263e-05
  227 226.5 0.105128 4.56285e-05
  228 227.5 0.153014 6.64123e-05
  229 228.5 0.271442 0.000117813
  230 229.5 0.546008 0.000236983
  231 230.5 1.14426 0.000496641
  232 231.5 2.29535 0.000996247
  233 232.5 4.1865 0.00181706
  234 233.5 6.65792 0.00288972
  235 234.5 9.19383 0.00399038
  236 235.5 10.9963 0.00477269
  237 236.5 11.6124 0.00504009
  238 237.5 11.0722 0.00480564
  239 238.5 9.91008 0.00430125
  240 239.5 8.55962 0.00371511
  241 240.5 7.23457 0.00314
  242 241.5 6.07483 0.00263664
  243 242.5 5.15095 0.00223565
  244 243.5 4.45979 0.00193567
  245 244.5 3.9321 0.00170664
  246 245.5 3.52511 0.00152999
  247 246.5 3.22796 0.00140102
  248 247.5 3.01852 0.00131012
  249 248.5 2.88184 0.0012508
  250 249.5 2.80327 0.0012167
  251 250.5 2.7524 0.00119462
  252 251.5 2.703 0.00117318
  253 252.5 2.71054 0.00117645
  254 253.5 2.70465 0.00117389
  255 254.5 2.66464 0.00115653
  256 255.5 2.67657 0.0011617
  257 256.5 2.6772 0.00116198
  258 257.5 2.69621 0.00117023
  259 258.5 2.69797 0.00117099
  260 259.5 2.70083 0.00117224
  261 260.5 2.69709 0.00117061
  262 261.5 2.69417 0.00116935
  263 262.5 2.68061 0.00116346
  264 263.5 2.66117 0.00115502
  265 264.5 2.6505 0.00115039
  266 265.5 2.63165 0.00114221
  267 266.5 2.62668 0.00114005
  268 267.5 2.64315 0.0011472
  269 268.5 2.64171 0.00114658
  270 269.5 2.63462 0.0011435
  271 270.5 2.67208 0.00115976
  272 271.5 2.67448 0.0011608
  273 272.5 2.68418 0.00116501
  274 273.5 2.71269 0.00117738
  275 274.5 2.72633 0.0011833
  276 275.5 2.71931 0.00118025
  277 276.5 2.71115 0.00117672
  278 277.5 2.70294 0.00117315
  279 278.5 2.67137 0.00115945
  280 279.5 2.6557 0.00115265
  281 280.5 2.62614 0.00113982
  282 281.5 2.61043 0.001133
  283 282.5 2.57987 0.00111974
  284 283.5 2.57804 0.00111894
  285 284.5 2.58412 0.00112158
  286 285.5 2.5851 0.00112201
  287 286.5 2.59876 0.00112793
  288 287.5 2.6362 0.00114418
  289 288.5 2.65812 0.0011537
  290 289.5 2.66361 0.00115608
  291 290.5 2.66458 0.0011565
  292 291.5 2.66964 0.0011587
  293 292.5 2.68481 0.00116528
  294 293.5 2.7042 0.0011737
  295 294.5 2.73242 0.00118594
  296 295.5 2.73537 0.00118723
  297 296.5 2.72831 0.00118416
  298 297.5 2.74894 0.00119312
  299 298.5 2.7518 0.00119436
  300 299.5 2.75632 0.00119632
  301 300.5 2.77239 0.00120329
  302 301.5 2.76143 0.00119854
  303 302.5 2.75881 0.0011974
  304 303.5 2.78314 0.00120796
  305 304.5 2.75304 0.0011949
  306 305.5 2.72548 0.00118294
  307 306.5 2.7245 0.00118251
  308 307.5 2.69266 0.00116869
  309 308.5 2.67567 0.00116131
  310 309.5 2.68487 0.00116531
  311 310.5 2.68023 0.0011633
  312 311.5 2.66856 0.00115823
  313 312.5 2.63006 0.00114152
  314 313.5 2.62398 0.00113888
  315 314.5 2.60805 0.00113197
  316 315.5 2.60584 0.00113101
  317 316.5 2.62123 0.00113769
  318 317.5 2.6395 0.00114561
  319 318.5 2.6135 0.00113433
  320 319.5 2.60448 0.00113042
  321 320.5 2.59722 0.00112726
  322 321.5 2.58293 0.00112107
  323 322.5 2.56 0.00111111
  324 323.5 2.53113 0.00109858
  325 324.5 2.5283 0.00109735
  326 325.5 2.52453 0.00109571
  327 326.5 2.51207 0.00109031
  328 327.5 2.50541 0.00108742
  329 328.5 2.50812 0.00108859
  330 329.5 2.49918 0.00108472
  331 330.5 2.48962 0.00108057
  332 331.5 2.48495 0.00107854
  333 332.5 2.46751 0.00107097
  334 333.5 2.46596 0.0010703
  335 334.5 2.48153 0.00107705
  336 335.5 2.48571 0.00107887
  337 336.5 2.47654 0.00107489
  338 337.5 2.50346 0.00108657
  339 338.5 2.54046 0.00110263
  340 339.5 2.5511 0.00110725
  341 340.5 2.54272 0.00110361
  342 341.5 2.58666 0.00112268
  343 342.5 2.58788 0.00112321
  344 343.5 2.59037 0.00112429
  345 344.5 2.59748 0.00112738
  346 345.5 2.58328 0.00112122
  347 346.5 2.57226 0.00111643
  348 347.5 2.56997 0.00111544
  349 348.5 2.56756 0.00111439
  350 349.5 2.55446 0.0011087
  351 350.5 2.51233 0.00109042
  352 351.5 2.46124 0.00106825
  353 352.5 2.44247 0.0010601
  354 353.5 2.43916 0.00105866
  355 354.5 2.4149 0.00104813
  356 355.5 2.3608 0.00102465
  357 356.5 2.34114 0.00101612
  358 357.5 2.34714 0.00101872
  359 358.5 2.33402 0.00101303
  360 359.5 2.34976 0.00101986
  361 360.5 2.34529 0.00101792
  362 361.5 2.32904 0.00101087
  363 362.5 2.3452 0.00101788
  364 363.5 2.39987 0.00104161
  365 364.5 2.39565 0.00103978
  366 365.5 2.411 0.00104644
  367 366.5 2.43587 0.00105724
  368 367.5 2.47496 0.0010742
  369 368.5 2.5177 0.00109275
  370 369.5 2.54911 0.00110638
  371 370.5 2.54536 0.00110476
  372 371.5 2.5211 0.00109423
  373 372.5 2.50916 0.00108905
  374 373.5 2.53014 0.00109815
  375 374.5 2.56616 0.00111378
  376 375.5 2.58914 0.00112376
  377 376.5 2.56953 0.00111525
  378 377.5 2.59008 0.00112417
  379 378.5 2.58937 0.00112386
  380 379.5 2.62487 0.00113927
  381 380.5 2.66446 0.00115645
  382 381.5 2.71838 0.00117985
  383 382.5 2.78905 0.00121052
  384 383.5 2.89033 0.00125448
  385 384.5 3.03345 0.0013166
  386 385.5 3.21862 0.00139697
  387 386.5 3.50667 0.00152199
  388 387.5 3.90294 0.00169398
  389 388.5 4.4392 0.00192674
  390 389.5 5.2415 0.00227496
  391 390.5 6.2924 0.00273107
  392 391.5 7.67748 0.00333224
  393 392.5 9.47513 0.00411247
  394 393.5 11.5998 0.00503465
  395 394.5 14.0746 0.00610877
  396 395.5 16.8198 0.00730026
  397 396.5 19.6448 0.00852638
  398 397.5 22.3235 0.009689
  399 398.5 24.8878 0.010802
  400 399.5 27.1373 0.0117783
  401 400.5 28.9919 0.0125833
  402 401.5 30.5703 0.0132683
  403 402.5 31.7031 0.01376
  404 403.5 32.6039 0.014151
  405 404.5 33.2676 0.014439
  406 405.5 33.7396 0.0146439
  407 406.5 34.0864 0.0147944
  408 407.5 34.3388 0.014904
  409 408.5 34.4732 0.0149623
  410 409.5 34.6584 0.0150427
  411 410.5 34.7581 0.015086
  412 411.5 34.7593 0.0150865
  413 412.5 34.8311 0.0151177
  414 413.5 34.8758 0.0151371
  415 414.5 34.8547 0.0151279
  416 415.5 34.855 0.015128
  417 416.5 34.8911 0.0151437
  418 417.5 34.8569 0.0151289
  419 418.5 34.8312 0.0151177
  420 419.5 34.8324 0.0151182
  421 420.5 34.8357 0.0151196
  422 421.5 34.8887 0.0151427
  423 422.5 34.8844 0.0151408
  424 423.5 34.8888 0.0151427
  425 424.5 34.9488 0.0151688
  426 425.5 34.9256 0.0151587
  427 426.5 34.9107 0.0151522
  428 427.5 34.9899 0.0151866
  429 428.5 34.9894 0.0151864
  430 429.5 35.0118 0.0151961
  431 430.5 35.0692 0.015221
  432 431.5 35.0354 0.0152063
  433 432.5 35.0523 0.0152137
  434 433.5 35.0752 0.0152236
  435 434.5 35.0971 0.0152331
  436 435.5 35.086 0.0152283
  437 436.5 35.0685 0.0152207
  438 437.5 35.087 0.0152287
  439 438.5 35.0303 0.0152041
  440 439.5 35.0726 0.0152225
  441 440.5 35.0294 0.0152038
  442 441.5 35.0057 0.0151934
  443 442.5 35.0169 0.0151983
  444 443.5 34.9989 0.0151905
  445 444.5 34.9518 0.01517
  446 445.5 35.0351 0.0152062
  447 446.5 35.0127 0.0151965
  448 447.5 35.0008 0.0151913
  449 448.5 34.9918 0.0151874
  450 449.5 35.0461 0.015211
  451 450.5 34.9965 0.0151894
  452 451.5 35.0137 0.0151969
  453 452.5 35.059 0.0152166
  454 453.5 34.9999 0.0151909
  455 454.5 35.0025 0.0151921
  456 455.5 35.0229 0.0152009
  457 456.5 35.1015 0.015235
  458 457.5 35.0094 0.0151951
  459 458.5 34.9947 0.0151887
  460 459.5 35.0915 0.0152307
  461 460.5 35.0154 0.0151977
  462 461.5 34.9555 0.0151717
  463 462.5 34.9872 0.0151854
  464 463.5 35.0011 0.0151914
  465 464.5 34.9265 0.0151591
  466 465.5 34.9862 0.015185
  467 466.5 35.013 0.0151966
  468 467.5 34.9738 0.0151796
  469 468.5 34.9546 0.0151713
  470 469.5 34.9838 0.0151839
  471 470.5 34.9906 0.0151869
  472 471.5 34.9124 0.0151529
  473 472.5 34.9782 0.0151815
  474 473.5 34.924 0.015158
  475 474.5 34.8977 0.0151466
  476 475.5 34.9401 0.015165
  477 476.5 34.9497 0.0151691
  478 477.5 34.9008 0.0151479
  479 478.5 34.9464 0.0151677
  480 479.5 34.8916 0.0151439
