# Chunk-averaged data for fix tensor2 and group c1
# Timestep Number-of-chunks Total-count
# Chunk Coord1 Ncount density/number
20000000 480 5037.0000000000055
  1 0.5 3.15771 0.00137053
  2 1.5 3.1596 0.00137135
  3 2.5 3.15762 0.0013705
  4 3.5 3.15866 0.00137095
  5 4.5 3.15007 0.00136722
  6 5.5 3.14848 0.00136653
  7 6.5 3.14625 0.00136556
  8 7.5 3.14796 0.0013663
  9 8.5 3.15576 0.00136969
  10 9.5 3.14776 0.00136622
  11 10.5 3.14513 0.00136507
  12 11.5 3.12621 0.00135686
  13 12.5 3.13636 0.00136127
  14 13.5 3.13685 0.00136148
  15 14.5 3.13319 0.00135989
  16 15.5 3.14444 0.00136477
  17 16.5 3.15682 0.00137015
  18 17.5 3.14016 0.00136292
  19 18.5 3.14379 0.00136449
  20 19.5 3.14446 0.00136478
  21 20.5 3.14146 0.00136348
  22 21.5 3.13328 0.00135993
  23 22.5 3.13994 0.00136282
  24 23.5 3.13607 0.00136114
  25 24.5 3.13702 0.00136155
  26 25.5 3.13801 0.00136198
  27 26.5 3.12636 0.00135693
  28 27.5 3.12816 0.00135771
  29 28.5 3.12333 0.00135561
  30 29.5 3.13421 0.00136034
  31 30.5 3.1158 0.00135234
  32 31.5 3.11732 0.001353
  33 32.5 3.11745 0.00135306
  34 33.5 3.1236 0.00135573
  35 34.5 3.12896 0.00135806
  36 35.5 3.13545 0.00136087
  37 36.5 3.14851 0.00136654
  38 37.5 3.15802 0.00137067
  39 38.5 3.17094 0.00137627
  40 39.5 3.18164 0.00138092
  41 40.5 3.18596 0.0013828
  42 41.5 3.21713 0.00139632
  43 42.5 3.25297 0.00141188
  44 43.5 3.28683 0.00142658
  45 44.5 3.33587 0.00144786
  46 45.5 3.40312 0.00147705
  47 46.5 3.48537 0.00151275
  48 47.5 3.5779 0.00155291
  49 48.5 3.71045 0.00161044
  50 49.5 3.86056 0.00167559
  51 50.5 4.0316 0.00174982
  52 51.5 4.24853 0.00184398
  53 52.5 4.49587 0.00195133
  54 53.5 4.78824 0.00207823
  55 54.5 5.10803 0.00221703
  56 55.5 5.47278 0.00237534
  57 56.5 5.85995 0.00254338
  58 57.5 6.27201 0.00272223
  59 58.5 6.6887 0.00290308
  60 59.5 7.18174 0.00311707
  61 60.5 7.63899 0.00331554
  62 61.5 8.11027 0.00352008
  63 62.5 8.58932 0.003728
  64 63.5 9.08053 0.0039412
  65 64.5 9.57271 0.00415482
  66 65.5 10.0379 0.00435671
  67 66.5 10.5471 0.00457772
  68 67.5 11.082 0.00480988
  69 68.5 11.5915 0.00503101
  70 69.5 12.1154 0.00525844
  71 70.5 12.7011 0.00551262
  72 71.5 13.3274 0.00578445
  73 72.5 13.9789 0.00606721
  74 73.5 14.6354 0.00635216
  75 74.5 15.3522 0.00666329
  76 75.5 16.1362 0.00700354
  77 76.5 16.9415 0.00735306
  78 77.5 17.6967 0.00768086
  79 78.5 18.5321 0.00804344
  80 79.5 19.3602 0.00840288
  81 80.5 20.1802 0.00875875
  82 81.5 20.9615 0.00909788
  83 82.5 21.7066 0.00942127
  84 83.5 22.3938 0.00971955
  85 84.5 23.057 0.0100074
  86 85.5 23.6249 0.0102538
  87 86.5 24.1845 0.0104967
  88 87.5 24.6608 0.0107035
  89 88.5 25.0581 0.0108759
  90 89.5 25.3896 0.0110198
  91 90.5 25.7457 0.0111744
  92 91.5 25.9854 0.0112784
  93 92.5 26.2094 0.0113756
  94 93.5 26.4146 0.0114647
  95 94.5 26.5783 0.0115357
  96 95.5 26.7118 0.0115937
  97 96.5 26.7851 0.0116255
  98 97.5 26.9106 0.01168
  99 98.5 26.9539 0.0116987
  100 99.5 27.0403 0.0117363
  101 100.5 27.0575 0.0117437
  102 101.5 27.1094 0.0117662
  103 102.5 27.1264 0.0117736
  104 103.5 27.1465 0.0117823
  105 104.5 27.1819 0.0117977
  106 105.5 27.1876 0.0118002
  107 106.5 27.1652 0.0117905
  108 107.5 27.1843 0.0117987
  109 108.5 27.1663 0.0117909
  110 109.5 27.1672 0.0117913
  111 110.5 27.191 0.0118017
  112 111.5 27.1678 0.0117916
  113 112.5 27.1866 0.0117997
  114 113.5 27.1966 0.0118041
  115 114.5 27.1916 0.0118019
  116 115.5 27.1621 0.0117891
  117 116.5 27.1852 0.0117991
  118 117.5 27.1619 0.011789
  119 118.5 27.1609 0.0117886
  120 119.5 27.1891 0.0118008
  121 120.5 27.1715 0.0117932
  122 121.5 27.1619 0.011789
  123 122.5 27.178 0.011796
  124 123.5 27.1453 0.0117818
  125 124.5 27.1337 0.0117768
  126 125.5 27.1509 0.0117842
  127 126.5 27.1883 0.0118005
  128 127.5 27.1267 0.0117738
  129 128.5 27.1179 0.0117699
  130 129.5 27.1669 0.0117912
  131 130.5 27.1373 0.0117783
  132 131.5 27.1323 0.0117762
  133 132.5 27.1141 0.0117683
  134 133.5 27.117 0.0117695
  135 134.5 27.1 0.0117621
  136 135.5 27.0923 0.0117588
  137 136.5 27.0837 0.0117551
  138 137.5 27.1028 0.0117634
  139 138.5 27.0845 0.0117554
  140 139.5 27.1052 0.0117644
  141 140.5 27.0962 0.0117605
  142 141.5 27.1107 0.0117668
  143 142.5 27.077 0.0117522
  144 143.5 27.0894 0.0117575
  145 144.5 27.0987 0.0117616
  146 145.5 27.1163 0.0117692
  147 146.5 27.1238 0.0117725
  148 147.5 27.136 0.0117778
  149 148.5 27.1255 0.0117732
  150 149.5 27.1399 0.0117795
  151 150.5 27.1392 0.0117792
  152 151.5 27.1352 0.0117774
  153 152.5 27.1502 0.0117839
  154 153.5 27.1663 0.0117909
  155 154.5 27.1588 0.0117877
  156 155.5 27.1664 0.011791
  157 156.5 27.1968 0.0118042
  158 157.5 27.2113 0.0118104
  159 158.5 27.2277 0.0118176
  160 159.5 27.273 0.0118372
  161 160.5 27.2993 0.0118487
  162 161.5 27.3367 0.0118649
  163 162.5 27.365 0.0118772
  164 163.5 27.4404 0.0119099
  165 164.5 27.529 0.0119483
  166 165.5 27.6311 0.0119927
  167 166.5 27.6957 0.0120207
  168 167.5 27.8851 0.0121029
  169 168.5 28.0666 0.0121817
  170 169.5 28.2747 0.012272
  171 170.5 28.5052 0.012372
  172 171.5 28.8655 0.0125284
  173 172.5 29.2389 0.0126905
  174 173.5 29.7267 0.0129022
  175 174.5 30.1519 0.0130868
  176 175.5 30.3622 0.013178
  177 176.5 30.0993 0.0130639
  178 177.5 29.2346 0.0126886
  179 178.5 27.6221 0.0119888
  180 179.5 25.7006 0.0111548
  181 180.5 23.8146 0.0103362
  182 181.5 21.5409 0.00934934
  183 182.5 18.7276 0.00812831
  184 183.5 15.7649 0.00684239
  185 184.5 11.5998 0.00503463
  186 185.5 7.30883 0.00317223
  187 186.5 4.47372 0.00194172
  188 187.5 2.37681 0.0010316
  189 188.5 1.82298 0.000791223
  190 189.5 1.66343 0.000721976
  191 190.5 1.27582 0.00055374
  192 191.5 0.916368 0.000397729
  193 192.5 1.34262 0.000582736
  194 193.5 1.13887 0.000494301
  195 194.5 0.854144 0.000370722
  196 195.5 0.56137 0.00024365
  197 196.5 0.348716 0.000151352
  198 197.5 0.626096 0.000271743
  199 198.5 1.02915 0.000446678
  200 199.5 0.82356 0.000357448
  201 200.5 0.482464 0.000209403
  202 201.5 0.597326 0.000259256
  203 202.5 0.313976 0.000136274
  204 203.5 0.4032 0.000175
  205 204.5 0.541584 0.000235063
  206 205.5 0.792816 0.000344104
  207 206.5 1.01526 0.000440653
  208 207.5 1.14657 0.000497645
  209 208.5 0.797458 0.000346119
  210 209.5 0.755196 0.000327776
  211 210.5 0.80552 0.000349618
  212 211.5 0.675434 0.000293157
  213 212.5 0.765918 0.00033243
  214 213.5 0.956998 0.000415364
  215 214.5 1.01091 0.000438761
  216 215.5 1.33783 0.000580656
  217 216.5 1.18635 0.00051491
  218 217.5 0.713386 0.000309629
  219 218.5 0.456084 0.000197953
  220 219.5 0.57603 0.000250013
  221 220.5 1.10783 0.000480828
  222 221.5 1.19345 0.000517991
  223 222.5 1.05015 0.000455793
  224 223.5 0.488784 0.000212146
  225 224.5 0.587806 0.000255124
  226 225.5 0.727088 0.000315576
  227 226.5 0.946812 0.000410943
  228 227.5 0.950144 0.000412389
  229 228.5 0.995784 0.000432198
  230 229.5 0.89401 0.000388025
  231 230.5 0.79965 0.00034707
  232 231.5 0.971174 0.000421516
  233 232.5 0.808406 0.000350871
  234 233.5 1.0142 0.000440191
  235 234.5 1.03553 0.000449448
  236 235.5 0.893068 0.000387616
  237 236.5 0.72284 0.000313733
  238 237.5 0.99037 0.000429848
  239 238.5 1.26229 0.00054787
  240 239.5 1.41206 0.000612872
  241 240.5 1.02286 0.00044395
  242 241.5 1.08701 0.000471791
  243 242.5 0.951924 0.000413161
  244 243.5 1.24038 0.000538358
  245 244.5 1.01812 0.000441894
  246 245.5 0.793878 0.000344565
  247 246.5 0.656386 0.00028489
  248 247.5 0.551914 0.000239546
  249 248.5 0.716722 0.000311077
  250 249.5 0.856036 0.000371543
  251 250.5 0.856478 0.000371735
  252 251.5 0.604518 0.000262378
  253 252.5 0.338818 0.000147056
  254 253.5 0.362626 0.00015739
  255 254.5 0.268278 0.00011644
  256 255.5 0.280478 0.000121735
  257 256.5 0.395246 0.000171548
  258 257.5 0.752512 0.000326611
  259 258.5 0.938952 0.000407531
  260 259.5 1.13805 0.000493947
  261 260.5 0.953978 0.000414053
  262 261.5 1.11799 0.000485239
  263 262.5 1.22835 0.000533138
  264 263.5 1.31034 0.000568722
  265 264.5 1.23107 0.00053432
  266 265.5 0.887858 0.000385355
  267 266.5 0.669638 0.000290641
  268 267.5 0.601986 0.000261279
  269 268.5 0.451822 0.000196103
  270 269.5 0.420832 0.000182653
  271 270.5 0.310874 0.000134928
  272 271.5 0.22309 9.68273e-05
  273 272.5 0.146152 6.3434e-05
  274 273.5 0.364956 0.000158401
  275 274.5 0.457406 0.000198527
  276 275.5 0.66565 0.000288911
  277 276.5 0.61511 0.000266975
  278 277.5 0.809318 0.000351266
  279 278.5 0.79432 0.000344757
  280 279.5 0.882106 0.000382859
  281 280.5 0.789452 0.000342644
  282 281.5 0.956906 0.000415324
  283 282.5 0.947712 0.000411333
  284 283.5 1.0273 0.000445875
  285 284.5 0.897234 0.000389424
  286 285.5 0.627434 0.000272324
  287 286.5 0.300874 0.000130588
  288 287.5 0.435744 0.000189125
  289 288.5 0.70476 0.000305885
  290 289.5 0.697734 0.000302836
  291 290.5 0.44953 0.000195109
  292 291.5 0.251308 0.000109075
  293 292.5 0.301064 0.00013067
  294 293.5 0.619886 0.000269048
  295 294.5 0.868042 0.000376754
  296 295.5 0.834804 0.000362328
  297 296.5 0.433576 0.000188184
  298 297.5 0.476416 0.000206778
  299 298.5 0.317436 0.000137776
  300 299.5 0.43594 0.00018921
  301 300.5 0.25867 0.00011227
  302 301.5 0.337714 0.000146577
  303 302.5 0.561032 0.000243503
  304 303.5 0.767984 0.000333326
  305 304.5 0.539978 0.000234365
  306 305.5 0.614572 0.000266741
  307 306.5 0.65654 0.000284957
  308 307.5 0.490102 0.000212718
  309 308.5 0.735454 0.000319207
  310 309.5 0.95027 0.000412444
  311 310.5 1.01235 0.000439388
  312 311.5 0.991866 0.000430497
  313 312.5 1.06876 0.000463872
  314 313.5 0.896342 0.000389037
  315 314.5 1.05473 0.00045778
  316 315.5 0.903858 0.000392299
  317 316.5 0.914004 0.000396703
  318 317.5 0.961506 0.00041732
  319 318.5 1.13351 0.000491974
  320 319.5 1.29864 0.000563648
  321 320.5 1.32415 0.00057472
  322 321.5 1.71017 0.000742262
  323 322.5 2.10274 0.000912649
  324 323.5 3.57787 0.00155289
  325 324.5 5.38564 0.00233752
  326 325.5 7.95026 0.00345063
  327 326.5 10.9716 0.00476198
  328 327.5 14.1624 0.00614686
  329 328.5 16.3616 0.00710139
  330 329.5 19.0872 0.00828437
  331 330.5 22.953 0.00996223
  332 331.5 26.387 0.0114527
  333 332.5 29.1352 0.0126455
  334 333.5 30.4044 0.0131964
  335 334.5 30.8351 0.0133833
  336 335.5 30.6367 0.0132972
  337 336.5 30.1288 0.0130767
  338 337.5 29.677 0.0128807
  339 338.5 29.2193 0.012682
  340 339.5 28.8074 0.0125032
  341 340.5 28.4539 0.0123498
  342 341.5 28.2064 0.0122424
  343 342.5 27.9419 0.0121276
  344 343.5 27.7794 0.0120571
  345 344.5 27.6063 0.0119819
  346 345.5 27.4483 0.0119133
  347 346.5 27.2911 0.0118451
  348 347.5 27.1921 0.0118021
  349 348.5 27.0228 0.0117286
  350 349.5 26.9133 0.0116811
  351 350.5 26.7411 0.0116064
  352 351.5 26.5921 0.0115417
  353 352.5 26.3888 0.0114535
  354 353.5 26.1818 0.0113636
  355 354.5 25.9465 0.0112615
  356 355.5 25.6505 0.011133
  357 356.5 25.377 0.0110143
  358 357.5 25.0284 0.010863
  359 358.5 24.6501 0.0106988
  360 359.5 24.2729 0.0105351
  361 360.5 23.8473 0.0103504
  362 361.5 23.3827 0.0101487
  363 362.5 22.9285 0.00995161
  364 363.5 22.4836 0.00975853
  365 364.5 21.9796 0.00953974
  366 365.5 21.5099 0.0093359
  367 366.5 20.9719 0.00910238
  368 367.5 20.4512 0.0088764
  369 368.5 20.0047 0.0086826
  370 369.5 19.4909 0.0084596
  371 370.5 18.9497 0.00822468
  372 371.5 18.4221 0.00799572
  373 372.5 17.9035 0.00777063
  374 373.5 17.3623 0.00753571
  375 374.5 16.723 0.00725826
  376 375.5 16.1158 0.00699472
  377 376.5 15.4509 0.0067061
  378 377.5 14.7367 0.00639613
  379 378.5 13.9796 0.00606753
  380 379.5 13.2036 0.00573073
  381 380.5 12.379 0.00537282
  382 381.5 11.5501 0.00501307
  383 382.5 10.7204 0.00465293
  384 383.5 9.91978 0.00430546
  385 384.5 9.12979 0.00396258
  386 385.5 8.36511 0.00363069
  387 386.5 7.66938 0.00332873
  388 387.5 7.00537 0.00304053
  389 388.5 6.42018 0.00278654
  390 389.5 5.90965 0.00256495
  391 390.5 5.43674 0.0023597
  392 391.5 5.03219 0.00218411
  393 392.5 4.6753 0.00202921
  394 393.5 4.38171 0.00190178
  395 394.5 4.12315 0.00178956
  396 395.5 3.92668 0.00170429
  397 396.5 3.76385 0.00163361
  398 397.5 3.62362 0.00157275
  399 398.5 3.49983 0.00151902
  400 399.5 3.39615 0.00147402
  401 400.5 3.33345 0.00144681
  402 401.5 3.28273 0.0014248
  403 402.5 3.24518 0.0014085
  404 403.5 3.1953 0.00138685
  405 404.5 3.16286 0.00137277
  406 405.5 3.13705 0.00136157
  407 406.5 3.12149 0.00135481
  408 407.5 3.1168 0.00135278
  409 408.5 3.10387 0.00134717
  410 409.5 3.09931 0.00134519
  411 410.5 3.08864 0.00134056
  412 411.5 3.08519 0.00133906
  413 412.5 3.08894 0.00134068
  414 413.5 3.10032 0.00134563
  415 414.5 3.08523 0.00133908
  416 415.5 3.09045 0.00134134
  417 416.5 3.09702 0.00134419
  418 417.5 3.09963 0.00134533
  419 418.5 3.08979 0.00134105
  420 419.5 3.08753 0.00134007
  421 420.5 3.08293 0.00133808
  422 421.5 3.09535 0.00134347
  423 422.5 3.08934 0.00134086
  424 423.5 3.08236 0.00133783
  425 424.5 3.08114 0.0013373
  426 425.5 3.08036 0.00133696
  427 426.5 3.07596 0.00133505
  428 427.5 3.07303 0.00133378
  429 428.5 3.06734 0.00133131
  430 429.5 3.07501 0.00133464
  431 430.5 3.07715 0.00133557
  432 431.5 3.07249 0.00133355
  433 432.5 3.07758 0.00133576
  434 433.5 3.09783 0.00134454
  435 434.5 3.10505 0.00134768
  436 435.5 3.09656 0.00134399
  437 436.5 3.0939 0.00134284
  438 437.5 3.09581 0.00134367
  439 438.5 3.09811 0.00134467
  440 439.5 3.10581 0.00134801
  441 440.5 3.1136 0.00135139
  442 441.5 3.11933 0.00135388
  443 442.5 3.1196 0.00135399
  444 443.5 3.12794 0.00135761
  445 444.5 3.1383 0.00136211
  446 445.5 3.14046 0.00136305
  447 446.5 3.16055 0.00137177
  448 447.5 3.14953 0.00136698
  449 448.5 3.15207 0.00136809
  450 449.5 3.1538 0.00136884
  451 450.5 3.15243 0.00136824
  452 451.5 3.14897 0.00136674
  453 452.5 3.13786 0.00136192
  454 453.5 3.14868 0.00136661
  455 454.5 3.15614 0.00136985
  456 455.5 3.14604 0.00136547
  457 456.5 3.14657 0.0013657
  458 457.5 3.14495 0.00136499
  459 458.5 3.14428 0.0013647
  460 459.5 3.13795 0.00136196
  461 460.5 3.1509 0.00136758
  462 461.5 3.15057 0.00136743
  463 462.5 3.14872 0.00136663
  464 463.5 3.15606 0.00136982
  465 464.5 3.15915 0.00137116
  466 465.5 3.16431 0.0013734
  467 466.5 3.17076 0.0013762
  468 467.5 3.17218 0.00137681
  469 468.5 3.17004 0.00137588
  470 469.5 3.16032 0.00137167
  471 470.5 3.15534 0.00136951
  472 471.5 3.14884 0.00136668
  473 472.5 3.14551 0.00136524
  474 473.5 3.1547 0.00136923
  475 474.5 3.14301 0.00136415
  476 475.5 3.14953 0.00136698
  477 476.5 3.16031 0.00137166
  478 477.5 3.15876 0.00137099
  479 478.5 3.15409 0.00136896
  480 479.5 3.1589 0.00137105
30000000 480 5037.000000000007
  1 0.5 3.0867 0.00133971
  2 1.5 3.07298 0.00133376
  3 2.5 3.06002 0.00132813
  4 3.5 3.07344 0.00133396
  5 4.5 3.07205 0.00133336
  6 5.5 3.0735 0.00133399
  7 6.5 3.06646 0.00133093
  8 7.5 3.07907 0.0013364
  9 8.5 3.07444 0.00133439
  10 9.5 3.07403 0.00133422
  11 10.5 3.09071 0.00134145
  12 11.5 3.09427 0.001343
  13 12.5 3.09929 0.00134518
  14 13.5 3.11106 0.00135029
  15 14.5 3.1278 0.00135755
  16 15.5 3.12032 0.00135431
  17 16.5 3.11232 0.00135083
  18 17.5 3.11886 0.00135367
  19 18.5 3.12348 0.00135568
  20 19.5 3.12476 0.00135623
  21 20.5 3.11771 0.00135317
  22 21.5 3.11642 0.00135261
  23 22.5 3.11445 0.00135176
  24 23.5 3.11341 0.00135131
  25 24.5 3.11927 0.00135385
  26 25.5 3.12632 0.00135691
  27 26.5 3.11756 0.00135311
  28 27.5 3.12093 0.00135457
  29 28.5 3.12564 0.00135661
  30 29.5 3.13432 0.00136038
  31 30.5 3.15254 0.00136829
  32 31.5 3.14847 0.00136652
  33 32.5 3.14151 0.0013635
  34 33.5 3.15001 0.00136719
  35 34.5 3.1507 0.00136749
  36 35.5 3.13952 0.00136264
  37 36.5 3.13513 0.00136074
  38 37.5 3.13364 0.00136009
  39 38.5 3.12675 0.00135709
  40 39.5 3.12165 0.00135488
  41 40.5 3.1179 0.00135326
  42 41.5 3.12426 0.00135602
  43 42.5 3.11168 0.00135055
  44 43.5 3.0987 0.00134492
  45 44.5 3.1113 0.00135039
  46 45.5 3.11488 0.00135194
  47 46.5 3.10711 0.00134857
  48 47.5 3.11024 0.00134993
  49 48.5 3.11753 0.0013531
  50 49.5 3.12366 0.00135575
  51 50.5 3.12798 0.00135763
  52 51.5 3.12953 0.0013583
  53 52.5 3.12972 0.00135838
  54 53.5 3.14117 0.00136335
  55 54.5 3.14898 0.00136674
  56 55.5 3.15933 0.00137124
  57 56.5 3.17203 0.00137675
  58 57.5 3.18966 0.0013844
  59 58.5 3.22064 0.00139785
  60 59.5 3.24021 0.00140634
  61 60.5 3.27585 0.00142181
  62 61.5 3.33446 0.00144725
  63 62.5 3.38065 0.0014673
  64 63.5 3.47743 0.0015093
  65 64.5 3.5946 0.00156016
  66 65.5 3.72565 0.00161704
  67 66.5 3.89024 0.00168847
  68 67.5 4.1052 0.00178177
  69 68.5 4.34675 0.00188661
  70 69.5 4.65923 0.00202224
  71 70.5 5.01908 0.00217842
  72 71.5 5.43898 0.00236067
  73 72.5 5.92967 0.00257364
  74 73.5 6.48517 0.00281475
  75 74.5 7.1172 0.00308906
  76 75.5 7.79288 0.00338232
  77 76.5 8.50897 0.00369313
  78 77.5 9.30207 0.00403736
  79 78.5 10.1227 0.00439354
  80 79.5 10.9711 0.00476174
  81 80.5 11.8212 0.00513073
  82 81.5 12.6857 0.00550594
  83 82.5 13.5693 0.00588946
  84 83.5 14.4451 0.00626959
  85 84.5 15.2998 0.00664054
  86 85.5 16.1915 0.00702757
  87 86.5 17.0626 0.00740564
  88 87.5 17.9214 0.0077784
  89 88.5 18.7641 0.00814412
  90 89.5 19.5932 0.00850398
  91 90.5 20.3836 0.00884706
  92 91.5 21.1658 0.00918655
  93 92.5 21.9062 0.00950791
  94 93.5 22.6537 0.00983234
  95 94.5 23.2936 0.0101101
  96 95.5 23.8779 0.0103637
  97 96.5 24.4295 0.0106031
  98 97.5 24.9094 0.0108114
  99 98.5 25.2859 0.0109748
  100 99.5 25.6351 0.0111264
  101 100.5 25.9308 0.0112547
  102 101.5 26.1768 0.0113614
  103 102.5 26.3422 0.0114332
  104 103.5 26.5072 0.0115049
  105 104.5 26.7169 0.0115959
  106 105.5 26.7888 0.0116271
  107 106.5 26.8323 0.011646
  108 107.5 26.91 0.0116797
  109 108.5 27.0141 0.0117249
  110 109.5 27.0485 0.0117398
  111 110.5 27.0637 0.0117464
  112 111.5 27.11 0.0117665
  113 112.5 27.1502 0.011784
  114 113.5 27.1241 0.0117726
  115 114.5 27.1535 0.0117854
  116 115.5 27.1911 0.0118017
  117 116.5 27.1919 0.0118021
  118 117.5 27.18 0.0117969
  119 118.5 27.1898 0.0118011
  120 119.5 27.2308 0.0118189
  121 120.5 27.2014 0.0118062
  122 121.5 27.1986 0.0118049
  123 122.5 27.2122 0.0118108
  124 123.5 27.2274 0.0118174
  125 124.5 27.207 0.0118086
  126 125.5 27.2119 0.0118107
  127 126.5 27.2008 0.0118059
  128 127.5 27.2126 0.011811
  129 128.5 27.2347 0.0118206
  130 129.5 27.1963 0.0118039
  131 130.5 27.1878 0.0118003
  132 131.5 27.2173 0.0118131
  133 132.5 27.2378 0.011822
  134 133.5 27.2159 0.0118125
  135 134.5 27.2022 0.0118065
  136 135.5 27.2278 0.0118176
  137 136.5 27.2414 0.0118235
  138 137.5 27.2312 0.0118191
  139 138.5 27.2325 0.0118197
  140 139.5 27.2171 0.011813
  141 140.5 27.2289 0.0118181
  142 141.5 27.2563 0.01183
  143 142.5 27.2201 0.0118143
  144 143.5 27.2101 0.01181
  145 144.5 27.2468 0.0118259
  146 145.5 27.1978 0.0118046
  147 146.5 27.2274 0.0118175
  148 147.5 27.2088 0.0118094
  149 148.5 27.2116 0.0118106
  150 149.5 27.2076 0.0118088
  151 150.5 27.1746 0.0117945
  152 151.5 27.1452 0.0117818
  153 152.5 27.2035 0.0118071
  154 153.5 27.222 0.0118151
  155 154.5 27.1834 0.0117983
  156 155.5 27.1578 0.0117873
  157 156.5 27.231 0.011819
  158 157.5 27.2003 0.0118057
  159 158.5 27.2329 0.0118198
  160 159.5 27.2043 0.0118074
  161 160.5 27.2488 0.0118267
  162 161.5 27.2626 0.0118327
  163 162.5 27.2793 0.01184
  164 163.5 27.2818 0.0118411
  165 164.5 27.3245 0.0118596
  166 165.5 27.3783 0.0118829
  167 166.5 27.4072 0.0118955
  168 167.5 27.4734 0.0119242
  169 168.5 27.5657 0.0119643
  170 169.5 27.6742 0.0120114
  171 170.5 27.7391 0.0120395
  172 171.5 27.9536 0.0121326
  173 172.5 28.152 0.0122188
  174 173.5 28.3563 0.0123074
  175 174.5 28.6725 0.0124447
  176 175.5 29.0784 0.0126208
  177 176.5 29.49 0.0127995
  178 177.5 30.0119 0.013026
  179 178.5 30.5973 0.0132801
  180 179.5 31.0306 0.0134682
  181 180.5 31.103 0.0134996
  182 181.5 30.4628 0.0132217
  183 182.5 28.6444 0.0124325
  184 183.5 25.6272 0.0111229
  185 184.5 21.713 0.00942404
  186 185.5 17.9058 0.00777163
  187 186.5 13.7895 0.00598503
  188 187.5 9.60019 0.00416675
  189 188.5 6.42503 0.00278864
  190 189.5 3.68524 0.0015995
  191 190.5 2.43393 0.00105639
  192 191.5 1.85939 0.000807029
  193 192.5 1.71018 0.000742265
  194 193.5 1.63384 0.000709131
  195 194.5 0.764048 0.000331618
  196 195.5 0.801886 0.000348041
  197 196.5 0.949528 0.000412122
  198 197.5 1.18013 0.000512207
  199 198.5 1.07779 0.00046779
  200 199.5 0.514264 0.000223205
  201 200.5 0.295976 0.000128462
  202 201.5 0.89576 0.000388785
  203 202.5 0.560576 0.000243306
  204 203.5 0.180702 7.84297e-05
  205 204.5 0.35124 0.000152448
  206 205.5 0.663598 0.00028802
  207 206.5 0.765312 0.000332167
  208 207.5 0.732856 0.00031808
  209 208.5 0.894292 0.000388148
  210 209.5 0.69925 0.000303494
  211 210.5 0.953358 0.000413784
  212 211.5 0.743356 0.000322637
  213 212.5 0.6073 0.000263585
  214 213.5 0.897968 0.000389743
  215 214.5 0.815684 0.00035403
  216 215.5 1.04044 0.000451581
  217 216.5 1.21287 0.000526418
  218 217.5 0.741368 0.000321774
  219 218.5 0.812672 0.000352722
  220 219.5 1.10403 0.000479181
  221 220.5 1.23758 0.000537145
  222 221.5 0.840494 0.000364798
  223 222.5 0.671272 0.000291351
  224 223.5 0.582768 0.000252938
  225 224.5 0.988886 0.000429204
  226 225.5 0.96243 0.000417721
  227 226.5 0.61055 0.000264996
  228 227.5 0.606816 0.000263375
  229 228.5 0.689322 0.000299185
  230 229.5 1.10427 0.000479282
  231 230.5 0.98449 0.000427296
  232 231.5 1.1041 0.000479211
  233 232.5 0.87275 0.000378798
  234 233.5 0.911048 0.00039542
  235 234.5 0.940318 0.000408124
  236 235.5 0.569802 0.00024731
  237 236.5 0.59576 0.000258576
  238 237.5 1.04561 0.000453826
  239 238.5 1.12118 0.000486622
  240 239.5 1.02153 0.000443374
  241 240.5 0.842058 0.000365477
  242 241.5 1.47116 0.000638526
  243 242.5 1.51888 0.000659238
  244 243.5 1.13275 0.000491645
  245 244.5 1.11564 0.00048422
  246 245.5 0.598174 0.000259624
  247 246.5 1.05022 0.000455823
  248 247.5 0.792708 0.000344057
  249 248.5 0.855064 0.000371122
  250 249.5 1.04447 0.000453329
  251 250.5 0.954234 0.000414164
  252 251.5 0.823588 0.00035746
  253 252.5 0.761006 0.000330298
  254 253.5 0.722684 0.000313665
  255 254.5 0.504236 0.000218852
  256 255.5 0.14532 6.30729e-05
  257 256.5 0.059064 2.56354e-05
  258 257.5 0.257296 0.000111674
  259 258.5 0.47601 0.000206602
  260 259.5 0.677894 0.000294225
  261 260.5 0.869432 0.000377358
  262 261.5 1.12478 0.000488187
  263 262.5 1.21625 0.000527885
  264 263.5 1.29143 0.000560516
  265 264.5 1.23886 0.000537701
  266 265.5 1.34223 0.000582563
  267 266.5 1.2788 0.000555034
  268 267.5 1.03251 0.000448138
  269 268.5 0.96798 0.00042013
  270 269.5 0.728002 0.000315973
  271 270.5 0.267504 0.000116104
  272 271.5 0.164688 7.14792e-05
  273 272.5 0.022304 9.68056e-06
  274 273.5 0.168564 7.31615e-05
  275 274.5 0.16651 7.227e-05
  276 275.5 0.294678 0.000127898
  277 276.5 0.23123 0.00010036
  278 277.5 0.452306 0.000196313
  279 278.5 0.552238 0.000239687
  280 279.5 0.55276 0.000239913
  281 280.5 0.82343 0.000357391
  282 281.5 0.809222 0.000351225
  283 282.5 1.00943 0.000438122
  284 283.5 1.17933 0.000511862
  285 284.5 1.05865 0.000459484
  286 285.5 0.98671 0.00042826
  287 286.5 0.80054 0.000347457
  288 287.5 0.855678 0.000371388
  289 288.5 0.804138 0.000349018
  290 289.5 0.263456 0.000114347
  291 290.5 0.345736 0.000150059
  292 291.5 0.244908 0.000106297
  293 292.5 0.385572 0.000167349
  294 293.5 0.75374 0.000327144
  295 294.5 0.708734 0.00030761
  296 295.5 0.620978 0.000269522
  297 296.5 0.346272 0.000150292
  298 297.5 0.819546 0.000355706
  299 298.5 0.902904 0.000391885
  300 299.5 0.354872 0.000154024
  301 300.5 0.096138 4.17266e-05
  302 301.5 0.43114 0.000187127
  303 302.5 0.579048 0.000251323
  304 303.5 0.414382 0.000179853
  305 304.5 0.270514 0.000117411
  306 305.5 0.432068 0.00018753
  307 306.5 0.706088 0.000306462
  308 307.5 0.36753 0.000159518
  309 308.5 0.507316 0.000220189
  310 309.5 0.840728 0.000364899
  311 310.5 0.75019 0.000325603
  312 311.5 0.72189 0.00031332
  313 312.5 0.949554 0.000412133
  314 313.5 0.858902 0.000372787
  315 314.5 1.00541 0.000436377
  316 315.5 0.907178 0.00039374
  317 316.5 0.880844 0.000382311
  318 317.5 1.05746 0.000458966
  319 318.5 1.21577 0.000527679
  320 319.5 1.23013 0.000533912
  321 320.5 0.892666 0.000387442
  322 321.5 1.09677 0.000476028
  323 322.5 0.871476 0.000378245
  324 323.5 1.12119 0.000486627
  325 324.5 1.01896 0.000442255
  326 325.5 1.22979 0.000533763
  327 326.5 1.93523 0.000839942
  328 327.5 3.02779 0.00131415
  329 328.5 5.08856 0.00220858
  330 329.5 7.921 0.00343793
  331 330.5 13.2819 0.00576471
  332 331.5 18.3781 0.00797662
  333 332.5 22.3139 0.00968486
  334 333.5 25.4703 0.0110548
  335 334.5 27.7413 0.0120405
  336 335.5 29.8531 0.0129571
  337 336.5 31.0401 0.0134723
  338 337.5 31.1192 0.0135066
  339 338.5 30.6805 0.0133162
  340 339.5 30.0721 0.0130521
  341 340.5 29.6079 0.0128507
  342 341.5 29.2016 0.0126743
  343 342.5 28.7688 0.0124864
  344 343.5 28.4423 0.0123447
  345 344.5 28.2381 0.0122561
  346 345.5 28.0511 0.0121749
  347 346.5 27.8581 0.0120912
  348 347.5 27.7493 0.012044
  349 348.5 27.651 0.0120013
  350 349.5 27.5445 0.0119551
  351 350.5 27.4664 0.0119212
  352 351.5 27.4368 0.0119083
  353 352.5 27.3594 0.0118747
  354 353.5 27.3484 0.01187
  355 354.5 27.3151 0.0118555
  356 355.5 27.2707 0.0118362
  357 356.5 27.2264 0.011817
  358 357.5 27.2119 0.0118107
  359 358.5 27.2049 0.0118077
  360 359.5 27.1504 0.011784
  361 360.5 27.1078 0.0117655
  362 361.5 27.0768 0.0117521
  363 362.5 27.0321 0.0117327
  364 363.5 26.9575 0.0117003
  365 364.5 26.8881 0.0116702
  366 365.5 26.8273 0.0116438
  367 366.5 26.7065 0.0115914
  368 367.5 26.5505 0.0115237
  369 368.5 26.4116 0.0114634
  370 369.5 26.2046 0.0113735
  371 370.5 25.9713 0.0112723
  372 371.5 25.6818 0.0111466
  373 372.5 25.3674 0.0110102
  374 373.5 24.9816 0.0108427
  375 374.5 24.5269 0.0106453
  376 375.5 24.0187 0.0104248
  377 376.5 23.4113 0.0101611
  378 377.5 22.7647 0.00988049
  379 378.5 22.0818 0.0095841
  380 379.5 21.3637 0.00927242
  381 380.5 20.5725 0.00892905
  382 381.5 19.7511 0.00857254
  383 382.5 18.9036 0.0082047
  384 383.5 18.0695 0.00784268
  385 384.5 17.2015 0.00746594
  386 385.5 16.3387 0.00709144
  387 386.5 15.4654 0.00671242
  388 387.5 14.6229 0.00634673
  389 388.5 13.7721 0.00597745
  390 389.5 12.9383 0.00561558
  391 390.5 12.0858 0.00524558
  392 391.5 11.286 0.00489843
  393 392.5 10.4648 0.00454202
  394 393.5 9.65512 0.00419059
  395 394.5 8.87673 0.00385275
  396 395.5 8.12647 0.00352711
  397 396.5 7.41932 0.00322019
  398 397.5 6.78479 0.00294479
  399 398.5 6.20359 0.00269253
  400 399.5 5.68712 0.00246837
  401 400.5 5.227 0.00226866
  402 401.5 4.83753 0.00209962
  403 402.5 4.50071 0.00195343
  404 403.5 4.21533 0.00182957
  405 404.5 3.99266 0.00173293
  406 405.5 3.80853 0.00165301
  407 406.5 3.67 0.00159288
  408 407.5 3.55614 0.00154346
  409 408.5 3.44879 0.00149687
  410 409.5 3.37477 0.00146475
  411 410.5 3.31953 0.00144077
  412 411.5 3.27416 0.00142108
  413 412.5 3.2419 0.00140707
  414 413.5 3.1968 0.0013875
  415 414.5 3.16479 0.00137361
  416 415.5 3.16373 0.00137315
  417 416.5 3.15876 0.00137099
  418 417.5 3.15622 0.00136989
  419 418.5 3.13185 0.00135931
  420 419.5 3.12663 0.00135704
  421 420.5 3.13263 0.00135965
  422 421.5 3.13712 0.0013616
  423 422.5 3.12169 0.0013549
  424 423.5 3.11471 0.00135187
  425 424.5 3.12258 0.00135529
  426 425.5 3.12405 0.00135592
  427 426.5 3.11726 0.00135298
  428 427.5 3.10901 0.0013494
  429 428.5 3.10636 0.00134825
  430 429.5 3.10199 0.00134635
  431 430.5 3.10277 0.00134669
  432 431.5 3.10239 0.00134652
  433 432.5 3.09878 0.00134496
  434 433.5 3.09623 0.00134385
  435 434.5 3.09378 0.00134279
  436 435.5 3.09445 0.00134308
  437 436.5 3.09525 0.00134343
  438 437.5 3.08155 0.00133748
  439 438.5 3.07763 0.00133578
  440 439.5 3.08112 0.00133729
  441 440.5 3.08594 0.00133939
  442 441.5 3.09368 0.00134274
  443 442.5 3.08447 0.00133875
  444 443.5 3.0799 0.00133676
  445 444.5 3.08045 0.001337
  446 445.5 3.09517 0.00134339
  447 446.5 3.08878 0.00134062
  448 447.5 3.0917 0.00134189
  449 448.5 3.08814 0.00134034
  450 449.5 3.09552 0.00134354
  451 450.5 3.09452 0.00134311
  452 451.5 3.09308 0.00134248
  453 452.5 3.0993 0.00134518
  454 453.5 3.08837 0.00134044
  455 454.5 3.09039 0.00134131
  456 455.5 3.08775 0.00134017
  457 456.5 3.09497 0.0013433
  458 457.5 3.082 0.00133768
  459 458.5 3.08747 0.00134005
  460 459.5 3.09537 0.00134348
  461 460.5 3.09113 0.00134164
  462 461.5 3.09361 0.00134271
  463 462.5 3.09007 0.00134118
  464 463.5 3.08366 0.00133839
  465 464.5 3.08631 0.00133955
  466 465.5 3.08975 0.00134104
  467 466.5 3.08791 0.00134024
  468 467.5 3.10461 0.00134749
  469 468.5 3.10099 0.00134592
  470 469.5 3.09987 0.00134543
  471 470.5 3.10338 0.00134695
  472 471.5 3.10026 0.0013456
  473 472.5 3.10705 0.00134854
  474 473.5 3.10123 0.00134602
  475 474.5 3.09374 0.00134277
  476 475.5 3.08238 0.00133784
  477 476.5 3.08848 0.00134049
  478 477.5 3.06913 0.00133209
  479 478.5 3.05635 0.00132654
  480 479.5 3.06388 0.00132981
40000000 480 5036.999999999999
  1 0.5 3.13865 0.00136226
  2 1.5 3.14053 0.00136308
  3 2.5 3.14658 0.0013657
  4 3.5 3.14096 0.00136326
  5 4.5 3.13756 0.00136179
  6 5.5 3.14694 0.00136586
  7 6.5 3.15237 0.00136821
  8 7.5 3.16303 0.00137284
  9 8.5 3.14988 0.00136714
  10 9.5 3.14739 0.00136605
  11 10.5 3.15774 0.00137055
  12 11.5 3.15498 0.00136935
  13 12.5 3.14667 0.00136574
  14 13.5 3.14067 0.00136314
  15 14.5 3.13982 0.00136277
  16 15.5 3.14113 0.00136334
  17 16.5 3.12104 0.00135462
  18 17.5 3.13447 0.00136045
  19 18.5 3.12028 0.00135429
  20 19.5 3.1297 0.00135838
  21 20.5 3.11933 0.00135388
  22 21.5 3.12473 0.00135622
  23 22.5 3.11567 0.00135229
  24 23.5 3.10267 0.00134665
  25 24.5 3.11327 0.00135125
  26 25.5 3.11098 0.00135025
  27 26.5 3.11089 0.00135021
  28 27.5 3.09942 0.00134523
  29 28.5 3.1032 0.00134687
  30 29.5 3.12666 0.00135706
  31 30.5 3.12248 0.00135524
  32 31.5 3.11331 0.00135126
  33 32.5 3.11086 0.0013502
  34 33.5 3.09937 0.00134521
  35 34.5 3.10016 0.00134556
  36 35.5 3.10304 0.00134681
  37 36.5 3.098 0.00134462
  38 37.5 3.09168 0.00134188
  39 38.5 3.09836 0.00134478
  40 39.5 3.09765 0.00134447
  41 40.5 3.09365 0.00134273
  42 41.5 3.10194 0.00134633
  43 42.5 3.09419 0.00134297
  44 43.5 3.10584 0.00134802
  45 44.5 3.10427 0.00134734
  46 45.5 3.11069 0.00135013
  47 46.5 3.11333 0.00135127
  48 47.5 3.11357 0.00135138
  49 48.5 3.11576 0.00135232
  50 49.5 3.12188 0.00135498
  51 50.5 3.11929 0.00135386
  52 51.5 3.12617 0.00135684
  53 52.5 3.13666 0.0013614
  54 53.5 3.1392 0.0013625
  55 54.5 3.13482 0.0013606
  56 55.5 3.13068 0.0013588
  57 56.5 3.12721 0.00135729
  58 57.5 3.13043 0.00135869
  59 58.5 3.14971 0.00136706
  60 59.5 3.16444 0.00137345
  61 60.5 3.17059 0.00137612
  62 61.5 3.19737 0.00138775
  63 62.5 3.23682 0.00140487
  64 63.5 3.27189 0.00142009
  65 64.5 3.32996 0.00144529
  66 65.5 3.38928 0.00147104
  67 66.5 3.4745 0.00150803
  68 67.5 3.56899 0.00154904
  69 68.5 3.69715 0.00160467
  70 69.5 3.85633 0.00167375
  71 70.5 4.0539 0.00175951
  72 71.5 4.27304 0.00185462
  73 72.5 4.53466 0.00196817
  74 73.5 4.86042 0.00210956
  75 74.5 5.22677 0.00226856
  76 75.5 5.62866 0.00244299
  77 76.5 6.10986 0.00265185
  78 77.5 6.65365 0.00288787
  79 78.5 7.26579 0.00315356
  80 79.5 7.93173 0.00344259
  81 80.5 8.65766 0.00375766
  82 81.5 9.4378 0.00409627
  83 82.5 10.3004 0.00447067
  84 83.5 11.1811 0.00485291
  85 84.5 12.1571 0.00527652
  86 85.5 13.1717 0.00571687
  87 86.5 14.2234 0.00617337
  88 87.5 15.296 0.00663889
  89 88.5 16.388 0.00711285
  90 89.5 17.4466 0.00757231
  91 90.5 18.5262 0.00804087
  92 91.5 19.5854 0.0085006
  93 92.5 20.5441 0.00891671
  94 93.5 21.4431 0.00930689
  95 94.5 22.3051 0.00968104
  96 95.5 23.0777 0.0100164
  97 96.5 23.7232 0.0102965
  98 97.5 24.3024 0.0105479
  99 98.5 24.8006 0.0107642
  100 99.5 25.2715 0.0109685
  101 100.5 25.5911 0.0111073
  102 101.5 25.8999 0.0112413
  103 102.5 26.1348 0.0113432
  104 103.5 26.3822 0.0114506
  105 104.5 26.5261 0.0115131
  106 105.5 26.6381 0.0115617
  107 106.5 26.7201 0.0115973
  108 107.5 26.8534 0.0116551
  109 108.5 26.902 0.0116762
  110 109.5 26.9581 0.0117006
  111 110.5 27.0155 0.0117255
  112 111.5 27.0462 0.0117388
  113 112.5 27.0785 0.0117528
  114 113.5 27.0869 0.0117565
  115 114.5 27.1182 0.0117701
  116 115.5 27.0698 0.0117491
  117 116.5 27.1517 0.0117846
  118 117.5 27.1601 0.0117883
  119 118.5 27.1249 0.011773
  120 119.5 27.1181 0.01177
  121 120.5 27.1407 0.0117798
  122 121.5 27.1335 0.0117767
  123 122.5 27.1162 0.0117692
  124 123.5 27.1275 0.0117741
  125 124.5 27.1402 0.0117796
  126 125.5 27.1363 0.0117779
  127 126.5 27.1623 0.0117892
  128 127.5 27.1452 0.0117818
  129 128.5 27.1263 0.0117736
  130 129.5 27.1517 0.0117846
  131 130.5 27.146 0.0117821
  132 131.5 27.16 0.0117882
  133 132.5 27.1555 0.0117862
  134 133.5 27.1394 0.0117792
  135 134.5 27.1338 0.0117768
  136 135.5 27.1398 0.0117794
  137 136.5 27.1611 0.0117887
  138 137.5 27.1504 0.011784
  139 138.5 27.155 0.011786
  140 139.5 27.137 0.0117782
  141 140.5 27.1289 0.0117747
  142 141.5 27.1431 0.0117808
  143 142.5 27.143 0.0117808
  144 143.5 27.1456 0.0117819
  145 144.5 27.1378 0.0117786
  146 145.5 27.1581 0.0117874
  147 146.5 27.1647 0.0117902
  148 147.5 27.1435 0.011781
  149 148.5 27.1651 0.0117904
  150 149.5 27.1684 0.0117918
  151 150.5 27.1804 0.011797
  152 151.5 27.1622 0.0117892
  153 152.5 27.1936 0.0118028
  154 153.5 27.1447 0.0117816
  155 154.5 27.1915 0.0118019
  156 155.5 27.2189 0.0118138
  157 156.5 27.184 0.0117986
  158 157.5 27.1758 0.011795
  159 158.5 27.2482 0.0118265
  160 159.5 27.2106 0.0118101
  161 160.5 27.214 0.0118116
  162 161.5 27.255 0.0118294
  163 162.5 27.2785 0.0118396
  164 163.5 27.3148 0.0118554
  165 164.5 27.3103 0.0118534
  166 165.5 27.3341 0.0118637
  167 166.5 27.3942 0.0118899
  168 167.5 27.4791 0.0119267
  169 168.5 27.5125 0.0119412
  170 169.5 27.5968 0.0119778
  171 170.5 27.7205 0.0120315
  172 171.5 27.8412 0.0120839
  173 172.5 27.9841 0.0121459
  174 173.5 28.1785 0.0122302
  175 174.5 28.4233 0.0123365
  176 175.5 28.7101 0.012461
  177 176.5 29.092 0.0126267
  178 177.5 29.5309 0.0128172
  179 178.5 30.0248 0.0130316
  180 179.5 30.612 0.0132865
  181 180.5 31.1109 0.013503
  182 181.5 31.2688 0.0135715
  183 182.5 30.9033 0.0134129
  184 183.5 29.3679 0.0127465
  185 184.5 26.6817 0.0115806
  186 185.5 22.6034 0.0098105
  187 186.5 17.3394 0.00752579
  188 187.5 12.3449 0.00535803
  189 188.5 7.37446 0.00320072
  190 189.5 4.18841 0.00181789
  191 190.5 1.8797 0.00081584
  192 191.5 1.35374 0.00058756
  193 192.5 1.74911 0.000759162
  194 193.5 1.21349 0.000526687
  195 194.5 1.05769 0.000459069
  196 195.5 1.06738 0.000463273
  197 196.5 0.9196 0.000399132
  198 197.5 1.094 0.000474827
  199 198.5 0.83129 0.000360803
  200 199.5 0.406702 0.00017652
  201 200.5 1.00001 0.000434033
  202 201.5 1.19609 0.000519137
  203 202.5 0.507002 0.000220053
  204 203.5 0.060958 2.64575e-05
  205 204.5 0.172206 7.47422e-05
  206 205.5 0.284054 0.000123287
  207 206.5 0.505542 0.000219419
  208 207.5 0.873376 0.000379069
  209 208.5 0.89123 0.000386819
  210 209.5 1.23665 0.000536739
  211 210.5 0.959636 0.000416509
  212 211.5 0.46722 0.000202786
  213 212.5 0.67907 0.000294735
  214 213.5 0.58272 0.000252917
  215 214.5 0.61085 0.000265126
  216 215.5 1.19901 0.000520403
  217 216.5 1.16652 0.000506302
  218 217.5 0.958326 0.00041594
  219 218.5 1.07276 0.000465607
  220 219.5 1.04387 0.000453069
  221 220.5 0.801806 0.000348006
  222 221.5 0.747378 0.000324383
  223 222.5 0.764634 0.000331872
  224 223.5 1.12466 0.000488133
  225 224.5 1.24629 0.000540923
  226 225.5 0.70199 0.000304683
  227 226.5 0.360878 0.000156631
  228 227.5 0.3868 0.000167882
  229 228.5 0.800124 0.000347276
  230 229.5 0.967186 0.000419786
  231 230.5 1.16255 0.000504578
  232 231.5 0.981728 0.000426097
  233 232.5 0.908216 0.000394191
  234 233.5 1.11616 0.000484444
  235 234.5 0.94161 0.000408685
  236 235.5 0.711718 0.000308905
  237 236.5 0.637178 0.000276553
  238 237.5 0.831062 0.000360704
  239 238.5 0.807588 0.000350516
  240 239.5 0.580814 0.000252089
  241 240.5 1.14715 0.000497893
  242 241.5 1.58121 0.00068629
  243 242.5 1.45976 0.000633576
  244 243.5 1.4096 0.000611805
  245 244.5 0.925966 0.000401895
  246 245.5 1.13109 0.000490926
  247 246.5 1.01057 0.000438617
  248 247.5 0.683646 0.000296721
  249 248.5 0.67979 0.000295048
  250 249.5 0.770152 0.000334267
  251 250.5 0.921618 0.000400008
  252 251.5 1.03558 0.00044947
  253 252.5 1.17128 0.000508366
  254 253.5 1.03936 0.000451112
  255 254.5 0.572714 0.000248574
  256 255.5 0.16056 6.96875e-05
  257 256.5 0.03946 1.71267e-05
  258 257.5 0.087176 3.78368e-05
  259 258.5 0.14177 6.15321e-05
  260 259.5 0.36912 0.000160208
  261 260.5 0.849756 0.000368818
  262 261.5 1.23866 0.000537615
  263 262.5 1.20621 0.000523527
  264 263.5 1.03878 0.000450859
  265 264.5 1.119 0.000485676
  266 265.5 1.09879 0.000476906
  267 266.5 1.263 0.000548177
  268 267.5 1.2058 0.00052335
  269 268.5 1.14822 0.000498358
  270 269.5 0.940966 0.000408405
  271 270.5 0.545856 0.000236917
  272 271.5 0.474852 0.000206099
  273 272.5 0.217598 9.44436e-05
  274 273.5 0.040892 1.77483e-05
  275 274.5 0.153528 6.66354e-05
  276 275.5 0.109128 4.73646e-05
  277 276.5 0.248678 0.000107933
  278 277.5 0.481598 0.000209027
  279 278.5 0.392598 0.000170398
  280 279.5 0.55392 0.000240417
  281 280.5 0.56206 0.00024395
  282 281.5 0.741866 0.00032199
  283 282.5 0.863 0.000374566
  284 283.5 1.07152 0.000465071
  285 284.5 1.25512 0.000544758
  286 285.5 1.09236 0.000474113
  287 286.5 1.05322 0.000457128
  288 287.5 1.13004 0.000490467
  289 288.5 0.573868 0.000249075
  290 289.5 0.400776 0.000173948
  291 290.5 0.429648 0.000186479
  292 291.5 0.370078 0.000160624
  293 292.5 0.347148 0.000150672
  294 293.5 0.337602 0.000146529
  295 294.5 0.507344 0.000220201
  296 295.5 0.422524 0.000183387
  297 296.5 0.721506 0.000313154
  298 297.5 1.23286 0.000535097
  299 298.5 0.888578 0.000385668
  300 299.5 0.293838 0.000127534
  301 300.5 0.111074 4.82092e-05
  302 301.5 0.39503 0.000171454
  303 302.5 0.498052 0.000216168
  304 303.5 0.270836 0.00011755
  305 304.5 0.242814 0.000105388
  306 305.5 0.821642 0.000356615
  307 306.5 0.544644 0.000236391
  308 307.5 0.235172 0.000102071
  309 308.5 0.52903 0.000229614
  310 309.5 0.567798 0.00024644
  311 310.5 0.536312 0.000232774
  312 311.5 0.866056 0.000375892
  313 312.5 0.993622 0.00043126
  314 313.5 0.970814 0.00042136
  315 314.5 1.00167 0.000434753
  316 315.5 0.806376 0.00034999
  317 316.5 0.750646 0.000325801
  318 317.5 0.94314 0.000409349
  319 318.5 1.20749 0.000524086
  320 319.5 1.0403 0.00045152
  321 320.5 1.21509 0.000527385
  322 321.5 1.27106 0.000551676
  323 322.5 1.11772 0.000485122
  324 323.5 0.882336 0.000382958
  325 324.5 0.763892 0.00033155
  326 325.5 0.884864 0.000384056
  327 326.5 1.06125 0.000460614
  328 327.5 2.09801 0.000910596
  329 328.5 3.27161 0.00141997
  330 329.5 5.16425 0.00224143
  331 330.5 8.03257 0.00348636
  332 331.5 11.9483 0.00518589
  333 332.5 17.3838 0.00754505
  334 333.5 22.9461 0.00995925
  335 334.5 27.7457 0.0120424
  336 335.5 30.7605 0.0133509
  337 336.5 31.9565 0.01387
  338 337.5 31.85 0.0138238
  339 338.5 31.1117 0.0135034
  340 339.5 30.5015 0.0132385
  341 340.5 29.9696 0.0130076
  342 341.5 29.4097 0.0127646
  343 342.5 28.9373 0.0125596
  344 343.5 28.605 0.0124154
  345 344.5 28.3784 0.012317
  346 345.5 28.1027 0.0121974
  347 346.5 27.8988 0.0121088
  348 347.5 27.7968 0.0120646
  349 348.5 27.6663 0.0120079
  350 349.5 27.5566 0.0119603
  351 350.5 27.4988 0.0119352
  352 351.5 27.4196 0.0119009
  353 352.5 27.3698 0.0118792
  354 353.5 27.3764 0.0118821
  355 354.5 27.3034 0.0118504
  356 355.5 27.2491 0.0118269
  357 356.5 27.2561 0.0118299
  358 357.5 27.2295 0.0118184
  359 358.5 27.2007 0.0118058
  360 359.5 27.2052 0.0118078
  361 360.5 27.1925 0.0118023
  362 361.5 27.1397 0.0117794
  363 362.5 27.1326 0.0117763
  364 363.5 27.1134 0.011768
  365 364.5 27.0827 0.0117546
  366 365.5 27.0096 0.0117229
  367 366.5 26.9999 0.0117187
  368 367.5 26.9373 0.0116915
  369 368.5 26.8729 0.0116636
  370 369.5 26.7548 0.0116123
  371 370.5 26.6878 0.0115832
  372 371.5 26.5407 0.0115194
  373 372.5 26.371 0.0114458
  374 373.5 26.1681 0.0113577
  375 374.5 25.9419 0.0112595
  376 375.5 25.652 0.0111337
  377 376.5 25.3473 0.0110014
  378 377.5 24.9404 0.0108248
  379 378.5 24.4971 0.0106324
  380 379.5 24.0169 0.010424
  381 380.5 23.4282 0.0101685
  382 381.5 22.8014 0.00989642
  383 382.5 22.1304 0.00960519
  384 383.5 21.4095 0.00929232
  385 384.5 20.5295 0.00891037
  386 385.5 19.6829 0.00854294
  387 386.5 18.8299 0.00817269
  388 387.5 17.8278 0.00773777
  389 388.5 16.7919 0.00728815
  390 389.5 15.7959 0.00685584
  391 390.5 14.7308 0.00639359
  392 391.5 13.6201 0.00591152
  393 392.5 12.5422 0.00544365
  394 393.5 11.4894 0.0049867
  395 394.5 10.4524 0.00453663
  396 395.5 9.44479 0.0040993
  397 396.5 8.52373 0.00369954
  398 397.5 7.67717 0.0033321
  399 398.5 6.92624 0.00300618
  400 399.5 6.25382 0.00271433
  401 400.5 5.66097 0.00245702
  402 401.5 5.17588 0.00224648
  403 402.5 4.7771 0.00207339
  404 403.5 4.41608 0.0019167
  405 404.5 4.13666 0.00179542
  406 405.5 3.91035 0.0016972
  407 406.5 3.74432 0.00162514
  408 407.5 3.59601 0.00156077
  409 408.5 3.49128 0.00151531
  410 409.5 3.4208 0.00148472
  411 410.5 3.34088 0.00145004
  412 411.5 3.28461 0.00142561
  413 412.5 3.23882 0.00140574
  414 413.5 3.21008 0.00139326
  415 414.5 3.18185 0.00138101
  416 415.5 3.18046 0.00138041
  417 416.5 3.1637 0.00137313
  418 417.5 3.14494 0.00136499
  419 418.5 3.1334 0.00135998
  420 419.5 3.13326 0.00135992
  421 420.5 3.12694 0.00135718
  422 421.5 3.11479 0.00135191
  423 422.5 3.13571 0.00136098
  424 423.5 3.13715 0.00136161
  425 424.5 3.13228 0.0013595
  426 425.5 3.14095 0.00136326
  427 426.5 3.14097 0.00136327
  428 427.5 3.13216 0.00135944
  429 428.5 3.13778 0.00136188
  430 429.5 3.14275 0.00136404
  431 430.5 3.13812 0.00136203
  432 431.5 3.14443 0.00136477
  433 432.5 3.13003 0.00135852
  434 433.5 3.13083 0.00135887
  435 434.5 3.12446 0.0013561
  436 435.5 3.11267 0.00135099
  437 436.5 3.12003 0.00135418
  438 437.5 3.11474 0.00135188
  439 438.5 3.11791 0.00135326
  440 439.5 3.1205 0.00135438
  441 440.5 3.13074 0.00135883
  442 441.5 3.13077 0.00135884
  443 442.5 3.13988 0.00136279
  444 443.5 3.14633 0.00136559
  445 444.5 3.13359 0.00136006
  446 445.5 3.14428 0.0013647
  447 446.5 3.15018 0.00136727
  448 447.5 3.1565 0.00137001
  449 448.5 3.14151 0.0013635
  450 449.5 3.1389 0.00136237
  451 450.5 3.13215 0.00135944
  452 451.5 3.13907 0.00136244
  453 452.5 3.12256 0.00135528
  454 453.5 3.11008 0.00134986
  455 454.5 3.10914 0.00134945
  456 455.5 3.10646 0.00134829
  457 456.5 3.10038 0.00134565
  458 457.5 3.10222 0.00134645
  459 458.5 3.09228 0.00134214
  460 459.5 3.09087 0.00134152
  461 460.5 3.09274 0.00134233
  462 461.5 3.09335 0.0013426
  463 462.5 3.09409 0.00134292
  464 463.5 3.07663 0.00133534
  465 464.5 3.07682 0.00133542
  466 465.5 3.08703 0.00133986
  467 466.5 3.08627 0.00133953
  468 467.5 3.09374 0.00134277
  469 468.5 3.09653 0.00134398
  470 469.5 3.10235 0.0013465
  471 470.5 3.11244 0.00135089
  472 471.5 3.11674 0.00135275
  473 472.5 3.11093 0.00135023
  474 473.5 3.10539 0.00134782
  475 474.5 3.11133 0.00135041
  476 475.5 3.12439 0.00135607
  477 476.5 3.12141 0.00135478
  478 477.5 3.13281 0.00135973
  479 478.5 3.13605 0.00136113
  480 479.5 3.13054 0.00135874
50000000 480 5036.999999999997
  1 0.5 3.16376 0.00137316
  2 1.5 3.17498 0.00137803
  3 2.5 3.17174 0.00137663
  4 3.5 3.17662 0.00137874
  5 4.5 3.17172 0.00137661
  6 5.5 3.16789 0.00137495
  7 6.5 3.16992 0.00137583
  8 7.5 3.16285 0.00137276
  9 8.5 3.1693 0.00137556
  10 9.5 3.17641 0.00137865
  11 10.5 3.17452 0.00137783
  12 11.5 3.16375 0.00137316
  13 12.5 3.16693 0.00137454
  14 13.5 3.15599 0.00136979
  15 14.5 3.16896 0.00137542
  16 15.5 3.17559 0.0013783
  17 16.5 3.18299 0.00138151
  18 17.5 3.17377 0.0013775
  19 18.5 3.17642 0.00137866
  20 19.5 3.17704 0.00137892
  21 20.5 3.16911 0.00137548
  22 21.5 3.1626 0.00137266
  23 22.5 3.1725 0.00137695
  24 23.5 3.16738 0.00137473
  25 24.5 3.16255 0.00137264
  26 25.5 3.16073 0.00137185
  27 26.5 3.15394 0.0013689
  28 27.5 3.16437 0.00137342
  29 28.5 3.16262 0.00137267
  30 29.5 3.16421 0.00137336
  31 30.5 3.16721 0.00137466
  32 31.5 3.17528 0.00137816
  33 32.5 3.16556 0.00137394
  34 33.5 3.16611 0.00137418
  35 34.5 3.18288 0.00138146
  36 35.5 3.17683 0.00137883
  37 36.5 3.16451 0.00137349
  38 37.5 3.17234 0.00137688
  39 38.5 3.17696 0.00137889
  40 39.5 3.17878 0.00137968
  41 40.5 3.1729 0.00137713
  42 41.5 3.17739 0.00137908
  43 42.5 3.1751 0.00137808
  44 43.5 3.17165 0.00137658
  45 44.5 3.16883 0.00137536
  46 45.5 3.18262 0.00138135
  47 46.5 3.18761 0.00138351
  48 47.5 3.18387 0.00138189
  49 48.5 3.18088 0.00138059
  50 49.5 3.17807 0.00137937
  51 50.5 3.18443 0.00138213
  52 51.5 3.19014 0.00138461
  53 52.5 3.18757 0.00138349
  54 53.5 3.18684 0.00138318
  55 54.5 3.17745 0.0013791
  56 55.5 3.16964 0.00137571
  57 56.5 3.18426 0.00138206
  58 57.5 3.19156 0.00138523
  59 58.5 3.20149 0.00138953
  60 59.5 3.19164 0.00138526
  61 60.5 3.19788 0.00138797
  62 61.5 3.20333 0.00139034
  63 62.5 3.22268 0.00139873
  64 63.5 3.22298 0.00139886
  65 64.5 3.23373 0.00140353
  66 65.5 3.26613 0.00141759
  67 66.5 3.27771 0.00142262
  68 67.5 3.2999 0.00143225
  69 68.5 3.32241 0.00144202
  70 69.5 3.37204 0.00146356
  71 70.5 3.41916 0.00148401
  72 71.5 3.49628 0.00151748
  73 72.5 3.58964 0.001558
  74 73.5 3.70818 0.00160945
  75 74.5 3.84508 0.00166887
  76 75.5 4.00999 0.00174045
  77 76.5 4.22436 0.00183349
  78 77.5 4.47118 0.00194062
  79 78.5 4.75955 0.00206578
  80 79.5 5.11863 0.00222163
  81 80.5 5.50919 0.00239114
  82 81.5 5.9685 0.00259049
  83 82.5 6.46789 0.00280724
  84 83.5 7.01815 0.00304607
  85 84.5 7.63592 0.0033142
  86 85.5 8.31002 0.00360678
  87 86.5 9.00128 0.00390681
  88 87.5 9.75993 0.00423608
  89 88.5 10.5578 0.0045824
  90 89.5 11.4205 0.00495681
  91 90.5 12.2848 0.00533194
  92 91.5 13.2189 0.00573737
  93 92.5 14.2219 0.0061727
  94 93.5 15.1847 0.00659057
  95 94.5 16.2208 0.00704027
  96 95.5 17.245 0.00748482
  97 96.5 18.2761 0.00793234
  98 97.5 19.2512 0.00835556
  99 98.5 20.2265 0.00877887
  100 99.5 21.1457 0.00917784
  101 100.5 22.0051 0.00955084
  102 101.5 22.734 0.00986719
  103 102.5 23.4699 0.0101866
  104 103.5 24.08 0.0104514
  105 104.5 24.6003 0.0106772
  106 105.5 25.0476 0.0108713
  107 106.5 25.446 0.0110443
  108 107.5 25.7715 0.0111855
  109 108.5 26.0347 0.0112998
  110 109.5 26.2823 0.0114072
  111 110.5 26.4382 0.0114749
  112 111.5 26.5636 0.0115293
  113 112.5 26.7045 0.0115905
  114 113.5 26.8046 0.0116339
  115 114.5 26.8324 0.011646
  116 115.5 26.9214 0.0116846
  117 116.5 26.9949 0.0117166
  118 117.5 26.9846 0.0117121
  119 118.5 27.0303 0.0117319
  120 119.5 27.0922 0.0117587
  121 120.5 27.0355 0.0117342
  122 121.5 27.0726 0.0117502
  123 122.5 27.1104 0.0117667
  124 123.5 27.1147 0.0117686
  125 124.5 27.111 0.0117669
  126 125.5 27.1282 0.0117744
  127 126.5 27.1535 0.0117854
  128 127.5 27.1161 0.0117691
  129 128.5 27.116 0.0117691
  130 129.5 27.1341 0.0117769
  131 130.5 27.1384 0.0117788
  132 131.5 27.1284 0.0117745
  133 132.5 27.1303 0.0117753
  134 133.5 27.1243 0.0117727
  135 134.5 27.1446 0.0117815
  136 135.5 27.1578 0.0117872
  137 136.5 27.1211 0.0117713
  138 137.5 27.1359 0.0117777
  139 138.5 27.1434 0.011781
  140 139.5 27.1384 0.0117788
  141 140.5 27.0986 0.0117616
  142 141.5 27.1383 0.0117788
  143 142.5 27.1671 0.0117913
  144 143.5 27.1361 0.0117778
  145 144.5 27.1456 0.011782
  146 145.5 27.1731 0.0117939
  147 146.5 27.1995 0.0118053
  148 147.5 27.1564 0.0117866
  149 148.5 27.1674 0.0117914
  150 149.5 27.2047 0.0118076
  151 150.5 27.1961 0.0118039
  152 151.5 27.214 0.0118116
  153 152.5 27.2057 0.011808
  154 153.5 27.2128 0.0118111
  155 154.5 27.2082 0.0118091
  156 155.5 27.2343 0.0118204
  157 156.5 27.2549 0.0118294
  158 157.5 27.2531 0.0118286
  159 158.5 27.2491 0.0118269
  160 159.5 27.2638 0.0118333
  161 160.5 27.2703 0.0118361
  162 161.5 27.3154 0.0118556
  163 162.5 27.2817 0.011841
  164 163.5 27.3018 0.0118498
  165 164.5 27.3085 0.0118526
  166 165.5 27.3402 0.0118664
  167 166.5 27.3546 0.0118727
  168 167.5 27.3921 0.0118889
  169 168.5 27.4298 0.0119053
  170 169.5 27.5105 0.0119403
  171 170.5 27.5642 0.0119636
  172 171.5 27.656 0.0120035
  173 172.5 27.7966 0.0120645
  174 173.5 27.9252 0.0121203
  175 174.5 28.0584 0.0121781
  176 175.5 28.3256 0.0122941
  177 176.5 28.5753 0.0124025
  178 177.5 28.8832 0.0125361
  179 178.5 29.3111 0.0127218
  180 179.5 29.8007 0.0129343
  181 180.5 30.3924 0.0131911
  182 181.5 30.9744 0.0134437
  183 182.5 31.4486 0.0136496
  184 183.5 31.2963 0.0135835
  185 184.5 30.0765 0.013054
  186 185.5 27.3698 0.0118793
  187 186.5 24.1948 0.0105012
  188 187.5 20.5278 0.00890962
  189 188.5 15.6593 0.00679658
  190 189.5 10.4938 0.00455459
  191 190.5 6.60663 0.00286746
  192 191.5 3.56967 0.00154934
  193 192.5 2.04228 0.000886408
  194 193.5 1.32432 0.000574793
  195 194.5 1.39579 0.00060581
  196 195.5 1.03831 0.000450656
  197 196.5 0.876194 0.000380293
  198 197.5 1.00996 0.000438352
  199 198.5 0.91339 0.000396437
  200 199.5 1.20859 0.000524561
  201 200.5 0.743674 0.000322775
  202 201.5 0.406542 0.000176451
  203 202.5 0.845604 0.000367016
  204 203.5 1.29846 0.000563566
  205 204.5 0.219952 9.54653e-05
  206 205.5 0.079654 3.4572e-05
  207 206.5 0.256852 0.000111481
  208 207.5 0.422224 0.000183257
  209 208.5 0.635238 0.000275711
  210 209.5 0.863096 0.000374608
  211 210.5 0.983 0.000426649
  212 211.5 1.01015 0.000438435
  213 212.5 1.01667 0.000441265
  214 213.5 0.416778 0.000180893
  215 214.5 0.68211 0.000296055
  216 215.5 0.654828 0.000284214
  217 216.5 0.712654 0.000309312
  218 217.5 1.29632 0.000562639
  219 218.5 1.11017 0.000481844
  220 219.5 0.82037 0.000356063
  221 220.5 1.12378 0.000487751
  222 221.5 0.988596 0.000429078
  223 222.5 0.922494 0.000400388
  224 223.5 0.698 0.000302951
  225 224.5 0.787576 0.00034183
  226 225.5 1.01049 0.000438582
  227 226.5 1.25759 0.000545831
  228 227.5 0.5829 0.000252995
  229 228.5 0.400978 0.000174036
  230 229.5 0.467732 0.000203009
  231 230.5 0.808784 0.000351035
  232 231.5 1.17132 0.000508385
  233 232.5 0.982082 0.000426251
  234 233.5 1.09512 0.000475313
  235 234.5 0.86577 0.000375768
  236 235.5 1.03134 0.00044763
  237 236.5 0.947652 0.000411307
  238 237.5 0.623752 0.000270726
  239 238.5 0.608244 0.000263995
  240 239.5 0.976596 0.00042387
  241 240.5 0.83594 0.000362821
  242 241.5 0.69981 0.000303737
  243 242.5 1.11006 0.000481796
  244 243.5 1.77606 0.000770859
  245 244.5 1.34724 0.00058474
  246 245.5 1.28208 0.000556459
  247 246.5 0.985854 0.000427888
  248 247.5 0.875782 0.000380114
  249 248.5 1.15502 0.000501313
  250 249.5 0.529038 0.000229617
  251 250.5 0.82082 0.000356259
  252 251.5 0.803668 0.000348814
  253 252.5 1.00079 0.000434371
  254 253.5 0.96841 0.000420317
  255 254.5 1.0977 0.000476433
  256 255.5 0.883284 0.00038337
  257 256.5 0.481294 0.000208895
  258 257.5 0.036784 1.59653e-05
  259 258.5 0.049844 2.16337e-05
  260 259.5 0.141234 6.12995e-05
  261 260.5 0.156918 6.81068e-05
  262 261.5 0.235328 0.000102139
  263 262.5 0.41329 0.000179379
  264 263.5 0.523574 0.000227246
  265 264.5 0.594908 0.000258207
  266 265.5 0.862838 0.000374496
  267 266.5 0.8954 0.000388628
  268 267.5 1.15805 0.000502625
  269 268.5 1.2828 0.000556771
  270 269.5 1.50568 0.000653505
  271 270.5 1.462 0.000634549
  272 271.5 1.21359 0.000526733
  273 272.5 0.989768 0.000429587
  274 273.5 0.64534 0.000280095
  275 274.5 0.417542 0.000181225
  276 275.5 0.50782 0.000220408
  277 276.5 0.200198 8.68915e-05
  278 277.5 0.18166 7.88455e-05
  279 278.5 0.271796 0.000117967
  280 279.5 0.54116 0.000234878
  281 280.5 0.415312 0.000180257
  282 281.5 0.585114 0.000253956
  283 282.5 0.696448 0.000302278
  284 283.5 0.743594 0.00032274
  285 284.5 0.980598 0.000425607
  286 285.5 1.16633 0.00050622
  287 286.5 1.17139 0.000508418
  288 287.5 1.0315 0.0004477
  289 288.5 0.981398 0.000425954
  290 289.5 1.0621 0.000460982
  291 290.5 0.464114 0.000201438
  292 291.5 0.325378 0.000141223
  293 292.5 0.456442 0.000198109
  294 293.5 0.260294 0.000112975
  295 294.5 0.447018 0.000194018
  296 295.5 0.464304 0.000201521
  297 296.5 0.557842 0.000242119
  298 297.5 0.450446 0.000195506
  299 298.5 0.680328 0.000295281
  300 299.5 1.29977 0.000564135
  301 300.5 0.711796 0.000308939
  302 301.5 0.153226 6.65043e-05
  303 302.5 0.127746 5.54453e-05
  304 303.5 0.521182 0.000226207
  305 304.5 0.477324 0.000207172
  306 305.5 0.237496 0.00010308
  307 306.5 0.32668 0.000141788
  308 307.5 0.79851 0.000346576
  309 308.5 0.5026 0.000218142
  310 309.5 0.24517 0.000106411
  311 310.5 0.591922 0.000256911
  312 311.5 0.661512 0.000287115
  313 312.5 0.588414 0.000255388
  314 313.5 0.902068 0.000391523
  315 314.5 1.0038 0.000435679
  316 315.5 0.928232 0.000402878
  317 316.5 1.02072 0.00044302
  318 317.5 0.785526 0.00034094
  319 318.5 0.782212 0.000339502
  320 319.5 1.05767 0.000459058
  321 320.5 1.25616 0.000545208
  322 321.5 1.00102 0.000434471
  323 322.5 1.22011 0.000529563
  324 323.5 1.20301 0.000522141
  325 324.5 0.929996 0.000403644
  326 325.5 1.06399 0.0004618
  327 326.5 0.771036 0.000334651
  328 327.5 1.19322 0.000517891
  329 328.5 1.28335 0.00055701
  330 329.5 2.16658 0.000940355
  331 330.5 3.92855 0.0017051
  332 331.5 6.63291 0.00287887
  333 332.5 10.1015 0.00438433
  334 333.5 14.5779 0.00632721
  335 334.5 19.9309 0.00865057
  336 335.5 25.2886 0.010976
  337 336.5 29.259 0.0126992
  338 337.5 31.5822 0.0137076
  339 338.5 32.0541 0.0139124
  340 339.5 31.7573 0.0137836
  341 340.5 30.9034 0.0134129
  342 341.5 30.1005 0.0130645
  343 342.5 29.6408 0.012865
  344 343.5 29.2231 0.0126836
  345 344.5 28.7535 0.0124798
  346 345.5 28.4449 0.0123459
  347 346.5 28.2224 0.0122493
  348 347.5 28.0311 0.0121663
  349 348.5 27.8486 0.0120871
  350 349.5 27.7114 0.0120275
  351 350.5 27.6034 0.0119806
  352 351.5 27.5343 0.0119507
  353 352.5 27.4449 0.0119119
  354 353.5 27.3873 0.0118868
  355 354.5 27.3661 0.0118777
  356 355.5 27.3485 0.01187
  357 356.5 27.2882 0.0118438
  358 357.5 27.2485 0.0118266
  359 358.5 27.2757 0.0118384
  360 359.5 27.243 0.0118242
  361 360.5 27.2084 0.0118092
  362 361.5 27.2028 0.0118068
  363 362.5 27.2264 0.011817
  364 363.5 27.1912 0.0118017
  365 364.5 27.1669 0.0117912
  366 365.5 27.1555 0.0117863
  367 366.5 27.1378 0.0117786
  368 367.5 27.1118 0.0117673
  369 368.5 27.0867 0.0117564
  370 369.5 27.0432 0.0117375
  371 370.5 26.9934 0.0117159
  372 371.5 26.957 0.0117001
  373 372.5 26.9183 0.0116833
  374 373.5 26.8082 0.0116355
  375 374.5 26.7094 0.0115926
  376 375.5 26.6039 0.0115468
  377 376.5 26.4814 0.0114937
  378 377.5 26.3101 0.0114193
  379 378.5 26.1216 0.0113375
  380 379.5 25.9026 0.0112424
  381 380.5 25.6242 0.0111216
  382 381.5 25.2745 0.0109698
  383 382.5 24.8975 0.0108062
  384 383.5 24.494 0.0106311
  385 384.5 23.9878 0.0104114
  386 385.5 23.4353 0.0101716
  387 386.5 22.8836 0.00993211
  388 387.5 22.212 0.00964063
  389 388.5 21.5248 0.00934235
  390 389.5 20.7839 0.00902078
  391 390.5 19.9719 0.00866835
  392 391.5 19.151 0.00831206
  393 392.5 18.282 0.0079349
  394 393.5 17.3789 0.00754294
  395 394.5 16.3964 0.0071165
  396 395.5 15.4253 0.00669501
  397 396.5 14.3977 0.00624901
  398 397.5 13.3848 0.00580939
  399 398.5 12.3359 0.00535411
  400 399.5 11.2784 0.00489513
  401 400.5 10.2834 0.00446327
  402 401.5 9.33293 0.00405075
  403 402.5 8.43462 0.00366086
  404 403.5 7.62834 0.00331091
  405 404.5 6.88657 0.00298896
  406 405.5 6.22853 0.00270335
  407 406.5 5.66395 0.00245831
  408 407.5 5.18076 0.00224859
  409 408.5 4.78931 0.00207869
  410 409.5 4.43692 0.00192575
  411 410.5 4.17286 0.00181114
  412 411.5 3.94495 0.00171222
  413 412.5 3.78166 0.00164135
  414 413.5 3.64377 0.0015815
  415 414.5 3.54655 0.0015393
  416 415.5 3.46707 0.0015048
  417 416.5 3.38835 0.00147064
  418 417.5 3.32687 0.00144395
  419 418.5 3.289 0.00142752
  420 419.5 3.26636 0.00141769
  421 420.5 3.23738 0.00140511
  422 421.5 3.22042 0.00139775
  423 422.5 3.20679 0.00139184
  424 423.5 3.1875 0.00138346
  425 424.5 3.18987 0.00138449
  426 425.5 3.19746 0.00138779
  427 426.5 3.18609 0.00138285
  428 427.5 3.17995 0.00138018
  429 428.5 3.17911 0.00137982
  430 429.5 3.16814 0.00137506
  431 430.5 3.16261 0.00137266
  432 431.5 3.16197 0.00137238
  433 432.5 3.15213 0.00136811
  434 433.5 3.14892 0.00136672
  435 434.5 3.14664 0.00136573
  436 435.5 3.13936 0.00136257
  437 436.5 3.13803 0.00136199
  438 437.5 3.14479 0.00136493
  439 438.5 3.14461 0.00136485
  440 439.5 3.16697 0.00137455
  441 440.5 3.16432 0.0013734
  442 441.5 3.16217 0.00137247
  443 442.5 3.16909 0.00137547
  444 443.5 3.16373 0.00137315
  445 444.5 3.16408 0.0013733
  446 445.5 3.16548 0.0013739
  447 446.5 3.16361 0.0013731
  448 447.5 3.16314 0.00137289
  449 448.5 3.17436 0.00137776
  450 449.5 3.16427 0.00137338
  451 450.5 3.15586 0.00136973
  452 451.5 3.15056 0.00136743
  453 452.5 3.14794 0.00136629
  454 453.5 3.14622 0.00136555
  455 454.5 3.14676 0.00136578
  456 455.5 3.1493 0.00136688
  457 456.5 3.15752 0.00137045
  458 457.5 3.1748 0.00137795
  459 458.5 3.17059 0.00137612
  460 459.5 3.15647 0.00137
  461 460.5 3.1682 0.00137509
  462 461.5 3.16844 0.00137519
  463 462.5 3.16523 0.0013738
  464 463.5 3.16932 0.00137557
  465 464.5 3.16069 0.00137183
  466 465.5 3.16283 0.00137276
  467 466.5 3.16644 0.00137432
  468 467.5 3.16449 0.00137348
  469 468.5 3.17232 0.00137688
  470 469.5 3.16776 0.00137489
  471 470.5 3.16569 0.001374
  472 471.5 3.1631 0.00137287
  473 472.5 3.16394 0.00137324
  474 473.5 3.15827 0.00137078
  475 474.5 3.16125 0.00137207
  476 475.5 3.15891 0.00137105
  477 476.5 3.16417 0.00137334
  478 477.5 3.17598 0.00137846
  479 478.5 3.17729 0.00137903
  480 479.5 3.16793 0.00137497
