# Chunk-averaged data for fix tensor2 and group c1
# Timestep Number-of-chunks Total-count
# Chunk Coord1 Ncount density/number
20000000 480 5672
  1 0.5 27.7975 0.0120649
  2 1.5 27.8426 0.0120845
  3 2.5 27.8877 0.012104
  4 3.5 27.8753 0.0120987
  5 4.5 27.8335 0.0120805
  6 5.5 27.9362 0.0121251
  7 6.5 28.0056 0.0121552
  8 7.5 27.9731 0.0121411
  9 8.5 28.0607 0.0121791
  10 9.5 28.1342 0.012211
  11 10.5 28.1223 0.0122059
  12 11.5 28.0959 0.0121944
  13 12.5 28.1712 0.0122271
  14 13.5 28.1874 0.0122341
  15 14.5 28.1552 0.0122202
  16 15.5 28.1974 0.0122384
  17 16.5 28.218 0.0122474
  18 17.5 28.2273 0.0122514
  19 18.5 28.2192 0.0122479
  20 19.5 28.2493 0.012261
  21 20.5 28.2625 0.0122667
  22 21.5 28.238 0.0122561
  23 22.5 28.2421 0.0122579
  24 23.5 28.2281 0.0122518
  25 24.5 28.2715 0.0122706
  26 25.5 28.2679 0.0122691
  27 26.5 28.3779 0.0123168
  28 27.5 28.4181 0.0123342
  29 28.5 28.4456 0.0123462
  30 29.5 28.5155 0.0123765
  31 30.5 28.6011 0.0124137
  32 31.5 28.6944 0.0124542
  33 32.5 28.7763 0.0124897
  34 33.5 28.8499 0.0125217
  35 34.5 28.8993 0.0125431
  36 35.5 28.9587 0.0125689
  37 36.5 28.9824 0.0125792
  38 37.5 29.0597 0.0126127
  39 38.5 29.0253 0.0125978
  40 39.5 28.9196 0.0125519
  41 40.5 28.7299 0.0124696
  42 41.5 28.2626 0.0122668
  43 42.5 27.4378 0.0119088
  44 43.5 26.125 0.011339
  45 44.5 24.215 0.01051
  46 45.5 21.5859 0.00936888
  47 46.5 18.3796 0.00797725
  48 47.5 14.8128 0.00642915
  49 48.5 11.389 0.00494315
  50 49.5 8.22854 0.00357142
  51 50.5 5.59898 0.00243011
  52 51.5 3.61955 0.00157099
  53 52.5 2.22447 0.000965482
  54 53.5 1.34761 0.000584901
  55 54.5 0.831688 0.000360976
  56 55.5 0.553454 0.000240214
  57 56.5 0.41253 0.000179049
  58 57.5 0.336566 0.000146079
  59 58.5 0.297932 0.000129311
  60 59.5 0.280382 0.000121694
  61 60.5 0.268034 0.000116334
  62 61.5 0.259016 0.00011242
  63 62.5 0.252654 0.000109659
  64 63.5 0.249578 0.000108324
  65 64.5 0.250112 0.000108556
  66 65.5 0.249466 0.000108275
  67 66.5 0.251582 0.000109194
  68 67.5 0.24942 0.000108255
  69 68.5 0.248806 0.000107989
  70 69.5 0.246672 0.000107063
  71 70.5 0.248684 0.000107936
  72 71.5 0.249172 0.000108148
  73 72.5 0.247734 0.000107523
  74 73.5 0.249732 0.000108391
  75 74.5 0.247176 0.000107281
  76 75.5 0.248312 0.000107774
  77 76.5 0.246142 0.000106832
  78 77.5 0.246228 0.00010687
  79 78.5 0.245078 0.000106371
  80 79.5 0.24438 0.000106068
  81 80.5 0.2429 0.000105425
  82 81.5 0.245848 0.000106705
  83 82.5 0.245802 0.000106685
  84 83.5 0.242346 0.000105185
  85 84.5 0.244708 0.00010621
  86 85.5 0.245292 0.000106464
  87 86.5 0.248146 0.000107702
  88 87.5 0.245462 0.000106537
  89 88.5 0.246626 0.000107043
  90 89.5 0.245306 0.00010647
  91 90.5 0.24196 0.000105017
  92 91.5 0.241682 0.000104897
  93 92.5 0.241074 0.000104633
  94 93.5 0.243832 0.00010583
  95 94.5 0.245514 0.00010656
  96 95.5 0.243024 0.000105479
  97 96.5 0.24462 0.000106172
  98 97.5 0.246764 0.000107102
  99 98.5 0.243832 0.00010583
  100 99.5 0.243372 0.00010563
  101 100.5 0.245504 0.000106556
  102 101.5 0.246414 0.000106951
  103 102.5 0.246926 0.000107173
  104 103.5 0.248334 0.000107784
  105 104.5 0.2477 0.000107509
  106 105.5 0.244338 0.000106049
  107 106.5 0.247152 0.000107271
  108 107.5 0.24735 0.000107357
  109 108.5 0.244664 0.000106191
  110 109.5 0.243556 0.00010571
  111 110.5 0.245958 0.000106753
  112 111.5 0.24515 0.000106402
  113 112.5 0.244836 0.000106266
  114 113.5 0.247758 0.000107534
  115 114.5 0.24675 0.000107096
  116 115.5 0.245488 0.000106549
  117 116.5 0.248104 0.000107684
  118 117.5 0.250718 0.000108819
  119 118.5 0.246374 0.000106933
  120 119.5 0.246714 0.000107081
  121 120.5 0.24368 0.000105764
  122 121.5 0.243644 0.000105748
  123 122.5 0.241306 0.000104734
  124 123.5 0.243564 0.000105714
  125 124.5 0.246964 0.000107189
  126 125.5 0.245648 0.000106618
  127 126.5 0.25036 0.000108663
  128 127.5 0.253152 0.000109875
  129 128.5 0.248696 0.000107941
  130 129.5 0.247634 0.00010748
  131 130.5 0.247204 0.000107293
  132 131.5 0.24559 0.000106593
  133 132.5 0.2442 0.00010599
  134 133.5 0.244976 0.000106326
  135 134.5 0.248606 0.000107902
  136 135.5 0.2464 0.000106944
  137 136.5 0.240472 0.000104372
  138 137.5 0.242372 0.000105196
  139 138.5 0.242982 0.000105461
  140 139.5 0.243188 0.00010555
  141 140.5 0.243532 0.0001057
  142 141.5 0.24219 0.000105117
  143 142.5 0.24668 0.000107066
  144 143.5 0.245646 0.000106617
  145 144.5 0.243222 0.000105565
  146 145.5 0.243734 0.000105787
  147 146.5 0.243754 0.000105796
  148 147.5 0.244894 0.000106291
  149 148.5 0.244342 0.000106051
  150 149.5 0.247976 0.000107628
  151 150.5 0.244838 0.000106266
  152 151.5 0.24589 0.000106723
  153 152.5 0.246396 0.000106943
  154 153.5 0.244382 0.000106069
  155 154.5 0.242914 0.000105431
  156 155.5 0.241218 0.000104695
  157 156.5 0.241624 0.000104872
  158 157.5 0.24221 0.000105126
  159 158.5 0.244188 0.000105984
  160 159.5 0.241582 0.000104853
  161 160.5 0.241704 0.000104906
  162 161.5 0.240176 0.000104243
  163 162.5 0.238846 0.000103666
  164 163.5 0.237994 0.000103296
  165 164.5 0.238188 0.00010338
  166 165.5 0.23668 0.000102726
  167 166.5 0.241176 0.000104677
  168 167.5 0.240254 0.000104277
  169 168.5 0.2404 0.00010434
  170 169.5 0.241676 0.000104894
  171 170.5 0.243088 0.000105507
  172 171.5 0.244958 0.000106319
  173 172.5 0.240748 0.000104491
  174 173.5 0.241452 0.000104797
  175 174.5 0.24189 0.000104987
  176 175.5 0.244118 0.000105954
  177 176.5 0.24539 0.000106506
  178 177.5 0.244178 0.00010598
  179 178.5 0.247598 0.000107464
  180 179.5 0.247128 0.00010726
  181 180.5 0.243488 0.000105681
  182 181.5 0.243558 0.000105711
  183 182.5 0.24025 0.000104275
  184 183.5 0.239816 0.000104087
  185 184.5 0.243106 0.000105515
  186 185.5 0.245372 0.000106498
  187 186.5 0.24214 0.000105095
  188 187.5 0.24048 0.000104375
  189 188.5 0.24361 0.000105734
  190 189.5 0.24139 0.00010477
  191 190.5 0.244968 0.000106323
  192 191.5 0.245402 0.000106511
  193 192.5 0.246252 0.00010688
  194 193.5 0.24944 0.000108264
  195 194.5 0.25883 0.000112339
  196 195.5 0.273972 0.000118911
  197 196.5 0.29075 0.000126194
  198 197.5 0.325392 0.000141229
  199 198.5 0.390688 0.000169569
  200 199.5 0.524538 0.000227664
  201 200.5 0.791264 0.000343431
  202 201.5 1.28175 0.000556316
  203 202.5 2.15776 0.000936527
  204 203.5 3.60476 0.00156456
  205 204.5 5.75166 0.00249638
  206 205.5 8.59145 0.00372893
  207 206.5 11.9392 0.00518195
  208 207.5 15.4496 0.00670557
  209 208.5 18.7987 0.00815918
  210 209.5 21.724 0.00942881
  211 210.5 24.0732 0.0104484
  212 211.5 25.7402 0.011172
  213 212.5 26.7611 0.011615
  214 213.5 27.325 0.0118598
  215 214.5 27.4739 0.0119244
  216 215.5 27.4099 0.0118966
  217 216.5 27.1183 0.0117701
  218 217.5 26.6389 0.011562
  219 218.5 26.0695 0.0113149
  220 219.5 25.4202 0.0110331
  221 220.5 24.6199 0.0106857
  222 221.5 23.7401 0.0103039
  223 222.5 22.8025 0.00989693
  224 223.5 21.8323 0.00947584
  225 224.5 20.8044 0.00902971
  226 225.5 19.6989 0.00854988
  227 226.5 18.609 0.00807684
  228 227.5 17.4903 0.00759127
  229 228.5 16.349 0.0070959
  230 229.5 15.2187 0.00660535
  231 230.5 14.1712 0.00615068
  232 231.5 13.1766 0.00571902
  233 232.5 12.3589 0.00536411
  234 233.5 11.5085 0.00499502
  235 234.5 10.6998 0.00464401
  236 235.5 10.0268 0.00435192
  237 236.5 9.47368 0.00411184
  238 237.5 8.98936 0.00390163
  239 238.5 8.50138 0.00368984
  240 239.5 8.11744 0.0035232
  241 240.5 7.74684 0.00336234
  242 241.5 7.47504 0.00324438
  243 242.5 7.24526 0.00314464
  244 243.5 7.05747 0.00306314
  245 244.5 6.91496 0.00300128
  246 245.5 6.7513 0.00293025
  247 246.5 6.61514 0.00287115
  248 247.5 6.47506 0.00281036
  249 248.5 6.39366 0.00277502
  250 249.5 6.33513 0.00274962
  251 250.5 6.30237 0.0027354
  252 251.5 6.28703 0.00272875
  253 252.5 6.29972 0.00273426
  254 253.5 6.3474 0.00275495
  255 254.5 6.31839 0.00274236
  256 255.5 6.34223 0.0027527
  257 256.5 6.34942 0.00275582
  258 257.5 6.3548 0.00275816
  259 258.5 6.34747 0.00275498
  260 259.5 6.32318 0.00274444
  261 260.5 6.33516 0.00274963
  262 261.5 6.27511 0.00272357
  263 262.5 6.26246 0.00271808
  264 263.5 6.24841 0.00271198
  265 264.5 6.21697 0.00269834
  266 265.5 6.18394 0.002684
  267 266.5 6.11205 0.0026528
  268 267.5 6.09124 0.00264377
  269 268.5 6.03988 0.00262147
  270 269.5 6.03128 0.00261774
  271 270.5 6.05103 0.00262631
  272 271.5 6.03865 0.00262094
  273 272.5 6.02524 0.00261512
  274 273.5 6.05075 0.00262619
  275 274.5 6.03041 0.00261736
  276 275.5 6.01944 0.0026126
  277 276.5 6.01593 0.00261108
  278 277.5 6.01691 0.00261151
  279 278.5 6.00663 0.00260704
  280 279.5 5.988 0.00259896
  281 280.5 5.9319 0.00257461
  282 281.5 5.9168 0.00256805
  283 282.5 5.94667 0.00258102
  284 283.5 5.97873 0.00259494
  285 284.5 5.97564 0.00259359
  286 285.5 5.97686 0.00259412
  287 286.5 5.99929 0.00260386
  288 287.5 5.97433 0.00259303
  289 288.5 5.93542 0.00257614
  290 289.5 5.91063 0.00256538
  291 290.5 5.8957 0.0025589
  292 291.5 5.89993 0.00256073
  293 292.5 5.86378 0.00254504
  294 293.5 5.87494 0.00254989
  295 294.5 5.87149 0.00254839
  296 295.5 5.88002 0.00255209
  297 296.5 5.90815 0.0025643
  298 297.5 5.95883 0.0025863
  299 298.5 6.00708 0.00260724
  300 299.5 6.04101 0.00262197
  301 300.5 6.07564 0.002637
  302 301.5 6.15313 0.00267063
  303 302.5 6.23475 0.00270605
  304 303.5 6.3228 0.00274427
  305 304.5 6.39124 0.00277398
  306 305.5 6.43488 0.00279292
  307 306.5 6.45236 0.0028005
  308 307.5 6.43514 0.00279303
  309 308.5 6.43581 0.00279332
  310 309.5 6.39164 0.00277415
  311 310.5 6.37798 0.00276822
  312 311.5 6.34015 0.0027518
  313 312.5 6.27575 0.00272385
  314 313.5 6.25095 0.00271309
  315 314.5 6.209 0.00269488
  316 315.5 6.16533 0.00267593
  317 316.5 6.11874 0.0026557
  318 317.5 6.1146 0.00265391
  319 318.5 6.11523 0.00265418
  320 319.5 6.12507 0.00265845
  321 320.5 6.09406 0.00264499
  322 321.5 6.10994 0.00265188
  323 322.5 6.07935 0.00263861
  324 323.5 6.05767 0.0026292
  325 324.5 6.03921 0.00262119
  326 325.5 5.97729 0.00259431
  327 326.5 5.94012 0.00257818
  328 327.5 5.9265 0.00257227
  329 328.5 5.9142 0.00256693
  330 329.5 5.87561 0.00255018
  331 330.5 5.87316 0.00254912
  332 331.5 5.8607 0.00254371
  333 332.5 5.86356 0.00254495
  334 333.5 5.82749 0.00252929
  335 334.5 5.83357 0.00253193
  336 335.5 5.84137 0.00253532
  337 336.5 5.81814 0.00252524
  338 337.5 5.83099 0.00253081
  339 338.5 5.90163 0.00256147
  340 339.5 5.90863 0.00256451
  341 340.5 5.9521 0.00258338
  342 341.5 5.96981 0.00259106
  343 342.5 5.97678 0.00259409
  344 343.5 5.97767 0.00259447
  345 344.5 5.995 0.002602
  346 345.5 6.03559 0.00261962
  347 346.5 6.1068 0.00265052
  348 347.5 6.22033 0.0026998
  349 348.5 6.27623 0.00272406
  350 349.5 6.35852 0.00275978
  351 350.5 6.42214 0.00278739
  352 351.5 6.47893 0.00281204
  353 352.5 6.56768 0.00285055
  354 353.5 6.64977 0.00288618
  355 354.5 6.67681 0.00289792
  356 355.5 6.73029 0.00292113
  357 356.5 6.77189 0.00293919
  358 357.5 6.76439 0.00293593
  359 358.5 6.77003 0.00293838
  360 359.5 6.83525 0.00296669
  361 360.5 6.95957 0.00302065
  362 361.5 7.05043 0.00306008
  363 362.5 7.1092 0.00308559
  364 363.5 7.22088 0.00313406
  365 364.5 7.36581 0.00319697
  366 365.5 7.51303 0.00326087
  367 366.5 7.68507 0.00333553
  368 367.5 7.91445 0.00343509
  369 368.5 8.14905 0.00353691
  370 369.5 8.40728 0.00364899
  371 370.5 8.79199 0.00381597
  372 371.5 9.2001 0.0039931
  373 372.5 9.60259 0.00416779
  374 373.5 10.1067 0.00438661
  375 374.5 10.6284 0.00461302
  376 375.5 11.1617 0.00484449
  377 376.5 11.8017 0.00512227
  378 377.5 12.5326 0.00543949
  379 378.5 13.3241 0.00578302
  380 379.5 14.0691 0.00610636
  381 380.5 14.844 0.0064427
  382 381.5 15.6765 0.00680402
  383 382.5 16.4562 0.00714245
  384 383.5 17.3261 0.00752003
  385 384.5 18.1951 0.00789716
  386 385.5 18.9958 0.00824469
  387 386.5 19.8305 0.00860698
  388 387.5 20.6776 0.00897467
  389 388.5 21.436 0.00930383
  390 389.5 22.134 0.00960676
  391 390.5 22.8739 0.00992789
  392 391.5 23.5239 0.01021
  393 392.5 24.0265 0.0104282
  394 393.5 24.5296 0.0106465
  395 394.5 25.0097 0.0108549
  396 395.5 25.4334 0.0110388
  397 396.5 25.8006 0.0111982
  398 397.5 26.1162 0.0113352
  399 398.5 26.5097 0.011506
  400 399.5 26.7463 0.0116086
  401 400.5 26.9504 0.0116972
  402 401.5 27.1668 0.0117912
  403 402.5 27.3497 0.0118705
  404 403.5 27.4238 0.0119027
  405 404.5 27.5875 0.0119738
  406 405.5 27.7739 0.0120547
  407 406.5 27.842 0.0120842
  408 407.5 27.9403 0.0121269
  409 408.5 28.0652 0.0121811
  410 409.5 28.1428 0.0122147
  411 410.5 28.1998 0.0122395
  412 411.5 28.1923 0.0122362
  413 412.5 28.2331 0.012254
  414 413.5 28.228 0.0122518
  415 414.5 28.2795 0.0122741
  416 415.5 28.3075 0.0122862
  417 416.5 28.328 0.0122951
  418 417.5 28.3192 0.0122913
  419 418.5 28.3535 0.0123062
  420 419.5 28.3374 0.0122992
  421 420.5 28.3271 0.0122947
  422 421.5 28.3328 0.0122972
  423 422.5 28.3445 0.0123023
  424 423.5 28.2832 0.0122757
  425 424.5 28.2584 0.012265
  426 425.5 28.2973 0.0122818
  427 426.5 28.3268 0.0122946
  428 427.5 28.2785 0.0122737
  429 428.5 28.2602 0.0122657
  430 429.5 28.2449 0.0122591
  431 430.5 28.2355 0.012255
  432 431.5 28.1902 0.0122353
  433 432.5 28.1734 0.0122281
  434 433.5 28.2258 0.0122508
  435 434.5 28.1173 0.0122037
  436 435.5 28.1359 0.0122118
  437 436.5 28.2073 0.0122428
  438 437.5 28.1961 0.0122379
  439 438.5 28.1915 0.0122359
  440 439.5 28.2224 0.0122493
  441 440.5 28.295 0.0122808
  442 441.5 28.2368 0.0122556
  443 442.5 28.2268 0.0122512
  444 443.5 28.2308 0.012253
  445 444.5 28.3156 0.0122897
  446 445.5 28.2912 0.0122792
  447 446.5 28.2874 0.0122775
  448 447.5 28.2914 0.0122793
  449 448.5 28.2517 0.012262
  450 449.5 28.2834 0.0122758
  451 450.5 28.3089 0.0122868
  452 451.5 28.3216 0.0122923
  453 452.5 28.3514 0.0123053
  454 453.5 28.3776 0.0123167
  455 454.5 28.3343 0.0122979
  456 455.5 28.316 0.0122899
  457 456.5 28.3599 0.012309
  458 457.5 28.3357 0.0122985
  459 458.5 28.2593 0.0122653
  460 459.5 28.252 0.0122621
  461 460.5 28.2767 0.0122729
  462 461.5 28.1653 0.0122245
  463 462.5 28.1819 0.0122317
  464 463.5 28.1573 0.012221
  465 464.5 28.1257 0.0122073
  466 465.5 28.0596 0.0121786
  467 466.5 28.1047 0.0121982
  468 467.5 28.0817 0.0121882
  469 468.5 27.9489 0.0121306
  470 469.5 27.9356 0.0121248
  471 470.5 27.9363 0.0121251
  472 471.5 27.9022 0.0121104
  473 472.5 27.8653 0.0120943
  474 473.5 27.8673 0.0120952
  475 474.5 27.9281 0.0121216
  476 475.5 27.8845 0.0121027
  477 476.5 27.828 0.0120781
  478 477.5 27.7888 0.0120611
  479 478.5 27.8421 0.0120842
  480 479.5 27.8694 0.0120961
30000000 480 5672
  1 0.5 27.1331 0.0117765
  2 1.5 27.1126 0.0117676
  3 2.5 27.1463 0.0117822
  4 3.5 27.1596 0.011788
  5 4.5 27.1195 0.0117706
  6 5.5 27.1112 0.011767
  7 6.5 27.1452 0.0117818
  8 7.5 27.105 0.0117643
  9 8.5 27.0836 0.011755
  10 9.5 27.0916 0.0117585
  11 10.5 27.1085 0.0117658
  12 11.5 27.0391 0.0117357
  13 12.5 27.0915 0.0117585
  14 13.5 27.1589 0.0117877
  15 14.5 27.1749 0.0117947
  16 15.5 27.1372 0.0117783
  17 16.5 27.1997 0.0118054
  18 17.5 27.2632 0.011833
  19 18.5 27.3007 0.0118493
  20 19.5 27.3679 0.0118784
  21 20.5 27.4637 0.01192
  22 21.5 27.4913 0.011932
  23 22.5 27.5516 0.0119581
  24 23.5 27.6331 0.0119935
  25 24.5 27.6317 0.0119929
  26 25.5 27.6772 0.0120127
  27 26.5 27.7701 0.012053
  28 27.5 27.839 0.0120829
  29 28.5 27.8871 0.0121038
  30 29.5 28.0241 0.0121632
  31 30.5 28.0595 0.0121786
  32 31.5 28.1729 0.0122278
  33 32.5 28.2912 0.0122792
  34 33.5 28.3737 0.012315
  35 34.5 28.4409 0.0123441
  36 35.5 28.5059 0.0123724
  37 36.5 28.5537 0.0123931
  38 37.5 28.51 0.0123742
  39 38.5 28.4017 0.0123271
  40 39.5 28.0507 0.0121748
  41 40.5 27.4135 0.0118982
  42 41.5 26.3841 0.0114514
  43 42.5 24.8297 0.0107768
  44 43.5 22.5972 0.00980783
  45 44.5 19.8412 0.00861165
  46 45.5 16.728 0.00726041
  47 46.5 13.4271 0.00582774
  48 47.5 10.2449 0.00444657
  49 48.5 7.37646 0.00320159
  50 49.5 5.00085 0.00217051
  51 50.5 3.17971 0.00138008
  52 51.5 1.95554 0.00084876
  53 52.5 1.18882 0.000515983
  54 53.5 0.746562 0.000324029
  55 54.5 0.504528 0.000218979
  56 55.5 0.37889 0.000164449
  57 56.5 0.316768 0.000137486
  58 57.5 0.283786 0.000123171
  59 58.5 0.264682 0.000114879
  60 59.5 0.25442 0.000110425
  61 60.5 0.247482 0.000107414
  62 61.5 0.24081 0.000104518
  63 62.5 0.241232 0.000104701
  64 63.5 0.23923 0.000103832
  65 64.5 0.24103 0.000104614
  66 65.5 0.239148 0.000103797
  67 66.5 0.237158 0.000102933
  68 67.5 0.236266 0.000102546
  69 68.5 0.2387 0.000103602
  70 69.5 0.238286 0.000103423
  71 70.5 0.235104 0.000102042
  72 71.5 0.234168 0.000101635
  73 72.5 0.236018 0.000102438
  74 73.5 0.237572 0.000103113
  75 74.5 0.235726 0.000102312
  76 75.5 0.238252 0.000103408
  77 76.5 0.239154 0.000103799
  78 77.5 0.237108 0.000102911
  79 78.5 0.238542 0.000103534
  80 79.5 0.23947 0.000103937
  81 80.5 0.239008 0.000103736
  82 81.5 0.24337 0.000105629
  83 82.5 0.244728 0.000106219
  84 83.5 0.244816 0.000106257
  85 84.5 0.242384 0.000105201
  86 85.5 0.246658 0.000107056
  87 86.5 0.244168 0.000105976
  88 87.5 0.241796 0.000104946
  89 88.5 0.244092 0.000105943
  90 89.5 0.244738 0.000106223
  91 90.5 0.246794 0.000107115
  92 91.5 0.247706 0.000107511
  93 92.5 0.24802 0.000107648
  94 93.5 0.249292 0.0001082
  95 94.5 0.2501 0.00010855
  96 95.5 0.24605 0.000106793
  97 96.5 0.24879 0.000107982
  98 97.5 0.249534 0.000108305
  99 98.5 0.252034 0.00010939
  100 99.5 0.247716 0.000107516
  101 100.5 0.250486 0.000108718
  102 101.5 0.246372 0.000106932
  103 102.5 0.250302 0.000108638
  104 103.5 0.245226 0.000106435
  105 104.5 0.245658 0.000106622
  106 105.5 0.247032 0.000107219
  107 106.5 0.246846 0.000107138
  108 107.5 0.244512 0.000106125
  109 108.5 0.241852 0.00010497
  110 109.5 0.243172 0.000105543
  111 110.5 0.241904 0.000104993
  112 111.5 0.243108 0.000105516
  113 112.5 0.238748 0.000103623
  114 113.5 0.241088 0.000104639
  115 114.5 0.24295 0.000105447
  116 115.5 0.24248 0.000105243
  117 116.5 0.243332 0.000105613
  118 117.5 0.245668 0.000106627
  119 118.5 0.24001 0.000104171
  120 119.5 0.239634 0.000104008
  121 120.5 0.24029 0.000104293
  122 121.5 0.23966 0.000104019
  123 122.5 0.241364 0.000104759
  124 123.5 0.242336 0.000105181
  125 124.5 0.240084 0.000104203
  126 125.5 0.239 0.000103733
  127 126.5 0.235706 0.000102303
  128 127.5 0.238372 0.00010346
  129 128.5 0.24044 0.000104358
  130 129.5 0.242068 0.000105064
  131 130.5 0.238726 0.000103614
  132 131.5 0.242226 0.000105133
  133 132.5 0.240448 0.000104361
  134 133.5 0.242246 0.000105141
  135 134.5 0.24424 0.000106007
  136 135.5 0.24635 0.000106923
  137 136.5 0.242128 0.00010509
  138 137.5 0.243958 0.000105885
  139 138.5 0.244636 0.000106179
  140 139.5 0.242716 0.000105345
  141 140.5 0.241828 0.00010496
  142 141.5 0.241328 0.000104743
  143 142.5 0.242966 0.000105454
  144 143.5 0.246868 0.000107148
  145 144.5 0.244134 0.000105961
  146 145.5 0.244572 0.000106151
  147 146.5 0.242156 0.000105102
  148 147.5 0.240252 0.000104276
  149 148.5 0.241542 0.000104836
  150 149.5 0.239212 0.000103825
  151 150.5 0.24086 0.00010454
  152 151.5 0.238206 0.000103388
  153 152.5 0.241626 0.000104872
  154 153.5 0.242032 0.000105049
  155 154.5 0.240218 0.000104261
  156 155.5 0.241842 0.000104966
  157 156.5 0.241278 0.000104721
  158 157.5 0.241358 0.000104756
  159 158.5 0.242596 0.000105293
  160 159.5 0.2448 0.00010625
  161 160.5 0.245678 0.000106631
  162 161.5 0.247042 0.000107223
  163 162.5 0.24397 0.00010589
  164 163.5 0.245338 0.000106484
  165 164.5 0.248246 0.000107746
  166 165.5 0.243858 0.000105841
  167 166.5 0.247452 0.000107401
  168 167.5 0.245164 0.000106408
  169 168.5 0.24264 0.000105312
  170 169.5 0.241814 0.000104954
  171 170.5 0.243258 0.000105581
  172 171.5 0.239464 0.000103934
  173 172.5 0.23902 0.000103741
  174 173.5 0.240002 0.000104168
  175 174.5 0.241832 0.000104962
  176 175.5 0.243064 0.000105497
  177 176.5 0.243828 0.000105828
  178 177.5 0.243412 0.000105648
  179 178.5 0.244264 0.000106017
  180 179.5 0.244812 0.000106255
  181 180.5 0.247704 0.00010751
  182 181.5 0.246624 0.000107042
  183 182.5 0.243874 0.000105848
  184 183.5 0.241438 0.000104791
  185 184.5 0.241076 0.000104634
  186 185.5 0.241038 0.000104617
  187 186.5 0.243724 0.000105783
  188 187.5 0.246292 0.000106898
  189 188.5 0.2454 0.00010651
  190 189.5 0.247522 0.000107431
  191 190.5 0.249136 0.000108132
  192 191.5 0.254262 0.000110357
  193 192.5 0.258362 0.000112136
  194 193.5 0.266244 0.000115557
  195 194.5 0.286738 0.000124452
  196 195.5 0.319904 0.000138847
  197 196.5 0.386562 0.000167779
  198 197.5 0.516432 0.000224146
  199 198.5 0.752926 0.000326791
  200 199.5 1.20229 0.000521828
  201 200.5 1.98684 0.000862345
  202 201.5 3.25208 0.00141149
  203 202.5 5.11457 0.00221987
  204 203.5 7.59533 0.00329658
  205 204.5 10.4944 0.00455487
  206 205.5 13.7067 0.0059491
  207 206.5 16.9648 0.0073632
  208 207.5 20.0333 0.008695
  209 208.5 22.7513 0.0098747
  210 209.5 24.8289 0.0107764
  211 210.5 26.2763 0.0114046
  212 211.5 27.0819 0.0117543
  213 212.5 27.5439 0.0119548
  214 213.5 27.6111 0.011984
  215 214.5 27.5021 0.0119367
  216 215.5 27.2361 0.0118212
  217 216.5 26.815 0.0116385
  218 217.5 26.3168 0.0114222
  219 218.5 25.6847 0.0111479
  220 219.5 25.0309 0.0108641
  221 220.5 24.2385 0.0105202
  222 221.5 23.3368 0.0101288
  223 222.5 22.3337 0.00969344
  224 223.5 21.3771 0.00927827
  225 224.5 20.2922 0.00880739
  226 225.5 19.1593 0.00831566
  227 226.5 18.0786 0.00784661
  228 227.5 16.9404 0.00735261
  229 228.5 15.8487 0.00687877
  230 229.5 14.7664 0.00640902
  231 230.5 13.7355 0.00596157
  232 231.5 12.7799 0.00554684
  233 232.5 12.0192 0.00521665
  234 233.5 11.3227 0.00491439
  235 234.5 10.6433 0.00461951
  236 235.5 10.0627 0.00436747
  237 236.5 9.60022 0.00416676
  238 237.5 9.13458 0.00396466
  239 238.5 8.71768 0.00378372
  240 239.5 8.36848 0.00363215
  241 240.5 8.06614 0.00350093
  242 241.5 7.77751 0.00337566
  243 242.5 7.53597 0.00327082
  244 243.5 7.35455 0.00319208
  245 244.5 7.17613 0.00311464
  246 245.5 7.02857 0.0030506
  247 246.5 6.93846 0.00301148
  248 247.5 6.79787 0.00295046
  249 248.5 6.66997 0.00289495
  250 249.5 6.53167 0.00283493
  251 250.5 6.42098 0.00278688
  252 251.5 6.37823 0.00276833
  253 252.5 6.31065 0.002739
  254 253.5 6.25721 0.0027158
  255 254.5 6.17918 0.00268194
  256 255.5 6.09495 0.00264538
  257 256.5 6.02633 0.00261559
  258 257.5 5.9831 0.00259683
  259 258.5 5.93106 0.00257425
  260 259.5 5.9041 0.00256254
  261 260.5 5.87333 0.00254919
  262 261.5 5.85205 0.00253995
  263 262.5 5.84628 0.00253745
  264 263.5 5.85035 0.00253922
  265 264.5 5.84619 0.00253741
  266 265.5 5.84693 0.00253773
  267 266.5 5.84526 0.002537
  268 267.5 5.83365 0.00253197
  269 268.5 5.85203 0.00253994
  270 269.5 5.872 0.00254861
  271 270.5 5.89184 0.00255722
  272 271.5 5.88456 0.00255406
  273 272.5 5.90849 0.00256445
  274 273.5 5.88191 0.00255291
  275 274.5 5.87308 0.00254908
  276 275.5 5.87783 0.00255114
  277 276.5 5.87266 0.0025489
  278 277.5 5.88551 0.00255447
  279 278.5 5.88846 0.00255575
  280 279.5 5.9033 0.0025622
  281 280.5 5.9304 0.00257396
  282 281.5 5.96775 0.00259017
  283 282.5 5.96126 0.00258735
  284 283.5 5.94262 0.00257926
  285 284.5 5.9279 0.00257287
  286 285.5 5.95623 0.00258517
  287 286.5 5.96894 0.00259068
  288 287.5 5.97679 0.00259409
  289 288.5 5.9554 0.00258481
  290 289.5 5.95953 0.0025866
  291 290.5 5.95608 0.00258511
  292 291.5 5.94838 0.00258176
  293 292.5 5.91534 0.00256742
  294 293.5 5.83805 0.00253388
  295 294.5 5.85054 0.0025393
  296 295.5 5.84009 0.00253476
  297 296.5 5.84897 0.00253861
  298 297.5 5.85423 0.0025409
  299 298.5 5.87815 0.00255128
  300 299.5 5.85832 0.00254267
  301 300.5 5.85448 0.00254101
  302 301.5 5.87577 0.00255025
  303 302.5 5.88331 0.00255352
  304 303.5 5.9043 0.00256263
  305 304.5 5.92384 0.00257111
  306 305.5 5.9475 0.00258138
  307 306.5 6.01778 0.00261189
  308 307.5 6.05875 0.00262967
  309 308.5 6.07023 0.00263465
  310 309.5 6.03809 0.0026207
  311 310.5 6.05348 0.00262738
  312 311.5 6.09146 0.00264386
  313 312.5 6.0888 0.00264271
  314 313.5 6.08896 0.00264278
  315 314.5 6.11752 0.00265517
  316 315.5 6.15099 0.0026697
  317 316.5 6.16819 0.00267716
  318 317.5 6.17904 0.00268187
  319 318.5 6.20928 0.002695
  320 319.5 6.18582 0.00268482
  321 320.5 6.18252 0.00268339
  322 321.5 6.20335 0.00269243
  323 322.5 6.24113 0.00270882
  324 323.5 6.27255 0.00272246
  325 324.5 6.29409 0.00273181
  326 325.5 6.33674 0.00275032
  327 326.5 6.36843 0.00276408
  328 327.5 6.42322 0.00278786
  329 328.5 6.45637 0.00280224
  330 329.5 6.48282 0.00281373
  331 330.5 6.49173 0.00281759
  332 331.5 6.51507 0.00282772
  333 332.5 6.54468 0.00284057
  334 333.5 6.58466 0.00285793
  335 334.5 6.60943 0.00286868
  336 335.5 6.63439 0.00287951
  337 336.5 6.63237 0.00287863
  338 337.5 6.61408 0.00287069
  339 338.5 6.61048 0.00286913
  340 339.5 6.62062 0.00287353
  341 340.5 6.63875 0.0028814
  342 341.5 6.62921 0.00287726
  343 342.5 6.62645 0.00287607
  344 343.5 6.65316 0.00288766
  345 344.5 6.64502 0.00288412
  346 345.5 6.63222 0.00287857
  347 346.5 6.5962 0.00286293
  348 347.5 6.53529 0.0028365
  349 348.5 6.51516 0.00282776
  350 349.5 6.5258 0.00283238
  351 350.5 6.51519 0.00282777
  352 351.5 6.5119 0.00282635
  353 352.5 6.57807 0.00285506
  354 353.5 6.65713 0.00288938
  355 354.5 6.72588 0.00291922
  356 355.5 6.77622 0.00294107
  357 356.5 6.80323 0.00295279
  358 357.5 6.91051 0.00299935
  359 358.5 7.02309 0.00304822
  360 359.5 7.14117 0.00309947
  361 360.5 7.2828 0.00316094
  362 361.5 7.53243 0.00326928
  363 362.5 7.76803 0.00337154
  364 363.5 8.07636 0.00350537
  365 364.5 8.42909 0.00365846
  366 365.5 8.84933 0.00384085
  367 366.5 9.34395 0.00405553
  368 367.5 9.88771 0.00429154
  369 368.5 10.4394 0.004531
  370 369.5 11.1022 0.00481867
  371 370.5 11.7822 0.0051138
  372 371.5 12.5485 0.00544639
  373 372.5 13.3537 0.00579589
  374 373.5 14.1832 0.00615592
  375 374.5 15.0201 0.00651912
  376 375.5 15.9977 0.00694343
  377 376.5 16.9964 0.00737693
  378 377.5 17.9233 0.0077792
  379 378.5 18.8791 0.00819406
  380 379.5 19.8601 0.00861982
  381 380.5 20.7327 0.00899858
  382 381.5 21.6231 0.00938503
  383 382.5 22.4516 0.00974461
  384 383.5 23.1685 0.0100558
  385 384.5 23.7752 0.0103191
  386 385.5 24.3434 0.0105657
  387 386.5 24.8532 0.010787
  388 387.5 25.231 0.010951
  389 388.5 25.5476 0.0110884
  390 389.5 25.8943 0.0112388
  391 390.5 26.2078 0.0113749
  392 391.5 26.4189 0.0114665
  393 392.5 26.6549 0.0115689
  394 393.5 26.7976 0.0116309
  395 394.5 26.9669 0.0117044
  396 395.5 27.1305 0.0117754
  397 396.5 27.2128 0.0118111
  398 397.5 27.293 0.0118459
  399 398.5 27.3711 0.0118798
  400 399.5 27.3898 0.0118879
  401 400.5 27.4252 0.0119033
  402 401.5 27.4978 0.0119348
  403 402.5 27.5114 0.0119407
  404 403.5 27.5043 0.0119377
  405 404.5 27.5262 0.0119471
  406 405.5 27.5114 0.0119407
  407 406.5 27.4638 0.0119201
  408 407.5 27.4267 0.011904
  409 408.5 27.4802 0.0119272
  410 409.5 27.48 0.0119271
  411 410.5 27.4631 0.0119197
  412 411.5 27.441 0.0119101
  413 412.5 27.4578 0.0119175
  414 413.5 27.4499 0.011914
  415 414.5 27.4354 0.0119077
  416 415.5 27.4474 0.011913
  417 416.5 27.3856 0.0118861
  418 417.5 27.378 0.0118828
  419 418.5 27.3617 0.0118757
  420 419.5 27.3274 0.0118609
  421 420.5 27.2392 0.0118225
  422 421.5 27.1401 0.0117796
  423 422.5 27.1462 0.0117822
  424 423.5 27.0385 0.0117355
  425 424.5 26.9456 0.0116951
  426 425.5 26.9247 0.0116861
  427 426.5 26.8627 0.0116592
  428 427.5 26.7813 0.0116238
  429 428.5 26.6978 0.0115876
  430 429.5 26.641 0.0115629
  431 430.5 26.5119 0.0115069
  432 431.5 26.4208 0.0114674
  433 432.5 26.4081 0.0114619
  434 433.5 26.3073 0.0114181
  435 434.5 26.2137 0.0113775
  436 435.5 26.2178 0.0113793
  437 436.5 26.2304 0.0113847
  438 437.5 26.1422 0.0113464
  439 438.5 26.1309 0.0113416
  440 439.5 26.1615 0.0113548
  441 440.5 26.1041 0.0113299
  442 441.5 26.0792 0.0113191
  443 442.5 26.1029 0.0113294
  444 443.5 26.1797 0.0113627
  445 444.5 26.1498 0.0113497
  446 445.5 26.1826 0.011364
  447 446.5 26.2101 0.0113759
  448 447.5 26.1976 0.0113705
  449 448.5 26.2319 0.0113854
  450 449.5 26.2582 0.0113968
  451 450.5 26.2853 0.0114086
  452 451.5 26.3479 0.0114357
  453 452.5 26.406 0.011461
  454 453.5 26.4274 0.0114702
  455 454.5 26.465 0.0114866
  456 455.5 26.5372 0.0115179
  457 456.5 26.5605 0.011528
  458 457.5 26.6059 0.0115477
  459 458.5 26.6659 0.0115737
  460 459.5 26.735 0.0116037
  461 460.5 26.7374 0.0116048
  462 461.5 26.7475 0.0116092
  463 462.5 26.7497 0.0116101
  464 463.5 26.7995 0.0116317
  465 464.5 26.8667 0.0116609
  466 465.5 26.9123 0.0116807
  467 466.5 26.9286 0.0116878
  468 467.5 26.9975 0.0117177
  469 468.5 27.0236 0.011729
  470 469.5 27.0121 0.011724
  471 470.5 27.0694 0.0117488
  472 471.5 27.1268 0.0117738
  473 472.5 27.1435 0.011781
  474 473.5 27.1078 0.0117655
  475 474.5 27.1435 0.011781
  476 475.5 27.1704 0.0117927
  477 476.5 27.1522 0.0117848
  478 477.5 27.1146 0.0117685
  479 478.5 27.1729 0.0117938
  480 479.5 27.1572 0.011787
40000000 480 5672
  1 0.5 27.0835 0.011755
  2 1.5 27.1543 0.0117857
  3 2.5 27.1458 0.011782
  4 3.5 27.2048 0.0118076
  5 4.5 27.2381 0.0118221
  6 5.5 27.2736 0.0118375
  7 6.5 27.2809 0.0118407
  8 7.5 27.2988 0.0118484
  9 8.5 27.2577 0.0118306
  10 9.5 27.2552 0.0118295
  11 10.5 27.2263 0.011817
  12 11.5 27.1943 0.0118031
  13 12.5 27.1621 0.0117891
  14 13.5 27.1495 0.0117836
  15 14.5 27.1207 0.0117711
  16 15.5 27.1337 0.0117768
  17 16.5 27.1453 0.0117818
  18 17.5 27.1461 0.0117822
  19 18.5 27.1621 0.0117891
  20 19.5 27.1251 0.011773
  21 20.5 27.1813 0.0117974
  22 21.5 27.2373 0.0118217
  23 22.5 27.2315 0.0118192
  24 23.5 27.2216 0.0118149
  25 24.5 27.3036 0.0118505
  26 25.5 27.4 0.0118924
  27 26.5 27.465 0.0119206
  28 27.5 27.5204 0.0119446
  29 28.5 27.6012 0.0119797
  30 29.5 27.6803 0.012014
  31 30.5 27.7678 0.012052
  32 31.5 27.9194 0.0121178
  33 32.5 28.047 0.0121732
  34 33.5 28.1171 0.0122036
  35 34.5 28.2198 0.0122482
  36 35.5 28.268 0.0122691
  37 36.5 28.2826 0.0122754
  38 37.5 28.1567 0.0122208
  39 38.5 27.8068 0.0120689
  40 39.5 27.1223 0.0117719
  41 40.5 25.9216 0.0112507
  42 41.5 24.0003 0.0104168
  43 42.5 21.3052 0.00924704
  44 43.5 17.8667 0.00775463
  45 44.5 13.9981 0.00607555
  46 45.5 10.2078 0.00443048
  47 46.5 6.91768 0.00300247
  48 47.5 4.39845 0.00190905
  49 48.5 2.64881 0.00114966
  50 49.5 1.56617 0.00067976
  51 50.5 0.942586 0.000409109
  52 51.5 0.608422 0.000264072
  53 52.5 0.434474 0.000188574
  54 53.5 0.344406 0.000149482
  55 54.5 0.296772 0.000128807
  56 55.5 0.276836 0.000120155
  57 56.5 0.262302 0.000113846
  58 57.5 0.253176 0.000109885
  59 58.5 0.250616 0.000108774
  60 59.5 0.247316 0.000107342
  61 60.5 0.245054 0.00010636
  62 61.5 0.244732 0.00010622
  63 62.5 0.242352 0.000105188
  64 63.5 0.243526 0.000105697
  65 64.5 0.243492 0.000105682
  66 65.5 0.2426 0.000105295
  67 66.5 0.241202 0.000104688
  68 67.5 0.24109 0.00010464
  69 68.5 0.240198 0.000104253
  70 69.5 0.239976 0.000104156
  71 70.5 0.240818 0.000104522
  72 71.5 0.242068 0.000105064
  73 72.5 0.23993 0.000104136
  74 73.5 0.240372 0.000104328
  75 74.5 0.238638 0.000103576
  76 75.5 0.241898 0.00010499
  77 76.5 0.241476 0.000104807
  78 77.5 0.239932 0.000104137
  79 78.5 0.240156 0.000104234
  80 79.5 0.2408 0.000104514
  81 80.5 0.245368 0.000106497
  82 81.5 0.246344 0.00010692
  83 82.5 0.239676 0.000104026
  84 83.5 0.244088 0.000105941
  85 84.5 0.244192 0.000105986
  86 85.5 0.243182 0.000105548
  87 86.5 0.2427 0.000105339
  88 87.5 0.2403 0.000104297
  89 88.5 0.242266 0.00010515
  90 89.5 0.241798 0.000104947
  91 90.5 0.24312 0.000105521
  92 91.5 0.246774 0.000107107
  93 92.5 0.24987 0.000108451
  94 93.5 0.244434 0.000106091
  95 94.5 0.246066 0.000106799
  96 95.5 0.244562 0.000106147
  97 96.5 0.244768 0.000106236
  98 97.5 0.243714 0.000105779
  99 98.5 0.243774 0.000105805
  100 99.5 0.243918 0.000105867
  101 100.5 0.242098 0.000105077
  102 101.5 0.243854 0.000105839
  103 102.5 0.244684 0.0001062
  104 103.5 0.244604 0.000106165
  105 104.5 0.24284 0.000105399
  106 105.5 0.241692 0.000104901
  107 106.5 0.242032 0.000105049
  108 107.5 0.23975 0.000104058
  109 108.5 0.23898 0.000103724
  110 109.5 0.237896 0.000103253
  111 110.5 0.234922 0.000101963
  112 111.5 0.238508 0.000103519
  113 112.5 0.23935 0.000103885
  114 113.5 0.241556 0.000104842
  115 114.5 0.240694 0.000104468
  116 115.5 0.242298 0.000105164
  117 116.5 0.242792 0.000105378
  118 117.5 0.24143 0.000104787
  119 118.5 0.241664 0.000104889
  120 119.5 0.241494 0.000104815
  121 120.5 0.243258 0.000105581
  122 121.5 0.243262 0.000105582
  123 122.5 0.241662 0.000104888
  124 123.5 0.243452 0.000105665
  125 124.5 0.243974 0.000105891
  126 125.5 0.2433 0.000105599
  127 126.5 0.24732 0.000107344
  128 127.5 0.251488 0.000109153
  129 128.5 0.252272 0.000109493
  130 129.5 0.250522 0.000108734
  131 130.5 0.246458 0.00010697
  132 131.5 0.247142 0.000107266
  133 132.5 0.245348 0.000106488
  134 133.5 0.240708 0.000104474
  135 134.5 0.242472 0.00010524
  136 135.5 0.241752 0.000104927
  137 136.5 0.242256 0.000105146
  138 137.5 0.240482 0.000104376
  139 138.5 0.244958 0.000106319
  140 139.5 0.24319 0.000105551
  141 140.5 0.245098 0.000106379
  142 141.5 0.248604 0.000107901
  143 142.5 0.244412 0.000106082
  144 143.5 0.247478 0.000107412
  145 144.5 0.24901 0.000108077
  146 145.5 0.250752 0.000108833
  147 146.5 0.24804 0.000107656
  148 147.5 0.245694 0.000106638
  149 148.5 0.244012 0.000105908
  150 149.5 0.244308 0.000106036
  151 150.5 0.242314 0.000105171
  152 151.5 0.244296 0.000106031
  153 152.5 0.242366 0.000105194
  154 153.5 0.24577 0.000106671
  155 154.5 0.243366 0.000105628
  156 155.5 0.243626 0.00010574
  157 156.5 0.238644 0.000103578
  158 157.5 0.23971 0.000104041
  159 158.5 0.242702 0.000105339
  160 159.5 0.241506 0.00010482
  161 160.5 0.24186 0.000104974
  162 161.5 0.238134 0.000103357
  163 162.5 0.239968 0.000104153
  164 163.5 0.24324 0.000105573
  165 164.5 0.240316 0.000104304
  166 165.5 0.238892 0.000103686
  167 166.5 0.24041 0.000104345
  168 167.5 0.243144 0.000105531
  169 168.5 0.238346 0.000103449
  170 169.5 0.240908 0.000104561
  171 170.5 0.238384 0.000103465
  172 171.5 0.241494 0.000104815
  173 172.5 0.242564 0.00010528
  174 173.5 0.24075 0.000104492
  175 174.5 0.241256 0.000104712
  176 175.5 0.243282 0.000105591
  177 176.5 0.246432 0.000106958
  178 177.5 0.243982 0.000105895
  179 178.5 0.24275 0.00010536
  180 179.5 0.24223 0.000105135
  181 180.5 0.241972 0.000105023
  182 181.5 0.24142 0.000104783
  183 182.5 0.248576 0.000107889
  184 183.5 0.243538 0.000105702
  185 184.5 0.242122 0.000105088
  186 185.5 0.244784 0.000106243
  187 186.5 0.243412 0.000105648
  188 187.5 0.240806 0.000104516
  189 188.5 0.245398 0.00010651
  190 189.5 0.250258 0.000108619
  191 190.5 0.25443 0.00011043
  192 191.5 0.26128 0.000113403
  193 192.5 0.271284 0.000117745
  194 193.5 0.29504 0.000128056
  195 194.5 0.3264 0.000141667
  196 195.5 0.393454 0.00017077
  197 196.5 0.521334 0.000226273
  198 197.5 0.776262 0.000336919
  199 198.5 1.26089 0.000547261
  200 199.5 2.15476 0.000935226
  201 200.5 3.66817 0.00159209
  202 201.5 5.98065 0.00259577
  203 202.5 9.11704 0.00395705
  204 203.5 12.8638 0.00558324
  205 204.5 16.7573 0.00727314
  206 205.5 20.309 0.00881466
  207 206.5 23.2109 0.0100742
  208 207.5 25.3462 0.011001
  209 208.5 26.6889 0.0115837
  210 209.5 27.4649 0.0119205
  211 210.5 27.8693 0.012096
  212 211.5 27.9089 0.0121132
  213 212.5 27.8383 0.0120826
  214 213.5 27.6291 0.0119918
  215 214.5 27.2201 0.0118143
  216 215.5 26.7872 0.0116264
  217 216.5 26.3457 0.0114348
  218 217.5 25.7653 0.0111829
  219 218.5 25.0726 0.0108822
  220 219.5 24.4142 0.0105964
  221 220.5 23.6414 0.010261
  222 221.5 22.8217 0.00990527
  223 222.5 21.9223 0.00951491
  224 223.5 21.0354 0.00912993
  225 224.5 19.9757 0.00867001
  226 225.5 18.9259 0.00821437
  227 226.5 17.8506 0.00774766
  228 227.5 16.7887 0.00728674
  229 228.5 15.7056 0.00681668
  230 229.5 14.6706 0.00636743
  231 230.5 13.6915 0.00594249
  232 231.5 12.8017 0.00555628
  233 232.5 11.9548 0.00518872
  234 233.5 11.2027 0.00486227
  235 234.5 10.5116 0.00456232
  236 235.5 9.92224 0.00430653
  237 236.5 9.46393 0.00410761
  238 237.5 9.05464 0.00392997
  239 238.5 8.68961 0.00377153
  240 239.5 8.38952 0.00364129
  241 240.5 8.08738 0.00351015
  242 241.5 7.89377 0.00342612
  243 242.5 7.75308 0.00336505
  244 243.5 7.649 0.00331988
  245 244.5 7.50775 0.00325857
  246 245.5 7.41066 0.00321643
  247 246.5 7.35339 0.00319158
  248 247.5 7.22035 0.00313383
  249 248.5 7.10058 0.00308185
  250 249.5 7.02524 0.00304915
  251 250.5 6.9855 0.0030319
  252 251.5 6.96603 0.00302345
  253 252.5 6.98308 0.00303085
  254 253.5 6.99061 0.00303412
  255 254.5 6.95272 0.00301767
  256 255.5 6.90646 0.00299759
  257 256.5 6.87868 0.00298554
  258 257.5 6.83297 0.0029657
  259 258.5 6.82811 0.00296359
  260 259.5 6.79204 0.00294793
  261 260.5 6.78934 0.00294676
  262 261.5 6.75399 0.00293142
  263 262.5 6.74603 0.00292797
  264 263.5 6.70243 0.00290904
  265 264.5 6.70176 0.00290875
  266 265.5 6.71137 0.00291292
  267 266.5 6.66786 0.00289404
  268 267.5 6.6608 0.00289097
  269 268.5 6.63074 0.00287792
  270 269.5 6.57515 0.0028538
  271 270.5 6.53102 0.00283464
  272 271.5 6.55423 0.00284472
  273 272.5 6.55383 0.00284454
  274 273.5 6.53165 0.00283492
  275 274.5 6.54152 0.0028392
  276 275.5 6.60293 0.00286586
  277 276.5 6.60576 0.00286708
  278 277.5 6.64775 0.00288531
  279 278.5 6.65407 0.00288805
  280 279.5 6.66654 0.00289346
  281 280.5 6.72438 0.00291857
  282 281.5 6.75896 0.00293357
  283 282.5 6.78121 0.00294323
  284 283.5 6.82403 0.00296182
  285 284.5 6.82757 0.00296335
  286 285.5 6.86513 0.00297966
  287 286.5 6.86476 0.0029795
  288 287.5 6.89282 0.00299168
  289 288.5 6.89288 0.0029917
  290 289.5 6.91704 0.00300219
  291 290.5 6.9257 0.00300595
  292 291.5 6.96825 0.00302441
  293 292.5 6.95874 0.00302029
  294 293.5 6.99974 0.00303808
  295 294.5 7.01793 0.00304598
  296 295.5 7.03691 0.00305422
  297 296.5 7.06356 0.00306578
  298 297.5 7.10116 0.0030821
  299 298.5 7.06925 0.00306825
  300 299.5 7.06671 0.00306715
  301 300.5 7.0937 0.00307886
  302 301.5 7.11052 0.00308616
  303 302.5 7.11109 0.00308641
  304 303.5 7.13775 0.00309798
  305 304.5 7.18805 0.00311981
  306 305.5 7.14795 0.00310241
  307 306.5 7.15754 0.00310657
  308 307.5 7.17644 0.00311477
  309 308.5 7.20492 0.00312714
  310 309.5 7.19843 0.00312432
  311 310.5 7.19002 0.00312067
  312 311.5 7.18264 0.00311747
  313 312.5 7.19967 0.00312486
  314 313.5 7.19046 0.00312086
  315 314.5 7.20597 0.00312759
  316 315.5 7.23724 0.00314116
  317 316.5 7.2342 0.00313984
  318 317.5 7.22434 0.00313556
  319 318.5 7.19131 0.00312123
  320 319.5 7.21033 0.00312948
  321 320.5 7.19511 0.00312288
  322 321.5 7.18322 0.00311772
  323 322.5 7.19917 0.00312464
  324 323.5 7.18617 0.003119
  325 324.5 7.19453 0.00312263
  326 325.5 7.20139 0.0031256
  327 326.5 7.21486 0.00313145
  328 327.5 7.20899 0.0031289
  329 328.5 7.16278 0.00310885
  330 329.5 7.1081 0.00308511
  331 330.5 7.03504 0.0030534
  332 331.5 6.9783 0.00302878
  333 332.5 6.92418 0.00300529
  334 333.5 6.84138 0.00296935
  335 334.5 6.77122 0.0029389
  336 335.5 6.69647 0.00290645
  337 336.5 6.60691 0.00286758
  338 337.5 6.52062 0.00283013
  339 338.5 6.4871 0.00281558
  340 339.5 6.39371 0.00277505
  341 340.5 6.34731 0.00275491
  342 341.5 6.27634 0.00272411
  343 342.5 6.20772 0.00269432
  344 343.5 6.12483 0.00265835
  345 344.5 6.07681 0.0026375
  346 345.5 6.0675 0.00263346
  347 346.5 6.12498 0.00265841
  348 347.5 6.1203 0.00265638
  349 348.5 6.07337 0.00263601
  350 349.5 6.0809 0.00263928
  351 350.5 6.08096 0.00263931
  352 351.5 6.08078 0.00263923
  353 352.5 6.05008 0.0026259
  354 353.5 6.08504 0.00264108
  355 354.5 6.14025 0.00266504
  356 355.5 6.19558 0.00268905
  357 356.5 6.25607 0.00271531
  358 357.5 6.29926 0.00273406
  359 358.5 6.30588 0.00273693
  360 359.5 6.39728 0.0027766
  361 360.5 6.50058 0.00282143
  362 361.5 6.61902 0.00287284
  363 362.5 6.79912 0.00295101
  364 363.5 6.9856 0.00303195
  365 364.5 7.14876 0.00310276
  366 365.5 7.34053 0.00318599
  367 366.5 7.58486 0.00329204
  368 367.5 7.86621 0.00341415
  369 368.5 8.16456 0.00354364
  370 369.5 8.52122 0.00369845
  371 370.5 8.91347 0.00386869
  372 371.5 9.32179 0.00404592
  373 372.5 9.82481 0.00426424
  374 373.5 10.3463 0.00449058
  375 374.5 10.9334 0.00474539
  376 375.5 11.5897 0.00503026
  377 376.5 12.3504 0.00536044
  378 377.5 13.1042 0.00568759
  379 378.5 13.9265 0.00604449
  380 379.5 14.7394 0.0063973
  381 380.5 15.5908 0.00676683
  382 381.5 16.435 0.00713325
  383 382.5 17.369 0.00753862
  384 383.5 18.2639 0.00792702
  385 384.5 19.1135 0.00829578
  386 385.5 19.9833 0.0086733
  387 386.5 20.8465 0.00904796
  388 387.5 21.6339 0.00938973
  389 388.5 22.3085 0.0096825
  390 389.5 23.0401 0.01
  391 390.5 23.6922 0.0102831
  392 391.5 24.262 0.0105304
  393 392.5 24.8513 0.0107862
  394 393.5 25.3453 0.0110006
  395 394.5 25.7927 0.0111948
  396 395.5 26.1161 0.0113351
  397 396.5 26.4261 0.0114697
  398 397.5 26.7116 0.0115936
  399 398.5 26.9741 0.0117075
  400 399.5 27.1427 0.0117807
  401 400.5 27.2792 0.0118399
  402 401.5 27.4346 0.0119074
  403 402.5 27.6308 0.0119925
  404 403.5 27.6914 0.0120188
  405 404.5 27.7876 0.0120606
  406 405.5 27.8811 0.0121012
  407 406.5 27.9536 0.0121327
  408 407.5 27.9364 0.0121252
  409 408.5 28.031 0.0121662
  410 409.5 28.1035 0.0121977
  411 410.5 28.1381 0.0122127
  412 411.5 28.1011 0.0121967
  413 412.5 28.1272 0.012208
  414 413.5 28.1374 0.0122124
  415 414.5 28.1867 0.0122338
  416 415.5 28.1538 0.0122196
  417 416.5 28.1921 0.0122362
  418 417.5 28.2636 0.0122672
  419 418.5 28.2788 0.0122738
  420 419.5 28.2739 0.0122717
  421 420.5 28.2641 0.0122674
  422 421.5 28.2962 0.0122813
  423 422.5 28.2399 0.0122569
  424 423.5 28.1763 0.0122293
  425 424.5 28.1347 0.0122112
  426 425.5 28.1357 0.0122117
  427 426.5 28.0389 0.0121697
  428 427.5 27.964 0.0121372
  429 428.5 27.9495 0.0121308
  430 429.5 27.9301 0.0121224
  431 430.5 27.8284 0.0120783
  432 431.5 27.7876 0.0120606
  433 432.5 27.7274 0.0120344
  434 433.5 27.6755 0.0120119
  435 434.5 27.5867 0.0119734
  436 435.5 27.6093 0.0119832
  437 436.5 27.6101 0.0119835
  438 437.5 27.5208 0.0119448
  439 438.5 27.548 0.0119566
  440 439.5 27.5442 0.011955
  441 440.5 27.4973 0.0119346
  442 441.5 27.4761 0.0119254
  443 442.5 27.4816 0.0119278
  444 443.5 27.4643 0.0119203
  445 444.5 27.4549 0.0119162
  446 445.5 27.4422 0.0119107
  447 446.5 27.4031 0.0118937
  448 447.5 27.429 0.0119049
  449 448.5 27.3328 0.0118632
  450 449.5 27.2766 0.0118388
  451 450.5 27.2505 0.0118275
  452 451.5 27.2335 0.0118201
  453 452.5 27.1998 0.0118055
  454 453.5 27.1527 0.011785
  455 454.5 27.1224 0.0117719
  456 455.5 27.1852 0.0117991
  457 456.5 27.1692 0.0117922
  458 457.5 27.1916 0.0118019
  459 458.5 27.2135 0.0118114
  460 459.5 27.2075 0.0118088
  461 460.5 27.1804 0.0117971
  462 461.5 27.2128 0.0118111
  463 462.5 27.2032 0.0118069
  464 463.5 27.1793 0.0117966
  465 464.5 27.1799 0.0117968
  466 465.5 27.1439 0.0117812
  467 466.5 27.1257 0.0117733
  468 467.5 27.0542 0.0117423
  469 468.5 26.995 0.0117166
  470 469.5 26.9944 0.0117163
  471 470.5 26.9498 0.011697
  472 471.5 26.9409 0.0116931
  473 472.5 26.9567 0.0117
  474 473.5 26.9801 0.0117101
  475 474.5 26.9816 0.0117108
  476 475.5 26.9744 0.0117076
  477 476.5 27.0329 0.011733
  478 477.5 27.028 0.0117309
  479 478.5 26.9886 0.0117138
  480 479.5 27.0501 0.0117405
50000000 480 5672
  1 0.5 27.9644 0.0121373
  2 1.5 27.9479 0.0121302
  3 2.5 27.9164 0.0121165
  4 3.5 27.8753 0.0120986
  5 4.5 27.8205 0.0120749
  6 5.5 27.7967 0.0120645
  7 6.5 27.7982 0.0120652
  8 7.5 27.7186 0.0120307
  9 8.5 27.6761 0.0120122
  10 9.5 27.6883 0.0120175
  11 10.5 27.649 0.0120004
  12 11.5 27.6847 0.0120159
  13 12.5 27.6505 0.0120011
  14 13.5 27.6563 0.0120036
  15 14.5 27.6682 0.0120088
  16 15.5 27.6902 0.0120183
  17 16.5 27.7364 0.0120384
  18 17.5 27.7886 0.012061
  19 18.5 27.7887 0.0120611
  20 19.5 27.8153 0.0120726
  21 20.5 27.8669 0.012095
  22 21.5 27.867 0.0120951
  23 22.5 27.9201 0.0121181
  24 23.5 27.9768 0.0121427
  25 24.5 28.0081 0.0121563
  26 25.5 28.0539 0.0121762
  27 26.5 28.104 0.0121979
  28 27.5 28.1953 0.0122375
  29 28.5 28.2755 0.0122724
  30 29.5 28.3855 0.0123201
  31 30.5 28.489 0.012365
  32 31.5 28.6176 0.0124208
  33 32.5 28.5959 0.0124114
  34 33.5 28.722 0.0124662
  35 34.5 28.8187 0.0125081
  36 35.5 28.8648 0.0125281
  37 36.5 28.9146 0.0125497
  38 37.5 29.0197 0.0125953
  39 38.5 29.0326 0.0126009
  40 39.5 28.9682 0.012573
  41 40.5 28.8038 0.0125017
  42 41.5 28.5177 0.0123775
  43 42.5 27.8705 0.0120966
  44 43.5 26.7864 0.011626
  45 44.5 25.0892 0.0108894
  46 45.5 22.6588 0.00983454
  47 46.5 19.3549 0.00840058
  48 47.5 15.5059 0.00672999
  49 48.5 11.5647 0.0050194
  50 49.5 8.00734 0.00347541
  51 50.5 5.13125 0.00222711
  52 51.5 3.10904 0.00134941
  53 52.5 1.84981 0.000802868
  54 53.5 1.0986 0.000476824
  55 54.5 0.688314 0.000298747
  56 55.5 0.47361 0.00020556
  57 56.5 0.37263 0.000161732
  58 57.5 0.319106 0.000138501
  59 58.5 0.29 0.000125868
  60 59.5 0.27297 0.000118477
  61 60.5 0.261002 0.000113282
  62 61.5 0.25452 0.000110469
  63 62.5 0.251832 0.000109302
  64 63.5 0.2482 0.000107726
  65 64.5 0.246462 0.000106971
  66 65.5 0.246536 0.000107003
  67 66.5 0.247388 0.000107373
  68 67.5 0.24534 0.000106484
  69 68.5 0.243422 0.000105652
  70 69.5 0.246098 0.000106813
  71 70.5 0.246162 0.000106841
  72 71.5 0.246436 0.00010696
  73 72.5 0.247574 0.000107454
  74 73.5 0.247984 0.000107632
  75 74.5 0.247106 0.000107251
  76 75.5 0.245432 0.000106524
  77 76.5 0.246056 0.000106795
  78 77.5 0.24262 0.000105304
  79 78.5 0.24065 0.000104449
  80 79.5 0.241738 0.000104921
  81 80.5 0.246614 0.000107037
  82 81.5 0.246356 0.000106925
  83 82.5 0.24847 0.000107843
  84 83.5 0.248762 0.00010797
  85 84.5 0.249468 0.000108276
  86 85.5 0.250726 0.000108822
  87 86.5 0.25471 0.000110551
  88 87.5 0.250826 0.000108865
  89 88.5 0.25099 0.000108937
  90 89.5 0.24938 0.000108238
  91 90.5 0.245116 0.000106387
  92 91.5 0.244984 0.00010633
  93 92.5 0.248156 0.000107707
  94 93.5 0.2462 0.000106858
  95 94.5 0.248214 0.000107732
  96 95.5 0.250196 0.000108592
  97 96.5 0.252102 0.000109419
  98 97.5 0.2517 0.000109245
  99 98.5 0.249872 0.000108451
  100 99.5 0.248432 0.000107826
  101 100.5 0.250566 0.000108753
  102 101.5 0.249704 0.000108378
  103 102.5 0.248054 0.000107662
  104 103.5 0.24604 0.000106788
  105 104.5 0.243428 0.000105655
  106 105.5 0.244688 0.000106201
  107 106.5 0.245494 0.000106551
  108 107.5 0.24516 0.000106406
  109 108.5 0.245134 0.000106395
  110 109.5 0.24664 0.000107049
  111 110.5 0.24786 0.000107578
  112 111.5 0.246972 0.000107193
  113 112.5 0.245156 0.000106405
  114 113.5 0.243768 0.000105802
  115 114.5 0.246396 0.000106943
  116 115.5 0.251994 0.000109372
  117 116.5 0.251756 0.000109269
  118 117.5 0.254036 0.000110259
  119 118.5 0.251046 0.000108961
  120 119.5 0.251224 0.000109038
  121 120.5 0.25132 0.00010908
  122 121.5 0.252234 0.000109477
  123 122.5 0.2516 0.000109201
  124 123.5 0.249548 0.000108311
  125 124.5 0.251936 0.000109347
  126 125.5 0.248728 0.000107955
  127 126.5 0.243674 0.000105761
  128 127.5 0.242488 0.000105247
  129 128.5 0.24544 0.000106528
  130 129.5 0.246636 0.000107047
  131 130.5 0.246476 0.000106977
  132 131.5 0.246082 0.000106806
  133 132.5 0.247578 0.000107456
  134 133.5 0.243588 0.000105724
  135 134.5 0.241384 0.000104767
  136 135.5 0.240014 0.000104173
  137 136.5 0.23862 0.000103568
  138 137.5 0.23921 0.000103824
  139 138.5 0.240814 0.00010452
  140 139.5 0.23885 0.000103668
  141 140.5 0.241708 0.000104908
  142 141.5 0.242398 0.000105207
  143 142.5 0.24581 0.000106688
  144 143.5 0.241172 0.000104675
  145 144.5 0.242306 0.000105168
  146 145.5 0.24466 0.000106189
  147 146.5 0.245732 0.000106655
  148 147.5 0.249324 0.000108214
  149 148.5 0.241296 0.000104729
  150 149.5 0.240728 0.000104483
  151 150.5 0.238752 0.000103625
  152 151.5 0.239254 0.000103843
  153 152.5 0.239472 0.000103937
  154 153.5 0.23639 0.0001026
  155 154.5 0.238334 0.000103444
  156 155.5 0.241388 0.000104769
  157 156.5 0.242204 0.000105123
  158 157.5 0.24118 0.000104679
  159 158.5 0.237722 0.000103178
  160 159.5 0.235696 0.000102299
  161 160.5 0.241606 0.000104864
  162 161.5 0.241548 0.000104839
  163 162.5 0.24134 0.000104748
  164 163.5 0.239774 0.000104069
  165 164.5 0.240812 0.000104519
  166 165.5 0.240128 0.000104222
  167 166.5 0.240816 0.000104521
  168 167.5 0.242896 0.000105424
  169 168.5 0.237982 0.000103291
  170 169.5 0.241706 0.000104907
  171 170.5 0.244946 0.000106313
  172 171.5 0.243016 0.000105476
  173 172.5 0.239808 0.000104083
  174 173.5 0.242272 0.000105153
  175 174.5 0.240522 0.000104393
  176 175.5 0.242376 0.000105198
  177 176.5 0.244268 0.000106019
  178 177.5 0.242748 0.000105359
  179 178.5 0.239426 0.000103918
  180 179.5 0.239394 0.000103904
  181 180.5 0.240078 0.000104201
  182 181.5 0.240476 0.000104373
  183 182.5 0.241674 0.000104893
  184 183.5 0.243294 0.000105596
  185 184.5 0.243044 0.000105488
  186 185.5 0.241954 0.000105015
  187 186.5 0.238634 0.000103574
  188 187.5 0.24236 0.000105191
  189 188.5 0.242504 0.000105253
  190 189.5 0.241494 0.000104815
  191 190.5 0.241156 0.000104668
  192 191.5 0.24522 0.000106432
  193 192.5 0.247572 0.000107453
  194 193.5 0.248432 0.000107826
  195 194.5 0.25489 0.000110629
  196 195.5 0.264376 0.000114747
  197 196.5 0.280542 0.000121763
  198 197.5 0.305802 0.000132727
  199 198.5 0.353394 0.000153383
  200 199.5 0.454076 0.000197082
  201 200.5 0.647612 0.000281082
  202 201.5 1.01781 0.000441756
  203 202.5 1.70498 0.000740009
  204 203.5 2.90426 0.00126053
  205 204.5 4.85751 0.00210829
  206 205.5 7.6253 0.00330959
  207 206.5 11.1791 0.00485205
  208 207.5 15.1476 0.00657448
  209 208.5 18.989 0.00824175
  210 209.5 22.3021 0.00967972
  211 210.5 24.7706 0.0107511
  212 211.5 26.4278 0.0114704
  213 212.5 27.3762 0.011882
  214 213.5 27.8613 0.0120926
  215 214.5 27.9873 0.0121473
  216 215.5 27.9197 0.0121179
  217 216.5 27.6459 0.0119991
  218 217.5 27.2366 0.0118214
  219 218.5 26.7237 0.0115988
  220 219.5 26.1129 0.0113337
  221 220.5 25.3475 0.0110015
  222 221.5 24.5738 0.0106657
  223 222.5 23.6555 0.0102671
  224 223.5 22.6639 0.00983676
  225 224.5 21.6529 0.00939794
  226 225.5 20.5289 0.00891012
  227 226.5 19.3248 0.00838752
  228 227.5 18.1022 0.00785684
  229 228.5 16.9279 0.00734719
  230 229.5 15.7712 0.00684514
  231 230.5 14.6683 0.00636646
  232 231.5 13.5802 0.0058942
  233 232.5 12.6008 0.00546908
  234 233.5 11.7218 0.0050876
  235 234.5 10.9667 0.00475987
  236 235.5 10.3283 0.00448278
  237 236.5 9.7052 0.00421232
  238 237.5 9.19226 0.0039897
  239 238.5 8.72531 0.00378703
  240 239.5 8.3288 0.00361493
  241 240.5 8.00539 0.00347456
  242 241.5 7.76916 0.00337203
  243 242.5 7.52921 0.00326788
  244 243.5 7.3379 0.00318485
  245 244.5 7.1775 0.00311523
  246 245.5 7.02044 0.00304707
  247 246.5 6.88815 0.00298965
  248 247.5 6.80018 0.00295147
  249 248.5 6.75152 0.00293035
  250 249.5 6.64296 0.00288323
  251 250.5 6.55161 0.00284358
  252 251.5 6.49698 0.00281987
  253 252.5 6.42352 0.00278799
  254 253.5 6.38893 0.00277297
  255 254.5 6.36276 0.00276161
  256 255.5 6.3195 0.00274284
  257 256.5 6.37602 0.00276737
  258 257.5 6.40691 0.00278078
  259 258.5 6.43866 0.00279456
  260 259.5 6.42555 0.00278887
  261 260.5 6.46192 0.00280465
  262 261.5 6.46717 0.00280693
  263 262.5 6.5158 0.00282804
  264 263.5 6.52891 0.00283373
  265 264.5 6.53594 0.00283678
  266 265.5 6.49661 0.00281971
  267 266.5 6.52615 0.00283253
  268 267.5 6.54873 0.00284233
  269 268.5 6.60821 0.00286815
  270 269.5 6.6437 0.00288355
  271 270.5 6.60617 0.00286726
  272 271.5 6.55696 0.0028459
  273 272.5 6.57271 0.00285274
  274 273.5 6.58988 0.00286019
  275 274.5 6.57936 0.00285562
  276 275.5 6.57103 0.00285201
  277 276.5 6.59022 0.00286034
  278 277.5 6.60747 0.00286783
  279 278.5 6.65491 0.00288842
  280 279.5 6.65466 0.00288831
  281 280.5 6.65571 0.00288876
  282 281.5 6.67906 0.0028989
  283 282.5 6.72131 0.00291724
  284 283.5 6.73032 0.00292115
  285 284.5 6.74624 0.00292805
  286 285.5 6.72657 0.00291952
  287 286.5 6.68795 0.00290276
  288 287.5 6.65908 0.00289022
  289 288.5 6.6708 0.00289531
  290 289.5 6.62607 0.0028759
  291 290.5 6.61851 0.00287262
  292 291.5 6.62494 0.00287541
  293 292.5 6.6333 0.00287904
  294 293.5 6.64413 0.00288374
  295 294.5 6.614 0.00287066
  296 295.5 6.56714 0.00285032
  297 296.5 6.59009 0.00286028
  298 297.5 6.54518 0.00284079
  299 298.5 6.46856 0.00280754
  300 299.5 6.41447 0.00278406
  301 300.5 6.39474 0.0027755
  302 301.5 6.365 0.00276259
  303 302.5 6.35707 0.00275914
  304 303.5 6.36202 0.00276129
  305 304.5 6.33951 0.00275152
  306 305.5 6.31476 0.00274078
  307 306.5 6.32171 0.0027438
  308 307.5 6.3207 0.00274336
  309 308.5 6.33537 0.00274973
  310 309.5 6.33505 0.00274959
  311 310.5 6.36153 0.00276108
  312 311.5 6.37917 0.00276874
  313 312.5 6.3699 0.00276471
  314 313.5 6.39685 0.00277641
  315 314.5 6.40131 0.00277834
  316 315.5 6.42677 0.00278939
  317 316.5 6.39178 0.00277421
  318 317.5 6.37991 0.00276906
  319 318.5 6.41165 0.00278284
  320 319.5 6.41024 0.00278222
  321 320.5 6.34697 0.00275476
  322 321.5 6.34983 0.002756
  323 322.5 6.35652 0.0027589
  324 323.5 6.31581 0.00274124
  325 324.5 6.30213 0.0027353
  326 325.5 6.26835 0.00272064
  327 326.5 6.18353 0.00268383
  328 327.5 6.15624 0.00267198
  329 328.5 6.1481 0.00266845
  330 329.5 6.15145 0.0026699
  331 330.5 6.1749 0.00268008
  332 331.5 6.23243 0.00270505
  333 332.5 6.25481 0.00271476
  334 333.5 6.29497 0.00273219
  335 334.5 6.36929 0.00276445
  336 335.5 6.38562 0.00277154
  337 336.5 6.39773 0.00277679
  338 337.5 6.44356 0.00279668
  339 338.5 6.46734 0.002807
  340 339.5 6.45746 0.00280272
  341 340.5 6.42289 0.00278771
  342 341.5 6.42026 0.00278657
  343 342.5 6.45878 0.00280329
  344 343.5 6.48326 0.00281391
  345 344.5 6.46674 0.00280675
  346 345.5 6.46646 0.00280662
  347 346.5 6.43344 0.00279229
  348 347.5 6.45553 0.00280188
  349 348.5 6.46113 0.00280431
  350 349.5 6.50484 0.00282328
  351 350.5 6.56869 0.00285099
  352 351.5 6.58311 0.00285725
  353 352.5 6.61614 0.00287159
  354 353.5 6.66209 0.00289153
  355 354.5 6.75357 0.00293124
  356 355.5 6.80254 0.00295249
  357 356.5 6.87157 0.00298245
  358 357.5 6.99916 0.00303783
  359 358.5 7.02263 0.00304801
  360 359.5 7.0367 0.00305412
  361 360.5 7.0732 0.00306997
  362 361.5 7.12375 0.00309191
  363 362.5 7.19931 0.0031247
  364 363.5 7.30843 0.00317206
  365 364.5 7.37065 0.00319907
  366 365.5 7.42729 0.00322365
  367 366.5 7.54894 0.00327645
  368 367.5 7.67941 0.00333308
  369 368.5 7.84557 0.0034052
  370 369.5 8.02588 0.00348346
  371 370.5 8.18969 0.00355455
  372 371.5 8.42345 0.00365601
  373 372.5 8.70724 0.00377919
  374 373.5 9.0312 0.00391979
  375 374.5 9.42494 0.00409068
  376 375.5 9.8446 0.00427283
  377 376.5 10.3622 0.00449748
  378 377.5 10.8846 0.00472421
  379 378.5 11.5084 0.00499497
  380 379.5 12.2166 0.00530233
  381 380.5 12.9837 0.00563528
  382 381.5 13.7736 0.00597812
  383 382.5 14.6248 0.00634759
  384 383.5 15.4817 0.00671947
  385 384.5 16.4611 0.00714456
  386 385.5 17.3361 0.00752434
  387 386.5 18.3119 0.00794789
  388 387.5 19.2513 0.0083556
  389 388.5 20.1386 0.0087407
  390 389.5 20.9558 0.00909541
  391 390.5 21.7391 0.00943537
  392 391.5 22.4545 0.00974586
  393 392.5 23.1706 0.0100567
  394 393.5 23.8031 0.0103312
  395 394.5 24.3186 0.010555
  396 395.5 24.8024 0.0107649
  397 396.5 25.2101 0.0109419
  398 397.5 25.6382 0.0111277
  399 398.5 25.9426 0.0112598
  400 399.5 26.1575 0.0113531
  401 400.5 26.499 0.0115013
  402 401.5 26.6843 0.0115817
  403 402.5 26.9395 0.0116925
  404 403.5 27.1063 0.0117649
  405 404.5 27.3494 0.0118704
  406 405.5 27.4903 0.0119316
  407 406.5 27.5971 0.0119779
  408 407.5 27.6891 0.0120178
  409 408.5 27.7654 0.012051
  410 409.5 27.8198 0.0120746
  411 410.5 27.9443 0.0121286
  412 411.5 27.9852 0.0121464
  413 412.5 28.032 0.0121667
  414 413.5 28.118 0.012204
  415 414.5 28.1867 0.0122338
  416 415.5 28.1485 0.0122172
  417 416.5 28.2076 0.0122429
  418 417.5 28.2631 0.012267
  419 418.5 28.3385 0.0122997
  420 419.5 28.3096 0.0122871
  421 420.5 28.4411 0.0123442
  422 421.5 28.4785 0.0123604
  423 422.5 28.5111 0.0123746
  424 423.5 28.5158 0.0123767
  425 424.5 28.5704 0.0124003
  426 425.5 28.5328 0.012384
  427 426.5 28.5294 0.0123826
  428 427.5 28.5495 0.0123913
  429 428.5 28.5306 0.0123831
  430 429.5 28.5065 0.0123726
  431 430.5 28.4603 0.0123525
  432 431.5 28.4749 0.0123589
  433 432.5 28.4539 0.0123498
  434 433.5 28.4146 0.0123327
  435 434.5 28.312 0.0122882
  436 435.5 28.3313 0.0122966
  437 436.5 28.2614 0.0122662
  438 437.5 28.2425 0.012258
  439 438.5 28.2373 0.0122558
  440 439.5 28.248 0.0122604
  441 440.5 28.1843 0.0122328
  442 441.5 28.1606 0.0122225
  443 442.5 28.1028 0.0121974
  444 443.5 28.0658 0.0121813
  445 444.5 28.0519 0.0121753
  446 445.5 28.0063 0.0121555
  447 446.5 27.9856 0.0121465
  448 447.5 27.9362 0.0121251
  449 448.5 27.9304 0.0121226
  450 449.5 27.9386 0.0121261
  451 450.5 27.9232 0.0121195
  452 451.5 27.8764 0.0120991
  453 452.5 27.8911 0.0121055
  454 453.5 27.8903 0.0121052
  455 454.5 27.8343 0.0120808
  456 455.5 27.8301 0.012079
  457 456.5 27.7864 0.0120601
  458 457.5 27.7592 0.0120483
  459 458.5 27.7691 0.0120526
  460 459.5 27.7812 0.0120578
  461 460.5 27.765 0.0120508
  462 461.5 27.7812 0.0120578
  463 462.5 27.8065 0.0120688
  464 463.5 27.8344 0.0120809
  465 464.5 27.8446 0.0120853
  466 465.5 27.8025 0.012067
  467 466.5 27.7831 0.0120587
  468 467.5 27.8417 0.0120841
  469 468.5 27.8237 0.0120763
  470 469.5 27.876 0.012099
  471 470.5 27.8522 0.0120886
  472 471.5 27.8846 0.0121027
  473 472.5 27.8764 0.0120991
  474 473.5 27.9142 0.0121155
  475 474.5 27.8689 0.0120959
  476 475.5 27.8954 0.0121074
  477 476.5 27.9146 0.0121157
  478 477.5 27.9626 0.0121365
  479 478.5 27.8908 0.0121054
  480 479.5 27.9335 0.0121239
