# Chunk-averaged data for fix tensor2 and group c1
# Timestep Number-of-chunks Total-count
# Chunk Coord1 Ncount density/number
20000000 480 4889.999999999992
  1 0.5 17.7246 0.00769297
  2 1.5 18.913 0.00820879
  3 2.5 20.0004 0.00868073
  4 3.5 21.0079 0.00911801
  5 4.5 21.8988 0.00950469
  6 5.5 22.717 0.00985981
  7 6.5 23.38 0.0101476
  8 7.5 23.9967 0.0104152
  9 8.5 24.5262 0.010645
  10 9.5 24.9041 0.0108091
  11 10.5 25.2287 0.01095
  12 11.5 25.5484 0.0110887
  13 12.5 25.8048 0.0112
  14 13.5 25.9742 0.0112735
  15 14.5 26.1193 0.0113365
  16 15.5 26.282 0.0114071
  17 16.5 26.3642 0.0114428
  18 17.5 26.4148 0.0114647
  19 18.5 26.5335 0.0115163
  20 19.5 26.559 0.0115273
  21 20.5 26.5761 0.0115347
  22 21.5 26.6189 0.0115533
  23 22.5 26.6947 0.0115862
  24 23.5 26.7079 0.011592
  25 24.5 26.7075 0.0115918
  26 25.5 26.7101 0.0115929
  27 26.5 26.7619 0.0116154
  28 27.5 26.7395 0.0116057
  29 28.5 26.7519 0.0116111
  30 29.5 26.7619 0.0116154
  31 30.5 26.7519 0.0116111
  32 31.5 26.748 0.0116094
  33 32.5 26.7321 0.0116025
  34 33.5 26.7648 0.0116167
  35 34.5 26.7517 0.011611
  36 35.5 26.7242 0.011599
  37 36.5 26.7468 0.0116089
  38 37.5 26.7572 0.0116134
  39 38.5 26.7482 0.0116095
  40 39.5 26.7733 0.0116204
  41 40.5 26.7703 0.011619
  42 41.5 26.7481 0.0116094
  43 42.5 26.7703 0.011619
  44 43.5 26.7484 0.0116095
  45 44.5 26.7473 0.0116091
  46 45.5 26.758 0.0116137
  47 46.5 26.7751 0.0116211
  48 47.5 26.7382 0.0116051
  49 48.5 26.7371 0.0116046
  50 49.5 26.7826 0.0116244
  51 50.5 26.753 0.0116115
  52 51.5 26.7691 0.0116185
  53 52.5 26.7612 0.0116151
  54 53.5 26.7728 0.0116201
  55 54.5 26.737 0.0116046
  56 55.5 26.7703 0.011619
  57 56.5 26.7428 0.0116071
  58 57.5 26.7752 0.0116212
  59 58.5 26.7765 0.0116218
  60 59.5 26.779 0.0116228
  61 60.5 26.7473 0.0116091
  62 61.5 26.7795 0.0116231
  63 62.5 26.8058 0.0116345
  64 63.5 26.7792 0.0116229
  65 64.5 26.7519 0.0116111
  66 65.5 26.8273 0.0116438
  67 66.5 26.8258 0.0116431
  68 67.5 26.814 0.011638
  69 68.5 26.7855 0.0116256
  70 69.5 26.8378 0.0116483
  71 70.5 26.8328 0.0116462
  72 71.5 26.8191 0.0116402
  73 72.5 26.8227 0.0116418
  74 73.5 26.8229 0.0116419
  75 74.5 26.8623 0.011659
  76 75.5 26.8388 0.0116488
  77 76.5 26.8536 0.0116552
  78 77.5 26.871 0.0116628
  79 78.5 26.87 0.0116623
  80 79.5 26.8697 0.0116622
  81 80.5 26.8909 0.0116714
  82 81.5 26.8522 0.0116546
  83 82.5 26.8619 0.0116588
  84 83.5 26.8627 0.0116592
  85 84.5 26.8698 0.0116623
  86 85.5 26.8612 0.0116585
  87 86.5 26.8496 0.0116535
  88 87.5 26.8331 0.0116463
  89 88.5 26.8587 0.0116574
  90 89.5 26.8228 0.0116418
  91 90.5 26.7919 0.0116284
  92 91.5 26.8381 0.0116485
  93 92.5 26.8463 0.0116521
  94 93.5 26.8209 0.011641
  95 94.5 26.8023 0.011633
  96 95.5 26.8281 0.0116441
  97 96.5 26.8337 0.0116466
  98 97.5 26.778 0.0116224
  99 98.5 26.7734 0.0116204
  100 99.5 26.8005 0.0116322
  101 100.5 26.7926 0.0116287
  102 101.5 26.7815 0.0116239
  103 102.5 26.7921 0.0116285
  104 103.5 26.8062 0.0116346
  105 104.5 26.8005 0.0116322
  106 105.5 26.787 0.0116263
  107 106.5 26.7746 0.0116209
  108 107.5 26.7684 0.0116182
  109 108.5 26.7881 0.0116268
  110 109.5 26.7328 0.0116028
  111 110.5 26.7906 0.0116279
  112 111.5 26.7597 0.0116144
  113 112.5 26.7431 0.0116072
  114 113.5 26.7485 0.0116096
  115 114.5 26.7969 0.0116306
  116 115.5 26.7708 0.0116193
  117 116.5 26.763 0.0116159
  118 117.5 26.7653 0.0116169
  119 118.5 26.7902 0.0116277
  120 119.5 26.7896 0.0116274
  121 120.5 26.7726 0.01162
  122 121.5 26.7418 0.0116067
  123 122.5 26.7714 0.0116195
  124 123.5 26.7703 0.0116191
  125 124.5 26.7619 0.0116154
  126 125.5 26.7827 0.0116244
  127 126.5 26.7861 0.0116259
  128 127.5 26.7217 0.011598
  129 128.5 26.7394 0.0116056
  130 129.5 26.7606 0.0116148
  131 130.5 26.7514 0.0116109
  132 131.5 26.7293 0.0116012
  133 132.5 26.7418 0.0116067
  134 133.5 26.7442 0.0116077
  135 134.5 26.7152 0.0115951
  136 135.5 26.7061 0.0115912
  137 136.5 26.7203 0.0115974
  138 137.5 26.7287 0.011601
  139 138.5 26.663 0.0115725
  140 139.5 26.6379 0.0115616
  141 140.5 26.6352 0.0115604
  142 141.5 26.6287 0.0115576
  143 142.5 26.5934 0.0115423
  144 143.5 26.5157 0.0115085
  145 144.5 26.4898 0.0114973
  146 145.5 26.4155 0.0114651
  147 146.5 26.3668 0.0114439
  148 147.5 26.2481 0.0113924
  149 148.5 26.1402 0.0113456
  150 149.5 25.9908 0.0112807
  151 150.5 25.8112 0.0112028
  152 151.5 25.5737 0.0110997
  153 152.5 25.3194 0.0109893
  154 153.5 24.9345 0.0108223
  155 154.5 24.4005 0.0105905
  156 155.5 23.7262 0.0102978
  157 156.5 22.693 0.0098494
  158 157.5 21.1659 0.00918659
  159 158.5 18.9043 0.008205
  160 159.5 15.7927 0.00685447
  161 160.5 12.0861 0.0052457
  162 161.5 8.36561 0.00363091
  163 162.5 5.20107 0.00225741
  164 163.5 2.93312 0.00127306
  165 164.5 1.53254 0.000665165
  166 165.5 0.767562 0.000333143
  167 166.5 0.399994 0.000173609
  168 167.5 0.229936 9.97986e-05
  169 168.5 0.149832 6.50312e-05
  170 169.5 0.113232 4.91458e-05
  171 170.5 0.099188 4.30503e-05
  172 171.5 0.089216 3.87222e-05
  173 172.5 0.083058 3.60495e-05
  174 173.5 0.078194 3.39384e-05
  175 174.5 0.073298 3.18134e-05
  176 175.5 0.073128 3.17396e-05
  177 176.5 0.070902 3.07734e-05
  178 177.5 0.068784 2.98542e-05
  179 178.5 0.06986 3.03212e-05
  180 179.5 0.070602 3.06432e-05
  181 180.5 0.067988 2.95087e-05
  182 181.5 0.06704 2.90972e-05
  183 182.5 0.067436 2.92691e-05
  184 183.5 0.066962 2.90634e-05
  185 184.5 0.064654 2.80616e-05
  186 185.5 0.065388 2.83802e-05
  187 186.5 0.063134 2.74019e-05
  188 187.5 0.061108 2.65226e-05
  189 188.5 0.058486 2.53845e-05
  190 189.5 0.0584 2.53472e-05
  191 190.5 0.062686 2.72075e-05
  192 191.5 0.064014 2.77839e-05
  193 192.5 0.064812 2.81302e-05
  194 193.5 0.06507 2.82422e-05
  195 194.5 0.063 2.73438e-05
  196 195.5 0.065308 2.83455e-05
  197 196.5 0.06707 2.91102e-05
  198 197.5 0.067904 2.94722e-05
  199 198.5 0.063584 2.75972e-05
  200 199.5 0.064166 2.78498e-05
  201 200.5 0.060672 2.63333e-05
  202 201.5 0.060538 2.62752e-05
  203 202.5 0.061012 2.64809e-05
  204 203.5 0.060362 2.61988e-05
  205 204.5 0.060676 2.63351e-05
  206 205.5 0.058586 2.5428e-05
  207 206.5 0.058644 2.54531e-05
  208 207.5 0.061022 2.64852e-05
  209 208.5 0.060266 2.61571e-05
  210 209.5 0.06069 2.63411e-05
  211 210.5 0.05943 2.57943e-05
  212 211.5 0.060676 2.63351e-05
  213 212.5 0.062108 2.69566e-05
  214 213.5 0.063842 2.77092e-05
  215 214.5 0.06272 2.72222e-05
  216 215.5 0.063486 2.75547e-05
  217 216.5 0.064776 2.81146e-05
  218 217.5 0.063984 2.77708e-05
  219 218.5 0.064468 2.79809e-05
  220 219.5 0.06352 2.75694e-05
  221 220.5 0.062524 2.71372e-05
  222 221.5 0.061742 2.67977e-05
  223 222.5 0.058664 2.54618e-05
  224 223.5 0.057236 2.4842e-05
  225 224.5 0.053502 2.32214e-05
  226 225.5 0.054464 2.36389e-05
  227 226.5 0.055382 2.40373e-05
  228 227.5 0.056452 2.45017e-05
  229 228.5 0.055884 2.42552e-05
  230 229.5 0.05313 2.30599e-05
  231 230.5 0.05204 2.25868e-05
  232 231.5 0.052226 2.26675e-05
  233 232.5 0.052958 2.29852e-05
  234 233.5 0.052378 2.27335e-05
  235 234.5 0.052168 2.26424e-05
  236 235.5 0.050456 2.18993e-05
  237 236.5 0.052132 2.26267e-05
  238 237.5 0.0539 2.33941e-05
  239 238.5 0.05314 2.30642e-05
  240 239.5 0.053646 2.32839e-05
  241 240.5 0.052256 2.26806e-05
  242 241.5 0.05285 2.29384e-05
  243 242.5 0.052438 2.27595e-05
  244 243.5 0.050756 2.20295e-05
  245 244.5 0.047548 2.06372e-05
  246 245.5 0.045678 1.98255e-05
  247 246.5 0.047096 2.0441e-05
  248 247.5 0.049948 2.16788e-05
  249 248.5 0.051332 2.22795e-05
  250 249.5 0.051754 2.24627e-05
  251 250.5 0.051326 2.22769e-05
  252 251.5 0.052658 2.2855e-05
  253 252.5 0.054128 2.34931e-05
  254 253.5 0.056516 2.45295e-05
  255 254.5 0.058692 2.5474e-05
  256 255.5 0.05714 2.48003e-05
  257 256.5 0.057516 2.49635e-05
  258 257.5 0.058386 2.53411e-05
  259 258.5 0.059334 2.57526e-05
  260 259.5 0.058418 2.5355e-05
  261 260.5 0.056554 2.4546e-05
  262 261.5 0.057462 2.49401e-05
  263 262.5 0.054778 2.37752e-05
  264 263.5 0.053788 2.33455e-05
  265 264.5 0.05063 2.19748e-05
  266 265.5 0.04905 2.12891e-05
  267 266.5 0.05035 2.18533e-05
  268 267.5 0.052432 2.27569e-05
  269 268.5 0.054044 2.34566e-05
  270 269.5 0.051218 2.223e-05
  271 270.5 0.052992 2.3e-05
  272 271.5 0.05235 2.27214e-05
  273 272.5 0.050896 2.20903e-05
  274 273.5 0.05328 2.3125e-05
  275 274.5 0.05082 2.20573e-05
  276 275.5 0.050106 2.17474e-05
  277 276.5 0.05034 2.1849e-05
  278 277.5 0.051764 2.2467e-05
  279 278.5 0.051496 2.23507e-05
  280 279.5 0.052386 2.2737e-05
  281 280.5 0.053452 2.31997e-05
  282 281.5 0.053514 2.32266e-05
  283 282.5 0.052204 2.2658e-05
  284 283.5 0.0509 2.2092e-05
  285 284.5 0.04971 2.15755e-05
  286 285.5 0.049356 2.14219e-05
  287 286.5 0.05053 2.19314e-05
  288 287.5 0.053514 2.32266e-05
  289 288.5 0.055084 2.3908e-05
  290 289.5 0.05809 2.52127e-05
  291 290.5 0.05869 2.54731e-05
  292 291.5 0.059616 2.5875e-05
  293 292.5 0.057996 2.51719e-05
  294 293.5 0.05869 2.54731e-05
  295 294.5 0.059814 2.59609e-05
  296 295.5 0.059858 2.598e-05
  297 296.5 0.05876 2.55035e-05
  298 297.5 0.057726 2.50547e-05
  299 298.5 0.057932 2.51441e-05
  300 299.5 0.056418 2.4487e-05
  301 300.5 0.061846 2.68429e-05
  302 301.5 0.062234 2.70113e-05
  303 302.5 0.062996 2.7342e-05
  304 303.5 0.065214 2.83047e-05
  305 304.5 0.06514 2.82726e-05
  306 305.5 0.064418 2.79592e-05
  307 306.5 0.065562 2.84557e-05
  308 307.5 0.068568 2.97604e-05
  309 308.5 0.071086 3.08533e-05
  310 309.5 0.07576 3.28819e-05
  311 310.5 0.080508 3.49427e-05
  312 311.5 0.084346 3.66085e-05
  313 312.5 0.095478 4.14401e-05
  314 313.5 0.116218 5.04418e-05
  315 314.5 0.15415 6.69054e-05
  316 315.5 0.22665 9.83724e-05
  317 316.5 0.37121 0.000161115
  318 317.5 0.671486 0.000291444
  319 318.5 1.21682 0.000528132
  320 319.5 2.1343 0.000926345
  321 320.5 3.48671 0.00151333
  322 321.5 5.13522 0.00222883
  323 322.5 6.79376 0.00294868
  324 323.5 8.07643 0.0035054
  325 324.5 8.74902 0.00379732
  326 325.5 8.82088 0.00382851
  327 326.5 8.45228 0.00366852
  328 327.5 7.82094 0.0033945
  329 328.5 7.11597 0.00308853
  330 329.5 6.42148 0.0027871
  331 330.5 5.82824 0.00252962
  332 331.5 5.31298 0.00230598
  333 332.5 4.88522 0.00212032
  334 333.5 4.52567 0.00196427
  335 334.5 4.22273 0.00183278
  336 335.5 4.01189 0.00174127
  337 336.5 3.84084 0.00166703
  338 337.5 3.69859 0.00160529
  339 338.5 3.58648 0.00155663
  340 339.5 3.51714 0.00152654
  341 340.5 3.44551 0.00149545
  342 341.5 3.39003 0.00147137
  343 342.5 3.34997 0.00145398
  344 343.5 3.29684 0.00143092
  345 344.5 3.27329 0.0014207
  346 345.5 3.26358 0.00141648
  347 346.5 3.24885 0.00141009
  348 347.5 3.24115 0.00140675
  349 348.5 3.23313 0.00140327
  350 349.5 3.21804 0.00139672
  351 350.5 3.21851 0.00139692
  352 351.5 3.21514 0.00139546
  353 352.5 3.2081 0.0013924
  354 353.5 3.21056 0.00139347
  355 354.5 3.21662 0.0013961
  356 355.5 3.19742 0.00138777
  357 356.5 3.20722 0.00139202
  358 357.5 3.21948 0.00139734
  359 358.5 3.21903 0.00139715
  360 359.5 3.20875 0.00139269
  361 360.5 3.21064 0.00139351
  362 361.5 3.20584 0.00139142
  363 362.5 3.19911 0.0013885
  364 363.5 3.19883 0.00138838
  365 364.5 3.20331 0.00139032
  366 365.5 3.19648 0.00138736
  367 366.5 3.1949 0.00138667
  368 367.5 3.21861 0.00139697
  369 368.5 3.21244 0.00139429
  370 369.5 3.21341 0.00139471
  371 370.5 3.21323 0.00139463
  372 371.5 3.21797 0.00139669
  373 372.5 3.2252 0.00139982
  374 373.5 3.22131 0.00139814
  375 374.5 3.22178 0.00139834
  376 375.5 3.22296 0.00139885
  377 376.5 3.2281 0.00140108
  378 377.5 3.23136 0.0014025
  379 378.5 3.23397 0.00140363
  380 379.5 3.22841 0.00140122
  381 380.5 3.22506 0.00139977
  382 381.5 3.22561 0.0014
  383 382.5 3.233 0.00140321
  384 383.5 3.22855 0.00140128
  385 384.5 3.24983 0.00141052
  386 385.5 3.23833 0.00140553
  387 386.5 3.23983 0.00140618
  388 387.5 3.24817 0.0014098
  389 388.5 3.25604 0.00141321
  390 389.5 3.2501 0.00141064
  391 390.5 3.24735 0.00140944
  392 391.5 3.24342 0.00140774
  393 392.5 3.23862 0.00140565
  394 393.5 3.22597 0.00140016
  395 394.5 3.22101 0.00139801
  396 395.5 3.22861 0.00140131
  397 396.5 3.22021 0.00139766
  398 397.5 3.21915 0.0013972
  399 398.5 3.21685 0.0013962
  400 399.5 3.22362 0.00139914
  401 400.5 3.23023 0.00140201
  402 401.5 3.23066 0.0014022
  403 402.5 3.23029 0.00140204
  404 403.5 3.24258 0.00140737
  405 404.5 3.22541 0.00139992
  406 405.5 3.22447 0.00139951
  407 406.5 3.21742 0.00139645
  408 407.5 3.21531 0.00139553
  409 408.5 3.21963 0.00139741
  410 409.5 3.23408 0.00140368
  411 410.5 3.22813 0.0014011
  412 411.5 3.22244 0.00139863
  413 412.5 3.23434 0.00140379
  414 413.5 3.22627 0.00140029
  415 414.5 3.22298 0.00139886
  416 415.5 3.2259 0.00140013
  417 416.5 3.22231 0.00139857
  418 417.5 3.22729 0.00140073
  419 418.5 3.22244 0.00139863
  420 419.5 3.22829 0.00140117
  421 420.5 3.22686 0.00140055
  422 421.5 3.24118 0.00140676
  423 422.5 3.23196 0.00140276
  424 423.5 3.2328 0.00140312
  425 424.5 3.22247 0.00139864
  426 425.5 3.22559 0.00139999
  427 426.5 3.23024 0.00140202
  428 427.5 3.22787 0.00140099
  429 428.5 3.21806 0.00139673
  430 429.5 3.21814 0.00139676
  431 430.5 3.23335 0.00140336
  432 431.5 3.23431 0.00140378
  433 432.5 3.23151 0.00140257
  434 433.5 3.2231 0.00139892
  435 434.5 3.22939 0.00140165
  436 435.5 3.24026 0.00140636
  437 436.5 3.23796 0.00140536
  438 437.5 3.22559 0.00139999
  439 438.5 3.23059 0.00140216
  440 439.5 3.23746 0.00140515
  441 440.5 3.23347 0.00140341
  442 441.5 3.22488 0.00139969
  443 442.5 3.23116 0.00140241
  444 443.5 3.22694 0.00140058
  445 444.5 3.2279 0.001401
  446 445.5 3.24689 0.00140924
  447 446.5 3.2411 0.00140673
  448 447.5 3.24737 0.00140945
  449 448.5 3.24466 0.00140827
  450 449.5 3.25066 0.00141088
  451 450.5 3.25351 0.00141212
  452 451.5 3.26299 0.00141623
  453 452.5 3.27149 0.00141992
  454 453.5 3.29171 0.00142869
  455 454.5 3.31494 0.00143877
  456 455.5 3.3431 0.001451
  457 456.5 3.36927 0.00146236
  458 457.5 3.39024 0.00147146
  459 458.5 3.45147 0.00149803
  460 459.5 3.51103 0.00152388
  461 460.5 3.59749 0.00156141
  462 461.5 3.68181 0.00159801
  463 462.5 3.78716 0.00164373
  464 463.5 3.95166 0.00171513
  465 464.5 4.13865 0.00179629
  466 465.5 4.38226 0.00190202
  467 466.5 4.68032 0.00203139
  468 467.5 5.04234 0.00218852
  469 468.5 5.48569 0.00238094
  470 469.5 6.02487 0.00261496
  471 470.5 6.66148 0.00289127
  472 471.5 7.37688 0.00320177
  473 472.5 8.2375 0.0035753
  474 473.5 9.20587 0.00399561
  475 474.5 10.2541 0.00445055
  476 475.5 11.3977 0.0049469
  477 476.5 12.6231 0.00547878
  478 477.5 13.899 0.00603254
  479 478.5 15.2063 0.00659997
  480 479.5 16.4688 0.00714792
30000000 480 4889.999999999996
  1 0.5 17.7919 0.0077222
  2 1.5 18.9475 0.00822374
  3 2.5 20.0554 0.00870459
  4 3.5 21.0786 0.00914869
  5 4.5 21.9211 0.00951438
  6 5.5 22.6777 0.00984273
  7 6.5 23.3879 0.010151
  8 7.5 23.9888 0.0104118
  9 8.5 24.467 0.0106194
  10 9.5 24.8751 0.0107965
  11 10.5 25.2468 0.0109578
  12 11.5 25.518 0.0110755
  13 12.5 25.729 0.0111671
  14 13.5 25.9578 0.0112664
  15 14.5 26.1071 0.0113312
  16 15.5 26.2466 0.0113917
  17 16.5 26.3096 0.0114191
  18 17.5 26.3937 0.0114556
  19 18.5 26.4776 0.011492
  20 19.5 26.5429 0.0115204
  21 20.5 26.5914 0.0115414
  22 21.5 26.6277 0.0115572
  23 22.5 26.6393 0.0115622
  24 23.5 26.6566 0.0115697
  25 24.5 26.6879 0.0115833
  26 25.5 26.6722 0.0115765
  27 26.5 26.7036 0.0115901
  28 27.5 26.7281 0.0116008
  29 28.5 26.7218 0.011598
  30 29.5 26.7306 0.0116018
  31 30.5 26.7263 0.0116
  32 31.5 26.736 0.0116042
  33 32.5 26.7722 0.0116199
  34 33.5 26.7503 0.0116104
  35 34.5 26.7317 0.0116023
  36 35.5 26.7878 0.0116267
  37 36.5 26.7649 0.0116167
  38 37.5 26.7106 0.0115931
  39 38.5 26.7412 0.0116064
  40 39.5 26.7818 0.0116241
  41 40.5 26.7529 0.0116115
  42 41.5 26.7463 0.0116087
  43 42.5 26.7845 0.0116252
  44 43.5 26.7877 0.0116266
  45 44.5 26.7924 0.0116287
  46 45.5 26.7701 0.011619
  47 46.5 26.7817 0.011624
  48 47.5 26.7833 0.0116247
  49 48.5 26.8048 0.011634
  50 49.5 26.7773 0.0116221
  51 50.5 26.7626 0.0116157
  52 51.5 26.8325 0.011646
  53 52.5 26.795 0.0116298
  54 53.5 26.7555 0.0116126
  55 54.5 26.7653 0.0116169
  56 55.5 26.7961 0.0116302
  57 56.5 26.7977 0.0116309
  58 57.5 26.7566 0.0116131
  59 58.5 26.7732 0.0116203
  60 59.5 26.7798 0.0116232
  61 60.5 26.7764 0.0116217
  62 61.5 26.7891 0.0116272
  63 62.5 26.7823 0.0116243
  64 63.5 26.7973 0.0116308
  65 64.5 26.761 0.011615
  66 65.5 26.8009 0.0116323
  67 66.5 26.7972 0.0116307
  68 67.5 26.7573 0.0116134
  69 68.5 26.7766 0.0116218
  70 69.5 26.8035 0.0116334
  71 70.5 26.8167 0.0116392
  72 71.5 26.7695 0.0116187
  73 72.5 26.7924 0.0116286
  74 73.5 26.8241 0.0116424
  75 74.5 26.7914 0.0116282
  76 75.5 26.7847 0.0116253
  77 76.5 26.7745 0.0116209
  78 77.5 26.7912 0.0116281
  79 78.5 26.8032 0.0116333
  80 79.5 26.7746 0.0116209
  81 80.5 26.7742 0.0116208
  82 81.5 26.7817 0.011624
  83 82.5 26.7936 0.0116292
  84 83.5 26.7873 0.0116264
  85 84.5 26.77 0.0116189
  86 85.5 26.7745 0.0116209
  87 86.5 26.7886 0.011627
  88 87.5 26.7835 0.0116248
  89 88.5 26.7567 0.0116132
  90 89.5 26.7737 0.0116205
  91 90.5 26.7663 0.0116173
  92 91.5 26.7899 0.0116276
  93 92.5 26.7548 0.0116123
  94 93.5 26.7868 0.0116262
  95 94.5 26.7903 0.0116277
  96 95.5 26.7914 0.0116282
  97 96.5 26.7581 0.0116138
  98 97.5 26.7983 0.0116312
  99 98.5 26.8186 0.01164
  100 99.5 26.8082 0.0116355
  101 100.5 26.7781 0.0116224
  102 101.5 26.793 0.0116289
  103 102.5 26.8241 0.0116424
  104 103.5 26.8317 0.0116457
  105 104.5 26.7963 0.0116303
  106 105.5 26.7994 0.0116317
  107 106.5 26.7996 0.0116318
  108 107.5 26.8178 0.0116397
  109 108.5 26.7853 0.0116256
  110 109.5 26.8027 0.0116331
  111 110.5 26.8106 0.0116365
  112 111.5 26.7916 0.0116283
  113 112.5 26.7808 0.0116236
  114 113.5 26.797 0.0116307
  115 114.5 26.7796 0.0116231
  116 115.5 26.7503 0.0116104
  117 116.5 26.7963 0.0116303
  118 117.5 26.7736 0.0116205
  119 118.5 26.7677 0.0116179
  120 119.5 26.7815 0.0116239
  121 120.5 26.7947 0.0116297
  122 121.5 26.7952 0.0116299
  123 122.5 26.7957 0.0116301
  124 123.5 26.7842 0.0116251
  125 124.5 26.7921 0.0116285
  126 125.5 26.8078 0.0116353
  127 126.5 26.7908 0.0116279
  128 127.5 26.7995 0.0116317
  129 128.5 26.8023 0.0116329
  130 129.5 26.7989 0.0116314
  131 130.5 26.8227 0.0116418
  132 131.5 26.8103 0.0116364
  133 132.5 26.7892 0.0116273
  134 133.5 26.799 0.0116315
  135 134.5 26.8213 0.0116412
  136 135.5 26.7953 0.0116299
  137 136.5 26.7808 0.0116236
  138 137.5 26.774 0.0116206
  139 138.5 26.8158 0.0116388
  140 139.5 26.7372 0.0116047
  141 140.5 26.706 0.0115912
  142 141.5 26.7045 0.0115905
  143 142.5 26.6759 0.0115781
  144 143.5 26.5894 0.0115405
  145 144.5 26.5267 0.0115133
  146 145.5 26.5026 0.0115029
  147 146.5 26.4273 0.0114702
  148 147.5 26.264 0.0113993
  149 148.5 26.1678 0.0113576
  150 149.5 26.0263 0.0112962
  151 150.5 25.82 0.0112066
  152 151.5 25.5083 0.0110713
  153 152.5 25.2639 0.0109652
  154 153.5 24.8344 0.0107788
  155 154.5 24.2428 0.0105221
  156 155.5 23.4623 0.0101833
  157 156.5 22.2671 0.00966454
  158 157.5 20.4406 0.0088718
  159 158.5 17.8211 0.00773485
  160 159.5 14.4382 0.00626658
  161 160.5 10.6768 0.00463404
  162 161.5 7.12058 0.00309053
  163 162.5 4.2895 0.00186176
  164 163.5 2.37202 0.00102952
  165 164.5 1.22776 0.00053288
  166 165.5 0.618028 0.000268241
  167 166.5 0.335884 0.000145783
  168 167.5 0.207064 8.98715e-05
  169 168.5 0.144026 6.25113e-05
  170 169.5 0.113622 4.93151e-05
  171 170.5 0.097374 4.2263e-05
  172 171.5 0.085936 3.72986e-05
  173 172.5 0.077262 3.35339e-05
  174 173.5 0.07354 3.19184e-05
  175 174.5 0.069794 3.02925e-05
  176 175.5 0.070096 3.04236e-05
  177 176.5 0.072552 3.14896e-05
  178 177.5 0.071622 3.10859e-05
  179 178.5 0.069912 3.03437e-05
  180 179.5 0.06763 2.93533e-05
  181 180.5 0.06714 2.91406e-05
  182 181.5 0.06588 2.85938e-05
  183 182.5 0.06456 2.80208e-05
  184 183.5 0.065614 2.84783e-05
  185 184.5 0.06406 2.78038e-05
  186 185.5 0.06447 2.79818e-05
  187 186.5 0.063106 2.73898e-05
  188 187.5 0.060284 2.61649e-05
  189 188.5 0.061952 2.68889e-05
  190 189.5 0.062278 2.70304e-05
  191 190.5 0.060274 2.61606e-05
  192 191.5 0.060648 2.63229e-05
  193 192.5 0.060514 2.62648e-05
  194 193.5 0.06049 2.62543e-05
  195 194.5 0.059784 2.59479e-05
  196 195.5 0.057846 2.51068e-05
  197 196.5 0.05722 2.48351e-05
  198 197.5 0.058746 2.54974e-05
  199 198.5 0.057628 2.50122e-05
  200 199.5 0.05742 2.49219e-05
  201 200.5 0.063376 2.75069e-05
  202 201.5 0.06227 2.70269e-05
  203 202.5 0.061168 2.65486e-05
  204 203.5 0.058148 2.52378e-05
  205 204.5 0.059386 2.57752e-05
  206 205.5 0.05973 2.59245e-05
  207 206.5 0.059902 2.59991e-05
  208 207.5 0.059278 2.57283e-05
  209 208.5 0.062286 2.70339e-05
  210 209.5 0.062676 2.72031e-05
  211 210.5 0.06265 2.71918e-05
  212 211.5 0.06037 2.62023e-05
  213 212.5 0.060386 2.62092e-05
  214 213.5 0.061964 2.68941e-05
  215 214.5 0.062608 2.71736e-05
  216 215.5 0.068834 2.98759e-05
  217 216.5 0.067796 2.94253e-05
  218 217.5 0.067672 2.93715e-05
  219 218.5 0.064562 2.80217e-05
  220 219.5 0.06158 2.67274e-05
  221 220.5 0.059504 2.58264e-05
  222 221.5 0.060244 2.61476e-05
  223 222.5 0.0605 2.62587e-05
  224 223.5 0.059708 2.59149e-05
  225 224.5 0.05826 2.52865e-05
  226 225.5 0.059508 2.58281e-05
  227 226.5 0.059978 2.60321e-05
  228 227.5 0.062352 2.70625e-05
  229 228.5 0.062154 2.69766e-05
  230 229.5 0.061774 2.68116e-05
  231 230.5 0.062916 2.73073e-05
  232 231.5 0.063314 2.748e-05
  233 232.5 0.065898 2.86016e-05
  234 233.5 0.070138 3.04418e-05
  235 234.5 0.067974 2.95026e-05
  236 235.5 0.062986 2.73377e-05
  237 236.5 0.06411 2.78255e-05
  238 237.5 0.063674 2.76363e-05
  239 238.5 0.063736 2.76632e-05
  240 239.5 0.065646 2.84922e-05
  241 240.5 0.064686 2.80755e-05
  242 241.5 0.062004 2.69115e-05
  243 242.5 0.060276 2.61615e-05
  244 243.5 0.058574 2.54227e-05
  245 244.5 0.05686 2.46788e-05
  246 245.5 0.057986 2.51675e-05
  247 246.5 0.05776 2.50694e-05
  248 247.5 0.0592 2.56944e-05
  249 248.5 0.060174 2.61172e-05
  250 249.5 0.06081 2.63932e-05
  251 250.5 0.060626 2.63134e-05
  252 251.5 0.05959 2.58637e-05
  253 252.5 0.059908 2.60017e-05
  254 253.5 0.061022 2.64852e-05
  255 254.5 0.063952 2.77569e-05
  256 255.5 0.065728 2.85278e-05
  257 256.5 0.06519 2.82943e-05
  258 257.5 0.063224 2.7441e-05
  259 258.5 0.06545 2.84071e-05
  260 259.5 0.065904 2.86042e-05
  261 260.5 0.067744 2.94028e-05
  262 261.5 0.067404 2.92552e-05
  263 262.5 0.069788 3.02899e-05
  264 263.5 0.068542 2.97491e-05
  265 264.5 0.068948 2.99253e-05
  266 265.5 0.068602 2.97752e-05
  267 266.5 0.070982 3.08082e-05
  268 267.5 0.073008 3.16875e-05
  269 268.5 0.074132 3.21753e-05
  270 269.5 0.076758 3.33151e-05
  271 270.5 0.075548 3.27899e-05
  272 271.5 0.073804 3.2033e-05
  273 272.5 0.07319 3.17665e-05
  274 273.5 0.074108 3.21649e-05
  275 274.5 0.07373 3.20009e-05
  276 275.5 0.070654 3.06658e-05
  277 276.5 0.07029 3.05078e-05
  278 277.5 0.066678 2.89401e-05
  279 278.5 0.064056 2.78021e-05
  280 279.5 0.06341 2.75217e-05
  281 280.5 0.063468 2.75469e-05
  282 281.5 0.06382 2.76997e-05
  283 282.5 0.065906 2.8605e-05
  284 283.5 0.067384 2.92465e-05
  285 284.5 0.066662 2.89332e-05
  286 285.5 0.068984 2.9941e-05
  287 286.5 0.07079 3.07248e-05
  288 287.5 0.06924 3.00521e-05
  289 288.5 0.067078 2.91137e-05
  290 289.5 0.068016 2.95208e-05
  291 290.5 0.072388 3.14184e-05
  292 291.5 0.075404 3.27274e-05
  293 292.5 0.075026 3.25634e-05
  294 293.5 0.07643 3.31727e-05
  295 294.5 0.076374 3.31484e-05
  296 295.5 0.074498 3.23342e-05
  297 296.5 0.073792 3.20278e-05
  298 297.5 0.069526 3.01762e-05
  299 298.5 0.069536 3.01806e-05
  300 299.5 0.069712 3.02569e-05
  301 300.5 0.069708 3.02552e-05
  302 301.5 0.06617 2.87196e-05
  303 302.5 0.06927 3.00651e-05
  304 303.5 0.069564 3.01927e-05
  305 304.5 0.070898 3.07717e-05
  306 305.5 0.072984 3.16771e-05
  307 306.5 0.071794 3.11606e-05
  308 307.5 0.073622 3.1954e-05
  309 308.5 0.077418 3.36016e-05
  310 309.5 0.07919 3.43707e-05
  311 310.5 0.08648 3.75347e-05
  312 311.5 0.097336 4.22465e-05
  313 312.5 0.110178 4.78203e-05
  314 313.5 0.136866 5.94036e-05
  315 314.5 0.184272 7.99792e-05
  316 315.5 0.280924 0.000121929
  317 316.5 0.478288 0.00020759
  318 317.5 0.86528 0.000375556
  319 318.5 1.5641 0.000678865
  320 319.5 2.66355 0.00115606
  321 320.5 4.16124 0.0018061
  322 321.5 5.90479 0.00256284
  323 322.5 7.49265 0.00325202
  324 323.5 8.59874 0.00373209
  325 324.5 9.04867 0.00392737
  326 325.5 8.94101 0.00388065
  327 326.5 8.42757 0.0036578
  328 327.5 7.74946 0.00336348
  329 328.5 7.05951 0.00306402
  330 329.5 6.4014 0.00277838
  331 330.5 5.83563 0.00253282
  332 331.5 5.33771 0.00231672
  333 332.5 4.93277 0.00214096
  334 333.5 4.59252 0.00199328
  335 334.5 4.30804 0.00186981
  336 335.5 4.08317 0.00177221
  337 336.5 3.89643 0.00169116
  338 337.5 3.76185 0.00163275
  339 338.5 3.65579 0.00158672
  340 339.5 3.5667 0.00154805
  341 340.5 3.49398 0.00151649
  342 341.5 3.42899 0.00148828
  343 342.5 3.38887 0.00147086
  344 343.5 3.35583 0.00145652
  345 344.5 3.31909 0.00144058
  346 345.5 3.29389 0.00142964
  347 346.5 3.26991 0.00141923
  348 347.5 3.24413 0.00140804
  349 348.5 3.23561 0.00140434
  350 349.5 3.23486 0.00140402
  351 350.5 3.21279 0.00139444
  352 351.5 3.21659 0.00139609
  353 352.5 3.2131 0.00139458
  354 353.5 3.21114 0.00139372
  355 354.5 3.21732 0.00139641
  356 355.5 3.21359 0.00139479
  357 356.5 3.2156 0.00139566
  358 357.5 3.21494 0.00139537
  359 358.5 3.22289 0.00139882
  360 359.5 3.21584 0.00139576
  361 360.5 3.2289 0.00140143
  362 361.5 3.22273 0.00139875
  363 362.5 3.22268 0.00139873
  364 363.5 3.2089 0.00139275
  365 364.5 3.21945 0.00139733
  366 365.5 3.22171 0.00139831
  367 366.5 3.21597 0.00139582
  368 367.5 3.2161 0.00139587
  369 368.5 3.21669 0.00139613
  370 369.5 3.21828 0.00139682
  371 370.5 3.22398 0.0013993
  372 371.5 3.22992 0.00140187
  373 372.5 3.22619 0.00140026
  374 373.5 3.22965 0.00140176
  375 374.5 3.23135 0.0014025
  376 375.5 3.22598 0.00140017
  377 376.5 3.21769 0.00139657
  378 377.5 3.21457 0.00139521
  379 378.5 3.21985 0.00139751
  380 379.5 3.22482 0.00139966
  381 380.5 3.21733 0.00139641
  382 381.5 3.2018 0.00138967
  383 382.5 3.21381 0.00139488
  384 383.5 3.21951 0.00139736
  385 384.5 3.21892 0.0013971
  386 385.5 3.2237 0.00139917
  387 386.5 3.22402 0.00139931
  388 387.5 3.2265 0.00140039
  389 388.5 3.23131 0.00140248
  390 389.5 3.22435 0.00139946
  391 390.5 3.23554 0.00140432
  392 391.5 3.23693 0.00140492
  393 392.5 3.23632 0.00140465
  394 393.5 3.22316 0.00139894
  395 394.5 3.23284 0.00140314
  396 395.5 3.22048 0.00139778
  397 396.5 3.22738 0.00140077
  398 397.5 3.21898 0.00139713
  399 398.5 3.2241 0.00139935
  400 399.5 3.22979 0.00140182
  401 400.5 3.23208 0.00140281
  402 401.5 3.23933 0.00140596
  403 402.5 3.23235 0.00140293
  404 403.5 3.24409 0.00140802
  405 404.5 3.23464 0.00140393
  406 405.5 3.23451 0.00140387
  407 406.5 3.23635 0.00140467
  408 407.5 3.23975 0.00140614
  409 408.5 3.25861 0.00141433
  410 409.5 3.25934 0.00141464
  411 410.5 3.2718 0.00142005
  412 411.5 3.25805 0.00141408
  413 412.5 3.27357 0.00142082
  414 413.5 3.27214 0.0014202
  415 414.5 3.26877 0.00141874
  416 415.5 3.26801 0.00141841
  417 416.5 3.2825 0.0014247
  418 417.5 3.2873 0.00142678
  419 418.5 3.28423 0.00142545
  420 419.5 3.28116 0.00142412
  421 420.5 3.27295 0.00142055
  422 421.5 3.28402 0.00142536
  423 422.5 3.28422 0.00142544
  424 423.5 3.26843 0.00141859
  425 424.5 3.25687 0.00141357
  426 425.5 3.26502 0.00141711
  427 426.5 3.25567 0.00141305
  428 427.5 3.26331 0.00141637
  429 428.5 3.24991 0.00141055
  430 429.5 3.25097 0.00141101
  431 430.5 3.26505 0.00141712
  432 431.5 3.25264 0.00141174
  433 432.5 3.25654 0.00141343
  434 433.5 3.25411 0.00141237
  435 434.5 3.25162 0.00141129
  436 435.5 3.24954 0.00141039
  437 436.5 3.25522 0.00141286
  438 437.5 3.2637 0.00141654
  439 438.5 3.26198 0.00141579
  440 439.5 3.27253 0.00142037
  441 440.5 3.26924 0.00141894
  442 441.5 3.26924 0.00141894
  443 442.5 3.25246 0.00141166
  444 443.5 3.24597 0.00140884
  445 444.5 3.2618 0.00141571
  446 445.5 3.25905 0.00141452
  447 446.5 3.24255 0.00140736
  448 447.5 3.25279 0.0014118
  449 448.5 3.25575 0.00141309
  450 449.5 3.26135 0.00141552
  451 450.5 3.25953 0.00141473
  452 451.5 3.25843 0.00141425
  453 452.5 3.28652 0.00142644
  454 453.5 3.2883 0.00142722
  455 454.5 3.31445 0.00143856
  456 455.5 3.33555 0.00144772
  457 456.5 3.36987 0.00146262
  458 457.5 3.41269 0.0014812
  459 458.5 3.46034 0.00150189
  460 459.5 3.51226 0.00152442
  461 460.5 3.59412 0.00155995
  462 461.5 3.68601 0.00159983
  463 462.5 3.79866 0.00164872
  464 463.5 3.96448 0.0017207
  465 464.5 4.16528 0.00180785
  466 465.5 4.4005 0.00190994
  467 466.5 4.70379 0.00204158
  468 467.5 5.07305 0.00220185
  469 468.5 5.51099 0.00239192
  470 469.5 6.05664 0.00262875
  471 470.5 6.69263 0.00290479
  472 471.5 7.45605 0.00323613
  473 472.5 8.30342 0.00360391
  474 473.5 9.2582 0.00401831
  475 474.5 10.3527 0.00449335
  476 475.5 11.5222 0.00500095
  477 476.5 12.7488 0.00553335
  478 477.5 14.0115 0.00608139
  479 478.5 15.3142 0.00664677
  480 479.5 16.5636 0.00718907
40000000 480 4889.999999999997
  1 0.5 18.0336 0.00782708
  2 1.5 19.173 0.00832164
  3 2.5 20.2487 0.00878851
  4 3.5 21.2312 0.00921491
  5 4.5 22.0943 0.00958955
  6 5.5 22.8496 0.00991735
  7 6.5 23.517 0.010207
  8 7.5 24.0886 0.0104551
  9 8.5 24.5701 0.0106641
  10 9.5 24.9587 0.0108328
  11 10.5 25.2815 0.0109729
  12 11.5 25.5611 0.0110942
  13 12.5 25.7916 0.0111943
  14 13.5 25.9808 0.0112764
  15 14.5 26.0814 0.0113201
  16 15.5 26.2543 0.0113951
  17 16.5 26.3432 0.0114337
  18 17.5 26.4077 0.0114617
  19 18.5 26.4619 0.0114852
  20 19.5 26.5474 0.0115223
  21 20.5 26.5573 0.0115266
  22 21.5 26.5727 0.0115333
  23 22.5 26.6382 0.0115617
  24 23.5 26.6531 0.0115682
  25 24.5 26.6553 0.0115691
  26 25.5 26.6688 0.011575
  27 26.5 26.7202 0.0115973
  28 27.5 26.7231 0.0115986
  29 28.5 26.702 0.0115894
  30 29.5 26.7374 0.0116048
  31 30.5 26.7331 0.0116029
  32 31.5 26.7613 0.0116151
  33 32.5 26.7359 0.0116041
  34 33.5 26.7292 0.0116012
  35 34.5 26.7552 0.0116125
  36 35.5 26.7491 0.0116098
  37 36.5 26.7396 0.0116057
  38 37.5 26.7737 0.0116205
  39 38.5 26.7558 0.0116128
  40 39.5 26.727 0.0116002
  41 40.5 26.7658 0.0116171
  42 41.5 26.7649 0.0116167
  43 42.5 26.7306 0.0116018
  44 43.5 26.7486 0.0116096
  45 44.5 26.7628 0.0116158
  46 45.5 26.7631 0.0116159
  47 46.5 26.7489 0.0116098
  48 47.5 26.7824 0.0116243
  49 48.5 26.7683 0.0116182
  50 49.5 26.7553 0.0116126
  51 50.5 26.7586 0.011614
  52 51.5 26.7923 0.0116286
  53 52.5 26.7536 0.0116118
  54 53.5 26.7506 0.0116105
  55 54.5 26.7954 0.01163
  56 55.5 26.7747 0.011621
  57 56.5 26.7419 0.0116067
  58 57.5 26.7575 0.0116135
  59 58.5 26.7844 0.0116252
  60 59.5 26.7859 0.0116258
  61 60.5 26.7592 0.0116142
  62 61.5 26.793 0.0116289
  63 62.5 26.7822 0.0116242
  64 63.5 26.7796 0.0116231
  65 64.5 26.788 0.0116267
  66 65.5 26.7925 0.0116287
  67 66.5 26.8096 0.0116361
  68 67.5 26.7644 0.0116165
  69 68.5 26.7857 0.0116257
  70 69.5 26.8085 0.0116356
  71 70.5 26.7983 0.0116312
  72 71.5 26.8157 0.0116387
  73 72.5 26.7855 0.0116257
  74 73.5 26.8216 0.0116413
  75 74.5 26.8034 0.0116334
  76 75.5 26.7967 0.0116305
  77 76.5 26.7908 0.011628
  78 77.5 26.8162 0.011639
  79 78.5 26.8193 0.0116403
  80 79.5 26.8063 0.0116347
  81 80.5 26.8026 0.0116331
  82 81.5 26.8451 0.0116515
  83 82.5 26.8142 0.0116381
  84 83.5 26.829 0.0116445
  85 84.5 26.8321 0.0116459
  86 85.5 26.8204 0.0116408
  87 86.5 26.8365 0.0116478
  88 87.5 26.8704 0.0116625
  89 88.5 26.8208 0.011641
  90 89.5 26.822 0.0116415
  91 90.5 26.8345 0.0116469
  92 91.5 26.8674 0.0116612
  93 92.5 26.8444 0.0116512
  94 93.5 26.8217 0.0116414
  95 94.5 26.8662 0.0116607
  96 95.5 26.8175 0.0116396
  97 96.5 26.8347 0.011647
  98 97.5 26.8383 0.0116486
  99 98.5 26.8403 0.0116494
  100 99.5 26.8241 0.0116424
  101 100.5 26.8281 0.0116441
  102 101.5 26.8456 0.0116517
  103 102.5 26.8254 0.011643
  104 103.5 26.8209 0.011641
  105 104.5 26.8211 0.0116411
  106 105.5 26.8156 0.0116387
  107 106.5 26.805 0.0116341
  108 107.5 26.8306 0.0116452
  109 108.5 26.8088 0.0116358
  110 109.5 26.8137 0.0116379
  111 110.5 26.7943 0.0116294
  112 111.5 26.8163 0.011639
  113 112.5 26.8182 0.0116399
  114 113.5 26.8087 0.0116357
  115 114.5 26.7981 0.0116311
  116 115.5 26.8271 0.0116437
  117 116.5 26.8168 0.0116393
  118 117.5 26.7952 0.0116299
  119 118.5 26.8051 0.0116341
  120 119.5 26.8192 0.0116403
  121 120.5 26.8028 0.0116331
  122 121.5 26.7838 0.0116249
  123 122.5 26.8017 0.0116327
  124 123.5 26.7817 0.011624
  125 124.5 26.7987 0.0116314
  126 125.5 26.7884 0.0116269
  127 126.5 26.7725 0.01162
  128 127.5 26.7882 0.0116268
  129 128.5 26.8013 0.0116325
  130 129.5 26.7879 0.0116267
  131 130.5 26.8055 0.0116343
  132 131.5 26.7722 0.0116199
  133 132.5 26.7459 0.0116085
  134 133.5 26.7653 0.0116169
  135 134.5 26.7315 0.0116022
  136 135.5 26.7736 0.0116205
  137 136.5 26.7062 0.0115912
  138 137.5 26.6971 0.0115873
  139 138.5 26.6777 0.0115789
  140 139.5 26.6677 0.0115745
  141 140.5 26.6364 0.0115609
  142 141.5 26.5965 0.0115436
  143 142.5 26.5707 0.0115324
  144 143.5 26.4858 0.0114956
  145 144.5 26.4605 0.0114846
  146 145.5 26.379 0.0114492
  147 146.5 26.2815 0.0114069
  148 147.5 26.2094 0.0113756
  149 148.5 26.0933 0.0113252
  150 149.5 25.9056 0.0112438
  151 150.5 25.6919 0.011151
  152 151.5 25.4412 0.0110422
  153 152.5 25.0864 0.0108882
  154 153.5 24.6349 0.0106923
  155 154.5 24.0198 0.0104253
  156 155.5 23.1438 0.010045
  157 156.5 21.7878 0.00945649
  158 157.5 19.8027 0.00859492
  159 158.5 17.0168 0.00738578
  160 159.5 13.5469 0.00587972
  161 160.5 9.83439 0.0042684
  162 161.5 6.43776 0.00279417
  163 162.5 3.80191 0.00165014
  164 163.5 2.06255 0.000895203
  165 164.5 1.06751 0.000463327
  166 165.5 0.545828 0.000236905
  167 166.5 0.300918 0.000130607
  168 167.5 0.1879 8.15538e-05
  169 168.5 0.134356 5.83142e-05
  170 169.5 0.106806 4.63568e-05
  171 170.5 0.092608 4.01944e-05
  172 171.5 0.08704 3.77778e-05
  173 172.5 0.08266 3.58767e-05
  174 173.5 0.077438 3.36102e-05
  175 174.5 0.073322 3.18238e-05
  176 175.5 0.069642 3.02266e-05
  177 176.5 0.064944 2.81875e-05
  178 177.5 0.065896 2.86007e-05
  179 178.5 0.06948 3.01563e-05
  180 179.5 0.07039 3.05512e-05
  181 180.5 0.06915 3.0013e-05
  182 181.5 0.068554 2.97543e-05
  183 182.5 0.07167 3.11068e-05
  184 183.5 0.075588 3.28073e-05
  185 184.5 0.078416 3.40347e-05
  186 185.5 0.077456 3.36181e-05
  187 186.5 0.07726 3.3533e-05
  188 187.5 0.077434 3.36085e-05
  189 188.5 0.081136 3.52153e-05
  190 189.5 0.080006 3.47248e-05
  191 190.5 0.077642 3.36988e-05
  192 191.5 0.073674 3.19766e-05
  193 192.5 0.07282 3.16059e-05
  194 193.5 0.071548 3.10538e-05
  195 194.5 0.07066 3.06684e-05
  196 195.5 0.070132 3.04392e-05
  197 196.5 0.066158 2.87144e-05
  198 197.5 0.06514 2.82726e-05
  199 198.5 0.066324 2.87865e-05
  200 199.5 0.0659 2.86024e-05
  201 200.5 0.062786 2.72509e-05
  202 201.5 0.063558 2.75859e-05
  203 202.5 0.061762 2.68064e-05
  204 203.5 0.06213 2.69661e-05
  205 204.5 0.064202 2.78655e-05
  206 205.5 0.065452 2.8408e-05
  207 206.5 0.066102 2.86901e-05
  208 207.5 0.066124 2.86997e-05
  209 208.5 0.06572 2.85243e-05
  210 209.5 0.06498 2.82031e-05
  211 210.5 0.066032 2.86597e-05
  212 211.5 0.06511 2.82595e-05
  213 212.5 0.064892 2.81649e-05
  214 213.5 0.06598 2.86372e-05
  215 214.5 0.06732 2.92187e-05
  216 215.5 0.070386 3.05495e-05
  217 216.5 0.07054 3.06163e-05
  218 217.5 0.068612 2.97795e-05
  219 218.5 0.068032 2.95278e-05
  220 219.5 0.070472 3.05868e-05
  221 220.5 0.070556 3.06233e-05
  222 221.5 0.070608 3.06458e-05
  223 222.5 0.070758 3.07109e-05
  224 223.5 0.069158 3.00165e-05
  225 224.5 0.072024 3.12604e-05
  226 225.5 0.072732 3.15677e-05
  227 226.5 0.076558 3.32283e-05
  228 227.5 0.080158 3.47908e-05
  229 228.5 0.080814 3.50755e-05
  230 229.5 0.081176 3.52326e-05
  231 230.5 0.080076 3.47552e-05
  232 231.5 0.080532 3.49531e-05
  233 232.5 0.077102 3.34644e-05
  234 233.5 0.079138 3.43481e-05
  235 234.5 0.078072 3.38854e-05
  236 235.5 0.077782 3.37595e-05
  237 236.5 0.07961 3.4553e-05
  238 237.5 0.077908 3.38142e-05
  239 238.5 0.073256 3.17951e-05
  240 239.5 0.070438 3.0572e-05
  241 240.5 0.070454 3.0579e-05
  242 241.5 0.068376 2.96771e-05
  243 242.5 0.068394 2.96849e-05
  244 243.5 0.072446 3.14436e-05
  245 244.5 0.072958 3.16658e-05
  246 245.5 0.072716 3.15608e-05
  247 246.5 0.073442 3.18759e-05
  248 247.5 0.072688 3.15486e-05
  249 248.5 0.075568 3.27986e-05
  250 249.5 0.073996 3.21163e-05
  251 250.5 0.072688 3.15486e-05
  252 251.5 0.074692 3.24184e-05
  253 252.5 0.073498 3.19002e-05
  254 253.5 0.069348 3.0099e-05
  255 254.5 0.06666 2.89323e-05
  256 255.5 0.065254 2.8322e-05
  257 256.5 0.066722 2.89592e-05
  258 257.5 0.067824 2.94375e-05
  259 258.5 0.069284 3.00712e-05
  260 259.5 0.071638 3.10929e-05
  261 260.5 0.072398 3.14227e-05
  262 261.5 0.073948 3.20955e-05
  263 262.5 0.07127 3.09332e-05
  264 263.5 0.069406 3.01241e-05
  265 264.5 0.071338 3.09627e-05
  266 265.5 0.07268 3.15451e-05
  267 266.5 0.068704 2.98194e-05
  268 267.5 0.069962 3.03655e-05
  269 268.5 0.06978 3.02865e-05
  270 269.5 0.068464 2.97153e-05
  271 270.5 0.068342 2.96623e-05
  272 271.5 0.068602 2.97752e-05
  273 272.5 0.067356 2.92344e-05
  274 273.5 0.06662 2.89149e-05
  275 274.5 0.063 2.73438e-05
  276 275.5 0.065528 2.8441e-05
  277 276.5 0.067472 2.92847e-05
  278 277.5 0.066276 2.87656e-05
  279 278.5 0.065802 2.85599e-05
  280 279.5 0.067018 2.90877e-05
  281 280.5 0.069564 3.01927e-05
  282 281.5 0.06787 2.94575e-05
  283 282.5 0.06523 2.83116e-05
  284 283.5 0.066014 2.86519e-05
  285 284.5 0.064746 2.81016e-05
  286 285.5 0.066078 2.86797e-05
  287 286.5 0.067166 2.91519e-05
  288 287.5 0.064346 2.7928e-05
  289 288.5 0.060472 2.62465e-05
  290 289.5 0.062154 2.69766e-05
  291 290.5 0.061094 2.65165e-05
  292 291.5 0.062996 2.7342e-05
  293 292.5 0.061292 2.66024e-05
  294 293.5 0.06098 2.6467e-05
  295 294.5 0.067574 2.9329e-05
  296 295.5 0.069102 2.99922e-05
  297 296.5 0.070828 3.07413e-05
  298 297.5 0.070318 3.052e-05
  299 298.5 0.068988 2.99427e-05
  300 299.5 0.070248 3.04896e-05
  301 300.5 0.070822 3.07387e-05
  302 301.5 0.071108 3.08628e-05
  303 302.5 0.072258 3.1362e-05
  304 303.5 0.075476 3.27587e-05
  305 304.5 0.079868 3.46649e-05
  306 305.5 0.082338 3.5737e-05
  307 306.5 0.08192 3.55556e-05
  308 307.5 0.083594 3.62821e-05
  309 308.5 0.083852 3.63941e-05
  310 309.5 0.090562 3.93064e-05
  311 310.5 0.094718 4.11102e-05
  312 311.5 0.101164 4.3908e-05
  313 312.5 0.120264 5.21979e-05
  314 313.5 0.146106 6.34141e-05
  315 314.5 0.201848 8.76076e-05
  316 315.5 0.312402 0.000135591
  317 316.5 0.547876 0.000237793
  318 317.5 0.993406 0.000431166
  319 318.5 1.76538 0.000766222
  320 319.5 2.96507 0.00128692
  321 320.5 4.53538 0.00196848
  322 321.5 6.25071 0.00271298
  323 322.5 7.7674 0.00337127
  324 323.5 8.75403 0.00379949
  325 324.5 9.10173 0.0039504
  326 325.5 8.9299 0.00387583
  327 326.5 8.39761 0.0036448
  328 327.5 7.71672 0.00334927
  329 328.5 7.02036 0.00304703
  330 329.5 6.37603 0.00276737
  331 330.5 5.79961 0.00251719
  332 331.5 5.31922 0.00230869
  333 332.5 4.91658 0.00213393
  334 333.5 4.5752 0.00198576
  335 334.5 4.31123 0.00187119
  336 335.5 4.1016 0.00178021
  337 336.5 3.93207 0.00170663
  338 337.5 3.79088 0.00164535
  339 338.5 3.68346 0.00159872
  340 339.5 3.59771 0.0015615
  341 340.5 3.52045 0.00152797
  342 341.5 3.45078 0.00149773
  343 342.5 3.41384 0.0014817
  344 343.5 3.37732 0.00146585
  345 344.5 3.35399 0.00145572
  346 345.5 3.33961 0.00144949
  347 346.5 3.31951 0.00144076
  348 347.5 3.29188 0.00142877
  349 348.5 3.27522 0.00142153
  350 349.5 3.28333 0.00142506
  351 350.5 3.27218 0.00142022
  352 351.5 3.26734 0.00141812
  353 352.5 3.26336 0.00141639
  354 353.5 3.25979 0.00141484
  355 354.5 3.24894 0.00141013
  356 355.5 3.24656 0.0014091
  357 356.5 3.25109 0.00141106
  358 357.5 3.24562 0.00140869
  359 358.5 3.2469 0.00140924
  360 359.5 3.25132 0.00141116
  361 360.5 3.2462 0.00140894
  362 361.5 3.23864 0.00140566
  363 362.5 3.22531 0.00139987
  364 363.5 3.24028 0.00140637
  365 364.5 3.23171 0.00140265
  366 365.5 3.23197 0.00140276
  367 366.5 3.23773 0.00140526
  368 367.5 3.23758 0.0014052
  369 368.5 3.23492 0.00140405
  370 369.5 3.22796 0.00140103
  371 370.5 3.23049 0.00140212
  372 371.5 3.22459 0.00139956
  373 372.5 3.21366 0.00139482
  374 373.5 3.22201 0.00139844
  375 374.5 3.23327 0.00140333
  376 375.5 3.22413 0.00139936
  377 376.5 3.21767 0.00139656
  378 377.5 3.22244 0.00139863
  379 378.5 3.22705 0.00140063
  380 379.5 3.23434 0.0014038
  381 380.5 3.22159 0.00139826
  382 381.5 3.21685 0.0013962
  383 382.5 3.21192 0.00139406
  384 383.5 3.21352 0.00139476
  385 384.5 3.22418 0.00139938
  386 385.5 3.2211 0.00139805
  387 386.5 3.22167 0.00139829
  388 387.5 3.22894 0.00140145
  389 388.5 3.23053 0.00140214
  390 389.5 3.22674 0.00140049
  391 390.5 3.21244 0.00139429
  392 391.5 3.21721 0.00139636
  393 392.5 3.23535 0.00140423
  394 393.5 3.22599 0.00140017
  395 394.5 3.23024 0.00140202
  396 395.5 3.22368 0.00139917
  397 396.5 3.2279 0.001401
  398 397.5 3.23509 0.00140412
  399 398.5 3.24239 0.00140729
  400 399.5 3.23297 0.0014032
  401 400.5 3.23479 0.00140399
  402 401.5 3.24278 0.00140746
  403 402.5 3.25808 0.0014141
  404 403.5 3.2576 0.00141389
  405 404.5 3.25608 0.00141323
  406 405.5 3.25541 0.00141294
  407 406.5 3.26727 0.00141809
  408 407.5 3.25835 0.00141421
  409 408.5 3.25891 0.00141446
  410 409.5 3.26486 0.00141704
  411 410.5 3.26442 0.00141685
  412 411.5 3.25421 0.00141242
  413 412.5 3.24178 0.00140702
  414 413.5 3.23736 0.0014051
  415 414.5 3.23206 0.00140281
  416 415.5 3.225 0.00139974
  417 416.5 3.23301 0.00140321
  418 417.5 3.23474 0.00140397
  419 418.5 3.24477 0.00140832
  420 419.5 3.24808 0.00140976
  421 420.5 3.24295 0.00140753
  422 421.5 3.24959 0.00141041
  423 422.5 3.2586 0.00141432
  424 423.5 3.25602 0.0014132
  425 424.5 3.25241 0.00141164
  426 425.5 3.25247 0.00141166
  427 426.5 3.25219 0.00141154
  428 427.5 3.24625 0.00140896
  429 428.5 3.23041 0.00140209
  430 429.5 3.22986 0.00140185
  431 430.5 3.22236 0.00139859
  432 431.5 3.21413 0.00139502
  433 432.5 3.21427 0.00139508
  434 433.5 3.21037 0.00139339
  435 434.5 3.2317 0.00140265
  436 435.5 3.22183 0.00139836
  437 436.5 3.22451 0.00139953
  438 437.5 3.22444 0.0013995
  439 438.5 3.23244 0.00140297
  440 439.5 3.23774 0.00140527
  441 440.5 3.2431 0.0014076
  442 441.5 3.24228 0.00140724
  443 442.5 3.2379 0.00140534
  444 443.5 3.24581 0.00140877
  445 444.5 3.24555 0.00140866
  446 445.5 3.2499 0.00141055
  447 446.5 3.25187 0.0014114
  448 447.5 3.25183 0.00141139
  449 448.5 3.24812 0.00140978
  450 449.5 3.26188 0.00141575
  451 450.5 3.26917 0.00141891
  452 451.5 3.27582 0.0014218
  453 452.5 3.28777 0.00142698
  454 453.5 3.29873 0.00143174
  455 454.5 3.31739 0.00143984
  456 455.5 3.32925 0.00144499
  457 456.5 3.3702 0.00146276
  458 457.5 3.40499 0.00147786
  459 458.5 3.46602 0.00150435
  460 459.5 3.51734 0.00152662
  461 460.5 3.5979 0.00156159
  462 461.5 3.69834 0.00160518
  463 462.5 3.82483 0.00166008
  464 463.5 3.97297 0.00172438
  465 464.5 4.17646 0.0018127
  466 465.5 4.43264 0.00192389
  467 466.5 4.73887 0.0020568
  468 467.5 5.13726 0.00222971
  469 468.5 5.59953 0.00243035
  470 469.5 6.15097 0.00266969
  471 470.5 6.81227 0.00295671
  472 471.5 7.61618 0.00330563
  473 472.5 8.48074 0.00368088
  474 473.5 9.46083 0.00410626
  475 474.5 10.589 0.00459594
  476 475.5 11.7413 0.00509607
  477 476.5 13.014 0.00564845
  478 477.5 14.2686 0.00619299
  479 478.5 15.5402 0.00674486
  480 479.5 16.8189 0.00729988
50000000 480 4889.999999999996
  1 0.5 16.8023 0.00729265
  2 1.5 17.998 0.00781163
  3 2.5 19.1478 0.00831066
  4 3.5 20.2085 0.00877105
  5 4.5 21.1873 0.00919589
  6 5.5 22.0486 0.00956969
  7 6.5 22.818 0.00990364
  8 7.5 23.4966 0.0101982
  9 8.5 24.0389 0.0104336
  10 9.5 24.5292 0.0106463
  11 10.5 24.9492 0.0108286
  12 11.5 25.2628 0.0109648
  13 12.5 25.544 0.0110868
  14 13.5 25.791 0.011194
  15 14.5 25.9674 0.0112706
  16 15.5 26.139 0.0113451
  17 16.5 26.2772 0.011405
  18 17.5 26.3349 0.0114301
  19 18.5 26.429 0.0114709
  20 19.5 26.53 0.0115148
  21 20.5 26.5836 0.011538
  22 21.5 26.6171 0.0115526
  23 22.5 26.6844 0.0115818
  24 23.5 26.7 0.0115886
  25 24.5 26.746 0.0116085
  26 25.5 26.7353 0.0116039
  27 26.5 26.7811 0.0116237
  28 27.5 26.8171 0.0116394
  29 28.5 26.7892 0.0116273
  30 29.5 26.7794 0.011623
  31 30.5 26.8155 0.0116387
  32 31.5 26.8202 0.0116407
  33 32.5 26.8013 0.0116325
  34 33.5 26.7895 0.0116274
  35 34.5 26.8148 0.0116384
  36 35.5 26.817 0.0116393
  37 36.5 26.8157 0.0116387
  38 37.5 26.8037 0.0116336
  39 38.5 26.8361 0.0116476
  40 39.5 26.845 0.0116515
  41 40.5 26.8206 0.0116409
  42 41.5 26.8287 0.0116444
  43 42.5 26.831 0.0116454
  44 43.5 26.8399 0.0116492
  45 44.5 26.8337 0.0116466
  46 45.5 26.8152 0.0116385
  47 46.5 26.8451 0.0116515
  48 47.5 26.8672 0.0116611
  49 48.5 26.8019 0.0116328
  50 49.5 26.844 0.011651
  51 50.5 26.8494 0.0116534
  52 51.5 26.8642 0.0116598
  53 52.5 26.8094 0.011636
  54 53.5 26.8452 0.0116516
  55 54.5 26.8515 0.0116543
  56 55.5 26.8089 0.0116358
  57 56.5 26.8423 0.0116503
  58 57.5 26.855 0.0116558
  59 58.5 26.8066 0.0116348
  60 59.5 26.8195 0.0116404
  61 60.5 26.8701 0.0116624
  62 61.5 26.8268 0.0116436
  63 62.5 26.8047 0.011634
  64 63.5 26.8488 0.0116531
  65 64.5 26.833 0.0116463
  66 65.5 26.82 0.0116406
  67 66.5 26.8302 0.0116451
  68 67.5 26.8348 0.0116471
  69 68.5 26.8331 0.0116463
  70 69.5 26.8265 0.0116434
  71 70.5 26.8178 0.0116397
  72 71.5 26.7983 0.0116312
  73 72.5 26.8136 0.0116378
  74 73.5 26.8166 0.0116392
  75 74.5 26.7911 0.0116281
  76 75.5 26.8031 0.0116333
  77 76.5 26.7923 0.0116286
  78 77.5 26.8048 0.011634
  79 78.5 26.7726 0.0116201
  80 79.5 26.7894 0.0116273
  81 80.5 26.7992 0.0116316
  82 81.5 26.7887 0.0116271
  83 82.5 26.7792 0.0116229
  84 83.5 26.8035 0.0116335
  85 84.5 26.8122 0.0116372
  86 85.5 26.7465 0.0116087
  87 86.5 26.7728 0.0116201
  88 87.5 26.8013 0.0116325
  89 88.5 26.7786 0.0116227
  90 89.5 26.7753 0.0116212
  91 90.5 26.8134 0.0116377
  92 91.5 26.8054 0.0116343
  93 92.5 26.7638 0.0116162
  94 93.5 26.8003 0.0116321
  95 94.5 26.8118 0.0116371
  96 95.5 26.7729 0.0116202
  97 96.5 26.8117 0.011637
  98 97.5 26.7738 0.0116206
  99 98.5 26.7854 0.0116256
  100 99.5 26.7514 0.0116109
  101 100.5 26.7984 0.0116312
  102 101.5 26.7802 0.0116233
  103 102.5 26.7507 0.0116105
  104 103.5 26.7833 0.0116247
  105 104.5 26.783 0.0116246
  106 105.5 26.7367 0.0116045
  107 106.5 26.7275 0.0116005
  108 107.5 26.7634 0.0116161
  109 108.5 26.7505 0.0116104
  110 109.5 26.7492 0.0116099
  111 110.5 26.7514 0.0116109
  112 111.5 26.7353 0.0116038
  113 112.5 26.7166 0.0115958
  114 113.5 26.7562 0.0116129
  115 114.5 26.7599 0.0116145
  116 115.5 26.7437 0.0116075
  117 116.5 26.7256 0.0115997
  118 117.5 26.7327 0.0116027
  119 118.5 26.7314 0.0116022
  120 119.5 26.738 0.011605
  121 120.5 26.7429 0.0116072
  122 121.5 26.7164 0.0115957
  123 122.5 26.7398 0.0116058
  124 123.5 26.7311 0.0116021
  125 124.5 26.7123 0.0115939
  126 125.5 26.726 0.0115998
  127 126.5 26.7325 0.0116026
  128 127.5 26.6909 0.0115846
  129 128.5 26.744 0.0116076
  130 129.5 26.7337 0.0116032
  131 130.5 26.6943 0.0115861
  132 131.5 26.725 0.0115994
  133 132.5 26.7426 0.011607
  134 133.5 26.6957 0.0115867
  135 134.5 26.7037 0.0115902
  136 135.5 26.6972 0.0115873
  137 136.5 26.7171 0.011596
  138 137.5 26.6757 0.011578
  139 138.5 26.652 0.0115677
  140 139.5 26.6773 0.0115787
  141 140.5 26.6386 0.0115619
  142 141.5 26.5876 0.0115398
  143 142.5 26.5802 0.0115365
  144 143.5 26.5568 0.0115264
  145 144.5 26.4765 0.0114915
  146 145.5 26.4279 0.0114704
  147 146.5 26.3667 0.0114439
  148 147.5 26.2641 0.0113993
  149 148.5 26.144 0.0113472
  150 149.5 25.9937 0.011282
  151 150.5 25.8428 0.0112165
  152 151.5 25.6 0.0111111
  153 152.5 25.3128 0.0109865
  154 153.5 24.9305 0.0108205
  155 154.5 24.4376 0.0106066
  156 155.5 23.7317 0.0103002
  157 156.5 22.6942 0.00984993
  158 157.5 21.1429 0.00917659
  159 158.5 18.8187 0.00816783
  160 159.5 15.6886 0.00680928
  161 160.5 11.9942 0.00520582
  162 161.5 8.29449 0.00360004
  163 162.5 5.15802 0.00223872
  164 163.5 2.91882 0.00126685
  165 164.5 1.52496 0.000661876
  166 165.5 0.780792 0.000338885
  167 166.5 0.409754 0.000177845
  168 167.5 0.24116 0.00010467
  169 168.5 0.159462 6.92109e-05
  170 169.5 0.119372 5.18108e-05
  171 170.5 0.100224 4.35e-05
  172 171.5 0.08642 3.75087e-05
  173 172.5 0.079986 3.47161e-05
  174 173.5 0.072686 3.15477e-05
  175 174.5 0.068 2.95139e-05
  176 175.5 0.067044 2.9099e-05
  177 176.5 0.067086 2.91172e-05
  178 177.5 0.067574 2.9329e-05
  179 178.5 0.065918 2.86102e-05
  180 179.5 0.06578 2.85503e-05
  181 180.5 0.067972 2.95017e-05
  182 181.5 0.068186 2.95946e-05
  183 182.5 0.069908 3.0342e-05
  184 183.5 0.068372 2.96753e-05
  185 184.5 0.066254 2.87561e-05
  186 185.5 0.066188 2.87274e-05
  187 186.5 0.068472 2.97188e-05
  188 187.5 0.067694 2.93811e-05
  189 188.5 0.069152 3.00139e-05
  190 189.5 0.068506 2.97335e-05
  191 190.5 0.069144 3.00104e-05
  192 191.5 0.072504 3.14688e-05
  193 192.5 0.074104 3.21632e-05
  194 193.5 0.073448 3.18785e-05
  195 194.5 0.075046 3.2572e-05
  196 195.5 0.076536 3.32187e-05
  197 196.5 0.077496 3.36354e-05
  198 197.5 0.080116 3.47726e-05
  199 198.5 0.07936 3.44444e-05
  200 199.5 0.08117 3.523e-05
  201 200.5 0.079862 3.46623e-05
  202 201.5 0.07886 3.42274e-05
  203 202.5 0.075222 3.26484e-05
  204 203.5 0.075948 3.29635e-05
  205 204.5 0.076254 3.30964e-05
  206 205.5 0.075234 3.26536e-05
  207 206.5 0.073582 3.19366e-05
  208 207.5 0.0699 3.03385e-05
  209 208.5 0.071472 3.10208e-05
  210 209.5 0.07209 3.12891e-05
  211 210.5 0.074364 3.2276e-05
  212 211.5 0.077434 3.36085e-05
  213 212.5 0.077874 3.37995e-05
  214 213.5 0.074774 3.2454e-05
  215 214.5 0.074534 3.23498e-05
  216 215.5 0.073874 3.20634e-05
  217 216.5 0.075222 3.26484e-05
  218 217.5 0.07341 3.1862e-05
  219 218.5 0.072556 3.14913e-05
  220 219.5 0.07416 3.21875e-05
  221 220.5 0.073394 3.1855e-05
  222 221.5 0.07231 3.13845e-05
  223 222.5 0.07327 3.18012e-05
  224 223.5 0.072984 3.16771e-05
  225 224.5 0.072294 3.13776e-05
  226 225.5 0.07266 3.15365e-05
  227 226.5 0.07388 3.2066e-05
  228 227.5 0.07135 3.09679e-05
  229 228.5 0.069812 3.03003e-05
  230 229.5 0.068984 2.9941e-05
  231 230.5 0.07134 3.09635e-05
  232 231.5 0.069766 3.02804e-05
  233 232.5 0.067638 2.93568e-05
  234 233.5 0.067136 2.91389e-05
  235 234.5 0.063418 2.75252e-05
  236 235.5 0.06037 2.62023e-05
  237 236.5 0.059942 2.60165e-05
  238 237.5 0.060288 2.61667e-05
  239 238.5 0.05991 2.60026e-05
  240 239.5 0.060048 2.60625e-05
  241 240.5 0.059226 2.57057e-05
  242 241.5 0.059208 2.56979e-05
  243 242.5 0.058914 2.55703e-05
  244 243.5 0.061016 2.64826e-05
  245 244.5 0.061194 2.65599e-05
  246 245.5 0.05986 2.59809e-05
  247 246.5 0.060578 2.62925e-05
  248 247.5 0.061108 2.65226e-05
  249 248.5 0.059366 2.57665e-05
  250 249.5 0.058594 2.54314e-05
  251 250.5 0.05761 2.50043e-05
  252 251.5 0.057352 2.48924e-05
  253 252.5 0.05856 2.54167e-05
  254 253.5 0.06213 2.69661e-05
  255 254.5 0.065534 2.84436e-05
  256 255.5 0.065076 2.82448e-05
  257 256.5 0.066278 2.87665e-05
  258 257.5 0.069836 3.03108e-05
  259 258.5 0.07092 3.07812e-05
  260 259.5 0.068716 2.98247e-05
  261 260.5 0.069384 3.01146e-05
  262 261.5 0.069186 3.00286e-05
  263 262.5 0.066808 2.89965e-05
  264 263.5 0.065528 2.8441e-05
  265 264.5 0.064796 2.81233e-05
  266 265.5 0.06629 2.87717e-05
  267 266.5 0.067458 2.92786e-05
  268 267.5 0.065974 2.86345e-05
  269 268.5 0.063848 2.77118e-05
  270 269.5 0.062084 2.69462e-05
  271 270.5 0.060116 2.6092e-05
  272 271.5 0.059736 2.59271e-05
  273 272.5 0.060118 2.60929e-05
  274 273.5 0.060534 2.62734e-05
  275 274.5 0.05903 2.56207e-05
  276 275.5 0.057606 2.50026e-05
  277 276.5 0.05686 2.46788e-05
  278 277.5 0.058818 2.55286e-05
  279 278.5 0.059342 2.57561e-05
  280 279.5 0.061038 2.64922e-05
  281 280.5 0.062306 2.70425e-05
  282 281.5 0.063506 2.75634e-05
  283 282.5 0.065216 2.83056e-05
  284 283.5 0.067588 2.93351e-05
  285 284.5 0.065224 2.8309e-05
  286 285.5 0.062624 2.71806e-05
  287 286.5 0.06033 2.61849e-05
  288 287.5 0.059976 2.60312e-05
  289 288.5 0.061982 2.69019e-05
  290 289.5 0.06732 2.92187e-05
  291 290.5 0.067584 2.93333e-05
  292 291.5 0.071898 3.12057e-05
  293 292.5 0.075284 3.26753e-05
  294 293.5 0.075764 3.28837e-05
  295 294.5 0.074018 3.21259e-05
  296 295.5 0.072634 3.15252e-05
  297 296.5 0.071756 3.11441e-05
  298 297.5 0.072972 3.16719e-05
  299 298.5 0.072058 3.12752e-05
  300 299.5 0.073704 3.19896e-05
  301 300.5 0.072442 3.14418e-05
  302 301.5 0.075432 3.27396e-05
  303 302.5 0.074712 3.24271e-05
  304 303.5 0.073622 3.1954e-05
  305 304.5 0.077796 3.37656e-05
  306 305.5 0.076996 3.34184e-05
  307 306.5 0.075096 3.25938e-05
  308 307.5 0.0763 3.31163e-05
  309 308.5 0.076448 3.31806e-05
  310 309.5 0.07867 3.4145e-05
  311 310.5 0.083538 3.62578e-05
  312 311.5 0.090274 3.91814e-05
  313 312.5 0.102166 4.43429e-05
  314 313.5 0.119738 5.19696e-05
  315 314.5 0.159834 6.93724e-05
  316 315.5 0.239386 0.0001039
  317 316.5 0.40298 0.000174905
  318 317.5 0.719742 0.000312388
  319 318.5 1.32243 0.00057397
  320 319.5 2.30366 0.000999854
  321 320.5 3.71436 0.00161213
  322 321.5 5.43903 0.00236069
  323 322.5 7.1724 0.00311302
  324 323.5 8.52576 0.00370042
  325 324.5 9.29251 0.00403321
  326 325.5 9.39611 0.00407817
  327 326.5 9.02477 0.003917
  328 327.5 8.42101 0.00365495
  329 328.5 7.69634 0.00334043
  330 329.5 6.99604 0.00303647
  331 330.5 6.35878 0.00275989
  332 331.5 5.81351 0.00252322
  333 332.5 5.31945 0.00230879
  334 333.5 4.93252 0.00214085
  335 334.5 4.59615 0.00199486
  336 335.5 4.32824 0.00187858
  337 336.5 4.10692 0.00178252
  338 337.5 3.93855 0.00170944
  339 338.5 3.79422 0.0016468
  340 339.5 3.67999 0.00159722
  341 340.5 3.58662 0.00155669
  342 341.5 3.5135 0.00152496
  343 342.5 3.44965 0.00149724
  344 343.5 3.4057 0.00147817
  345 344.5 3.3878 0.0014704
  346 345.5 3.36101 0.00145877
  347 346.5 3.34284 0.00145089
  348 347.5 3.32882 0.0014448
  349 348.5 3.31164 0.00143734
  350 349.5 3.30185 0.00143309
  351 350.5 3.29348 0.00142946
  352 351.5 3.28701 0.00142665
  353 352.5 3.27585 0.00142181
  354 353.5 3.25655 0.00141343
  355 354.5 3.25632 0.00141333
  356 355.5 3.26101 0.00141537
  357 356.5 3.25554 0.001413
  358 357.5 3.25786 0.001414
  359 358.5 3.25712 0.00141368
  360 359.5 3.26398 0.00141666
  361 360.5 3.2693 0.00141897
  362 361.5 3.28391 0.00142531
  363 362.5 3.28271 0.00142479
  364 363.5 3.28152 0.00142427
  365 364.5 3.27208 0.00142017
  366 365.5 3.28767 0.00142694
  367 366.5 3.28121 0.00142413
  368 367.5 3.27512 0.00142149
  369 368.5 3.28835 0.00142724
  370 369.5 3.28886 0.00142746
  371 370.5 3.2869 0.00142661
  372 371.5 3.2911 0.00142843
  373 372.5 3.29388 0.00142964
  374 373.5 3.28065 0.00142389
  375 374.5 3.27927 0.0014233
  376 375.5 3.29019 0.00142803
  377 376.5 3.28817 0.00142716
  378 377.5 3.29474 0.00143001
  379 378.5 3.30045 0.00143249
  380 379.5 3.3146 0.00143863
  381 380.5 3.29618 0.00143063
  382 381.5 3.28852 0.00142731
  383 382.5 3.28909 0.00142755
  384 383.5 3.27698 0.0014223
  385 384.5 3.28977 0.00142785
  386 385.5 3.28832 0.00142722
  387 386.5 3.27367 0.00142086
  388 387.5 3.27617 0.00142195
  389 388.5 3.27341 0.00142075
  390 389.5 3.27695 0.00142229
  391 390.5 3.28164 0.00142432
  392 391.5 3.27417 0.00142108
  393 392.5 3.27609 0.00142191
  394 393.5 3.27221 0.00142023
  395 394.5 3.28296 0.0014249
  396 395.5 3.27481 0.00142136
  397 396.5 3.28227 0.0014246
  398 397.5 3.27926 0.00142329
  399 398.5 3.27762 0.00142258
  400 399.5 3.27452 0.00142123
  401 400.5 3.28744 0.00142684
  402 401.5 3.28488 0.00142573
  403 402.5 3.29176 0.00142871
  404 403.5 3.29577 0.00143046
  405 404.5 3.29557 0.00143037
  406 405.5 3.30296 0.00143358
  407 406.5 3.30004 0.00143231
  408 407.5 3.28636 0.00142637
  409 408.5 3.28442 0.00142553
  410 409.5 3.28028 0.00142373
  411 410.5 3.27303 0.00142059
  412 411.5 3.2811 0.00142409
  413 412.5 3.28443 0.00142554
  414 413.5 3.27918 0.00142326
  415 414.5 3.27463 0.00142128
  416 415.5 3.28847 0.00142729
  417 416.5 3.29195 0.0014288
  418 417.5 3.26333 0.00141638
  419 418.5 3.28426 0.00142546
  420 419.5 3.28989 0.0014279
  421 420.5 3.29246 0.00142902
  422 421.5 3.27114 0.00141977
  423 422.5 3.26956 0.00141908
  424 423.5 3.27019 0.00141935
  425 424.5 3.27128 0.00141982
  426 425.5 3.26865 0.00141868
  427 426.5 3.27045 0.00141946
  428 427.5 3.27696 0.00142229
  429 428.5 3.27453 0.00142124
  430 429.5 3.27793 0.00142271
  431 430.5 3.28647 0.00142642
  432 431.5 3.27339 0.00142074
  433 432.5 3.2814 0.00142422
  434 433.5 3.27536 0.0014216
  435 434.5 3.28316 0.00142498
  436 435.5 3.293 0.00142925
  437 436.5 3.28542 0.00142596
  438 437.5 3.30197 0.00143314
  439 438.5 3.30216 0.00143323
  440 439.5 3.29654 0.00143079
  441 440.5 3.29435 0.00142984
  442 441.5 3.29454 0.00142992
  443 442.5 3.2951 0.00143016
  444 443.5 3.29826 0.00143153
  445 444.5 3.30722 0.00143542
  446 445.5 3.30476 0.00143436
  447 446.5 3.31276 0.00143783
  448 447.5 3.31053 0.00143686
  449 448.5 3.30942 0.00143638
  450 449.5 3.31777 0.00144
  451 450.5 3.32193 0.00144181
  452 451.5 3.30527 0.00143458
  453 452.5 3.32688 0.00144396
  454 453.5 3.33142 0.00144593
  455 454.5 3.33851 0.001449
  456 455.5 3.3385 0.001449
  457 456.5 3.38368 0.00146861
  458 457.5 3.41633 0.00148278
  459 458.5 3.45134 0.00149798
  460 459.5 3.48679 0.00151336
  461 460.5 3.55497 0.00154296
  462 461.5 3.63142 0.00157614
  463 462.5 3.73412 0.00162071
  464 463.5 3.86612 0.001678
  465 464.5 4.02201 0.00174567
  466 465.5 4.2294 0.00183568
  467 466.5 4.48189 0.00194526
  468 467.5 4.79739 0.0020822
  469 468.5 5.20929 0.00226098
  470 469.5 5.66959 0.00246076
  471 470.5 6.22555 0.00270206
  472 471.5 6.89599 0.00299305
  473 472.5 7.66774 0.00332801
  474 473.5 8.55524 0.00371321
  475 474.5 9.55267 0.00414612
  476 475.5 10.6339 0.00461542
  477 476.5 11.8102 0.00512595
  478 477.5 13.0475 0.00566298
  479 478.5 14.2824 0.00619896
  480 479.5 15.5651 0.0067557
