# Chunk-averaged data for fix tensor3 and group c2
# Timestep Number-of-chunks Total-count
# Chunk Coord1 Ncount density/number
20000000 480 4579.999999999997
  1 0.5 0 0
  2 1.5 0 0
  3 2.5 0 0
  4 3.5 0 0
  5 4.5 0 0
  6 5.5 0 0
  7 6.5 0 0
  8 7.5 0 0
  9 8.5 0 0
  10 9.5 0 0
  11 10.5 0 0
  12 11.5 0 0
  13 12.5 0 0
  14 13.5 0 0
  15 14.5 0 0
  16 15.5 0 0
  17 16.5 0 0
  18 17.5 0 0
  19 18.5 0 0
  20 19.5 0 0
  21 20.5 0 0
  22 21.5 0 0
  23 22.5 0 0
  24 23.5 0 0
  25 24.5 0 0
  26 25.5 0 0
  27 26.5 0 0
  28 27.5 0 0
  29 28.5 0 0
  30 29.5 0 0
  31 30.5 0 0
  32 31.5 0 0
  33 32.5 0 0
  34 33.5 0 0
  35 34.5 0 0
  36 35.5 2.4e-05 1.04167e-08
  37 36.5 5e-05 2.17014e-08
  38 37.5 8.8e-05 3.81944e-08
  39 38.5 2.6e-05 1.12847e-08
  40 39.5 0.0001 4.34028e-08
  41 40.5 0.000356 1.54514e-07
  42 41.5 0.000728 3.15972e-07
  43 42.5 0.000652 2.82986e-07
  44 43.5 0.001126 4.88715e-07
  45 44.5 0.001706 7.40451e-07
  46 45.5 0.002282 9.90451e-07
  47 46.5 0.003616 1.56944e-06
  48 47.5 0.004484 1.94618e-06
  49 48.5 0.005378 2.3342e-06
  50 49.5 0.00716 3.10764e-06
  51 50.5 0.009198 3.99219e-06
  52 51.5 0.011276 4.8941e-06
  53 52.5 0.013456 5.84028e-06
  54 53.5 0.015756 6.83854e-06
  55 54.5 0.019898 8.63628e-06
  56 55.5 0.022882 9.93142e-06
  57 56.5 0.02506 1.08767e-05
  58 57.5 0.025572 1.1099e-05
  59 58.5 0.027856 1.20903e-05
  60 59.5 0.030478 1.32283e-05
  61 60.5 0.031762 1.37856e-05
  62 61.5 0.034848 1.5125e-05
  63 62.5 0.035036 1.52066e-05
  64 63.5 0.036462 1.58255e-05
  65 64.5 0.038802 1.68411e-05
  66 65.5 0.038696 1.67951e-05
  67 66.5 0.039768 1.72604e-05
  68 67.5 0.042324 1.83698e-05
  69 68.5 0.044076 1.91302e-05
  70 69.5 0.0453 1.96615e-05
  71 70.5 0.04607 1.99957e-05
  72 71.5 0.045884 1.99149e-05
  73 72.5 0.044926 1.94991e-05
  74 73.5 0.044874 1.94766e-05
  75 74.5 0.047574 2.06484e-05
  76 75.5 0.046626 2.0237e-05
  77 76.5 0.045908 1.99253e-05
  78 77.5 0.049554 2.15078e-05
  79 78.5 0.051016 2.21424e-05
  80 79.5 0.049618 2.15356e-05
  81 80.5 0.047378 2.05634e-05
  82 81.5 0.046982 2.03915e-05
  83 82.5 0.050304 2.18333e-05
  84 83.5 0.05409 2.34766e-05
  85 84.5 0.056208 2.43958e-05
  86 85.5 0.057424 2.49236e-05
  87 86.5 0.057676 2.5033e-05
  88 87.5 0.05772 2.50521e-05
  89 88.5 0.057012 2.47448e-05
  90 89.5 0.057392 2.49097e-05
  91 90.5 0.056136 2.43646e-05
  92 91.5 0.057918 2.5138e-05
  93 92.5 0.05966 2.58941e-05
  94 93.5 0.061418 2.66571e-05
  95 94.5 0.057798 2.50859e-05
  96 95.5 0.05745 2.49349e-05
  97 96.5 0.057558 2.49818e-05
  98 97.5 0.058956 2.55885e-05
  99 98.5 0.059046 2.56276e-05
  100 99.5 0.059446 2.58012e-05
  101 100.5 0.05958 2.58594e-05
  102 101.5 0.05978 2.59462e-05
  103 102.5 0.060582 2.62943e-05
  104 103.5 0.060218 2.61363e-05
  105 104.5 0.059652 2.58906e-05
  106 105.5 0.060164 2.61128e-05
  107 106.5 0.064372 2.79392e-05
  108 107.5 0.06506 2.82378e-05
  109 108.5 0.0667 2.89497e-05
  110 109.5 0.06606 2.86719e-05
  111 110.5 0.065502 2.84297e-05
  112 111.5 0.066806 2.89957e-05
  113 112.5 0.066636 2.89219e-05
  114 113.5 0.065336 2.83576e-05
  115 114.5 0.0647 2.80816e-05
  116 115.5 0.062366 2.70686e-05
  117 116.5 0.062828 2.72691e-05
  118 117.5 0.059914 2.60043e-05
  119 118.5 0.060996 2.6474e-05
  120 119.5 0.05906 2.56337e-05
  121 120.5 0.05882 2.55295e-05
  122 121.5 0.05835 2.53255e-05
  123 122.5 0.058738 2.54939e-05
  124 123.5 0.06034 2.61892e-05
  125 124.5 0.060724 2.63559e-05
  126 125.5 0.060866 2.64175e-05
  127 126.5 0.061738 2.6796e-05
  128 127.5 0.063802 2.76918e-05
  129 128.5 0.066052 2.86684e-05
  130 129.5 0.068254 2.96241e-05
  131 130.5 0.068064 2.95417e-05
  132 131.5 0.067594 2.93377e-05
  133 132.5 0.069924 3.0349e-05
  134 133.5 0.06769 2.93793e-05
  135 134.5 0.068412 2.96927e-05
  136 135.5 0.069516 3.01719e-05
  137 136.5 0.070126 3.04366e-05
  138 137.5 0.070818 3.0737e-05
  139 138.5 0.069068 2.99774e-05
  140 139.5 0.068682 2.98099e-05
  141 140.5 0.068928 2.99167e-05
  142 141.5 0.067116 2.91302e-05
  143 142.5 0.064798 2.81241e-05
  144 143.5 0.064522 2.80043e-05
  145 144.5 0.064244 2.78837e-05
  146 145.5 0.063706 2.76502e-05
  147 146.5 0.061942 2.68845e-05
  148 147.5 0.062458 2.71085e-05
  149 148.5 0.062458 2.71085e-05
  150 149.5 0.059964 2.6026e-05
  151 150.5 0.05924 2.57118e-05
  152 151.5 0.06296 2.73264e-05
  153 152.5 0.065882 2.85946e-05
  154 153.5 0.066386 2.88134e-05
  155 154.5 0.069592 3.02049e-05
  156 155.5 0.07178 3.11545e-05
  157 156.5 0.073966 3.21033e-05
  158 157.5 0.07786 3.37934e-05
  159 158.5 0.08306 3.60503e-05
  160 159.5 0.091278 3.96172e-05
  161 160.5 0.106692 4.63073e-05
  162 161.5 0.121038 5.25339e-05
  163 162.5 0.150702 6.54089e-05
  164 163.5 0.182418 7.91745e-05
  165 164.5 0.237618 0.000103133
  166 165.5 0.325368 0.000141219
  167 166.5 0.472692 0.000205161
  168 167.5 0.749766 0.000325419
  169 168.5 1.22327 0.000530933
  170 169.5 2.02694 0.00087975
  171 170.5 3.49389 0.00151645
  172 171.5 5.67532 0.00246325
  173 172.5 9.0403 0.00392374
  174 173.5 12.5069 0.00542834
  175 174.5 16.1299 0.00700082
  176 175.5 19.1003 0.00829004
  177 176.5 23.3688 0.0101427
  178 177.5 28.3226 0.0122928
  179 178.5 28.5424 0.0123882
  180 179.5 28.2508 0.0122616
  181 180.5 29.5793 0.0128382
  182 181.5 29.5931 0.0128442
  183 182.5 30.2605 0.0131339
  184 183.5 32.9384 0.0142962
  185 184.5 34.0381 0.0147735
  186 185.5 33.9006 0.0147138
  187 186.5 34.9578 0.0151727
  188 187.5 34.5189 0.0149822
  189 188.5 29.1697 0.0126605
  190 189.5 29.2698 0.0127039
  191 190.5 30.4374 0.0132107
  192 191.5 30.2895 0.0131465
  193 192.5 28.9625 0.0125705
  194 193.5 27.9388 0.0121262
  195 194.5 28.8826 0.0125359
  196 195.5 29.2996 0.0127169
  197 196.5 27.4383 0.011909
  198 197.5 29.4202 0.0127692
  199 198.5 30.8026 0.0133692
  200 199.5 30.451 0.0132166
  201 200.5 29.71 0.0128949
  202 201.5 29.8693 0.0129641
  203 202.5 31.3449 0.0136046
  204 203.5 32.8588 0.0142616
  205 204.5 31.9596 0.0138714
  206 205.5 31.4445 0.0136478
  207 206.5 32.3579 0.0140442
  208 207.5 33.7651 0.014655
  209 208.5 32.8267 0.0142477
  210 209.5 33.0566 0.0143475
  211 210.5 32.9833 0.0143157
  212 211.5 32.3792 0.0140535
  213 212.5 32.789 0.0142314
  214 213.5 32.1849 0.0139691
  215 214.5 31.0383 0.0134715
  216 215.5 30.679 0.0133155
  217 216.5 31.2447 0.0135611
  218 217.5 33.7287 0.0146392
  219 218.5 33.6292 0.014596
  220 219.5 30.5126 0.0132433
  221 220.5 30.5606 0.0132642
  222 221.5 30.6355 0.0132967
  223 222.5 33.4941 0.0145374
  224 223.5 31.8768 0.0138354
  225 224.5 30.3283 0.0131633
  226 225.5 29.5915 0.0128435
  227 226.5 31.2084 0.0135453
  228 227.5 33.2864 0.0144472
  229 228.5 30.5818 0.0132733
  230 229.5 28.0392 0.0121698
  231 230.5 26.7173 0.0115961
  232 231.5 28.3678 0.0123124
  233 232.5 31.4556 0.0136526
  234 233.5 31.8636 0.0138297
  235 234.5 33.0462 0.014343
  236 235.5 36.7313 0.0159424
  237 236.5 37.9658 0.0164782
  238 237.5 37.5225 0.0162858
  239 238.5 34.4701 0.014961
  240 239.5 34.5928 0.0150143
  241 240.5 34.4438 0.0149496
  242 241.5 31.1436 0.0135172
  243 242.5 27.7297 0.0120355
  244 243.5 28.825 0.0125109
  245 244.5 28.3257 0.0122941
  246 245.5 30.5218 0.0132473
  247 246.5 31.0722 0.0134862
  248 247.5 30.9106 0.0134161
  249 248.5 31.3198 0.0135937
  250 249.5 29.6764 0.0128804
  251 250.5 30.8957 0.0134096
  252 251.5 32.1175 0.0139399
  253 252.5 31.5666 0.0137008
  254 253.5 33.0886 0.0143614
  255 254.5 32.8722 0.0142675
  256 255.5 33.6306 0.0145966
  257 256.5 33.352 0.0144757
  258 257.5 33.064 0.0143507
  259 258.5 29.5704 0.0128344
  260 259.5 28.7378 0.012473
  261 260.5 28.8451 0.0125196
  262 261.5 27.0976 0.0117611
  263 262.5 28.4324 0.0123405
  264 263.5 27.2211 0.0118147
  265 264.5 26.0797 0.0113193
  266 265.5 27.4855 0.0119295
  267 266.5 26.4504 0.0114802
  268 267.5 25.8352 0.0112132
  269 268.5 25.6591 0.0111368
  270 269.5 24.6749 0.0107096
  271 270.5 25.3068 0.0109838
  272 271.5 27.4078 0.0118958
  273 272.5 31.1556 0.0135224
  274 273.5 32.844 0.0142552
  275 274.5 30.5662 0.0132666
  276 275.5 26.1326 0.0113423
  277 276.5 27.3645 0.011877
  278 277.5 27.4855 0.0119295
  279 278.5 27.0162 0.0117258
  280 279.5 30.8874 0.013406
  281 280.5 33.2879 0.0144479
  282 281.5 31.213 0.0135473
  283 282.5 29.5004 0.012804
  284 283.5 31.0431 0.0134736
  285 284.5 30.5109 0.0132426
  286 285.5 27.4174 0.0118999
  287 286.5 27.958 0.0121345
  288 287.5 30.3455 0.0131708
  289 288.5 30.233 0.0131219
  290 289.5 30.9928 0.0134517
  291 290.5 30.9909 0.0134509
  292 291.5 31.4548 0.0136523
  293 292.5 30.3236 0.0131613
  294 293.5 29.8037 0.0129356
  295 294.5 30.7236 0.0133349
  296 295.5 29.7307 0.0129039
  297 296.5 31.6009 0.0137157
  298 297.5 32.7016 0.0141934
  299 298.5 30.872 0.0133993
  300 299.5 29.1812 0.0126655
  301 300.5 31.5746 0.0137042
  302 301.5 31.7104 0.0137632
  303 302.5 29.5908 0.0128432
  304 303.5 31.1336 0.0135128
  305 304.5 31.1521 0.0135209
  306 305.5 31.6777 0.013749
  307 306.5 32.253 0.0139987
  308 307.5 32.6274 0.0141612
  309 308.5 32.6424 0.0141677
  310 309.5 34.0233 0.0147671
  311 310.5 34.3562 0.0149116
  312 311.5 30.1973 0.0131065
  313 312.5 30.2612 0.0131342
  314 313.5 31.8441 0.0138212
  315 314.5 32.1339 0.013947
  316 315.5 32.6413 0.0141672
  317 316.5 31.4963 0.0136703
  318 317.5 31.8089 0.0138059
  319 318.5 31.7125 0.0137641
  320 319.5 28.6138 0.0124192
  321 320.5 24.7937 0.0107612
  322 321.5 18.4089 0.00798996
  323 322.5 12.8341 0.00557034
  324 323.5 8.83474 0.00383452
  325 324.5 6.01235 0.00260953
  326 325.5 3.2338 0.00140356
  327 326.5 1.80114 0.000781743
  328 327.5 0.988516 0.000429043
  329 328.5 0.57413 0.000249188
  330 329.5 0.358696 0.000155684
  331 330.5 0.23594 0.000102405
  332 331.5 0.159142 6.9072e-05
  333 332.5 0.118284 5.13385e-05
  334 333.5 0.089722 3.89418e-05
  335 334.5 0.07067 3.06727e-05
  336 335.5 0.057746 2.50634e-05
  337 336.5 0.049276 2.13872e-05
  338 337.5 0.04245 1.84245e-05
  339 338.5 0.0373 1.61892e-05
  340 339.5 0.031448 1.36493e-05
  341 340.5 0.02711 1.17665e-05
  342 341.5 0.020554 8.92101e-06
  343 342.5 0.016168 7.01736e-06
  344 343.5 0.011968 5.19444e-06
  345 344.5 0.008878 3.8533e-06
  346 345.5 0.007114 3.08767e-06
  347 346.5 0.00502 2.17882e-06
  348 347.5 0.003302 1.43316e-06
  349 348.5 0.0018 7.8125e-07
  350 349.5 0.001026 4.45313e-07
  351 350.5 0.000654 2.83854e-07
  352 351.5 0.00037 1.6059e-07
  353 352.5 0.000166 7.20486e-08
  354 353.5 0.000152 6.59722e-08
  355 354.5 3.8e-05 1.64931e-08
  356 355.5 4.2e-05 1.82292e-08
  357 356.5 8e-06 3.47222e-09
  358 357.5 0 0
  359 358.5 0 0
  360 359.5 0 0
  361 360.5 0 0
  362 361.5 0 0
  363 362.5 0 0
  364 363.5 0 0
  365 364.5 0 0
  366 365.5 0 0
  367 366.5 0 0
  368 367.5 0 0
  369 368.5 0 0
  370 369.5 0 0
  371 370.5 0 0
  372 371.5 0 0
  373 372.5 0 0
  374 373.5 0 0
  375 374.5 0 0
  376 375.5 0 0
  377 376.5 0 0
  378 377.5 0 0
  379 378.5 0 0
  380 379.5 0 0
  381 380.5 0 0
  382 381.5 0 0
  383 382.5 0 0
  384 383.5 0 0
  385 384.5 0 0
  386 385.5 0 0
  387 386.5 0 0
  388 387.5 0 0
  389 388.5 0 0
  390 389.5 0 0
  391 390.5 0 0
  392 391.5 0 0
  393 392.5 0 0
  394 393.5 0 0
  395 394.5 0 0
  396 395.5 0 0
  397 396.5 0 0
  398 397.5 0 0
  399 398.5 0 0
  400 399.5 0 0
  401 400.5 0 0
  402 401.5 0 0
  403 402.5 0 0
  404 403.5 0 0
  405 404.5 0 0
  406 405.5 0 0
  407 406.5 0 0
  408 407.5 0 0
  409 408.5 0 0
  410 409.5 0 0
  411 410.5 0 0
  412 411.5 0 0
  413 412.5 0 0
  414 413.5 0 0
  415 414.5 0 0
  416 415.5 0 0
  417 416.5 0 0
  418 417.5 0 0
  419 418.5 0 0
  420 419.5 0 0
  421 420.5 0 0
  422 421.5 0 0
  423 422.5 0 0
  424 423.5 0 0
  425 424.5 0 0
  426 425.5 0 0
  427 426.5 0 0
  428 427.5 0 0
  429 428.5 0 0
  430 429.5 0 0
  431 430.5 0 0
  432 431.5 0 0
  433 432.5 0 0
  434 433.5 0 0
  435 434.5 0 0
  436 435.5 0 0
  437 436.5 0 0
  438 437.5 0 0
  439 438.5 0 0
  440 439.5 0 0
  441 440.5 0 0
  442 441.5 0 0
  443 442.5 0 0
  444 443.5 0 0
  445 444.5 0 0
  446 445.5 0 0
  447 446.5 0 0
  448 447.5 0 0
  449 448.5 0 0
  450 449.5 0 0
  451 450.5 0 0
  452 451.5 0 0
  453 452.5 0 0
  454 453.5 0 0
  455 454.5 0 0
  456 455.5 0 0
  457 456.5 0 0
  458 457.5 0 0
  459 458.5 0 0
  460 459.5 0 0
  461 460.5 0 0
  462 461.5 0 0
  463 462.5 0 0
  464 463.5 0 0
  465 464.5 0 0
  466 465.5 0 0
  467 466.5 0 0
  468 467.5 0 0
  469 468.5 0 0
  470 469.5 0 0
  471 470.5 0 0
  472 471.5 0 0
  473 472.5 0 0
  474 473.5 0 0
  475 474.5 0 0
  476 475.5 0 0
  477 476.5 0 0
  478 477.5 0 0
  479 478.5 0 0
  480 479.5 0 0
30000000 480 4579.999999999998
  1 0.5 0 0
  2 1.5 0 0
  3 2.5 0 0
  4 3.5 0 0
  5 4.5 0 0
  6 5.5 0 0
  7 6.5 0 0
  8 7.5 0 0
  9 8.5 0 0
  10 9.5 0 0
  11 10.5 0 0
  12 11.5 0 0
  13 12.5 0 0
  14 13.5 0 0
  15 14.5 0 0
  16 15.5 0 0
  17 16.5 0 0
  18 17.5 0 0
  19 18.5 0 0
  20 19.5 0 0
  21 20.5 0 0
  22 21.5 0 0
  23 22.5 0 0
  24 23.5 0 0
  25 24.5 0 0
  26 25.5 0 0
  27 26.5 0 0
  28 27.5 0 0
  29 28.5 0 0
  30 29.5 0 0
  31 30.5 0 0
  32 31.5 0 0
  33 32.5 0 0
  34 33.5 0 0
  35 34.5 0 0
  36 35.5 0 0
  37 36.5 0 0
  38 37.5 0 0
  39 38.5 0 0
  40 39.5 0 0
  41 40.5 1e-05 4.34028e-09
  42 41.5 4e-05 1.73611e-08
  43 42.5 0.00019 8.24653e-08
  44 43.5 0.000242 1.05035e-07
  45 44.5 0.00031 1.34549e-07
  46 45.5 0.000518 2.24826e-07
  47 46.5 0.000722 3.13368e-07
  48 47.5 0.001138 4.93924e-07
  49 48.5 0.001866 8.09896e-07
  50 49.5 0.002674 1.16059e-06
  51 50.5 0.003308 1.43576e-06
  52 51.5 0.004472 1.94097e-06
  53 52.5 0.006054 2.6276e-06
  54 53.5 0.007198 3.12413e-06
  55 54.5 0.008916 3.86979e-06
  56 55.5 0.01266 5.49479e-06
  57 56.5 0.014734 6.39497e-06
  58 57.5 0.01795 7.7908e-06
  59 58.5 0.022126 9.6033e-06
  60 59.5 0.026302 1.14158e-05
  61 60.5 0.03058 1.32726e-05
  62 61.5 0.034962 1.51745e-05
  63 62.5 0.03869 1.67925e-05
  64 63.5 0.044996 1.95295e-05
  65 64.5 0.049746 2.15911e-05
  66 65.5 0.054346 2.35877e-05
  67 66.5 0.057634 2.50148e-05
  68 67.5 0.061102 2.652e-05
  69 68.5 0.063668 2.76337e-05
  70 69.5 0.064382 2.79436e-05
  71 70.5 0.063744 2.76667e-05
  72 71.5 0.06382 2.76997e-05
  73 72.5 0.065798 2.85582e-05
  74 73.5 0.06986 3.03212e-05
  75 74.5 0.069164 3.00191e-05
  76 75.5 0.068522 2.97405e-05
  77 76.5 0.06915 3.0013e-05
  78 77.5 0.070738 3.07023e-05
  79 78.5 0.07322 3.17795e-05
  80 79.5 0.07203 3.1263e-05
  81 80.5 0.07112 3.08681e-05
  82 81.5 0.071906 3.12092e-05
  83 82.5 0.072232 3.13507e-05
  84 83.5 0.073796 3.20295e-05
  85 84.5 0.072614 3.15165e-05
  86 85.5 0.073216 3.17778e-05
  87 86.5 0.073404 3.18594e-05
  88 87.5 0.075792 3.28958e-05
  89 88.5 0.075068 3.25816e-05
  90 89.5 0.074078 3.21519e-05
  91 90.5 0.075198 3.2638e-05
  92 91.5 0.075874 3.29314e-05
  93 92.5 0.07737 3.35807e-05
  94 93.5 0.080678 3.50165e-05
  95 94.5 0.079568 3.45347e-05
  96 95.5 0.07631 3.31207e-05
  97 96.5 0.074438 3.23082e-05
  98 97.5 0.07933 3.44314e-05
  99 98.5 0.084336 3.66042e-05
  100 99.5 0.083562 3.62682e-05
  101 100.5 0.08481 3.68099e-05
  102 101.5 0.080918 3.51207e-05
  103 102.5 0.080014 3.47283e-05
  104 103.5 0.07872 3.41667e-05
  105 104.5 0.07775 3.37457e-05
  106 105.5 0.079242 3.43932e-05
  107 106.5 0.081246 3.5263e-05
  108 107.5 0.081306 3.52891e-05
  109 108.5 0.075278 3.26727e-05
  110 109.5 0.073762 3.20148e-05
  111 110.5 0.076226 3.30842e-05
  112 111.5 0.076726 3.33012e-05
  113 112.5 0.076102 3.30304e-05
  114 113.5 0.073646 3.19644e-05
  115 114.5 0.073888 3.20694e-05
  116 115.5 0.072692 3.15503e-05
  117 116.5 0.072526 3.14783e-05
  118 117.5 0.072948 3.16615e-05
  119 118.5 0.069376 3.01111e-05
  120 119.5 0.070816 3.07361e-05
  121 120.5 0.07127 3.09332e-05
  122 121.5 0.06825 2.96224e-05
  123 122.5 0.0675 2.92969e-05
  124 123.5 0.066008 2.86493e-05
  125 124.5 0.065198 2.82977e-05
  126 125.5 0.065574 2.84609e-05
  127 126.5 0.069872 3.03264e-05
  128 127.5 0.07029 3.05078e-05
  129 128.5 0.068794 2.98585e-05
  130 129.5 0.065476 2.84184e-05
  131 130.5 0.066866 2.90217e-05
  132 131.5 0.066712 2.89549e-05
  133 132.5 0.06592 2.86111e-05
  134 133.5 0.069608 3.02118e-05
  135 134.5 0.070456 3.05799e-05
  136 135.5 0.072144 3.13125e-05
  137 136.5 0.072512 3.14722e-05
  138 137.5 0.070242 3.0487e-05
  139 138.5 0.068566 2.97595e-05
  140 139.5 0.067308 2.92135e-05
  141 140.5 0.066778 2.89835e-05
  142 141.5 0.06612 2.86979e-05
  143 142.5 0.065416 2.83924e-05
  144 143.5 0.06322 2.74392e-05
  145 144.5 0.062366 2.70686e-05
  146 145.5 0.061088 2.65139e-05
  147 146.5 0.060332 2.61858e-05
  148 147.5 0.060616 2.6309e-05
  149 148.5 0.062702 2.72144e-05
  150 149.5 0.061994 2.69071e-05
  151 150.5 0.06287 2.72873e-05
  152 151.5 0.063174 2.74193e-05
  153 152.5 0.064996 2.82101e-05
  154 153.5 0.066328 2.87882e-05
  155 154.5 0.069832 3.0309e-05
  156 155.5 0.074382 3.22839e-05
  157 156.5 0.076684 3.3283e-05
  158 157.5 0.077788 3.37622e-05
  159 158.5 0.081582 3.54089e-05
  160 159.5 0.086366 3.74852e-05
  161 160.5 0.09176 3.98264e-05
  162 161.5 0.100756 4.37309e-05
  163 162.5 0.109746 4.76328e-05
  164 163.5 0.123758 5.37144e-05
  165 164.5 0.143456 6.22639e-05
  166 165.5 0.175848 7.63229e-05
  167 166.5 0.226544 9.83264e-05
  168 167.5 0.331126 0.000143718
  169 168.5 0.507928 0.000220455
  170 169.5 0.810844 0.000351929
  171 170.5 1.24559 0.000540622
  172 171.5 2.23411 0.000969665
  173 172.5 4.27476 0.00185536
  174 173.5 6.75193 0.00293053
  175 174.5 9.85356 0.00427672
  176 175.5 13.1715 0.00571679
  177 176.5 16.3697 0.00710489
  178 177.5 19.6781 0.00854086
  179 178.5 25.0255 0.0108617
  180 179.5 28.4328 0.0123406
  181 180.5 28.2899 0.0122786
  182 181.5 28.617 0.0124206
  183 182.5 29.0882 0.0126251
  184 183.5 29.7153 0.0128973
  185 184.5 31.9098 0.0138497
  186 185.5 33.7033 0.0146282
  187 186.5 33.8309 0.0146836
  188 187.5 34.1364 0.0148161
  189 188.5 34.6071 0.0150204
  190 189.5 32.1838 0.0139686
  191 190.5 29.2767 0.0127069
  192 191.5 30.0514 0.0130431
  193 192.5 30.3714 0.013182
  194 193.5 29.6693 0.0128773
  195 194.5 28.6805 0.0124481
  196 195.5 28.4868 0.0123641
  197 196.5 29.2883 0.012712
  198 197.5 28.3025 0.0122841
  199 198.5 28.0104 0.0121573
  200 199.5 29.8277 0.0129461
  201 200.5 30.6323 0.0132953
  202 201.5 30.2656 0.0131361
  203 202.5 29.7447 0.01291
  204 203.5 30.6362 0.013297
  205 204.5 32.3249 0.0140299
  206 205.5 32.5814 0.0141412
  207 206.5 31.5532 0.0136949
  208 207.5 31.6257 0.0137264
  209 208.5 32.7831 0.0142288
  210 209.5 33.161 0.0143928
  211 210.5 33.0548 0.0143467
  212 211.5 32.9573 0.0143044
  213 212.5 32.6968 0.0141913
  214 213.5 32.6446 0.0141686
  215 214.5 32.7288 0.0142052
  216 215.5 31.8518 0.0138245
  217 216.5 30.7001 0.0133247
  218 217.5 30.6352 0.0132965
  219 218.5 32.2657 0.0140042
  220 219.5 33.933 0.0147279
  221 220.5 32.3896 0.014058
  222 221.5 30.5062 0.0132405
  223 222.5 30.3246 0.0131617
  224 223.5 31.9989 0.0138884
  225 224.5 33.001 0.0143233
  226 225.5 31.2997 0.0135849
  227 226.5 29.8862 0.0129715
  228 227.5 29.9853 0.0130145
  229 228.5 32.3631 0.0140465
  230 229.5 32.5134 0.0141117
  231 230.5 29.7412 0.0129085
  232 231.5 27.3902 0.0118881
  233 232.5 27.0821 0.0117544
  234 233.5 29.5346 0.0128188
  235 234.5 31.2417 0.0135597
  236 235.5 31.9495 0.013867
  237 236.5 34.2887 0.0148823
  238 237.5 37.3768 0.0162226
  239 238.5 38.0416 0.0165111
  240 239.5 36.2036 0.0157134
  241 240.5 34.7609 0.0150872
  242 241.5 34.8854 0.0151412
  243 242.5 33.4357 0.014512
  244 243.5 29.7354 0.012906
  245 244.5 28.3432 0.0123017
  246 245.5 28.3564 0.0123075
  247 246.5 29.1188 0.0126384
  248 247.5 30.6944 0.0133222
  249 248.5 31.057 0.0134796
  250 249.5 31.1908 0.0135377
  251 250.5 30.6898 0.0133202
  252 251.5 29.8914 0.0129737
  253 252.5 31.4992 0.0136715
  254 253.5 31.5699 0.0137022
  255 254.5 32.2662 0.0140044
  256 255.5 32.8992 0.0142792
  257 256.5 32.9954 0.0143209
  258 257.5 33.7813 0.014662
  259 258.5 33.6486 0.0146044
  260 259.5 31.6558 0.0137395
  261 260.5 29.3043 0.0127189
  262 261.5 29.3335 0.0127316
  263 262.5 27.9654 0.0121378
  264 263.5 27.9365 0.0121252
  265 264.5 28.1512 0.0122184
  266 265.5 26.9247 0.0116861
  267 266.5 26.4766 0.0114916
  268 267.5 26.7347 0.0116036
  269 268.5 25.9717 0.0112724
  270 269.5 25.067 0.0108798
  271 270.5 24.8585 0.0107893
  272 271.5 24.76 0.0107465
  273 272.5 26.3455 0.0114347
  274 273.5 29.1055 0.0126326
  275 274.5 32.2174 0.0139832
  276 275.5 32.0564 0.0139134
  277 276.5 28.7233 0.0124667
  278 277.5 26.9531 0.0116984
  279 278.5 27.1586 0.0117876
  280 279.5 27.005 0.0117209
  281 280.5 28.4822 0.012362
  282 281.5 31.8291 0.0138147
  283 282.5 32.5804 0.0141408
  284 283.5 30.3203 0.0131598
  285 284.5 30.3897 0.01319
  286 285.5 31.1427 0.0135168
  287 286.5 29.1838 0.0126666
  288 287.5 27.3865 0.0118865
  289 288.5 28.9007 0.0125437
  290 289.5 30.1021 0.0130651
  291 290.5 30.6126 0.0132867
  292 291.5 30.8429 0.0133867
  293 292.5 31.4119 0.0136336
  294 293.5 30.9667 0.0134404
  295 294.5 30.0273 0.0130327
  296 295.5 30.215 0.0131142
  297 296.5 30.0676 0.0130502
  298 297.5 30.3796 0.0131856
  299 298.5 32.3673 0.0140483
  300 299.5 32.0024 0.0138899
  301 300.5 30.0108 0.0130255
  302 301.5 30.2096 0.0131118
  303 302.5 31.8216 0.0138114
  304 303.5 30.6009 0.0132816
  305 304.5 30.3469 0.0131714
  306 305.5 31.01 0.0134592
  307 306.5 31.1566 0.0135228
  308 307.5 32.0379 0.0139054
  309 308.5 32.2907 0.0140151
  310 309.5 32.4764 0.0140957
  311 310.5 33.2022 0.0144107
  312 311.5 34.542 0.0149922
  313 312.5 32.6739 0.0141814
  314 313.5 30.1103 0.0130687
  315 314.5 30.9223 0.0134211
  316 315.5 31.9524 0.0138682
  317 316.5 32.2605 0.014002
  318 317.5 32.328 0.0140312
  319 318.5 31.5923 0.0137119
  320 319.5 32.1266 0.0139438
  321 320.5 30.6029 0.0132825
  322 321.5 28.3921 0.012323
  323 322.5 23.6907 0.0102824
  324 323.5 17.9596 0.00779495
  325 324.5 11.5546 0.00501503
  326 325.5 7.20239 0.00312604
  327 326.5 4.47928 0.00194413
  328 327.5 2.64557 0.00114825
  329 328.5 1.56582 0.00067961
  330 329.5 0.865854 0.000375805
  331 330.5 0.502232 0.000217983
  332 331.5 0.327954 0.000142341
  333 332.5 0.2274 9.86979e-05
  334 333.5 0.1611 6.99219e-05
  335 334.5 0.120368 5.22431e-05
  336 335.5 0.095964 4.1651e-05
  337 336.5 0.081098 3.51988e-05
  338 337.5 0.065372 2.83733e-05
  339 338.5 0.055508 2.4092e-05
  340 339.5 0.048446 2.10269e-05
  341 340.5 0.041152 1.78611e-05
  342 341.5 0.036318 1.5763e-05
  343 342.5 0.032316 1.4026e-05
  344 343.5 0.027544 1.19549e-05
  345 344.5 0.025024 1.08611e-05
  346 345.5 0.021128 9.17014e-06
  347 346.5 0.017046 7.39844e-06
  348 347.5 0.013488 5.85417e-06
  349 348.5 0.011666 5.06337e-06
  350 349.5 0.009928 4.30903e-06
  351 350.5 0.007582 3.2908e-06
  352 351.5 0.005242 2.27517e-06
  353 352.5 0.003946 1.71267e-06
  354 353.5 0.002718 1.17969e-06
  355 354.5 0.001938 8.41146e-07
  356 355.5 0.001122 4.86979e-07
  357 356.5 0.000826 3.58507e-07
  358 357.5 0.000716 3.10764e-07
  359 358.5 0.000448 1.94444e-07
  360 359.5 0.000284 1.23264e-07
  361 360.5 0.000108 4.6875e-08
  362 361.5 5e-05 2.17014e-08
  363 362.5 0 0
  364 363.5 0 0
  365 364.5 0 0
  366 365.5 0 0
  367 366.5 0 0
  368 367.5 0 0
  369 368.5 0 0
  370 369.5 0 0
  371 370.5 0 0
  372 371.5 0 0
  373 372.5 0 0
  374 373.5 0 0
  375 374.5 0 0
  376 375.5 0 0
  377 376.5 0 0
  378 377.5 0 0
  379 378.5 0 0
  380 379.5 0 0
  381 380.5 0 0
  382 381.5 0 0
  383 382.5 0 0
  384 383.5 0 0
  385 384.5 0 0
  386 385.5 0 0
  387 386.5 0 0
  388 387.5 0 0
  389 388.5 0 0
  390 389.5 0 0
  391 390.5 0 0
  392 391.5 0 0
  393 392.5 0 0
  394 393.5 0 0
  395 394.5 0 0
  396 395.5 0 0
  397 396.5 0 0
  398 397.5 0 0
  399 398.5 0 0
  400 399.5 0 0
  401 400.5 0 0
  402 401.5 0 0
  403 402.5 0 0
  404 403.5 0 0
  405 404.5 0 0
  406 405.5 0 0
  407 406.5 0 0
  408 407.5 0 0
  409 408.5 0 0
  410 409.5 0 0
  411 410.5 0 0
  412 411.5 0 0
  413 412.5 0 0
  414 413.5 0 0
  415 414.5 0 0
  416 415.5 0 0
  417 416.5 0 0
  418 417.5 0 0
  419 418.5 0 0
  420 419.5 0 0
  421 420.5 0 0
  422 421.5 0 0
  423 422.5 0 0
  424 423.5 0 0
  425 424.5 0 0
  426 425.5 0 0
  427 426.5 0 0
  428 427.5 0 0
  429 428.5 0 0
  430 429.5 0 0
  431 430.5 0 0
  432 431.5 0 0
  433 432.5 0 0
  434 433.5 0 0
  435 434.5 0 0
  436 435.5 0 0
  437 436.5 0 0
  438 437.5 0 0
  439 438.5 0 0
  440 439.5 0 0
  441 440.5 0 0
  442 441.5 0 0
  443 442.5 0 0
  444 443.5 0 0
  445 444.5 0 0
  446 445.5 0 0
  447 446.5 0 0
  448 447.5 0 0
  449 448.5 0 0
  450 449.5 0 0
  451 450.5 0 0
  452 451.5 0 0
  453 452.5 0 0
  454 453.5 0 0
  455 454.5 0 0
  456 455.5 0 0
  457 456.5 0 0
  458 457.5 0 0
  459 458.5 0 0
  460 459.5 0 0
  461 460.5 0 0
  462 461.5 0 0
  463 462.5 0 0
  464 463.5 0 0
  465 464.5 0 0
  466 465.5 0 0
  467 466.5 0 0
  468 467.5 0 0
  469 468.5 0 0
  470 469.5 0 0
  471 470.5 0 0
  472 471.5 0 0
  473 472.5 0 0
  474 473.5 0 0
  475 474.5 0 0
  476 475.5 0 0
  477 476.5 0 0
  478 477.5 0 0
  479 478.5 0 0
  480 479.5 0 0
40000000 480 4579.999999999994
  1 0.5 0 0
  2 1.5 0 0
  3 2.5 0 0
  4 3.5 0 0
  5 4.5 0 0
  6 5.5 0 0
  7 6.5 0 0
  8 7.5 0 0
  9 8.5 0 0
  10 9.5 0 0
  11 10.5 0 0
  12 11.5 0 0
  13 12.5 0 0
  14 13.5 0 0
  15 14.5 0 0
  16 15.5 0 0
  17 16.5 0 0
  18 17.5 0 0
  19 18.5 0 0
  20 19.5 0 0
  21 20.5 0 0
  22 21.5 0 0
  23 22.5 0 0
  24 23.5 0 0
  25 24.5 0 0
  26 25.5 0 0
  27 26.5 0 0
  28 27.5 0 0
  29 28.5 0 0
  30 29.5 0 0
  31 30.5 0 0
  32 31.5 0 0
  33 32.5 0 0
  34 33.5 0 0
  35 34.5 0 0
  36 35.5 0 0
  37 36.5 0 0
  38 37.5 0 0
  39 38.5 0 0
  40 39.5 0 0
  41 40.5 0 0
  42 41.5 0 0
  43 42.5 0 0
  44 43.5 0 0
  45 44.5 0 0
  46 45.5 1e-05 4.34028e-09
  47 46.5 3.8e-05 1.64931e-08
  48 47.5 8.6e-05 3.73264e-08
  49 48.5 7e-05 3.03819e-08
  50 49.5 7.6e-05 3.29861e-08
  51 50.5 0.000114 4.94792e-08
  52 51.5 0.000284 1.23264e-07
  53 52.5 0.000926 4.0191e-07
  54 53.5 0.002136 9.27083e-07
  55 54.5 0.002718 1.17969e-06
  56 55.5 0.003702 1.60677e-06
  57 56.5 0.005312 2.30556e-06
  58 57.5 0.007284 3.16146e-06
  59 58.5 0.009472 4.11111e-06
  60 59.5 0.012706 5.51476e-06
  61 60.5 0.014502 6.29427e-06
  62 61.5 0.01745 7.57378e-06
  63 62.5 0.021196 9.19965e-06
  64 63.5 0.024238 1.052e-05
  65 64.5 0.02769 1.20182e-05
  66 65.5 0.031272 1.35729e-05
  67 66.5 0.034944 1.51667e-05
  68 67.5 0.040732 1.76788e-05
  69 68.5 0.04224 1.83333e-05
  70 69.5 0.045362 1.96884e-05
  71 70.5 0.05019 2.17839e-05
  72 71.5 0.055402 2.4046e-05
  73 72.5 0.056088 2.43437e-05
  74 73.5 0.058502 2.53915e-05
  75 74.5 0.0606 2.63021e-05
  76 75.5 0.064242 2.78828e-05
  77 76.5 0.066268 2.87622e-05
  78 77.5 0.069524 3.01753e-05
  79 78.5 0.068586 2.97682e-05
  80 79.5 0.068674 2.98064e-05
  81 80.5 0.07152 3.10417e-05
  82 81.5 0.073048 3.17049e-05
  83 82.5 0.075074 3.25842e-05
  84 83.5 0.073256 3.17951e-05
  85 84.5 0.07612 3.30382e-05
  86 85.5 0.079092 3.43281e-05
  87 86.5 0.079108 3.43351e-05
  88 87.5 0.078536 3.40868e-05
  89 88.5 0.076112 3.30347e-05
  90 89.5 0.076472 3.3191e-05
  91 90.5 0.077554 3.36606e-05
  92 91.5 0.079504 3.45069e-05
  93 92.5 0.078054 3.38776e-05
  94 93.5 0.08128 3.52778e-05
  95 94.5 0.081522 3.53828e-05
  96 95.5 0.084492 3.66719e-05
  97 96.5 0.084818 3.68134e-05
  98 97.5 0.084894 3.68464e-05
  99 98.5 0.083812 3.63767e-05
  100 99.5 0.085494 3.71068e-05
  101 100.5 0.086368 3.74861e-05
  102 101.5 0.088092 3.82344e-05
  103 102.5 0.089628 3.8901e-05
  104 103.5 0.089048 3.86493e-05
  105 104.5 0.085356 3.70469e-05
  106 105.5 0.08762 3.80295e-05
  107 106.5 0.089164 3.86997e-05
  108 107.5 0.086678 3.76207e-05
  109 108.5 0.089576 3.88785e-05
  110 109.5 0.089412 3.88073e-05
  111 110.5 0.08756 3.80035e-05
  112 111.5 0.085664 3.71806e-05
  113 112.5 0.084934 3.68637e-05
  114 113.5 0.084434 3.66467e-05
  115 114.5 0.081764 3.54878e-05
  116 115.5 0.083348 3.61753e-05
  117 116.5 0.084376 3.66215e-05
  118 117.5 0.084852 3.68281e-05
  119 118.5 0.08598 3.73177e-05
  120 119.5 0.086806 3.76762e-05
  121 120.5 0.088494 3.84089e-05
  122 121.5 0.08566 3.71788e-05
  123 122.5 0.0869 3.7717e-05
  124 123.5 0.08771 3.80686e-05
  125 124.5 0.086936 3.77326e-05
  126 125.5 0.085362 3.70495e-05
  127 126.5 0.084596 3.6717e-05
  128 127.5 0.080442 3.49141e-05
  129 128.5 0.079392 3.44583e-05
  130 129.5 0.082286 3.57144e-05
  131 130.5 0.083888 3.64097e-05
  132 131.5 0.08524 3.69965e-05
  133 132.5 0.080648 3.50035e-05
  134 133.5 0.08213 3.56467e-05
  135 134.5 0.083784 3.63646e-05
  136 135.5 0.08699 3.77561e-05
  137 136.5 0.087558 3.80026e-05
  138 137.5 0.08712 3.78125e-05
  139 138.5 0.08566 3.71788e-05
  140 139.5 0.08128 3.52778e-05
  141 140.5 0.076798 3.33325e-05
  142 141.5 0.076376 3.31493e-05
  143 142.5 0.074636 3.23941e-05
  144 143.5 0.078254 3.39644e-05
  145 144.5 0.080874 3.51016e-05
  146 145.5 0.079704 3.45937e-05
  147 146.5 0.081524 3.53837e-05
  148 147.5 0.083564 3.62691e-05
  149 148.5 0.084122 3.65113e-05
  150 149.5 0.083396 3.61962e-05
  151 150.5 0.081492 3.53698e-05
  152 151.5 0.08132 3.52951e-05
  153 152.5 0.080398 3.4895e-05
  154 153.5 0.082512 3.58125e-05
  155 154.5 0.083646 3.63047e-05
  156 155.5 0.082928 3.59931e-05
  157 156.5 0.08501 3.68967e-05
  158 157.5 0.084876 3.68385e-05
  159 158.5 0.088652 3.84774e-05
  160 159.5 0.089282 3.87509e-05
  161 160.5 0.096228 4.17656e-05
  162 161.5 0.102926 4.46727e-05
  163 162.5 0.11361 4.93099e-05
  164 163.5 0.12716 5.5191e-05
  165 164.5 0.14624 6.34722e-05
  166 165.5 0.175244 7.60608e-05
  167 166.5 0.216378 9.39141e-05
  168 167.5 0.280918 0.000121926
  169 168.5 0.380068 0.00016496
  170 169.5 0.547518 0.000237638
  171 170.5 0.882242 0.000382918
  172 171.5 1.43372 0.000622275
  173 172.5 2.42405 0.00105211
  174 173.5 4.19377 0.00182021
  175 174.5 6.50667 0.00282408
  176 175.5 9.64056 0.00418427
  177 176.5 12.9587 0.00562444
  178 177.5 15.7261 0.00682557
  179 178.5 18.1099 0.00786022
  180 179.5 23.6014 0.0102437
  181 180.5 27.468 0.0119219
  182 181.5 27.8457 0.0120858
  183 182.5 28.0778 0.0121865
  184 183.5 28.8643 0.0125279
  185 184.5 29.6756 0.01288
  186 185.5 31.3612 0.0136116
  187 186.5 33.2712 0.0144406
  188 187.5 33.6874 0.0146213
  189 188.5 33.9737 0.0147455
  190 189.5 34.5704 0.0150045
  191 190.5 32.7861 0.0142301
  192 191.5 29.9847 0.0130142
  193 192.5 29.5961 0.0128455
  194 193.5 30.6453 0.0133009
  195 194.5 29.8495 0.0129555
  196 195.5 28.8729 0.0125316
  197 196.5 28.3072 0.0122861
  198 197.5 28.9879 0.0125816
  199 198.5 28.5364 0.0123856
  200 199.5 28.3018 0.0122838
  201 200.5 29.5236 0.0128141
  202 201.5 30.8656 0.0133965
  203 202.5 30.3317 0.0131648
  204 203.5 29.5933 0.0128443
  205 204.5 30.3097 0.0131553
  206 205.5 31.9654 0.0138739
  207 206.5 32.5564 0.0141304
  208 207.5 31.8292 0.0138148
  209 208.5 31.3553 0.0136091
  210 209.5 32.4388 0.0140794
  211 210.5 33.1463 0.0143864
  212 211.5 33.1472 0.0143868
  213 212.5 32.8373 0.0142523
  214 213.5 32.7921 0.0142327
  215 214.5 32.5769 0.0141393
  216 215.5 32.6709 0.0141801
  217 216.5 32.1195 0.0139408
  218 217.5 30.8223 0.0133777
  219 218.5 30.6452 0.0133009
  220 219.5 31.9503 0.0138673
  221 220.5 33.5972 0.0145821
  222 221.5 32.8558 0.0142603
  223 222.5 30.9461 0.0134315
  224 223.5 30.0698 0.0130511
  225 224.5 31.7908 0.0137981
  226 225.5 32.6832 0.0141854
  227 226.5 31.9259 0.0138567
  228 227.5 29.9986 0.0130202
  229 228.5 29.8823 0.0129698
  230 229.5 31.903 0.0138468
  231 230.5 32.5741 0.014138
  232 231.5 30.4167 0.0132017
  233 232.5 27.7085 0.0120263
  234 233.5 27.0264 0.0117302
  235 234.5 28.9722 0.0125747
  236 235.5 30.9359 0.013427
  237 236.5 31.9349 0.0138606
  238 237.5 33.7213 0.014636
  239 238.5 36.7263 0.0159402
  240 239.5 38.1728 0.016568
  241 240.5 36.4834 0.0158348
  242 241.5 35.1867 0.015272
  243 242.5 34.6765 0.0150505
  244 243.5 33.8973 0.0147124
  245 244.5 30.4898 0.0132334
  246 245.5 28.5986 0.0124126
  247 246.5 28.0479 0.0121736
  248 247.5 29.1212 0.0126394
  249 248.5 30.2688 0.0131375
  250 249.5 31.1123 0.0135036
  251 250.5 31.1635 0.0135258
  252 251.5 30.7963 0.0133664
  253 252.5 29.947 0.0129978
  254 253.5 31.2369 0.0135577
  255 254.5 31.4751 0.0136611
  256 255.5 32.1102 0.0139367
  257 256.5 32.7555 0.0142168
  258 257.5 33.1311 0.0143798
  259 258.5 33.4389 0.0145134
  260 259.5 33.9588 0.014739
  261 260.5 32.1573 0.0139572
  262 261.5 29.7634 0.0129181
  263 262.5 29.189 0.0126688
  264 263.5 28.4293 0.0123391
  265 264.5 27.9903 0.0121485
  266 265.5 27.4239 0.0119027
  267 266.5 26.5804 0.0115366
  268 267.5 26.2247 0.0113823
  269 268.5 26.3884 0.0114533
  270 269.5 26.4114 0.0114633
  271 270.5 26.3804 0.0114498
  272 271.5 25.4743 0.0110566
  273 272.5 24.8873 0.0108018
  274 273.5 25.5477 0.0110884
  275 274.5 28.3929 0.0123233
  276 275.5 31.837 0.0138181
  277 276.5 32.2866 0.0140133
  278 277.5 29.4652 0.0127887
  279 278.5 27.3267 0.0118605
  280 279.5 26.7958 0.0116301
  281 280.5 26.9446 0.0116947
  282 281.5 28.1761 0.0122292
  283 282.5 31.1081 0.0135018
  284 283.5 32.8112 0.014241
  285 284.5 30.6712 0.0133121
  286 285.5 30.3014 0.0131516
  287 286.5 31.1188 0.0135064
  288 287.5 29.852 0.0129566
  289 288.5 27.7318 0.0120364
  290 289.5 28.4511 0.0123486
  291 290.5 29.6789 0.0128814
  292 291.5 30.5342 0.0132527
  293 292.5 30.7851 0.0133616
  294 293.5 31.5045 0.0136738
  295 294.5 31.0925 0.013495
  296 295.5 30.2316 0.0131213
  297 296.5 30.2332 0.013122
  298 297.5 29.9227 0.0129873
  299 298.5 30.4305 0.0132077
  300 299.5 31.9503 0.0138673
  301 300.5 32.2526 0.0139985
  302 301.5 30.3378 0.0131675
  303 302.5 30.1382 0.0130808
  304 303.5 31.4002 0.0136286
  305 304.5 30.9183 0.0134194
  306 305.5 30.5003 0.013238
  307 306.5 30.7824 0.0133604
  308 307.5 31.2767 0.013575
  309 308.5 31.7917 0.0137985
  310 309.5 32.1726 0.0139638
  311 310.5 32.3915 0.0140588
  312 311.5 33.2743 0.014442
  313 312.5 34.2795 0.0148782
  314 313.5 33.0884 0.0143613
  315 314.5 30.6703 0.0133118
  316 315.5 30.5163 0.0132449
  317 316.5 31.7598 0.0137846
  318 317.5 32.3945 0.0140601
  319 318.5 32.3166 0.0140263
  320 319.5 31.7688 0.0137885
  321 320.5 32.0166 0.0138961
  322 321.5 31.2259 0.0135529
  323 322.5 29.8277 0.012946
  324 323.5 25.86 0.011224
  325 324.5 19.406 0.00842276
  326 325.5 12.2046 0.00529713
  327 326.5 7.16203 0.00310852
  328 327.5 4.18435 0.00181613
  329 328.5 2.47918 0.00107603
  330 329.5 1.39245 0.00060436
  331 330.5 0.747302 0.00032435
  332 331.5 0.438018 0.000190112
  333 332.5 0.28299 0.000122826
  334 333.5 0.18942 8.22135e-05
  335 334.5 0.135134 5.86519e-05
  336 335.5 0.102682 4.45668e-05
  337 336.5 0.083312 3.61597e-05
  338 337.5 0.070086 3.04193e-05
  339 338.5 0.06136 2.66319e-05
  340 339.5 0.055566 2.41172e-05
  341 340.5 0.048142 2.0895e-05
  342 341.5 0.042718 1.85408e-05
  343 342.5 0.03796 1.64757e-05
  344 343.5 0.035688 1.54896e-05
  345 344.5 0.032736 1.42083e-05
  346 345.5 0.030866 1.33967e-05
  347 346.5 0.027488 1.19306e-05
  348 347.5 0.026476 1.14913e-05
  349 348.5 0.023898 1.03724e-05
  350 349.5 0.0196 8.50694e-06
  351 350.5 0.017252 7.48785e-06
  352 351.5 0.015758 6.83941e-06
  353 352.5 0.013336 5.78819e-06
  354 353.5 0.010384 4.50694e-06
  355 354.5 0.008252 3.5816e-06
  356 355.5 0.00705 3.0599e-06
  357 356.5 0.005526 2.39844e-06
  358 357.5 0.004124 1.78993e-06
  359 358.5 0.003172 1.37674e-06
  360 359.5 0.002714 1.17795e-06
  361 360.5 0.001506 6.53646e-07
  362 361.5 0.000836 3.62847e-07
  363 362.5 0.00038 1.64931e-07
  364 363.5 0.000378 1.64062e-07
  365 364.5 0.000404 1.75347e-07
  366 365.5 0.000292 1.26736e-07
  367 366.5 0.000138 5.98958e-08
  368 367.5 1e-05 4.34028e-09
  369 368.5 0 0
  370 369.5 0 0
  371 370.5 0 0
  372 371.5 0 0
  373 372.5 0 0
  374 373.5 0 0
  375 374.5 0 0
  376 375.5 0 0
  377 376.5 0 0
  378 377.5 0 0
  379 378.5 0 0
  380 379.5 0 0
  381 380.5 0 0
  382 381.5 0 0
  383 382.5 0 0
  384 383.5 0 0
  385 384.5 0 0
  386 385.5 0 0
  387 386.5 0 0
  388 387.5 0 0
  389 388.5 0 0
  390 389.5 0 0
  391 390.5 0 0
  392 391.5 0 0
  393 392.5 0 0
  394 393.5 0 0
  395 394.5 0 0
  396 395.5 0 0
  397 396.5 0 0
  398 397.5 0 0
  399 398.5 0 0
  400 399.5 0 0
  401 400.5 0 0
  402 401.5 0 0
  403 402.5 0 0
  404 403.5 0 0
  405 404.5 0 0
  406 405.5 0 0
  407 406.5 0 0
  408 407.5 0 0
  409 408.5 0 0
  410 409.5 0 0
  411 410.5 0 0
  412 411.5 0 0
  413 412.5 0 0
  414 413.5 0 0
  415 414.5 0 0
  416 415.5 0 0
  417 416.5 0 0
  418 417.5 0 0
  419 418.5 0 0
  420 419.5 0 0
  421 420.5 0 0
  422 421.5 0 0
  423 422.5 0 0
  424 423.5 0 0
  425 424.5 0 0
  426 425.5 0 0
  427 426.5 0 0
  428 427.5 0 0
  429 428.5 0 0
  430 429.5 0 0
  431 430.5 0 0
  432 431.5 0 0
  433 432.5 0 0
  434 433.5 0 0
  435 434.5 0 0
  436 435.5 0 0
  437 436.5 0 0
  438 437.5 0 0
  439 438.5 0 0
  440 439.5 0 0
  441 440.5 0 0
  442 441.5 0 0
  443 442.5 0 0
  444 443.5 0 0
  445 444.5 0 0
  446 445.5 0 0
  447 446.5 0 0
  448 447.5 0 0
  449 448.5 0 0
  450 449.5 0 0
  451 450.5 0 0
  452 451.5 0 0
  453 452.5 0 0
  454 453.5 0 0
  455 454.5 0 0
  456 455.5 0 0
  457 456.5 0 0
  458 457.5 0 0
  459 458.5 0 0
  460 459.5 0 0
  461 460.5 0 0
  462 461.5 0 0
  463 462.5 0 0
  464 463.5 0 0
  465 464.5 0 0
  466 465.5 0 0
  467 466.5 0 0
  468 467.5 0 0
  469 468.5 0 0
  470 469.5 0 0
  471 470.5 0 0
  472 471.5 0 0
  473 472.5 0 0
  474 473.5 0 0
  475 474.5 0 0
  476 475.5 0 0
  477 476.5 0 0
  478 477.5 0 0
  479 478.5 0 0
  480 479.5 0 0
50000000 480 4579.999999999996
  1 0.5 0 0
  2 1.5 0 0
  3 2.5 0 0
  4 3.5 0 0
  5 4.5 0 0
  6 5.5 0 0
  7 6.5 0 0
  8 7.5 0 0
  9 8.5 0 0
  10 9.5 0 0
  11 10.5 0 0
  12 11.5 0 0
  13 12.5 0 0
  14 13.5 0 0
  15 14.5 0 0
  16 15.5 0 0
  17 16.5 0 0
  18 17.5 0 0
  19 18.5 0 0
  20 19.5 0 0
  21 20.5 0 0
  22 21.5 0 0
  23 22.5 0 0
  24 23.5 0 0
  25 24.5 0 0
  26 25.5 0 0
  27 26.5 0 0
  28 27.5 0 0
  29 28.5 0 0
  30 29.5 0 0
  31 30.5 0 0
  32 31.5 0 0
  33 32.5 0 0
  34 33.5 0 0
  35 34.5 0 0
  36 35.5 0 0
  37 36.5 0 0
  38 37.5 0 0
  39 38.5 0 0
  40 39.5 0 0
  41 40.5 0 0
  42 41.5 0 0
  43 42.5 0 0
  44 43.5 0 0
  45 44.5 1.4e-05 6.07639e-09
  46 45.5 2.2e-05 9.54861e-09
  47 46.5 8.6e-05 3.73264e-08
  48 47.5 5.6e-05 2.43056e-08
  49 48.5 3.6e-05 1.5625e-08
  50 49.5 8.2e-05 3.55903e-08
  51 50.5 0.00013 5.64236e-08
  52 51.5 0.00019 8.24653e-08
  53 52.5 0.000412 1.78819e-07
  54 53.5 0.000554 2.40451e-07
  55 54.5 0.000856 3.71528e-07
  56 55.5 0.001594 6.9184e-07
  57 56.5 0.002428 1.05382e-06
  58 57.5 0.003496 1.51736e-06
  59 58.5 0.00517 2.24392e-06
  60 59.5 0.007276 3.15799e-06
  61 60.5 0.009564 4.15104e-06
  62 61.5 0.01332 5.78125e-06
  63 62.5 0.016402 7.11892e-06
  64 63.5 0.019042 8.26476e-06
  65 64.5 0.023648 1.02639e-05
  66 65.5 0.026218 1.13793e-05
  67 66.5 0.030842 1.33863e-05
  68 67.5 0.034852 1.51267e-05
  69 68.5 0.038346 1.66432e-05
  70 69.5 0.043362 1.88203e-05
  71 70.5 0.046554 2.02057e-05
  72 71.5 0.050196 2.17865e-05
  73 72.5 0.054144 2.35e-05
  74 73.5 0.059622 2.58776e-05
  75 74.5 0.062444 2.71024e-05
  76 75.5 0.066402 2.88203e-05
  77 76.5 0.071318 3.0954e-05
  78 77.5 0.07325 3.17925e-05
  79 78.5 0.074902 3.25095e-05
  80 79.5 0.075614 3.28186e-05
  81 80.5 0.075448 3.27465e-05
  82 81.5 0.078758 3.41832e-05
  83 82.5 0.07571 3.28602e-05
  84 83.5 0.08047 3.49262e-05
  85 84.5 0.078144 3.39167e-05
  86 85.5 0.078626 3.41259e-05
  87 86.5 0.078342 3.40026e-05
  88 87.5 0.078074 3.38863e-05
  89 88.5 0.077118 3.34714e-05
  90 89.5 0.076712 3.32951e-05
  91 90.5 0.075788 3.28941e-05
  92 91.5 0.072202 3.13377e-05
  93 92.5 0.074524 3.23455e-05
  94 93.5 0.073956 3.2099e-05
  95 94.5 0.07109 3.0855e-05
  96 95.5 0.07093 3.07856e-05
  97 96.5 0.069294 3.00755e-05
  98 97.5 0.066852 2.90156e-05
  99 98.5 0.06463 2.80512e-05
  100 99.5 0.062518 2.71345e-05
  101 100.5 0.06421 2.78689e-05
  102 101.5 0.064902 2.81693e-05
  103 102.5 0.065716 2.85226e-05
  104 103.5 0.06567 2.85026e-05
  105 104.5 0.066994 2.90773e-05
  106 105.5 0.06616 2.87153e-05
  107 106.5 0.065496 2.84271e-05
  108 107.5 0.066596 2.89045e-05
  109 108.5 0.067204 2.91684e-05
  110 109.5 0.068956 2.99288e-05
  111 110.5 0.070422 3.05651e-05
  112 111.5 0.07258 3.15017e-05
  113 112.5 0.070916 3.07795e-05
  114 113.5 0.070542 3.06172e-05
  115 114.5 0.069096 2.99896e-05
  116 115.5 0.067262 2.91936e-05
  117 116.5 0.066302 2.87769e-05
  118 117.5 0.06736 2.92361e-05
  119 118.5 0.065938 2.86189e-05
  120 119.5 0.069118 2.99991e-05
  121 120.5 0.067762 2.94106e-05
  122 121.5 0.069514 3.0171e-05
  123 122.5 0.07243 3.14366e-05
  124 123.5 0.071042 3.08342e-05
  125 124.5 0.06878 2.98524e-05
  126 125.5 0.068538 2.97474e-05
  127 126.5 0.070646 3.06623e-05
  128 127.5 0.071708 3.11233e-05
  129 128.5 0.073324 3.18247e-05
  130 129.5 0.07284 3.16146e-05
  131 130.5 0.073432 3.18715e-05
  132 131.5 0.074398 3.22908e-05
  133 132.5 0.07439 3.22873e-05
  134 133.5 0.073682 3.198e-05
  135 134.5 0.07198 3.12413e-05
  136 135.5 0.074924 3.25191e-05
  137 136.5 0.072906 3.16432e-05
  138 137.5 0.072952 3.16632e-05
  139 138.5 0.072654 3.15339e-05
  140 139.5 0.072838 3.16137e-05
  141 140.5 0.071298 3.09453e-05
  142 141.5 0.06745 2.92752e-05
  143 142.5 0.069896 3.03368e-05
  144 143.5 0.072928 3.16528e-05
  145 144.5 0.072306 3.13828e-05
  146 145.5 0.06978 3.02865e-05
  147 146.5 0.070348 3.0533e-05
  148 147.5 0.068552 2.97535e-05
  149 148.5 0.066548 2.88837e-05
  150 149.5 0.06855 2.97526e-05
  151 150.5 0.06753 2.93099e-05
  152 151.5 0.069108 2.99948e-05
  153 152.5 0.070846 3.07491e-05
  154 153.5 0.0734 3.18576e-05
  155 154.5 0.071352 3.09687e-05
  156 155.5 0.071798 3.11623e-05
  157 156.5 0.077218 3.35148e-05
  158 157.5 0.077464 3.36215e-05
  159 158.5 0.077722 3.37335e-05
  160 159.5 0.077994 3.38516e-05
  161 160.5 0.080582 3.49748e-05
  162 161.5 0.086426 3.75113e-05
  163 162.5 0.095084 4.12691e-05
  164 163.5 0.102796 4.46163e-05
  165 164.5 0.116214 5.04401e-05
  166 165.5 0.135164 5.86649e-05
  167 166.5 0.163004 7.07483e-05
  168 167.5 0.211362 9.1737e-05
  169 168.5 0.27983 0.000121454
  170 169.5 0.396466 0.000172077
  171 170.5 0.679908 0.000295099
  172 171.5 1.12382 0.000487767
  173 172.5 1.71967 0.000746385
  174 173.5 2.71613 0.00117887
  175 174.5 4.46119 0.00193628
  176 175.5 6.44146 0.00279577
  177 176.5 8.53119 0.00370277
  178 177.5 11.217 0.00486851
  179 178.5 14.0916 0.00611613
  180 179.5 19.1532 0.00831303
  181 180.5 22.3154 0.0096855
  182 181.5 23.3665 0.0101417
  183 182.5 26.0791 0.0113191
  184 183.5 28.8262 0.0125114
  185 184.5 28.6298 0.0124261
  186 185.5 30.0124 0.0130262
  187 186.5 31.6056 0.0137177
  188 187.5 31.3972 0.0136272
  189 188.5 32.6776 0.014183
  190 189.5 34.3346 0.0149022
  191 190.5 32.7199 0.0142013
  192 191.5 31.5469 0.0136922
  193 192.5 32.3261 0.0140304
  194 193.5 32.3316 0.0140328
  195 194.5 29.0635 0.0126144
  196 195.5 29.1328 0.0126444
  197 196.5 29.6141 0.0128533
  198 197.5 29.6733 0.0128791
  199 198.5 28.4005 0.0123266
  200 199.5 28.2258 0.0122508
  201 200.5 29.5442 0.012823
  202 201.5 30.0493 0.0130422
  203 202.5 28.7298 0.0124695
  204 203.5 29.6773 0.0128808
  205 204.5 30.7707 0.0133554
  206 205.5 31.5838 0.0137083
  207 206.5 30.9167 0.0134187
  208 207.5 30.6342 0.0132961
  209 208.5 31.837 0.0138182
  210 209.5 33.0372 0.0143391
  211 210.5 32.2648 0.0140038
  212 211.5 32.1301 0.0139453
  213 212.5 32.6689 0.0141792
  214 213.5 33.0422 0.0143412
  215 214.5 32.8169 0.0142434
  216 215.5 32.8524 0.0142589
  217 216.5 32.2881 0.0140139
  218 217.5 31.5 0.0136719
  219 218.5 31.6335 0.0137298
  220 219.5 32.4097 0.0140667
  221 220.5 32.4706 0.0140931
  222 221.5 31.2169 0.013549
  223 222.5 31.0099 0.0134592
  224 223.5 32.1608 0.0139587
  225 224.5 32.9871 0.0143173
  226 225.5 31.4563 0.0136529
  227 226.5 30.874 0.0134002
  228 227.5 30.1875 0.0131022
  229 228.5 32.0487 0.01391
  230 229.5 32.1276 0.0139443
  231 230.5 31.252 0.0135642
  232 231.5 29.4893 0.0127992
  233 232.5 29.3038 0.0127187
  234 233.5 30.4305 0.0132077
  235 234.5 30.0249 0.0130316
  236 235.5 29.3575 0.012742
  237 236.5 29.135 0.0126454
  238 237.5 31.7486 0.0137798
  239 238.5 34.5529 0.0149969
  240 239.5 35.0406 0.0152086
  241 240.5 34.4392 0.0149476
  242 241.5 36.0493 0.0156464
  243 242.5 36.7326 0.015943
  244 243.5 35.2213 0.015287
  245 244.5 31.6766 0.0137485
  246 245.5 31.7815 0.0137941
  247 246.5 31.2538 0.013565
  248 247.5 29.9407 0.0129951
  249 248.5 29.0649 0.012615
  250 249.5 30.0205 0.0130297
  251 250.5 29.7452 0.0129103
  252 251.5 30.5897 0.0132768
  253 252.5 30.6291 0.0132939
  254 253.5 31.1919 0.0135381
  255 254.5 31.5266 0.0136834
  256 255.5 30.8361 0.0133837
  257 256.5 31.9737 0.0138775
  258 257.5 32.7388 0.0142096
  259 258.5 32.4624 0.0140896
  260 259.5 33.634 0.0145981
  261 260.5 32.0122 0.0138942
  262 261.5 31.4712 0.0136594
  263 262.5 31.5935 0.0137124
  264 263.5 30.5649 0.013266
  265 264.5 28.5172 0.0123773
  266 265.5 28.226 0.0122509
  267 266.5 28.0035 0.0121543
  268 267.5 26.8599 0.0116579
  269 268.5 27.1278 0.0117742
  270 269.5 26.4678 0.0114877
  271 270.5 26.0473 0.0113053
  272 271.5 26.1267 0.0113397
  273 272.5 25.5699 0.0110981
  274 273.5 26.4096 0.0114625
  275 274.5 26.7252 0.0115995
  276 275.5 27.899 0.012109
  277 276.5 29.1941 0.0126711
  278 277.5 28.3955 0.0123245
  279 278.5 29.391 0.0127565
  280 279.5 30.12 0.0130729
  281 280.5 27.9513 0.0121317
  282 281.5 27.31 0.0118533
  283 282.5 29.9641 0.0130052
  284 283.5 29.7114 0.0128956
  285 284.5 28.4983 0.0123691
  286 285.5 31.0565 0.0134794
  287 286.5 32.5634 0.0141334
  288 287.5 29.99 0.0130165
  289 288.5 28.3921 0.0123229
  290 289.5 30.2751 0.0131402
  291 290.5 30.2172 0.0131151
  292 291.5 28.8461 0.01252
  293 292.5 29.4634 0.0127879
  294 293.5 31.0356 0.0134703
  295 294.5 30.6585 0.0133066
  296 295.5 30.3992 0.0131941
  297 296.5 30.8928 0.0134083
  298 297.5 30.835 0.0133832
  299 298.5 30.4598 0.0132204
  300 299.5 31.0725 0.0134863
  301 300.5 31.5335 0.0136864
  302 301.5 29.429 0.012773
  303 302.5 31.513 0.0136775
  304 303.5 32.3185 0.0140271
  305 304.5 30.3711 0.0131819
  306 305.5 29.7819 0.0129262
  307 306.5 31.8027 0.0138033
  308 307.5 31.1565 0.0135228
  309 308.5 30.6807 0.0133163
  310 309.5 32.0328 0.0139031
  311 310.5 31.7043 0.0137606
  312 311.5 32.6021 0.0141502
  313 312.5 33.6795 0.0146178
  314 313.5 32.1788 0.0139665
  315 314.5 31.4777 0.0136622
  316 315.5 32.8281 0.0142483
  317 316.5 33.1954 0.0144077
  318 317.5 30.8892 0.0134068
  319 318.5 31.2607 0.013568
  320 319.5 31.9787 0.0138796
  321 320.5 32.1827 0.0139682
  322 321.5 31.8616 0.0138288
  323 322.5 30.301 0.0131515
  324 323.5 28.6456 0.012433
  325 324.5 24.2348 0.0105186
  326 325.5 19.7327 0.00856453
  327 326.5 15.9852 0.00693802
  328 327.5 11.2343 0.004876
  329 328.5 7.28238 0.00316075
  330 329.5 4.23357 0.00183749
  331 330.5 2.27492 0.000987378
  332 331.5 1.299 0.000563804
  333 332.5 0.709662 0.000308013
  334 333.5 0.437596 0.000189929
  335 334.5 0.269772 0.000117089
  336 335.5 0.17773 7.71398e-05
  337 336.5 0.12974 5.63108e-05
  338 337.5 0.100506 4.36224e-05
  339 338.5 0.080864 3.50972e-05
  340 339.5 0.066852 2.90156e-05
  341 340.5 0.05664 2.45833e-05
  342 341.5 0.05022 2.17969e-05
  343 342.5 0.045126 1.95859e-05
  344 343.5 0.040798 1.77075e-05
  345 344.5 0.03705 1.60807e-05
  346 345.5 0.03343 1.45095e-05
  347 346.5 0.030414 1.32005e-05
  348 347.5 0.028282 1.22752e-05
  349 348.5 0.02531 1.09852e-05
  350 349.5 0.02388 1.03646e-05
  351 350.5 0.022684 9.84549e-06
  352 351.5 0.020204 8.7691e-06
  353 352.5 0.01728 7.5e-06
  354 353.5 0.016944 7.35417e-06
  355 354.5 0.015826 6.86892e-06
  356 355.5 0.014688 6.375e-06
  357 356.5 0.01341 5.82031e-06
  358 357.5 0.012406 5.38455e-06
  359 358.5 0.011896 5.16319e-06
  360 359.5 0.010354 4.49392e-06
  361 360.5 0.008578 3.72309e-06
  362 361.5 0.006752 2.93056e-06
  363 362.5 0.005214 2.26302e-06
  364 363.5 0.004438 1.92622e-06
  365 364.5 0.003594 1.5599e-06
  366 365.5 0.002684 1.16493e-06
  367 366.5 0.002286 9.92187e-07
  368 367.5 0.0017 7.37847e-07
  369 368.5 0.000902 3.91493e-07
  370 369.5 0.000732 3.17708e-07
  371 370.5 0.000416 1.80556e-07
  372 371.5 0.000254 1.10243e-07
  373 372.5 0.000104 4.51389e-08
  374 373.5 5.8e-05 2.51736e-08
  375 374.5 8.8e-05 3.81944e-08
  376 375.5 2e-05 8.68056e-09
  377 376.5 0 0
  378 377.5 0 0
  379 378.5 0 0
  380 379.5 0 0
  381 380.5 0 0
  382 381.5 0 0
  383 382.5 0 0
  384 383.5 0 0
  385 384.5 0 0
  386 385.5 0 0
  387 386.5 0 0
  388 387.5 0 0
  389 388.5 0 0
  390 389.5 0 0
  391 390.5 0 0
  392 391.5 0 0
  393 392.5 0 0
  394 393.5 0 0
  395 394.5 0 0
  396 395.5 0 0
  397 396.5 0 0
  398 397.5 0 0
  399 398.5 0 0
  400 399.5 0 0
  401 400.5 0 0
  402 401.5 0 0
  403 402.5 0 0
  404 403.5 0 0
  405 404.5 0 0
  406 405.5 0 0
  407 406.5 0 0
  408 407.5 0 0
  409 408.5 0 0
  410 409.5 0 0
  411 410.5 0 0
  412 411.5 0 0
  413 412.5 0 0
  414 413.5 0 0
  415 414.5 0 0
  416 415.5 0 0
  417 416.5 0 0
  418 417.5 0 0
  419 418.5 0 0
  420 419.5 0 0
  421 420.5 0 0
  422 421.5 0 0
  423 422.5 0 0
  424 423.5 0 0
  425 424.5 0 0
  426 425.5 0 0
  427 426.5 0 0
  428 427.5 0 0
  429 428.5 0 0
  430 429.5 0 0
  431 430.5 0 0
  432 431.5 0 0
  433 432.5 0 0
  434 433.5 0 0
  435 434.5 0 0
  436 435.5 0 0
  437 436.5 0 0
  438 437.5 0 0
  439 438.5 0 0
  440 439.5 0 0
  441 440.5 0 0
  442 441.5 0 0
  443 442.5 0 0
  444 443.5 0 0
  445 444.5 0 0
  446 445.5 0 0
  447 446.5 0 0
  448 447.5 0 0
  449 448.5 0 0
  450 449.5 0 0
  451 450.5 0 0
  452 451.5 0 0
  453 452.5 0 0
  454 453.5 0 0
  455 454.5 0 0
  456 455.5 0 0
  457 456.5 0 0
  458 457.5 0 0
  459 458.5 0 0
  460 459.5 0 0
  461 460.5 0 0
  462 461.5 0 0
  463 462.5 0 0
  464 463.5 0 0
  465 464.5 0 0
  466 465.5 0 0
  467 466.5 0 0
  468 467.5 0 0
  469 468.5 0 0
  470 469.5 0 0
  471 470.5 0 0
  472 471.5 0 0
  473 472.5 0 0
  474 473.5 0 0
  475 474.5 0 0
  476 475.5 0 0
  477 476.5 0 0
  478 477.5 0 0
  479 478.5 0 0
  480 479.5 0 0
