# Chunk-averaged data for fix tensor2 and group c1
# Timestep Number-of-chunks Total-count
# Chunk Coord1 Ncount density/number
20000000 480 5229.000000000003
  1 0.5 29.0726 0.0126183
  2 1.5 29.0811 0.012622
  3 2.5 29.1135 0.0126361
  4 3.5 29.0639 0.0126145
  5 4.5 29.0614 0.0126135
  6 5.5 29.0933 0.0126273
  7 6.5 29.1021 0.0126311
  8 7.5 29.0838 0.0126232
  9 8.5 29.1002 0.0126303
  10 9.5 29.1096 0.0126344
  11 10.5 29.1061 0.0126329
  12 11.5 29.1025 0.0126313
  13 12.5 29.1386 0.012647
  14 13.5 29.1016 0.0126309
  15 14.5 29.1316 0.0126439
  16 15.5 29.1685 0.0126599
  17 16.5 29.1325 0.0126443
  18 17.5 29.137 0.0126463
  19 18.5 29.1556 0.0126544
  20 19.5 29.1872 0.012668
  21 20.5 29.1315 0.0126439
  22 21.5 29.1511 0.0126524
  23 22.5 29.208 0.0126771
  24 23.5 29.1954 0.0126716
  25 24.5 29.1576 0.0126552
  26 25.5 29.169 0.0126602
  27 26.5 29.2152 0.0126802
  28 27.5 29.2056 0.012676
  29 28.5 29.1879 0.0126683
  30 29.5 29.1795 0.0126647
  31 30.5 29.2078 0.012677
  32 31.5 29.2153 0.0126802
  33 32.5 29.1675 0.0126595
  34 33.5 29.1969 0.0126723
  35 34.5 29.184 0.0126667
  36 35.5 29.1934 0.0126707
  37 36.5 29.1729 0.0126618
  38 37.5 29.1558 0.0126544
  39 38.5 29.1251 0.0126411
  40 39.5 29.1534 0.0126534
  41 40.5 29.1184 0.0126382
  42 41.5 29.1058 0.0126327
  43 42.5 29.0702 0.0126173
  44 43.5 29.1245 0.0126409
  45 44.5 29.1122 0.0126355
  46 45.5 29.0829 0.0126228
  47 46.5 29.0909 0.0126262
  48 47.5 29.0978 0.0126292
  49 48.5 29.1048 0.0126323
  50 49.5 29.0712 0.0126177
  51 50.5 29.1109 0.0126349
  52 51.5 29.1232 0.0126403
  53 52.5 29.0762 0.0126199
  54 53.5 29.0807 0.0126218
  55 54.5 29.0971 0.012629
  56 55.5 29.077 0.0126202
  57 56.5 29.0128 0.0125923
  58 57.5 29.0188 0.0125949
  59 58.5 28.9619 0.0125703
  60 59.5 28.841 0.0125178
  61 60.5 28.7738 0.0124886
  62 61.5 28.6669 0.0124422
  63 62.5 28.468 0.0123559
  64 63.5 28.1786 0.0122303
  65 64.5 27.8778 0.0120998
  66 65.5 27.4843 0.011929
  67 66.5 26.9451 0.0116949
  68 67.5 26.2524 0.0113943
  69 68.5 25.4288 0.0110368
  70 69.5 24.3838 0.0105833
  71 70.5 23.1277 0.0100381
  72 71.5 21.6113 0.00937989
  73 72.5 19.9489 0.00865836
  74 73.5 18.08 0.00784721
  75 74.5 16.0562 0.00696882
  76 75.5 14.0208 0.00608543
  77 76.5 12.0314 0.00522198
  78 77.5 10.0882 0.00437854
  79 78.5 8.30236 0.00360345
  80 79.5 6.74609 0.00292799
  81 80.5 5.4268 0.00235538
  82 81.5 4.30895 0.0018702
  83 82.5 3.42899 0.00148828
  84 83.5 2.75504 0.00119576
  85 84.5 2.24773 0.000975576
  86 85.5 1.89092 0.000820711
  87 86.5 1.63991 0.000711766
  88 87.5 1.46361 0.000635247
  89 88.5 1.32498 0.000575077
  90 89.5 1.24371 0.000539805
  91 90.5 1.18742 0.000515375
  92 91.5 1.14053 0.00049502
  93 92.5 1.11331 0.000483207
  94 93.5 1.09737 0.000476287
  95 94.5 1.08502 0.000470929
  96 95.5 1.07377 0.000466044
  97 96.5 1.06625 0.000462781
  98 97.5 1.06934 0.000464124
  99 98.5 1.06906 0.000464
  100 99.5 1.05966 0.000459923
  101 100.5 1.05744 0.000458957
  102 101.5 1.05965 0.000459918
  103 102.5 1.05814 0.000459262
  104 103.5 1.0529 0.000456987
  105 104.5 1.0531 0.000457073
  106 105.5 1.05649 0.000458547
  107 106.5 1.05756 0.000459009
  108 107.5 1.04979 0.00045564
  109 108.5 1.05463 0.00045774
  110 109.5 1.05644 0.000458523
  111 110.5 1.05577 0.000458233
  112 111.5 1.05595 0.000458312
  113 112.5 1.05506 0.000457925
  114 113.5 1.06078 0.000460407
  115 114.5 1.0588 0.000459549
  116 115.5 1.05739 0.000458937
  117 116.5 1.05048 0.000455938
  118 117.5 1.0546 0.000457727
  119 118.5 1.05302 0.000457041
  120 119.5 1.05643 0.00045852
  121 120.5 1.0612 0.000460589
  122 121.5 1.05739 0.000458936
  123 122.5 1.04886 0.000455234
  124 123.5 1.05992 0.000460036
  125 124.5 1.05808 0.000459236
  126 125.5 1.0538 0.00045738
  127 126.5 1.05352 0.000457258
  128 127.5 1.05453 0.000457697
  129 128.5 1.05147 0.000456368
  130 129.5 1.06021 0.00046016
  131 130.5 1.05508 0.000457934
  132 131.5 1.05588 0.000458281
  133 132.5 1.05301 0.000457034
  134 133.5 1.057 0.000458766
  135 134.5 1.05251 0.000456817
  136 135.5 1.05675 0.000458659
  137 136.5 1.0613 0.000460634
  138 137.5 1.05881 0.000459551
  139 138.5 1.04815 0.000454928
  140 139.5 1.05719 0.000458848
  141 140.5 1.06568 0.000462536
  142 141.5 1.06762 0.000463378
  143 142.5 1.06167 0.000460794
  144 143.5 1.05556 0.000458143
  145 144.5 1.06122 0.000460597
  146 145.5 1.06612 0.000462724
  147 146.5 1.06689 0.000463061
  148 147.5 1.06619 0.000462758
  149 148.5 1.06061 0.000460335
  150 149.5 1.05982 0.00045999
  151 150.5 1.05896 0.000459618
  152 151.5 1.06077 0.000460405
  153 152.5 1.04938 0.00045546
  154 153.5 1.06167 0.000460796
  155 154.5 1.06646 0.000462873
  156 155.5 1.05689 0.000458718
  157 156.5 1.05778 0.000459108
  158 157.5 1.05454 0.000457701
  159 158.5 1.05218 0.000456674
  160 159.5 1.05168 0.00045646
  161 160.5 1.05551 0.000458122
  162 161.5 1.05102 0.000456172
  163 162.5 1.04598 0.000453985
  164 163.5 1.04994 0.000455704
  165 164.5 1.05264 0.000456875
  166 165.5 1.05198 0.000456587
  167 166.5 1.05234 0.000456744
  168 167.5 1.061 0.000460503
  169 168.5 1.05356 0.000457274
  170 169.5 1.04923 0.000455396
  171 170.5 1.04474 0.000453445
  172 171.5 1.04026 0.0004515
  173 172.5 1.03935 0.000451108
  174 173.5 1.04299 0.000452685
  175 174.5 1.04218 0.000452337
  176 175.5 1.03971 0.000451264
  177 176.5 1.03953 0.000451184
  178 177.5 1.0419 0.000452214
  179 178.5 1.03953 0.000451184
  180 179.5 1.03472 0.000449095
  181 180.5 1.03204 0.000447936
  182 181.5 1.03117 0.000447555
  183 182.5 1.03686 0.000450025
  184 183.5 1.03432 0.000448923
  185 184.5 1.0375 0.000450305
  186 185.5 1.03932 0.000451093
  187 186.5 1.03037 0.000447207
  188 187.5 1.02279 0.000443918
  189 188.5 1.02857 0.00044643
  190 189.5 1.03183 0.000447845
  191 190.5 1.04135 0.000451974
  192 191.5 1.03599 0.000449649
  193 192.5 1.03483 0.000449145
  194 193.5 1.03445 0.000448982
  195 194.5 1.03771 0.000450393
  196 195.5 1.03434 0.000448931
  197 196.5 1.03322 0.000448445
  198 197.5 1.03977 0.000451288
  199 198.5 1.03544 0.000449409
  200 199.5 1.0413 0.000451951
  201 200.5 1.0456 0.000453819
  202 201.5 1.04987 0.000455674
  203 202.5 1.04755 0.000454664
  204 203.5 1.04011 0.000451438
  205 204.5 1.04059 0.000451644
  206 205.5 1.04992 0.000455694
  207 206.5 1.04985 0.000455664
  208 207.5 1.0541 0.000457509
  209 208.5 1.05329 0.000457157
  210 209.5 1.0587 0.000459507
  211 210.5 1.06804 0.000463558
  212 211.5 1.08187 0.000469562
  213 212.5 1.09024 0.000473196
  214 213.5 1.11453 0.000483738
  215 214.5 1.1549 0.000501259
  216 215.5 1.19771 0.000519841
  217 216.5 1.27052 0.000551439
  218 217.5 1.35405 0.000587695
  219 218.5 1.49408 0.000648472
  220 219.5 1.69254 0.000734609
  221 220.5 1.96449 0.000852642
  222 221.5 2.34169 0.00101636
  223 222.5 2.83973 0.00123252
  224 223.5 3.49159 0.00151545
  225 224.5 4.26931 0.001853
  226 225.5 5.16944 0.00224368
  227 226.5 6.10412 0.00264936
  228 227.5 7.03951 0.00305534
  229 228.5 7.8498 0.00340703
  230 229.5 8.43947 0.00366296
  231 230.5 8.80228 0.00382043
  232 231.5 8.8753 0.00385213
  233 232.5 8.67185 0.00376382
  234 233.5 8.23898 0.00357594
  235 234.5 7.62406 0.00330905
  236 235.5 6.89816 0.00299399
  237 236.5 6.12548 0.00265863
  238 237.5 5.3806 0.00233533
  239 238.5 4.66886 0.00202641
  240 239.5 4.06072 0.00176247
  241 240.5 3.5338 0.00153377
  242 241.5 3.08781 0.0013402
  243 242.5 2.7528 0.00119479
  244 243.5 2.48353 0.00107792
  245 244.5 2.28368 0.000991182
  246 245.5 2.12829 0.000923737
  247 246.5 2.02375 0.000878362
  248 247.5 1.95079 0.000846697
  249 248.5 1.90916 0.000828629
  250 249.5 1.8801 0.000816015
  251 250.5 1.85204 0.000803836
  252 251.5 1.85666 0.000805843
  253 252.5 1.84943 0.000802705
  254 253.5 1.84025 0.000798721
  255 254.5 1.84007 0.00079864
  256 255.5 1.84065 0.000798891
  257 256.5 1.84355 0.00080015
  258 257.5 1.8217 0.00079067
  259 258.5 1.80517 0.000783493
  260 259.5 1.79075 0.000777235
  261 260.5 1.79147 0.000777548
  262 261.5 1.78084 0.000772934
  263 262.5 1.78575 0.000775066
  264 263.5 1.7844 0.000774477
  265 264.5 1.78488 0.000774688
  266 265.5 1.77968 0.000772431
  267 266.5 1.78434 0.000774454
  268 267.5 1.7824 0.000773611
  269 268.5 1.78769 0.000775908
  270 269.5 1.77672 0.000771147
  271 270.5 1.76998 0.000768219
  272 271.5 1.78677 0.00077551
  273 272.5 1.79394 0.000778621
  274 273.5 1.78431 0.000774442
  275 274.5 1.79243 0.000777964
  276 275.5 1.79663 0.000779787
  277 276.5 1.78105 0.000773026
  278 277.5 1.78861 0.000776306
  279 278.5 1.80463 0.00078326
  280 279.5 1.80931 0.00078529
  281 280.5 1.79818 0.00078046
  282 281.5 1.7934 0.000778387
  283 282.5 1.78173 0.00077332
  284 283.5 1.78646 0.000775375
  285 284.5 1.77869 0.000772001
  286 285.5 1.76228 0.000764877
  287 286.5 1.75375 0.000761174
  288 287.5 1.74379 0.000756852
  289 288.5 1.73806 0.000754367
  290 289.5 1.72284 0.000747759
  291 290.5 1.72767 0.000749855
  292 291.5 1.71854 0.000745894
  293 292.5 1.7203 0.00074666
  294 293.5 1.70722 0.000740981
  295 294.5 1.69471 0.000735553
  296 295.5 1.69029 0.000733634
  297 296.5 1.6966 0.000736372
  298 297.5 1.70552 0.000740243
  299 298.5 1.71701 0.00074523
  300 299.5 1.72729 0.000749693
  301 300.5 1.71872 0.00074597
  302 301.5 1.70187 0.00073866
  303 302.5 1.70583 0.000740379
  304 303.5 1.70916 0.000741825
  305 304.5 1.71548 0.000744565
  306 305.5 1.71266 0.00074334
  307 306.5 1.69848 0.000737187
  308 307.5 1.68351 0.000730692
  309 308.5 1.68112 0.000729655
  310 309.5 1.69495 0.000735655
  311 310.5 1.68537 0.000731498
  312 311.5 1.67661 0.000727697
  313 312.5 1.67176 0.000725589
  314 313.5 1.68131 0.000729735
  315 314.5 1.67188 0.000725641
  316 315.5 1.6891 0.000733116
  317 316.5 1.68701 0.000732209
  318 317.5 1.6804 0.000729339
  319 318.5 1.66712 0.000723578
  320 319.5 1.64392 0.000713507
  321 320.5 1.65106 0.000716604
  322 321.5 1.64102 0.000712249
  323 322.5 1.63439 0.000709371
  324 323.5 1.63178 0.000708237
  325 324.5 1.61538 0.000701122
  326 325.5 1.61067 0.000699075
  327 326.5 1.59049 0.000690317
  328 327.5 1.59022 0.000690199
  329 328.5 1.59052 0.000690332
  330 329.5 1.58287 0.000687009
  331 330.5 1.58146 0.000686396
  332 331.5 1.57762 0.000684731
  333 332.5 1.58935 0.00068982
  334 333.5 1.59172 0.000690852
  335 334.5 1.59431 0.000691976
  336 335.5 1.5907 0.000690408
  337 336.5 1.59362 0.000691674
  338 337.5 1.60215 0.000695376
  339 338.5 1.60739 0.000697651
  340 339.5 1.59987 0.000694389
  341 340.5 1.60489 0.000696567
  342 341.5 1.60762 0.000697751
  343 342.5 1.60869 0.000698217
  344 343.5 1.59578 0.000692614
  345 344.5 1.59592 0.000692675
  346 345.5 1.60113 0.000694935
  347 346.5 1.58578 0.000688271
  348 347.5 1.58415 0.000687563
  349 348.5 1.56669 0.000679988
  350 349.5 1.56155 0.000677756
  351 350.5 1.56564 0.000679531
  352 351.5 1.55052 0.000672967
  353 352.5 1.54708 0.000671477
  354 353.5 1.54593 0.000670976
  355 354.5 1.52827 0.00066331
  356 355.5 1.51742 0.000658601
  357 356.5 1.51413 0.000657175
  358 357.5 1.50769 0.00065438
  359 358.5 1.50209 0.000651949
  360 359.5 1.50574 0.000653534
  361 360.5 1.50764 0.000654359
  362 361.5 1.50942 0.000655132
  363 362.5 1.49883 0.000650532
  364 363.5 1.49344 0.000648194
  365 364.5 1.50485 0.000653146
  366 365.5 1.51628 0.000658106
  367 366.5 1.51676 0.000658314
  368 367.5 1.52722 0.000662855
  369 368.5 1.53463 0.00066607
  370 369.5 1.55327 0.000674162
  371 370.5 1.57573 0.00068391
  372 371.5 1.59903 0.000694022
  373 372.5 1.59912 0.000694063
  374 373.5 1.61499 0.000700949
  375 374.5 1.64135 0.000712391
  376 375.5 1.66215 0.000721418
  377 376.5 1.68884 0.000733002
  378 377.5 1.74243 0.000756263
  379 378.5 1.80652 0.000784082
  380 379.5 1.87576 0.000814131
  381 380.5 1.9735 0.000856555
  382 381.5 2.1023 0.000912458
  383 382.5 2.28744 0.000992814
  384 383.5 2.52234 0.00109477
  385 384.5 2.84309 0.00123398
  386 385.5 3.29859 0.00143168
  387 386.5 3.90567 0.00169517
  388 387.5 4.72388 0.0020503
  389 388.5 5.73312 0.00248834
  390 389.5 7.02558 0.0030493
  391 390.5 8.59377 0.00372994
  392 391.5 10.3958 0.00451206
  393 392.5 12.3885 0.00537695
  394 393.5 14.4968 0.00629203
  395 394.5 16.6246 0.00721554
  396 395.5 18.6617 0.00809969
  397 396.5 20.5762 0.00893065
  398 397.5 22.2658 0.00966397
  399 398.5 23.7906 0.0103258
  400 399.5 25.0154 0.0108574
  401 400.5 26.0082 0.0112883
  402 401.5 26.7914 0.0116282
  403 402.5 27.4431 0.0119111
  404 403.5 27.914 0.0121155
  405 404.5 28.2326 0.0122537
  406 405.5 28.5686 0.0123996
  407 406.5 28.7379 0.012473
  408 407.5 28.8729 0.0125316
  409 408.5 28.9618 0.0125702
  410 409.5 29.0576 0.0126118
  411 410.5 29.1445 0.0126495
  412 411.5 29.1556 0.0126543
  413 412.5 29.2174 0.0126812
  414 413.5 29.2092 0.0126776
  415 414.5 29.2499 0.0126953
  416 415.5 29.2529 0.0126966
  417 416.5 29.2767 0.0127069
  418 417.5 29.2596 0.0126995
  419 418.5 29.2564 0.0126981
  420 419.5 29.2854 0.0127107
  421 420.5 29.2755 0.0127064
  422 421.5 29.2857 0.0127108
  423 422.5 29.2556 0.0126978
  424 423.5 29.2925 0.0127138
  425 424.5 29.2928 0.0127139
  426 425.5 29.2663 0.0127024
  427 426.5 29.2839 0.01271
  428 427.5 29.2839 0.01271
  429 428.5 29.3006 0.0127173
  430 429.5 29.2812 0.0127088
  431 430.5 29.2872 0.0127115
  432 431.5 29.2841 0.0127101
  433 432.5 29.2668 0.0127026
  434 433.5 29.3034 0.0127185
  435 434.5 29.2852 0.0127106
  436 435.5 29.2829 0.0127096
  437 436.5 29.2978 0.0127161
  438 437.5 29.2827 0.0127095
  439 438.5 29.2985 0.0127164
  440 439.5 29.2384 0.0126903
  441 440.5 29.2779 0.0127074
  442 441.5 29.2497 0.0126952
  443 442.5 29.2127 0.0126791
  444 443.5 29.1903 0.0126694
  445 444.5 29.1856 0.0126674
  446 445.5 29.1754 0.0126629
  447 446.5 29.1775 0.0126638
  448 447.5 29.1567 0.0126548
  449 448.5 29.1617 0.012657
  450 449.5 29.1595 0.012656
  451 450.5 29.1415 0.0126482
  452 451.5 29.1161 0.0126372
  453 452.5 29.1243 0.0126408
  454 453.5 29.1449 0.0126497
  455 454.5 29.154 0.0126536
  456 455.5 29.1197 0.0126387
  457 456.5 29.1528 0.0126531
  458 457.5 29.1608 0.0126566
  459 458.5 29.1349 0.0126454
  460 459.5 29.1189 0.0126384
  461 460.5 29.1712 0.0126611
  462 461.5 29.1545 0.0126539
  463 462.5 29.1109 0.012635
  464 463.5 29.1513 0.0126525
  465 464.5 29.1904 0.0126695
  466 465.5 29.1651 0.0126584
  467 466.5 29.1229 0.0126402
  468 467.5 29.1547 0.012654
  469 468.5 29.1566 0.0126548
  470 469.5 29.1263 0.0126416
  471 470.5 29.1081 0.0126337
  472 471.5 29.1563 0.0126546
  473 472.5 29.1375 0.0126465
  474 473.5 29.1455 0.01265
  475 474.5 29.1261 0.0126415
  476 475.5 29.1482 0.0126511
  477 476.5 29.1222 0.0126398
  478 477.5 29.073 0.0126185
  479 478.5 29.1257 0.0126414
  480 479.5 29.1071 0.0126333
30000000 480 5228.999999999998
  1 0.5 29.3692 0.012747
  2 1.5 29.3962 0.0127588
  3 2.5 29.3491 0.0127383
  4 3.5 29.3603 0.0127432
  5 4.5 29.3817 0.0127525
  6 5.5 29.3525 0.0127398
  7 6.5 29.3503 0.0127388
  8 7.5 29.3431 0.0127357
  9 8.5 29.3479 0.0127378
  10 9.5 29.3614 0.0127437
  11 10.5 29.3218 0.0127265
  12 11.5 29.289 0.0127122
  13 12.5 29.325 0.0127279
  14 13.5 29.33 0.01273
  15 14.5 29.2473 0.0126941
  16 15.5 29.3066 0.0127199
  17 16.5 29.2959 0.0127152
  18 17.5 29.2583 0.0126989
  19 18.5 29.2552 0.0126976
  20 19.5 29.3189 0.0127252
  21 20.5 29.2989 0.0127166
  22 21.5 29.3028 0.0127182
  23 22.5 29.2763 0.0127067
  24 23.5 29.2715 0.0127047
  25 24.5 29.2659 0.0127022
  26 25.5 29.2355 0.012689
  27 26.5 29.2713 0.0127045
  28 27.5 29.2522 0.0126963
  29 28.5 29.2368 0.0126896
  30 29.5 29.2491 0.0126949
  31 30.5 29.2334 0.0126881
  32 31.5 29.2735 0.0127055
  33 32.5 29.2436 0.0126926
  34 33.5 29.2397 0.0126908
  35 34.5 29.2667 0.0127026
  36 35.5 29.2788 0.0127078
  37 36.5 29.2679 0.0127031
  38 37.5 29.2566 0.0126982
  39 38.5 29.284 0.0127101
  40 39.5 29.2736 0.0127056
  41 40.5 29.2616 0.0127003
  42 41.5 29.2805 0.0127086
  43 42.5 29.2695 0.0127038
  44 43.5 29.308 0.0127205
  45 44.5 29.2954 0.012715
  46 45.5 29.3125 0.0127224
  47 46.5 29.275 0.0127062
  48 47.5 29.2855 0.0127107
  49 48.5 29.3048 0.0127191
  50 49.5 29.3159 0.0127239
  51 50.5 29.2633 0.0127011
  52 51.5 29.2854 0.0127107
  53 52.5 29.2498 0.0126952
  54 53.5 29.2606 0.0126999
  55 54.5 29.2656 0.0127021
  56 55.5 29.2354 0.012689
  57 56.5 29.1673 0.0126594
  58 57.5 29.1618 0.012657
  59 58.5 29.1608 0.0126566
  60 59.5 29.105 0.0126324
  61 60.5 29.0577 0.0126118
  62 61.5 29.012 0.012592
  63 62.5 28.9411 0.0125613
  64 63.5 28.8398 0.0125173
  65 64.5 28.7468 0.0124769
  66 65.5 28.5957 0.0124113
  67 66.5 28.36 0.012309
  68 67.5 28.1154 0.0122029
  69 68.5 27.7924 0.0120627
  70 69.5 27.399 0.0118919
  71 70.5 26.9015 0.011676
  72 71.5 26.2632 0.011399
  73 72.5 25.4596 0.0110502
  74 73.5 24.3671 0.010576
  75 74.5 23.1432 0.0100448
  76 75.5 21.6257 0.00938616
  77 76.5 19.8355 0.00860917
  78 77.5 17.8274 0.00773757
  79 78.5 15.7076 0.00681751
  80 79.5 13.4736 0.00584794
  81 80.5 11.2701 0.00489155
  82 81.5 9.19894 0.0039926
  83 82.5 7.3421 0.00318668
  84 83.5 5.77551 0.00250673
  85 84.5 4.51126 0.00195801
  86 85.5 3.52893 0.00153166
  87 86.5 2.79051 0.00121116
  88 87.5 2.25412 0.00097835
  89 88.5 1.88694 0.000818983
  90 89.5 1.62241 0.000704173
  91 90.5 1.44493 0.000627141
  92 91.5 1.32825 0.000576497
  93 92.5 1.24062 0.000538465
  94 93.5 1.17908 0.000511752
  95 94.5 1.13264 0.000491595
  96 95.5 1.10381 0.000479084
  97 96.5 1.09248 0.000474165
  98 97.5 1.08056 0.000468993
  99 98.5 1.07341 0.000465891
  100 99.5 1.0618 0.00046085
  101 100.5 1.05999 0.000460066
  102 101.5 1.05551 0.000458122
  103 102.5 1.05482 0.000457823
  104 103.5 1.05575 0.000458225
  105 104.5 1.04962 0.000455566
  106 105.5 1.05377 0.000457366
  107 106.5 1.05065 0.000456013
  108 107.5 1.0478 0.000454775
  109 108.5 1.04887 0.00045524
  110 109.5 1.04693 0.000454395
  111 110.5 1.04408 0.00045316
  112 111.5 1.04387 0.000453069
  113 112.5 1.04917 0.000455371
  114 113.5 1.04555 0.000453797
  115 114.5 1.05233 0.000456739
  116 115.5 1.04722 0.000454522
  117 116.5 1.04368 0.000452984
  118 117.5 1.04634 0.000454139
  119 118.5 1.0462 0.000454082
  120 119.5 1.05077 0.000456062
  121 120.5 1.04815 0.000454927
  122 121.5 1.0492 0.000455384
  123 122.5 1.04395 0.000453102
  124 123.5 1.04449 0.000453339
  125 124.5 1.05136 0.000456319
  126 125.5 1.05558 0.00045815
  127 126.5 1.05627 0.00045845
  128 127.5 1.06182 0.000460859
  129 128.5 1.05579 0.000458242
  130 129.5 1.05326 0.000457142
  131 130.5 1.05744 0.000458957
  132 131.5 1.05705 0.00045879
  133 132.5 1.06035 0.00046022
  134 133.5 1.05385 0.0004574
  135 134.5 1.05825 0.00045931
  136 135.5 1.04864 0.000455138
  137 136.5 1.05457 0.000457711
  138 137.5 1.05323 0.000457131
  139 138.5 1.05224 0.0004567
  140 139.5 1.05494 0.000457874
  141 140.5 1.05863 0.000459475
  142 141.5 1.05296 0.000457016
  143 142.5 1.06157 0.000460749
  144 143.5 1.06121 0.000460594
  145 144.5 1.05269 0.000456897
  146 145.5 1.06463 0.000462078
  147 146.5 1.05805 0.000459223
  148 147.5 1.06077 0.000460405
  149 148.5 1.06022 0.000460165
  150 149.5 1.04878 0.000455198
  151 150.5 1.0473 0.000454558
  152 151.5 1.04069 0.000451689
  153 152.5 1.04467 0.000453415
  154 153.5 1.04507 0.00045359
  155 154.5 1.05343 0.000457216
  156 155.5 1.05341 0.000457209
  157 156.5 1.05824 0.000459306
  158 157.5 1.06181 0.000460854
  159 158.5 1.05297 0.000457016
  160 159.5 1.05012 0.000455782
  161 160.5 1.0502 0.000455815
  162 161.5 1.05105 0.000456185
  163 162.5 1.04939 0.000455464
  164 163.5 1.04455 0.000453365
  165 164.5 1.04659 0.000454247
  166 165.5 1.04593 0.000453961
  167 166.5 1.04782 0.000454781
  168 167.5 1.04382 0.000453047
  169 168.5 1.04235 0.000452408
  170 169.5 1.04551 0.00045378
  171 170.5 1.04768 0.000454721
  172 171.5 1.05973 0.000459953
  173 172.5 1.05604 0.000458349
  174 173.5 1.05439 0.000457636
  175 174.5 1.04564 0.000453836
  176 175.5 1.04998 0.000455721
  177 176.5 1.04206 0.000452284
  178 177.5 1.04455 0.000453365
  179 178.5 1.05022 0.000455825
  180 179.5 1.05353 0.000457263
  181 180.5 1.05325 0.000457138
  182 181.5 1.04323 0.000452789
  183 182.5 1.05113 0.00045622
  184 183.5 1.05117 0.000456236
  185 184.5 1.0541 0.000457508
  186 185.5 1.05727 0.000458885
  187 186.5 1.0575 0.000458985
  188 187.5 1.0565 0.000458551
  189 188.5 1.05759 0.000459024
  190 189.5 1.05451 0.000457687
  191 190.5 1.05648 0.000458543
  192 191.5 1.0531 0.000457074
  193 192.5 1.05167 0.000456456
  194 193.5 1.0558 0.000458245
  195 194.5 1.05931 0.000459771
  196 195.5 1.06019 0.000460153
  197 196.5 1.05565 0.000458181
  198 197.5 1.05078 0.000456066
  199 198.5 1.05141 0.000456343
  200 199.5 1.05328 0.000457153
  201 200.5 1.05669 0.000458632
  202 201.5 1.0549 0.000457854
  203 202.5 1.06087 0.000460445
  204 203.5 1.05985 0.000460006
  205 204.5 1.05783 0.000459128
  206 205.5 1.05814 0.00045926
  207 206.5 1.0562 0.00045842
  208 207.5 1.0575 0.000458983
  209 208.5 1.06468 0.0004621
  210 209.5 1.06207 0.000460966
  211 210.5 1.06554 0.000462476
  212 211.5 1.06142 0.000460685
  213 212.5 1.07009 0.000464451
  214 213.5 1.0749 0.000466535
  215 214.5 1.07777 0.000467782
  216 215.5 1.0879 0.000472179
  217 216.5 1.10397 0.000479154
  218 217.5 1.12415 0.000487914
  219 218.5 1.15265 0.000500284
  220 219.5 1.18965 0.000516339
  221 220.5 1.23938 0.000537927
  222 221.5 1.31598 0.00057117
  223 222.5 1.43215 0.000621592
  224 223.5 1.58598 0.000688358
  225 224.5 1.81521 0.000787852
  226 225.5 2.14605 0.000931444
  227 226.5 2.58823 0.00112336
  228 227.5 3.17982 0.00138013
  229 228.5 3.93867 0.00170949
  230 229.5 4.85675 0.00210797
  231 230.5 5.87695 0.00255076
  232 231.5 6.97854 0.00302888
  233 232.5 8.00635 0.00347498
  234 233.5 8.84851 0.0038405
  235 234.5 9.41006 0.00408423
  236 235.5 9.58931 0.00416203
  237 236.5 9.37392 0.00406854
  238 237.5 8.78756 0.00381404
  239 238.5 7.97878 0.00346301
  240 239.5 6.98698 0.00303255
  241 240.5 5.9952 0.00260209
  242 241.5 5.08443 0.00220678
  243 242.5 4.29808 0.00186549
  244 243.5 3.65512 0.00158642
  245 244.5 3.16745 0.00137476
  246 245.5 2.78707 0.00120966
  247 246.5 2.49353 0.00108226
  248 247.5 2.27355 0.000986786
  249 248.5 2.11131 0.000916366
  250 249.5 2.00036 0.000868214
  251 250.5 1.91724 0.000832137
  252 251.5 1.86622 0.00080999
  253 252.5 1.82192 0.000790762
  254 253.5 1.80918 0.000785234
  255 254.5 1.80074 0.000781572
  256 255.5 1.77112 0.000768717
  257 256.5 1.75887 0.0007634
  258 257.5 1.75693 0.000762556
  259 258.5 1.74987 0.000759491
  260 259.5 1.73473 0.000752923
  261 260.5 1.72842 0.000750184
  262 261.5 1.73076 0.000751198
  263 262.5 1.72899 0.000750429
  264 263.5 1.71196 0.000743038
  265 264.5 1.71557 0.000744606
  266 265.5 1.73311 0.000752218
  267 266.5 1.75221 0.000760507
  268 267.5 1.76481 0.000765976
  269 268.5 1.75648 0.000762359
  270 269.5 1.7597 0.00076376
  271 270.5 1.77965 0.000772416
  272 271.5 1.7941 0.000778689
  273 272.5 1.79657 0.00077976
  274 273.5 1.80712 0.000784341
  275 274.5 1.79285 0.000778147
  276 275.5 1.78224 0.000773543
  277 276.5 1.77932 0.000772275
  278 277.5 1.77718 0.000771345
  279 278.5 1.77081 0.000768582
  280 279.5 1.77252 0.000769322
  281 280.5 1.77029 0.000768353
  282 281.5 1.76841 0.000767537
  283 282.5 1.76517 0.000766131
  284 283.5 1.77094 0.000768637
  285 284.5 1.77445 0.00077016
  286 285.5 1.76933 0.00076794
  287 286.5 1.75832 0.00076316
  288 287.5 1.76341 0.00076537
  289 288.5 1.75928 0.000763576
  290 289.5 1.74575 0.000757702
  291 290.5 1.73841 0.000754517
  292 291.5 1.74195 0.000756054
  293 292.5 1.73609 0.000753511
  294 293.5 1.73834 0.000754486
  295 294.5 1.7503 0.000759679
  296 295.5 1.75896 0.000763438
  297 296.5 1.77313 0.000769586
  298 297.5 1.7656 0.000766319
  299 298.5 1.76968 0.000768091
  300 299.5 1.77061 0.000768493
  301 300.5 1.76029 0.000764014
  302 301.5 1.76368 0.000765486
  303 302.5 1.75523 0.000761818
  304 303.5 1.75719 0.000762671
  305 304.5 1.75443 0.000761473
  306 305.5 1.74003 0.000755223
  307 306.5 1.72627 0.000749249
  308 307.5 1.73031 0.000751001
  309 308.5 1.72956 0.000750676
  310 309.5 1.72494 0.000748672
  311 310.5 1.7346 0.000752866
  312 311.5 1.74036 0.000755363
  313 312.5 1.74894 0.000759087
  314 313.5 1.75112 0.000760036
  315 314.5 1.75522 0.000761816
  316 315.5 1.76058 0.000764141
  317 316.5 1.75589 0.000762105
  318 317.5 1.74671 0.000758121
  319 318.5 1.74019 0.00075529
  320 319.5 1.74283 0.000756438
  321 320.5 1.74388 0.000756892
  322 321.5 1.74552 0.000757602
  323 322.5 1.74945 0.000759308
  324 323.5 1.75813 0.000763076
  325 324.5 1.76939 0.000767964
  326 325.5 1.76596 0.000766476
  327 326.5 1.7678 0.000767274
  328 327.5 1.77747 0.00077147
  329 328.5 1.78244 0.000773628
  330 329.5 1.78823 0.000776143
  331 330.5 1.78798 0.000776035
  332 331.5 1.78368 0.000774168
  333 332.5 1.79655 0.000779753
  334 333.5 1.80922 0.000785253
  335 334.5 1.81432 0.000787467
  336 335.5 1.81659 0.00078845
  337 336.5 1.8232 0.000791319
  338 337.5 1.82637 0.000792697
  339 338.5 1.81951 0.00078972
  340 339.5 1.83379 0.000795914
  341 340.5 1.84308 0.000799947
  342 341.5 1.84833 0.000802226
  343 342.5 1.84702 0.000801659
  344 343.5 1.83776 0.000797639
  345 344.5 1.83084 0.000794637
  346 345.5 1.82427 0.000791783
  347 346.5 1.8068 0.000784201
  348 347.5 1.78299 0.000773869
  349 348.5 1.78528 0.000774863
  350 349.5 1.7817 0.000773307
  351 350.5 1.78763 0.000775882
  352 351.5 1.79667 0.000779805
  353 352.5 1.80687 0.000784233
  354 353.5 1.80503 0.000783434
  355 354.5 1.80897 0.000785142
  356 355.5 1.79671 0.00077982
  357 356.5 1.80748 0.000784497
  358 357.5 1.81357 0.000787141
  359 358.5 1.80987 0.000785532
  360 359.5 1.80306 0.000782577
  361 360.5 1.81171 0.000786331
  362 361.5 1.81096 0.000786007
  363 362.5 1.81428 0.000787449
  364 363.5 1.80288 0.0007825
  365 364.5 1.80555 0.000783659
  366 365.5 1.81975 0.000789823
  367 366.5 1.81161 0.000786287
  368 367.5 1.81745 0.000788826
  369 368.5 1.83278 0.000795479
  370 369.5 1.83784 0.000797673
  371 370.5 1.83611 0.000796924
  372 371.5 1.83991 0.000798572
  373 372.5 1.85292 0.00080422
  374 373.5 1.83732 0.000797448
  375 374.5 1.83876 0.000798072
  376 375.5 1.84822 0.000802181
  377 376.5 1.8518 0.000803731
  378 377.5 1.85644 0.000805747
  379 378.5 1.8587 0.000806726
  380 379.5 1.87235 0.000812653
  381 380.5 1.88545 0.000818336
  382 381.5 1.90847 0.000828327
  383 382.5 1.9216 0.00083403
  384 383.5 1.94416 0.000843819
  385 384.5 2.00418 0.000869868
  386 385.5 2.08403 0.000904525
  387 386.5 2.18487 0.000948294
  388 387.5 2.32173 0.00100769
  389 388.5 2.53504 0.00110028
  390 389.5 2.84231 0.00123364
  391 390.5 3.24444 0.00140818
  392 391.5 3.81386 0.00165532
  393 392.5 4.58389 0.00198953
  394 393.5 5.59123 0.00242675
  395 394.5 6.87687 0.00298475
  396 395.5 8.42931 0.00365855
  397 396.5 10.2139 0.00443311
  398 397.5 12.2075 0.00529839
  399 398.5 14.3899 0.00624562
  400 399.5 16.6408 0.00722257
  401 400.5 18.7354 0.00813168
  402 401.5 20.7359 0.00899995
  403 402.5 22.4923 0.00976228
  404 403.5 24.022 0.0104262
  405 404.5 25.2633 0.010965
  406 405.5 26.2799 0.0114062
  407 406.5 27.0207 0.0117277
  408 407.5 27.6193 0.0119875
  409 408.5 28.0539 0.0121762
  410 409.5 28.4124 0.0123318
  411 410.5 28.6448 0.0124326
  412 411.5 28.8405 0.0125176
  413 412.5 28.9547 0.0125671
  414 413.5 29.1174 0.0126377
  415 414.5 29.1657 0.0126587
  416 415.5 29.1769 0.0126636
  417 416.5 29.2783 0.0127076
  418 417.5 29.3528 0.0127399
  419 418.5 29.3218 0.0127265
  420 419.5 29.3404 0.0127346
  421 420.5 29.4056 0.0127628
  422 421.5 29.4254 0.0127714
  423 422.5 29.3985 0.0127598
  424 423.5 29.4215 0.0127698
  425 424.5 29.4594 0.0127862
  426 425.5 29.4636 0.012788
  427 426.5 29.4478 0.0127811
  428 427.5 29.4382 0.012777
  429 428.5 29.4447 0.0127798
  430 429.5 29.4334 0.0127749
  431 430.5 29.4408 0.0127781
  432 431.5 29.4554 0.0127845
  433 432.5 29.4516 0.0127828
  434 433.5 29.459 0.012786
  435 434.5 29.4446 0.0127798
  436 435.5 29.4456 0.0127802
  437 436.5 29.4608 0.0127868
  438 437.5 29.461 0.0127869
  439 438.5 29.4557 0.0127846
  440 439.5 29.4178 0.0127682
  441 440.5 29.4311 0.0127739
  442 441.5 29.4359 0.012776
  443 442.5 29.4232 0.0127705
  444 443.5 29.4169 0.0127678
  445 444.5 29.3929 0.0127574
  446 445.5 29.3702 0.0127475
  447 446.5 29.3522 0.0127397
  448 447.5 29.3582 0.0127423
  449 448.5 29.364 0.0127448
  450 449.5 29.3349 0.0127322
  451 450.5 29.3668 0.012746
  452 451.5 29.3464 0.0127372
  453 452.5 29.3727 0.0127486
  454 453.5 29.3728 0.0127486
  455 454.5 29.3918 0.0127568
  456 455.5 29.3818 0.0127525
  457 456.5 29.3813 0.0127523
  458 457.5 29.3975 0.0127593
  459 458.5 29.4111 0.0127652
  460 459.5 29.4351 0.0127756
  461 460.5 29.3939 0.0127578
  462 461.5 29.4195 0.0127689
  463 462.5 29.4373 0.0127766
  464 463.5 29.4084 0.0127641
  465 464.5 29.4155 0.0127671
  466 465.5 29.4149 0.0127669
  467 466.5 29.4116 0.0127654
  468 467.5 29.3949 0.0127582
  469 468.5 29.4556 0.0127845
  470 469.5 29.4031 0.0127618
  471 470.5 29.3743 0.0127493
  472 471.5 29.4484 0.0127814
  473 472.5 29.4154 0.0127671
  474 473.5 29.3779 0.0127508
  475 474.5 29.4083 0.012764
  476 475.5 29.4079 0.0127639
  477 476.5 29.3759 0.01275
  478 477.5 29.3912 0.0127566
  479 478.5 29.3903 0.0127562
  480 479.5 29.3804 0.0127519
40000000 480 5229
  1 0.5 29.5386 0.0128206
  2 1.5 29.5135 0.0128097
  3 2.5 29.5539 0.0128272
  4 3.5 29.5685 0.0128336
  5 4.5 29.4917 0.0128002
  6 5.5 29.5247 0.0128145
  7 6.5 29.5648 0.012832
  8 7.5 29.5491 0.0128251
  9 8.5 29.5269 0.0128155
  10 9.5 29.5416 0.0128219
  11 10.5 29.5847 0.0128406
  12 11.5 29.5387 0.0128206
  13 12.5 29.5749 0.0128363
  14 13.5 29.5792 0.0128382
  15 14.5 29.6016 0.0128479
  16 15.5 29.5854 0.0128409
  17 16.5 29.5848 0.0128406
  18 17.5 29.591 0.0128433
  19 18.5 29.6042 0.0128491
  20 19.5 29.5713 0.0128347
  21 20.5 29.5286 0.0128162
  22 21.5 29.5523 0.0128265
  23 22.5 29.5645 0.0128318
  24 23.5 29.5769 0.0128372
  25 24.5 29.511 0.0128086
  26 25.5 29.552 0.0128264
  27 26.5 29.5768 0.0128372
  28 27.5 29.5213 0.0128131
  29 28.5 29.468 0.0127899
  30 29.5 29.486 0.0127977
  31 30.5 29.5191 0.0128121
  32 31.5 29.4984 0.0128031
  33 32.5 29.4708 0.0127911
  34 33.5 29.4712 0.0127913
  35 34.5 29.4904 0.0127997
  36 35.5 29.4791 0.0127947
  37 36.5 29.4663 0.0127892
  38 37.5 29.4945 0.0128014
  39 38.5 29.4774 0.012794
  40 39.5 29.4521 0.012783
  41 40.5 29.4541 0.0127839
  42 41.5 29.4601 0.0127865
  43 42.5 29.4574 0.0127853
  44 43.5 29.4364 0.0127762
  45 44.5 29.4735 0.0127923
  46 45.5 29.4478 0.0127812
  47 46.5 29.3836 0.0127533
  48 47.5 29.4048 0.0127625
  49 48.5 29.472 0.0127917
  50 49.5 29.3928 0.0127573
  51 50.5 29.371 0.0127478
  52 51.5 29.4175 0.012768
  53 52.5 29.3796 0.0127516
  54 53.5 29.3475 0.0127376
  55 54.5 29.3536 0.0127403
  56 55.5 29.333 0.0127313
  57 56.5 29.3001 0.0127171
  58 57.5 29.2957 0.0127151
  59 58.5 29.2844 0.0127102
  60 59.5 29.2728 0.0127052
  61 60.5 29.2331 0.012688
  62 61.5 29.166 0.0126589
  63 62.5 29.1556 0.0126543
  64 63.5 29.0194 0.0125952
  65 64.5 28.9125 0.0125488
  66 65.5 28.8243 0.0125105
  67 66.5 28.6557 0.0124374
  68 67.5 28.3881 0.0123212
  69 68.5 28.1355 0.0122116
  70 69.5 27.7908 0.012062
  71 70.5 27.3011 0.0118495
  72 71.5 26.6628 0.0115724
  73 72.5 25.8589 0.0112235
  74 73.5 24.9131 0.010813
  75 74.5 23.7486 0.0103075
  76 75.5 22.3209 0.00968788
  77 76.5 20.6499 0.00896262
  78 77.5 18.7782 0.00815026
  79 78.5 16.7585 0.00727366
  80 79.5 14.6085 0.00634051
  81 80.5 12.502 0.00542623
  82 81.5 10.4864 0.00455137
  83 82.5 8.60834 0.00373626
  84 83.5 6.92546 0.00300584
  85 84.5 5.53969 0.00240438
  86 85.5 4.39755 0.00190866
  87 86.5 3.50338 0.00152057
  88 87.5 2.80956 0.00121943
  89 88.5 2.27843 0.000988904
  90 89.5 1.92518 0.000835581
  91 90.5 1.66458 0.000722473
  92 91.5 1.47314 0.000639385
  93 92.5 1.34144 0.00058222
  94 93.5 1.24741 0.000541412
  95 94.5 1.19859 0.000520222
  96 95.5 1.15635 0.000501886
  97 96.5 1.12803 0.000489595
  98 97.5 1.11032 0.000481909
  99 98.5 1.09513 0.000475315
  100 99.5 1.08856 0.000472467
  101 100.5 1.07621 0.000467104
  102 101.5 1.07238 0.000465442
  103 102.5 1.07833 0.000468026
  104 103.5 1.07658 0.000467266
  105 104.5 1.06997 0.000464398
  106 105.5 1.07264 0.000465557
  107 106.5 1.07375 0.000466037
  108 107.5 1.07347 0.000465914
  109 108.5 1.07002 0.00046442
  110 109.5 1.07307 0.000465743
  111 110.5 1.07225 0.000465386
  112 111.5 1.07654 0.000467248
  113 112.5 1.07494 0.000466555
  114 113.5 1.07404 0.000466161
  115 114.5 1.06216 0.000461009
  116 115.5 1.06373 0.000461687
  117 116.5 1.05711 0.000458813
  118 117.5 1.06084 0.000460435
  119 118.5 1.0614 0.000460677
  120 119.5 1.06858 0.000463793
  121 120.5 1.07649 0.000467226
  122 121.5 1.07623 0.000467114
  123 122.5 1.06949 0.000464188
  124 123.5 1.06996 0.000464391
  125 124.5 1.07444 0.000466335
  126 125.5 1.0689 0.000463931
  127 126.5 1.07251 0.000465498
  128 127.5 1.07437 0.000466308
  129 128.5 1.07782 0.000467805
  130 129.5 1.07603 0.000467027
  131 130.5 1.07617 0.000467089
  132 131.5 1.07651 0.000467235
  133 132.5 1.07982 0.000468674
  134 133.5 1.08619 0.000471438
  135 134.5 1.08697 0.000471775
  136 135.5 1.0874 0.00047196
  137 136.5 1.08684 0.00047172
  138 137.5 1.08737 0.000471948
  139 138.5 1.08506 0.000470946
  140 139.5 1.09044 0.000473282
  141 140.5 1.09242 0.000474142
  142 141.5 1.09378 0.00047473
  143 142.5 1.09771 0.000476435
  144 143.5 1.09252 0.000474184
  145 144.5 1.09358 0.000474646
  146 145.5 1.08437 0.000470648
  147 146.5 1.08189 0.000469569
  148 147.5 1.08294 0.000470027
  149 148.5 1.08542 0.000471102
  150 149.5 1.08629 0.000471478
  151 150.5 1.08539 0.00047109
  152 151.5 1.08204 0.000469634
  153 152.5 1.0846 0.000470748
  154 153.5 1.07812 0.000467936
  155 154.5 1.07401 0.000466151
  156 155.5 1.07407 0.000466174
  157 156.5 1.07965 0.000468596
  158 157.5 1.07225 0.000465385
  159 158.5 1.07515 0.000466643
  160 159.5 1.07649 0.000467227
  161 160.5 1.07573 0.000466898
  162 161.5 1.0767 0.000467319
  163 162.5 1.07519 0.000466661
  164 163.5 1.06816 0.00046361
  165 164.5 1.07145 0.00046504
  166 165.5 1.07999 0.000468744
  167 166.5 1.08331 0.000470188
  168 167.5 1.08181 0.000469536
  169 168.5 1.08487 0.000470862
  170 169.5 1.08312 0.000470106
  171 170.5 1.07789 0.000467836
  172 171.5 1.07544 0.000466769
  173 172.5 1.07864 0.000468159
  174 173.5 1.08257 0.000469865
  175 174.5 1.08661 0.00047162
  176 175.5 1.08734 0.000471938
  177 176.5 1.09087 0.00047347
  178 177.5 1.09087 0.000473466
  179 178.5 1.08878 0.000472562
  180 179.5 1.08571 0.00047123
  181 180.5 1.0853 0.000471049
  182 181.5 1.08108 0.00046922
  183 182.5 1.08848 0.000472431
  184 183.5 1.07512 0.000466632
  185 184.5 1.07706 0.000467473
  186 185.5 1.07203 0.000465291
  187 186.5 1.07628 0.000467137
  188 187.5 1.06799 0.000463539
  189 188.5 1.07176 0.000465173
  190 189.5 1.07345 0.000465908
  191 190.5 1.06283 0.000461299
  192 191.5 1.06164 0.000460781
  193 192.5 1.05959 0.000459891
  194 193.5 1.05006 0.000455753
  195 194.5 1.05439 0.000457634
  196 195.5 1.05495 0.000457879
  197 196.5 1.04938 0.000455461
  198 197.5 1.05139 0.000456331
  199 198.5 1.04828 0.000454984
  200 199.5 1.0643 0.000461935
  201 200.5 1.07082 0.000464767
  202 201.5 1.06303 0.000461386
  203 202.5 1.05887 0.000459579
  204 203.5 1.06361 0.000461635
  205 204.5 1.06156 0.000460748
  206 205.5 1.05953 0.000459867
  207 206.5 1.07362 0.000465982
  208 207.5 1.07895 0.000468295
  209 208.5 1.07592 0.000466977
  210 209.5 1.08208 0.000469655
  211 210.5 1.08228 0.00046974
  212 211.5 1.085 0.000470922
  213 212.5 1.0888 0.000472571
  214 213.5 1.09955 0.000477234
  215 214.5 1.10224 0.000478402
  216 215.5 1.09956 0.000477241
  217 216.5 1.11406 0.000483535
  218 217.5 1.13589 0.000493008
  219 218.5 1.15834 0.000502753
  220 219.5 1.19433 0.000518372
  221 220.5 1.2436 0.000539758
  222 221.5 1.3215 0.000573566
  223 222.5 1.40886 0.000611484
  224 223.5 1.55899 0.000676646
  225 224.5 1.77566 0.000770687
  226 225.5 2.07067 0.000898727
  227 226.5 2.48103 0.00107684
  228 227.5 3.02415 0.00131256
  229 228.5 3.72429 0.00161644
  230 229.5 4.59121 0.00199271
  231 230.5 5.57976 0.00242177
  232 231.5 6.65355 0.00288783
  233 232.5 7.72201 0.00335157
  234 233.5 8.6744 0.00376493
  235 234.5 9.41853 0.0040879
  236 235.5 9.86138 0.00428011
  237 236.5 9.92787 0.00430897
  238 237.5 9.64224 0.004185
  239 238.5 9.05485 0.00393006
  240 239.5 8.21431 0.00356524
  241 240.5 7.25334 0.00314815
  242 241.5 6.27525 0.00272363
  243 242.5 5.36961 0.00233056
  244 243.5 4.58681 0.0019908
  245 244.5 3.91515 0.00169928
  246 245.5 3.36407 0.0014601
  247 246.5 2.93132 0.00127227
  248 247.5 2.60313 0.00112983
  249 248.5 2.35838 0.0010236
  250 249.5 2.16948 0.000941616
  251 250.5 2.01749 0.000875645
  252 251.5 1.91578 0.000831502
  253 252.5 1.8256 0.000792362
  254 253.5 1.75632 0.000762293
  255 254.5 1.71059 0.000742444
  256 255.5 1.67558 0.000727248
  257 256.5 1.64491 0.000713935
  258 257.5 1.6187 0.000702562
  259 258.5 1.60817 0.000697992
  260 259.5 1.61013 0.000698841
  261 260.5 1.59907 0.000694042
  262 261.5 1.5978 0.00069349
  263 262.5 1.59171 0.000690845
  264 263.5 1.60076 0.000694774
  265 264.5 1.61058 0.000699036
  266 265.5 1.61308 0.000700123
  267 266.5 1.60977 0.000698684
  268 267.5 1.6086 0.000698175
  269 268.5 1.60734 0.000697631
  270 269.5 1.61329 0.000700213
  271 270.5 1.62754 0.000706396
  272 271.5 1.6472 0.00071493
  273 272.5 1.64401 0.000713546
  274 273.5 1.63947 0.000711574
  275 274.5 1.65859 0.000719874
  276 275.5 1.68062 0.000729434
  277 276.5 1.69613 0.000736166
  278 277.5 1.68771 0.000732511
  279 278.5 1.6841 0.000730946
  280 279.5 1.68785 0.000732572
  281 280.5 1.69686 0.000736484
  282 281.5 1.7101 0.00074223
  283 282.5 1.70849 0.00074153
  284 283.5 1.70526 0.00074013
  285 284.5 1.70391 0.000739543
  286 285.5 1.69318 0.000734888
  287 286.5 1.68331 0.000730602
  288 287.5 1.70264 0.000738994
  289 288.5 1.71042 0.000742369
  290 289.5 1.69755 0.000736786
  291 290.5 1.68872 0.000732951
  292 291.5 1.67953 0.000728964
  293 292.5 1.68441 0.00073108
  294 293.5 1.67887 0.000728675
  295 294.5 1.68417 0.000730978
  296 295.5 1.684 0.000730905
  297 296.5 1.68342 0.000730651
  298 297.5 1.69307 0.000734839
  299 298.5 1.70273 0.000739033
  300 299.5 1.70693 0.000740853
  301 300.5 1.70766 0.000741174
  302 301.5 1.71035 0.000742338
  303 302.5 1.71533 0.000744503
  304 303.5 1.70778 0.000741226
  305 304.5 1.71072 0.000742502
  306 305.5 1.71916 0.000746163
  307 306.5 1.72113 0.000747017
  308 307.5 1.71588 0.000744739
  309 308.5 1.70234 0.000738863
  310 309.5 1.67536 0.000727152
  311 310.5 1.66725 0.000723631
  312 311.5 1.67432 0.000726701
  313 312.5 1.67339 0.000726299
  314 313.5 1.68236 0.000730191
  315 314.5 1.6921 0.000734417
  316 315.5 1.70385 0.000739519
  317 316.5 1.70791 0.00074128
  318 317.5 1.68662 0.000732041
  319 318.5 1.68427 0.00073102
  320 319.5 1.67287 0.000726072
  321 320.5 1.66605 0.00072311
  322 321.5 1.65299 0.000717443
  323 322.5 1.65889 0.000720005
  324 323.5 1.64719 0.000714928
  325 324.5 1.63938 0.000711536
  326 325.5 1.64142 0.00071242
  327 326.5 1.63806 0.000710964
  328 327.5 1.63656 0.000710314
  329 328.5 1.62671 0.000706037
  330 329.5 1.62654 0.000705963
  331 330.5 1.61573 0.000701273
  332 331.5 1.61933 0.000702836
  333 332.5 1.62961 0.000707297
  334 333.5 1.6277 0.000706466
  335 334.5 1.63381 0.000709119
  336 335.5 1.63586 0.000710009
  337 336.5 1.62032 0.000703266
  338 337.5 1.61775 0.00070215
  339 338.5 1.6279 0.000706555
  340 339.5 1.62892 0.000706997
  341 340.5 1.62752 0.000706388
  342 341.5 1.62122 0.000703655
  343 342.5 1.63117 0.000707972
  344 343.5 1.63666 0.000710356
  345 344.5 1.64331 0.00071324
  346 345.5 1.64157 0.000712489
  347 346.5 1.64136 0.000712396
  348 347.5 1.62608 0.000705766
  349 348.5 1.61524 0.000701058
  350 349.5 1.61672 0.000701702
  351 350.5 1.62613 0.000705785
  352 351.5 1.63198 0.000708326
  353 352.5 1.64288 0.000713054
  354 353.5 1.64693 0.000714812
  355 354.5 1.63533 0.00070978
  356 355.5 1.64094 0.000712212
  357 356.5 1.64421 0.000713631
  358 357.5 1.64694 0.000714818
  359 358.5 1.65212 0.000717068
  360 359.5 1.6541 0.000717925
  361 360.5 1.65625 0.000718858
  362 361.5 1.67778 0.000728201
  363 362.5 1.68539 0.000731505
  364 363.5 1.68217 0.000730109
  365 364.5 1.6632 0.000721877
  366 365.5 1.64452 0.000713769
  367 366.5 1.64798 0.000715268
  368 367.5 1.64505 0.000713997
  369 368.5 1.63958 0.000711622
  370 369.5 1.64075 0.000712133
  371 370.5 1.62583 0.000705655
  372 371.5 1.6202 0.00070321
  373 372.5 1.63668 0.000710366
  374 373.5 1.63889 0.000711326
  375 374.5 1.61999 0.000703122
  376 375.5 1.64091 0.000712202
  377 376.5 1.65076 0.000716474
  378 377.5 1.63858 0.000711188
  379 378.5 1.65127 0.000716699
  380 379.5 1.66483 0.000722581
  381 380.5 1.67103 0.000725275
  382 381.5 1.67431 0.000726698
  383 382.5 1.69305 0.000734831
  384 383.5 1.73284 0.000752101
  385 384.5 1.78138 0.000773169
  386 385.5 1.83451 0.00079623
  387 386.5 1.90764 0.00082797
  388 387.5 2.01956 0.000876544
  389 388.5 2.17778 0.000945218
  390 389.5 2.39759 0.00104062
  391 390.5 2.69542 0.00116989
  392 391.5 3.08707 0.00133987
  393 392.5 3.63659 0.00157838
  394 393.5 4.39205 0.00190627
  395 394.5 5.35519 0.0023243
  396 395.5 6.62262 0.0028744
  397 396.5 8.2102 0.00356345
  398 397.5 10.0186 0.00434837
  399 398.5 12.0449 0.0052278
  400 399.5 14.2819 0.00619874
  401 400.5 16.5509 0.00718354
  402 401.5 18.7046 0.00811832
  403 402.5 20.7501 0.00900614
  404 403.5 22.514 0.00977168
  405 404.5 24.0569 0.0104414
  406 405.5 25.3073 0.0109841
  407 406.5 26.2789 0.0114058
  408 407.5 27.0045 0.0117207
  409 408.5 27.6406 0.0119968
  410 409.5 28.1229 0.0122061
  411 410.5 28.4634 0.0123539
  412 411.5 28.6598 0.0124392
  413 412.5 28.9215 0.0125527
  414 413.5 29.1269 0.0126419
  415 414.5 29.175 0.0126628
  416 415.5 29.2628 0.0127009
  417 416.5 29.3393 0.0127341
  418 417.5 29.3996 0.0127602
  419 418.5 29.3697 0.0127472
  420 419.5 29.3834 0.0127532
  421 420.5 29.4415 0.0127784
  422 421.5 29.4803 0.0127953
  423 422.5 29.4331 0.0127748
  424 423.5 29.4808 0.0127955
  425 424.5 29.4727 0.0127919
  426 425.5 29.4525 0.0127832
  427 426.5 29.4825 0.0127962
  428 427.5 29.4967 0.0128024
  429 428.5 29.4897 0.0127993
  430 429.5 29.4631 0.0127878
  431 430.5 29.4538 0.0127838
  432 431.5 29.4612 0.012787
  433 432.5 29.4388 0.0127773
  434 433.5 29.3913 0.0127566
  435 434.5 29.4143 0.0127666
  436 435.5 29.4091 0.0127644
  437 436.5 29.4444 0.0127797
  438 437.5 29.4031 0.0127618
  439 438.5 29.4088 0.0127643
  440 439.5 29.4363 0.0127762
  441 440.5 29.4588 0.012786
  442 441.5 29.4049 0.0127625
  443 442.5 29.4444 0.0127797
  444 443.5 29.4324 0.0127745
  445 444.5 29.4293 0.0127731
  446 445.5 29.3986 0.0127598
  447 446.5 29.3906 0.0127563
  448 447.5 29.3786 0.0127511
  449 448.5 29.4008 0.0127608
  450 449.5 29.3618 0.0127438
  451 450.5 29.3742 0.0127492
  452 451.5 29.3966 0.0127589
  453 452.5 29.3968 0.012759
  454 453.5 29.3665 0.0127459
  455 454.5 29.4179 0.0127682
  456 455.5 29.4322 0.0127744
  457 456.5 29.4086 0.0127641
  458 457.5 29.427 0.0127721
  459 458.5 29.4571 0.0127852
  460 459.5 29.4347 0.0127755
  461 460.5 29.4907 0.0127998
  462 461.5 29.531 0.0128173
  463 462.5 29.543 0.0128225
  464 463.5 29.5208 0.0128128
  465 464.5 29.5055 0.0128062
  466 465.5 29.5722 0.0128352
  467 466.5 29.558 0.012829
  468 467.5 29.5142 0.01281
  469 468.5 29.5382 0.0128204
  470 469.5 29.5588 0.0128293
  471 470.5 29.523 0.0128138
  472 471.5 29.4945 0.0128014
  473 472.5 29.548 0.0128246
  474 473.5 29.5303 0.012817
  475 474.5 29.5056 0.0128062
  476 475.5 29.5206 0.0128128
  477 476.5 29.5402 0.0128212
  478 477.5 29.5039 0.0128055
  479 478.5 29.5201 0.0128125
  480 479.5 29.5708 0.0128346
50000000 480 5229.000000000003
  1 0.5 29.2218 0.0126831
  2 1.5 29.2145 0.0126799
  3 2.5 29.1518 0.0126527
  4 3.5 29.2105 0.0126782
  5 4.5 29.2291 0.0126862
  6 5.5 29.1955 0.0126717
  7 6.5 29.1578 0.0126553
  8 7.5 29.2367 0.0126895
  9 8.5 29.2348 0.0126887
  10 9.5 29.199 0.0126732
  11 10.5 29.2173 0.0126811
  12 11.5 29.2595 0.0126994
  13 12.5 29.2292 0.0126863
  14 13.5 29.2108 0.0126783
  15 14.5 29.2541 0.0126971
  16 15.5 29.2135 0.0126795
  17 16.5 29.2399 0.0126909
  18 17.5 29.2633 0.0127011
  19 18.5 29.2775 0.0127073
  20 19.5 29.2301 0.0126867
  21 20.5 29.2629 0.0127009
  22 21.5 29.2545 0.0126972
  23 22.5 29.2492 0.012695
  24 23.5 29.2231 0.0126836
  25 24.5 29.2566 0.0126982
  26 25.5 29.2083 0.0126772
  27 26.5 29.2144 0.0126799
  28 27.5 29.2336 0.0126882
  29 28.5 29.2673 0.0127028
  30 29.5 29.2567 0.0126982
  31 30.5 29.227 0.0126853
  32 31.5 29.2499 0.0126953
  33 32.5 29.2757 0.0127065
  34 33.5 29.2425 0.0126921
  35 34.5 29.2736 0.0127056
  36 35.5 29.316 0.0127239
  37 36.5 29.3321 0.0127309
  38 37.5 29.3164 0.0127241
  39 38.5 29.3336 0.0127316
  40 39.5 29.3291 0.0127297
  41 40.5 29.3351 0.0127322
  42 41.5 29.3287 0.0127295
  43 42.5 29.3636 0.0127446
  44 43.5 29.3531 0.0127401
  45 44.5 29.3553 0.012741
  46 45.5 29.3624 0.0127441
  47 46.5 29.3492 0.0127384
  48 47.5 29.3826 0.0127529
  49 48.5 29.3537 0.0127403
  50 49.5 29.374 0.0127491
  51 50.5 29.3855 0.0127541
  52 51.5 29.3547 0.0127408
  53 52.5 29.3846 0.0127537
  54 53.5 29.3793 0.0127514
  55 54.5 29.3648 0.0127451
  56 55.5 29.331 0.0127305
  57 56.5 29.3453 0.0127367
  58 57.5 29.3422 0.0127354
  59 58.5 29.3075 0.0127203
  60 59.5 29.297 0.0127157
  61 60.5 29.3098 0.0127213
  62 61.5 29.2982 0.0127162
  63 62.5 29.2684 0.0127033
  64 63.5 29.2424 0.012692
  65 64.5 29.1632 0.0126576
  66 65.5 29.0752 0.0126194
  67 66.5 29.0079 0.0125902
  68 67.5 28.8867 0.0125376
  69 68.5 28.6942 0.0124541
  70 69.5 28.4604 0.0123526
  71 70.5 28.1846 0.0122329
  72 71.5 27.8252 0.0120769
  73 72.5 27.288 0.0118438
  74 73.5 26.6736 0.0115771
  75 74.5 25.8824 0.0112337
  76 75.5 24.8424 0.0107823
  77 76.5 23.6417 0.0102612
  78 77.5 22.1246 0.00960268
  79 78.5 20.379 0.00884505
  80 79.5 18.367 0.00797178
  81 80.5 16.1868 0.00702552
  82 81.5 13.8977 0.00603197
  83 82.5 11.6272 0.00504651
  84 83.5 9.52209 0.00413285
  85 84.5 7.60398 0.00330034
  86 85.5 5.99317 0.0026012
  87 86.5 4.66859 0.0020263
  88 87.5 3.63204 0.00157641
  89 88.5 2.86345 0.00124282
  90 89.5 2.30104 0.000998715
  91 90.5 1.92018 0.00083341
  92 91.5 1.64914 0.000715772
  93 92.5 1.45528 0.00063163
  94 93.5 1.32492 0.000575052
  95 94.5 1.24348 0.000539704
  96 95.5 1.18467 0.000514179
  97 96.5 1.14219 0.000495742
  98 97.5 1.11018 0.000481851
  99 98.5 1.09628 0.000475817
  100 99.5 1.08248 0.000469828
  101 100.5 1.07303 0.000465727
  102 101.5 1.06444 0.000461998
  103 102.5 1.04974 0.000455616
  104 103.5 1.04229 0.000452383
  105 104.5 1.04587 0.000453938
  106 105.5 1.04083 0.000451747
  107 106.5 1.0505 0.000455947
  108 107.5 1.05415 0.00045753
  109 108.5 1.04396 0.000453108
  110 109.5 1.04772 0.000454739
  111 110.5 1.05054 0.000455964
  112 111.5 1.04608 0.00045403
  113 112.5 1.04256 0.0004525
  114 113.5 1.03896 0.000450937
  115 114.5 1.04561 0.000453823
  116 115.5 1.04507 0.00045359
  117 116.5 1.04102 0.000451832
  118 117.5 1.04262 0.000452527
  119 118.5 1.03453 0.000449016
  120 119.5 1.04169 0.000452123
  121 120.5 1.04698 0.000454418
  122 121.5 1.0409 0.000451781
  123 122.5 1.04324 0.000452795
  124 123.5 1.04406 0.000453153
  125 124.5 1.05762 0.000459036
  126 125.5 1.04724 0.00045453
  127 126.5 1.05009 0.000455767
  128 127.5 1.05293 0.000457003
  129 128.5 1.0479 0.000454816
  130 129.5 1.05842 0.000459385
  131 130.5 1.05253 0.000456827
  132 131.5 1.0454 0.000453731
  133 132.5 1.04607 0.000454024
  134 133.5 1.05124 0.000456266
  135 134.5 1.04918 0.000455374
  136 135.5 1.04275 0.000452581
  137 136.5 1.03978 0.000451292
  138 137.5 1.03392 0.00044875
  139 138.5 1.03253 0.000448148
  140 139.5 1.04196 0.000452239
  141 140.5 1.03213 0.000447974
  142 141.5 1.03666 0.000449939
  143 142.5 1.04433 0.000453269
  144 143.5 1.05076 0.000456059
  145 144.5 1.04343 0.000452877
  146 145.5 1.04736 0.000454583
  147 146.5 1.04158 0.000452076
  148 147.5 1.04437 0.000453287
  149 148.5 1.04673 0.000454309
  150 149.5 1.04985 0.000455666
  151 150.5 1.052 0.000456598
  152 151.5 1.05661 0.000458598
  153 152.5 1.04304 0.00045271
  154 153.5 1.04566 0.000453845
  155 154.5 1.04908 0.000455328
  156 155.5 1.04783 0.000454786
  157 156.5 1.05029 0.000455854
  158 157.5 1.05519 0.00045798
  159 158.5 1.0569 0.000458726
  160 159.5 1.05707 0.000458796
  161 160.5 1.048 0.000454863
  162 161.5 1.0527 0.000456903
  163 162.5 1.05265 0.000456878
  164 163.5 1.04998 0.000455722
  165 164.5 1.05033 0.000455872
  166 165.5 1.05289 0.000456983
  167 166.5 1.051 0.000456161
  168 167.5 1.04335 0.000452841
  169 168.5 1.04215 0.000452321
  170 169.5 1.05226 0.000456711
  171 170.5 1.04852 0.000455088
  172 171.5 1.05228 0.00045672
  173 172.5 1.0488 0.00045521
  174 173.5 1.04761 0.000454694
  175 174.5 1.04901 0.0004553
  176 175.5 1.04625 0.000454103
  177 176.5 1.0498 0.000455642
  178 177.5 1.05733 0.000458911
  179 178.5 1.05174 0.000456484
  180 179.5 1.04755 0.000454665
  181 180.5 1.05374 0.000457353
  182 181.5 1.04894 0.000455267
  183 182.5 1.05081 0.000456081
  184 183.5 1.05012 0.00045578
  185 184.5 1.0453 0.000453689
  186 185.5 1.04167 0.000452113
  187 186.5 1.05089 0.000456115
  188 187.5 1.045 0.000453557
  189 188.5 1.05532 0.00045804
  190 189.5 1.05325 0.000457139
  191 190.5 1.05366 0.000457318
  192 191.5 1.04777 0.000454763
  193 192.5 1.04161 0.000452087
  194 193.5 1.04073 0.000451707
  195 194.5 1.04471 0.000453432
  196 195.5 1.04418 0.000453202
  197 196.5 1.04514 0.000453618
  198 197.5 1.04307 0.000452722
  199 198.5 1.04949 0.000455506
  200 199.5 1.04779 0.00045477
  201 200.5 1.05392 0.000457429
  202 201.5 1.05065 0.00045601
  203 202.5 1.04689 0.000454379
  204 203.5 1.03691 0.000450049
  205 204.5 1.04838 0.000455028
  206 205.5 1.04741 0.000454607
  207 206.5 1.03434 0.000448933
  208 207.5 1.03232 0.000448056
  209 208.5 1.03876 0.000450851
  210 209.5 1.03787 0.000450464
  211 210.5 1.03983 0.000451314
  212 211.5 1.03731 0.000450223
  213 212.5 1.03681 0.000450006
  214 213.5 1.0379 0.000450477
  215 214.5 1.04504 0.000453576
  216 215.5 1.05372 0.000457345
  217 216.5 1.05763 0.000459042
  218 217.5 1.06342 0.000461554
  219 218.5 1.07542 0.000466761
  220 219.5 1.09312 0.000474446
  221 220.5 1.11999 0.000486106
  222 221.5 1.15189 0.000499952
  223 222.5 1.20083 0.000521195
  224 223.5 1.26712 0.000549964
  225 224.5 1.3802 0.000599046
  226 225.5 1.52348 0.000661231
  227 226.5 1.74317 0.000756582
  228 227.5 2.04237 0.000886444
  229 228.5 2.4515 0.00106402
  230 229.5 3.01045 0.00130662
  231 230.5 3.72932 0.00161863
  232 231.5 4.5806 0.00198811
  233 232.5 5.57174 0.00241829
  234 233.5 6.61738 0.00287213
  235 234.5 7.61063 0.00330323
  236 235.5 8.42306 0.00365584
  237 236.5 8.9318 0.00387665
  238 237.5 9.05118 0.00392846
  239 238.5 8.79168 0.00381583
  240 239.5 8.24291 0.00357765
  241 240.5 7.47137 0.00324278
  242 241.5 6.60093 0.00286499
  243 242.5 5.68421 0.0024671
  244 243.5 4.83834 0.00209997
  245 244.5 4.09453 0.00177714
  246 245.5 3.48274 0.00151161
  247 246.5 2.99403 0.00129949
  248 247.5 2.64303 0.00114715
  249 248.5 2.37832 0.00103226
  250 249.5 2.16946 0.000941608
  251 250.5 2.00417 0.000869867
  252 251.5 1.88417 0.000817782
  253 252.5 1.8176 0.000788887
  254 253.5 1.75729 0.000762713
  255 254.5 1.70257 0.000738961
  256 255.5 1.67203 0.000725709
  257 256.5 1.65318 0.000717528
  258 257.5 1.66024 0.00072059
  259 258.5 1.65335 0.0007176
  260 259.5 1.64081 0.000712155
  261 260.5 1.62498 0.000705286
  262 261.5 1.61143 0.000699406
  263 262.5 1.62903 0.000707043
  264 263.5 1.63085 0.000707833
  265 264.5 1.63521 0.000709727
  266 265.5 1.61558 0.000701207
  267 266.5 1.60224 0.000695418
  268 267.5 1.61566 0.000701242
  269 268.5 1.62314 0.000704486
  270 269.5 1.63002 0.000707475
  271 270.5 1.62802 0.000706607
  272 271.5 1.63907 0.0007114
  273 272.5 1.65048 0.000716355
  274 273.5 1.65506 0.00071834
  275 274.5 1.65256 0.000717255
  276 275.5 1.66089 0.000720872
  277 276.5 1.67262 0.000725962
  278 277.5 1.67761 0.000728129
  279 278.5 1.68432 0.000731043
  280 279.5 1.68893 0.000733043
  281 280.5 1.7023 0.000738844
  282 281.5 1.68125 0.000729707
  283 282.5 1.68148 0.000729808
  284 283.5 1.67617 0.000727503
  285 284.5 1.69487 0.00073562
  286 285.5 1.6865 0.000731988
  287 286.5 1.69323 0.000734911
  288 287.5 1.70262 0.000738984
  289 288.5 1.7133 0.000743619
  290 289.5 1.71743 0.000745412
  291 290.5 1.71765 0.000745507
  292 291.5 1.70771 0.000741195
  293 292.5 1.69041 0.000733684
  294 293.5 1.6823 0.000730163
  295 294.5 1.67805 0.000728319
  296 295.5 1.67724 0.000727969
  297 296.5 1.67506 0.000727024
  298 297.5 1.66834 0.000724108
  299 298.5 1.66485 0.000722591
  300 299.5 1.67459 0.00072682
  301 300.5 1.68298 0.00073046
  302 301.5 1.68144 0.000729792
  303 302.5 1.67918 0.00072881
  304 303.5 1.66937 0.000724555
  305 304.5 1.68685 0.000732141
  306 305.5 1.70206 0.000738742
  307 306.5 1.69884 0.000737345
  308 307.5 1.70284 0.000739081
  309 308.5 1.69772 0.000736857
  310 309.5 1.69582 0.000736035
  311 310.5 1.69452 0.00073547
  312 311.5 1.68481 0.000731254
  313 312.5 1.66718 0.000723602
  314 313.5 1.66149 0.000721131
  315 314.5 1.66297 0.000721776
  316 315.5 1.67681 0.00072778
  317 316.5 1.68178 0.000729938
  318 317.5 1.67231 0.000725828
  319 318.5 1.67243 0.000725882
  320 319.5 1.6709 0.000725215
  321 320.5 1.67171 0.000725567
  322 321.5 1.69358 0.00073506
  323 322.5 1.69342 0.000734993
  324 323.5 1.70428 0.000739703
  325 324.5 1.70062 0.000738117
  326 325.5 1.69344 0.000735
  327 326.5 1.68242 0.000730219
  328 327.5 1.67816 0.00072837
  329 328.5 1.67419 0.000726646
  330 329.5 1.66558 0.00072291
  331 330.5 1.67736 0.00072802
  332 331.5 1.66611 0.000723136
  333 332.5 1.67054 0.000725059
  334 333.5 1.67611 0.000727478
  335 334.5 1.67091 0.000725222
  336 335.5 1.66969 0.000724694
  337 336.5 1.68806 0.000732666
  338 337.5 1.69714 0.000736606
  339 338.5 1.69456 0.000735488
  340 339.5 1.70033 0.000737989
  341 340.5 1.71308 0.000743524
  342 341.5 1.7179 0.000745617
  343 342.5 1.72825 0.00075011
  344 343.5 1.7337 0.000752474
  345 344.5 1.73964 0.000755051
  346 345.5 1.76698 0.000766918
  347 346.5 1.76828 0.000767483
  348 347.5 1.75805 0.000763043
  349 348.5 1.75591 0.000762115
  350 349.5 1.75893 0.000763424
  351 350.5 1.76957 0.000768042
  352 351.5 1.78453 0.000774536
  353 352.5 1.78649 0.000775385
  354 353.5 1.78104 0.000773021
  355 354.5 1.7793 0.000772266
  356 355.5 1.76986 0.000768168
  357 356.5 1.76268 0.000765053
  358 357.5 1.76044 0.000764081
  359 358.5 1.76053 0.000764117
  360 359.5 1.75486 0.000761659
  361 360.5 1.74323 0.00075661
  362 361.5 1.73853 0.000754569
  363 362.5 1.72677 0.000749466
  364 363.5 1.72708 0.000749601
  365 364.5 1.72662 0.0007494
  366 365.5 1.74666 0.000758101
  367 366.5 1.7409 0.000755601
  368 367.5 1.74122 0.000755739
  369 368.5 1.73324 0.000752275
  370 369.5 1.72799 0.000749997
  371 370.5 1.72899 0.000750431
  372 371.5 1.72549 0.000748911
  373 372.5 1.72951 0.000750654
  374 373.5 1.73455 0.000752842
  375 374.5 1.72843 0.000750185
  376 375.5 1.71218 0.000743132
  377 376.5 1.70209 0.000738754
  378 377.5 1.72407 0.000748293
  379 378.5 1.74529 0.000757505
  380 379.5 1.75901 0.000763459
  381 380.5 1.77319 0.000769615
  382 381.5 1.78346 0.00077407
  383 382.5 1.78962 0.000776747
  384 383.5 1.8108 0.000785937
  385 384.5 1.84991 0.000802912
  386 385.5 1.90511 0.000826869
  387 386.5 1.95728 0.000849515
  388 387.5 2.04662 0.000888288
  389 388.5 2.17667 0.000944735
  390 389.5 2.36496 0.00102646
  391 390.5 2.63963 0.00114567
  392 391.5 3.00147 0.00130272
  393 392.5 3.50342 0.00152058
  394 393.5 4.17346 0.0018114
  395 394.5 5.08697 0.00220789
  396 395.5 6.29586 0.00273258
  397 396.5 7.75353 0.00336525
  398 397.5 9.53067 0.00413658
  399 398.5 11.5314 0.00500493
  400 399.5 13.7038 0.00594785
  401 400.5 15.9866 0.00693863
  402 401.5 18.2145 0.0079056
  403 402.5 20.273 0.00879905
  404 403.5 22.14 0.00960938
  405 404.5 23.7424 0.0103049
  406 405.5 25.055 0.0108746
  407 406.5 26.0975 0.011327
  408 407.5 26.9322 0.0116893
  409 408.5 27.5683 0.0119654
  410 409.5 28.0245 0.0121634
  411 410.5 28.4398 0.0123436
  412 411.5 28.6866 0.0124508
  413 412.5 28.8813 0.0125353
  414 413.5 29.0259 0.0125981
  415 414.5 29.1433 0.012649
  416 415.5 29.2245 0.0126842
  417 416.5 29.262 0.0127005
  418 417.5 29.324 0.0127274
  419 418.5 29.3569 0.0127417
  420 419.5 29.3685 0.0127467
  421 420.5 29.3496 0.0127385
  422 421.5 29.3883 0.0127553
  423 422.5 29.3722 0.0127483
  424 423.5 29.3615 0.0127437
  425 424.5 29.3764 0.0127502
  426 425.5 29.3686 0.0127468
  427 426.5 29.3806 0.012752
  428 427.5 29.362 0.0127439
  429 428.5 29.3522 0.0127397
  430 429.5 29.3495 0.0127385
  431 430.5 29.3406 0.0127346
  432 431.5 29.3294 0.0127298
  433 432.5 29.3426 0.0127355
  434 433.5 29.3136 0.0127229
  435 434.5 29.326 0.0127283
  436 435.5 29.3256 0.0127281
  437 436.5 29.2873 0.0127115
  438 437.5 29.2947 0.0127147
  439 438.5 29.2979 0.0127161
  440 439.5 29.285 0.0127105
  441 440.5 29.2524 0.0126964
  442 441.5 29.2338 0.0126883
  443 442.5 29.2733 0.0127054
  444 443.5 29.2354 0.012689
  445 444.5 29.2229 0.0126835
  446 445.5 29.2293 0.0126863
  447 446.5 29.228 0.0126858
  448 447.5 29.2188 0.0126818
  449 448.5 29.1914 0.0126699
  450 449.5 29.2028 0.0126748
  451 450.5 29.2211 0.0126827
  452 451.5 29.2015 0.0126742
  453 452.5 29.2208 0.0126826
  454 453.5 29.2026 0.0126747
  455 454.5 29.2241 0.0126841
  456 455.5 29.2031 0.012675
  457 456.5 29.1944 0.0126712
  458 457.5 29.2356 0.0126891
  459 458.5 29.2411 0.0126915
  460 459.5 29.1984 0.0126729
  461 460.5 29.2245 0.0126842
  462 461.5 29.2809 0.0127087
  463 462.5 29.2497 0.0126952
  464 463.5 29.2132 0.0126794
  465 464.5 29.2322 0.0126876
  466 465.5 29.2663 0.0127024
  467 466.5 29.2557 0.0126978
  468 467.5 29.2054 0.0126759
  469 468.5 29.2176 0.0126812
  470 469.5 29.2665 0.0127025
  471 470.5 29.2404 0.0126912
  472 471.5 29.2151 0.0126802
  473 472.5 29.236 0.0126893
  474 473.5 29.2392 0.0126906
  475 474.5 29.2293 0.0126863
  476 475.5 29.2176 0.0126812
  477 476.5 29.2452 0.0126932
  478 477.5 29.2603 0.0126998
  479 478.5 29.1945 0.0126712
  480 479.5 29.2221 0.0126832
