# Chunk-averaged data for fix tensor and group all
# Timestep Number-of-chunks Total-count
# Chunk Coord1 Ncount density/number c_press[1] c_press[2] c_press[3]
65000000 480 11027.000000000005
  1 0.5 30.6344 0.0132962 -760.857 -800.742 -1126.66
  2 1.5 30.5251 0.0132487 -873.425 -820.391 -1279.61
  3 2.5 30.4736 0.0132264 -691.914 -703.019 -1457.07
  4 3.5 30.4132 0.0132002 -796.418 -719.763 -1584.47
  5 4.5 30.3462 0.0131711 -584.795 -444.353 -1451.9
  6 5.5 30.2346 0.0131226 -722.711 -591.168 -1710.72
  7 6.5 30.0655 0.0130493 -289.036 -177.724 -1753.29
  8 7.5 29.909 0.0129813 20.2356 -92.1658 -2040.23
  9 8.5 29.7298 0.0129036 114.651 250.14 -2216.23
  10 9.5 29.3993 0.0127601 562.61 621.587 -2199.26
  11 10.5 29.0288 0.0125993 853.584 729.539 -2332.12
  12 11.5 28.6849 0.0124501 1324.87 1054.9 -2383.23
  13 12.5 28.0863 0.0121902 1699.03 1714.77 -2634.4
  14 13.5 27.3612 0.0118755 1856.14 2087.14 -2350.48
  15 14.5 26.4376 0.0114747 2376.38 2549.5 -2135.96
  16 15.5 25.411 0.0110291 2990.88 2970.52 -1968.41
  17 16.5 24.0157 0.0104235 3139.32 3142.41 -1564.83
  18 17.5 22.4681 0.00975176 3273.43 3376.48 -1103.42
  19 18.5 20.7468 0.00900467 3324.26 3286.52 -613.675
  20 19.5 18.7851 0.00815327 3138.85 2980.75 75.8294
  21 20.5 16.6424 0.00722326 2744.6 2707.4 530.552
  22 21.5 14.5846 0.00633012 1970.85 2136.52 888.714
  23 22.5 12.6175 0.00547636 1202.2 1262.34 1362.4
  24 23.5 10.61 0.00460504 164.709 205.861 1426.96
  25 24.5 8.86866 0.00384924 -1282.85 -1124.96 1355.92
  26 25.5 7.31395 0.00317446 -2723.71 -2568.46 889.073
  27 26.5 6.06325 0.00263162 -4265.71 -4390.14 97.7273
  28 27.5 4.97485 0.00215922 -6390.79 -5855.83 -1289.57
  29 28.5 4.17862 0.00181364 -7996.78 -7757.31 -2598.65
  30 29.5 3.56278 0.00154635 -9496.56 -9272.44 -4260.57
  31 30.5 3.06206 0.00132902 -10858.6 -11036.5 -6121.44
  32 31.5 2.68012 0.00116325 -12394.9 -12585.6 -8314.57
  33 32.5 2.42027 0.00105047 -13732.3 -13854.1 -10196.1
  34 33.5 2.23079 0.000968226 -14490.4 -14704.6 -11830.5
  35 34.5 2.11362 0.000917368 -15118.2 -15166.3 -12841.6
  36 35.5 2.00171 0.000868799 -15747.9 -16090.1 -14100
  37 36.5 1.93926 0.000841691 -16076.9 -16312.4 -15078.1
  38 37.5 1.89902 0.000824226 -16289.1 -16540 -15486.4
  39 38.5 1.87846 0.000815302 -16590.6 -16446.8 -15937.5
  40 39.5 1.86818 0.000810844 -16538.1 -16816.2 -15976.8
  41 40.5 1.86273 0.000808476 -16533.9 -16819.7 -16358.4
  42 41.5 1.836 0.000796875 -17131.9 -16874.1 -16554.6
  43 42.5 1.80121 0.000781774 -17153.7 -17048.8 -17014
  44 43.5 1.81089 0.000785976 -17084.6 -17349.3 -16882.6
  45 44.5 1.81842 0.000789243 -17275.9 -17305.1 -16799.4
  46 45.5 1.80409 0.000783024 -17125.3 -17282 -17098.3
  47 46.5 1.78637 0.000775333 -16951.8 -17253.3 -17274.8
  48 47.5 1.80808 0.000784757 -16630.5 -17121.2 -17087.7
  49 48.5 1.80145 0.000781878 -16724.4 -16939.3 -17097.5
  50 49.5 1.81639 0.000788365 -16972.3 -17146.2 -16889.3
  51 50.5 1.78549 0.000774951 -17058.4 -16937.8 -17322.6
  52 51.5 1.78786 0.000775983 -16748.5 -17070.1 -17203.3
  53 52.5 1.7962 0.000779601 -17145.9 -17007.6 -17221.8
  54 53.5 1.8038 0.000782899 -17240.4 -17181.4 -17145.2
  55 54.5 1.80405 0.000783007 -17233.8 -17045.1 -17053
  56 55.5 1.80424 0.00078309 -17415 -16994.3 -17151.8
  57 56.5 1.80258 0.000782372 -17346.9 -17284.1 -17143.5
  58 57.5 1.79702 0.000779958 -17329.7 -16916.7 -17308.4
  59 58.5 1.80242 0.000782302 -17214.5 -17360.3 -16915
  60 59.5 1.79314 0.000778274 -17292.7 -17341.2 -17247.1
  61 60.5 1.79102 0.000777354 -17331.1 -17106.6 -17194.8
  62 61.5 1.77959 0.000772392 -17637.4 -17004.9 -17378
  63 62.5 1.79461 0.00077891 -17565.2 -17360.7 -17201.3
  64 63.5 1.79656 0.000779757 -17495.5 -17185.8 -17152.8
  65 64.5 1.80402 0.000782993 -17644.8 -17212.3 -17057.2
  66 65.5 1.7871 0.000775653 -17471.2 -17328.8 -17321.7
  67 66.5 1.80558 0.00078367 -17641.7 -17451.6 -17254.3
  68 67.5 1.78978 0.000776816 -17439.4 -17261.4 -17241.7
  69 68.5 1.80043 0.000781438 -17506.9 -17345.1 -17107.5
  70 69.5 1.78742 0.000775788 -17602.4 -17604.1 -17254.8
  71 70.5 1.79461 0.00077891 -17524.8 -17548.8 -17102.8
  72 71.5 1.79098 0.000777337 -17447.4 -17710.8 -17328.6
  73 72.5 1.79867 0.000780674 -17449.1 -17511.1 -17251.9
  74 73.5 1.79891 0.000780778 -17041.6 -17310.3 -17040.3
  75 74.5 1.78596 0.000775156 -17514.3 -17361.5 -17306.8
  76 75.5 1.79726 0.000780063 -17202.5 -17034.7 -17163.9
  77 76.5 1.78884 0.000776406 -17281.5 -17028.8 -17215.3
  78 77.5 1.79355 0.000778451 -17215.4 -17318.7 -17296.6
  79 78.5 1.78738 0.000775774 -17348.1 -16896.2 -17131.9
  80 79.5 1.7823 0.000773566 -17275.6 -17358.8 -17400.3
  81 80.5 1.78868 0.000776337 -17448.2 -17523.7 -17304.7
  82 81.5 1.80335 0.000782705 -17211 -17146.6 -17071.2
  83 82.5 1.80594 0.00078383 -17303.8 -17193.8 -17109.8
  84 83.5 1.79839 0.000780552 -17165.7 -17491.3 -17205.9
  85 84.5 1.81627 0.000788312 -16993.7 -17027.7 -17042.5
  86 85.5 1.81982 0.000789851 -17065.7 -17118.6 -16855.3
  87 86.5 1.80276 0.000782448 -17009.8 -17186.3 -17183.9
  88 87.5 1.79822 0.000780476 -16936.2 -17055.3 -17225.9
  89 88.5 1.80574 0.000783743 -16830 -17480.2 -17101.8
  90 89.5 1.80991 0.000785552 -16971 -17014.9 -17023.5
  91 90.5 1.79912 0.000780868 -16849.2 -17092.3 -17133.9
  92 91.5 1.7953 0.000779212 -16863.5 -16727.4 -17184.1
  93 92.5 1.8039 0.000782944 -16966 -16954.6 -17236.3
  94 93.5 1.805 0.00078342 -16601.4 -16773 -17075.4
  95 94.5 1.8092 0.000785243 -16858.4 -17085.7 -16951.1
  96 95.5 1.81571 0.000788069 -16755.3 -16777.3 -16977.1
  97 96.5 1.81455 0.000787566 -16735.7 -17064.1 -17026.8
  98 97.5 1.79339 0.000778382 -17227.4 -17031.9 -17298.1
  99 98.5 1.79855 0.000780622 -17339.2 -17262.3 -17052.1
  100 99.5 1.79098 0.000777337 -17514 -17321.7 -17365.1
  101 100.5 1.80134 0.00078183 -17530.1 -17286.2 -17137
  102 101.5 1.79586 0.000779455 -17504.7 -17481 -17160.2
  103 102.5 1.80496 0.000783403 -17579.7 -17043.3 -17140.5
  104 103.5 1.80333 0.000782694 -17820.5 -17372.9 -17117.3
  105 104.5 1.80936 0.000785312 -17333.7 -17618 -17068
  106 105.5 1.80645 0.000784049 -17474.8 -17461.3 -17111.2
  107 106.5 1.81082 0.000785948 -17211.4 -17179.5 -17044.4
  108 107.5 1.81623 0.000788295 -17436.1 -17327.2 -17015.1
  109 108.5 1.80538 0.000783587 -17393.5 -17381.1 -17094.2
  110 109.5 1.79022 0.000777007 -17288.3 -17840 -17362.5
  111 110.5 1.79198 0.000777767 -17103.3 -17637.1 -17171.7
  112 111.5 1.78778 0.000775944 -16840.2 -17578.9 -17219.5
  113 112.5 1.77935 0.000772288 -17119.3 -17630.4 -17400.9
  114 113.5 1.77438 0.000770132 -16948.7 -17880.9 -17423.7
  115 114.5 1.77162 0.000768931 -17205.1 -17502.2 -17397
  116 115.5 1.76904 0.000767813 -17406.9 -17387.9 -17367.3
  117 116.5 1.76974 0.000768115 -17443.6 -17608.3 -17544.2
  118 117.5 1.75874 0.00076334 -17819.9 -17408.2 -17465.1
  119 118.5 1.77074 0.000768549 -17434.2 -17413.7 -17519.5
  120 119.5 1.76226 0.000764868 -17663.4 -17344.2 -17539.8
  121 120.5 1.76788 0.000767309 -17620.1 -17272.1 -17366.9
  122 121.5 1.77923 0.000772236 -17272.1 -17226.1 -17434.9
  123 122.5 1.78563 0.000775014 -17290.5 -16833.7 -17298.1
  124 123.5 1.79722 0.000780045 -17330.3 -17068.4 -17182.9
  125 124.5 1.81147 0.000786229 -17239.9 -17479.1 -16947.3
  126 125.5 1.80423 0.000783087 -17424.1 -17398 -17128.5
  127 126.5 1.81456 0.000787569 -17551.8 -17296.8 -17006.3
  128 127.5 1.79729 0.000780073 -17743 -17567.6 -17274.9
  129 128.5 1.78092 0.000772969 -17863.4 -17611.5 -17382.8
  130 129.5 1.78583 0.000775101 -17715.9 -17241.7 -17343.9
  131 130.5 1.8129 0.000786851 -17560.2 -17281.8 -17141.9
  132 131.5 1.80037 0.00078141 -17109.5 -17190.2 -17042.8
  133 132.5 1.81687 0.000788573 -16800.9 -17168.3 -16751
  134 133.5 1.80067 0.000781542 -16946 -17165.6 -17178.6
  135 134.5 1.79058 0.000777163 -17338.7 -17261.4 -17403.4
  136 135.5 1.80494 0.000783396 -17158 -17384.4 -17126.6
  137 136.5 1.80279 0.000782462 -17349.9 -17416.9 -17247.4
  138 137.5 1.81302 0.000786899 -17611 -17463.3 -16943.9
  139 138.5 1.80055 0.00078149 -17425.7 -17219.4 -17009
  140 139.5 1.80354 0.000782785 -17292 -17321.1 -17135
  141 140.5 1.80366 0.00078284 -17572.7 -17721.2 -17232.9
  142 141.5 1.82044 0.000790122 -17379.7 -17475.6 -16896.6
  143 142.5 1.81364 0.00078717 -17365.4 -17291.2 -17016.8
  144 143.5 1.80886 0.000785097 -17345.8 -17235.9 -17113.5
  145 144.5 1.82468 0.000791962 -16936 -17181.3 -16971.2
  146 145.5 1.81294 0.000786865 -17144.8 -17035.1 -17090.2
  147 146.5 1.81994 0.000789903 -16843.2 -16680.3 -16900.4
  148 147.5 1.81254 0.000786694 -17011.9 -16795.5 -17013.5
  149 148.5 1.80523 0.000783521 -17084.4 -17106.2 -17206.4
  150 149.5 1.79099 0.00077734 -16904.3 -16959.1 -17198.8
  151 150.5 1.77494 0.000770372 -16797 -17225.3 -17401.8
  152 151.5 1.79377 0.000778545 -17269.2 -17313.2 -17267
  153 152.5 1.76766 0.000767215 -17137.1 -17196.6 -17341.1
  154 153.5 1.7809 0.000772962 -17304.9 -17522.1 -17143.7
  155 154.5 1.7711 0.000768705 -17104.4 -17218 -17401.7
  156 155.5 1.77398 0.000769955 -16918.5 -17222 -17358.4
  157 156.5 1.78869 0.00077634 -17231 -16667.6 -17175.5
  158 157.5 1.77823 0.000771802 -17299.3 -16936.8 -17247.6
  159 158.5 1.81386 0.000787264 -16950.4 -16717.8 -16753
  160 159.5 1.82939 0.000794007 -16955.1 -16890.4 -16647.2
  161 160.5 1.85094 0.000803361 -16919.6 -16443.8 -16273.2
  162 161.5 1.85325 0.000804361 -16682.5 -16380.6 -16209.2
  163 162.5 1.89586 0.000822854 -16340.1 -16123.6 -15507.1
  164 163.5 1.94522 0.000844281 -15954.2 -15810.8 -15073.7
  165 164.5 2.00133 0.000868632 -16048.9 -15802.2 -14266.2
  166 165.5 2.07674 0.000901365 -15590.8 -15293.8 -13477.4
  167 166.5 2.21866 0.000962962 -14727.2 -14483.6 -11927.6
  168 167.5 2.37803 0.00103213 -14265.9 -14121.3 -10739.4
  169 168.5 2.59442 0.00112605 -12783.3 -12963.8 -8770.17
  170 169.5 2.9171 0.0012661 -11807 -11693.3 -6980.26
  171 170.5 3.31842 0.00144028 -10034.9 -10117.1 -5303.51
  172 171.5 3.89664 0.00169125 -8397.35 -8294.48 -3083.53
  173 172.5 4.67053 0.00202714 -6391.99 -6475.45 -1392.44
  174 173.5 5.64323 0.00244932 -4677.16 -4816.79 -239.967
  175 174.5 6.8444 0.00297066 -3094.75 -3249.73 683.373
  176 175.5 8.32201 0.00361198 -1069.62 -1224.98 1536.54
  177 176.5 10.0398 0.00435756 212.469 -59.1507 1694.22
  178 177.5 11.9284 0.00517727 1199.14 1108.8 1397.58
  179 178.5 14.0437 0.00609534 2163.92 2097.17 1285.28
  180 179.5 16.2067 0.00703415 2778.3 2952.27 817.758
  181 180.5 18.3541 0.0079662 3273.46 3414.05 244.335
  182 181.5 20.2998 0.00881069 3467.06 3520.71 -400.523
  183 182.5 22.1793 0.00962642 3647.13 3617.58 -945.658
  184 183.5 23.8184 0.0103378 3474.37 3370.64 -1463.07
  185 184.5 25.2818 0.010973 3109.42 3168.48 -1768.26
  186 185.5 26.4274 0.0114702 2644.43 2692.34 -2124.5
  187 186.5 27.3532 0.0118721 2316.32 2088.01 -2398.38
  188 187.5 28.0751 0.0121854 1845.71 1739.39 -2487.3
  189 188.5 28.6991 0.0124562 1225.86 1375.09 -2496.8
  190 189.5 29.236 0.0126892 778.03 949.849 -2294.52
  191 190.5 29.5805 0.0128388 521.683 319.806 -2364.8
  192 191.5 29.8297 0.0129469 332.353 299.396 -2205.49
  193 192.5 30.1444 0.0130835 39.5933 -12.9006 -1839.23
  194 193.5 30.324 0.0131615 -47.161 -192.245 -1942.6
  195 194.5 30.4508 0.0132165 -275.85 -240.665 -1667.35
  196 195.5 30.5226 0.0132477 -341.452 -452.626 -1723.4
  197 196.5 30.7036 0.0133262 -396.994 -522.405 -1434.31
  198 197.5 30.8006 0.0133683 -637.988 -568.105 -1342.57
  199 198.5 30.8316 0.0133818 -694.337 -796.48 -1276.72
  200 199.5 30.8936 0.0134087 -695.379 -641.155 -1217.96
  201 200.5 30.9732 0.0134432 -931.538 -993.82 -1363.8
  202 201.5 31.067 0.0134839 -837.639 -811.705 -1009.82
  203 202.5 31.0181 0.0134627 -751.01 -796.302 -1125.55
  204 203.5 31.1428 0.0135168 -850.162 -795.92 -1029.8
  205 204.5 31.1476 0.0135189 -1048.24 -803.734 -1109.83
  206 205.5 31.1916 0.013538 -1018.19 -881.986 -965.225
  207 206.5 31.233 0.013556 -893.503 -838.551 -950.592
  208 207.5 31.2758 0.0135746 -975.484 -856.785 -920.612
  209 208.5 31.3362 0.0136008 -1018.65 -801.538 -948.262
  210 209.5 31.3422 0.0136034 -985.965 -888.828 -946.607
  211 210.5 31.3902 0.0136242 -859.997 -922.324 -884.441
  212 211.5 31.3742 0.0136173 -925.407 -1061.42 -820.582
  213 212.5 31.5393 0.0136889 -1043.93 -1120.92 -908.2
  214 213.5 31.5715 0.0137029 -1181.55 -1216.93 -709.755
  215 214.5 31.5742 0.0137041 -1221.03 -1158.18 -795.797
  216 215.5 31.6318 0.0137291 -1213.89 -1229.44 -872.934
  217 216.5 31.8486 0.0138232 -1215.08 -1475.42 -789.351
  218 217.5 31.8226 0.0138119 -1205.92 -1238.94 -751.819
  219 218.5 31.8851 0.013839 -1223.53 -1157.45 -769.577
  220 219.5 32.0344 0.0139038 -1152.35 -1132.83 -793.91
  221 220.5 32.2119 0.0139808 -1109.73 -1163.24 -638.253
  222 221.5 32.2617 0.0140025 -1112.63 -1203.33 -719.807
  223 222.5 32.3619 0.014046 -1000.94 -1301.55 -822.41
  224 223.5 32.5447 0.0141253 -910.199 -1121.36 -705.716
  225 224.5 32.6612 0.0141759 -839.255 -1017.94 -737.447
  226 225.5 32.7403 0.0142102 -838.427 -1010.25 -655.32
  227 226.5 32.9607 0.0143059 -934.231 -980.988 -720.811
  228 227.5 33.0568 0.0143476 -956.236 -1117.74 -959.379
  229 228.5 33.2287 0.0144222 -889.29 -941.314 -754.473
  230 229.5 33.3758 0.014486 -851.516 -943.194 -879.599
  231 230.5 33.5465 0.0145601 -828.331 -871.501 -891.418
  232 231.5 33.7225 0.0146365 -817.771 -760.681 -690.058
  233 232.5 33.8461 0.0146901 -896.217 -896.601 -969.985
  234 233.5 34.0099 0.0147612 -499.88 -548.511 -824.333
  235 234.5 34.1446 0.0148197 -693.935 -553.933 -1051.71
  236 235.5 34.2682 0.0148733 -532.853 -344.862 -957.636
  237 236.5 34.3853 0.0149242 -478.441 -309.203 -980.981
  238 237.5 34.5692 0.015004 -696.497 -325.577 -1074.04
  239 238.5 34.6558 0.0150416 -360.264 -468.566 -1080.04
  240 239.5 34.7568 0.0150854 -233.281 -194.632 -828.295
  241 240.5 34.9089 0.0151514 -402.206 -357.425 -1036.62
  242 241.5 34.9616 0.0151743 -553.539 -629.96 -1177.95
  243 242.5 34.9873 0.0151855 -703.601 -704.211 -1057.52
  244 243.5 35.1639 0.0152621 -402.604 -653.296 -845.444
  245 244.5 35.271 0.0153086 -613.058 -486.691 -1010.26
  246 245.5 35.2219 0.0152873 -898.376 -717.903 -1206.69
  247 246.5 35.2944 0.0153188 -567.247 -293.094 -1027.07
  248 247.5 35.4714 0.0153956 -409.907 -375.405 -916.601
  249 248.5 35.4725 0.0153961 -560.594 -491.258 -1000.58
  250 249.5 35.4593 0.0153903 -570.355 -633.1 -1010.17
  251 250.5 35.6172 0.0154588 -579.152 -437.047 -987.26
  252 251.5 35.6556 0.0154755 -452.384 -478.509 -731.269
  253 252.5 35.6558 0.0154756 -579.55 -879.561 -1039.94
  254 253.5 35.7057 0.0154973 -935.069 -624.517 -1145.12
  255 254.5 35.7174 0.0155024 -818.08 -764.335 -1042.32
  256 255.5 35.8287 0.0155506 -589.876 -756.176 -820.386
  257 256.5 35.8023 0.0155392 -756.421 -814.721 -973.859
  258 257.5 35.8105 0.0155428 -880.303 -813.372 -848.538
  259 258.5 35.8464 0.0155583 -818.228 -867.546 -1075.84
  260 259.5 35.8809 0.0155733 -925.219 -810.514 -962.235
  261 260.5 35.8893 0.0155769 -768.954 -629.518 -821.27
  262 261.5 35.8631 0.0155656 -625.583 -712.338 -949.49
  263 262.5 35.9158 0.0155884 -426.939 -636.769 -884.577
  264 263.5 35.9252 0.0155925 -557.116 -620.236 -877.641
  265 264.5 35.9925 0.0156217 -774.086 -734.974 -852.866
  266 265.5 35.9099 0.0155859 -710.488 -746.55 -790.423
  267 266.5 35.9599 0.0156076 -1075.31 -938.592 -875.639
  268 267.5 36.0057 0.0156275 -972.089 -814.984 -970.95
  269 268.5 35.9474 0.0156022 -992.015 -920.799 -797.768
  270 269.5 35.9996 0.0156248 -926.567 -1019.66 -916.021
  271 270.5 35.9676 0.015611 -917.855 -749.861 -829.939
  272 271.5 36.0576 0.01565 -817.66 -615.259 -861.74
  273 272.5 36.0358 0.0156405 -572.585 -810.278 -820.454
  274 273.5 35.9859 0.0156189 -967.083 -850.579 -951.91
  275 274.5 36.0941 0.0156658 -882.814 -866.467 -776.225
  276 275.5 36.0534 0.0156482 -998.767 -661.273 -1103.66
  277 276.5 36.0074 0.0156282 -989.25 -741.189 -793.514
  278 277.5 36.1113 0.0156733 -1012.48 -603.682 -785.231
  279 278.5 36.076 0.015658 -795.983 -717.519 -878.839
  280 279.5 36.0738 0.015657 -695.28 -859.711 -912.765
  281 280.5 36.0379 0.0156415 -967.666 -1008.23 -904.925
  282 281.5 36.062 0.0156519 -889.845 -838.58 -805.245
  283 282.5 36.0733 0.0156568 -985.208 -1027.47 -784.533
  284 283.5 36.0301 0.0156381 -899.507 -895.861 -854.457
  285 284.5 36.0377 0.0156414 -988.825 -850.947 -937.033
  286 285.5 35.985 0.0156185 -966.421 -950.891 -781.749
  287 286.5 36.0975 0.0156673 -831.407 -969.957 -826.655
  288 287.5 36.0011 0.0156255 -933.829 -969.623 -795.581
  289 288.5 36.0146 0.0156313 -661.545 -765.726 -656.917
  290 289.5 36.041 0.0156428 -872.874 -984.669 -944.441
  291 290.5 36.0014 0.0156256 -806.933 -701.509 -935.933
  292 291.5 35.9876 0.0156196 -595.977 -889.703 -678.356
  293 292.5 36.0752 0.0156576 -965.05 -1066.75 -892.059
  294 293.5 36.0055 0.0156274 -768.703 -697.332 -860.791
  295 294.5 36.0083 0.0156286 -731.981 -672.771 -921.708
  296 295.5 36.0578 0.0156501 -610.855 -677.487 -672.522
  297 296.5 36.0721 0.0156563 -963.475 -942.219 -971.346
  298 297.5 36.0295 0.0156378 -656.838 -800.35 -823.27
  299 298.5 36.0676 0.0156543 -830.66 -823.894 -897.649
  300 299.5 36.0307 0.0156383 -839.452 -563.682 -776.308
  301 300.5 36.124 0.0156788 -911.145 -936.414 -931.377
  302 301.5 36.0406 0.0156426 -782.672 -666.72 -873.279
  303 302.5 35.9807 0.0156166 -581.091 -866.402 -873.849
  304 303.5 36.072 0.0156563 -625.834 -852.634 -675.771
  305 304.5 36.0668 0.015654 -922.853 -1056.61 -1166.72
  306 305.5 35.9502 0.0156034 -983.587 -993.185 -851.711
  307 306.5 36.0091 0.0156289 -632.051 -726.642 -674.128
  308 307.5 36.103 0.0156697 -772.921 -749.289 -890.049
  309 308.5 35.9751 0.0156142 -577.397 -693.284 -895.684
  310 309.5 35.9408 0.0155993 -789.417 -921.394 -912.467
  311 310.5 36.0039 0.0156267 -711.186 -846.535 -768.318
  312 311.5 36.0707 0.0156557 -789.925 -640.592 -808.009
  313 312.5 35.9096 0.0155858 -774.603 -992.148 -971.292
  314 313.5 35.9131 0.0155873 -696.307 -854.489 -906.844
  315 314.5 36.0291 0.0156376 -613.294 -753.374 -713.867
  316 315.5 35.994 0.0156224 -825.384 -899.203 -636.86
  317 316.5 35.8799 0.0155729 -752.366 -980.107 -1000.07
  318 317.5 35.9336 0.0155962 -933.077 -961.584 -936.363
  319 318.5 35.9455 0.0156013 -755.502 -1003.93 -671.804
  320 319.5 35.8966 0.0155801 -825.552 -751.517 -867.091
  321 320.5 35.9133 0.0155874 -718.281 -812.069 -864.211
  322 321.5 35.9786 0.0156157 -892.566 -1059.89 -875.979
  323 322.5 35.8882 0.0155765 -849.914 -863.663 -881.578
  324 323.5 35.9336 0.0155962 -758.222 -847.579 -692.539
  325 324.5 35.9611 0.0156081 -803.933 -952.891 -993.024
  326 325.5 35.9214 0.0155909 -961.05 -805.897 -821.834
  327 326.5 35.8808 0.0155733 -904.026 -809.209 -711.463
  328 327.5 35.9287 0.015594 -968.765 -968.146 -767.092
  329 328.5 35.9264 0.0155931 -1166.23 -1215.46 -1122.51
  330 329.5 35.8615 0.0155649 -1044.86 -1134 -745.523
  331 330.5 35.8937 0.0155789 -940.983 -1182.9 -724.539
  332 331.5 35.9532 0.0156047 -893.716 -984.021 -805.176
  333 332.5 35.8198 0.0155468 -956.284 -683.372 -847.547
  334 333.5 35.8898 0.0155772 -882.21 -798.709 -767.715
  335 334.5 35.8592 0.0155639 -1047.47 -1153.06 -889.601
  336 335.5 35.9261 0.0155929 -952.668 -1098.24 -655.963
  337 336.5 35.8992 0.0155812 -1072.14 -1063.51 -976.511
  338 337.5 35.8155 0.0155449 -1095.27 -820.515 -894.493
  339 338.5 35.9636 0.0156092 -878.32 -851.49 -837.088
  340 339.5 35.9422 0.0155999 -909.829 -554.465 -647.95
  341 340.5 35.8769 0.0155716 -686.026 -693.4 -833.88
  342 341.5 35.9173 0.0155891 -739.514 -732.369 -864.889
  343 342.5 35.9422 0.0155999 -752.389 -882.836 -996.215
  344 343.5 35.9267 0.0155932 -746.041 -727.886 -704.434
  345 344.5 35.9603 0.0156078 -828.562 -840.079 -760.562
  346 345.5 35.9277 0.0155936 -946.353 -830.413 -1066.24
  347 346.5 35.9368 0.0155976 -853.893 -704.025 -844.421
  348 347.5 35.9067 0.0155845 -746.768 -852.406 -770.258
  349 348.5 36.0195 0.0156335 -733.507 -867.963 -879.221
  350 349.5 35.8299 0.0155512 -928.911 -930.844 -963.28
  351 350.5 36.0313 0.0156386 -1076.83 -877.654 -708.361
  352 351.5 35.9361 0.0155973 -687.499 -980.494 -804.667
  353 352.5 35.9628 0.0156089 -921.56 -707.297 -974.936
  354 353.5 35.8735 0.0155701 -880.287 -817.987 -846.511
  355 354.5 35.9521 0.0156042 -923.587 -800.816 -825.329
  356 355.5 36.0068 0.015628 -990.101 -1034.92 -911.801
  357 356.5 35.8601 0.0155643 -972.966 -936.765 -869.194
  358 357.5 35.902 0.0155825 -776.964 -889.133 -935.619
  359 358.5 35.9668 0.0156106 -826.902 -682.1 -809.941
  360 359.5 35.8868 0.0155759 -703.53 -737.272 -909.199
  361 360.5 35.8846 0.0155749 -784.44 -803.77 -1074.36
  362 361.5 35.885 0.0155751 -772.573 -794.304 -951.344
  363 362.5 35.8809 0.0155733 -712.441 -610.652 -644.788
  364 363.5 35.877 0.0155716 -729.986 -584.005 -979.421
  365 364.5 35.8083 0.0155418 -663.695 -648.275 -1111.54
  366 365.5 35.8399 0.0155555 -665.009 -794.404 -946.869
  367 366.5 35.8602 0.0155643 -543.611 -770.136 -837.05
  368 367.5 35.769 0.0155247 -715.512 -754.669 -1059.95
  369 368.5 35.6929 0.0154917 -848.834 -687.58 -1082.69
  370 369.5 35.8008 0.0155386 -624.65 -663.69 -930.143
  371 370.5 35.681 0.0154865 -572.477 -593.519 -873.414
  372 371.5 35.629 0.015464 -473.112 -673.684 -1223.25
  373 372.5 35.6051 0.0154536 -611.856 -487.33 -1111.7
  374 373.5 35.5656 0.0154365 -544.326 -565.924 -980.362
  375 374.5 35.5416 0.0154261 -653.679 -478.037 -979.597
  376 375.5 35.4207 0.0153736 -395.588 -194.197 -1149.71
  377 376.5 35.3543 0.0153447 -581.877 -309.231 -1061.65
  378 377.5 35.2906 0.0153171 -332.668 -407.985 -1193.74
  379 378.5 35.2677 0.0153071 -330.135 -284.448 -1092.13
  380 379.5 35.0546 0.0152147 -349.399 -287.166 -1184.33
  381 380.5 34.9744 0.0151799 -272.688 -277.359 -1082.94
  382 381.5 34.9696 0.0151778 -181.416 -238.983 -964.326
  383 382.5 34.7474 0.0150814 -498.93 -251.779 -1086.58
  384 383.5 34.605 0.0150195 -478.256 -350.618 -1155.13
  385 384.5 34.4712 0.0149615 -442.4 -575.211 -1011.19
  386 385.5 34.3233 0.0148973 -283.412 -561.383 -913.884
  387 386.5 34.1725 0.0148318 -542.663 -679.233 -980.709
  388 387.5 33.9215 0.0147229 -507.421 -685.824 -863.477
  389 388.5 33.8007 0.0146705 -532.504 -797.28 -802.6
  390 389.5 33.6334 0.0145978 -896.7 -816.97 -910.328
  391 390.5 33.4125 0.014502 -1039.85 -931.569 -814.59
  392 391.5 33.2342 0.0144246 -975.558 -988.492 -627.684
  393 392.5 33.0778 0.0143567 -1036.26 -1014.35 -743.76
  394 393.5 32.9038 0.0142812 -1017.54 -1075.68 -802.416
  395 394.5 32.7074 0.0141959 -1017.64 -1101.34 -553.907
  396 395.5 32.5984 0.0141486 -981.26 -988.984 -605.487
  397 396.5 32.4504 0.0140844 -1376.73 -1208.32 -718.897
  398 397.5 32.2991 0.0140187 -1362.72 -1342 -819.951
  399 398.5 32.1442 0.0139515 -1116.55 -1211.34 -634.683
  400 399.5 32.1062 0.013935 -1227.44 -1327.89 -610.406
  401 400.5 31.988 0.0138837 -1098.89 -1245.23 -713.509
  402 401.5 31.8283 0.0138143 -1128.4 -1403.99 -635.97
  403 402.5 31.7748 0.0137912 -1225.94 -1350.24 -882.132
  404 403.5 31.677 0.0137487 -1108.96 -1232.7 -749.058
  405 404.5 31.659 0.0137409 -1049.08 -1261.98 -628.285
  406 405.5 31.5432 0.0136906 -1088.1 -1247.15 -802.538
  407 406.5 31.5638 0.0136996 -1047.38 -1138.38 -865.934
  408 407.5 31.4626 0.0136556 -1116.92 -1160.9 -746.515
  409 408.5 31.4635 0.013656 -1272.36 -1164.23 -810.08
  410 409.5 31.3718 0.0136162 -1225.43 -1115.61 -940.493
  411 410.5 31.3839 0.0136215 -1167.96 -1084.36 -828.304
  412 411.5 31.3923 0.0136251 -1087.75 -1128.15 -747.482
  413 412.5 31.3338 0.0135997 -979.242 -1146.51 -923.331
  414 413.5 31.3141 0.0135912 -1123.96 -1040.92 -930.755
  415 414.5 31.3118 0.0135902 -1170.79 -1016.31 -924.09
  416 415.5 31.2984 0.0135844 -1080.9 -961.859 -886.229
  417 416.5 31.2459 0.0135616 -1023.01 -941.425 -925.125
  418 417.5 31.342 0.0136033 -1094.44 -1040.16 -883.055
  419 418.5 31.3004 0.0135853 -990.6 -1009.87 -1006.96
  420 419.5 31.2317 0.0135554 -1046.06 -868.6 -841.586
  421 420.5 31.2095 0.0135458 -922.951 -1052.54 -893.19
  422 421.5 31.2782 0.0135756 -1155.36 -1172.88 -971.517
  423 422.5 31.3131 0.0135908 -1026.25 -1129.74 -1010.92
  424 423.5 31.2227 0.0135515 -991.776 -993.106 -894.936
  425 424.5 31.2081 0.0135452 -741.572 -833.05 -1083.45
  426 425.5 31.3209 0.0135941 -843.141 -979.054 -891.529
  427 426.5 31.2697 0.0135719 -809.594 -786.613 -892.723
  428 427.5 31.2369 0.0135577 -892.645 -831.898 -988.877
  429 428.5 31.2353 0.013557 -924.672 -815.537 -1059.42
  430 429.5 31.293 0.013582 -1176.15 -1093.41 -955.716
  431 430.5 31.3206 0.013594 -992.826 -1065.12 -902.916
  432 431.5 31.2457 0.0135615 -1029.93 -1161.94 -949.613
  433 432.5 31.2288 0.0135541 -951.379 -1256.28 -1071.96
  434 433.5 31.2888 0.0135802 -1013.53 -1020.04 -946.731
  435 434.5 31.2735 0.0135736 -947.935 -1035.25 -1041.59
  436 435.5 31.2667 0.0135706 -880.483 -1094.97 -946.943
  437 436.5 31.2382 0.0135582 -776.835 -1086.94 -1035.72
  438 437.5 31.3315 0.0135988 -793.117 -1035.47 -835.411
  439 438.5 31.324 0.0135955 -944.981 -1336.9 -882.038
  440 439.5 31.2056 0.0135441 -911.371 -1142.09 -1182.16
  441 440.5 31.2637 0.0135693 -867.752 -1137.38 -1019.7
  442 441.5 31.2912 0.0135813 -893.954 -1043.57 -958.139
  443 442.5 31.2831 0.0135777 -1028.37 -934.922 -927.541
  444 443.5 31.2861 0.013579 -975.452 -883.408 -984.356
  445 444.5 31.2444 0.013561 -1052.34 -998.425 -1023.75
  446 445.5 31.3207 0.013594 -851.068 -1023.69 -974.636
  447 446.5 31.3131 0.0135908 -943.608 -850.235 -978.943
  448 447.5 31.2263 0.0135531 -918.993 -918.751 -896.108
  449 448.5 31.241 0.0135595 -881.323 -1076.65 -1027.85
  450 449.5 31.2801 0.0135764 -889.55 -969.278 -1195.09
  451 450.5 31.2623 0.0135687 -971.318 -1014.73 -973.399
  452 451.5 31.2727 0.0135732 -819.339 -853.078 -890.993
  453 452.5 31.2567 0.0135663 -860.589 -973.617 -1023.56
  454 453.5 31.2922 0.0135817 -980.255 -1016.09 -1048.32
  455 454.5 31.2488 0.0135629 -1070.15 -1100.56 -962.047
  456 455.5 31.2665 0.0135705 -987.539 -1120.62 -970.032
  457 456.5 31.2133 0.0135475 -999.262 -877.271 -1081.4
  458 457.5 31.1823 0.013534 -923.276 -908.792 -1123.39
  459 458.5 31.2057 0.0135441 -944.297 -952.852 -938.223
  460 459.5 31.2107 0.0135463 -906.551 -898.183 -937.475
  461 460.5 31.1834 0.0135345 -879.356 -926.296 -1029.6
  462 461.5 31.1295 0.0135111 -1080.28 -1012.78 -1019.07
  463 462.5 31.1301 0.0135113 -1065.09 -1144.05 -1016.37
  464 463.5 31.0788 0.0134891 -1060.27 -1018.03 -1015.8
  465 464.5 31.078 0.0134887 -1009.42 -1106.71 -958.922
  466 465.5 31.0925 0.013495 -906.649 -1094.59 -1020.18
  467 466.5 31.0206 0.0134638 -992.41 -979.328 -1043.32
  468 467.5 31.0035 0.0134564 -1032.68 -1091.82 -1027.59
  469 468.5 30.9876 0.0134495 -883.405 -1029.67 -971.438
  470 469.5 31.0108 0.0134596 -1017.75 -988.927 -1112.42
  471 470.5 30.8905 0.0134073 -968.587 -807.371 -966.818
  472 471.5 30.9745 0.0134438 -883.467 -866.687 -969.217
  473 472.5 30.9035 0.013413 -856.911 -802.262 -979.998
  474 473.5 30.8271 0.0133798 -806.042 -868.159 -1037.25
  475 474.5 30.8008 0.0133684 -1055.06 -1078.56 -1061.26
  476 475.5 30.8 0.0133681 -865.837 -912.34 -1089.37
  477 476.5 30.7693 0.0133547 -911.949 -936.19 -916.212
  478 477.5 30.6733 0.013313 -902.333 -827.58 -1202.47
  479 478.5 30.6677 0.0133106 -974.547 -976.222 -1271.05
  480 479.5 30.6093 0.0132853 -817.768 -881.81 -1170.62
67500000 480 11027.000000000004
  1 0.5 30.6776 0.0133149 -795.397 -947.359 -1232.36
  2 1.5 30.7329 0.0133389 -832.937 -845.62 -1199.04
  3 2.5 30.6573 0.0133061 -648.448 -666.054 -1405.59
  4 3.5 30.5218 0.0132473 -655.365 -699.758 -1496.72
  5 4.5 30.5147 0.0132442 -525.304 -436.782 -1658.37
  6 5.5 30.4156 0.0132012 -449.141 -301.052 -1660.95
  7 6.5 30.3059 0.0131536 -137.604 -83.3362 -1696.37
  8 7.5 30.1225 0.013074 124.802 -77.9957 -1897.03
  9 8.5 29.9571 0.0130022 180.361 25.8576 -2424.77
  10 9.5 29.7142 0.0128968 536.512 482.081 -2166.74
  11 10.5 29.4292 0.0127731 947.604 904.755 -2386.58
  12 11.5 29.0196 0.0125953 1267.22 1435.07 -2502.01
  13 12.5 28.505 0.012372 1665.69 1551.05 -2642.27
  14 13.5 27.7717 0.0120537 2304.26 2080.64 -2480.66
  15 14.5 26.9642 0.0117032 2781.55 2861.27 -2332.22
  16 15.5 25.9255 0.0112524 3233.45 3168.04 -2111.55
  17 16.5 24.5973 0.0106759 3530.79 3502.32 -1649.19
  18 17.5 22.9924 0.00997933 3777.25 3590.33 -1254.48
  19 18.5 21.2979 0.00924386 3745.52 3741.12 -504.805
  20 19.5 19.2861 0.00837072 3538.66 3511.68 107.602
  21 20.5 17.0909 0.00741791 3075.7 2969.08 723.367
  22 21.5 14.8706 0.00645425 2483.24 2357.48 1283.67
  23 22.5 12.7111 0.00551696 1728.67 1336.02 1856
  24 23.5 10.6346 0.00461572 400.072 403.724 1975.69
  25 24.5 8.72202 0.0037856 -1282.5 -867.819 1615.06
  26 25.5 7.1209 0.00309067 -2904.75 -2675.31 1333.34
  27 26.5 5.82863 0.00252979 -4594.71 -4534.8 323.15
  28 27.5 4.78988 0.00207894 -6733.61 -6629.91 -1042.41
  29 28.5 3.96743 0.00172198 -8579.24 -8452.55 -2945.62
  30 29.5 3.35678 0.00145693 -9969.87 -9837.71 -4653.15
  31 30.5 2.91278 0.00126423 -11926.3 -11730.9 -6916.48
  32 31.5 2.58648 0.0011226 -13320.5 -13255.3 -8618.41
  33 32.5 2.33699 0.00101432 -14407.7 -13979 -10677.6
  34 33.5 2.17415 0.000943642 -15506.8 -14748.8 -12238.2
  35 34.5 2.0603 0.000894226 -15797.9 -15324.3 -13416.3
  36 35.5 1.98466 0.000861396 -16274.3 -16216.3 -14245
  37 36.5 1.92009 0.000833372 -16407.2 -16330.3 -15136.8
  38 37.5 1.87294 0.00081291 -16470 -16451.7 -15794.7
  39 38.5 1.8544 0.000804861 -16635 -16795.7 -15968.1
  40 39.5 1.83307 0.000795604 -17166.5 -17189.4 -16292
  41 40.5 1.80093 0.000781653 -16939.7 -16916 -16741.9
  42 41.5 1.77236 0.000769253 -17248.4 -17228.4 -17185.4
  43 42.5 1.75794 0.000762993 -17585.1 -16912.5 -17357.9
  44 43.5 1.77084 0.000768594 -17611.4 -16899.5 -17159.1
  45 44.5 1.773 0.000769531 -17456.2 -17287.9 -17226.1
  46 45.5 1.76464 0.000765903 -17344.5 -17616.4 -17345.8
  47 46.5 1.75242 0.000760601 -17262.3 -17822.3 -17556.5
  48 47.5 1.74277 0.00075641 -17093.9 -17481.7 -17375.2
  49 48.5 1.74426 0.000757056 -16966.4 -17481.6 -17670.1
  50 49.5 1.74118 0.000755719 -17275.1 -17399.5 -17736.8
  51 50.5 1.7319 0.000751694 -17411 -17470.4 -17739.2
  52 51.5 1.71736 0.000745382 -17227 -17522.5 -17837.2
  53 52.5 1.72438 0.000748431 -17266.5 -18089.9 -17823.5
  54 53.5 1.74228 0.000756198 -17455 -18109.8 -17501.3
  55 54.5 1.73923 0.000754875 -17064.2 -18035.7 -17641.9
  56 55.5 1.73694 0.000753878 -17188.6 -17579.8 -17701.7
  57 56.5 1.72054 0.000746764 -17391 -17604.7 -17804
  58 57.5 1.71604 0.000744809 -17649.4 -17474.6 -17931.3
  59 58.5 1.71989 0.000746479 -17513.5 -17501.7 -17963.3
  60 59.5 1.73827 0.000754458 -18000.5 -17693.8 -17703.3
  61 60.5 1.74538 0.000757542 -17660.3 -17280.3 -17536.7
  62 61.5 1.75059 0.000759806 -17503.6 -17438.9 -17497.6
  63 62.5 1.7606 0.000764149 -17540.3 -17019.9 -17399.9
  64 63.5 1.75718 0.000762667 -17556.1 -17106.4 -17466.2
  65 64.5 1.75489 0.00076167 -17454.3 -17120.8 -17688.8
  66 65.5 1.76073 0.000764205 -17524.1 -17279.3 -17449.7
  67 66.5 1.77946 0.000772337 -17557.8 -17688.3 -17276.7
  68 67.5 1.80191 0.00078208 -17302.6 -17545 -16947.6
  69 68.5 1.78746 0.000775809 -17566.2 -17707.6 -17063.1
  70 69.5 1.7638 0.000765538 -17417.1 -17567.2 -17472.9
  71 70.5 1.76076 0.000764219 -17734.6 -17613.8 -17483.5
  72 71.5 1.75078 0.000759885 -17300.6 -17481.9 -17603
  73 72.5 1.76622 0.000766587 -17371.8 -17438.2 -17413.6
  74 73.5 1.75585 0.000762087 -17345.8 -17717.2 -17511.8
  75 74.5 1.76325 0.000765299 -17517.7 -17982.6 -17323.9
  76 75.5 1.76493 0.000766028 -17994.4 -17890.3 -17464.4
  77 76.5 1.77306 0.000769559 -18255.2 -17703.6 -17353.1
  78 77.5 1.77016 0.000768299 -17616.9 -18265 -17428.5
  79 78.5 1.7645 0.00076584 -17226.7 -18051.7 -17272.7
  80 79.5 1.76359 0.000765448 -17578.2 -17833.5 -17365.9
  81 80.5 1.76838 0.000767524 -17841.4 -17677.4 -17385
  82 81.5 1.76374 0.000765514 -17610.6 -17717.1 -17360
  83 82.5 1.77275 0.000769424 -17492.5 -17623.3 -17378.3
  84 83.5 1.77244 0.000769288 -17663.1 -17446 -17453.9
  85 84.5 1.77683 0.000771194 -17747.1 -17041.4 -17278
  86 85.5 1.75729 0.000762712 -17912.1 -17260.5 -17467.3
  87 86.5 1.77889 0.000772087 -17446.4 -17127.6 -17230.7
  88 87.5 1.78127 0.000773122 -17366.3 -17593.1 -17246.7
  89 88.5 1.78206 0.000773465 -17487.1 -17101.5 -17234.6
  90 89.5 1.76022 0.000763983 -17459.7 -17299.3 -17479.2
  91 90.5 1.76215 0.000764823 -17714.9 -17722.3 -17349.8
  92 91.5 1.77659 0.00077109 -17483.6 -17811.3 -17187.3
  93 92.5 1.78517 0.000774813 -17586 -17851 -17394.8
  94 93.5 1.76985 0.000768163 -17728.9 -17609.5 -17278.6
  95 94.5 1.76914 0.000767854 -17515.7 -17681.3 -17501.5
  96 95.5 1.77333 0.000769674 -17809 -17690.3 -17220.3
  97 96.5 1.75898 0.000763444 -17746.7 -17860.9 -17453.5
  98 97.5 1.74642 0.000757993 -17406.7 -17375 -17568.2
  99 98.5 1.75657 0.000762399 -17330.8 -17464.9 -17519.6
  100 99.5 1.72581 0.000749049 -17604.7 -17378.7 -17755.8
  101 100.5 1.72745 0.00074976 -17462.2 -17497.7 -17677.9
  102 101.5 1.72832 0.000750139 -17467.5 -17412.4 -17868.8
  103 102.5 1.74838 0.000758847 -17692.1 -17782.7 -17506.1
  104 103.5 1.72726 0.000749681 -17475.5 -17641.4 -17764.3
  105 104.5 1.72107 0.000746993 -17521.1 -17677 -18021.8
  106 105.5 1.723 0.00074783 -17535.6 -17439 -17760.1
  107 106.5 1.73322 0.000752267 -17689.8 -17573.7 -17701.6
  108 107.5 1.75037 0.000759708 -17480.1 -17643.5 -17400.3
  109 108.5 1.75035 0.000759701 -17430 -17603.2 -17474.8
  110 109.5 1.74497 0.000757365 -18006.1 -18006.4 -17789.8
  111 110.5 1.72503 0.000748712 -17765.1 -17777.9 -17867.4
  112 111.5 1.73567 0.00075333 -18040.8 -17501.6 -17662.6
  113 112.5 1.72484 0.000748628 -17556.1 -17912.6 -17702.4
  114 113.5 1.74525 0.000757486 -17444.7 -17688.3 -17662.8
  115 114.5 1.72389 0.000748215 -17549.7 -17045.4 -17792.7
  116 115.5 1.74274 0.000756396 -17382.1 -17606.7 -17584.5
  117 116.5 1.72198 0.000747385 -17752.8 -17340 -17893.9
  118 117.5 1.73472 0.000752917 -17636.5 -17245.8 -17675.6
  119 118.5 1.7522 0.000760503 -17615.7 -17679.1 -17617.6
  120 119.5 1.74699 0.000758243 -17475.5 -17702.4 -17577.8
  121 120.5 1.73559 0.000753295 -17576.6 -17447 -17642.3
  122 121.5 1.75991 0.000763851 -17572.7 -17332.5 -17431.4
  123 122.5 1.73286 0.000752111 -17817.1 -17445.8 -17774.6
  124 123.5 1.74062 0.000755479 -17690.9 -17801.1 -17686.2
  125 124.5 1.75734 0.000762733 -17358.3 -17436.6 -17395.8
  126 125.5 1.7504 0.000759722 -17483.3 -17325.4 -17476.6
  127 126.5 1.74174 0.000755962 -17513.5 -17161.1 -17764.1
  128 127.5 1.74449 0.000757156 -17359.8 -17341.6 -17625.3
  129 128.5 1.73862 0.000754611 -17518.9 -17372.4 -17664.1
  130 129.5 1.73955 0.000755014 -17413.3 -17083.6 -17608.5
  131 130.5 1.72325 0.000747938 -17703.4 -17446.8 -17730
  132 131.5 1.73107 0.000751333 -17622.3 -17616.1 -17710.2
  133 132.5 1.73771 0.000754215 -17640.9 -17691 -17734.6
  134 133.5 1.7311 0.000751347 -17665.3 -17647.9 -17819
  135 134.5 1.73242 0.000751917 -17360.3 -17983.4 -17589.7
  136 135.5 1.72399 0.00074826 -17473.9 -17656.2 -17809.9
  137 136.5 1.73409 0.000752642 -17644.4 -17321.1 -17719.7
  138 137.5 1.72369 0.000748128 -17666.3 -17327.3 -17913.8
  139 138.5 1.74906 0.000759139 -17923.6 -17553.9 -17577.7
  140 139.5 1.76099 0.000764319 -17871.4 -17183 -17411.7
  141 140.5 1.75974 0.000763778 -17493.7 -17244 -17341.7
  142 141.5 1.76568 0.000766354 -17235 -17132.6 -17458.5
  143 142.5 1.76312 0.000765243 -18097.1 -17106.4 -17412.6
  144 143.5 1.7629 0.000765146 -17397.3 -17221.5 -17391.6
  145 144.5 1.78105 0.000773024 -17585.4 -17143.6 -17337.2
  146 145.5 1.78212 0.00077349 -17554.7 -16909.9 -17174.6
  147 146.5 1.77659 0.00077109 -17246.5 -16939.9 -17444.3
  148 147.5 1.78974 0.000776795 -17274.5 -16971.8 -17025.4
  149 148.5 1.78319 0.000773955 -17577.8 -17219.4 -17349.3
  150 149.5 1.76602 0.0007665 -17746.5 -17342.8 -17399.3
  151 150.5 1.77449 0.000770177 -17930.7 -17289.3 -17322.2
  152 151.5 1.77497 0.000770385 -17331.3 -17483 -17194
  153 152.5 1.75161 0.000760247 -17740.1 -17610.8 -17541.7
  154 153.5 1.75295 0.00076083 -17849.1 -17451.1 -17467.7
  155 154.5 1.75626 0.000762267 -18087.4 -17939.7 -17409.3
  156 155.5 1.74997 0.000759535 -17940 -17580.9 -17454.2
  157 156.5 1.75411 0.000761333 -17842.7 -17373.8 -17419.8
  158 157.5 1.75756 0.00076283 -17529.6 -17200.3 -17277.6
  159 158.5 1.76166 0.000764608 -17474.6 -17104.7 -17337.1
  160 159.5 1.77359 0.000769788 -17417.1 -16903.4 -17017.3
  161 160.5 1.78629 0.000775299 -17309.5 -17223 -16836.1
  162 161.5 1.79762 0.000780215 -17445.1 -17279.1 -16619.9
  163 162.5 1.81989 0.000789882 -17119.8 -17375.9 -16238.1
  164 163.5 1.87943 0.000815726 -16838.3 -16840.2 -15461.1
  165 164.5 1.93144 0.000838299 -16272.5 -16373.8 -14790.4
  166 165.5 2.0178 0.000875781 -15842.3 -16001.6 -13748.4
  167 166.5 2.08782 0.000906174 -15341.8 -15029.1 -12973.1
  168 167.5 2.25762 0.000979872 -14523.9 -14656.1 -11254.8
  169 168.5 2.46989 0.001072 -13382.9 -13740.8 -9334.71
  170 169.5 2.7662 0.00120061 -12331 -12546.2 -7598.21
  171 170.5 3.1645 0.00137348 -10576.3 -11108.1 -5564.73
  172 171.5 3.70977 0.00161014 -9208.66 -9147.63 -3589.87
  173 172.5 4.43879 0.00192656 -7308.23 -7114.57 -1734
  174 173.5 5.41889 0.00235195 -5246.97 -5343.04 -15.1099
  175 174.5 6.67261 0.0028961 -3222.82 -3426.24 1063.43
  176 175.5 8.1578 0.00354071 -1707.27 -1536.2 1705.57
  177 176.5 9.9162 0.00430391 -213.889 -104.175 1790.56
  178 177.5 11.9858 0.00520217 1074.56 1017.31 1892.1
  179 178.5 14.1569 0.00614448 2210.28 2074.53 1620.98
  180 179.5 16.3787 0.00710882 3139.83 2959.86 1099.32
  181 180.5 18.5526 0.00805235 3403.33 3390.2 258.223
  182 181.5 20.63 0.00895401 3672.51 3560.08 -320.756
  183 182.5 22.5498 0.00978724 3730.87 3671.57 -881.757
  184 183.5 24.1629 0.0104874 3443.94 3502.01 -1433.25
  185 184.5 25.5613 0.0110943 3285.13 3265.89 -1930.17
  186 185.5 26.6891 0.0115838 2706.82 2749.46 -2265.15
  187 186.5 27.658 0.0120044 2456.68 2471.2 -2335.26
  188 187.5 28.2791 0.0122739 1717.87 1892.73 -2581.46
  189 188.5 28.8966 0.0125419 1430.85 1447.77 -2528.04
  190 189.5 29.4392 0.0127774 981.84 872.138 -2376.69
  191 190.5 29.7128 0.0128962 617.401 604.905 -2317.87
  192 191.5 29.9452 0.012997 263.481 407.16 -2258.15
  193 192.5 30.3004 0.0131512 109.33 203.745 -1842.03
  194 193.5 30.385 0.0131879 24.0698 -111.467 -1844.88
  195 194.5 30.623 0.0132912 -202.124 -13.427 -1728.26
  196 195.5 30.6711 0.0133121 -435.851 -405.244 -1680.61
  197 196.5 30.7956 0.0133662 -413.472 -673.64 -1486.81
  198 197.5 30.8637 0.0133957 -558.917 -737.138 -1322.32
  199 198.5 31.0599 0.0134809 -624.034 -721.215 -1220.33
  200 199.5 30.9857 0.0134486 -708.971 -746.597 -1351.09
  201 200.5 30.9545 0.0134351 -695.43 -644.594 -1189.4
  202 201.5 31.1314 0.0135119 -799.113 -770.595 -1087.82
  203 202.5 31.1902 0.0135374 -848.748 -807.973 -1103.74
  204 203.5 31.1999 0.0135416 -917.805 -1009.98 -1051.99
  205 204.5 31.1712 0.0135292 -1043.89 -1027.24 -1038.61
  206 205.5 31.3002 0.0135852 -890.668 -786.298 -952.131
  207 206.5 31.3868 0.0136227 -928.497 -936.896 -891.694
  208 207.5 31.3261 0.0135964 -878.75 -1011.14 -912.623
  209 208.5 31.3613 0.0136117 -987.71 -1028.03 -1023.33
  210 209.5 31.4497 0.01365 -985.713 -1113.82 -937.821
  211 210.5 31.4624 0.0136556 -807.137 -932.134 -724.675
  212 211.5 31.5697 0.0137021 -1060.51 -1198.22 -868.848
  213 212.5 31.5336 0.0136865 -947.102 -984.464 -894.759
  214 213.5 31.6428 0.0137339 -964.003 -1097.06 -909.402
  215 214.5 31.752 0.0137813 -1057.63 -984.608 -706.831
  216 215.5 31.813 0.0138077 -1150.84 -1042.54 -793.102
  217 216.5 31.8767 0.0138354 -984.327 -1104.16 -752.643
  218 217.5 31.925 0.0138564 -1126.62 -988.836 -851.369
  219 218.5 32.0577 0.0139139 -1105.8 -930.248 -775.434
  220 219.5 32.2057 0.0139782 -1131.88 -901.881 -624.922
  221 220.5 32.2624 0.0140028 -1119.34 -1085.83 -835.887
  222 221.5 32.2927 0.0140159 -1063.19 -1000.73 -794.33
  223 222.5 32.5237 0.0141162 -1224.98 -1020.09 -860.02
  224 223.5 32.6935 0.0141899 -819.072 -962.333 -544.546
  225 224.5 32.6966 0.0141912 -996.842 -838.148 -800.048
  226 225.5 32.8216 0.0142455 -1110.09 -974.414 -987.198
  227 226.5 33.0648 0.014351 -971.656 -719.682 -876.858
  228 227.5 33.2568 0.0144344 -702.668 -888.169 -690.368
  229 228.5 33.2799 0.0144444 -768.538 -960.651 -809.108
  230 229.5 33.4674 0.0145258 -605.803 -747.888 -979.595
  231 230.5 33.6378 0.0145998 -678.184 -737.405 -863.458
  232 231.5 33.7789 0.014661 -554.601 -634.532 -733.268
  233 232.5 33.8012 0.0146706 -473.925 -604.703 -1048.07
  234 233.5 34.0142 0.0147631 -520.238 -609.281 -983.955
  235 234.5 34.0908 0.0147964 -665.584 -825.146 -1039.02
  236 235.5 34.2127 0.0148493 -508.264 -550.441 -813.058
  237 236.5 34.3373 0.0149034 -493.158 -551.903 -905.345
  238 237.5 34.4562 0.0149549 -628.361 -361.508 -1106.05
  239 238.5 34.4918 0.0149704 -779.55 -581.932 -882.064
  240 239.5 34.6656 0.0150458 -978.522 -830.564 -1055.75
  241 240.5 34.7429 0.0150794 -712.703 -704.242 -1000.98
  242 241.5 34.8382 0.0151207 -712.46 -663.497 -1083.48
  243 242.5 34.871 0.015135 -433.872 -489.538 -918.658
  244 243.5 35.0235 0.0152012 -440.966 -558.582 -832.936
  245 244.5 35.1221 0.0152439 -443.002 -647.514 -971.793
  246 245.5 35.1323 0.0152484 -726.348 -688.664 -1078.02
  247 246.5 35.1845 0.015271 -679.067 -1046.1 -1205.2
  248 247.5 35.2703 0.0153083 -785.298 -737.197 -859.279
  249 248.5 35.3728 0.0153528 -804.036 -725.21 -924.641
  250 249.5 35.3511 0.0153433 -796.083 -811.796 -1120.3
  251 250.5 35.4075 0.0153679 -693.146 -626.862 -1022.36
  252 251.5 35.5312 0.0154215 -743.634 -835 -963.636
  253 252.5 35.5593 0.0154337 -561.754 -666.024 -870.578
  254 253.5 35.4782 0.0153985 -691.234 -717.147 -998.323
  255 254.5 35.6433 0.0154702 -656.768 -591.145 -934.244
  256 255.5 35.6476 0.0154721 -835.106 -568.912 -1050.82
  257 256.5 35.5807 0.015443 -885.319 -783.991 -985.703
  258 257.5 35.6711 0.0154822 -696.674 -466.245 -865.586
  259 258.5 35.767 0.0155239 -871.971 -648.407 -1051.27
  260 259.5 35.6337 0.015466 -688.397 -671.447 -860.283
  261 260.5 35.7048 0.0154969 -1022.78 -733.612 -931.372
  262 261.5 35.8203 0.015547 -808.133 -749.881 -853.59
  263 262.5 35.7275 0.0155067 -806.716 -947.888 -991.05
  264 263.5 35.6994 0.0154945 -723.238 -882.7 -703.936
  265 264.5 35.7713 0.0155257 -905.77 -994.616 -1014.43
  266 265.5 35.8319 0.0155521 -922.687 -1115.51 -924.217
  267 266.5 35.6961 0.0154931 -778.202 -922.161 -824.625
  268 267.5 35.7419 0.015513 -879.098 -955.472 -889.145
  269 268.5 35.8087 0.015542 -794.574 -1031.81 -831.188
  270 269.5 35.7896 0.0155337 -744.994 -872.677 -846.064
  271 270.5 35.7025 0.0154959 -524.907 -740.368 -774.42
  272 271.5 35.794 0.0155356 -807.268 -829.701 -923.705
  273 272.5 35.8178 0.0155459 -725.159 -678.293 -813.282
  274 273.5 35.7246 0.0155055 -803.897 -969.189 -880.86
  275 274.5 35.7654 0.0155232 -969.142 -968.371 -826.157
  276 275.5 35.8863 0.0155756 -867.334 -691.958 -729.903
  277 276.5 35.7687 0.0155246 -1035.11 -808.039 -926.174
  278 277.5 35.812 0.0155434 -935.192 -977.479 -765.682
  279 278.5 35.8085 0.0155419 -1157.17 -988.813 -854.117
  280 279.5 35.9224 0.0155913 -1066.23 -1061.53 -950.132
  281 280.5 35.8449 0.0155577 -825.066 -869.46 -892.202
  282 281.5 35.8633 0.0155657 -728.976 -809.343 -640.791
  283 282.5 35.8504 0.0155601 -774.178 -781.02 -843.089
  284 283.5 35.944 0.0156007 -870.392 -805.997 -994.338
  285 284.5 35.8262 0.0155495 -956.803 -707.635 -863.745
  286 285.5 35.8951 0.0155795 -900.238 -904.812 -808.261
  287 286.5 35.9288 0.0155941 -989.29 -994.475 -819.651
  288 287.5 35.9391 0.0155986 -994.44 -913.534 -989.671
  289 288.5 35.8552 0.0155621 -767.691 -759.676 -856.9
  290 289.5 35.9465 0.0156018 -760.689 -793.77 -759.342
  291 290.5 35.9583 0.0156069 -853.829 -902.625 -940.474
  292 291.5 35.8984 0.0155809 -637.906 -733.4 -914.329
  293 292.5 35.8829 0.0155742 -608.641 -495.711 -789.38
  294 293.5 35.9576 0.0156066 -626.897 -677.611 -991.473
  295 294.5 35.9585 0.015607 -753.137 -450.695 -884.964
  296 295.5 35.8716 0.0155693 -910.576 -901.257 -797.758
  297 296.5 35.9404 0.0155991 -650.762 -757.768 -906.252
  298 297.5 35.9364 0.0155974 -933.813 -951.412 -980.291
  299 298.5 35.9284 0.0155939 -733.093 -885.417 -800.379
  300 299.5 35.8979 0.0155807 -753.751 -853.97 -882.14
  301 300.5 35.9655 0.01561 -524.572 -778.532 -847.604
  302 301.5 35.8471 0.0155586 -529.384 -534.34 -803.945
  303 302.5 35.9148 0.015588 -813.997 -799.329 -822.037
  304 303.5 35.8377 0.0155545 -922.522 -901.306 -964.241
  305 304.5 35.8847 0.0155749 -902.146 -1168.66 -818.853
  306 305.5 35.8477 0.0155589 -862.911 -911.895 -780.196
  307 306.5 35.776 0.0155278 -842.612 -1113.82 -825.028
  308 307.5 35.8582 0.0155635 -678.811 -898.924 -820.107
  309 308.5 35.8418 0.0155564 -816.685 -936.781 -839.593
  310 309.5 35.7571 0.0155196 -743.825 -816.698 -611.04
  311 310.5 35.8142 0.0155443 -927.229 -927.927 -955.859
  312 311.5 35.8699 0.0155685 -920.977 -661.528 -855.94
  313 312.5 35.7664 0.0155236 -1047.51 -723.239 -738.569
  314 313.5 35.7991 0.0155378 -809.216 -745.809 -829.839
  315 314.5 35.8901 0.0155773 -715.71 -657.857 -909.488
  316 315.5 35.813 0.0155438 -758.587 -737.949 -790.224
  317 316.5 35.8028 0.0155394 -816.009 -738.054 -675.941
  318 317.5 35.8651 0.0155665 -1046.32 -922.834 -975.705
  319 318.5 35.8504 0.0155601 -953.543 -976.378 -965.048
  320 319.5 35.7696 0.015525 -935.085 -791.819 -855.688
  321 320.5 35.8544 0.0155618 -747.806 -767.798 -790.7
  322 321.5 35.8854 0.0155753 -973.909 -776.733 -950.993
  323 322.5 35.7848 0.0155316 -971.112 -993.198 -790.756
  324 323.5 35.8438 0.0155572 -1015.6 -913.469 -790.245
  325 324.5 35.8428 0.0155568 -936.723 -893.757 -1005.19
  326 325.5 35.8075 0.0155415 -813.033 -862.115 -801.001
  327 326.5 35.7553 0.0155188 -973.365 -926.424 -894.073
  328 327.5 35.8615 0.0155649 -875.726 -862.11 -770.179
  329 328.5 35.7669 0.0155238 -807.455 -837.299 -715.179
  330 329.5 35.7363 0.0155105 -755.002 -817.351 -850.726
  331 330.5 35.7869 0.0155325 -895.6 -838.918 -889.81
  332 331.5 35.7435 0.0155137 -964.529 -1035.89 -750.026
  333 332.5 35.8249 0.015549 -773.389 -1013.63 -695.091
  334 333.5 35.7 0.0154948 -802.93 -1110.63 -883.312
  335 334.5 35.707 0.0154978 -811.563 -883.725 -778.245
  336 335.5 35.8032 0.0155396 -949.669 -929.76 -782.025
  337 336.5 35.7982 0.0155374 -938.212 -827.653 -679.94
  338 337.5 35.7496 0.0155163 -987.634 -985.341 -889.101
  339 338.5 35.7735 0.0155267 -751.634 -864.704 -835.867
  340 339.5 35.8068 0.0155411 -1097.92 -736.482 -749.053
  341 340.5 35.842 0.0155564 -962.751 -927.088 -839.451
  342 341.5 35.8291 0.0155508 -749.779 -602.728 -743.86
  343 342.5 35.868 0.0155677 -705.774 -575.95 -799.313
  344 343.5 35.8319 0.0155521 -669.036 -659.942 -826.558
  345 344.5 35.8714 0.0155692 -681.185 -687.124 -912.291
  346 345.5 35.8816 0.0155736 -729.798 -698.083 -1051.95
  347 346.5 35.87 0.0155686 -591.051 -682.607 -611.472
  348 347.5 35.9586 0.015607 -482.055 -722.865 -808.594
  349 348.5 35.9293 0.0155943 -318.634 -719.309 -939.362
  350 349.5 35.9233 0.0155917 -586.518 -735.199 -840.548
  351 350.5 35.9581 0.0156068 -721.003 -645.756 -888.413
  352 351.5 36.0041 0.0156268 -663.44 -569.753 -825.541
  353 352.5 35.9098 0.0155858 -720.597 -816.633 -928.796
  354 353.5 36.0368 0.015641 -900.669 -916.889 -936.286
  355 354.5 36.0033 0.0156265 -689.133 -1080.03 -879.218
  356 355.5 35.9628 0.0156089 -996.963 -1064.19 -775.258
  357 356.5 36.0029 0.0156263 -1016.99 -1010.19 -1030.11
  358 357.5 36.038 0.0156415 -948.35 -889.251 -982.918
  359 358.5 35.9767 0.0156149 -818.099 -1023.08 -700.131
  360 359.5 35.9918 0.0156214 -639.388 -595.869 -753.573
  361 360.5 36.0467 0.0156453 -866.822 -857.074 -1185.13
  362 361.5 35.9374 0.0155978 -862.692 -911.048 -845.631
  363 362.5 36.0613 0.0156516 -783.868 -919.05 -723.548
  364 363.5 35.9957 0.0156231 -879.397 -872.478 -1152.68
  365 364.5 35.978 0.0156155 -680.079 -707.034 -825.506
  366 365.5 35.9939 0.0156223 -643.386 -883.008 -803.836
  367 366.5 36.0242 0.0156355 -818.939 -869.315 -901.874
  368 367.5 35.9062 0.0155843 -731.083 -872.41 -929.921
  369 368.5 35.9077 0.0155849 -757.277 -888.327 -1012.54
  370 369.5 35.9538 0.015605 -805.914 -766.62 -937.276
  371 370.5 35.9088 0.0155854 -762.554 -613.94 -805.164
  372 371.5 35.8825 0.015574 -989.096 -1096.56 -1123.85
  373 372.5 35.8334 0.0155527 -710.228 -802.111 -1112.12
  374 373.5 35.8843 0.0155748 -813.238 -756.304 -930.468
  375 374.5 35.8235 0.0155484 -541.728 -604.031 -902.616
  376 375.5 35.7841 0.0155313 -446.519 -503.321 -1007.69
  377 376.5 35.6967 0.0154934 -333.54 -341.098 -1187.88
  378 377.5 35.7423 0.0155132 -222.993 -246.091 -989.505
  379 378.5 35.6538 0.0154747 -441.449 -420.351 -1195.66
  380 379.5 35.5659 0.0154366 -545.3 -421.857 -1150.66
  381 380.5 35.5097 0.0154122 -588.128 -529.502 -1184.54
  382 381.5 35.4798 0.0153992 -357.939 -290.483 -990.559
  383 382.5 35.2631 0.0153052 -164.187 -373.136 -1177.12
  384 383.5 35.2007 0.0152781 -179.28 -241.62 -1144.86
  385 384.5 35.1636 0.015262 -223.79 -474.874 -978.111
  386 385.5 34.979 0.0151819 -169.907 -400.506 -1171.3
  387 386.5 34.782 0.0150964 -229.039 -423.624 -1038.82
  388 387.5 34.7275 0.0150727 -442.773 -356.932 -1012.63
  389 388.5 34.559 0.0149996 -485.417 -353.274 -1020.92
  390 389.5 34.3903 0.0149263 -615.689 -423.164 -928.052
  391 390.5 34.1483 0.0148213 -538.185 -432.031 -964.485
  392 391.5 34.1105 0.0148049 -637.823 -566.817 -867.236
  393 392.5 33.8914 0.0147098 -522.598 -533.955 -712.507
  394 393.5 33.6763 0.0146164 -802.879 -941.925 -940.757
  395 394.5 33.5347 0.014555 -756.09 -791.369 -771.396
  396 395.5 33.3818 0.0144886 -1016.31 -946.224 -715.815
  397 396.5 33.2028 0.0144109 -1042.65 -964.988 -661.342
  398 397.5 33.0376 0.0143392 -926.412 -1138.24 -697.417
  399 398.5 32.822 0.0142457 -1123.28 -1120.1 -877.913
  400 399.5 32.6926 0.0141895 -878.97 -778.533 -519.377
  401 400.5 32.5224 0.0141156 -879.366 -850.997 -628.988
  402 401.5 32.4182 0.0140704 -964.169 -998.689 -759.494
  403 402.5 32.2405 0.0139933 -1145.33 -1041.27 -705.681
  404 403.5 32.142 0.0139505 -1395.75 -1214.15 -712.496
  405 404.5 32.0556 0.013913 -1332.8 -1293.01 -675.105
  406 405.5 31.939 0.0138624 -1160.67 -1222.56 -670.129
  407 406.5 31.8168 0.0138094 -1189.26 -1192.94 -794.289
  408 407.5 31.7788 0.0137929 -1075.89 -1148.74 -694.505
  409 408.5 31.6688 0.0137452 -1085 -1137.07 -745.775
  410 409.5 31.568 0.0137014 -1076.87 -1199.97 -864.292
  411 410.5 31.4683 0.0136581 -1041.28 -1153.44 -864.283
  412 411.5 31.5742 0.0137041 -937.812 -950.827 -736.433
  413 412.5 31.4005 0.0136287 -1123.63 -1099.64 -945.673
  414 413.5 31.4209 0.0136375 -1120.07 -929.803 -732.482
  415 414.5 31.3316 0.0135988 -1064.66 -889.163 -858.789
  416 415.5 31.3347 0.0136001 -1097.81 -1187.74 -937.097
  417 416.5 31.3002 0.0135852 -977.412 -917.644 -876.047
  418 417.5 31.2083 0.0135453 -767.211 -895.305 -848.654
  419 418.5 31.226 0.013553 -672.457 -1007.27 -929.731
  420 419.5 31.1675 0.0135276 -655.29 -925.094 -936.497
  421 420.5 31.1744 0.0135306 -939.386 -1019.25 -908.315
  422 421.5 31.1202 0.013507 -808.459 -976.535 -856.256
  423 422.5 31.0886 0.0134933 -810.934 -934.663 -938.047
  424 423.5 31.1284 0.0135106 -987.959 -1061.01 -904.321
  425 424.5 31.0651 0.0134831 -1108.44 -1178.41 -964.207
  426 425.5 30.9878 0.0134496 -975.691 -1267.55 -1064.12
  427 426.5 31.0851 0.0134918 -973.673 -942.356 -808.112
  428 427.5 31.0624 0.0134819 -1055.71 -1057.44 -1057.92
  429 428.5 31.0188 0.013463 -1067.98 -994.812 -834.347
  430 429.5 30.9886 0.0134499 -1389.03 -1083.97 -1068.16
  431 430.5 31.0472 0.0134754 -1038.72 -1073.26 -849.44
  432 431.5 31.0102 0.0134593 -1126.6 -1018.84 -903.179
  433 432.5 30.929 0.0134241 -1108.7 -1212.45 -1035.73
  434 433.5 31.0476 0.0134755 -1221.55 -1134.04 -1020.37
  435 434.5 31.0001 0.0134549 -958.372 -1117.45 -1005.33
  436 435.5 30.9594 0.0134372 -977.966 -1068.18 -959.41
  437 436.5 31.0011 0.0134553 -960.02 -905.15 -993.246
  438 437.5 30.9864 0.0134489 -1017.44 -1068.43 -1020.81
  439 438.5 30.9798 0.0134461 -927.531 -918.654 -853.178
  440 439.5 30.9614 0.0134381 -860.615 -887.082 -1003.66
  441 440.5 30.9392 0.0134285 -807.613 -994.353 -1100.86
  442 441.5 30.891 0.0134076 -894.538 -933.444 -994.193
  443 442.5 30.9675 0.0134408 -1002.82 -790.71 -891.629
  444 443.5 30.9118 0.0134166 -1193.92 -927.3 -1055.31
  445 444.5 30.868 0.0133976 -1066.2 -1045.49 -964.748
  446 445.5 30.8664 0.0133969 -1264.58 -1049.26 -905.226
  447 446.5 30.8951 0.0134094 -911.858 -866.845 -922.228
  448 447.5 30.8875 0.0134061 -987.984 -1069.21 -1120.82
  449 448.5 30.8296 0.0133809 -717.231 -897.45 -960.089
  450 449.5 30.8757 0.0134009 -886.164 -1095.26 -866.171
  451 450.5 30.8896 0.0134069 -913.483 -885.82 -987.683
  452 451.5 30.8634 0.0133956 -870.278 -870.977 -942.898
  453 452.5 30.8281 0.0133803 -1011.15 -1000.02 -931.035
  454 453.5 30.9532 0.0134345 -1016.3 -1246.57 -1002.41
  455 454.5 30.8636 0.0133957 -1016.61 -1188.74 -1116.43
  456 455.5 30.8611 0.0133946 -1036.62 -1086.98 -909.026
  457 456.5 30.9246 0.0134221 -1068.78 -1060.51 -886.693
  458 457.5 30.9234 0.0134216 -1130.39 -1042.64 -1087.81
  459 458.5 30.9347 0.0134265 -960.357 -1084.97 -886.337
  460 459.5 30.876 0.0134011 -1190.05 -1148.01 -1062.72
  461 460.5 30.9561 0.0134358 -1087.17 -1068.31 -998.782
  462 461.5 30.9592 0.0134371 -1223.47 -1052.27 -873.981
  463 462.5 30.904 0.0134132 -1122.21 -1202.95 -1111.78
  464 463.5 30.9561 0.0134358 -1195.6 -959.095 -1105.88
  465 464.5 30.9187 0.0134196 -951.982 -792.26 -930.653
  466 465.5 30.9601 0.0134375 -1091.89 -982.146 -829.692
  467 466.5 30.9576 0.0134365 -1019.48 -955.996 -1089.39
  468 467.5 30.9232 0.0134215 -1009.39 -1145.53 -1132.68
  469 468.5 30.8898 0.013407 -1008.19 -1050.78 -1031.26
  470 469.5 30.9474 0.013432 -837.599 -912.11 -962.3
  471 470.5 30.9842 0.013448 -1100.77 -934.572 -1012.82
  472 471.5 30.847 0.0133885 -859.468 -792.364 -1011.08
  473 472.5 30.8546 0.0133917 -720.403 -684.451 -1089.17
  474 473.5 30.9193 0.0134198 -911.266 -765.507 -1081.36
  475 474.5 30.823 0.013378 -894.371 -676.377 -888.72
  476 475.5 30.8428 0.0133866 -1002.09 -930.56 -1091.51
  477 476.5 30.8197 0.0133766 -1022.4 -891.561 -1194.83
  478 477.5 30.843 0.0133867 -795.361 -732.997 -927.105
  479 478.5 30.763 0.013352 -921.219 -906.644 -1210.69
  480 479.5 30.7448 0.0133441 -705.521 -879.353 -1243.14
