# Chunk-averaged data for fix tensor3 and group c2
# Timestep Number-of-chunks Total-count
# Chunk Coord1 Ncount density/number
40000000 624 7310.999999999997
  1 0.5 1.43406 0.000622424
  2 1.5 1.42385 0.000617991
  3 2.5 1.42178 0.000617092
  4 3.5 1.40302 0.00060895
  5 4.5 1.39743 0.000606525
  6 5.5 1.38592 0.000601527
  7 6.5 1.37213 0.000595543
  8 7.5 1.35322 0.000587333
  9 8.5 1.33325 0.000578669
  10 9.5 1.31663 0.000571454
  11 10.5 1.30617 0.000566914
  12 11.5 1.2971 0.00056298
  13 12.5 1.27395 0.00055293
  14 13.5 1.25883 0.000546367
  15 14.5 1.24272 0.000539376
  16 15.5 1.23019 0.000533937
  17 16.5 1.21948 0.000529289
  18 17.5 1.21042 0.000525357
  19 18.5 1.19935 0.000520553
  20 19.5 1.18599 0.00051475
  21 20.5 1.17298 0.000509104
  22 21.5 1.16944 0.000507568
  23 22.5 1.16346 0.000504972
  24 23.5 1.16397 0.000505196
  25 24.5 1.16677 0.000506409
  26 25.5 1.15848 0.000502813
  27 26.5 1.15473 0.000501185
  28 27.5 1.15075 0.000499456
  29 28.5 1.14751 0.000498051
  30 29.5 1.14427 0.000496644
  31 30.5 1.13957 0.000494606
  32 31.5 1.13778 0.00049383
  33 32.5 1.14087 0.000495169
  34 33.5 1.14771 0.000498137
  35 34.5 1.14065 0.000495075
  36 35.5 1.13268 0.000491616
  37 36.5 1.12442 0.000488029
  38 37.5 1.12341 0.000487591
  39 38.5 1.12496 0.000488266
  40 39.5 1.11781 0.000485159
  41 40.5 1.12182 0.000486899
  42 41.5 1.1147 0.000483809
  43 42.5 1.11116 0.000482275
  44 43.5 1.10738 0.000480633
  45 44.5 1.10551 0.000479823
  46 45.5 1.10419 0.000479251
  47 46.5 1.1119 0.000482593
  48 47.5 1.11991 0.000486073
  49 48.5 1.12032 0.000486248
  50 49.5 1.11731 0.000484945
  51 50.5 1.11838 0.000485408
  52 51.5 1.12203 0.000486991
  53 52.5 1.12209 0.000487017
  54 53.5 1.12546 0.000488481
  55 54.5 1.12917 0.000490089
  56 55.5 1.13012 0.000490504
  57 56.5 1.13129 0.000491011
  58 57.5 1.13117 0.000490957
  59 58.5 1.13187 0.000491262
  60 59.5 1.13607 0.000493088
  61 60.5 1.13772 0.000493803
  62 61.5 1.13749 0.0004937
  63 62.5 1.13935 0.000494512
  64 63.5 1.13849 0.000494138
  65 64.5 1.1371 0.000493531
  66 65.5 1.13987 0.000494735
  67 66.5 1.14604 0.000497412
  68 67.5 1.14663 0.00049767
  69 68.5 1.141 0.000495225
  70 69.5 1.14118 0.000495305
  71 70.5 1.13961 0.000494622
  72 71.5 1.13489 0.000492574
  73 72.5 1.13279 0.000491664
  74 73.5 1.13545 0.000492816
  75 74.5 1.13217 0.000491393
  76 75.5 1.13251 0.000491539
  77 76.5 1.12846 0.000489783
  78 77.5 1.13113 0.000490941
  79 78.5 1.13202 0.000491329
  80 79.5 1.13154 0.000491118
  81 80.5 1.12785 0.00048952
  82 81.5 1.12738 0.000489314
  83 82.5 1.13599 0.000493051
  84 83.5 1.13287 0.000491697
  85 84.5 1.13141 0.000491062
  86 85.5 1.13803 0.000493939
  87 86.5 1.14332 0.000496234
  88 87.5 1.14187 0.000495605
  89 88.5 1.14416 0.000496596
  90 89.5 1.14704 0.000497846
  91 90.5 1.14458 0.00049678
  92 91.5 1.13956 0.000494599
  93 92.5 1.13886 0.000494295
  94 93.5 1.13348 0.000491961
  95 94.5 1.13291 0.000491717
  96 95.5 1.12771 0.000489457
  97 96.5 1.13645 0.000493251
  98 97.5 1.13296 0.000491738
  99 98.5 1.13564 0.000492899
  100 99.5 1.14057 0.000495037
  101 100.5 1.1397 0.000494661
  102 101.5 1.14204 0.000495678
  103 102.5 1.14051 0.000495015
  104 103.5 1.14007 0.00049482
  105 104.5 1.13731 0.000493625
  106 105.5 1.13147 0.000491089
  107 106.5 1.13758 0.000493741
  108 107.5 1.13597 0.000493042
  109 108.5 1.14126 0.000495339
  110 109.5 1.13748 0.000493696
  111 110.5 1.14186 0.000495599
  112 111.5 1.14795 0.000498242
  113 112.5 1.15447 0.000501073
  114 113.5 1.15728 0.000502292
  115 114.5 1.15567 0.000501592
  116 115.5 1.15041 0.000499309
  117 116.5 1.15669 0.000502037
  118 117.5 1.15209 0.000500038
  119 118.5 1.1517 0.000499868
  120 119.5 1.14884 0.000498627
  121 120.5 1.14754 0.000498063
  122 121.5 1.14431 0.000496661
  123 122.5 1.13833 0.000494066
  124 123.5 1.1392 0.000494445
  125 124.5 1.13437 0.000492347
  126 125.5 1.13627 0.000493173
  127 126.5 1.13797 0.000493911
  128 127.5 1.1426 0.000495921
  129 128.5 1.13988 0.000494741
  130 129.5 1.13615 0.000493122
  131 130.5 1.13494 0.000492597
  132 131.5 1.13104 0.000490903
  133 132.5 1.13288 0.000491699
  134 133.5 1.13486 0.000492562
  135 134.5 1.13708 0.000493523
  136 135.5 1.12855 0.000489822
  137 136.5 1.12926 0.000490129
  138 137.5 1.13094 0.00049086
  139 138.5 1.13258 0.000491572
  140 139.5 1.1306 0.00049071
  141 140.5 1.12727 0.000489266
  142 141.5 1.12855 0.000489822
  143 142.5 1.13145 0.00049108
  144 143.5 1.13128 0.000491009
  145 144.5 1.13563 0.000492896
  146 145.5 1.13954 0.000494592
  147 146.5 1.14674 0.000497718
  148 147.5 1.15363 0.000500707
  149 148.5 1.15649 0.000501947
  150 149.5 1.15366 0.000500719
  151 150.5 1.15617 0.000501808
  152 151.5 1.15667 0.000502029
  153 152.5 1.15502 0.00050131
  154 153.5 1.16006 0.000503499
  155 154.5 1.14863 0.000498535
  156 155.5 1.14737 0.00049799
  157 156.5 1.15159 0.000499821
  158 157.5 1.15176 0.000499894
  159 158.5 1.15036 0.000499286
  160 159.5 1.15288 0.000500384
  161 160.5 1.14925 0.000498804
  162 161.5 1.14568 0.000497258
  163 162.5 1.14501 0.000496964
  164 163.5 1.14654 0.000497629
  165 164.5 1.14954 0.000498931
  166 165.5 1.1571 0.000502214
  167 166.5 1.16048 0.000503679
  168 167.5 1.15968 0.000503334
  169 168.5 1.15767 0.000502461
  170 169.5 1.16023 0.000503571
  171 170.5 1.16057 0.000503717
  172 171.5 1.16408 0.000505245
  173 172.5 1.16851 0.000507164
  174 173.5 1.17305 0.000509136
  175 174.5 1.17794 0.000511257
  176 175.5 1.18117 0.000512662
  177 176.5 1.1745 0.000509768
  178 177.5 1.1759 0.000510374
  179 178.5 1.17532 0.000510122
  180 179.5 1.17395 0.000509528
  181 180.5 1.17564 0.00051026
  182 181.5 1.18515 0.000514388
  183 182.5 1.18524 0.000514425
  184 183.5 1.18158 0.000512839
  185 184.5 1.18109 0.000512626
  186 185.5 1.181 0.000512585
  187 186.5 1.17993 0.000512124
  188 187.5 1.18024 0.000512258
  189 188.5 1.18346 0.000513654
  190 189.5 1.18181 0.000512939
  191 190.5 1.18009 0.000512191
  192 191.5 1.18356 0.000513697
  193 192.5 1.18525 0.000514431
  194 193.5 1.18834 0.000515773
  195 194.5 1.19295 0.000517772
  196 195.5 1.20272 0.000522012
  197 196.5 1.21463 0.000527184
  198 197.5 1.22242 0.000530563
  199 198.5 1.24426 0.000540046
  200 199.5 1.26235 0.000547896
  201 200.5 1.28283 0.000556783
  202 201.5 1.30238 0.00056527
  203 202.5 1.33162 0.00057796
  204 203.5 1.37534 0.000596934
  205 204.5 1.44526 0.000627283
  206 205.5 1.53478 0.000666136
  207 206.5 1.6583 0.00071975
  208 207.5 1.85819 0.000806505
  209 208.5 2.13733 0.000927659
  210 209.5 2.55483 0.00110887
  211 210.5 3.15783 0.00137059
  212 211.5 4.00589 0.00173867
  213 212.5 5.15731 0.00223841
  214 213.5 6.65179 0.00288706
  215 214.5 8.53115 0.00370276
  216 215.5 10.7534 0.00466728
  217 216.5 13.23 0.00574219
  218 217.5 15.842 0.00687588
  219 218.5 18.526 0.00804081
  220 219.5 21.0774 0.00914818
  221 220.5 23.3921 0.0101528
  222 221.5 25.3906 0.0110202
  223 222.5 27.1467 0.0117824
  224 223.5 28.5008 0.0123701
  225 224.5 29.5769 0.0128372
  226 225.5 30.3925 0.0131912
  227 226.5 31.039 0.0134718
  228 227.5 31.5012 0.0136724
  229 228.5 31.8396 0.0138192
  230 229.5 32.0769 0.0139223
  231 230.5 32.2506 0.0139977
  232 231.5 32.4288 0.014075
  233 232.5 32.5218 0.0141154
  234 233.5 32.5878 0.014144
  235 234.5 32.6419 0.0141675
  236 235.5 32.7143 0.0141989
  237 236.5 32.7183 0.0142006
  238 237.5 32.7577 0.0142177
  239 238.5 32.769 0.0142226
  240 239.5 32.7826 0.0142286
  241 240.5 32.7837 0.0142291
  242 241.5 32.8071 0.0142392
  243 242.5 32.7913 0.0142324
  244 243.5 32.8018 0.0142369
  245 244.5 32.8096 0.0142403
  246 245.5 32.829 0.0142487
  247 246.5 32.8033 0.0142375
  248 247.5 32.8344 0.0142511
  249 248.5 32.821 0.0142452
  250 249.5 32.8329 0.0142504
  251 250.5 32.8353 0.0142514
  252 251.5 32.8307 0.0142494
  253 252.5 32.8435 0.014255
  254 253.5 32.8258 0.0142473
  255 254.5 32.8269 0.0142478
  256 255.5 32.8486 0.0142572
  257 256.5 32.8263 0.0142475
  258 257.5 32.8201 0.0142449
  259 258.5 32.855 0.01426
  260 259.5 32.8214 0.0142454
  261 260.5 32.8156 0.0142429
  262 261.5 32.8293 0.0142488
  263 262.5 32.8286 0.0142485
  264 263.5 32.8234 0.0142463
  265 264.5 32.7963 0.0142345
  266 265.5 32.8078 0.0142395
  267 266.5 32.8089 0.01424
  268 267.5 32.7948 0.0142339
  269 268.5 32.8094 0.0142402
  270 269.5 32.7973 0.0142349
  271 270.5 32.8069 0.0142391
  272 271.5 32.811 0.0142409
  273 272.5 32.7988 0.0142356
  274 273.5 32.7876 0.0142307
  275 274.5 32.8105 0.0142407
  276 275.5 32.7981 0.0142353
  277 276.5 32.7814 0.014228
  278 277.5 32.8026 0.0142372
  279 278.5 32.8025 0.0142372
  280 279.5 32.7863 0.0142302
  281 280.5 32.7739 0.0142248
  282 281.5 32.8009 0.0142365
  283 282.5 32.8207 0.0142451
  284 283.5 32.786 0.01423
  285 284.5 32.7921 0.0142327
  286 285.5 32.7704 0.0142233
  287 286.5 32.8128 0.0142416
  288 287.5 32.7835 0.014229
  289 288.5 32.7772 0.0142262
  290 289.5 32.8053 0.0142384
  291 290.5 32.7939 0.0142335
  292 291.5 32.779 0.014227
  293 292.5 32.771 0.0142235
  294 293.5 32.817 0.0142435
  295 294.5 32.7952 0.014234
  296 295.5 32.7953 0.0142341
  297 296.5 32.7776 0.0142264
  298 297.5 32.8065 0.0142389
  299 298.5 32.8166 0.0142433
  300 299.5 32.78 0.0142274
  301 300.5 32.7936 0.0142333
  302 301.5 32.8183 0.014244
  303 302.5 32.7793 0.0142271
  304 303.5 32.7944 0.0142337
  305 304.5 32.8211 0.0142453
  306 305.5 32.79 0.0142318
  307 306.5 32.8106 0.0142407
  308 307.5 32.7933 0.0142332
  309 308.5 32.7944 0.0142337
  310 309.5 32.8274 0.014248
  311 310.5 32.8091 0.0142401
  312 311.5 32.8036 0.0142377
  313 312.5 32.8238 0.0142464
  314 313.5 32.8431 0.0142548
  315 314.5 32.8011 0.0142366
  316 315.5 32.8188 0.0142443
  317 316.5 32.8233 0.0142462
  318 317.5 32.8182 0.014244
  319 318.5 32.8033 0.0142375
  320 319.5 32.8186 0.0142442
  321 320.5 32.8315 0.0142498
  322 321.5 32.8324 0.0142502
  323 322.5 32.8143 0.0142423
  324 323.5 32.8108 0.0142408
  325 324.5 32.8124 0.0142415
  326 325.5 32.8102 0.0142405
  327 326.5 32.8098 0.0142404
  328 327.5 32.8053 0.0142384
  329 328.5 32.8053 0.0142384
  330 329.5 32.8126 0.0142416
  331 330.5 32.8225 0.0142459
  332 331.5 32.8186 0.0142442
  333 332.5 32.8062 0.0142388
  334 333.5 32.791 0.0142322
  335 334.5 32.7963 0.0142345
  336 335.5 32.8018 0.0142369
  337 336.5 32.7912 0.0142323
  338 337.5 32.7927 0.0142329
  339 338.5 32.8011 0.0142366
  340 339.5 32.7859 0.01423
  341 340.5 32.7937 0.0142334
  342 341.5 32.7947 0.0142338
  343 342.5 32.8142 0.0142423
  344 343.5 32.7889 0.0142313
  345 344.5 32.8168 0.0142434
  346 345.5 32.7964 0.0142345
  347 346.5 32.8259 0.0142474
  348 347.5 32.8009 0.0142365
  349 348.5 32.7985 0.0142354
  350 349.5 32.8138 0.0142421
  351 350.5 32.8227 0.014246
  352 351.5 32.7712 0.0142236
  353 352.5 32.8349 0.0142513
  354 353.5 32.811 0.0142409
  355 354.5 32.8101 0.0142405
  356 355.5 32.8106 0.0142407
  357 356.5 32.8432 0.0142549
  358 357.5 32.8144 0.0142424
  359 358.5 32.7955 0.0142342
  360 359.5 32.808 0.0142396
  361 360.5 32.8307 0.0142494
  362 361.5 32.8293 0.0142488
  363 362.5 32.8109 0.0142408
  364 363.5 32.816 0.0142431
  365 364.5 32.8104 0.0142406
  366 365.5 32.8021 0.014237
  367 366.5 32.8107 0.0142408
  368 367.5 32.7761 0.0142258
  369 368.5 32.8058 0.0142386
  370 369.5 32.7826 0.0142286
  371 370.5 32.7848 0.0142295
  372 371.5 32.7919 0.0142326
  373 372.5 32.7829 0.0142287
  374 373.5 32.7946 0.0142338
  375 374.5 32.7772 0.0142262
  376 375.5 32.7706 0.0142233
  377 376.5 32.7749 0.0142252
  378 377.5 32.7765 0.0142259
  379 378.5 32.7831 0.0142288
  380 379.5 32.7475 0.0142133
  381 380.5 32.7522 0.0142154
  382 381.5 32.7902 0.0142319
  383 382.5 32.7716 0.0142238
  384 383.5 32.7371 0.0142088
  385 384.5 32.756 0.014217
  386 385.5 32.7952 0.014234
  387 386.5 32.7349 0.0142079
  388 387.5 32.7418 0.0142109
  389 388.5 32.7842 0.0142293
  390 389.5 32.7566 0.0142173
  391 390.5 32.7523 0.0142154
  392 391.5 32.7813 0.014228
  393 392.5 32.7644 0.0142206
  394 393.5 32.7446 0.014212
  395 394.5 32.7725 0.0142242
  396 395.5 32.7732 0.0142245
  397 396.5 32.7569 0.0142174
  398 397.5 32.7835 0.014229
  399 398.5 32.7659 0.0142213
  400 399.5 32.7765 0.0142259
  401 400.5 32.7707 0.0142234
  402 401.5 32.7948 0.0142339
  403 402.5 32.7615 0.0142194
  404 403.5 32.7622 0.0142197
  405 404.5 32.7604 0.0142189
  406 405.5 32.7649 0.0142209
  407 406.5 32.7639 0.0142204
  408 407.5 32.7244 0.0142033
  409 408.5 32.7151 0.0141993
  410 409.5 32.6967 0.0141913
  411 410.5 32.6228 0.0141592
  412 411.5 32.5549 0.0141297
  413 412.5 32.5004 0.0141061
  414 413.5 32.3809 0.0140542
  415 414.5 32.1734 0.0139642
  416 415.5 31.9631 0.0138729
  417 416.5 31.6622 0.0137423
  418 417.5 31.2295 0.0135545
  419 418.5 30.6451 0.0133008
  420 419.5 29.8744 0.0129663
  421 420.5 28.8711 0.0125309
  422 421.5 27.5029 0.011937
  423 422.5 25.8468 0.0112182
  424 423.5 23.8582 0.0103551
  425 424.5 21.5372 0.00934775
  426 425.5 18.9357 0.00821863
  427 426.5 16.2599 0.00705724
  428 427.5 13.5996 0.00590258
  429 428.5 11.0922 0.00481431
  430 429.5 8.87011 0.00384987
  431 430.5 7.01732 0.00304571
  432 431.5 5.50485 0.00238926
  433 432.5 4.33669 0.00188225
  434 433.5 3.46375 0.00150336
  435 434.5 2.82212 0.00122488
  436 435.5 2.36606 0.00102694
  437 436.5 2.04882 0.000889245
  438 437.5 1.83111 0.000794753
  439 438.5 1.67693 0.000727836
  440 439.5 1.56238 0.000678115
  441 440.5 1.48339 0.000643831
  442 441.5 1.41911 0.000615934
  443 442.5 1.37947 0.000598729
  444 443.5 1.34669 0.0005845
  445 444.5 1.32623 0.00057562
  446 445.5 1.30596 0.000566825
  447 446.5 1.28182 0.000556346
  448 447.5 1.26722 0.000550007
  449 448.5 1.25635 0.00054529
  450 449.5 1.23638 0.000536624
  451 450.5 1.22216 0.000530451
  452 451.5 1.21272 0.000526353
  453 452.5 1.20602 0.000523447
  454 453.5 1.19328 0.000517918
  455 454.5 1.1887 0.000515929
  456 455.5 1.18045 0.000512348
  457 456.5 1.17251 0.000508902
  458 457.5 1.16362 0.000505046
  459 458.5 1.15913 0.000503094
  460 459.5 1.15744 0.000502362
  461 460.5 1.15525 0.000501409
  462 461.5 1.1482 0.000498352
  463 462.5 1.14684 0.000497761
  464 463.5 1.14161 0.00049549
  465 464.5 1.14411 0.000496576
  466 465.5 1.14062 0.00049506
  467 466.5 1.13669 0.000493354
  468 467.5 1.13838 0.000494088
  469 468.5 1.13335 0.000491905
  470 469.5 1.13747 0.000493694
  471 470.5 1.13709 0.000493531
  472 471.5 1.13917 0.00049443
  473 472.5 1.13781 0.000493841
  474 473.5 1.13311 0.000491799
  475 474.5 1.13288 0.000491699
  476 475.5 1.12656 0.000488959
  477 476.5 1.12414 0.000487909
  478 477.5 1.12113 0.000486603
  479 478.5 1.12048 0.00048632
  480 479.5 1.12009 0.000486148
  481 480.5 1.12399 0.000487841
  482 481.5 1.11732 0.000484947
  483 482.5 1.11642 0.000484558
  484 483.5 1.11472 0.000483819
  485 484.5 1.11311 0.000483119
  486 485.5 1.11585 0.000484311
  487 486.5 1.11923 0.000485775
  488 487.5 1.11483 0.000483865
  489 488.5 1.1148 0.000483853
  490 489.5 1.11806 0.000485268
  491 490.5 1.11497 0.000483928
  492 491.5 1.11955 0.000485916
  493 492.5 1.11523 0.000484043
  494 493.5 1.12301 0.000487419
  495 494.5 1.11927 0.000485793
  496 495.5 1.12104 0.000486564
  497 496.5 1.12011 0.00048616
  498 497.5 1.12011 0.00048616
  499 498.5 1.11873 0.000485559
  500 499.5 1.11722 0.000484904
  501 500.5 1.11396 0.000483487
  502 501.5 1.11702 0.000484816
  503 502.5 1.11934 0.000485824
  504 503.5 1.11382 0.000483427
  505 504.5 1.11527 0.000484058
  506 505.5 1.11734 0.000484958
  507 506.5 1.11326 0.000483188
  508 507.5 1.11746 0.000485008
  509 508.5 1.11985 0.000486044
  510 509.5 1.12133 0.000486687
  511 510.5 1.11835 0.000485397
  512 511.5 1.11884 0.000485607
  513 512.5 1.11442 0.00048369
  514 513.5 1.11739 0.00048498
  515 514.5 1.11889 0.00048563
  516 515.5 1.12164 0.000486823
  517 516.5 1.12296 0.000487394
  518 517.5 1.12952 0.000490243
  519 518.5 1.12627 0.000488834
  520 519.5 1.13318 0.000491831
  521 520.5 1.13772 0.000493801
  522 521.5 1.13641 0.000493235
  523 522.5 1.12946 0.000490218
  524 523.5 1.13278 0.000491659
  525 524.5 1.13028 0.000490572
  526 525.5 1.1293 0.000490149
  527 526.5 1.1306 0.000490712
  528 527.5 1.12779 0.000489492
  529 528.5 1.12702 0.000489159
  530 529.5 1.13153 0.000491116
  531 530.5 1.13209 0.000491359
  532 531.5 1.12571 0.000488588
  533 532.5 1.12663 0.00048899
  534 533.5 1.12829 0.000489707
  535 534.5 1.1272 0.000489235
  536 535.5 1.1277 0.000489452
  537 536.5 1.12992 0.000490418
  538 537.5 1.12917 0.000490089
  539 538.5 1.1278 0.000489496
  540 539.5 1.12346 0.000487615
  541 540.5 1.12414 0.000487909
  542 541.5 1.12291 0.000487375
  543 542.5 1.12102 0.000486554
  544 543.5 1.11946 0.000485878
  545 544.5 1.12573 0.000488596
  546 545.5 1.12173 0.000486862
  547 546.5 1.11857 0.000485492
  548 547.5 1.11335 0.000483224
  549 548.5 1.10807 0.000480934
  550 549.5 1.1097 0.000481639
  551 550.5 1.11064 0.00048205
  552 551.5 1.11123 0.000482304
  553 552.5 1.11225 0.000482746
  554 553.5 1.11216 0.000482709
  555 554.5 1.11615 0.000484441
  556 555.5 1.12238 0.000487144
  557 556.5 1.11764 0.000485087
  558 557.5 1.11856 0.000485485
  559 558.5 1.11548 0.000484148
  560 559.5 1.114 0.000483508
  561 560.5 1.11693 0.00048478
  562 561.5 1.11432 0.000483646
  563 562.5 1.11911 0.000485726
  564 563.5 1.116 0.000484375
  565 564.5 1.11683 0.000484735
  566 565.5 1.11389 0.00048346
  567 566.5 1.1156 0.000484202
  568 567.5 1.11795 0.000485222
  569 568.5 1.12244 0.000487172
  570 569.5 1.11799 0.000485239
  571 570.5 1.12637 0.000488876
  572 571.5 1.13142 0.000491066
  573 572.5 1.13447 0.000492393
  574 573.5 1.13282 0.000491674
  575 574.5 1.13199 0.000491316
  576 575.5 1.13905 0.000494381
  577 576.5 1.13504 0.000492639
  578 577.5 1.13612 0.000493109
  579 578.5 1.13403 0.000492201
  580 579.5 1.13491 0.000492583
  581 580.5 1.14117 0.000495301
  582 581.5 1.13305 0.000491775
  583 582.5 1.13411 0.000492234
  584 583.5 1.1425 0.000495875
  585 584.5 1.14679 0.00049774
  586 585.5 1.14509 0.000497
  587 586.5 1.14474 0.000496847
  588 587.5 1.14699 0.000497825
  589 588.5 1.14958 0.000498947
  590 589.5 1.15269 0.000500299
  591 590.5 1.15044 0.000499322
  592 591.5 1.14875 0.000498589
  593 592.5 1.15796 0.000502587
  594 593.5 1.16547 0.000505845
  595 594.5 1.16831 0.000507081
  596 595.5 1.17754 0.000511084
  597 596.5 1.18352 0.000513681
  598 597.5 1.18626 0.00051487
  599 598.5 1.19364 0.000518073
  600 599.5 1.20247 0.000521906
  601 600.5 1.21308 0.000526513
  602 601.5 1.22128 0.000530069
  603 602.5 1.23117 0.000534361
  604 603.5 1.24224 0.000539167
  605 604.5 1.25491 0.000544665
  606 605.5 1.27117 0.000551723
  607 606.5 1.28328 0.000556978
  608 607.5 1.29683 0.000562862
  609 608.5 1.30583 0.000566767
  610 609.5 1.32065 0.000573201
  611 610.5 1.33494 0.000579399
  612 611.5 1.35024 0.00058604
  613 612.5 1.36553 0.000592679
  614 613.5 1.38803 0.000602446
  615 614.5 1.40128 0.000608193
  616 615.5 1.41235 0.000613
  617 616.5 1.4208 0.000616666
  618 617.5 1.42496 0.000618471
  619 618.5 1.43642 0.000623445
  620 619.5 1.44432 0.000626876
  621 620.5 1.44707 0.00062807
  622 621.5 1.44182 0.00062579
  623 622.5 1.43747 0.0006239
  624 623.5 1.43863 0.000624404
60000000 624 7310.99999999999
  1 0.5 1.44884 0.000628837
  2 1.5 1.43955 0.000624806
  3 2.5 1.43905 0.000624586
  4 3.5 1.44061 0.000625266
  5 4.5 1.43385 0.000622331
  6 5.5 1.41601 0.000614588
  7 6.5 1.4067 0.000610545
  8 7.5 1.39853 0.000607002
  9 8.5 1.38927 0.00060298
  10 9.5 1.37506 0.000596814
  11 10.5 1.3578 0.000589325
  12 11.5 1.34873 0.000585388
  13 12.5 1.34079 0.000581941
  14 13.5 1.32569 0.000575387
  15 14.5 1.31431 0.000570446
  16 15.5 1.30316 0.000565608
  17 16.5 1.28709 0.000558635
  18 17.5 1.2677 0.000550215
  19 18.5 1.25364 0.000544116
  20 19.5 1.24098 0.000538621
  21 20.5 1.22688 0.000532501
  22 21.5 1.22482 0.000531604
  23 22.5 1.21596 0.00052776
  24 23.5 1.20491 0.000522963
  25 24.5 1.19338 0.000517962
  26 25.5 1.18224 0.000513125
  27 26.5 1.17464 0.000509828
  28 27.5 1.1704 0.000507985
  29 28.5 1.16163 0.000504181
  30 29.5 1.15557 0.000501548
  31 30.5 1.14283 0.000496019
  32 31.5 1.1422 0.000495745
  33 32.5 1.14219 0.000495743
  34 33.5 1.13213 0.000491378
  35 34.5 1.12877 0.000489916
  36 35.5 1.12889 0.000489971
  37 36.5 1.12893 0.000489987
  38 37.5 1.12257 0.000487227
  39 38.5 1.12111 0.000486595
  40 39.5 1.122 0.000486977
  41 40.5 1.12276 0.000487309
  42 41.5 1.1247 0.000488153
  43 42.5 1.12051 0.00048633
  44 43.5 1.11928 0.000485796
  45 44.5 1.11339 0.000483244
  46 45.5 1.11179 0.000482548
  47 46.5 1.11359 0.000483329
  48 47.5 1.10485 0.000479537
  49 48.5 1.10371 0.00047904
  50 49.5 1.09977 0.000477332
  51 50.5 1.10219 0.000478381
  52 51.5 1.10274 0.000478618
  53 52.5 1.10663 0.000480308
  54 53.5 1.10314 0.000478792
  55 54.5 1.10032 0.00047757
  56 55.5 1.09449 0.000475039
  57 56.5 1.09443 0.000475013
  58 57.5 1.09963 0.000477269
  59 58.5 1.0917 0.00047383
  60 59.5 1.08804 0.000472239
  61 60.5 1.09794 0.000476538
  62 61.5 1.09892 0.000476963
  63 62.5 1.09456 0.00047507
  64 63.5 1.09412 0.000474878
  65 64.5 1.09201 0.000473961
  66 65.5 1.08671 0.000471661
  67 66.5 1.09086 0.000473464
  68 67.5 1.09002 0.000473099
  69 68.5 1.09102 0.000473531
  70 69.5 1.08028 0.000468871
  71 70.5 1.07736 0.000467604
  72 71.5 1.08285 0.000469986
  73 72.5 1.08302 0.000470059
  74 73.5 1.08558 0.000471171
  75 74.5 1.08233 0.000469762
  76 75.5 1.0806 0.000469009
  77 76.5 1.08183 0.000469543
  78 77.5 1.07827 0.000468001
  79 78.5 1.07413 0.000466201
  80 79.5 1.0745 0.000466363
  81 80.5 1.07185 0.000465212
  82 81.5 1.07485 0.000466515
  83 82.5 1.074 0.000466146
  84 83.5 1.07034 0.000464555
  85 84.5 1.06479 0.000462147
  86 85.5 1.06104 0.000460519
  87 86.5 1.05642 0.000458513
  88 87.5 1.05969 0.000459934
  89 88.5 1.05421 0.000457558
  90 89.5 1.05547 0.000458103
  91 90.5 1.05741 0.000458947
  92 91.5 1.06117 0.000460578
  93 92.5 1.05857 0.000459451
  94 93.5 1.05969 0.000459934
  95 94.5 1.06074 0.000460391
  96 95.5 1.05322 0.000457128
  97 96.5 1.0523 0.000456726
  98 97.5 1.05575 0.000458227
  99 98.5 1.06338 0.000461536
  100 99.5 1.0649 0.000462195
  101 100.5 1.06436 0.000461961
  102 101.5 1.06662 0.000462944
  103 102.5 1.06355 0.00046161
  104 103.5 1.06279 0.00046128
  105 104.5 1.06269 0.000461236
  106 105.5 1.0637 0.000461673
  107 106.5 1.06348 0.000461581
  108 107.5 1.06017 0.000460142
  109 108.5 1.05703 0.00045878
  110 109.5 1.06032 0.000460209
  111 110.5 1.05872 0.000459515
  112 111.5 1.05656 0.000458575
  113 112.5 1.0591 0.000459678
  114 113.5 1.05647 0.000458536
  115 114.5 1.05755 0.000459005
  116 115.5 1.05606 0.000458358
  117 116.5 1.05322 0.000457127
  118 117.5 1.05425 0.000457574
  119 118.5 1.05173 0.000456481
  120 119.5 1.05857 0.00045945
  121 120.5 1.06144 0.000460693
  122 121.5 1.06361 0.000461638
  123 122.5 1.06294 0.000461345
  124 123.5 1.05922 0.000459729
  125 124.5 1.0608 0.000460418
  126 125.5 1.05876 0.000459532
  127 126.5 1.05758 0.000459021
  128 127.5 1.05326 0.000457145
  129 128.5 1.05346 0.00045723
  130 129.5 1.05287 0.000456976
  131 130.5 1.05157 0.00045641
  132 131.5 1.05433 0.000457608
  133 132.5 1.05585 0.00045827
  134 133.5 1.05895 0.000459612
  135 134.5 1.05236 0.000456753
  136 135.5 1.05856 0.000459444
  137 136.5 1.05914 0.000459696
  138 137.5 1.06246 0.000461139
  139 138.5 1.06517 0.000462312
  140 139.5 1.06804 0.000463558
  141 140.5 1.0684 0.000463714
  142 141.5 1.06917 0.00046405
  143 142.5 1.07034 0.000464558
  144 143.5 1.06648 0.000462884
  145 144.5 1.06515 0.000462306
  146 145.5 1.06171 0.000460811
  147 146.5 1.06245 0.000461133
  148 147.5 1.06502 0.000462247
  149 148.5 1.06004 0.000460087
  150 149.5 1.05655 0.000458572
  151 150.5 1.05387 0.000457408
  152 151.5 1.05468 0.000457762
  153 152.5 1.06099 0.000460497
  154 153.5 1.06137 0.000460662
  155 154.5 1.06232 0.000461076
  156 155.5 1.05677 0.000458667
  157 156.5 1.06189 0.000460889
  158 157.5 1.06021 0.000460161
  159 158.5 1.0623 0.000461068
  160 159.5 1.05735 0.000458919
  161 160.5 1.05486 0.000457838
  162 161.5 1.05222 0.000456692
  163 162.5 1.05525 0.000458009
  164 163.5 1.05936 0.000459793
  165 164.5 1.06764 0.000463387
  166 165.5 1.07106 0.00046487
  167 166.5 1.07367 0.000466005
  168 167.5 1.08299 0.000470047
  169 168.5 1.08747 0.000471992
  170 169.5 1.08779 0.000472133
  171 170.5 1.08754 0.000472022
  172 171.5 1.08374 0.000470374
  173 172.5 1.08254 0.000469851
  174 173.5 1.08698 0.000471781
  175 174.5 1.09261 0.000474223
  176 175.5 1.08907 0.000472688
  177 176.5 1.09127 0.000473641
  178 177.5 1.09702 0.000476137
  179 178.5 1.10183 0.000478226
  180 179.5 1.0999 0.000477387
  181 180.5 1.09664 0.000475972
  182 181.5 1.10412 0.000479218
  183 182.5 1.10953 0.000481567
  184 183.5 1.11326 0.000483184
  185 184.5 1.11612 0.000484428
  186 185.5 1.12386 0.000487788
  187 186.5 1.12744 0.000489342
  188 187.5 1.12981 0.000490367
  189 188.5 1.13011 0.000490501
  190 189.5 1.13926 0.000494471
  191 190.5 1.14159 0.000495481
  192 191.5 1.15118 0.000499643
  193 192.5 1.15846 0.000502805
  194 193.5 1.16149 0.000504117
  195 194.5 1.16499 0.000505638
  196 195.5 1.17557 0.000510228
  197 196.5 1.18839 0.000515795
  198 197.5 1.19304 0.000517815
  199 198.5 1.20087 0.000521209
  200 199.5 1.21469 0.000527208
  201 200.5 1.22909 0.000533459
  202 201.5 1.2537 0.000544139
  203 202.5 1.28841 0.000559206
  204 203.5 1.33342 0.00057874
  205 204.5 1.38985 0.000603235
  206 205.5 1.47351 0.000639543
  207 206.5 1.59471 0.000692146
  208 207.5 1.77629 0.000770961
  209 208.5 2.04015 0.000885484
  210 209.5 2.40742 0.00104489
  211 210.5 2.96177 0.00128549
  212 211.5 3.76005 0.00163196
  213 212.5 4.86984 0.00211365
  214 213.5 6.32992 0.00274736
  215 214.5 8.19209 0.0035556
  216 215.5 10.4461 0.0045339
  217 216.5 12.9942 0.00563986
  218 217.5 15.7434 0.00683305
  219 218.5 18.5423 0.00804785
  220 219.5 21.2187 0.0092095
  221 220.5 23.6433 0.0102619
  222 221.5 25.7321 0.0111685
  223 222.5 27.4905 0.0119316
  224 223.5 28.8531 0.012523
  225 224.5 29.8632 0.0129615
  226 225.5 30.6885 0.0133197
  227 226.5 31.2622 0.0135687
  228 227.5 31.6607 0.0137416
  229 228.5 31.9679 0.013875
  230 229.5 32.2131 0.0139814
  231 230.5 32.3762 0.0140522
  232 231.5 32.4812 0.0140978
  233 232.5 32.5789 0.0141401
  234 233.5 32.6399 0.0141666
  235 234.5 32.7045 0.0141947
  236 235.5 32.7411 0.0142105
  237 236.5 32.768 0.0142222
  238 237.5 32.7958 0.0142343
  239 238.5 32.8166 0.0142433
  240 239.5 32.8235 0.0142463
  241 240.5 32.828 0.0142483
  242 241.5 32.8314 0.0142497
  243 242.5 32.8499 0.0142578
  244 243.5 32.8392 0.0142531
  245 244.5 32.8645 0.0142641
  246 245.5 32.8466 0.0142563
  247 246.5 32.8557 0.0142603
  248 247.5 32.8487 0.0142573
  249 248.5 32.846 0.0142561
  250 249.5 32.8703 0.0142666
  251 250.5 32.8412 0.014254
  252 251.5 32.84 0.0142535
  253 252.5 32.8544 0.0142597
  254 253.5 32.8467 0.0142564
  255 254.5 32.8398 0.0142534
  256 255.5 32.8293 0.0142488
  257 256.5 32.8267 0.0142477
  258 257.5 32.8427 0.0142546
  259 258.5 32.8414 0.0142541
  260 259.5 32.8281 0.0142483
  261 260.5 32.8271 0.0142479
  262 261.5 32.8519 0.0142587
  263 262.5 32.8464 0.0142563
  264 263.5 32.8198 0.0142447
  265 264.5 32.824 0.0142465
  266 265.5 32.859 0.0142617
  267 266.5 32.8163 0.0142432
  268 267.5 32.8172 0.0142436
  269 268.5 32.8364 0.0142519
  270 269.5 32.8434 0.014255
  271 270.5 32.8012 0.0142366
  272 271.5 32.8209 0.0142452
  273 272.5 32.8412 0.014254
  274 273.5 32.8194 0.0142445
  275 274.5 32.8214 0.0142454
  276 275.5 32.8401 0.0142535
  277 276.5 32.826 0.0142474
  278 277.5 32.8423 0.0142545
  279 278.5 32.8498 0.0142577
  280 279.5 32.8425 0.0142546
  281 280.5 32.8284 0.0142484
  282 281.5 32.8411 0.014254
  283 282.5 32.866 0.0142648
  284 283.5 32.8497 0.0142577
  285 284.5 32.8309 0.0142495
  286 285.5 32.8576 0.0142611
  287 286.5 32.8681 0.0142657
  288 287.5 32.8214 0.0142454
  289 288.5 32.8518 0.0142586
  290 289.5 32.8419 0.0142543
  291 290.5 32.8481 0.014257
  292 291.5 32.8282 0.0142484
  293 292.5 32.8419 0.0142543
  294 293.5 32.8394 0.0142532
  295 294.5 32.828 0.0142483
  296 295.5 32.8477 0.0142568
  297 296.5 32.8204 0.014245
  298 297.5 32.8275 0.0142481
  299 298.5 32.8667 0.0142651
  300 299.5 32.8637 0.0142638
  301 300.5 32.8262 0.0142475
  302 301.5 32.8593 0.0142619
  303 302.5 32.8772 0.0142696
  304 303.5 32.8502 0.0142579
  305 304.5 32.8364 0.0142519
  306 305.5 32.9012 0.01428
  307 306.5 32.8866 0.0142737
  308 307.5 32.8534 0.0142593
  309 308.5 32.874 0.0142682
  310 309.5 32.8932 0.0142765
  311 310.5 32.8802 0.0142709
  312 311.5 32.8673 0.0142653
  313 312.5 32.8972 0.0142783
  314 313.5 32.8978 0.0142786
  315 314.5 32.8777 0.0142698
  316 315.5 32.8805 0.014271
  317 316.5 32.9081 0.014283
  318 317.5 32.8878 0.0142742
  319 318.5 32.8863 0.0142736
  320 319.5 32.8776 0.0142698
  321 320.5 32.8962 0.0142779
  322 321.5 32.8925 0.0142762
  323 322.5 32.878 0.01427
  324 323.5 32.8919 0.014276
  325 324.5 32.9009 0.0142799
  326 325.5 32.9056 0.014282
  327 326.5 32.887 0.0142739
  328 327.5 32.8993 0.0142792
  329 328.5 32.8982 0.0142787
  330 329.5 32.8987 0.0142789
  331 330.5 32.8878 0.0142742
  332 331.5 32.887 0.0142739
  333 332.5 32.9251 0.0142904
  334 333.5 32.8826 0.014272
  335 334.5 32.8718 0.0142673
  336 335.5 32.9117 0.0142846
  337 336.5 32.9164 0.0142866
  338 337.5 32.8833 0.0142723
  339 338.5 32.8945 0.0142771
  340 339.5 32.9441 0.0142987
  341 340.5 32.9053 0.0142818
  342 341.5 32.8887 0.0142746
  343 342.5 32.9081 0.014283
  344 343.5 32.9251 0.0142904
  345 344.5 32.884 0.0142726
  346 345.5 32.8997 0.0142794
  347 346.5 32.9143 0.0142857
  348 347.5 32.9023 0.0142805
  349 348.5 32.8739 0.0142682
  350 349.5 32.902 0.0142804
  351 350.5 32.9175 0.0142871
  352 351.5 32.9032 0.0142809
  353 352.5 32.9073 0.0142827
  354 353.5 32.8969 0.0142782
  355 354.5 32.8905 0.0142754
  356 355.5 32.913 0.0142852
  357 356.5 32.8917 0.0142759
  358 357.5 32.881 0.0142713
  359 358.5 32.8839 0.0142725
  360 359.5 32.8975 0.0142784
  361 360.5 32.8763 0.0142692
  362 361.5 32.8922 0.0142761
  363 362.5 32.8777 0.0142699
  364 363.5 32.888 0.0142743
  365 364.5 32.8919 0.014276
  366 365.5 32.8928 0.0142764
  367 366.5 32.8812 0.0142714
  368 367.5 32.8821 0.0142717
  369 368.5 32.8911 0.0142757
  370 369.5 32.8614 0.0142628
  371 370.5 32.9017 0.0142803
  372 371.5 32.8741 0.0142683
  373 372.5 32.8736 0.0142681
  374 373.5 32.8822 0.0142718
  375 374.5 32.8812 0.0142713
  376 375.5 32.8408 0.0142538
  377 376.5 32.8664 0.0142649
  378 377.5 32.8591 0.0142618
  379 378.5 32.8525 0.0142589
  380 379.5 32.8565 0.0142606
  381 380.5 32.838 0.0142526
  382 381.5 32.8453 0.0142558
  383 382.5 32.8224 0.0142458
  384 383.5 32.8529 0.0142591
  385 384.5 32.8199 0.0142448
  386 385.5 32.8137 0.0142421
  387 386.5 32.8488 0.0142573
  388 387.5 32.816 0.014243
  389 388.5 32.8279 0.0142482
  390 389.5 32.835 0.0142513
  391 390.5 32.8221 0.0142457
  392 391.5 32.8293 0.0142488
  393 392.5 32.8201 0.0142448
  394 393.5 32.8392 0.0142531
  395 394.5 32.8235 0.0142463
  396 395.5 32.8285 0.0142485
  397 396.5 32.8168 0.0142434
  398 397.5 32.8527 0.014259
  399 398.5 32.8271 0.0142479
  400 399.5 32.8282 0.0142484
  401 400.5 32.8386 0.0142529
  402 401.5 32.8436 0.0142551
  403 402.5 32.825 0.014247
  404 403.5 32.7952 0.014234
  405 404.5 32.8122 0.0142414
  406 405.5 32.8172 0.0142436
  407 406.5 32.7498 0.0142143
  408 407.5 32.7355 0.0142081
  409 408.5 32.7204 0.0142016
  410 409.5 32.651 0.0141714
  411 410.5 32.6142 0.0141555
  412 411.5 32.5323 0.0141199
  413 412.5 32.4346 0.0140775
  414 413.5 32.2958 0.0140173
  415 414.5 32.1406 0.0139499
  416 415.5 31.8659 0.0138307
  417 416.5 31.5227 0.0136817
  418 417.5 31.0916 0.0134946
  419 418.5 30.4659 0.013223
  420 419.5 29.5861 0.0128412
  421 420.5 28.48 0.0123611
  422 421.5 27.0909 0.0117582
  423 422.5 25.3373 0.0109971
  424 423.5 23.2329 0.0100837
  425 424.5 20.8968 0.00906981
  426 425.5 18.3456 0.0079625
  427 426.5 15.7053 0.00681654
  428 427.5 13.1187 0.00569386
  429 428.5 10.7038 0.00464573
  430 429.5 8.56491 0.00371741
  431 430.5 6.75479 0.00293177
  432 431.5 5.28269 0.00229283
  433 432.5 4.15408 0.00180299
  434 433.5 3.3062 0.00143498
  435 434.5 2.69986 0.00117181
  436 435.5 2.27205 0.000986133
  437 436.5 1.97591 0.000857599
  438 437.5 1.76351 0.000765412
  439 438.5 1.62382 0.000704783
  440 439.5 1.52691 0.00066272
  441 440.5 1.4569 0.000632337
  442 441.5 1.40034 0.000607786
  443 442.5 1.367 0.000593317
  444 443.5 1.33859 0.000580984
  445 444.5 1.31158 0.000569264
  446 445.5 1.29566 0.000562352
  447 446.5 1.27609 0.000553858
  448 447.5 1.26026 0.000546987
  449 448.5 1.25329 0.000543961
  450 449.5 1.24576 0.000540693
  451 450.5 1.23644 0.000536649
  452 451.5 1.2339 0.000535546
  453 452.5 1.2238 0.000531164
  454 453.5 1.22012 0.000529568
  455 454.5 1.21198 0.000526033
  456 455.5 1.20983 0.0005251
  457 456.5 1.20266 0.000521987
  458 457.5 1.19812 0.000520015
  459 458.5 1.19688 0.000519479
  460 459.5 1.19089 0.000516878
  461 460.5 1.18371 0.000513763
  462 461.5 1.17858 0.000511538
  463 462.5 1.17321 0.000509205
  464 463.5 1.16901 0.000507383
  465 464.5 1.16814 0.000507005
  466 465.5 1.16634 0.000506224
  467 466.5 1.16189 0.000504291
  468 467.5 1.16469 0.000505509
  469 468.5 1.16459 0.000505466
  470 469.5 1.16705 0.00050653
  471 470.5 1.16623 0.000506177
  472 471.5 1.16349 0.000504987
  473 472.5 1.16369 0.000505076
  474 473.5 1.16058 0.000503723
  475 474.5 1.16094 0.000503879
  476 475.5 1.1597 0.000503344
  477 476.5 1.16215 0.000504407
  478 477.5 1.16589 0.000506028
  479 478.5 1.16486 0.000505581
  480 479.5 1.16331 0.00050491
  481 480.5 1.16205 0.00050436
  482 481.5 1.17038 0.000507979
  483 482.5 1.16717 0.000506583
  484 483.5 1.16795 0.000506922
  485 484.5 1.1685 0.000507161
  486 485.5 1.17053 0.000508041
  487 486.5 1.17112 0.000508297
  488 487.5 1.17213 0.000508736
  489 488.5 1.16802 0.000506951
  490 489.5 1.16649 0.00050629
  491 490.5 1.1757 0.000510285
  492 491.5 1.1723 0.00050881
  493 492.5 1.17128 0.000508368
  494 493.5 1.16877 0.000507278
  495 494.5 1.16687 0.000506452
  496 495.5 1.16649 0.000506288
  497 496.5 1.16784 0.000506877
  498 497.5 1.17114 0.000508307
  499 498.5 1.17051 0.000508033
  500 499.5 1.17363 0.000509389
  501 500.5 1.17351 0.000509334
  502 501.5 1.17032 0.000507953
  503 502.5 1.16881 0.000507298
  504 503.5 1.1691 0.000507421
  505 504.5 1.16774 0.000506832
  506 505.5 1.16634 0.000506224
  507 506.5 1.17117 0.000508322
  508 507.5 1.16716 0.000506579
  509 508.5 1.16673 0.000506393
  510 509.5 1.16636 0.000506232
  511 510.5 1.17333 0.000509257
  512 511.5 1.17423 0.000509651
  513 512.5 1.1668 0.000506425
  514 513.5 1.16406 0.000505236
  515 514.5 1.16391 0.000505169
  516 515.5 1.16555 0.000505883
  517 516.5 1.16831 0.000507077
  518 517.5 1.16566 0.000505927
  519 518.5 1.16558 0.000505895
  520 519.5 1.16385 0.000505144
  521 520.5 1.16616 0.000506145
  522 521.5 1.17037 0.000507971
  523 522.5 1.16454 0.000505443
  524 523.5 1.16226 0.000504453
  525 524.5 1.16804 0.000506962
  526 525.5 1.16932 0.000507519
  527 526.5 1.17021 0.000507903
  528 527.5 1.16784 0.000506875
  529 528.5 1.16691 0.000506473
  530 529.5 1.16887 0.000507324
  531 530.5 1.16591 0.000506036
  532 531.5 1.16585 0.000506011
  533 532.5 1.16673 0.000506392
  534 533.5 1.16322 0.000504872
  535 534.5 1.15996 0.000503454
  536 535.5 1.16303 0.000504789
  537 536.5 1.16612 0.000506127
  538 537.5 1.15892 0.000503002
  539 538.5 1.15491 0.000501261
  540 539.5 1.15494 0.000501277
  541 540.5 1.15587 0.000501682
  542 541.5 1.15606 0.000501761
  543 542.5 1.14851 0.000498487
  544 543.5 1.14794 0.000498237
  545 544.5 1.14986 0.000499072
  546 545.5 1.15485 0.000501236
  547 546.5 1.15552 0.000501526
  548 547.5 1.14891 0.000498658
  549 548.5 1.15154 0.000499799
  550 549.5 1.15112 0.000499618
  551 550.5 1.15203 0.000500011
  552 551.5 1.15276 0.000500331
  553 552.5 1.1499 0.000499088
  554 553.5 1.15661 0.000502
  555 554.5 1.1599 0.000503428
  556 555.5 1.16112 0.000503961
  557 556.5 1.16271 0.000504648
  558 557.5 1.15953 0.000503267
  559 558.5 1.15845 0.000502799
  560 559.5 1.15667 0.000502026
  561 560.5 1.15176 0.000499896
  562 561.5 1.15457 0.000501118
  563 562.5 1.15508 0.000501338
  564 563.5 1.15515 0.000501369
  565 564.5 1.16239 0.000504509
  566 565.5 1.16229 0.000504466
  567 566.5 1.16447 0.000505413
  568 567.5 1.16867 0.000507234
  569 568.5 1.16948 0.000507589
  570 569.5 1.17088 0.000508196
  571 570.5 1.17206 0.000508707
  572 571.5 1.16721 0.000506603
  573 572.5 1.16779 0.000506852
  574 573.5 1.16509 0.000505683
  575 574.5 1.16402 0.000505217
  576 575.5 1.16543 0.00050583
  577 576.5 1.16955 0.000507616
  578 577.5 1.16817 0.000507019
  579 578.5 1.16878 0.000507283
  580 579.5 1.17014 0.000507875
  581 580.5 1.17124 0.00050835
  582 581.5 1.1708 0.000508159
  583 582.5 1.17405 0.000509572
  584 583.5 1.17251 0.0005089
  585 584.5 1.17539 0.000510152
  586 585.5 1.17325 0.000509224
  587 586.5 1.17409 0.000509586
  588 587.5 1.17791 0.000511244
  589 588.5 1.18244 0.000513213
  590 589.5 1.1849 0.00051428
  591 590.5 1.18924 0.000516162
  592 591.5 1.18696 0.000515174
  593 592.5 1.19252 0.000517587
  594 593.5 1.19032 0.000516633
  595 594.5 1.20369 0.000522435
  596 595.5 1.20204 0.00052172
  597 596.5 1.21198 0.000526031
  598 597.5 1.21738 0.000528375
  599 598.5 1.22344 0.000531009
  600 599.5 1.22659 0.000532374
  601 600.5 1.23608 0.000536494
  602 601.5 1.24393 0.0005399
  603 602.5 1.25361 0.000544099
  604 603.5 1.2566 0.000545401
  605 604.5 1.26168 0.000547606
  606 605.5 1.28062 0.000555826
  607 606.5 1.29244 0.000560955
  608 607.5 1.30409 0.000566013
  609 608.5 1.31405 0.000570336
  610 609.5 1.32652 0.000575749
  611 610.5 1.3375 0.000580512
  612 611.5 1.35036 0.000586095
  613 612.5 1.35843 0.000589595
  614 613.5 1.36969 0.000594485
  615 614.5 1.38474 0.000601013
  616 615.5 1.39526 0.00060558
  617 616.5 1.4054 0.000609983
  618 617.5 1.41368 0.000613576
  619 618.5 1.41935 0.000616037
  620 619.5 1.42453 0.000618287
  621 620.5 1.43297 0.00062195
  622 621.5 1.43472 0.00062271
  623 622.5 1.4351 0.000622872
  624 623.5 1.44009 0.000625041
80000000 624 7311
  1 0.5 1.43831 0.000624268
  2 1.5 1.42991 0.000620619
  3 2.5 1.41446 0.000613913
  4 3.5 1.39942 0.000607386
  5 4.5 1.38163 0.000599664
  6 5.5 1.37401 0.000596358
  7 6.5 1.35784 0.000589339
  8 7.5 1.34546 0.000583968
  9 8.5 1.33249 0.000578337
  10 9.5 1.31278 0.000569785
  11 10.5 1.3009 0.000564627
  12 11.5 1.27981 0.000555473
  13 12.5 1.26535 0.000549198
  14 13.5 1.25028 0.000542655
  15 14.5 1.23784 0.000537255
  16 15.5 1.22172 0.00053026
  17 16.5 1.21973 0.000529397
  18 17.5 1.21061 0.000525441
  19 18.5 1.19648 0.000519306
  20 19.5 1.18609 0.000514797
  21 20.5 1.17719 0.000510932
  22 21.5 1.16714 0.000506572
  23 22.5 1.15863 0.000502877
  24 23.5 1.15562 0.000501571
  25 24.5 1.15285 0.000500369
  26 25.5 1.14704 0.000497847
  27 26.5 1.14499 0.000496957
  28 27.5 1.15281 0.000500352
  29 28.5 1.14304 0.000496113
  30 29.5 1.13295 0.00049173
  31 30.5 1.13759 0.000493747
  32 31.5 1.13576 0.000492951
  33 32.5 1.13696 0.000493474
  34 33.5 1.1348 0.000492536
  35 34.5 1.13013 0.000490508
  36 35.5 1.12118 0.000486623
  37 36.5 1.12113 0.000486602
  38 37.5 1.11664 0.000484653
  39 38.5 1.11629 0.000484502
  40 39.5 1.11867 0.000485532
  41 40.5 1.11693 0.00048478
  42 41.5 1.11214 0.000482699
  43 42.5 1.10695 0.000480447
  44 43.5 1.10333 0.000478875
  45 44.5 1.11092 0.000482168
  46 45.5 1.10411 0.000479215
  47 46.5 1.10455 0.000479404
  48 47.5 1.1069 0.000480424
  49 48.5 1.1057 0.000479906
  50 49.5 1.10396 0.000479147
  51 50.5 1.10788 0.000480849
  52 51.5 1.10402 0.000479174
  53 52.5 1.10225 0.000478405
  54 53.5 1.09869 0.000476862
  55 54.5 1.0975 0.000476348
  56 55.5 1.0994 0.000477172
  57 56.5 1.09558 0.000475513
  58 57.5 1.094 0.000474829
  59 58.5 1.09839 0.000476734
  60 59.5 1.10307 0.000478763
  61 60.5 1.10608 0.00048007
  62 61.5 1.1 0.000477429
  63 62.5 1.09909 0.000477033
  64 63.5 1.09717 0.000476202
  65 64.5 1.10134 0.000478014
  66 65.5 1.09859 0.00047682
  67 66.5 1.10139 0.000478035
  68 67.5 1.10271 0.000478608
  69 68.5 1.10184 0.00047823
  70 69.5 1.10602 0.000480044
  71 70.5 1.10351 0.000478954
  72 71.5 1.10307 0.000478763
  73 72.5 1.10239 0.000478469
  74 73.5 1.10163 0.000478137
  75 74.5 1.09925 0.000477105
  76 75.5 1.09892 0.000476963
  77 76.5 1.10229 0.000478426
  78 77.5 1.0984 0.000476736
  79 78.5 1.10413 0.000479225
  80 79.5 1.11569 0.000484242
  81 80.5 1.11619 0.000484458
  82 81.5 1.11564 0.000484218
  83 82.5 1.11402 0.000483516
  84 83.5 1.12115 0.000486611
  85 84.5 1.12646 0.000488914
  86 85.5 1.1277 0.000489452
  87 86.5 1.12682 0.000489071
  88 87.5 1.13302 0.000491763
  89 88.5 1.1344 0.000492359
  90 89.5 1.13045 0.000490646
  91 90.5 1.13873 0.000494241
  92 91.5 1.13711 0.000493536
  93 92.5 1.13529 0.000492749
  94 93.5 1.13989 0.000494743
  95 94.5 1.1379 0.000493881
  96 95.5 1.12908 0.00049005
  97 96.5 1.12607 0.000488746
  98 97.5 1.12607 0.000488745
  99 98.5 1.12488 0.000488228
  100 99.5 1.12805 0.000489606
  101 100.5 1.12861 0.000489847
  102 101.5 1.12362 0.000487681
  103 102.5 1.11606 0.000484399
  104 103.5 1.11513 0.000483997
  105 104.5 1.11367 0.000483362
  106 105.5 1.10779 0.000480809
  107 106.5 1.10425 0.000479277
  108 107.5 1.10383 0.000479091
  109 108.5 1.10297 0.00047872
  110 109.5 1.10013 0.000477485
  111 110.5 1.10346 0.000478931
  112 111.5 1.10134 0.000478012
  113 112.5 1.09893 0.000476967
  114 113.5 1.10625 0.000480144
  115 114.5 1.1058 0.000479947
  116 115.5 1.09838 0.000476726
  117 116.5 1.09766 0.000476416
  118 117.5 1.09966 0.000477283
  119 118.5 1.09697 0.000476114
  120 119.5 1.09542 0.000475443
  121 120.5 1.09314 0.000474452
  122 121.5 1.08625 0.000471463
  123 122.5 1.08105 0.000469204
  124 123.5 1.07669 0.000467316
  125 124.5 1.08258 0.00046987
  126 125.5 1.08428 0.000470606
  127 126.5 1.09084 0.000473454
  128 127.5 1.09442 0.000475009
  129 128.5 1.08882 0.000472579
  130 129.5 1.09285 0.000474326
  131 130.5 1.09409 0.000474864
  132 131.5 1.09075 0.000473416
  133 132.5 1.0841 0.000470527
  134 133.5 1.08738 0.000471954
  135 134.5 1.08121 0.000469275
  136 135.5 1.07441 0.000466322
  137 136.5 1.07707 0.00046748
  138 137.5 1.07392 0.000466112
  139 138.5 1.0761 0.000467059
  140 139.5 1.0853 0.00047105
  141 140.5 1.07885 0.000468251
  142 141.5 1.07849 0.000468093
  143 142.5 1.07589 0.000466968
  144 143.5 1.07317 0.000465784
  145 144.5 1.0755 0.000466798
  146 145.5 1.06938 0.000464139
  147 146.5 1.07447 0.000466349
  148 147.5 1.07208 0.000465313
  149 148.5 1.07682 0.000467372
  150 149.5 1.0729 0.000465671
  151 150.5 1.06663 0.000462947
  152 151.5 1.06522 0.000462334
  153 152.5 1.06713 0.000463165
  154 153.5 1.07182 0.000465198
  155 154.5 1.06765 0.000463388
  156 155.5 1.07329 0.000465839
  157 156.5 1.06732 0.000463247
  158 157.5 1.06531 0.000462376
  159 158.5 1.06548 0.000462447
  160 159.5 1.0728 0.000465627
  161 160.5 1.07002 0.000464418
  162 161.5 1.06842 0.000463724
  163 162.5 1.06977 0.00046431
  164 163.5 1.07306 0.000465739
  165 164.5 1.07495 0.000466558
  166 165.5 1.07749 0.000467662
  167 166.5 1.08045 0.000468943
  168 167.5 1.08008 0.000468783
  169 168.5 1.08432 0.000470624
  170 169.5 1.08863 0.000472496
  171 170.5 1.08916 0.000472724
  172 171.5 1.09082 0.000473448
  173 172.5 1.08941 0.000472834
  174 173.5 1.09413 0.000474883
  175 174.5 1.09072 0.000473404
  176 175.5 1.0961 0.000475739
  177 176.5 1.10306 0.000478761
  178 177.5 1.11079 0.000482113
  179 178.5 1.10445 0.00047936
  180 179.5 1.11448 0.000483717
  181 180.5 1.11543 0.000484125
  182 181.5 1.1167 0.000484679
  183 182.5 1.1196 0.000485936
  184 183.5 1.12348 0.000487622
  185 184.5 1.12515 0.000488345
  186 185.5 1.12727 0.000489268
  187 186.5 1.12923 0.000490119
  188 187.5 1.13198 0.000491309
  189 188.5 1.14171 0.000495533
  190 189.5 1.14764 0.000498106
  191 190.5 1.15094 0.00049954
  192 191.5 1.15909 0.000503077
  193 192.5 1.16376 0.000505102
  194 193.5 1.17907 0.000511749
  195 194.5 1.18953 0.000516288
  196 195.5 1.19245 0.000517556
  197 196.5 1.20498 0.000522995
  198 197.5 1.21485 0.000527279
  199 198.5 1.2384 0.000537498
  200 199.5 1.26578 0.000549383
  201 200.5 1.30246 0.000565302
  202 201.5 1.36087 0.000590655
  203 202.5 1.43292 0.000621928
  204 203.5 1.54433 0.000670283
  205 204.5 1.70628 0.000740571
  206 205.5 1.9444 0.000843926
  207 206.5 2.29721 0.000997051
  208 207.5 2.8402 0.00123273
  209 208.5 3.62184 0.00157198
  210 209.5 4.68905 0.00203518
  211 210.5 6.14418 0.00266675
  212 211.5 8.01392 0.00347827
  213 212.5 10.3067 0.00447341
  214 213.5 12.9157 0.00560578
  215 214.5 15.7226 0.00682404
  216 215.5 18.5769 0.00806291
  217 216.5 21.3017 0.00924553
  218 217.5 23.7416 0.0103045
  219 218.5 25.8559 0.0112222
  220 219.5 27.5535 0.011959
  221 220.5 28.9158 0.0125503
  222 221.5 29.9364 0.0129933
  223 222.5 30.7136 0.0133305
  224 223.5 31.2778 0.0135754
  225 224.5 31.7181 0.0137665
  226 225.5 32.0011 0.0138894
  227 226.5 32.2003 0.0139758
  228 227.5 32.3837 0.0140554
  229 228.5 32.5102 0.0141103
  230 229.5 32.5792 0.0141403
  231 230.5 32.6415 0.0141673
  232 231.5 32.6983 0.014192
  233 232.5 32.7308 0.0142061
  234 233.5 32.7582 0.014218
  235 234.5 32.7776 0.0142264
  236 235.5 32.7868 0.0142304
  237 236.5 32.8012 0.0142366
  238 237.5 32.8019 0.0142369
  239 238.5 32.7994 0.0142358
  240 239.5 32.8132 0.0142418
  241 240.5 32.8143 0.0142423
  242 241.5 32.8165 0.0142433
  243 242.5 32.7907 0.0142321
  244 243.5 32.8247 0.0142468
  245 244.5 32.8302 0.0142492
  246 245.5 32.8178 0.0142439
  247 246.5 32.8258 0.0142473
  248 247.5 32.8127 0.0142416
  249 248.5 32.8254 0.0142471
  250 249.5 32.8235 0.0142463
  251 250.5 32.8357 0.0142516
  252 251.5 32.8157 0.0142429
  253 252.5 32.8218 0.0142456
  254 253.5 32.8263 0.0142475
  255 254.5 32.8437 0.0142551
  256 255.5 32.8272 0.0142479
  257 256.5 32.839 0.014253
  258 257.5 32.8547 0.0142599
  259 258.5 32.8294 0.0142489
  260 259.5 32.8463 0.0142562
  261 260.5 32.8557 0.0142603
  262 261.5 32.8406 0.0142537
  263 262.5 32.8445 0.0142554
  264 263.5 32.8653 0.0142645
  265 264.5 32.8622 0.0142631
  266 265.5 32.8151 0.0142427
  267 266.5 32.8507 0.0142581
  268 267.5 32.8906 0.0142754
  269 268.5 32.8217 0.0142455
  270 269.5 32.8294 0.0142489
  271 270.5 32.8495 0.0142576
  272 271.5 32.8397 0.0142533
  273 272.5 32.8214 0.0142454
  274 273.5 32.8219 0.0142456
  275 274.5 32.8325 0.0142502
  276 275.5 32.8294 0.0142489
  277 276.5 32.8233 0.0142462
  278 277.5 32.8248 0.0142469
  279 278.5 32.8388 0.014253
  280 279.5 32.8405 0.0142537
  281 280.5 32.8296 0.0142489
  282 281.5 32.842 0.0142544
  283 282.5 32.8336 0.0142507
  284 283.5 32.8575 0.0142611
  285 284.5 32.8391 0.0142531
  286 285.5 32.8407 0.0142538
  287 286.5 32.839 0.014253
  288 287.5 32.8539 0.0142595
  289 288.5 32.8626 0.0142633
  290 289.5 32.8367 0.0142521
  291 290.5 32.8509 0.0142582
  292 291.5 32.8482 0.014257
  293 292.5 32.8713 0.0142671
  294 293.5 32.8641 0.0142639
  295 294.5 32.8452 0.0142557
  296 295.5 32.8652 0.0142644
  297 296.5 32.8977 0.0142785
  298 297.5 32.8715 0.0142672
  299 298.5 32.8695 0.0142663
  300 299.5 32.88 0.0142708
  301 300.5 32.8858 0.0142734
  302 301.5 32.8784 0.0142701
  303 302.5 32.871 0.0142669
  304 303.5 32.8596 0.014262
  305 304.5 32.8691 0.0142661
  306 305.5 32.8896 0.014275
  307 306.5 32.8767 0.0142694
  308 307.5 32.8512 0.0142583
  309 308.5 32.8528 0.014259
  310 309.5 32.8824 0.0142719
  311 310.5 32.857 0.0142609
  312 311.5 32.8415 0.0142541
  313 312.5 32.8373 0.0142523
  314 313.5 32.8855 0.0142732
  315 314.5 32.8373 0.0142523
  316 315.5 32.8263 0.0142475
  317 316.5 32.8592 0.0142618
  318 317.5 32.8785 0.0142702
  319 318.5 32.837 0.0142522
  320 319.5 32.8425 0.0142546
  321 320.5 32.8697 0.0142664
  322 321.5 32.8496 0.0142576
  323 322.5 32.852 0.0142587
  324 323.5 32.8572 0.014261
  325 324.5 32.8657 0.0142646
  326 325.5 32.8581 0.0142613
  327 326.5 32.8648 0.0142642
  328 327.5 32.8373 0.0142523
  329 328.5 32.8558 0.0142603
  330 329.5 32.8585 0.0142615
  331 330.5 32.8473 0.0142566
  332 331.5 32.8312 0.0142496
  333 332.5 32.8668 0.0142651
  334 333.5 32.8536 0.0142594
  335 334.5 32.8546 0.0142598
  336 335.5 32.8593 0.0142618
  337 336.5 32.8651 0.0142644
  338 337.5 32.8622 0.0142631
  339 338.5 32.8471 0.0142566
  340 339.5 32.8761 0.0142691
  341 340.5 32.8551 0.01426
  342 341.5 32.8591 0.0142618
  343 342.5 32.857 0.0142608
  344 343.5 32.8568 0.0142608
  345 344.5 32.8503 0.014258
  346 345.5 32.8716 0.0142672
  347 346.5 32.8419 0.0142543
  348 347.5 32.8362 0.0142518
  349 348.5 32.8896 0.014275
  350 349.5 32.8634 0.0142636
  351 350.5 32.8141 0.0142422
  352 351.5 32.8764 0.0142693
  353 352.5 32.8682 0.0142657
  354 353.5 32.8213 0.0142454
  355 354.5 32.8495 0.0142576
  356 355.5 32.8715 0.0142671
  357 356.5 32.8308 0.0142495
  358 357.5 32.8405 0.0142537
  359 358.5 32.866 0.0142648
  360 359.5 32.8409 0.0142539
  361 360.5 32.819 0.0142444
  362 361.5 32.85 0.0142578
  363 362.5 32.8528 0.014259
  364 363.5 32.8288 0.0142486
  365 364.5 32.8326 0.0142503
  366 365.5 32.8592 0.0142618
  367 366.5 32.8601 0.0142622
  368 367.5 32.8423 0.0142545
  369 368.5 32.8387 0.0142529
  370 369.5 32.8407 0.0142538
  371 370.5 32.8466 0.0142563
  372 371.5 32.8495 0.0142576
  373 372.5 32.834 0.0142509
  374 373.5 32.8357 0.0142516
  375 374.5 32.8449 0.0142556
  376 375.5 32.8698 0.0142664
  377 376.5 32.8543 0.0142597
  378 377.5 32.8396 0.0142533
  379 378.5 32.8813 0.0142714
  380 379.5 32.8691 0.0142661
  381 380.5 32.8544 0.0142597
  382 381.5 32.8358 0.0142517
  383 382.5 32.8614 0.0142628
  384 383.5 32.8774 0.0142697
  385 384.5 32.8606 0.0142624
  386 385.5 32.83 0.0142491
  387 386.5 32.8647 0.0142642
  388 387.5 32.8492 0.0142575
  389 388.5 32.8343 0.014251
  390 389.5 32.8231 0.0142461
  391 390.5 32.8491 0.0142574
  392 391.5 32.843 0.0142548
  393 392.5 32.8095 0.0142402
  394 393.5 32.825 0.014247
  395 394.5 32.8424 0.0142545
  396 395.5 32.836 0.0142517
  397 396.5 32.7942 0.0142336
  398 397.5 32.8598 0.0142621
  399 398.5 32.8246 0.0142468
  400 399.5 32.8026 0.0142372
  401 400.5 32.8161 0.0142431
  402 401.5 32.8095 0.0142403
  403 402.5 32.799 0.0142357
  404 403.5 32.7765 0.0142259
  405 404.5 32.7647 0.0142208
  406 405.5 32.7388 0.0142095
  407 406.5 32.6787 0.0141835
  408 407.5 32.6402 0.0141667
  409 408.5 32.5937 0.0141466
  410 409.5 32.4951 0.0141038
  411 410.5 32.3285 0.0140315
  412 411.5 32.1891 0.013971
  413 412.5 31.985 0.0138824
  414 413.5 31.6619 0.0137422
  415 414.5 31.2086 0.0135454
  416 415.5 30.6491 0.0133026
  417 416.5 29.8629 0.0129613
  418 417.5 28.8153 0.0125066
  419 418.5 27.4573 0.0119172
  420 419.5 25.7675 0.0111838
  421 420.5 23.7578 0.0103116
  422 421.5 21.3842 0.00928136
  423 422.5 18.8139 0.00816577
  424 423.5 16.1363 0.00700361
  425 424.5 13.4774 0.00584958
  426 425.5 10.9862 0.00476833
  427 426.5 8.80212 0.00382036
  428 427.5 6.94957 0.00301631
  429 428.5 5.44096 0.00236153
  430 429.5 4.2715 0.00185395
  431 430.5 3.40253 0.00147679
  432 431.5 2.76988 0.0012022
  433 432.5 2.33138 0.00101188
  434 433.5 2.0199 0.000876692
  435 434.5 1.80052 0.000781474
  436 435.5 1.65258 0.000717265
  437 436.5 1.54456 0.00067038
  438 437.5 1.45989 0.000633632
  439 438.5 1.40529 0.000609937
  440 439.5 1.35794 0.000589385
  441 440.5 1.32551 0.000575308
  442 441.5 1.30055 0.000564476
  443 442.5 1.28631 0.000558293
  444 443.5 1.26982 0.000551136
  445 444.5 1.24052 0.000538418
  446 445.5 1.22431 0.000531386
  447 446.5 1.2106 0.000525435
  448 447.5 1.20052 0.000521059
  449 448.5 1.19329 0.000517921
  450 449.5 1.18633 0.000514901
  451 450.5 1.17477 0.000509884
  452 451.5 1.17333 0.000509258
  453 452.5 1.16786 0.000506883
  454 453.5 1.15565 0.000501583
  455 454.5 1.15582 0.000501658
  456 455.5 1.14962 0.000498965
  457 456.5 1.1452 0.000497047
  458 457.5 1.14123 0.000495326
  459 458.5 1.13766 0.000493775
  460 459.5 1.13644 0.000493248
  461 460.5 1.13535 0.000492773
  462 461.5 1.13449 0.0004924
  463 462.5 1.13131 0.000491021
  464 463.5 1.13053 0.00049068
  465 464.5 1.1305 0.000490667
  466 465.5 1.13349 0.000491967
  467 466.5 1.12955 0.000490254
  468 467.5 1.13186 0.00049126
  469 468.5 1.12918 0.000490094
  470 469.5 1.13293 0.000491724
  471 470.5 1.13543 0.000492807
  472 471.5 1.13336 0.000491909
  473 472.5 1.13043 0.000490638
  474 473.5 1.13018 0.000490529
  475 474.5 1.12872 0.000489896
  476 475.5 1.13308 0.000491787
  477 476.5 1.13331 0.000491889
  478 477.5 1.13064 0.000490728
  479 478.5 1.13126 0.000490999
  480 479.5 1.13075 0.000490776
  481 480.5 1.1238 0.00048776
  482 481.5 1.13357 0.000492003
  483 482.5 1.13536 0.000492779
  484 483.5 1.13801 0.00049393
  485 484.5 1.13653 0.000493286
  486 485.5 1.13792 0.000493891
  487 486.5 1.13015 0.000490518
  488 487.5 1.13084 0.000490814
  489 488.5 1.1295 0.000490237
  490 489.5 1.12997 0.000490437
  491 490.5 1.1324 0.000491492
  492 491.5 1.13542 0.000492804
  493 492.5 1.13214 0.000491379
  494 493.5 1.12762 0.000489418
  495 494.5 1.12539 0.000488453
  496 495.5 1.13286 0.000491693
  497 496.5 1.13365 0.000492037
  498 497.5 1.12917 0.00049009
  499 498.5 1.13031 0.000490586
  500 499.5 1.13041 0.000490628
  501 500.5 1.13367 0.000492046
  502 501.5 1.13109 0.000490924
  503 502.5 1.13232 0.000491459
  504 503.5 1.13556 0.000492863
  505 504.5 1.13583 0.000492983
  506 505.5 1.13211 0.000491369
  507 506.5 1.13007 0.000490483
  508 507.5 1.12779 0.000489491
  509 508.5 1.13274 0.00049164
  510 509.5 1.12956 0.00049026
  511 510.5 1.12649 0.00048893
  512 511.5 1.12763 0.000489421
  513 512.5 1.12347 0.000487615
  514 513.5 1.12482 0.000488205
  515 514.5 1.12226 0.000487091
  516 515.5 1.124 0.000487845
  517 516.5 1.12551 0.000488503
  518 517.5 1.12628 0.000488839
  519 518.5 1.1223 0.00048711
  520 519.5 1.11952 0.000485904
  521 520.5 1.12255 0.000487216
  522 521.5 1.12112 0.000486599
  523 522.5 1.11611 0.000484421
  524 523.5 1.11056 0.000482013
  525 524.5 1.11708 0.000484842
  526 525.5 1.11928 0.000485797
  527 526.5 1.11679 0.00048472
  528 527.5 1.1221 0.000487025
  529 528.5 1.12381 0.000487766
  530 529.5 1.12211 0.000487026
  531 530.5 1.12259 0.000487235
  532 531.5 1.12641 0.000488893
  533 532.5 1.12805 0.000489604
  534 533.5 1.12682 0.000489072
  535 534.5 1.13434 0.000492333
  536 535.5 1.13358 0.000492006
  537 536.5 1.12997 0.000490437
  538 537.5 1.12321 0.000487505
  539 538.5 1.12162 0.000486814
  540 539.5 1.12313 0.00048747
  541 540.5 1.12796 0.000489567
  542 541.5 1.12663 0.000488988
  543 542.5 1.1268 0.000489064
  544 543.5 1.12738 0.000489315
  545 544.5 1.12974 0.000490337
  546 545.5 1.12737 0.000489311
  547 546.5 1.12842 0.000489765
  548 547.5 1.1307 0.000490755
  549 548.5 1.1377 0.000493794
  550 549.5 1.13699 0.000493486
  551 550.5 1.13607 0.000493088
  552 551.5 1.13303 0.000491766
  553 552.5 1.13484 0.000492551
  554 553.5 1.12904 0.000490033
  555 554.5 1.13592 0.000493021
  556 555.5 1.13381 0.000492104
  557 556.5 1.13095 0.000490863
  558 557.5 1.12939 0.000490186
  559 558.5 1.12948 0.000490227
  560 559.5 1.13042 0.000490635
  561 560.5 1.13436 0.000492342
  562 561.5 1.14304 0.000496112
  563 562.5 1.14409 0.000496567
  564 563.5 1.14283 0.00049602
  565 564.5 1.14311 0.000496143
  566 565.5 1.14559 0.00049722
  567 566.5 1.14397 0.000496517
  568 567.5 1.14193 0.00049563
  569 568.5 1.14072 0.000495103
  570 569.5 1.13777 0.000493825
  571 570.5 1.13769 0.000493789
  572 571.5 1.14017 0.000494864
  573 572.5 1.14233 0.000495805
  574 573.5 1.14238 0.000495824
  575 574.5 1.1348 0.000492534
  576 575.5 1.13766 0.000493778
  577 576.5 1.13505 0.000492643
  578 577.5 1.13681 0.000493406
  579 578.5 1.14276 0.00049599
  580 579.5 1.14721 0.00049792
  581 580.5 1.14768 0.000498123
  582 581.5 1.14681 0.000497749
  583 582.5 1.14834 0.000498412
  584 583.5 1.15412 0.000500921
  585 584.5 1.15382 0.000500791
  586 585.5 1.15102 0.000499576
  587 586.5 1.1523 0.000500131
  588 587.5 1.15714 0.000502232
  589 588.5 1.1602 0.000503558
  590 589.5 1.16613 0.000506132
  591 590.5 1.17164 0.000508523
  592 591.5 1.17236 0.000508836
  593 592.5 1.17724 0.000510954
  594 593.5 1.18347 0.000513658
  595 594.5 1.19633 0.00051924
  596 595.5 1.20208 0.000521736
  597 596.5 1.20817 0.000524382
  598 597.5 1.21641 0.000527956
  599 598.5 1.22517 0.000531757
  600 599.5 1.22917 0.000533495
  601 600.5 1.24212 0.000539114
  602 601.5 1.25116 0.000543039
  603 602.5 1.25803 0.000546019
  604 603.5 1.26866 0.000550633
  605 604.5 1.28133 0.000556134
  606 605.5 1.2926 0.000561023
  607 606.5 1.30612 0.000566891
  608 607.5 1.32547 0.000575291
  609 608.5 1.34064 0.000581874
  610 609.5 1.35019 0.00058602
  611 610.5 1.36158 0.000590964
  612 611.5 1.38226 0.000599941
  613 612.5 1.38915 0.00060293
  614 613.5 1.40136 0.000608228
  615 614.5 1.41436 0.000613869
  616 615.5 1.42038 0.000616485
  617 616.5 1.42965 0.00062051
  618 617.5 1.44027 0.000625116
  619 618.5 1.44747 0.000628243
  620 619.5 1.44744 0.000628228
  621 620.5 1.44267 0.000626158
  622 621.5 1.43877 0.000624467
  623 622.5 1.44448 0.000626946
  624 623.5 1.44485 0.000627104
100000000 624 7311.00000000001
  1 0.5 1.41223 0.000612949
  2 1.5 1.40379 0.000609284
  3 2.5 1.39977 0.000607538
  4 3.5 1.38662 0.000601834
  5 4.5 1.3758 0.000597138
  6 5.5 1.37213 0.000595543
  7 6.5 1.36271 0.000591455
  8 7.5 1.33927 0.000581281
  9 8.5 1.33111 0.000577739
  10 9.5 1.32156 0.000573595
  11 10.5 1.30782 0.000567628
  12 11.5 1.29062 0.000560165
  13 12.5 1.28192 0.000556388
  14 13.5 1.26943 0.000550969
  15 14.5 1.26083 0.000547233
  16 15.5 1.25399 0.000544265
  17 16.5 1.24639 0.000540969
  18 17.5 1.23268 0.000535018
  19 18.5 1.22527 0.000531802
  20 19.5 1.22133 0.00053009
  21 20.5 1.21103 0.000525621
  22 21.5 1.20421 0.000522662
  23 22.5 1.20114 0.000521329
  24 23.5 1.19476 0.00051856
  25 24.5 1.1914 0.0005171
  26 25.5 1.18769 0.000515491
  27 26.5 1.18118 0.000512666
  28 27.5 1.17309 0.000509154
  29 28.5 1.17131 0.000508383
  30 29.5 1.16513 0.000505698
  31 30.5 1.16362 0.000505043
  32 31.5 1.15388 0.000500816
  33 32.5 1.15244 0.000500191
  34 33.5 1.15302 0.000500444
  35 34.5 1.14858 0.000498516
  36 35.5 1.14776 0.000498162
  37 36.5 1.14994 0.000499106
  38 37.5 1.14535 0.000497112
  39 38.5 1.15216 0.000500067
  40 39.5 1.14494 0.000496934
  41 40.5 1.14165 0.000495508
  42 41.5 1.14572 0.000497275
  43 42.5 1.14676 0.000497727
  44 43.5 1.14253 0.000495891
  45 44.5 1.1383 0.000494056
  46 45.5 1.13931 0.00049449
  47 46.5 1.14587 0.00049734
  48 47.5 1.14606 0.000497424
  49 48.5 1.14859 0.000498522
  50 49.5 1.15091 0.000499526
  51 50.5 1.15155 0.000499805
  52 51.5 1.14773 0.000498148
  53 52.5 1.14735 0.00049798
  54 53.5 1.14897 0.000498686
  55 54.5 1.15073 0.00049945
  56 55.5 1.14563 0.000497235
  57 56.5 1.14521 0.000497053
  58 57.5 1.14757 0.000498076
  59 58.5 1.15089 0.000499518
  60 59.5 1.15264 0.00050028
  61 60.5 1.15993 0.000503444
  62 61.5 1.15389 0.00050082
  63 62.5 1.15496 0.000501286
  64 63.5 1.15177 0.000499902
  65 64.5 1.14487 0.000496906
  66 65.5 1.14992 0.000499099
  67 66.5 1.14456 0.000496773
  68 67.5 1.1456 0.000497221
  69 68.5 1.14739 0.000498
  70 69.5 1.13827 0.000494043
  71 70.5 1.13884 0.000494287
  72 71.5 1.13329 0.000491879
  73 72.5 1.1291 0.000490062
  74 73.5 1.1313 0.000491014
  75 74.5 1.13069 0.00049075
  76 75.5 1.12911 0.000490064
  77 76.5 1.12208 0.000487013
  78 77.5 1.12097 0.000486533
  79 78.5 1.13084 0.000490816
  80 79.5 1.13355 0.000491993
  81 80.5 1.13221 0.000491412
  82 81.5 1.12658 0.000488967
  83 82.5 1.126 0.000488715
  84 83.5 1.13133 0.000491028
  85 84.5 1.1329 0.00049171
  86 85.5 1.12633 0.000488858
  87 86.5 1.13522 0.000492715
  88 87.5 1.13629 0.000493181
  89 88.5 1.13427 0.000492304
  90 89.5 1.13773 0.000493806
  91 90.5 1.14297 0.000496082
  92 91.5 1.14771 0.000498136
  93 92.5 1.14597 0.000497383
  94 93.5 1.14428 0.000496649
  95 94.5 1.15151 0.000499788
  96 95.5 1.15156 0.000499807
  97 96.5 1.14871 0.000498573
  98 97.5 1.14855 0.000498503
  99 98.5 1.1444 0.000496703
  100 99.5 1.1418 0.000495573
  101 100.5 1.13769 0.000493789
  102 101.5 1.13987 0.000494735
  103 102.5 1.13561 0.000492888
  104 103.5 1.13201 0.000491325
  105 104.5 1.12808 0.000489619
  106 105.5 1.12392 0.000487813
  107 106.5 1.12331 0.000487549
  108 107.5 1.12207 0.00048701
  109 108.5 1.12513 0.000488336
  110 109.5 1.12637 0.000488878
  111 110.5 1.1336 0.000492012
  112 111.5 1.13749 0.000493703
  113 112.5 1.14442 0.00049671
  114 113.5 1.14283 0.000496021
  115 114.5 1.14227 0.000495779
  116 115.5 1.13498 0.000492615
  117 116.5 1.13547 0.000492824
  118 117.5 1.13332 0.000491894
  119 118.5 1.13134 0.000491031
  120 119.5 1.1305 0.000490669
  121 120.5 1.13318 0.000491831
  122 121.5 1.13874 0.000494247
  123 122.5 1.13573 0.000492937
  124 123.5 1.13329 0.000491879
  125 124.5 1.1323 0.000491448
  126 125.5 1.13655 0.000493296
  127 126.5 1.14714 0.000497889
  128 127.5 1.14288 0.000496043
  129 128.5 1.14645 0.000497593
  130 129.5 1.14666 0.000497684
  131 130.5 1.14833 0.000498408
  132 131.5 1.15044 0.000499324
  133 132.5 1.15541 0.000501478
  134 133.5 1.15412 0.00050092
  135 134.5 1.14985 0.000499066
  136 135.5 1.14633 0.000497537
  137 136.5 1.14558 0.000497213
  138 137.5 1.14335 0.000496245
  139 138.5 1.1426 0.000495919
  140 139.5 1.1466 0.000497658
  141 140.5 1.14793 0.000498234
  142 141.5 1.15221 0.00050009
  143 142.5 1.1514 0.00049974
  144 143.5 1.15193 0.000499971
  145 144.5 1.1491 0.000498742
  146 145.5 1.15328 0.000500554
  147 146.5 1.16073 0.00050379
  148 147.5 1.15502 0.000501313
  149 148.5 1.15995 0.000503451
  150 149.5 1.15837 0.000502765
  151 150.5 1.16209 0.00050438
  152 151.5 1.17103 0.000508258
  153 152.5 1.16509 0.000505681
  154 153.5 1.15884 0.00050297
  155 154.5 1.16142 0.000504089
  156 155.5 1.15455 0.000501107
  157 156.5 1.15467 0.000501158
  158 157.5 1.15495 0.000501282
  159 158.5 1.1565 0.000501953
  160 159.5 1.1551 0.000501346
  161 160.5 1.15577 0.000501637
  162 161.5 1.15086 0.000499507
  163 162.5 1.14438 0.000496691
  164 163.5 1.1413 0.000495355
  165 164.5 1.13615 0.000493122
  166 165.5 1.13928 0.000494478
  167 166.5 1.14056 0.000495033
  168 167.5 1.13155 0.000491125
  169 168.5 1.12956 0.00049026
  170 169.5 1.1248 0.000488194
  171 170.5 1.13366 0.000492042
  172 171.5 1.1315 0.000491104
  173 172.5 1.13178 0.000491223
  174 173.5 1.1349 0.000492579
  175 174.5 1.12872 0.000489898
  176 175.5 1.13124 0.000490989
  177 176.5 1.13259 0.000491576
  178 177.5 1.12637 0.000488876
  179 178.5 1.13403 0.0004922
  180 179.5 1.13315 0.000491819
  181 180.5 1.13589 0.00049301
  182 181.5 1.13548 0.000492829
  183 182.5 1.13095 0.000490863
  184 183.5 1.12751 0.00048937
  185 184.5 1.13095 0.000490864
  186 185.5 1.13799 0.000493919
  187 186.5 1.14184 0.000495591
  188 187.5 1.14914 0.000498757
  189 188.5 1.15572 0.000501616
  190 189.5 1.16718 0.000506589
  191 190.5 1.17283 0.000509039
  192 191.5 1.19024 0.000516595
  193 192.5 1.20343 0.000522322
  194 193.5 1.22331 0.000530951
  195 194.5 1.24188 0.000539009
  196 195.5 1.26291 0.000548139
  197 196.5 1.29895 0.000563779
  198 197.5 1.3532 0.000587326
  199 198.5 1.41697 0.000615004
  200 199.5 1.52059 0.000659977
  201 200.5 1.66089 0.000720872
  202 201.5 1.86414 0.000809088
  203 202.5 2.16761 0.000940804
  204 203.5 2.59855 0.00112784
  205 204.5 3.23423 0.00140374
  206 205.5 4.14317 0.00179825
  207 206.5 5.37139 0.00233133
  208 207.5 6.969 0.00302474
  209 208.5 8.94926 0.00388423
  210 209.5 11.2808 0.00489617
  211 210.5 13.8938 0.00603029
  212 211.5 16.6266 0.00721641
  213 212.5 19.3476 0.00839741
  214 213.5 21.9201 0.00951393
  215 214.5 24.2129 0.0105091
  216 215.5 26.1825 0.0113639
  217 216.5 27.7608 0.012049
  218 217.5 29.0409 0.0126046
  219 218.5 30.0173 0.0130283
  220 219.5 30.785 0.0133616
  221 220.5 31.3102 0.0135895
  222 221.5 31.73 0.0137717
  223 222.5 32.0393 0.0139059
  224 223.5 32.2361 0.0139914
  225 224.5 32.3763 0.0140522
  226 225.5 32.517 0.0141133
  227 226.5 32.598 0.0141484
  228 227.5 32.6506 0.0141713
  229 228.5 32.6941 0.0141902
  230 229.5 32.7324 0.0142068
  231 230.5 32.7366 0.0142086
  232 231.5 32.7735 0.0142246
  233 232.5 32.7922 0.0142327
  234 233.5 32.7753 0.0142254
  235 234.5 32.7904 0.014232
  236 235.5 32.792 0.0142327
  237 236.5 32.8054 0.0142385
  238 237.5 32.8034 0.0142376
  239 238.5 32.8132 0.0142418
  240 239.5 32.7841 0.0142292
  241 240.5 32.8068 0.014239
  242 241.5 32.8097 0.0142403
  243 242.5 32.8024 0.0142372
  244 243.5 32.8045 0.0142381
  245 244.5 32.8236 0.0142464
  246 245.5 32.7942 0.0142336
  247 246.5 32.7936 0.0142334
  248 247.5 32.8005 0.0142363
  249 248.5 32.7974 0.014235
  250 249.5 32.7769 0.0142261
  251 250.5 32.7632 0.0142201
  252 251.5 32.7805 0.0142277
  253 252.5 32.796 0.0142344
  254 253.5 32.7457 0.0142126
  255 254.5 32.7553 0.0142167
  256 255.5 32.7992 0.0142358
  257 256.5 32.7636 0.0142203
  258 257.5 32.7572 0.0142175
  259 258.5 32.7593 0.0142185
  260 259.5 32.7573 0.0142176
  261 260.5 32.7629 0.01422
  262 261.5 32.7545 0.0142164
  263 262.5 32.7526 0.0142155
  264 263.5 32.7465 0.0142129
  265 264.5 32.7812 0.0142279
  266 265.5 32.7678 0.0142222
  267 266.5 32.7636 0.0142203
  268 267.5 32.7919 0.0142326
  269 268.5 32.7687 0.0142225
  270 269.5 32.769 0.0142227
  271 270.5 32.7824 0.0142285
  272 271.5 32.7714 0.0142237
  273 272.5 32.7661 0.0142214
  274 273.5 32.7716 0.0142238
  275 274.5 32.7754 0.0142254
  276 275.5 32.7653 0.014221
  277 276.5 32.7913 0.0142324
  278 277.5 32.7481 0.0142136
  279 278.5 32.7916 0.0142325
  280 279.5 32.7852 0.0142297
  281 280.5 32.7825 0.0142285
  282 281.5 32.7661 0.0142214
  283 282.5 32.7968 0.0142347
  284 283.5 32.7894 0.0142315
  285 284.5 32.7767 0.014226
  286 285.5 32.7997 0.014236
  287 286.5 32.7889 0.0142313
  288 287.5 32.7962 0.0142344
  289 288.5 32.7906 0.014232
  290 289.5 32.7925 0.0142329
  291 290.5 32.7773 0.0142263
  292 291.5 32.7839 0.0142291
  293 292.5 32.7895 0.0142315
  294 293.5 32.7832 0.0142288
  295 294.5 32.7855 0.0142298
  296 295.5 32.7902 0.0142319
  297 296.5 32.7801 0.0142275
  298 297.5 32.7838 0.0142291
  299 298.5 32.782 0.0142283
  300 299.5 32.7911 0.0142322
  301 300.5 32.7872 0.0142306
  302 301.5 32.78 0.0142274
  303 302.5 32.8004 0.0142363
  304 303.5 32.7837 0.014229
  305 304.5 32.7679 0.0142222
  306 305.5 32.7814 0.014228
  307 306.5 32.7838 0.0142291
  308 307.5 32.7695 0.0142229
  309 308.5 32.7943 0.0142337
  310 309.5 32.7843 0.0142293
  311 310.5 32.776 0.0142257
  312 311.5 32.7926 0.0142329
  313 312.5 32.8012 0.0142367
  314 313.5 32.798 0.0142352
  315 314.5 32.7789 0.014227
  316 315.5 32.8193 0.0142445
  317 316.5 32.8227 0.014246
  318 317.5 32.7975 0.014235
  319 318.5 32.7883 0.014231
  320 319.5 32.8101 0.0142405
  321 320.5 32.8296 0.014249
  322 321.5 32.7986 0.0142355
  323 322.5 32.8031 0.0142375
  324 323.5 32.8396 0.0142533
  325 324.5 32.8134 0.0142419
  326 325.5 32.8406 0.0142537
  327 326.5 32.8423 0.0142545
  328 327.5 32.8339 0.0142508
  329 328.5 32.8266 0.0142476
  330 329.5 32.8348 0.0142512
  331 330.5 32.8426 0.0142546
  332 331.5 32.8542 0.0142596
  333 332.5 32.8141 0.0142422
  334 333.5 32.8278 0.0142482
  335 334.5 32.832 0.01425
  336 335.5 32.8322 0.0142501
  337 336.5 32.8223 0.0142458
  338 337.5 32.8 0.0142361
  339 338.5 32.8442 0.0142553
  340 339.5 32.8035 0.0142376
  341 340.5 32.8023 0.0142371
  342 341.5 32.795 0.0142339
  343 342.5 32.8411 0.014254
  344 343.5 32.7589 0.0142183
  345 344.5 32.8025 0.0142372
  346 345.5 32.8295 0.0142489
  347 346.5 32.8192 0.0142445
  348 347.5 32.7839 0.0142291
  349 348.5 32.8082 0.0142397
  350 349.5 32.8143 0.0142423
  351 350.5 32.8205 0.014245
  352 351.5 32.8184 0.0142441
  353 352.5 32.8329 0.0142504
  354 353.5 32.8319 0.01425
  355 354.5 32.835 0.0142513
  356 355.5 32.832 0.01425
  357 356.5 32.8453 0.0142558
  358 357.5 32.8433 0.0142549
  359 358.5 32.8564 0.0142606
  360 359.5 32.8432 0.0142548
  361 360.5 32.8541 0.0142596
  362 361.5 32.8789 0.0142704
  363 362.5 32.8236 0.0142464
  364 363.5 32.8727 0.0142677
  365 364.5 32.8504 0.014258
  366 365.5 32.8685 0.0142659
  367 366.5 32.8584 0.0142615
  368 367.5 32.8739 0.0142682
  369 368.5 32.8707 0.0142668
  370 369.5 32.8529 0.0142591
  371 370.5 32.8637 0.0142637
  372 371.5 32.8674 0.0142654
  373 372.5 32.8677 0.0142655
  374 373.5 32.8645 0.0142641
  375 374.5 32.8722 0.0142674
  376 375.5 32.8596 0.014262
  377 376.5 32.8651 0.0142644
  378 377.5 32.8473 0.0142566
  379 378.5 32.8752 0.0142687
  380 379.5 32.8587 0.0142616
  381 380.5 32.8412 0.014254
  382 381.5 32.8505 0.014258
  383 382.5 32.8609 0.0142625
  384 383.5 32.8162 0.0142431
  385 384.5 32.8611 0.0142626
  386 385.5 32.8305 0.0142493
  387 386.5 32.8212 0.0142453
  388 387.5 32.8139 0.0142421
  389 388.5 32.8415 0.0142541
  390 389.5 32.8224 0.0142458
  391 390.5 32.82 0.0142448
  392 391.5 32.7996 0.0142359
  393 392.5 32.8146 0.0142425
  394 393.5 32.81 0.0142405
  395 394.5 32.7564 0.0142172
  396 395.5 32.7804 0.0142276
  397 396.5 32.8026 0.0142372
  398 397.5 32.7355 0.0142081
  399 398.5 32.7302 0.0142058
  400 399.5 32.777 0.0142261
  401 400.5 32.7482 0.0142136
  402 401.5 32.6658 0.0141779
  403 402.5 32.6871 0.0141871
  404 403.5 32.6635 0.0141769
  405 404.5 32.5658 0.0141345
  406 405.5 32.5025 0.014107
  407 406.5 32.4413 0.0140804
  408 407.5 32.2693 0.0140058
  409 408.5 32.0679 0.0139184
  410 409.5 31.8473 0.0138226
  411 410.5 31.486 0.0136658
  412 411.5 30.9632 0.0134389
  413 412.5 30.3064 0.0131538
  414 413.5 29.4176 0.0127681
  415 414.5 28.1944 0.0122372
  416 415.5 26.6791 0.0115795
  417 416.5 24.8111 0.0107687
  418 417.5 22.606 0.00981165
  419 418.5 20.1247 0.00873469
  420 419.5 17.467 0.00758118
  421 420.5 14.768 0.00640974
  422 421.5 12.1842 0.00528829
  423 422.5 9.82626 0.00426487
  424 423.5 7.79349 0.00338259
  425 424.5 6.11164 0.00265262
  426 425.5 4.79101 0.00207943
  427 426.5 3.78789 0.00164405
  428 427.5 3.05007 0.00132382
  429 428.5 2.53856 0.0011018
  430 429.5 2.17932 0.000945885
  431 430.5 1.92114 0.000833827
  432 431.5 1.74127 0.00075576
  433 432.5 1.61742 0.000702003
  434 433.5 1.52739 0.00066293
  435 434.5 1.4621 0.000634592
  436 435.5 1.42031 0.000616452
  437 436.5 1.38855 0.000602669
  438 437.5 1.35394 0.000587645
  439 438.5 1.33366 0.000578847
  440 439.5 1.31657 0.00057143
  441 440.5 1.30336 0.000565694
  442 441.5 1.28848 0.000559236
  443 442.5 1.27314 0.000552577
  444 443.5 1.26367 0.000548469
  445 444.5 1.2552 0.000544793
  446 445.5 1.24811 0.000541713
  447 446.5 1.23736 0.000537048
  448 447.5 1.23358 0.000535406
  449 448.5 1.23007 0.000533884
  450 449.5 1.22307 0.000530845
  451 450.5 1.21427 0.000527029
  452 451.5 1.20945 0.000524937
  453 452.5 1.20616 0.000523506
  454 453.5 1.20241 0.000521881
  455 454.5 1.19948 0.000520605
  456 455.5 1.19098 0.00051692
  457 456.5 1.19782 0.000519886
  458 457.5 1.19992 0.000520799
  459 458.5 1.1955 0.000518879
  460 459.5 1.19455 0.000518467
  461 460.5 1.1988 0.00052031
  462 461.5 1.19286 0.000517733
  463 462.5 1.18941 0.000516237
  464 463.5 1.19073 0.000516811
  465 464.5 1.1943 0.000518361
  466 465.5 1.19605 0.000519117
  467 466.5 1.19135 0.000517079
  468 467.5 1.19553 0.000518894
  469 468.5 1.1993 0.000520528
  470 469.5 1.19212 0.000517414
  471 470.5 1.1843 0.000514017
  472 471.5 1.18107 0.000512617
  473 472.5 1.18716 0.000515262
  474 473.5 1.1885 0.000515841
  475 474.5 1.186 0.000514757
  476 475.5 1.18311 0.000513504
  477 476.5 1.18296 0.000513438
  478 477.5 1.18727 0.000515309
  479 478.5 1.1892 0.000516145
  480 479.5 1.1874 0.000515364
  481 480.5 1.18646 0.000514957
  482 481.5 1.18628 0.000514878
  483 482.5 1.18193 0.000512991
  484 483.5 1.18144 0.000512777
  485 484.5 1.17748 0.000511059
  486 485.5 1.17351 0.000509338
  487 486.5 1.16975 0.000507704
  488 487.5 1.1756 0.000510244
  489 488.5 1.16787 0.000506888
  490 489.5 1.16464 0.000505488
  491 490.5 1.16909 0.000507419
  492 491.5 1.16777 0.000506845
  493 492.5 1.16545 0.000505839
  494 493.5 1.15944 0.000503229
  495 494.5 1.16371 0.000505083
  496 495.5 1.16225 0.00050445
  497 496.5 1.17204 0.0005087
  498 497.5 1.17046 0.000508013
  499 498.5 1.16867 0.000507234
  500 499.5 1.16914 0.00050744
  501 500.5 1.17125 0.000508356
  502 501.5 1.16802 0.000506954
  503 502.5 1.17254 0.000508916
  504 503.5 1.17086 0.000508187
  505 504.5 1.16956 0.00050762
  506 505.5 1.17061 0.000508079
  507 506.5 1.16934 0.000507525
  508 507.5 1.16688 0.000506457
  509 508.5 1.1681 0.000506987
  510 509.5 1.16731 0.000506643
  511 510.5 1.16565 0.000505924
  512 511.5 1.15852 0.000502832
  513 512.5 1.16183 0.000504265
  514 513.5 1.16028 0.000503594
  515 514.5 1.16074 0.000503792
  516 515.5 1.15916 0.000503109
  517 516.5 1.15709 0.00050221
  518 517.5 1.15948 0.000503248
  519 518.5 1.15982 0.000503394
  520 519.5 1.15887 0.000502983
  521 520.5 1.15414 0.000500928
  522 521.5 1.15713 0.000502228
  523 522.5 1.15861 0.000502869
  524 523.5 1.1584 0.00050278
  525 524.5 1.15129 0.000499694
  526 525.5 1.15167 0.000499855
  527 526.5 1.15741 0.000502348
  528 527.5 1.15846 0.000502802
  529 528.5 1.15837 0.000502765
  530 529.5 1.15942 0.000503218
  531 530.5 1.16562 0.00050591
  532 531.5 1.16492 0.00050561
  533 532.5 1.15905 0.000503058
  534 533.5 1.15524 0.000501404
  535 534.5 1.152 0.0005
  536 535.5 1.1529 0.000500391
  537 536.5 1.15591 0.000501697
  538 537.5 1.15311 0.000500484
  539 538.5 1.14962 0.000498967
  540 539.5 1.15578 0.000501642
  541 540.5 1.15772 0.00050248
  542 541.5 1.15204 0.000500016
  543 542.5 1.15118 0.000499643
  544 543.5 1.15085 0.000499501
  545 544.5 1.14946 0.000498898
  546 545.5 1.14681 0.000497746
  547 546.5 1.14959 0.000498954
  548 547.5 1.14874 0.000498583
  549 548.5 1.15154 0.0004998
  550 549.5 1.15706 0.000502195
  551 550.5 1.15158 0.000499816
  552 551.5 1.14923 0.000498799
  553 552.5 1.15213 0.000500058
  554 553.5 1.15001 0.000499135
  555 554.5 1.15357 0.00050068
  556 555.5 1.14853 0.000498492
  557 556.5 1.15252 0.000500224
  558 557.5 1.15955 0.000503278
  559 558.5 1.15227 0.000500118
  560 559.5 1.1549 0.00050126
  561 560.5 1.15625 0.000501843
  562 561.5 1.15158 0.000499819
  563 562.5 1.1513 0.000499696
  564 563.5 1.14876 0.000498594
  565 564.5 1.14623 0.000497496
  566 565.5 1.15013 0.000499191
  567 566.5 1.15171 0.000499873
  568 567.5 1.15856 0.000502848
  569 568.5 1.15712 0.000502222
  570 569.5 1.15356 0.000500678
  571 570.5 1.15856 0.000502847
  572 571.5 1.1536 0.000500693
  573 572.5 1.15171 0.000499874
  574 573.5 1.15206 0.000500024
  575 574.5 1.15535 0.000501454
  576 575.5 1.1534 0.000500608
  577 576.5 1.15823 0.000502704
  578 577.5 1.15423 0.000500969
  579 578.5 1.15861 0.000502868
  580 579.5 1.15928 0.000503159
  581 580.5 1.16027 0.000503589
  582 581.5 1.15755 0.000502408
  583 582.5 1.15776 0.000502499
  584 583.5 1.15752 0.000502397
  585 584.5 1.15942 0.000503222
  586 585.5 1.16196 0.000504324
  587 586.5 1.16182 0.000504262
  588 587.5 1.16509 0.000505683
  589 588.5 1.17201 0.000508686
  590 589.5 1.1703 0.000507941
  591 590.5 1.16931 0.000507513
  592 591.5 1.17312 0.000509165
  593 592.5 1.17815 0.00051135
  594 593.5 1.18213 0.000513078
  595 594.5 1.18965 0.000516341
  596 595.5 1.20125 0.000521377
  597 596.5 1.21017 0.000525248
  598 597.5 1.21835 0.000528799
  599 598.5 1.23068 0.000534149
  600 599.5 1.2425 0.000539278
  601 600.5 1.24682 0.000541156
  602 601.5 1.25662 0.000545409
  603 602.5 1.27177 0.000551982
  604 603.5 1.28251 0.000556645
  605 604.5 1.29062 0.000560167
  606 605.5 1.3043 0.000566101
  607 606.5 1.31617 0.000571253
  608 607.5 1.32883 0.00057675
  609 608.5 1.34381 0.00058325
  610 609.5 1.35367 0.000587529
  611 610.5 1.36687 0.000593261
  612 611.5 1.38056 0.000599203
  613 612.5 1.39286 0.000604541
  614 613.5 1.40035 0.00060779
  615 614.5 1.41041 0.000612158
  616 615.5 1.4162 0.000614669
  617 616.5 1.41643 0.000614769
  618 617.5 1.42214 0.000617249
  619 618.5 1.4258 0.000618837
  620 619.5 1.42587 0.000618868
  621 620.5 1.42695 0.000619337
  622 621.5 1.42413 0.00061811
  623 622.5 1.42189 0.000617138
  624 623.5 1.41444 0.000613905
120000000 624 7311.0000000000055
  1 0.5 1.4521 0.000630253
  2 1.5 1.44157 0.000625682
  3 2.5 1.43928 0.000624687
  4 3.5 1.43466 0.000622683
  5 4.5 1.42328 0.000617742
  6 5.5 1.41364 0.000613558
  7 6.5 1.40774 0.000610999
  8 7.5 1.39514 0.000605527
  9 8.5 1.38686 0.000601937
  10 9.5 1.38038 0.000599125
  11 10.5 1.36567 0.000592737
  12 11.5 1.35759 0.00058923
  13 12.5 1.34065 0.000581881
  14 13.5 1.31971 0.000572789
  15 14.5 1.30716 0.000567345
  16 15.5 1.29499 0.000562063
  17 16.5 1.28318 0.000556935
  18 17.5 1.27402 0.000552959
  19 18.5 1.26699 0.000549908
  20 19.5 1.24972 0.000542413
  21 20.5 1.23433 0.000535734
  22 21.5 1.22539 0.000531854
  23 22.5 1.21664 0.000528055
  24 23.5 1.21457 0.000527156
  25 24.5 1.21263 0.000526314
  26 25.5 1.2081 0.000524351
  27 26.5 1.20298 0.000522128
  28 27.5 1.1993 0.00052053
  29 28.5 1.19491 0.000518624
  30 29.5 1.18761 0.000515457
  31 30.5 1.17982 0.000512075
  32 31.5 1.17414 0.000509609
  33 32.5 1.16174 0.000504227
  34 33.5 1.16092 0.000503871
  35 34.5 1.15812 0.000502657
  36 35.5 1.15316 0.000500503
  37 36.5 1.1502 0.000499217
  38 37.5 1.14443 0.000496713
  39 38.5 1.14733 0.000497975
  40 39.5 1.14424 0.000496634
  41 40.5 1.14485 0.000496896
  42 41.5 1.14437 0.000496687
  43 42.5 1.13982 0.000494715
  44 43.5 1.14104 0.000495243
  45 44.5 1.14271 0.00049597
  46 45.5 1.14048 0.000495001
  47 46.5 1.14004 0.000494809
  48 47.5 1.13857 0.000494169
  49 48.5 1.14315 0.000496159
  50 49.5 1.14393 0.000496495
  51 50.5 1.13883 0.000494284
  52 51.5 1.1379 0.000493882
  53 52.5 1.13295 0.000491733
  54 53.5 1.12831 0.000489717
  55 54.5 1.12729 0.000489274
  56 55.5 1.12306 0.000487441
  57 56.5 1.12263 0.000487251
  58 57.5 1.12458 0.000488098
  59 58.5 1.12262 0.000487249
  60 59.5 1.11974 0.000485997
  61 60.5 1.11074 0.000482091
  62 61.5 1.10871 0.000481213
  63 62.5 1.11162 0.000482475
  64 63.5 1.11603 0.000484387
  65 64.5 1.11431 0.00048364
  66 65.5 1.11882 0.000485598
  67 66.5 1.12285 0.000487349
  68 67.5 1.12309 0.000487454
  69 68.5 1.11285 0.000483007
  70 69.5 1.11344 0.000483263
  71 70.5 1.11719 0.000484891
  72 71.5 1.11506 0.000483967
  73 72.5 1.11357 0.000483319
  74 73.5 1.11303 0.000483088
  75 74.5 1.11184 0.00048257
  76 75.5 1.10622 0.000480128
  77 76.5 1.11018 0.00048185
  78 77.5 1.10549 0.000479812
  79 78.5 1.10598 0.000480026
  80 79.5 1.10498 0.000479591
  81 80.5 1.10171 0.000478171
  82 81.5 1.09924 0.000477102
  83 82.5 1.09836 0.000476717
  84 83.5 1.10221 0.000478389
  85 84.5 1.09988 0.000477377
  86 85.5 1.094 0.000474826
  87 86.5 1.09147 0.000473729
  88 87.5 1.08397 0.000470473
  89 88.5 1.08088 0.00046913
  90 89.5 1.08113 0.000469241
  91 90.5 1.07695 0.000467424
  92 91.5 1.06902 0.000463984
  93 92.5 1.06191 0.0004609
  94 93.5 1.06496 0.000462223
  95 94.5 1.06353 0.000461602
  96 95.5 1.06095 0.000460483
  97 96.5 1.05478 0.000457802
  98 97.5 1.04932 0.000455433
  99 98.5 1.05271 0.000456904
  100 99.5 1.05598 0.000458323
  101 100.5 1.05685 0.000458702
  102 101.5 1.05611 0.000458382
  103 102.5 1.05694 0.000458741
  104 103.5 1.05943 0.000459824
  105 104.5 1.05744 0.000458959
  106 105.5 1.0598 0.000459984
  107 106.5 1.05827 0.000459319
  108 107.5 1.05578 0.000458239
  109 108.5 1.05538 0.000458066
  110 109.5 1.06057 0.000460317
  111 110.5 1.06369 0.000461671
  112 111.5 1.06359 0.000461627
  113 112.5 1.0646 0.000462066
  114 113.5 1.06542 0.000462421
  115 114.5 1.06498 0.00046223
  116 115.5 1.0697 0.000464279
  117 116.5 1.06837 0.000463702
  118 117.5 1.07025 0.000464517
  119 118.5 1.07256 0.000465519
  120 119.5 1.07553 0.000466809
  121 120.5 1.07124 0.00046495
  122 121.5 1.06673 0.000462989
  123 122.5 1.07003 0.000464424
  124 123.5 1.07219 0.00046536
  125 124.5 1.07479 0.000466488
  126 125.5 1.07253 0.000465507
  127 126.5 1.07164 0.000465121
  128 127.5 1.07313 0.000465769
  129 128.5 1.0689 0.000463931
  130 129.5 1.07294 0.000465688
  131 130.5 1.0754 0.000466756
  132 131.5 1.07803 0.000467896
  133 132.5 1.0829 0.000470007
  134 133.5 1.08052 0.000468974
  135 134.5 1.07944 0.000468509
  136 135.5 1.08449 0.000470698
  137 136.5 1.08923 0.000472756
  138 137.5 1.0915 0.000473743
  139 138.5 1.09289 0.000474343
  140 139.5 1.10231 0.000478434
  141 140.5 1.10417 0.000479238
  142 141.5 1.10518 0.000479679
  143 142.5 1.10625 0.000480142
  144 143.5 1.10665 0.000480315
  145 144.5 1.10327 0.000478848
  146 145.5 1.09661 0.000475961
  147 146.5 1.09635 0.000475847
  148 147.5 1.08963 0.000472932
  149 148.5 1.08433 0.000470631
  150 149.5 1.08243 0.000469805
  151 150.5 1.07932 0.000468453
  152 151.5 1.08548 0.000471128
  153 152.5 1.09191 0.000473921
  154 153.5 1.08578 0.000471257
  155 154.5 1.08732 0.000471926
  156 155.5 1.08742 0.00047197
  157 156.5 1.09222 0.000474053
  158 157.5 1.0939 0.000474783
  159 158.5 1.091 0.000473523
  160 159.5 1.09285 0.000474328
  161 160.5 1.09038 0.000473253
  162 161.5 1.09388 0.000474774
  163 162.5 1.09536 0.000475418
  164 163.5 1.08905 0.000472679
  165 164.5 1.09372 0.000474706
  166 165.5 1.09702 0.000476137
  167 166.5 1.10201 0.000478303
  168 167.5 1.10117 0.000477938
  169 168.5 1.10208 0.000478335
  170 169.5 1.103 0.000478732
  171 170.5 1.10854 0.000481139
  172 171.5 1.11287 0.000483018
  173 172.5 1.11598 0.000484368
  174 173.5 1.12155 0.000486786
  175 174.5 1.12464 0.000488124
  176 175.5 1.13013 0.000490506
  177 176.5 1.13039 0.000490621
  178 177.5 1.13038 0.000490617
  179 178.5 1.13189 0.00049127
  180 179.5 1.13634 0.000493204
  181 180.5 1.13722 0.000493583
  182 181.5 1.14297 0.00049608
  183 182.5 1.14651 0.000497616
  184 183.5 1.14723 0.00049793
  185 184.5 1.1505 0.000499347
  186 185.5 1.15289 0.000500386
  187 186.5 1.15698 0.000502161
  188 187.5 1.16233 0.000504482
  189 188.5 1.16749 0.000506724
  190 189.5 1.17277 0.000509016
  191 190.5 1.17616 0.000510485
  192 191.5 1.1798 0.000512066
  193 192.5 1.18072 0.000512464
  194 193.5 1.19533 0.000518806
  195 194.5 1.20235 0.000521854
  196 195.5 1.21579 0.000527688
  197 196.5 1.23369 0.000535455
  198 197.5 1.25202 0.000543411
  199 198.5 1.2792 0.000555211
  200 199.5 1.31635 0.000571331
  201 200.5 1.35909 0.000589882
  202 201.5 1.43271 0.000621837
  203 202.5 1.5265 0.000662543
  204 203.5 1.67357 0.000726375
  205 204.5 1.89199 0.000821177
  206 205.5 2.22351 0.000965063
  207 206.5 2.6859 0.00116576
  208 207.5 3.36841 0.00146199
  209 208.5 4.31558 0.00187308
  210 209.5 5.59278 0.00242742
  211 210.5 7.24517 0.0031446
  212 211.5 9.2911 0.0040326
  213 212.5 11.6595 0.00506054
  214 213.5 14.2458 0.00618306
  215 214.5 16.9751 0.00736768
  216 215.5 19.6826 0.0085428
  217 216.5 22.1923 0.00963209
  218 217.5 24.4212 0.0105995
  219 218.5 26.3682 0.0114445
  220 219.5 27.9238 0.0121197
  221 220.5 29.1654 0.0126586
  222 221.5 30.1097 0.0130684
  223 222.5 30.8555 0.0133921
  224 223.5 31.3824 0.0136208
  225 224.5 31.7555 0.0137828
  226 225.5 32.0384 0.0139056
  227 226.5 32.2892 0.0140144
  228 227.5 32.4256 0.0140736
  229 228.5 32.5231 0.0141159
  230 229.5 32.6268 0.014161
  231 230.5 32.6914 0.014189
  232 231.5 32.699 0.0141923
  233 232.5 32.758 0.0142179
  234 233.5 32.7896 0.0142316
  235 234.5 32.7925 0.0142328
  236 235.5 32.819 0.0142444
  237 236.5 32.8191 0.0142444
  238 237.5 32.8102 0.0142406
  239 238.5 32.8604 0.0142623
  240 239.5 32.8379 0.0142525
  241 240.5 32.8226 0.0142459
  242 241.5 32.8416 0.0142542
  243 242.5 32.855 0.01426
  244 243.5 32.8522 0.0142588
  245 244.5 32.8278 0.0142482
  246 245.5 32.8638 0.0142638
  247 246.5 32.8597 0.014262
  248 247.5 32.8189 0.0142443
  249 248.5 32.8444 0.0142554
  250 249.5 32.8509 0.0142582
  251 250.5 32.8437 0.0142551
  252 251.5 32.8315 0.0142498
  253 252.5 32.8644 0.014264
  254 253.5 32.8268 0.0142477
  255 254.5 32.8236 0.0142463
  256 255.5 32.8556 0.0142602
  257 256.5 32.8265 0.0142476
  258 257.5 32.8218 0.0142456
  259 258.5 32.8343 0.014251
  260 259.5 32.8511 0.0142583
  261 260.5 32.8411 0.014254
  262 261.5 32.8367 0.0142521
  263 262.5 32.8518 0.0142586
  264 263.5 32.8611 0.0142626
  265 264.5 32.84 0.0142535
  266 265.5 32.8628 0.0142634
  267 266.5 32.8677 0.0142655
  268 267.5 32.8495 0.0142576
  269 268.5 32.8578 0.0142612
  270 269.5 32.8579 0.0142613
  271 270.5 32.863 0.0142635
  272 271.5 32.8656 0.0142646
  273 272.5 32.8441 0.0142552
  274 273.5 32.8536 0.0142594
  275 274.5 32.8653 0.0142644
  276 275.5 32.8708 0.0142668
  277 276.5 32.8498 0.0142577
  278 277.5 32.8548 0.0142599
  279 278.5 32.8624 0.0142632
  280 279.5 32.8581 0.0142613
  281 280.5 32.8377 0.0142525
  282 281.5 32.8665 0.014265
  283 282.5 32.8407 0.0142538
  284 283.5 32.8521 0.0142587
  285 284.5 32.8672 0.0142653
  286 285.5 32.8664 0.0142649
  287 286.5 32.8688 0.014266
  288 287.5 32.8633 0.0142636
  289 288.5 32.8863 0.0142736
  290 289.5 32.8313 0.0142497
  291 290.5 32.8845 0.0142728
  292 291.5 32.8807 0.0142711
  293 292.5 32.8742 0.0142683
  294 293.5 32.8872 0.0142739
  295 294.5 32.8839 0.0142725
  296 295.5 32.8735 0.014268
  297 296.5 32.8919 0.014276
  298 297.5 32.8752 0.0142687
  299 298.5 32.8805 0.014271
  300 299.5 32.8737 0.0142681
  301 300.5 32.9014 0.0142801
  302 301.5 32.8729 0.0142677
  303 302.5 32.864 0.0142639
  304 303.5 32.8898 0.0142751
  305 304.5 32.8804 0.014271
  306 305.5 32.8624 0.0142632
  307 306.5 32.8777 0.0142699
  308 307.5 32.8795 0.0142706
  309 308.5 32.8652 0.0142644
  310 309.5 32.8781 0.01427
  311 310.5 32.8655 0.0142646
  312 311.5 32.8647 0.0142642
  313 312.5 32.8595 0.0142619
  314 313.5 32.8837 0.0142725
  315 314.5 32.864 0.0142639
  316 315.5 32.8605 0.0142624
  317 316.5 32.8754 0.0142689
  318 317.5 32.8859 0.0142734
  319 318.5 32.8616 0.0142629
  320 319.5 32.8621 0.014263
  321 320.5 32.8794 0.0142706
  322 321.5 32.8517 0.0142585
  323 322.5 32.8517 0.0142586
  324 323.5 32.8619 0.014263
  325 324.5 32.8673 0.0142653
  326 325.5 32.8568 0.0142607
  327 326.5 32.8325 0.0142502
  328 327.5 32.8997 0.0142794
  329 328.5 32.8673 0.0142653
  330 329.5 32.8249 0.0142469
  331 330.5 32.8836 0.0142724
  332 331.5 32.9037 0.0142811
  333 332.5 32.8471 0.0142565
  334 333.5 32.8449 0.0142556
  335 334.5 32.8634 0.0142636
  336 335.5 32.8796 0.0142707
  337 336.5 32.8212 0.0142453
  338 337.5 32.8311 0.0142496
  339 338.5 32.86 0.0142621
  340 339.5 32.8502 0.0142579
  341 340.5 32.8196 0.0142446
  342 341.5 32.8492 0.0142574
  343 342.5 32.8622 0.0142631
  344 343.5 32.8297 0.014249
  345 344.5 32.8366 0.014252
  346 345.5 32.8549 0.0142599
  347 346.5 32.8486 0.0142572
  348 347.5 32.8365 0.014252
  349 348.5 32.8293 0.0142488
  350 349.5 32.8532 0.0142592
  351 350.5 32.8396 0.0142533
  352 351.5 32.8447 0.0142555
  353 352.5 32.84 0.0142535
  354 353.5 32.8409 0.0142538
  355 354.5 32.8464 0.0142562
  356 355.5 32.8608 0.0142625
  357 356.5 32.8288 0.0142486
  358 357.5 32.8463 0.0142562
  359 358.5 32.8617 0.0142629
  360 359.5 32.8597 0.014262
  361 360.5 32.826 0.0142474
  362 361.5 32.8482 0.0142571
  363 362.5 32.8571 0.0142609
  364 363.5 32.833 0.0142504
  365 364.5 32.8407 0.0142538
  366 365.5 32.8634 0.0142636
  367 366.5 32.8366 0.014252
  368 367.5 32.8594 0.0142619
  369 368.5 32.8587 0.0142616
  370 369.5 32.8379 0.0142526
  371 370.5 32.8392 0.0142531
  372 371.5 32.8809 0.0142712
  373 372.5 32.85 0.0142578
  374 373.5 32.83 0.0142491
  375 374.5 32.8668 0.0142651
  376 375.5 32.8716 0.0142672
  377 376.5 32.854 0.0142596
  378 377.5 32.8444 0.0142554
  379 378.5 32.8793 0.0142705
  380 379.5 32.8651 0.0142644
  381 380.5 32.8574 0.014261
  382 381.5 32.8531 0.0142592
  383 382.5 32.8829 0.0142721
  384 383.5 32.8528 0.014259
  385 384.5 32.8632 0.0142635
  386 385.5 32.8852 0.0142731
  387 386.5 32.8662 0.0142648
  388 387.5 32.8371 0.0142522
  389 388.5 32.8462 0.0142562
  390 389.5 32.8771 0.0142696
  391 390.5 32.872 0.0142674
  392 391.5 32.8309 0.0142495
  393 392.5 32.8562 0.0142605
  394 393.5 32.8696 0.0142663
  395 394.5 32.8635 0.0142637
  396 395.5 32.8359 0.0142517
  397 396.5 32.8444 0.0142554
  398 397.5 32.843 0.0142548
  399 398.5 32.8404 0.0142536
  400 399.5 32.8079 0.0142395
  401 400.5 32.8278 0.0142482
  402 401.5 32.8126 0.0142416
  403 402.5 32.7973 0.0142349
  404 403.5 32.7781 0.0142266
  405 404.5 32.7476 0.0142134
  406 405.5 32.7064 0.0141955
  407 406.5 32.6384 0.014166
  408 407.5 32.5916 0.0141456
  409 408.5 32.5061 0.0141085
  410 409.5 32.3867 0.0140567
  411 410.5 32.1917 0.0139721
  412 411.5 31.9996 0.0138887
  413 412.5 31.7077 0.013762
  414 413.5 31.2841 0.0135782
  415 414.5 30.7308 0.013338
  416 415.5 29.9818 0.0130129
  417 416.5 28.9947 0.0125845
  418 417.5 27.6913 0.0120188
  419 418.5 26.087 0.0113225
  420 419.5 24.1727 0.0104916
  421 420.5 21.8608 0.0094882
  422 421.5 19.3187 0.00838487
  423 422.5 16.6874 0.00724278
  424 423.5 14.0336 0.00609096
  425 424.5 11.4849 0.00498474
  426 425.5 9.23455 0.00400805
  427 426.5 7.29992 0.00316837
  428 427.5 5.71845 0.00248197
  429 428.5 4.48131 0.00194501
  430 429.5 3.54646 0.00153926
  431 430.5 2.8749 0.00124779
  432 431.5 2.40328 0.00104309
  433 432.5 2.06547 0.000896473
  434 433.5 1.82758 0.000793222
  435 434.5 1.67355 0.000726369
  436 435.5 1.55763 0.000676053
  437 436.5 1.48219 0.00064331
  438 437.5 1.43074 0.000620981
  439 438.5 1.38908 0.000602897
  440 439.5 1.35935 0.000589994
  441 440.5 1.33305 0.000578581
  442 441.5 1.31238 0.000569611
  443 442.5 1.29074 0.000560219
  444 443.5 1.27593 0.000553789
  445 444.5 1.2669 0.000549868
  446 445.5 1.25215 0.000543467
  447 446.5 1.23912 0.000537811
  448 447.5 1.23028 0.000533977
  449 448.5 1.22716 0.000532623
  450 449.5 1.21928 0.0005292
  451 450.5 1.21113 0.000525665
  452 451.5 1.20052 0.000521058
  453 452.5 1.19132 0.000517066
  454 453.5 1.19127 0.000517045
  455 454.5 1.18676 0.000515086
  456 455.5 1.17994 0.000512125
  457 456.5 1.17346 0.000509313
  458 457.5 1.17063 0.000508086
  459 458.5 1.16771 0.000506817
  460 459.5 1.16497 0.000505631
  461 460.5 1.16833 0.000507086
  462 461.5 1.16665 0.000506358
  463 462.5 1.1621 0.000504384
  464 463.5 1.15727 0.000502286
  465 464.5 1.15762 0.00050244
  466 465.5 1.15551 0.000501523
  467 466.5 1.15104 0.000499582
  468 467.5 1.15661 0.000502001
  469 468.5 1.16092 0.000503872
  470 469.5 1.15241 0.000500179
  471 470.5 1.15134 0.000499714
  472 471.5 1.15953 0.00050327
  473 472.5 1.15888 0.000502988
  474 473.5 1.15738 0.000502337
  475 474.5 1.15959 0.000503293
  476 475.5 1.16302 0.000504785
  477 476.5 1.15613 0.000501793
  478 477.5 1.16222 0.000504435
  479 478.5 1.15375 0.00050076
  480 479.5 1.16037 0.000503635
  481 480.5 1.15582 0.000501657
  482 481.5 1.16303 0.000504789
  483 482.5 1.15639 0.000501905
  484 483.5 1.16569 0.000505944
  485 484.5 1.16672 0.000506388
  486 485.5 1.1656 0.000505905
  487 486.5 1.1687 0.000507248
  488 487.5 1.16837 0.000507103
  489 488.5 1.16786 0.000506882
  490 489.5 1.16927 0.000507495
  491 490.5 1.16428 0.00050533
  492 491.5 1.16923 0.000507477
  493 492.5 1.16741 0.000506687
  494 493.5 1.17262 0.000508949
  495 494.5 1.17703 0.000510865
  496 495.5 1.17936 0.000511874
  497 496.5 1.18186 0.000512958
  498 497.5 1.17697 0.000510836
  499 498.5 1.1813 0.000512716
  500 499.5 1.18647 0.000514963
  501 500.5 1.19025 0.000516601
  502 501.5 1.19121 0.000517016
  503 502.5 1.18389 0.000513843
  504 503.5 1.18652 0.000514982
  505 504.5 1.18316 0.000513525
  506 505.5 1.1783 0.000511416
  507 506.5 1.17931 0.000511852
  508 507.5 1.18111 0.000512634
  509 508.5 1.17818 0.000511362
  510 509.5 1.1742 0.000509635
  511 510.5 1.17182 0.000508601
  512 511.5 1.17698 0.000510842
  513 512.5 1.17177 0.000508582
  514 513.5 1.17192 0.000508647
  515 514.5 1.17085 0.000508182
  516 515.5 1.16932 0.000507518
  517 516.5 1.17054 0.000508047
  518 517.5 1.17135 0.000508401
  519 518.5 1.17474 0.000509872
  520 519.5 1.17992 0.000512116
  521 520.5 1.1843 0.000514021
  522 521.5 1.18352 0.00051368
  523 522.5 1.18173 0.000512905
  524 523.5 1.18798 0.000515617
  525 524.5 1.18884 0.000515988
  526 525.5 1.19371 0.000518105
  527 526.5 1.18932 0.000516197
  528 527.5 1.19105 0.000516948
  529 528.5 1.18767 0.000515482
  530 529.5 1.1921 0.000517405
  531 530.5 1.18918 0.000516136
  532 531.5 1.19067 0.000516786
  533 532.5 1.18771 0.000515498
  534 533.5 1.19162 0.000517195
  535 534.5 1.1912 0.000517015
  536 535.5 1.19157 0.000517173
  537 536.5 1.19123 0.000517025
  538 537.5 1.19368 0.000518091
  539 538.5 1.19509 0.000518703
  540 539.5 1.18526 0.000514437
  541 540.5 1.19286 0.000517736
  542 541.5 1.19122 0.000517023
  543 542.5 1.18535 0.000514476
  544 543.5 1.18968 0.000516355
  545 544.5 1.18834 0.000515771
  546 545.5 1.1843 0.000514019
  547 546.5 1.19182 0.000517282
  548 547.5 1.1924 0.000517533
  549 548.5 1.1897 0.000516363
  550 549.5 1.19189 0.000517315
  551 550.5 1.19276 0.000517692
  552 551.5 1.1919 0.00051732
  553 552.5 1.19346 0.000517994
  554 553.5 1.19668 0.000519393
  555 554.5 1.19684 0.000519461
  556 555.5 1.19131 0.000517062
  557 556.5 1.18182 0.000512941
  558 557.5 1.18046 0.000512352
  559 558.5 1.18608 0.00051479
  560 559.5 1.18989 0.000516447
  561 560.5 1.19201 0.000517367
  562 561.5 1.18825 0.000515732
  563 562.5 1.19285 0.000517729
  564 563.5 1.19365 0.000518078
  565 564.5 1.19504 0.00051868
  566 565.5 1.19495 0.000518644
  567 566.5 1.19231 0.000517496
  568 567.5 1.18967 0.000516351
  569 568.5 1.18692 0.000515157
  570 569.5 1.1856 0.000514583
  571 570.5 1.18807 0.000515656
  572 571.5 1.18509 0.00051436
  573 572.5 1.18614 0.000514819
  574 573.5 1.19137 0.000517089
  575 574.5 1.19747 0.000519733
  576 575.5 1.19889 0.000520353
  577 576.5 1.19958 0.00052065
  578 577.5 1.19385 0.000518164
  579 578.5 1.19643 0.000519282
  580 579.5 1.1968 0.000519443
  581 580.5 1.19587 0.00051904
  582 581.5 1.1959 0.000519052
  583 582.5 1.19476 0.000518558
  584 583.5 1.19767 0.000519824
  585 584.5 1.19737 0.000519692
  586 585.5 1.20284 0.000522066
  587 586.5 1.2111 0.00052565
  588 587.5 1.21182 0.000525965
  589 588.5 1.21369 0.000526775
  590 589.5 1.21057 0.00052542
  591 590.5 1.21544 0.000527536
  592 591.5 1.2161 0.000527822
  593 592.5 1.22121 0.00053004
  594 593.5 1.22996 0.000533839
  595 594.5 1.23345 0.000535351
  596 595.5 1.23655 0.000536697
  597 596.5 1.24219 0.000539144
  598 597.5 1.24985 0.00054247
  599 598.5 1.25661 0.000545403
  600 599.5 1.26583 0.000549405
  601 600.5 1.2718 0.000551997
  602 601.5 1.27495 0.000553363
  603 602.5 1.28295 0.000556834
  604 603.5 1.2897 0.000559763
  605 604.5 1.30052 0.000564461
  606 605.5 1.31549 0.000570958
  607 606.5 1.32549 0.000575301
  608 607.5 1.33798 0.00058072
  609 608.5 1.34698 0.000584627
  610 609.5 1.35911 0.000589889
  611 610.5 1.36763 0.000593588
  612 611.5 1.38136 0.000599547
  613 612.5 1.38995 0.000603277
  614 613.5 1.40236 0.000608664
  615 614.5 1.41258 0.0006131
  616 615.5 1.41235 0.000612997
  617 616.5 1.42415 0.000618122
  618 617.5 1.43495 0.000622806
  619 618.5 1.44344 0.000626493
  620 619.5 1.44342 0.000626485
  621 620.5 1.45165 0.000630058
  622 621.5 1.45672 0.000632256
  623 622.5 1.4546 0.000631336
  624 623.5 1.45619 0.000632026
