# Chunk-averaged data for fix tensor3 and group c2
# Timestep Number-of-chunks Total-count
# Chunk Coord1 Ncount density/number
20000000 480 5892.000000000001
  1 0.5 2.32886 0.00101079
  2 1.5 2.32782 0.00101034
  3 2.5 2.33103 0.00101173
  4 3.5 2.34486 0.00101773
  5 4.5 2.3573 0.00102314
  6 5.5 2.35183 0.00102076
  7 6.5 2.36338 0.00102577
  8 7.5 2.3695 0.00102843
  9 8.5 2.36642 0.00102709
  10 9.5 2.37067 0.00102894
  11 10.5 2.38562 0.00103542
  12 11.5 2.36626 0.00102702
  13 12.5 2.36673 0.00102723
  14 13.5 2.36314 0.00102567
  15 14.5 2.34133 0.0010162
  16 15.5 2.34526 0.00101791
  17 16.5 2.36882 0.00102813
  18 17.5 2.38609 0.00103563
  19 18.5 2.38552 0.00103538
  20 19.5 2.40494 0.00104381
  21 20.5 2.41531 0.00104831
  22 21.5 2.43917 0.00105867
  23 22.5 2.45049 0.00106358
  24 23.5 2.45758 0.00106666
  25 24.5 2.46921 0.0010717
  26 25.5 2.47632 0.00107479
  27 26.5 2.47317 0.00107342
  28 27.5 2.46137 0.0010683
  29 28.5 2.45974 0.0010676
  30 29.5 2.4474 0.00106224
  31 30.5 2.42221 0.00105131
  32 31.5 2.42834 0.00105397
  33 32.5 2.44636 0.00106179
  34 33.5 2.44569 0.0010615
  35 34.5 2.44006 0.00105905
  36 35.5 2.44007 0.00105906
  37 36.5 2.42954 0.00105449
  38 37.5 2.42331 0.00105179
  39 38.5 2.41846 0.00104968
  40 39.5 2.39673 0.00104025
  41 40.5 2.39555 0.00103974
  42 41.5 2.38611 0.00103564
  43 42.5 2.36366 0.00102589
  44 43.5 2.3673 0.00102747
  45 44.5 2.36722 0.00102744
  46 45.5 2.3629 0.00102556
  47 46.5 2.36909 0.00102825
  48 47.5 2.38385 0.00103466
  49 48.5 2.39599 0.00103993
  50 49.5 2.41181 0.00104679
  51 50.5 2.42528 0.00105264
  52 51.5 2.42217 0.00105129
  53 52.5 2.44121 0.00105955
  54 53.5 2.4441 0.00106081
  55 54.5 2.4637 0.00106931
  56 55.5 2.46631 0.00107045
  57 56.5 2.45568 0.00106583
  58 57.5 2.42471 0.00105239
  59 58.5 2.35308 0.0010213
  60 59.5 2.23828 0.000971477
  61 60.5 2.10547 0.000913833
  62 61.5 1.92782 0.000836729
  63 62.5 1.73349 0.000752381
  64 63.5 1.51214 0.000656312
  65 64.5 1.28329 0.000556985
  66 65.5 1.06375 0.000461697
  67 66.5 0.872072 0.000378503
  68 67.5 0.701834 0.000304615
  69 68.5 0.56922 0.000247057
  70 69.5 0.465318 0.000201961
  71 70.5 0.384022 0.000166676
  72 71.5 0.326046 0.000141513
  73 72.5 0.287066 0.000124595
  74 73.5 0.261268 0.000113398
  75 74.5 0.23994 0.000104141
  76 75.5 0.228284 9.90816e-05
  77 76.5 0.217322 9.43238e-05
  78 77.5 0.211306 9.17127e-05
  79 78.5 0.208222 9.03741e-05
  80 79.5 0.209864 9.10868e-05
  81 80.5 0.20687 8.97873e-05
  82 81.5 0.203932 8.85122e-05
  83 82.5 0.201498 8.74557e-05
  84 83.5 0.19803 8.59505e-05
  85 84.5 0.196734 8.5388e-05
  86 85.5 0.195064 8.46632e-05
  87 86.5 0.194822 8.45582e-05
  88 87.5 0.195576 8.48854e-05
  89 88.5 0.197874 8.58828e-05
  90 89.5 0.197034 8.55182e-05
  91 90.5 0.199102 8.64158e-05
  92 91.5 0.197116 8.55538e-05
  93 92.5 0.196622 8.53394e-05
  94 93.5 0.197416 8.5684e-05
  95 94.5 0.197812 8.58559e-05
  96 95.5 0.195804 8.49844e-05
  97 96.5 0.19817 8.60113e-05
  98 97.5 0.19762 8.57726e-05
  99 98.5 0.19573 8.49523e-05
  100 99.5 0.196938 8.54766e-05
  101 100.5 0.196578 8.53203e-05
  102 101.5 0.195644 8.49149e-05
  103 102.5 0.195734 8.4954e-05
  104 103.5 0.19533 8.47786e-05
  105 104.5 0.195952 8.50486e-05
  106 105.5 0.195352 8.47882e-05
  107 106.5 0.19848 8.61458e-05
  108 107.5 0.199926 8.67734e-05
  109 108.5 0.196744 8.53924e-05
  110 109.5 0.196728 8.53854e-05
  111 110.5 0.196916 8.5467e-05
  112 111.5 0.197904 8.58958e-05
  113 112.5 0.199128 8.64271e-05
  114 113.5 0.196528 8.52986e-05
  115 114.5 0.19468 8.44965e-05
  116 115.5 0.197792 8.58472e-05
  117 116.5 0.20153 8.74696e-05
  118 117.5 0.200138 8.68655e-05
  119 118.5 0.197906 8.58967e-05
  120 119.5 0.199908 8.67656e-05
  121 120.5 0.199414 8.65512e-05
  122 121.5 0.201046 8.72595e-05
  123 122.5 0.19773 8.58203e-05
  124 123.5 0.198892 8.63247e-05
  125 124.5 0.197344 8.56528e-05
  126 125.5 0.194886 8.45859e-05
  127 126.5 0.195326 8.47769e-05
  128 127.5 0.198808 8.62882e-05
  129 128.5 0.198704 8.62431e-05
  130 129.5 0.20001 8.68099e-05
  131 130.5 0.19745 8.56988e-05
  132 131.5 0.199028 8.63837e-05
  133 132.5 0.202404 8.7849e-05
  134 133.5 0.197548 8.57413e-05
  135 134.5 0.198836 8.63003e-05
  136 135.5 0.199446 8.65651e-05
  137 136.5 0.199666 8.66606e-05
  138 137.5 0.202136 8.77326e-05
  139 138.5 0.198076 8.59705e-05
  140 139.5 0.198152 8.60035e-05
  141 140.5 0.193564 8.40122e-05
  142 141.5 0.19189 8.32856e-05
  143 142.5 0.194094 8.42422e-05
  144 143.5 0.194048 8.42222e-05
  145 144.5 0.196206 8.51589e-05
  146 145.5 0.1968 8.54167e-05
  147 146.5 0.195884 8.50191e-05
  148 147.5 0.19462 8.44705e-05
  149 148.5 0.192482 8.35425e-05
  150 149.5 0.192174 8.34089e-05
  151 150.5 0.19463 8.44748e-05
  152 151.5 0.192704 8.36389e-05
  153 152.5 0.19396 8.4184e-05
  154 153.5 0.193792 8.41111e-05
  155 154.5 0.194906 8.45946e-05
  156 155.5 0.193542 8.40026e-05
  157 156.5 0.192756 8.36615e-05
  158 157.5 0.194164 8.42726e-05
  159 158.5 0.19128 8.30208e-05
  160 159.5 0.192648 8.36146e-05
  161 160.5 0.19094 8.28733e-05
  162 161.5 0.1902 8.25521e-05
  163 162.5 0.191402 8.30738e-05
  164 163.5 0.186632 8.10035e-05
  165 164.5 0.193836 8.41302e-05
  166 165.5 0.195702 8.49401e-05
  167 166.5 0.196058 8.50946e-05
  168 167.5 0.195474 8.48411e-05
  169 168.5 0.19972 8.6684e-05
  170 169.5 0.200236 8.6908e-05
  171 170.5 0.199976 8.67951e-05
  172 171.5 0.20074 8.71267e-05
  173 172.5 0.198488 8.61493e-05
  174 173.5 0.199446 8.65651e-05
  175 174.5 0.200322 8.69453e-05
  176 175.5 0.200264 8.69201e-05
  177 176.5 0.198214 8.60304e-05
  178 177.5 0.199728 8.66875e-05
  179 178.5 0.199816 8.67257e-05
  180 179.5 0.19741 8.56814e-05
  181 180.5 0.19771 8.58116e-05
  182 181.5 0.19496 8.46181e-05
  183 182.5 0.197598 8.5763e-05
  184 183.5 0.197462 8.5704e-05
  185 184.5 0.197192 8.55868e-05
  186 185.5 0.196944 8.54792e-05
  187 186.5 0.196508 8.52899e-05
  188 187.5 0.196524 8.52969e-05
  189 188.5 0.19446 8.4401e-05
  190 189.5 0.196476 8.5276e-05
  191 190.5 0.195548 8.48733e-05
  192 191.5 0.196624 8.53403e-05
  193 192.5 0.195532 8.48663e-05
  194 193.5 0.196366 8.52283e-05
  195 194.5 0.195718 8.4947e-05
  196 195.5 0.194152 8.42674e-05
  197 196.5 0.197632 8.57778e-05
  198 197.5 0.196988 8.54983e-05
  199 198.5 0.201012 8.72448e-05
  200 199.5 0.20536 8.91319e-05
  201 200.5 0.205044 8.89948e-05
  202 201.5 0.207666 9.01328e-05
  203 202.5 0.215514 9.35391e-05
  204 203.5 0.220696 9.57882e-05
  205 204.5 0.231554 0.000100501
  206 205.5 0.246854 0.000107141
  207 206.5 0.269632 0.000117028
  208 207.5 0.300452 0.000130405
  209 208.5 0.34564 0.000150017
  210 209.5 0.407998 0.000177082
  211 210.5 0.49447 0.000214614
  212 211.5 0.622198 0.000270051
  213 212.5 0.77792 0.000337639
  214 213.5 0.99048 0.000429896
  215 214.5 1.25226 0.000543516
  216 215.5 1.5722 0.000682378
  217 216.5 1.96446 0.000852628
  218 217.5 2.4523 0.00106437
  219 218.5 3.06028 0.00132825
  220 219.5 3.83904 0.00166625
  221 220.5 4.82007 0.00209204
  222 221.5 6.0267 0.00261575
  223 222.5 7.5696 0.00328541
  224 223.5 9.44026 0.00409733
  225 224.5 11.6506 0.0050567
  226 225.5 14.1228 0.00612969
  227 226.5 16.7722 0.00727961
  228 227.5 19.5313 0.00847713
  229 228.5 22.2079 0.00963883
  230 229.5 24.6326 0.0106912
  231 230.5 26.7969 0.0116306
  232 231.5 28.6637 0.0124408
  233 232.5 30.091 0.0130603
  234 233.5 31.2209 0.0135508
  235 234.5 32.1021 0.0139332
  236 235.5 32.7681 0.0142223
  237 236.5 33.1846 0.014403
  238 237.5 33.5345 0.0145549
  239 238.5 33.8156 0.0146769
  240 239.5 33.9485 0.0147346
  241 240.5 34.0663 0.0147857
  242 241.5 34.2003 0.0148439
  243 242.5 34.2636 0.0148713
  244 243.5 34.3082 0.0148907
  245 244.5 34.3642 0.014915
  246 245.5 34.3679 0.0149166
  247 246.5 34.4111 0.0149354
  248 247.5 34.4633 0.014958
  249 248.5 34.4161 0.0149375
  250 249.5 34.4616 0.0149573
  251 250.5 34.4798 0.0149652
  252 251.5 34.4509 0.0149526
  253 252.5 34.5019 0.0149748
  254 253.5 34.5066 0.0149768
  255 254.5 34.4943 0.0149715
  256 255.5 34.4924 0.0149707
  257 256.5 34.5282 0.0149862
  258 257.5 34.5123 0.0149793
  259 258.5 34.5171 0.0149814
  260 259.5 34.5015 0.0149746
  261 260.5 34.4896 0.0149694
  262 261.5 34.5216 0.0149833
  263 262.5 34.5249 0.0149848
  264 263.5 34.4403 0.014948
  265 264.5 34.5069 0.0149769
  266 265.5 34.5235 0.0149842
  267 266.5 34.5036 0.0149755
  268 267.5 34.4264 0.014942
  269 268.5 34.4929 0.0149709
  270 269.5 34.4985 0.0149733
  271 270.5 34.4585 0.0149559
  272 271.5 34.4955 0.014972
  273 272.5 34.5399 0.0149913
  274 273.5 34.5391 0.0149909
  275 274.5 34.5166 0.0149812
  276 275.5 34.5738 0.015006
  277 276.5 34.6186 0.0150254
  278 277.5 34.5218 0.0149834
  279 278.5 34.5798 0.0150086
  280 279.5 34.6647 0.0150454
  281 280.5 34.6317 0.0150311
  282 281.5 34.5409 0.0149917
  283 282.5 34.6443 0.0150366
  284 283.5 34.6422 0.0150357
  285 284.5 34.5519 0.0149965
  286 285.5 34.5556 0.0149981
  287 286.5 34.5818 0.0150095
  288 287.5 34.5683 0.0150036
  289 288.5 34.5311 0.0149874
  290 289.5 34.5526 0.0149968
  291 290.5 34.5492 0.0149953
  292 291.5 34.5518 0.0149964
  293 292.5 34.5378 0.0149904
  294 293.5 34.5706 0.0150046
  295 294.5 34.5367 0.0149899
  296 295.5 34.5365 0.0149898
  297 296.5 34.5601 0.015
  298 297.5 34.5497 0.0149955
  299 298.5 34.5081 0.0149775
  300 299.5 34.5441 0.0149931
  301 300.5 34.5914 0.0150136
  302 301.5 34.565 0.0150022
  303 302.5 34.5847 0.0150107
  304 303.5 34.6284 0.0150297
  305 304.5 34.6493 0.0150388
  306 305.5 34.6218 0.0150268
  307 306.5 34.6427 0.0150359
  308 307.5 34.6256 0.0150285
  309 308.5 34.6775 0.015051
  310 309.5 34.7072 0.0150639
  311 310.5 34.6165 0.0150245
  312 311.5 34.6626 0.0150445
  313 312.5 34.6581 0.0150426
  314 313.5 34.6497 0.0150389
  315 314.5 34.6425 0.0150358
  316 315.5 34.6437 0.0150363
  317 316.5 34.6542 0.0150409
  318 317.5 34.6181 0.0150252
  319 318.5 34.653 0.0150404
  320 319.5 34.6249 0.0150282
  321 320.5 34.5961 0.0150157
  322 321.5 34.5809 0.0150091
  323 322.5 34.5875 0.0150119
  324 323.5 34.6009 0.0150177
  325 324.5 34.5705 0.0150046
  326 325.5 34.5676 0.0150033
  327 326.5 34.5517 0.0149964
  328 327.5 34.5621 0.0150009
  329 328.5 34.5353 0.0149893
  330 329.5 34.5272 0.0149858
  331 330.5 34.5221 0.0149836
  332 331.5 34.5389 0.0149908
  333 332.5 34.4933 0.0149711
  334 333.5 34.4696 0.0149607
  335 334.5 34.5056 0.0149764
  336 335.5 34.5369 0.01499
  337 336.5 34.4615 0.0149573
  338 337.5 34.5061 0.0149766
  339 338.5 34.536 0.0149896
  340 339.5 34.5282 0.0149862
  341 340.5 34.4916 0.0149703
  342 341.5 34.533 0.0149883
  343 342.5 34.5258 0.0149851
  344 343.5 34.5054 0.0149763
  345 344.5 34.5282 0.0149862
  346 345.5 34.5117 0.014979
  347 346.5 34.5214 0.0149832
  348 347.5 34.47 0.0149609
  349 348.5 34.5134 0.0149798
  350 349.5 34.5281 0.0149862
  351 350.5 34.4932 0.014971
  352 351.5 34.4884 0.0149689
  353 352.5 34.4949 0.0149717
  354 353.5 34.5104 0.0149785
  355 354.5 34.4932 0.014971
  356 355.5 34.5024 0.014975
  357 356.5 34.4943 0.0149715
  358 357.5 34.5107 0.0149786
  359 358.5 34.4625 0.0149577
  360 359.5 34.4978 0.014973
  361 360.5 34.4991 0.0149736
  362 361.5 34.4831 0.0149666
  363 362.5 34.455 0.0149544
  364 363.5 34.4355 0.014946
  365 364.5 34.465 0.0149588
  366 365.5 34.4146 0.0149369
  367 366.5 34.4104 0.0149351
  368 367.5 34.3623 0.0149142
  369 368.5 34.351 0.0149093
  370 369.5 34.3334 0.0149016
  371 370.5 34.2674 0.014873
  372 371.5 34.2183 0.0148517
  373 372.5 34.1063 0.0148031
  374 373.5 33.965 0.0147418
  375 374.5 33.7462 0.0146468
  376 375.5 33.5212 0.0145491
  377 376.5 33.1853 0.0144033
  378 377.5 32.6633 0.0141768
  379 378.5 31.9938 0.0138862
  380 379.5 31.0887 0.0134934
  381 380.5 29.899 0.012977
  382 381.5 28.3356 0.0122985
  383 382.5 26.4798 0.011493
  384 383.5 24.2343 0.0105183
  385 384.5 21.6671 0.00940414
  386 385.5 18.9421 0.00822138
  387 386.5 16.1512 0.00701006
  388 387.5 13.4653 0.00584432
  389 388.5 11.0298 0.00478726
  390 389.5 8.92371 0.00387314
  391 390.5 7.19166 0.00312138
  392 391.5 5.83132 0.00253095
  393 392.5 4.80028 0.00208346
  394 393.5 4.07019 0.00176657
  395 394.5 3.52952 0.00153191
  396 395.5 3.1422 0.0013638
  397 396.5 2.87641 0.00124844
  398 397.5 2.66875 0.00115831
  399 398.5 2.52733 0.00109693
  400 399.5 2.43196 0.00105554
  401 400.5 2.37295 0.00102993
  402 401.5 2.3396 0.00101545
  403 402.5 2.31012 0.00100265
  404 403.5 2.27543 0.0009876
  405 404.5 2.24297 0.000973512
  406 405.5 2.23073 0.0009682
  407 406.5 2.22046 0.000963742
  408 407.5 2.21243 0.000960256
  409 408.5 2.20737 0.000958062
  410 409.5 2.20235 0.000955882
  411 410.5 2.21789 0.000962628
  412 411.5 2.21599 0.000961799
  413 412.5 2.22719 0.000966664
  414 413.5 2.22684 0.00096651
  415 414.5 2.22624 0.000966251
  416 415.5 2.22005 0.000963563
  417 416.5 2.22933 0.00096759
  418 417.5 2.22591 0.000966105
  419 418.5 2.22005 0.000963565
  420 419.5 2.22217 0.000964484
  421 420.5 2.22832 0.000967155
  422 421.5 2.22295 0.000964823
  423 422.5 2.22091 0.000963938
  424 423.5 2.23017 0.000967957
  425 424.5 2.22528 0.000965835
  426 425.5 2.22911 0.000967497
  427 426.5 2.22592 0.00096611
  428 427.5 2.20945 0.000958961
  429 428.5 2.20171 0.000955604
  430 429.5 2.19904 0.000954445
  431 430.5 2.18794 0.000949628
  432 431.5 2.17996 0.000946163
  433 432.5 2.16597 0.00094009
  434 433.5 2.15994 0.000937473
  435 434.5 2.17201 0.000942714
  436 435.5 2.18342 0.000947665
  437 436.5 2.1877 0.000949522
  438 437.5 2.17269 0.000943009
  439 438.5 2.17172 0.000942586
  440 439.5 2.16792 0.000940939
  441 440.5 2.16146 0.000938134
  442 441.5 2.17853 0.000945543
  443 442.5 2.17956 0.00094599
  444 443.5 2.17617 0.000944518
  445 444.5 2.18044 0.000946372
  446 445.5 2.16983 0.000941768
  447 446.5 2.17623 0.000944546
  448 447.5 2.17378 0.00094348
  449 448.5 2.1748 0.000943924
  450 449.5 2.1607 0.000937803
  451 450.5 2.16864 0.000941248
  452 451.5 2.17001 0.000941845
  453 452.5 2.17485 0.000943945
  454 453.5 2.17092 0.000942238
  455 454.5 2.1809 0.000946569
  456 455.5 2.19345 0.000952017
  457 456.5 2.2029 0.00095612
  458 457.5 2.22678 0.000966484
  459 458.5 2.22721 0.000966673
  460 459.5 2.23405 0.000969638
  461 460.5 2.24553 0.000974624
  462 461.5 2.25974 0.000980788
  463 462.5 2.25968 0.000980763
  464 463.5 2.26514 0.000983134
  465 464.5 2.26868 0.000984671
  466 465.5 2.28067 0.000989872
  467 466.5 2.28221 0.000990543
  468 467.5 2.29186 0.000994731
  469 468.5 2.28469 0.00099162
  470 469.5 2.2847 0.000991622
  471 470.5 2.29914 0.000997892
  472 471.5 2.289 0.000993488
  473 472.5 2.28692 0.000992589
  474 473.5 2.29476 0.000995991
  475 474.5 2.30585 0.0010008
  476 475.5 2.30926 0.00100228
  477 476.5 2.30623 0.00100097
  478 477.5 2.31694 0.00100562
  479 478.5 2.32279 0.00100816
  480 479.5 2.33078 0.00101162
30000000 480 5891.999999999998
  1 0.5 2.38371 0.0010346
  2 1.5 2.39131 0.00103789
  3 2.5 2.40524 0.00104394
  4 3.5 2.41232 0.00104702
  5 4.5 2.41772 0.00104936
  6 5.5 2.42663 0.00105322
  7 6.5 2.42835 0.00105397
  8 7.5 2.43472 0.00105674
  9 8.5 2.45203 0.00106425
  10 9.5 2.46309 0.00106905
  11 10.5 2.45044 0.00106356
  12 11.5 2.43965 0.00105887
  13 12.5 2.45686 0.00106634
  14 13.5 2.44447 0.00106097
  15 14.5 2.45226 0.00106435
  16 15.5 2.45654 0.00106621
  17 16.5 2.45092 0.00106377
  18 17.5 2.43434 0.00105657
  19 18.5 2.4102 0.00104609
  20 19.5 2.41837 0.00104964
  21 20.5 2.4113 0.00104657
  22 21.5 2.40916 0.00104564
  23 22.5 2.40354 0.0010432
  24 23.5 2.41525 0.00104829
  25 24.5 2.39483 0.00103942
  26 25.5 2.38498 0.00103515
  27 26.5 2.38055 0.00103322
  28 27.5 2.37845 0.00103231
  29 28.5 2.36524 0.00102658
  30 29.5 2.37293 0.00102992
  31 30.5 2.35043 0.00102015
  32 31.5 2.35495 0.00102211
  33 32.5 2.35793 0.00102341
  34 33.5 2.35912 0.00102392
  35 34.5 2.36138 0.0010249
  36 35.5 2.33794 0.00101473
  37 36.5 2.33488 0.0010134
  38 37.5 2.32726 0.0010101
  39 38.5 2.33602 0.0010139
  40 39.5 2.33319 0.00101267
  41 40.5 2.32902 0.00101086
  42 41.5 2.33403 0.00101303
  43 42.5 2.3476 0.00101892
  44 43.5 2.34513 0.00101785
  45 44.5 2.34822 0.00101919
  46 45.5 2.35895 0.00102385
  47 46.5 2.37707 0.00103172
  48 47.5 2.39328 0.00103875
  49 48.5 2.39236 0.00103835
  50 49.5 2.41576 0.00104851
  51 50.5 2.43218 0.00105564
  52 51.5 2.45011 0.00106341
  53 52.5 2.47116 0.00107255
  54 53.5 2.50147 0.00108571
  55 54.5 2.52338 0.00109522
  56 55.5 2.53416 0.0010999
  57 56.5 2.51914 0.00109337
  58 57.5 2.50006 0.00108509
  59 58.5 2.45483 0.00106546
  60 59.5 2.35395 0.00102168
  61 60.5 2.22876 0.000967344
  62 61.5 2.0607 0.000894403
  63 62.5 1.85376 0.000804585
  64 63.5 1.63195 0.000708312
  65 64.5 1.40612 0.000610297
  66 65.5 1.17937 0.000511879
  67 66.5 0.969434 0.000420761
  68 67.5 0.785782 0.000341051
  69 68.5 0.63539 0.000275777
  70 69.5 0.516034 0.000223973
  71 70.5 0.425696 0.000184764
  72 71.5 0.358566 0.000155628
  73 72.5 0.31162 0.000135252
  74 73.5 0.279226 0.000121192
  75 74.5 0.253694 0.00011011
  76 75.5 0.238562 0.000103543
  77 76.5 0.227054 9.85477e-05
  78 77.5 0.22014 9.55469e-05
  79 78.5 0.213602 9.27092e-05
  80 79.5 0.212258 9.21259e-05
  81 80.5 0.21056 9.13889e-05
  82 81.5 0.210014 9.11519e-05
  83 82.5 0.20833 9.0421e-05
  84 83.5 0.207082 8.98793e-05
  85 84.5 0.210184 9.12257e-05
  86 85.5 0.205592 8.92326e-05
  87 86.5 0.20825 9.03863e-05
  88 87.5 0.207104 8.98889e-05
  89 88.5 0.20465 8.88238e-05
  90 89.5 0.206506 8.96293e-05
  91 90.5 0.205612 8.92413e-05
  92 91.5 0.205886 8.93602e-05
  93 92.5 0.203978 8.85321e-05
  94 93.5 0.20241 8.78516e-05
  95 94.5 0.205828 8.93351e-05
  96 95.5 0.20613 8.94661e-05
  97 96.5 0.204652 8.88247e-05
  98 97.5 0.205992 8.94062e-05
  99 98.5 0.20484 8.89062e-05
  100 99.5 0.203108 8.81545e-05
  101 100.5 0.206562 8.96536e-05
  102 101.5 0.204102 8.85859e-05
  103 102.5 0.201734 8.75582e-05
  104 103.5 0.202662 8.79609e-05
  105 104.5 0.201876 8.76198e-05
  106 105.5 0.20108 8.72743e-05
  107 106.5 0.200374 8.69679e-05
  108 107.5 0.203618 8.83759e-05
  109 108.5 0.203458 8.83064e-05
  110 109.5 0.201014 8.72457e-05
  111 110.5 0.201464 8.7441e-05
  112 111.5 0.199418 8.6553e-05
  113 112.5 0.200284 8.69288e-05
  114 113.5 0.200974 8.72283e-05
  115 114.5 0.203806 8.84575e-05
  116 115.5 0.201046 8.72595e-05
  117 116.5 0.200394 8.69766e-05
  118 117.5 0.201894 8.76276e-05
  119 118.5 0.203582 8.83602e-05
  120 119.5 0.20094 8.72135e-05
  121 120.5 0.20133 8.73828e-05
  122 121.5 0.20325 8.82161e-05
  123 122.5 0.201624 8.75104e-05
  124 123.5 0.204304 8.86736e-05
  125 124.5 0.203978 8.85321e-05
  126 125.5 0.201708 8.75469e-05
  127 126.5 0.203584 8.83611e-05
  128 127.5 0.203292 8.82344e-05
  129 128.5 0.199504 8.65903e-05
  130 129.5 0.197716 8.58142e-05
  131 130.5 0.203582 8.83602e-05
  132 131.5 0.204466 8.87439e-05
  133 132.5 0.202068 8.77031e-05
  134 133.5 0.201946 8.76502e-05
  135 134.5 0.201998 8.76727e-05
  136 135.5 0.204328 8.8684e-05
  137 136.5 0.20477 8.88759e-05
  138 137.5 0.209066 9.07405e-05
  139 138.5 0.207888 9.02292e-05
  140 139.5 0.206938 8.98168e-05
  141 140.5 0.207026 8.9855e-05
  142 141.5 0.202026 8.76849e-05
  143 142.5 0.201944 8.76493e-05
  144 143.5 0.199976 8.67951e-05
  145 144.5 0.202534 8.79054e-05
  146 145.5 0.202906 8.80668e-05
  147 146.5 0.199432 8.6559e-05
  148 147.5 0.198432 8.6125e-05
  149 148.5 0.201478 8.7447e-05
  150 149.5 0.198036 8.59531e-05
  151 150.5 0.198286 8.60616e-05
  152 151.5 0.198908 8.63316e-05
  153 152.5 0.199612 8.66372e-05
  154 153.5 0.199488 8.65833e-05
  155 154.5 0.200836 8.71684e-05
  156 155.5 0.201248 8.73472e-05
  157 156.5 0.201298 8.73689e-05
  158 157.5 0.19939 8.65408e-05
  159 158.5 0.199704 8.66771e-05
  160 159.5 0.20061 8.70703e-05
  161 160.5 0.199952 8.67847e-05
  162 161.5 0.200582 8.70582e-05
  163 162.5 0.20321 8.81988e-05
  164 163.5 0.200178 8.68828e-05
  165 164.5 0.199706 8.6678e-05
  166 165.5 0.199678 8.66658e-05
  167 166.5 0.196658 8.5355e-05
  168 167.5 0.198788 8.62795e-05
  169 168.5 0.19952 8.65972e-05
  170 169.5 0.200138 8.68655e-05
  171 170.5 0.198528 8.61667e-05
  172 171.5 0.200858 8.7178e-05
  173 172.5 0.200092 8.68455e-05
  174 173.5 0.19843 8.61241e-05
  175 174.5 0.199456 8.65694e-05
  176 175.5 0.19722 8.5599e-05
  177 176.5 0.19638 8.52344e-05
  178 177.5 0.196848 8.54375e-05
  179 178.5 0.196528 8.52986e-05
  180 179.5 0.19891 8.63325e-05
  181 180.5 0.198106 8.59835e-05
  182 181.5 0.19601 8.50738e-05
  183 182.5 0.196646 8.53498e-05
  184 183.5 0.196062 8.50964e-05
  185 184.5 0.19531 8.477e-05
  186 185.5 0.19634 8.5217e-05
  187 186.5 0.192074 8.33655e-05
  188 187.5 0.199324 8.65122e-05
  189 188.5 0.199818 8.67266e-05
  190 189.5 0.200958 8.72214e-05
  191 190.5 0.197142 8.55651e-05
  192 191.5 0.19738 8.56684e-05
  193 192.5 0.194464 8.44028e-05
  194 193.5 0.194612 8.4467e-05
  195 194.5 0.194676 8.44948e-05
  196 195.5 0.195384 8.48021e-05
  197 196.5 0.194494 8.44158e-05
  198 197.5 0.199362 8.65286e-05
  199 198.5 0.199962 8.67891e-05
  200 199.5 0.20209 8.77127e-05
  201 200.5 0.205446 8.91693e-05
  202 201.5 0.205052 8.89983e-05
  203 202.5 0.209814 9.10651e-05
  204 203.5 0.216494 9.39644e-05
  205 204.5 0.222298 9.64835e-05
  206 205.5 0.236238 0.000102534
  207 206.5 0.258142 0.000112041
  208 207.5 0.282876 0.000122776
  209 208.5 0.324952 0.000141038
  210 209.5 0.378098 0.000164105
  211 210.5 0.456866 0.000198293
  212 211.5 0.570072 0.000247427
  213 212.5 0.714152 0.000309962
  214 213.5 0.90985 0.0003949
  215 214.5 1.1554 0.000501475
  216 215.5 1.45611 0.000631991
  217 216.5 1.82099 0.000790359
  218 217.5 2.27739 0.000988451
  219 218.5 2.84846 0.00123631
  220 219.5 3.56586 0.00154768
  221 220.5 4.48307 0.00194578
  222 221.5 5.62521 0.0024415
  223 222.5 7.06372 0.00306585
  224 223.5 8.84519 0.00383906
  225 224.5 10.978 0.00476478
  226 225.5 13.3752 0.0058052
  227 226.5 16.0071 0.00694751
  228 227.5 18.768 0.00814582
  229 228.5 21.514 0.00933767
  230 229.5 23.9867 0.0104109
  231 230.5 26.2399 0.0113888
  232 231.5 28.1977 0.0122386
  233 232.5 29.6995 0.0128904
  234 233.5 30.8709 0.0133988
  235 234.5 31.8312 0.0138156
  236 235.5 32.5046 0.0141079
  237 236.5 32.9847 0.0143163
  238 237.5 33.4327 0.0145107
  239 238.5 33.6923 0.0146234
  240 239.5 33.8578 0.0146952
  241 240.5 33.9909 0.014753
  242 241.5 34.1897 0.0148393
  243 242.5 34.2047 0.0148458
  244 243.5 34.2348 0.0148588
  245 244.5 34.3408 0.0149049
  246 245.5 34.3529 0.0149101
  247 246.5 34.3543 0.0149107
  248 247.5 34.401 0.014931
  249 248.5 34.4501 0.0149523
  250 249.5 34.384 0.0149236
  251 250.5 34.4331 0.0149449
  252 251.5 34.4363 0.0149463
  253 252.5 34.4295 0.0149434
  254 253.5 34.3639 0.0149149
  255 254.5 34.3687 0.014917
  256 255.5 34.3898 0.0149261
  257 256.5 34.3608 0.0149136
  258 257.5 34.343 0.0149058
  259 258.5 34.3572 0.014912
  260 259.5 34.3385 0.0149039
  261 260.5 34.33 0.0149002
  262 261.5 34.338 0.0149036
  263 262.5 34.3462 0.0149072
  264 263.5 34.3322 0.0149011
  265 264.5 34.3609 0.0149136
  266 265.5 34.3448 0.0149066
  267 266.5 34.3345 0.0149021
  268 267.5 34.3449 0.0149066
  269 268.5 34.3831 0.0149232
  270 269.5 34.3174 0.0148947
  271 270.5 34.3185 0.0148952
  272 271.5 34.3607 0.0149135
  273 272.5 34.3579 0.0149123
  274 273.5 34.3687 0.014917
  275 274.5 34.3458 0.014907
  276 275.5 34.3849 0.014924
  277 276.5 34.3492 0.0149085
  278 277.5 34.3781 0.014921
  279 278.5 34.3691 0.0149171
  280 279.5 34.4166 0.0149378
  281 280.5 34.3914 0.0149268
  282 281.5 34.417 0.0149379
  283 282.5 34.4447 0.0149499
  284 283.5 34.4763 0.0149637
  285 284.5 34.4496 0.0149521
  286 285.5 34.4457 0.0149504
  287 286.5 34.4652 0.0149589
  288 287.5 34.4953 0.0149719
  289 288.5 34.5072 0.0149771
  290 289.5 34.5055 0.0149763
  291 290.5 34.4965 0.0149725
  292 291.5 34.5264 0.0149854
  293 292.5 34.51 0.0149783
  294 293.5 34.4799 0.0149652
  295 294.5 34.5079 0.0149774
  296 295.5 34.508 0.0149774
  297 296.5 34.4939 0.0149713
  298 297.5 34.4954 0.0149719
  299 298.5 34.5467 0.0149942
  300 299.5 34.5285 0.0149863
  301 300.5 34.5244 0.0149846
  302 301.5 34.5172 0.0149814
  303 302.5 34.5884 0.0150123
  304 303.5 34.568 0.0150035
  305 304.5 34.4931 0.014971
  306 305.5 34.5451 0.0149935
  307 306.5 34.5073 0.0149771
  308 307.5 34.4955 0.014972
  309 308.5 34.4437 0.0149495
  310 309.5 34.4851 0.0149675
  311 310.5 34.425 0.0149414
  312 311.5 34.4231 0.0149406
  313 312.5 34.4094 0.0149346
  314 313.5 34.4429 0.0149492
  315 314.5 34.3794 0.0149216
  316 315.5 34.4244 0.0149411
  317 316.5 34.3961 0.0149289
  318 317.5 34.3915 0.0149269
  319 318.5 34.3812 0.0149224
  320 319.5 34.4105 0.0149351
  321 320.5 34.4059 0.0149331
  322 321.5 34.3993 0.0149303
  323 322.5 34.3949 0.0149284
  324 323.5 34.3663 0.0149159
  325 324.5 34.3622 0.0149141
  326 325.5 34.4037 0.0149321
  327 326.5 34.3743 0.0149194
  328 327.5 34.3625 0.0149143
  329 328.5 34.4172 0.014938
  330 329.5 34.4054 0.0149329
  331 330.5 34.3589 0.0149127
  332 331.5 34.37 0.0149176
  333 332.5 34.4489 0.0149518
  334 333.5 34.4089 0.0149344
  335 334.5 34.3822 0.0149228
  336 335.5 34.3797 0.0149217
  337 336.5 34.4228 0.0149404
  338 337.5 34.4029 0.0149318
  339 338.5 34.3797 0.0149217
  340 339.5 34.4261 0.0149419
  341 340.5 34.4364 0.0149464
  342 341.5 34.3704 0.0149177
  343 342.5 34.3871 0.014925
  344 343.5 34.4025 0.0149316
  345 344.5 34.3892 0.0149259
  346 345.5 34.3713 0.0149181
  347 346.5 34.368 0.0149167
  348 347.5 34.3652 0.0149154
  349 348.5 34.35 0.0149088
  350 349.5 34.3464 0.0149073
  351 350.5 34.3404 0.0149047
  352 351.5 34.2951 0.014885
  353 352.5 34.3187 0.0148953
  354 353.5 34.2991 0.0148868
  355 354.5 34.2986 0.0148866
  356 355.5 34.3143 0.0148934
  357 356.5 34.3401 0.0149046
  358 357.5 34.3305 0.0149004
  359 358.5 34.3747 0.0149196
  360 359.5 34.3621 0.0149141
  361 360.5 34.3748 0.0149196
  362 361.5 34.3683 0.0149168
  363 362.5 34.3566 0.0149117
  364 363.5 34.331 0.0149006
  365 364.5 34.309 0.0148911
  366 365.5 34.3588 0.0149127
  367 366.5 34.2953 0.0148851
  368 367.5 34.2915 0.0148835
  369 368.5 34.3024 0.0148882
  370 369.5 34.2592 0.0148694
  371 370.5 34.1997 0.0148436
  372 371.5 34.1738 0.0148324
  373 372.5 34.0704 0.0147875
  374 373.5 33.9884 0.0147519
  375 374.5 33.8418 0.0146883
  376 375.5 33.6127 0.0145888
  377 376.5 33.2949 0.0144509
  378 377.5 32.9107 0.0142841
  379 378.5 32.3698 0.0140494
  380 379.5 31.6344 0.0137302
  381 380.5 30.5887 0.0132763
  382 381.5 29.3294 0.0127298
  383 382.5 27.6782 0.0120131
  384 383.5 25.6516 0.0111335
  385 384.5 23.2989 0.0101124
  386 385.5 20.6824 0.00897672
  387 386.5 17.8842 0.00776225
  388 387.5 15.1471 0.00657425
  389 388.5 12.528 0.00543751
  390 389.5 10.1979 0.00442615
  391 390.5 8.23566 0.00357451
  392 391.5 6.63712 0.0028807
  393 392.5 5.41134 0.00234867
  394 393.5 4.49223 0.00194975
  395 394.5 3.81516 0.00165589
  396 395.5 3.34825 0.00145323
  397 396.5 3.01275 0.00130762
  398 397.5 2.78062 0.00120687
  399 398.5 2.62502 0.00113933
  400 399.5 2.50906 0.001089
  401 400.5 2.41093 0.00104641
  402 401.5 2.35969 0.00102417
  403 402.5 2.30953 0.0010024
  404 403.5 2.28255 0.00099069
  405 404.5 2.26741 0.000984118
  406 405.5 2.2605 0.000981122
  407 406.5 2.26821 0.000984464
  408 407.5 2.26841 0.000984553
  409 408.5 2.26075 0.000981228
  410 409.5 2.26074 0.000981223
  411 410.5 2.25743 0.000979786
  412 411.5 2.25013 0.000976619
  413 412.5 2.23222 0.000968845
  414 413.5 2.22189 0.000964364
  415 414.5 2.21276 0.000960398
  416 415.5 2.19817 0.000954068
  417 416.5 2.18797 0.000949639
  418 417.5 2.19553 0.000952922
  419 418.5 2.19937 0.000954587
  420 419.5 2.19833 0.000954138
  421 420.5 2.21427 0.000961056
  422 421.5 2.22051 0.000963761
  423 422.5 2.23039 0.000968052
  424 423.5 2.22235 0.00096456
  425 424.5 2.20279 0.00095607
  426 425.5 2.20317 0.000956238
  427 426.5 2.21266 0.000960357
  428 427.5 2.20891 0.000958728
  429 428.5 2.22273 0.000964725
  430 429.5 2.22282 0.000964766
  431 430.5 2.21393 0.000960909
  432 431.5 2.21603 0.000961818
  433 432.5 2.21988 0.00096349
  434 433.5 2.21825 0.000962783
  435 434.5 2.23036 0.000968037
  436 435.5 2.24674 0.000975148
  437 436.5 2.25441 0.000978476
  438 437.5 2.26486 0.00098301
  439 438.5 2.28657 0.000992437
  440 439.5 2.29076 0.000994253
  441 440.5 2.31269 0.00100377
  442 441.5 2.32114 0.00100744
  443 442.5 2.32 0.00100695
  444 443.5 2.31255 0.00100371
  445 444.5 2.31405 0.00100436
  446 445.5 2.31511 0.00100482
  447 446.5 2.33307 0.00101262
  448 447.5 2.34994 0.00101994
  449 448.5 2.36821 0.00102787
  450 449.5 2.37672 0.00103156
  451 450.5 2.37246 0.00102971
  452 451.5 2.37733 0.00103183
  453 452.5 2.36718 0.00102742
  454 453.5 2.36783 0.0010277
  455 454.5 2.37673 0.00103157
  456 455.5 2.36502 0.00102649
  457 456.5 2.34853 0.00101933
  458 457.5 2.3503 0.00102009
  459 458.5 2.36922 0.00102831
  460 459.5 2.36328 0.00102573
  461 460.5 2.36854 0.00102801
  462 461.5 2.37169 0.00102938
  463 462.5 2.3858 0.0010355
  464 463.5 2.37008 0.00102868
  465 464.5 2.37039 0.00102882
  466 465.5 2.39373 0.00103895
  467 466.5 2.37963 0.00103283
  468 467.5 2.38367 0.00103458
  469 468.5 2.39567 0.00103979
  470 469.5 2.38647 0.00103579
  471 470.5 2.38615 0.00103566
  472 471.5 2.38372 0.0010346
  473 472.5 2.37846 0.00103232
  474 473.5 2.37391 0.00103034
  475 474.5 2.37191 0.00102948
  476 475.5 2.3709 0.00102904
  477 476.5 2.37899 0.00103255
  478 477.5 2.38802 0.00103647
  479 478.5 2.38578 0.0010355
  480 479.5 2.38363 0.00103456
40000000 480 5892.0000000000055
  1 0.5 2.14814 0.000932352
  2 1.5 2.16623 0.000940203
  3 2.5 2.17262 0.000942977
  4 3.5 2.17315 0.000943209
  5 4.5 2.17798 0.000945303
  6 5.5 2.16465 0.00093952
  7 6.5 2.15615 0.000935828
  8 7.5 2.14844 0.000932484
  9 8.5 2.14818 0.00093237
  10 9.5 2.15371 0.000934769
  11 10.5 2.15125 0.000933703
  12 11.5 2.15534 0.000935477
  13 12.5 2.15566 0.000935617
  14 13.5 2.15391 0.000934859
  15 14.5 2.14843 0.000932477
  16 15.5 2.13493 0.000926619
  17 16.5 2.13565 0.00092693
  18 17.5 2.14443 0.000930742
  19 18.5 2.13977 0.000928719
  20 19.5 2.13159 0.000925168
  21 20.5 2.12885 0.000923981
  22 21.5 2.12887 0.000923988
  23 22.5 2.11044 0.00091599
  24 23.5 2.09356 0.000908661
  25 24.5 2.08933 0.000906827
  26 25.5 2.07899 0.00090234
  27 26.5 2.07536 0.000900762
  28 27.5 2.07663 0.000901316
  29 28.5 2.07292 0.000899703
  30 29.5 2.0657 0.00089657
  31 30.5 2.07289 0.000899693
  32 31.5 2.06596 0.000896684
  33 32.5 2.05684 0.000892727
  34 33.5 2.05765 0.000893079
  35 34.5 2.06367 0.000895692
  36 35.5 2.06651 0.000896924
  37 36.5 2.07827 0.000902027
  38 37.5 2.09837 0.00091075
  39 38.5 2.10116 0.000911962
  40 39.5 2.08879 0.000906594
  41 40.5 2.09182 0.000907908
  42 41.5 2.09791 0.000910549
  43 42.5 2.12119 0.000920655
  44 43.5 2.13834 0.000928097
  45 44.5 2.1474 0.000932033
  46 45.5 2.15701 0.000936201
  47 46.5 2.17927 0.000945864
  48 47.5 2.20266 0.000956015
  49 48.5 2.22631 0.000966282
  50 49.5 2.23868 0.000971648
  51 50.5 2.23945 0.000971983
  52 51.5 2.24504 0.00097441
  53 52.5 2.25735 0.000979752
  54 53.5 2.26981 0.00098516
  55 54.5 2.28773 0.000992939
  56 55.5 2.25505 0.000978755
  57 56.5 2.22835 0.000967166
  58 57.5 2.17391 0.000943536
  59 58.5 2.09158 0.000907804
  60 59.5 2.00104 0.000868508
  61 60.5 1.87451 0.000813591
  62 61.5 1.71893 0.000746064
  63 62.5 1.54212 0.000669323
  64 63.5 1.35543 0.000588295
  65 64.5 1.17098 0.000508236
  66 65.5 0.989252 0.000429363
  67 66.5 0.831956 0.000361092
  68 67.5 0.685386 0.000297477
  69 68.5 0.55969 0.000242921
  70 69.5 0.46099 0.000200082
  71 70.5 0.384578 0.000166918
  72 71.5 0.328928 0.000142764
  73 72.5 0.291038 0.000126319
  74 73.5 0.263952 0.000114562
  75 74.5 0.239098 0.000103775
  76 75.5 0.225024 9.76667e-05
  77 76.5 0.215734 9.36345e-05
  78 77.5 0.210288 9.12708e-05
  79 78.5 0.20266 8.79601e-05
  80 79.5 0.200696 8.71076e-05
  81 80.5 0.19887 8.63151e-05
  82 81.5 0.203018 8.81155e-05
  83 82.5 0.198362 8.60946e-05
  84 83.5 0.198974 8.63602e-05
  85 84.5 0.196574 8.53186e-05
  86 85.5 0.198416 8.61181e-05
  87 86.5 0.199258 8.64835e-05
  88 87.5 0.196886 8.5454e-05
  89 88.5 0.198658 8.62231e-05
  90 89.5 0.1968 8.54167e-05
  91 90.5 0.19656 8.53125e-05
  92 91.5 0.196446 8.5263e-05
  93 92.5 0.195812 8.49878e-05
  94 93.5 0.19744 8.56944e-05
  95 94.5 0.194018 8.42092e-05
  96 95.5 0.194738 8.45217e-05
  97 96.5 0.194126 8.42561e-05
  98 97.5 0.193316 8.39045e-05
  99 98.5 0.190822 8.2822e-05
  100 99.5 0.191862 8.32734e-05
  101 100.5 0.193124 8.38212e-05
  102 101.5 0.193404 8.39427e-05
  103 102.5 0.196608 8.53333e-05
  104 103.5 0.196732 8.53872e-05
  105 104.5 0.199106 8.64175e-05
  106 105.5 0.194952 8.46146e-05
  107 106.5 0.19282 8.36892e-05
  108 107.5 0.194066 8.423e-05
  109 108.5 0.195228 8.47344e-05
  110 109.5 0.191076 8.29323e-05
  111 110.5 0.190884 8.2849e-05
  112 111.5 0.193228 8.38663e-05
  113 112.5 0.19067 8.27561e-05
  114 113.5 0.193186 8.38481e-05
  115 114.5 0.190312 8.26007e-05
  116 115.5 0.19082 8.28212e-05
  117 116.5 0.19466 8.44878e-05
  118 117.5 0.197268 8.56198e-05
  119 118.5 0.197312 8.56389e-05
  120 119.5 0.199352 8.65243e-05
  121 120.5 0.19708 8.55382e-05
  122 121.5 0.193848 8.41354e-05
  123 122.5 0.1914 8.30729e-05
  124 123.5 0.190704 8.27708e-05
  125 124.5 0.187886 8.15477e-05
  126 125.5 0.188464 8.17986e-05
  127 126.5 0.18464 8.01389e-05
  128 127.5 0.186634 8.10043e-05
  129 128.5 0.187172 8.12378e-05
  130 129.5 0.191504 8.31181e-05
  131 130.5 0.19003 8.24783e-05
  132 131.5 0.188988 8.2026e-05
  133 132.5 0.191548 8.31372e-05
  134 133.5 0.18921 8.21224e-05
  135 134.5 0.187746 8.1487e-05
  136 135.5 0.187696 8.14653e-05
  137 136.5 0.185808 8.06458e-05
  138 137.5 0.188978 8.20217e-05
  139 138.5 0.191378 8.30634e-05
  140 139.5 0.192226 8.34314e-05
  141 140.5 0.187804 8.15122e-05
  142 141.5 0.18995 8.24436e-05
  143 142.5 0.190852 8.28351e-05
  144 143.5 0.191806 8.32491e-05
  145 144.5 0.190356 8.26198e-05
  146 145.5 0.187016 8.11701e-05
  147 146.5 0.188568 8.18437e-05
  148 147.5 0.190508 8.26858e-05
  149 148.5 0.189318 8.21693e-05
  150 149.5 0.190012 8.24705e-05
  151 150.5 0.189706 8.23377e-05
  152 151.5 0.190116 8.25156e-05
  153 152.5 0.189402 8.22057e-05
  154 153.5 0.192448 8.35278e-05
  155 154.5 0.190446 8.26589e-05
  156 155.5 0.190358 8.26207e-05
  157 156.5 0.19239 8.35026e-05
  158 157.5 0.193664 8.40556e-05
  159 158.5 0.196214 8.51623e-05
  160 159.5 0.19477 8.45356e-05
  161 160.5 0.193592 8.40243e-05
  162 161.5 0.192488 8.35451e-05
  163 162.5 0.188988 8.2026e-05
  164 163.5 0.190752 8.27917e-05
  165 164.5 0.192406 8.35095e-05
  166 165.5 0.191002 8.29002e-05
  167 166.5 0.190452 8.26615e-05
  168 167.5 0.192504 8.35521e-05
  169 168.5 0.190176 8.25417e-05
  170 169.5 0.18944 8.22222e-05
  171 170.5 0.191112 8.29479e-05
  172 171.5 0.187822 8.152e-05
  173 172.5 0.190238 8.25686e-05
  174 173.5 0.193026 8.37786e-05
  175 174.5 0.195372 8.47969e-05
  176 175.5 0.192976 8.37569e-05
  177 176.5 0.191748 8.3224e-05
  178 177.5 0.189492 8.22448e-05
  179 178.5 0.191866 8.32752e-05
  180 179.5 0.194144 8.42639e-05
  181 180.5 0.193322 8.39071e-05
  182 181.5 0.195046 8.46554e-05
  183 182.5 0.196826 8.5428e-05
  184 183.5 0.192348 8.34844e-05
  185 184.5 0.193992 8.41979e-05
  186 185.5 0.195562 8.48793e-05
  187 186.5 0.19535 8.47873e-05
  188 187.5 0.194796 8.45469e-05
  189 188.5 0.197158 8.5572e-05
  190 189.5 0.196226 8.51675e-05
  191 190.5 0.197524 8.57309e-05
  192 191.5 0.19656 8.53125e-05
  193 192.5 0.199308 8.65052e-05
  194 193.5 0.198064 8.59653e-05
  195 194.5 0.200136 8.68646e-05
  196 195.5 0.200978 8.723e-05
  197 196.5 0.203722 8.8421e-05
  198 197.5 0.205386 8.91432e-05
  199 198.5 0.205034 8.89905e-05
  200 199.5 0.20482 8.88976e-05
  201 200.5 0.208424 9.04618e-05
  202 201.5 0.209954 9.11259e-05
  203 202.5 0.21679 9.40929e-05
  204 203.5 0.22491 9.76172e-05
  205 204.5 0.240748 0.000104491
  206 205.5 0.264552 0.000114823
  207 206.5 0.294466 0.000127806
  208 207.5 0.335748 0.000145724
  209 208.5 0.387898 0.000168359
  210 209.5 0.47035 0.000204145
  211 210.5 0.572982 0.00024869
  212 211.5 0.704452 0.000305752
  213 212.5 0.865948 0.000375845
  214 213.5 1.07469 0.000466444
  215 214.5 1.32486 0.000575025
  216 215.5 1.62432 0.000704998
  217 216.5 1.99898 0.000867611
  218 217.5 2.46288 0.00106896
  219 218.5 3.06803 0.00133161
  220 219.5 3.84278 0.00166787
  221 220.5 4.83571 0.00209883
  222 221.5 6.08335 0.00264034
  223 222.5 7.66769 0.00332799
  224 223.5 9.63059 0.00417994
  225 224.5 11.9145 0.00517121
  226 225.5 14.5058 0.00629591
  227 226.5 17.2415 0.0074833
  228 227.5 20.0501 0.00870232
  229 228.5 22.7483 0.00987338
  230 229.5 25.1833 0.0109303
  231 230.5 27.2948 0.0118467
  232 231.5 29.092 0.0126267
  233 232.5 30.4419 0.0132126
  234 233.5 31.5121 0.0136771
  235 234.5 32.3251 0.01403
  236 235.5 32.9113 0.0142844
  237 236.5 33.3187 0.0144612
  238 237.5 33.6634 0.0146109
  239 238.5 33.8911 0.0147097
  240 239.5 34.0724 0.0147884
  241 240.5 34.1688 0.0148302
  242 241.5 34.2702 0.0148742
  243 242.5 34.3429 0.0149058
  244 243.5 34.3763 0.0149203
  245 244.5 34.4233 0.0149407
  246 245.5 34.495 0.0149718
  247 246.5 34.4968 0.0149726
  248 247.5 34.4911 0.0149701
  249 248.5 34.5458 0.0149939
  250 249.5 34.5525 0.0149967
  251 250.5 34.5286 0.0149864
  252 251.5 34.55 0.0149957
  253 252.5 34.5199 0.0149826
  254 253.5 34.5297 0.0149868
  255 254.5 34.5457 0.0149938
  256 255.5 34.4949 0.0149717
  257 256.5 34.5134 0.0149798
  258 257.5 34.5504 0.0149958
  259 258.5 34.572 0.0150052
  260 259.5 34.5256 0.0149851
  261 260.5 34.5411 0.0149918
  262 261.5 34.6039 0.015019
  263 262.5 34.5972 0.0150161
  264 263.5 34.5647 0.015002
  265 264.5 34.5842 0.0150105
  266 265.5 34.6135 0.0150232
  267 266.5 34.6094 0.0150214
  268 267.5 34.5819 0.0150095
  269 268.5 34.5923 0.015014
  270 269.5 34.6016 0.015018
  271 270.5 34.5563 0.0149984
  272 271.5 34.5506 0.0149959
  273 272.5 34.5612 0.0150005
  274 273.5 34.5799 0.0150086
  275 274.5 34.5625 0.0150011
  276 275.5 34.6247 0.0150281
  277 276.5 34.6143 0.0150236
  278 277.5 34.6096 0.0150215
  279 278.5 34.6627 0.0150446
  280 279.5 34.6629 0.0150447
  281 280.5 34.658 0.0150425
  282 281.5 34.6641 0.0150452
  283 282.5 34.6981 0.01506
  284 283.5 34.6753 0.01505
  285 284.5 34.6565 0.0150419
  286 285.5 34.6872 0.0150552
  287 286.5 34.7025 0.0150619
  288 287.5 34.7349 0.0150759
  289 288.5 34.6939 0.0150581
  290 289.5 34.7279 0.0150729
  291 290.5 34.7447 0.0150802
  292 291.5 34.7127 0.0150663
  293 292.5 34.7349 0.0150759
  294 293.5 34.6935 0.015058
  295 294.5 34.7213 0.01507
  296 295.5 34.7306 0.015074
  297 296.5 34.7044 0.0150627
  298 297.5 34.7376 0.0150771
  299 298.5 34.7574 0.0150857
  300 299.5 34.6987 0.0150602
  301 300.5 34.7322 0.0150748
  302 301.5 34.786 0.0150981
  303 302.5 34.7122 0.0150661
  304 303.5 34.6894 0.0150562
  305 304.5 34.7515 0.0150831
  306 305.5 34.6982 0.01506
  307 306.5 34.6543 0.0150409
  308 307.5 34.6826 0.0150532
  309 308.5 34.6715 0.0150484
  310 309.5 34.6548 0.0150411
  311 310.5 34.6395 0.0150345
  312 311.5 34.6661 0.0150461
  313 312.5 34.6553 0.0150414
  314 313.5 34.6044 0.0150193
  315 314.5 34.6339 0.0150321
  316 315.5 34.6183 0.0150253
  317 316.5 34.5943 0.0150149
  318 317.5 34.6074 0.0150206
  319 318.5 34.5789 0.0150082
  320 319.5 34.5595 0.0149998
  321 320.5 34.564 0.0150017
  322 321.5 34.5328 0.0149882
  323 322.5 34.4894 0.0149693
  324 323.5 34.542 0.0149922
  325 324.5 34.5269 0.0149857
  326 325.5 34.5234 0.0149841
  327 326.5 34.5184 0.0149819
  328 327.5 34.5446 0.0149933
  329 328.5 34.5267 0.0149855
  330 329.5 34.5139 0.01498
  331 330.5 34.5233 0.0149841
  332 331.5 34.5104 0.0149785
  333 332.5 34.5044 0.0149759
  334 333.5 34.516 0.0149809
  335 334.5 34.5702 0.0150044
  336 335.5 34.5308 0.0149873
  337 336.5 34.5292 0.0149866
  338 337.5 34.501 0.0149744
  339 338.5 34.555 0.0149978
  340 339.5 34.5267 0.0149855
  341 340.5 34.5151 0.0149805
  342 341.5 34.5044 0.0149759
  343 342.5 34.5321 0.0149879
  344 343.5 34.5433 0.0149928
  345 344.5 34.5065 0.0149768
  346 345.5 34.5228 0.0149838
  347 346.5 34.5515 0.0149963
  348 347.5 34.5386 0.0149907
  349 348.5 34.5024 0.014975
  350 349.5 34.5544 0.0149976
  351 350.5 34.5648 0.0150021
  352 351.5 34.5665 0.0150028
  353 352.5 34.5825 0.0150098
  354 353.5 34.5687 0.0150038
  355 354.5 34.5458 0.0149938
  356 355.5 34.5625 0.0150011
  357 356.5 34.5464 0.0149941
  358 357.5 34.5122 0.0149793
  359 358.5 34.5429 0.0149926
  360 359.5 34.5085 0.0149776
  361 360.5 34.5341 0.0149888
  362 361.5 34.5136 0.0149799
  363 362.5 34.4783 0.0149646
  364 363.5 34.4496 0.0149521
  365 364.5 34.4827 0.0149665
  366 365.5 34.4721 0.0149618
  367 366.5 34.3909 0.0149266
  368 367.5 34.4251 0.0149415
  369 368.5 34.4274 0.0149425
  370 369.5 34.3245 0.0148978
  371 370.5 34.3013 0.0148877
  372 371.5 34.2327 0.0148579
  373 372.5 34.1288 0.0148128
  374 373.5 33.9378 0.01473
  375 374.5 33.7541 0.0146502
  376 375.5 33.4905 0.0145358
  377 376.5 33.1014 0.0143669
  378 377.5 32.5799 0.0141406
  379 378.5 31.9644 0.0138734
  380 379.5 31.0641 0.0134827
  381 380.5 29.8935 0.0129746
  382 381.5 28.3983 0.0123257
  383 382.5 26.6072 0.0115482
  384 383.5 24.4561 0.0106146
  385 384.5 22.0635 0.00957619
  386 385.5 19.4211 0.00842929
  387 386.5 16.7079 0.00725167
  388 387.5 14.0908 0.00611581
  389 388.5 11.6742 0.00506693
  390 389.5 9.50647 0.00412607
  391 390.5 7.72769 0.00335403
  392 391.5 6.2944 0.00273195
  393 392.5 5.15867 0.00223901
  394 393.5 4.30638 0.00186909
  395 394.5 3.67805 0.00159637
  396 395.5 3.2413 0.00140681
  397 396.5 2.92462 0.00126936
  398 397.5 2.7289 0.00118442
  399 398.5 2.58658 0.00112265
  400 399.5 2.49167 0.00108145
  401 400.5 2.42557 0.00105276
  402 401.5 2.37612 0.0010313
  403 402.5 2.34222 0.00101659
  404 403.5 2.31233 0.00100362
  405 404.5 2.29475 0.000995985
  406 405.5 2.29701 0.000996966
  407 406.5 2.28072 0.000989896
  408 407.5 2.26251 0.000981993
  409 408.5 2.2653 0.000983205
  410 409.5 2.26151 0.000981559
  411 410.5 2.24709 0.000975298
  412 411.5 2.23393 0.000969589
  413 412.5 2.25306 0.000977891
  414 413.5 2.257 0.000979602
  415 414.5 2.24263 0.000973365
  416 415.5 2.24438 0.000974122
  417 416.5 2.25103 0.000977011
  418 417.5 2.25678 0.000979505
  419 418.5 2.25739 0.000979768
  420 419.5 2.25354 0.000978101
  421 420.5 2.23547 0.000970258
  422 421.5 2.22646 0.000966347
  423 422.5 2.21937 0.000963266
  424 423.5 2.2143 0.000961066
  425 424.5 2.20516 0.0009571
  426 425.5 2.20753 0.000958128
  427 426.5 2.20939 0.000958935
  428 427.5 2.20031 0.000954997
  429 428.5 2.19403 0.00095227
  430 429.5 2.19319 0.000951904
  431 430.5 2.19033 0.000950664
  432 431.5 2.18112 0.000946667
  433 432.5 2.16825 0.000941082
  434 433.5 2.1815 0.000946832
  435 434.5 2.18483 0.000948277
  436 435.5 2.18849 0.000949867
  437 436.5 2.18763 0.000949493
  438 437.5 2.19498 0.000952681
  439 438.5 2.2059 0.00095742
  440 439.5 2.22593 0.000966115
  441 440.5 2.2304 0.000968055
  442 441.5 2.22751 0.000966802
  443 442.5 2.21933 0.000963249
  444 443.5 2.20783 0.00095826
  445 444.5 2.20739 0.000958069
  446 445.5 2.20681 0.000957819
  447 446.5 2.20889 0.00095872
  448 447.5 2.19844 0.000954183
  449 448.5 2.19994 0.000954835
  450 449.5 2.20697 0.000957885
  451 450.5 2.20582 0.000957386
  452 451.5 2.20219 0.000955812
  453 452.5 2.1967 0.00095343
  454 453.5 2.18845 0.000949849
  455 454.5 2.17724 0.000944981
  456 455.5 2.17896 0.00094573
  457 456.5 2.16969 0.000941706
  458 457.5 2.1743 0.000943707
  459 458.5 2.17133 0.000942416
  460 459.5 2.18282 0.000947405
  461 460.5 2.18814 0.000949713
  462 461.5 2.18924 0.000950192
  463 462.5 2.18163 0.000946886
  464 463.5 2.17427 0.000943694
  465 464.5 2.1773 0.000945009
  466 465.5 2.17842 0.000945497
  467 466.5 2.15819 0.000936713
  468 467.5 2.14559 0.000931244
  469 468.5 2.14 0.000928821
  470 469.5 2.14961 0.000932992
  471 470.5 2.15364 0.000934739
  472 471.5 2.16701 0.000940542
  473 472.5 2.16945 0.0009416
  474 473.5 2.16521 0.000939762
  475 474.5 2.16938 0.000941569
  476 475.5 2.16664 0.000940381
  477 476.5 2.14209 0.000929728
  478 477.5 2.13915 0.000928451
  479 478.5 2.1454 0.000931165
  480 479.5 2.16012 0.000937554
50000000 480 5891.999999999998
  1 0.5 2.4047 0.0010437
  2 1.5 2.41355 0.00104755
  3 2.5 2.40419 0.00104349
  4 3.5 2.39803 0.00104081
  5 4.5 2.39797 0.00104078
  6 5.5 2.37984 0.00103292
  7 6.5 2.38508 0.00103519
  8 7.5 2.38298 0.00103428
  9 8.5 2.37017 0.00102872
  10 9.5 2.38756 0.00103627
  11 10.5 2.39628 0.00104005
  12 11.5 2.39004 0.00103734
  13 12.5 2.39804 0.00104082
  14 13.5 2.40614 0.00104433
  15 14.5 2.4057 0.00104414
  16 15.5 2.41217 0.00104695
  17 16.5 2.42854 0.00105405
  18 17.5 2.41135 0.00104659
  19 18.5 2.40323 0.00104307
  20 19.5 2.4123 0.00104701
  21 20.5 2.41373 0.00104762
  22 21.5 2.41145 0.00104664
  23 22.5 2.43013 0.00105474
  24 23.5 2.44113 0.00105952
  25 24.5 2.44207 0.00105993
  26 25.5 2.4529 0.00106463
  27 26.5 2.45462 0.00106537
  28 27.5 2.45546 0.00106574
  29 28.5 2.44775 0.00106239
  30 29.5 2.4501 0.00106341
  31 30.5 2.44825 0.00106261
  32 31.5 2.4467 0.00106194
  33 32.5 2.44472 0.00106107
  34 33.5 2.44434 0.00106091
  35 34.5 2.42609 0.00105299
  36 35.5 2.43026 0.0010548
  37 36.5 2.41549 0.00104839
  38 37.5 2.43073 0.001055
  39 38.5 2.43531 0.00105699
  40 39.5 2.42804 0.00105384
  41 40.5 2.43519 0.00105694
  42 41.5 2.4332 0.00105608
  43 42.5 2.42183 0.00105114
  44 43.5 2.42737 0.00105355
  45 44.5 2.44119 0.00105954
  46 45.5 2.45596 0.00106596
  47 46.5 2.46945 0.00107181
  48 47.5 2.4952 0.00108299
  49 48.5 2.51997 0.00109374
  50 49.5 2.53277 0.00109929
  51 50.5 2.56616 0.00111378
  52 51.5 2.59363 0.00112571
  53 52.5 2.6231 0.0011385
  54 53.5 2.62215 0.00113809
  55 54.5 2.61735 0.001136
  56 55.5 2.6081 0.00113199
  57 56.5 2.56345 0.00111261
  58 57.5 2.48865 0.00108014
  59 58.5 2.37125 0.00102919
  60 59.5 2.21353 0.000960734
  61 60.5 2.02397 0.000878457
  62 61.5 1.80137 0.000781844
  63 62.5 1.56391 0.00067878
  64 63.5 1.32979 0.000577166
  65 64.5 1.0988 0.000476911
  66 65.5 0.902918 0.000391891
  67 66.5 0.730044 0.000316859
  68 67.5 0.588952 0.000255622
  69 68.5 0.482656 0.000209486
  70 69.5 0.402608 0.000174743
  71 70.5 0.341204 0.000148092
  72 71.5 0.302566 0.000131322
  73 72.5 0.275688 0.000119656
  74 73.5 0.2552 0.000110764
  75 74.5 0.241742 0.000104923
  76 75.5 0.232558 0.000100937
  77 76.5 0.226636 9.83663e-05
  78 77.5 0.221926 9.6322e-05
  79 78.5 0.211978 9.20043e-05
  80 79.5 0.213472 9.26528e-05
  81 80.5 0.214304 9.30139e-05
  82 81.5 0.214042 9.29002e-05
  83 82.5 0.214434 9.30703e-05
  84 83.5 0.21448 9.30903e-05
  85 84.5 0.218788 9.49601e-05
  86 85.5 0.216364 9.3908e-05
  87 86.5 0.214394 9.3053e-05
  88 87.5 0.215142 9.33776e-05
  89 88.5 0.213868 9.28247e-05
  90 89.5 0.210136 9.12049e-05
  91 90.5 0.209272 9.08299e-05
  92 91.5 0.209676 9.10052e-05
  93 92.5 0.207454 9.00408e-05
  94 93.5 0.208282 9.04002e-05
  95 94.5 0.205392 8.91458e-05
  96 95.5 0.209118 9.0763e-05
  97 96.5 0.211314 9.17161e-05
  98 97.5 0.21238 9.21788e-05
  99 98.5 0.209308 9.08455e-05
  100 99.5 0.210496 9.13611e-05
  101 100.5 0.207146 8.99071e-05
  102 101.5 0.20642 8.9592e-05
  103 102.5 0.207924 9.02448e-05
  104 103.5 0.21101 9.15842e-05
  105 104.5 0.209448 9.09063e-05
  106 105.5 0.20933 9.0855e-05
  107 106.5 0.211446 9.17734e-05
  108 107.5 0.2097 9.10156e-05
  109 108.5 0.21005 9.11675e-05
  110 109.5 0.208434 9.04661e-05
  111 110.5 0.211066 9.16085e-05
  112 111.5 0.20821 9.03689e-05
  113 112.5 0.208486 9.04887e-05
  114 113.5 0.210582 9.13984e-05
  115 114.5 0.210062 9.11727e-05
  116 115.5 0.205874 8.9355e-05
  117 116.5 0.207206 8.99332e-05
  118 117.5 0.207732 9.01615e-05
  119 118.5 0.207804 9.01927e-05
  120 119.5 0.20492 8.8941e-05
  121 120.5 0.20737 9.00043e-05
  122 121.5 0.210268 9.12622e-05
  123 122.5 0.211048 9.16007e-05
  124 123.5 0.210694 9.1447e-05
  125 124.5 0.20934 9.08594e-05
  126 125.5 0.207758 9.01727e-05
  127 126.5 0.206108 8.94566e-05
  128 127.5 0.208696 9.05799e-05
  129 128.5 0.206678 8.9704e-05
  130 129.5 0.21007 9.11762e-05
  131 130.5 0.209854 9.10825e-05
  132 131.5 0.207016 8.98507e-05
  133 132.5 0.204858 8.89141e-05
  134 133.5 0.207144 8.99062e-05
  135 134.5 0.205444 8.91684e-05
  136 135.5 0.20428 8.86632e-05
  137 136.5 0.205424 8.91597e-05
  138 137.5 0.203632 8.83819e-05
  139 138.5 0.203514 8.83307e-05
  140 139.5 0.201748 8.75642e-05
  141 140.5 0.201406 8.74158e-05
  142 141.5 0.203218 8.82023e-05
  143 142.5 0.202306 8.78064e-05
  144 143.5 0.200436 8.69948e-05
  145 144.5 0.197336 8.56493e-05
  146 145.5 0.196556 8.53108e-05
  147 146.5 0.195738 8.49557e-05
  148 147.5 0.196764 8.5401e-05
  149 148.5 0.195476 8.4842e-05
  150 149.5 0.197252 8.56128e-05
  151 150.5 0.197586 8.57578e-05
  152 151.5 0.197906 8.58967e-05
  153 152.5 0.197044 8.55226e-05
  154 153.5 0.19905 8.63932e-05
  155 154.5 0.199124 8.64253e-05
  156 155.5 0.200192 8.68889e-05
  157 156.5 0.19929 8.64974e-05
  158 157.5 0.197816 8.58576e-05
  159 158.5 0.199198 8.64575e-05
  160 159.5 0.203932 8.85122e-05
  161 160.5 0.203152 8.81736e-05
  162 161.5 0.20025 8.69141e-05
  163 162.5 0.20118 8.73177e-05
  164 163.5 0.200374 8.69679e-05
  165 164.5 0.199436 8.65608e-05
  166 165.5 0.20169 8.75391e-05
  167 166.5 0.203552 8.83472e-05
  168 167.5 0.204284 8.86649e-05
  169 168.5 0.202368 8.78333e-05
  170 169.5 0.199606 8.66345e-05
  171 170.5 0.199846 8.67387e-05
  172 171.5 0.19841 8.61155e-05
  173 172.5 0.197496 8.57188e-05
  174 173.5 0.198528 8.61667e-05
  175 174.5 0.197522 8.573e-05
  176 175.5 0.196654 8.53533e-05
  177 176.5 0.197652 8.57865e-05
  178 177.5 0.19803 8.59505e-05
  179 178.5 0.195632 8.49097e-05
  180 179.5 0.200302 8.69366e-05
  181 180.5 0.196866 8.54453e-05
  182 181.5 0.197184 8.55833e-05
  183 182.5 0.199048 8.63924e-05
  184 183.5 0.199502 8.65894e-05
  185 184.5 0.201404 8.74149e-05
  186 185.5 0.200926 8.72075e-05
  187 186.5 0.20013 8.6862e-05
  188 187.5 0.202184 8.77535e-05
  189 188.5 0.204056 8.8566e-05
  190 189.5 0.203792 8.84514e-05
  191 190.5 0.204246 8.86484e-05
  192 191.5 0.203266 8.82231e-05
  193 192.5 0.201576 8.74896e-05
  194 193.5 0.201418 8.7421e-05
  195 194.5 0.198322 8.60773e-05
  196 195.5 0.202142 8.77352e-05
  197 196.5 0.201828 8.7599e-05
  198 197.5 0.204022 8.85512e-05
  199 198.5 0.205828 8.93351e-05
  200 199.5 0.207248 8.99514e-05
  201 200.5 0.212916 9.24115e-05
  202 201.5 0.213126 9.25026e-05
  203 202.5 0.222226 9.64523e-05
  204 203.5 0.235288 0.000102122
  205 204.5 0.248806 0.000107989
  206 205.5 0.27529 0.000119484
  207 206.5 0.306758 0.000133141
  208 207.5 0.352662 0.000153065
  209 208.5 0.422572 0.000183408
  210 209.5 0.50953 0.00022115
  211 210.5 0.629048 0.000273024
  212 211.5 0.79119 0.000343398
  213 212.5 0.981596 0.00042604
  214 213.5 1.21791 0.000528605
  215 214.5 1.50397 0.000652763
  216 215.5 1.83716 0.000797377
  217 216.5 2.20856 0.000958578
  218 217.5 2.64882 0.00114966
  219 218.5 3.1685 0.00137522
  220 219.5 3.81354 0.00165518
  221 220.5 4.59746 0.00199542
  222 221.5 5.62055 0.00243948
  223 222.5 6.92313 0.00300483
  224 223.5 8.4985 0.00368859
  225 224.5 10.4065 0.0045167
  226 225.5 12.6202 0.00547752
  227 226.5 15.1308 0.00656718
  228 227.5 17.7559 0.00770657
  229 228.5 20.4284 0.0088665
  230 229.5 22.9928 0.00997953
  231 230.5 25.3792 0.0110153
  232 231.5 27.405 0.0118945
  233 232.5 29.072 0.012618
  234 233.5 30.4229 0.0132044
  235 234.5 31.498 0.013671
  236 235.5 32.2508 0.0139977
  237 236.5 32.8413 0.0142541
  238 237.5 33.2866 0.0144473
  239 238.5 33.5984 0.0145826
  240 239.5 33.8049 0.0146723
  241 240.5 33.9662 0.0147423
  242 241.5 34.1027 0.0148015
  243 242.5 34.1581 0.0148256
  244 243.5 34.2448 0.0148632
  245 244.5 34.3038 0.0148888
  246 245.5 34.3646 0.0149152
  247 246.5 34.3357 0.0149026
  248 247.5 34.406 0.0149332
  249 248.5 34.4308 0.0149439
  250 249.5 34.3874 0.0149251
  251 250.5 34.3822 0.0149228
  252 251.5 34.4398 0.0149478
  253 252.5 34.4443 0.0149498
  254 253.5 34.3938 0.0149279
  255 254.5 34.4332 0.014945
  256 255.5 34.4052 0.0149328
  257 256.5 34.4015 0.0149312
  258 257.5 34.3594 0.014913
  259 258.5 34.3737 0.0149192
  260 259.5 34.3393 0.0149042
  261 260.5 34.3328 0.0149014
  262 261.5 34.3494 0.0149086
  263 262.5 34.3775 0.0149208
  264 263.5 34.2959 0.0148854
  265 264.5 34.3208 0.0148962
  266 265.5 34.3365 0.014903
  267 266.5 34.2961 0.0148854
  268 267.5 34.2539 0.0148671
  269 268.5 34.3434 0.014906
  270 269.5 34.3275 0.0148991
  271 270.5 34.309 0.014891
  272 271.5 34.3191 0.0148955
  273 272.5 34.3494 0.0149086
  274 273.5 34.318 0.014895
  275 274.5 34.3288 0.0148996
  276 275.5 34.3271 0.0148989
  277 276.5 34.3571 0.0149119
  278 277.5 34.3462 0.0149072
  279 278.5 34.2946 0.0148848
  280 279.5 34.3299 0.0149001
  281 280.5 34.3355 0.0149026
  282 281.5 34.2778 0.0148775
  283 282.5 34.3313 0.0149007
  284 283.5 34.316 0.0148941
  285 284.5 34.3035 0.0148887
  286 285.5 34.2827 0.0148796
  287 286.5 34.34 0.0149045
  288 287.5 34.349 0.0149084
  289 288.5 34.2828 0.0148797
  290 289.5 34.3019 0.014888
  291 290.5 34.3852 0.0149241
  292 291.5 34.3314 0.0149008
  293 292.5 34.2877 0.0148818
  294 293.5 34.3221 0.0148967
  295 294.5 34.3119 0.0148923
  296 295.5 34.2915 0.0148835
  297 296.5 34.246 0.0148637
  298 297.5 34.2591 0.0148694
  299 298.5 34.2434 0.0148626
  300 299.5 34.2034 0.0148452
  301 300.5 34.1712 0.0148312
  302 301.5 34.222 0.0148533
  303 302.5 34.1817 0.0148358
  304 303.5 34.1759 0.0148333
  305 304.5 34.2011 0.0148442
  306 305.5 34.219 0.014852
  307 306.5 34.1493 0.0148217
  308 307.5 34.1745 0.0148327
  309 308.5 34.2028 0.0148449
  310 309.5 34.1562 0.0148247
  311 310.5 34.1058 0.0148029
  312 311.5 34.1214 0.0148096
  313 312.5 34.1487 0.0148215
  314 313.5 34.1159 0.0148072
  315 314.5 34.0882 0.0147952
  316 315.5 34.0926 0.0147971
  317 316.5 34.1163 0.0148074
  318 317.5 34.0937 0.0147976
  319 318.5 34.1041 0.0148021
  320 319.5 34.078 0.0147908
  321 320.5 34.0964 0.0147988
  322 321.5 34.0712 0.0147879
  323 322.5 34.0737 0.014789
  324 323.5 34.0847 0.0147937
  325 324.5 34.0853 0.014794
  326 325.5 34.0572 0.0147818
  327 326.5 34.14 0.0148177
  328 327.5 34.0881 0.0147952
  329 328.5 34.1189 0.0148085
  330 329.5 34.1084 0.014804
  331 330.5 34.1153 0.014807
  332 331.5 34.0853 0.0147939
  333 332.5 34.1163 0.0148074
  334 333.5 34.1511 0.0148225
  335 334.5 34.1044 0.0148023
  336 335.5 34.1537 0.0148237
  337 336.5 34.1706 0.014831
  338 337.5 34.1387 0.0148171
  339 338.5 34.1511 0.0148225
  340 339.5 34.202 0.0148446
  341 340.5 34.2248 0.0148545
  342 341.5 34.1794 0.0148348
  343 342.5 34.2015 0.0148444
  344 343.5 34.2226 0.0148535
  345 344.5 34.2123 0.0148491
  346 345.5 34.2403 0.0148612
  347 346.5 34.2369 0.0148598
  348 347.5 34.253 0.0148667
  349 348.5 34.2262 0.0148551
  350 349.5 34.2674 0.014873
  351 350.5 34.2408 0.0148615
  352 351.5 34.2258 0.0148549
  353 352.5 34.2795 0.0148783
  354 353.5 34.2603 0.0148699
  355 354.5 34.221 0.0148528
  356 355.5 34.262 0.0148706
  357 356.5 34.302 0.014888
  358 357.5 34.2623 0.0148708
  359 358.5 34.268 0.0148733
  360 359.5 34.336 0.0149028
  361 360.5 34.2601 0.0148698
  362 361.5 34.2493 0.0148651
  363 362.5 34.2879 0.0148819
  364 363.5 34.3075 0.0148904
  365 364.5 34.2726 0.0148752
  366 365.5 34.2529 0.0148667
  367 366.5 34.3152 0.0148937
  368 367.5 34.2764 0.0148769
  369 368.5 34.2861 0.0148811
  370 369.5 34.2702 0.0148742
  371 370.5 34.2557 0.0148679
  372 371.5 34.2271 0.0148555
  373 372.5 34.1843 0.014837
  374 373.5 34.093 0.0147973
  375 374.5 34.0099 0.0147612
  376 375.5 33.8309 0.0146836
  377 376.5 33.6806 0.0146183
  378 377.5 33.3431 0.0144718
  379 378.5 32.9578 0.0143046
  380 379.5 32.4121 0.0140677
  381 380.5 31.6892 0.013754
  382 381.5 30.6913 0.0133209
  383 382.5 29.3885 0.0127554
  384 383.5 27.7764 0.0120557
  385 384.5 25.737 0.0111706
  386 385.5 23.3633 0.0101403
  387 386.5 20.7638 0.00901208
  388 387.5 17.9932 0.00780957
  389 388.5 15.2428 0.0066158
  390 389.5 12.6781 0.00550264
  391 390.5 10.3546 0.00449419
  392 391.5 8.37368 0.00363441
  393 392.5 6.75944 0.00293378
  394 393.5 5.50342 0.00238864
  395 394.5 4.52956 0.00196595
  396 395.5 3.86146 0.00167598
  397 396.5 3.35699 0.00145703
  398 397.5 3.0016 0.00130278
  399 398.5 2.73786 0.00118831
  400 399.5 2.58255 0.0011209
  401 400.5 2.45732 0.00106655
  402 401.5 2.37872 0.00103243
  403 402.5 2.33336 0.00101274
  404 403.5 2.28791 0.000993015
  405 404.5 2.24624 0.00097493
  406 405.5 2.21987 0.000963484
  407 406.5 2.19916 0.000954497
  408 407.5 2.16342 0.000938985
  409 408.5 2.1413 0.000929383
  410 409.5 2.12958 0.000924297
  411 410.5 2.11856 0.000919516
  412 411.5 2.11694 0.000918813
  413 412.5 2.11544 0.000918159
  414 413.5 2.09408 0.000908891
  415 414.5 2.09656 0.000909965
  416 415.5 2.07184 0.000899238
  417 416.5 2.07848 0.000902117
  418 417.5 2.07275 0.000899633
  419 418.5 2.07617 0.000901115
  420 419.5 2.0787 0.000902213
  421 420.5 2.08282 0.000904
  422 421.5 2.09503 0.000909299
  423 422.5 2.09239 0.000908155
  424 423.5 2.09437 0.000909015
  425 424.5 2.10056 0.000911701
  426 425.5 2.10554 0.000913861
  427 426.5 2.11732 0.000918974
  428 427.5 2.12739 0.000923348
  429 428.5 2.12608 0.000922776
  430 429.5 2.12136 0.000920727
  431 430.5 2.13587 0.000927026
  432 431.5 2.16409 0.000939273
  433 432.5 2.16426 0.000939348
  434 433.5 2.17129 0.0009424
  435 434.5 2.17097 0.000942261
  436 435.5 2.16152 0.00093816
  437 436.5 2.16593 0.000940073
  438 437.5 2.17089 0.000942228
  439 438.5 2.18071 0.000946488
  440 439.5 2.17198 0.000942701
  441 440.5 2.17495 0.000943988
  442 441.5 2.17856 0.000945557
  443 442.5 2.18188 0.000946998
  444 443.5 2.17146 0.000942475
  445 444.5 2.17032 0.000941979
  446 445.5 2.18458 0.000948169
  447 446.5 2.18942 0.000950271
  448 447.5 2.15979 0.000937407
  449 448.5 2.16496 0.000939651
  450 449.5 2.15812 0.000936684
  451 450.5 2.16116 0.000938003
  452 451.5 2.15489 0.000935283
  453 452.5 2.1624 0.000938541
  454 453.5 2.17874 0.000945632
  455 454.5 2.19482 0.000952614
  456 455.5 2.19958 0.000954677
  457 456.5 2.21339 0.000960674
  458 457.5 2.20482 0.000956955
  459 458.5 2.22052 0.000963768
  460 459.5 2.21793 0.000962642
  461 460.5 2.20952 0.000958995
  462 461.5 2.21768 0.000962534
  463 462.5 2.22103 0.000963989
  464 463.5 2.2302 0.000967969
  465 464.5 2.23904 0.000971805
  466 465.5 2.21766 0.000962526
  467 466.5 2.22839 0.000967185
  468 467.5 2.24306 0.000973552
  469 468.5 2.25632 0.000979306
  470 469.5 2.26435 0.000982789
  471 470.5 2.2807 0.000989888
  472 471.5 2.29918 0.000997909
  473 472.5 2.31341 0.00100409
  474 473.5 2.32458 0.00100893
  475 474.5 2.32076 0.00100727
  476 475.5 2.32968 0.00101115
  477 476.5 2.3469 0.00101862
  478 477.5 2.36402 0.00102605
  479 478.5 2.3867 0.00103589
  480 479.5 2.39109 0.0010378
