# Chunk-averaged data for fix tensor3 and group c2
# Timestep Number-of-chunks Total-count
# Chunk Coord1 Ncount density/number
20000000 480 6046.999999999995
  1 0.5 0.93141 0.000404258
  2 1.5 0.926946 0.00040232
  3 2.5 0.937704 0.00040699
  4 3.5 0.945332 0.0004103
  5 4.5 0.948014 0.000411464
  6 5.5 0.952824 0.000413552
  7 6.5 0.950014 0.000412332
  8 7.5 0.952258 0.000413306
  9 8.5 0.950658 0.000412612
  10 9.5 0.96018 0.000416745
  11 10.5 0.970108 0.000421054
  12 11.5 0.981484 0.000425991
  13 12.5 0.998618 0.000433428
  14 13.5 1.02326 0.000444125
  15 14.5 1.04878 0.000455198
  16 15.5 1.07738 0.000467613
  17 16.5 1.09212 0.000474009
  18 17.5 1.09629 0.00047582
  19 18.5 1.08891 0.000472615
  20 19.5 1.04875 0.000455188
  21 20.5 0.980686 0.000425645
  22 21.5 0.880206 0.000382034
  23 22.5 0.755874 0.00032807
  24 23.5 0.643816 0.000279434
  25 24.5 0.518806 0.000225176
  26 25.5 0.416146 0.000180619
  27 26.5 0.323948 0.000140602
  28 27.5 0.255202 0.000110765
  29 28.5 0.204422 8.87248e-05
  30 29.5 0.16546 7.18142e-05
  31 30.5 0.13929 6.04557e-05
  32 31.5 0.123976 5.3809e-05
  33 32.5 0.113424 4.92292e-05
  34 33.5 0.104138 4.51988e-05
  35 34.5 0.099242 4.30738e-05
  36 35.5 0.095936 4.16389e-05
  37 36.5 0.092526 4.01589e-05
  38 37.5 0.090774 3.93984e-05
  39 38.5 0.091894 3.98845e-05
  40 39.5 0.08841 3.83724e-05
  41 40.5 0.087168 3.78333e-05
  42 41.5 0.087636 3.80365e-05
  43 42.5 0.08755 3.79991e-05
  44 43.5 0.0873 3.78906e-05
  45 44.5 0.085892 3.72795e-05
  46 45.5 0.086342 3.74748e-05
  47 46.5 0.087552 3.8e-05
  48 47.5 0.085944 3.73021e-05
  49 48.5 0.084754 3.67856e-05
  50 49.5 0.084256 3.65694e-05
  51 50.5 0.083858 3.63967e-05
  52 51.5 0.087664 3.80486e-05
  53 52.5 0.087004 3.77622e-05
  54 53.5 0.087304 3.78924e-05
  55 54.5 0.08883 3.85547e-05
  56 55.5 0.089386 3.8796e-05
  57 56.5 0.08809 3.82335e-05
  58 57.5 0.087872 3.81389e-05
  59 58.5 0.0877 3.80642e-05
  60 59.5 0.088324 3.83351e-05
  61 60.5 0.089874 3.90078e-05
  62 61.5 0.08929 3.87543e-05
  63 62.5 0.090164 3.91337e-05
  64 63.5 0.089192 3.87118e-05
  65 64.5 0.089174 3.8704e-05
  66 65.5 0.088402 3.83689e-05
  67 66.5 0.087762 3.80911e-05
  68 67.5 0.088448 3.83889e-05
  69 68.5 0.087988 3.81892e-05
  70 69.5 0.087706 3.80668e-05
  71 70.5 0.086864 3.77014e-05
  72 71.5 0.08878 3.8533e-05
  73 72.5 0.089262 3.87422e-05
  74 73.5 0.088998 3.86276e-05
  75 74.5 0.090394 3.92335e-05
  76 75.5 0.09192 3.98958e-05
  77 76.5 0.089926 3.90304e-05
  78 77.5 0.087396 3.79323e-05
  79 78.5 0.08613 3.73828e-05
  80 79.5 0.087762 3.80911e-05
  81 80.5 0.086836 3.76892e-05
  82 81.5 0.087236 3.78628e-05
  83 82.5 0.091378 3.96606e-05
  84 83.5 0.092506 4.01502e-05
  85 84.5 0.09059 3.93186e-05
  86 85.5 0.091372 3.9658e-05
  87 86.5 0.091028 3.95087e-05
  88 87.5 0.091596 3.97552e-05
  89 88.5 0.092232 4.00313e-05
  90 89.5 0.08905 3.86502e-05
  91 90.5 0.088628 3.8467e-05
  92 91.5 0.088116 3.82448e-05
  93 92.5 0.088922 3.85946e-05
  94 93.5 0.087966 3.81797e-05
  95 94.5 0.087634 3.80356e-05
  96 95.5 0.088554 3.84349e-05
  97 96.5 0.086912 3.77222e-05
  98 97.5 0.087922 3.81606e-05
  99 98.5 0.088656 3.84792e-05
  100 99.5 0.088674 3.8487e-05
  101 100.5 0.085886 3.72769e-05
  102 101.5 0.084818 3.68134e-05
  103 102.5 0.085374 3.70547e-05
  104 103.5 0.085968 3.73125e-05
  105 104.5 0.084426 3.66432e-05
  106 105.5 0.086726 3.76415e-05
  107 106.5 0.086684 3.76233e-05
  108 107.5 0.087976 3.8184e-05
  109 108.5 0.08624 3.74306e-05
  110 109.5 0.087786 3.81016e-05
  111 110.5 0.085916 3.72899e-05
  112 111.5 0.087604 3.80226e-05
  113 112.5 0.088942 3.86033e-05
  114 113.5 0.091088 3.95347e-05
  115 114.5 0.090936 3.94688e-05
  116 115.5 0.089042 3.86467e-05
  117 116.5 0.087794 3.8105e-05
  118 117.5 0.089998 3.90616e-05
  119 118.5 0.089788 3.89705e-05
  120 119.5 0.089458 3.88273e-05
  121 120.5 0.089604 3.88906e-05
  122 121.5 0.088624 3.84653e-05
  123 122.5 0.088294 3.8322e-05
  124 123.5 0.089378 3.87925e-05
  125 124.5 0.087462 3.79609e-05
  126 125.5 0.088194 3.82786e-05
  127 126.5 0.08899 3.86241e-05
  128 127.5 0.089498 3.88446e-05
  129 128.5 0.08773 3.80773e-05
  130 129.5 0.088346 3.83446e-05
  131 130.5 0.089254 3.87387e-05
  132 131.5 0.090728 3.93785e-05
  133 132.5 0.087798 3.81068e-05
  134 133.5 0.08791 3.81554e-05
  135 134.5 0.08805 3.82161e-05
  136 135.5 0.087308 3.78941e-05
  137 136.5 0.088062 3.82214e-05
  138 137.5 0.088504 3.84132e-05
  139 138.5 0.089644 3.8908e-05
  140 139.5 0.089124 3.86823e-05
  141 140.5 0.088814 3.85477e-05
  142 141.5 0.091242 3.96016e-05
  143 142.5 0.091774 3.98325e-05
  144 143.5 0.091172 3.95712e-05
  145 144.5 0.089956 3.90434e-05
  146 145.5 0.089558 3.88707e-05
  147 146.5 0.087192 3.78438e-05
  148 147.5 0.087826 3.81189e-05
  149 148.5 0.086886 3.77109e-05
  150 149.5 0.085992 3.73229e-05
  151 150.5 0.086554 3.75668e-05
  152 151.5 0.086666 3.76155e-05
  153 152.5 0.086248 3.7434e-05
  154 153.5 0.088572 3.84427e-05
  155 154.5 0.087156 3.78281e-05
  156 155.5 0.087416 3.7941e-05
  157 156.5 0.087854 3.81311e-05
  158 157.5 0.087078 3.77943e-05
  159 158.5 0.088614 3.84609e-05
  160 159.5 0.088384 3.83611e-05
  161 160.5 0.087074 3.77925e-05
  162 161.5 0.08823 3.82943e-05
  163 162.5 0.088384 3.83611e-05
  164 163.5 0.093306 4.04974e-05
  165 164.5 0.096618 4.19349e-05
  166 165.5 0.097282 4.22231e-05
  167 166.5 0.103472 4.49097e-05
  168 167.5 0.109772 4.76441e-05
  169 168.5 0.117784 5.11215e-05
  170 169.5 0.135472 5.87986e-05
  171 170.5 0.161838 7.02422e-05
  172 171.5 0.20215 8.77387e-05
  173 172.5 0.249432 0.00010826
  174 173.5 0.327838 0.000142291
  175 174.5 0.415724 0.000180436
  176 175.5 0.519982 0.000225687
  177 176.5 0.64099 0.000278207
  178 177.5 0.76867 0.000333624
  179 178.5 0.872162 0.000378543
  180 179.5 0.95893 0.000416202
  181 180.5 1.02198 0.000443566
  182 181.5 1.05098 0.000456156
  183 182.5 1.05271 0.000456904
  184 183.5 1.0381 0.000450563
  185 184.5 1.02351 0.000444234
  186 185.5 0.99835 0.000433312
  187 186.5 0.973968 0.000422729
  188 187.5 0.94358 0.00040954
  189 188.5 0.919754 0.000399199
  190 189.5 0.896726 0.000389204
  191 190.5 0.890806 0.000386635
  192 191.5 0.880186 0.000382025
  193 192.5 0.882036 0.000382828
  194 193.5 0.877622 0.000380912
  195 194.5 0.86926 0.000377283
  196 195.5 0.881386 0.000382546
  197 196.5 0.8757 0.000380078
  198 197.5 0.87414 0.000379401
  199 198.5 0.870488 0.000377816
  200 199.5 0.874888 0.000379726
  201 200.5 0.878046 0.000381096
  202 201.5 0.883412 0.000383425
  203 202.5 0.888322 0.000385556
  204 203.5 0.898956 0.000390172
  205 204.5 0.936262 0.000406364
  206 205.5 0.99807 0.00043319
  207 206.5 1.09676 0.000476026
  208 207.5 1.27923 0.000555223
  209 208.5 1.59586 0.000692646
  210 209.5 2.1239 0.000921833
  211 210.5 3.00467 0.00130411
  212 211.5 4.45378 0.00193306
  213 212.5 6.61608 0.00287156
  214 213.5 9.63829 0.00418329
  215 214.5 13.4611 0.00584251
  216 215.5 17.827 0.0077374
  217 216.5 22.2111 0.00964025
  218 217.5 26.2244 0.0113821
  219 218.5 29.5234 0.012814
  220 219.5 32.0217 0.0138983
  221 220.5 33.7754 0.0146595
  222 221.5 34.9661 0.0151763
  223 222.5 35.7085 0.0154985
  224 223.5 36.1913 0.015708
  225 224.5 36.5173 0.0158495
  226 225.5 36.7221 0.0159384
  227 226.5 36.8304 0.0159854
  228 227.5 36.9575 0.0160406
  229 228.5 37.0348 0.0160741
  230 229.5 37.0262 0.0160704
  231 230.5 37.0593 0.0160848
  232 231.5 37.138 0.0161189
  233 232.5 37.1308 0.0161158
  234 233.5 37.1005 0.0161027
  235 234.5 37.1655 0.0161309
  236 235.5 37.1803 0.0161373
  237 236.5 37.1499 0.0161241
  238 237.5 37.1676 0.0161318
  239 238.5 37.1715 0.0161335
  240 239.5 37.2078 0.0161492
  241 240.5 37.1971 0.0161446
  242 241.5 37.1901 0.0161416
  243 242.5 37.2204 0.0161547
  244 243.5 37.2073 0.016149
  245 244.5 37.1924 0.0161425
  246 245.5 37.2197 0.0161544
  247 246.5 37.2153 0.0161525
  248 247.5 37.1841 0.0161389
  249 248.5 37.18 0.0161372
  250 249.5 37.2421 0.0161641
  251 250.5 37.19 0.0161415
  252 251.5 37.1746 0.0161348
  253 252.5 37.2034 0.0161473
  254 253.5 37.2279 0.0161579
  255 254.5 37.1945 0.0161434
  256 255.5 37.1903 0.0161416
  257 256.5 37.2053 0.0161481
  258 257.5 37.2231 0.0161558
  259 258.5 37.1582 0.0161277
  260 259.5 37.2015 0.0161465
  261 260.5 37.1794 0.0161369
  262 261.5 37.1962 0.0161442
  263 262.5 37.1663 0.0161312
  264 263.5 37.1599 0.0161284
  265 264.5 37.1776 0.0161361
  266 265.5 37.1525 0.0161252
  267 266.5 37.1919 0.0161423
  268 267.5 37.1254 0.0161134
  269 268.5 37.1534 0.0161256
  270 269.5 37.1615 0.0161291
  271 270.5 37.1809 0.0161376
  272 271.5 37.1619 0.0161293
  273 272.5 37.1542 0.0161259
  274 273.5 37.1832 0.0161386
  275 274.5 37.1313 0.016116
  276 275.5 37.1595 0.0161283
  277 276.5 37.1948 0.0161436
  278 277.5 37.1605 0.0161287
  279 278.5 37.12 0.0161111
  280 279.5 37.1863 0.0161399
  281 280.5 37.1668 0.0161314
  282 281.5 37.1449 0.0161219
  283 282.5 37.1252 0.0161134
  284 283.5 37.1871 0.0161402
  285 284.5 37.127 0.0161141
  286 285.5 37.128 0.0161146
  287 286.5 37.1253 0.0161134
  288 287.5 37.1762 0.0161355
  289 288.5 37.1121 0.0161077
  290 289.5 37.139 0.0161194
  291 290.5 37.1503 0.0161243
  292 291.5 37.1358 0.016118
  293 292.5 37.1121 0.0161077
  294 293.5 37.1445 0.0161218
  295 294.5 37.1133 0.0161082
  296 295.5 37.1307 0.0161158
  297 296.5 37.1634 0.0161299
  298 297.5 37.0995 0.0161022
  299 298.5 37.1103 0.0161069
  300 299.5 37.1359 0.016118
  301 300.5 37.1236 0.0161127
  302 301.5 37.0983 0.0161017
  303 302.5 37.1161 0.0161094
  304 303.5 37.1136 0.0161083
  305 304.5 37.1043 0.0161043
  306 305.5 37.1017 0.0161032
  307 306.5 37.1286 0.0161149
  308 307.5 37.1637 0.0161301
  309 308.5 37.1344 0.0161174
  310 309.5 37.1374 0.0161186
  311 310.5 37.1641 0.0161303
  312 311.5 37.1743 0.0161347
  313 312.5 37.1013 0.016103
  314 313.5 37.1633 0.0161299
  315 314.5 37.1405 0.01612
  316 315.5 37.1308 0.0161158
  317 316.5 37.1189 0.0161106
  318 317.5 37.14 0.0161198
  319 318.5 37.1274 0.0161143
  320 319.5 37.1509 0.0161245
  321 320.5 37.1103 0.0161069
  322 321.5 37.1433 0.0161212
  323 322.5 37.1156 0.0161092
  324 323.5 37.0932 0.0160995
  325 324.5 37.116 0.0161094
  326 325.5 37.0843 0.0160956
  327 326.5 37.1127 0.0161079
  328 327.5 37.0597 0.0160849
  329 328.5 37.123 0.0161124
  330 329.5 37.0796 0.0160936
  331 330.5 37.0577 0.0160841
  332 331.5 37.084 0.0160955
  333 332.5 37.0931 0.0160995
  334 333.5 37.1307 0.0161158
  335 334.5 37.0548 0.0160828
  336 335.5 37.0938 0.0160997
  337 336.5 37.1249 0.0161133
  338 337.5 37.0708 0.0160898
  339 338.5 37.0397 0.0160763
  340 339.5 37.1352 0.0161177
  341 340.5 37.0801 0.0160938
  342 341.5 37.0832 0.0160951
  343 342.5 37.1441 0.0161216
  344 343.5 37.0816 0.0160945
  345 344.5 37.0868 0.0160967
  346 345.5 37.113 0.0161081
  347 346.5 37.0835 0.0160953
  348 347.5 37.0545 0.0160827
  349 348.5 37.1456 0.0161222
  350 349.5 37.1231 0.0161125
  351 350.5 37.1123 0.0161078
  352 351.5 37.1467 0.0161227
  353 352.5 37.1382 0.016119
  354 353.5 37.1071 0.0161055
  355 354.5 37.1371 0.0161185
  356 355.5 37.1166 0.0161096
  357 356.5 37.1466 0.0161226
  358 357.5 37.117 0.0161098
  359 358.5 37.1293 0.0161151
  360 359.5 37.0797 0.0160936
  361 360.5 37.0512 0.0160812
  362 361.5 36.9831 0.0160517
  363 362.5 36.9236 0.0160259
  364 363.5 36.8367 0.0159881
  365 364.5 36.6788 0.0159196
  366 365.5 36.5033 0.0158435
  367 366.5 36.1796 0.015703
  368 367.5 35.6989 0.0154943
  369 368.5 34.9611 0.0151741
  370 369.5 33.7966 0.0146687
  371 370.5 32.1246 0.013943
  372 371.5 29.6084 0.0128509
  373 372.5 26.3285 0.0114273
  374 373.5 22.3036 0.00968037
  375 374.5 17.915 0.00777563
  376 375.5 13.5298 0.00587231
  377 376.5 9.69268 0.00420689
  378 377.5 6.63132 0.00287818
  379 378.5 4.46801 0.00193924
  380 379.5 3.04919 0.00132343
  381 380.5 2.14821 0.000932382
  382 381.5 1.61724 0.000701928
  383 382.5 1.30712 0.000567325
  384 383.5 1.13483 0.000492549
  385 384.5 1.03349 0.000448563
  386 385.5 0.969454 0.00042077
  387 386.5 0.928784 0.000403118
  388 387.5 0.894356 0.000388175
  389 388.5 0.875432 0.000379962
  390 389.5 0.85723 0.000372062
  391 390.5 0.851212 0.00036945
  392 391.5 0.85164 0.000369635
  393 392.5 0.85664 0.000371806
  394 393.5 0.855846 0.000371461
  395 394.5 0.85889 0.000372782
  396 395.5 0.863006 0.000374569
  397 396.5 0.861532 0.000373929
  398 397.5 0.8712 0.000378125
  399 398.5 0.87695 0.000380621
  400 399.5 0.878924 0.000381477
  401 400.5 0.873064 0.000378934
  402 401.5 0.867648 0.000376583
  403 402.5 0.86493 0.000375404
  404 403.5 0.869246 0.000377277
  405 404.5 0.873584 0.00037916
  406 405.5 0.873398 0.000379079
  407 406.5 0.87055 0.000377843
  408 407.5 0.876698 0.000380511
  409 408.5 0.880586 0.000382199
  410 409.5 0.87779 0.000380985
  411 410.5 0.88417 0.000383754
  412 411.5 0.88089 0.000382331
  413 412.5 0.87992 0.00038191
  414 413.5 0.87752 0.000380868
  415 414.5 0.881164 0.00038245
  416 415.5 0.888922 0.000385817
  417 416.5 0.898458 0.000389956
  418 417.5 0.895454 0.000388652
  419 418.5 0.895682 0.000388751
  420 419.5 0.896778 0.000389227
  421 420.5 0.88697 0.00038497
  422 421.5 0.879338 0.000381657
  423 422.5 0.881096 0.00038242
  424 423.5 0.885442 0.000384306
  425 424.5 0.888676 0.00038571
  426 425.5 0.89347 0.000387791
  427 426.5 0.887662 0.00038527
  428 427.5 0.894534 0.000388253
  429 428.5 0.896078 0.000388923
  430 429.5 0.903318 0.000392065
  431 430.5 0.914154 0.000396768
  432 431.5 0.908494 0.000394312
  433 432.5 0.90389 0.000392313
  434 433.5 0.89259 0.000387409
  435 434.5 0.886434 0.000384737
  436 435.5 0.888918 0.000385815
  437 436.5 0.873454 0.000379103
  438 437.5 0.866752 0.000376194
  439 438.5 0.870936 0.00037801
  440 439.5 0.86478 0.000375339
  441 440.5 0.859628 0.000373102
  442 441.5 0.86263 0.000374405
  443 442.5 0.855876 0.000371474
  444 443.5 0.85925 0.000372938
  445 444.5 0.862108 0.000374179
  446 445.5 0.854472 0.000370865
  447 446.5 0.855616 0.000371361
  448 447.5 0.860322 0.000373404
  449 448.5 0.86457 0.000375247
  450 449.5 0.87098 0.00037803
  451 450.5 0.868302 0.000376867
  452 451.5 0.876158 0.000380277
  453 452.5 0.878904 0.000381469
  454 453.5 0.87915 0.000381576
  455 454.5 0.877864 0.000381017
  456 455.5 0.87717 0.000380716
  457 456.5 0.872008 0.000378476
  458 457.5 0.875006 0.000379777
  459 458.5 0.891204 0.000386807
  460 459.5 0.887318 0.000385121
  461 460.5 0.887616 0.00038525
  462 461.5 0.899748 0.000390516
  463 462.5 0.904836 0.000392724
  464 463.5 0.908992 0.000394528
  465 464.5 0.912736 0.000396153
  466 465.5 0.916626 0.000397841
  467 466.5 0.91153 0.000395629
  468 467.5 0.918508 0.000398658
  469 468.5 0.914532 0.000396932
  470 469.5 0.928462 0.000402978
  471 470.5 0.935526 0.000406044
  472 471.5 0.952108 0.000413241
  473 472.5 0.942966 0.000409273
  474 473.5 0.938202 0.000407206
  475 474.5 0.92802 0.000402786
  476 475.5 0.934616 0.000405649
  477 476.5 0.946404 0.000410766
  478 477.5 0.946774 0.000410926
  479 478.5 0.94075 0.000408312
  480 479.5 0.939898 0.000407942
30000000 480 6047.000000000004
  1 0.5 0.853454 0.000370423
  2 1.5 0.851588 0.000369613
  3 2.5 0.85134 0.000369505
  4 3.5 0.862558 0.000374374
  5 4.5 0.869418 0.000377352
  6 5.5 0.8776 0.000380903
  7 6.5 0.88489 0.000384067
  8 7.5 0.888822 0.000385773
  9 8.5 0.88739 0.000385152
  10 9.5 0.893296 0.000387715
  11 10.5 0.90159 0.000391315
  12 11.5 0.902704 0.000391799
  13 12.5 0.917004 0.000398005
  14 13.5 0.93136 0.000404236
  15 14.5 0.943656 0.000409573
  16 15.5 0.951456 0.000412958
  17 16.5 0.96247 0.000417739
  18 17.5 0.957712 0.000415674
  19 18.5 0.936542 0.000406485
  20 19.5 0.904462 0.000392562
  21 20.5 0.858614 0.000372662
  22 21.5 0.788292 0.000342141
  23 22.5 0.700868 0.000304196
  24 23.5 0.601018 0.000260859
  25 24.5 0.510818 0.000221709
  26 25.5 0.4169 0.000180946
  27 26.5 0.331554 0.000143904
  28 27.5 0.263788 0.000114491
  29 28.5 0.209656 9.09965e-05
  30 29.5 0.171036 7.42344e-05
  31 30.5 0.143572 6.23142e-05
  32 31.5 0.120608 5.23472e-05
  33 32.5 0.106184 4.60868e-05
  34 33.5 0.099502 4.31866e-05
  35 34.5 0.095072 4.12639e-05
  36 35.5 0.090856 3.9434e-05
  37 36.5 0.088148 3.82587e-05
  38 37.5 0.086104 3.73715e-05
  39 38.5 0.085856 3.72639e-05
  40 39.5 0.08573 3.72092e-05
  41 40.5 0.0827 3.58941e-05
  42 41.5 0.083592 3.62812e-05
  43 42.5 0.083494 3.62387e-05
  44 43.5 0.084744 3.67813e-05
  45 44.5 0.083266 3.61398e-05
  46 45.5 0.08346 3.6224e-05
  47 46.5 0.08143 3.53429e-05
  48 47.5 0.081752 3.54826e-05
  49 48.5 0.082622 3.58602e-05
  50 49.5 0.08252 3.5816e-05
  51 50.5 0.082238 3.56936e-05
  52 51.5 0.082764 3.59219e-05
  53 52.5 0.084448 3.66528e-05
  54 53.5 0.083348 3.61753e-05
  55 54.5 0.083798 3.63707e-05
  56 55.5 0.083154 3.60911e-05
  57 56.5 0.082592 3.58472e-05
  58 57.5 0.081878 3.55373e-05
  59 58.5 0.081644 3.54358e-05
  60 59.5 0.081456 3.53542e-05
  61 60.5 0.082396 3.57622e-05
  62 61.5 0.082304 3.57222e-05
  63 62.5 0.083312 3.61597e-05
  64 63.5 0.083132 3.60816e-05
  65 64.5 0.082736 3.59097e-05
  66 65.5 0.08115 3.52214e-05
  67 66.5 0.081724 3.54705e-05
  68 67.5 0.081948 3.55677e-05
  69 68.5 0.081296 3.52847e-05
  70 69.5 0.082212 3.56823e-05
  71 70.5 0.082174 3.56658e-05
  72 71.5 0.081418 3.53377e-05
  73 72.5 0.08069 3.50217e-05
  74 73.5 0.083224 3.61215e-05
  75 74.5 0.084108 3.65052e-05
  76 75.5 0.082806 3.59401e-05
  77 76.5 0.082256 3.57014e-05
  78 77.5 0.081232 3.52569e-05
  79 78.5 0.081362 3.53134e-05
  80 79.5 0.082266 3.57057e-05
  81 80.5 0.082944 3.6e-05
  82 81.5 0.083616 3.62917e-05
  83 82.5 0.082282 3.57127e-05
  84 83.5 0.08234 3.57378e-05
  85 84.5 0.081758 3.54852e-05
  86 85.5 0.080712 3.50313e-05
  87 86.5 0.081626 3.5428e-05
  88 87.5 0.082418 3.57717e-05
  89 88.5 0.081944 3.5566e-05
  90 89.5 0.083526 3.62526e-05
  91 90.5 0.082564 3.58351e-05
  92 91.5 0.08171 3.54644e-05
  93 92.5 0.083112 3.60729e-05
  94 93.5 0.083672 3.6316e-05
  95 94.5 0.082006 3.55929e-05
  96 95.5 0.082054 3.56137e-05
  97 96.5 0.082824 3.59479e-05
  98 97.5 0.082392 3.57604e-05
  99 98.5 0.083862 3.63984e-05
  100 99.5 0.082446 3.57839e-05
  101 100.5 0.084088 3.64965e-05
  102 101.5 0.081844 3.55226e-05
  103 102.5 0.081368 3.5316e-05
  104 103.5 0.082444 3.5783e-05
  105 104.5 0.082592 3.58472e-05
  106 105.5 0.0832 3.61111e-05
  107 106.5 0.081132 3.52135e-05
  108 107.5 0.08115 3.52214e-05
  109 108.5 0.082408 3.57674e-05
  110 109.5 0.080942 3.51311e-05
  111 110.5 0.08083 3.50825e-05
  112 111.5 0.080964 3.51406e-05
  113 112.5 0.080646 3.50026e-05
  114 113.5 0.079666 3.45773e-05
  115 114.5 0.08128 3.52778e-05
  116 115.5 0.083156 3.6092e-05
  117 116.5 0.082686 3.5888e-05
  118 117.5 0.083682 3.63203e-05
  119 118.5 0.07964 3.4566e-05
  120 119.5 0.079326 3.44297e-05
  121 120.5 0.082656 3.5875e-05
  122 121.5 0.083392 3.61944e-05
  123 122.5 0.083508 3.62448e-05
  124 123.5 0.083686 3.6322e-05
  125 124.5 0.084304 3.65903e-05
  126 125.5 0.08273 3.59071e-05
  127 126.5 0.080216 3.4816e-05
  128 127.5 0.083096 3.6066e-05
  129 128.5 0.081748 3.54809e-05
  130 129.5 0.081368 3.5316e-05
  131 130.5 0.080314 3.48585e-05
  132 131.5 0.07905 3.43099e-05
  133 132.5 0.077946 3.38307e-05
  134 133.5 0.081394 3.53273e-05
  135 134.5 0.08106 3.51823e-05
  136 135.5 0.079834 3.46502e-05
  137 136.5 0.079442 3.448e-05
  138 137.5 0.080644 3.50017e-05
  139 138.5 0.079146 3.43516e-05
  140 139.5 0.080468 3.49253e-05
  141 140.5 0.081698 3.54592e-05
  142 141.5 0.083534 3.62561e-05
  143 142.5 0.08307 3.60547e-05
  144 143.5 0.083664 3.63125e-05
  145 144.5 0.08269 3.58898e-05
  146 145.5 0.085706 3.71988e-05
  147 146.5 0.085754 3.72196e-05
  148 147.5 0.086354 3.748e-05
  149 148.5 0.08587 3.727e-05
  150 149.5 0.08502 3.6901e-05
  151 150.5 0.081638 3.54332e-05
  152 151.5 0.084684 3.67552e-05
  153 152.5 0.083022 3.60339e-05
  154 153.5 0.082326 3.57318e-05
  155 154.5 0.08339 3.61936e-05
  156 155.5 0.084808 3.6809e-05
  157 156.5 0.08449 3.6671e-05
  158 157.5 0.082872 3.59687e-05
  159 158.5 0.081908 3.55503e-05
  160 159.5 0.081684 3.54531e-05
  161 160.5 0.083414 3.6204e-05
  162 161.5 0.083438 3.62144e-05
  163 162.5 0.083254 3.61345e-05
  164 163.5 0.087 3.77604e-05
  165 164.5 0.087234 3.7862e-05
  166 165.5 0.09061 3.93273e-05
  167 166.5 0.094928 4.12014e-05
  168 167.5 0.10519 4.56554e-05
  169 168.5 0.115676 5.02066e-05
  170 169.5 0.131946 5.72682e-05
  171 170.5 0.158824 6.8934e-05
  172 171.5 0.193616 8.40347e-05
  173 172.5 0.242428 0.00010522
  174 173.5 0.304956 0.000132359
  175 174.5 0.38415 0.000166732
  176 175.5 0.466246 0.000202364
  177 176.5 0.56271 0.000244232
  178 177.5 0.653102 0.000283464
  179 178.5 0.740308 0.000321314
  180 179.5 0.825924 0.000358474
  181 180.5 0.883414 0.000383426
  182 181.5 0.927428 0.00040253
  183 182.5 0.960972 0.000417089
  184 183.5 0.958588 0.000416054
  185 184.5 0.958662 0.000416086
  186 185.5 0.944976 0.000410146
  187 186.5 0.940276 0.000408106
  188 187.5 0.917922 0.000398404
  189 188.5 0.903976 0.000392351
  190 189.5 0.886568 0.000384795
  191 190.5 0.87461 0.000379605
  192 191.5 0.855854 0.000371464
  193 192.5 0.85866 0.000372682
  194 193.5 0.855552 0.000371333
  195 194.5 0.85447 0.000370864
  196 195.5 0.857664 0.00037225
  197 196.5 0.853104 0.000370271
  198 197.5 0.85744 0.000372153
  199 198.5 0.859522 0.000373056
  200 199.5 0.8609 0.000373655
  201 200.5 0.867026 0.000376313
  202 201.5 0.877338 0.000380789
  203 202.5 0.88832 0.000385556
  204 203.5 0.899632 0.000390465
  205 204.5 0.916798 0.000397916
  206 205.5 0.96351 0.00041819
  207 206.5 1.04182 0.000452177
  208 207.5 1.16952 0.000507606
  209 208.5 1.39126 0.000603844
  210 209.5 1.77631 0.000770969
  211 210.5 2.43298 0.00105598
  212 211.5 3.47782 0.00150947
  213 212.5 5.14535 0.00223323
  214 213.5 7.5986 0.003298
  215 214.5 10.901 0.00473133
  216 215.5 14.9546 0.00649072
  217 216.5 19.3371 0.00839286
  218 217.5 23.6757 0.0102759
  219 218.5 27.4284 0.0119047
  220 219.5 30.4567 0.0132191
  221 220.5 32.6961 0.014191
  222 221.5 34.229 0.0148564
  223 222.5 35.1613 0.015261
  224 223.5 35.867 0.0155673
  225 224.5 36.287 0.0157496
  226 225.5 36.5167 0.0158493
  227 226.5 36.7065 0.0159316
  228 227.5 36.8144 0.0159785
  229 228.5 36.8918 0.0160121
  230 229.5 36.9528 0.0160385
  231 230.5 36.9441 0.0160348
  232 231.5 37.0088 0.0160628
  233 232.5 37.0751 0.0160916
  234 233.5 37.0386 0.0160758
  235 234.5 37.0531 0.0160821
  236 235.5 37.1716 0.0161335
  237 236.5 37.1066 0.0161053
  238 237.5 37.0823 0.0160947
  239 238.5 37.1186 0.0161105
  240 239.5 37.1723 0.0161338
  241 240.5 37.0909 0.0160985
  242 241.5 37.1533 0.0161256
  243 242.5 37.1197 0.016111
  244 243.5 37.1022 0.0161034
  245 244.5 37.1464 0.0161226
  246 245.5 37.1606 0.0161287
  247 246.5 37.076 0.016092
  248 247.5 37.1364 0.0161182
  249 248.5 37.1329 0.0161167
  250 249.5 37.139 0.0161194
  251 250.5 37.0955 0.0161005
  252 251.5 37.1583 0.0161277
  253 252.5 37.1308 0.0161158
  254 253.5 37.114 0.0161085
  255 254.5 37.1826 0.0161383
  256 255.5 37.1725 0.0161339
  257 256.5 37.1068 0.0161054
  258 257.5 37.1927 0.0161427
  259 258.5 37.194 0.0161432
  260 259.5 37.1951 0.0161437
  261 260.5 37.1404 0.01612
  262 261.5 37.246 0.0161658
  263 262.5 37.2258 0.016157
  264 263.5 37.1877 0.0161405
  265 264.5 37.2019 0.0161467
  266 265.5 37.2194 0.0161542
  267 266.5 37.1802 0.0161372
  268 267.5 37.1531 0.0161255
  269 268.5 37.1948 0.0161436
  270 269.5 37.2037 0.0161475
  271 270.5 37.1691 0.0161324
  272 271.5 37.1835 0.0161387
  273 272.5 37.1932 0.0161429
  274 273.5 37.1938 0.0161431
  275 274.5 37.2 0.0161458
  276 275.5 37.2184 0.0161538
  277 276.5 37.2318 0.0161596
  278 277.5 37.1997 0.0161457
  279 278.5 37.1921 0.0161424
  280 279.5 37.2863 0.0161833
  281 280.5 37.1859 0.0161397
  282 281.5 37.189 0.0161411
  283 282.5 37.1942 0.0161433
  284 283.5 37.2495 0.0161673
  285 284.5 37.1495 0.0161239
  286 285.5 37.1562 0.0161268
  287 286.5 37.2242 0.0161563
  288 287.5 37.1622 0.0161294
  289 288.5 37.1403 0.0161199
  290 289.5 37.2025 0.0161469
  291 290.5 37.1795 0.0161369
  292 291.5 37.1293 0.0161151
  293 292.5 37.1924 0.0161425
  294 293.5 37.1597 0.0161283
  295 294.5 37.1485 0.0161235
  296 295.5 37.2039 0.0161475
  297 296.5 37.1617 0.0161292
  298 297.5 37.1501 0.0161242
  299 298.5 37.1763 0.0161355
  300 299.5 37.2065 0.0161486
  301 300.5 37.1508 0.0161245
  302 301.5 37.1669 0.0161314
  303 302.5 37.1939 0.0161432
  304 303.5 37.1807 0.0161375
  305 304.5 37.1514 0.0161248
  306 305.5 37.1133 0.0161082
  307 306.5 37.1293 0.0161152
  308 307.5 37.1431 0.0161211
  309 308.5 37.044 0.0160781
  310 309.5 37.0983 0.0161017
  311 310.5 37.1195 0.0161109
  312 311.5 37.0622 0.016086
  313 312.5 37.0321 0.016073
  314 313.5 37.0974 0.0161013
  315 314.5 37.0466 0.0160793
  316 315.5 36.9862 0.016053
  317 316.5 37.0391 0.016076
  318 317.5 37.0112 0.0160639
  319 318.5 36.9948 0.0160568
  320 319.5 37.0165 0.0160662
  321 320.5 36.9907 0.016055
  322 321.5 37.027 0.0160707
  323 322.5 37.021 0.0160682
  324 323.5 37.049 0.0160803
  325 324.5 37.0315 0.0160727
  326 325.5 37.0244 0.0160696
  327 326.5 37.0732 0.0160908
  328 327.5 37.0484 0.01608
  329 328.5 37.0472 0.0160795
  330 329.5 37.0526 0.0160819
  331 330.5 37.1055 0.0161048
  332 331.5 37.0738 0.0160911
  333 332.5 37.0546 0.0160827
  334 333.5 37.1101 0.0161068
  335 334.5 37.1029 0.0161037
  336 335.5 37.0867 0.0160966
  337 336.5 37.0944 0.0161
  338 337.5 37.0885 0.0160974
  339 338.5 37.0868 0.0160967
  340 339.5 37.1166 0.0161096
  341 340.5 37.045 0.0160786
  342 341.5 37.0961 0.0161007
  343 342.5 37.1 0.0161024
  344 343.5 37.0402 0.0160765
  345 344.5 37.043 0.0160777
  346 345.5 37.1149 0.0161089
  347 346.5 37.0587 0.0160845
  348 347.5 37.0202 0.0160678
  349 348.5 37.0881 0.0160973
  350 349.5 37.1169 0.0161098
  351 350.5 37.0468 0.0160793
  352 351.5 37.0399 0.0160763
  353 352.5 37.1011 0.0161029
  354 353.5 37.0479 0.0160798
  355 354.5 37.0268 0.0160707
  356 355.5 37.0582 0.0160843
  357 356.5 37.0583 0.0160844
  358 357.5 36.9957 0.0160572
  359 358.5 37.0068 0.016062
  360 359.5 36.9974 0.0160579
  361 360.5 36.9613 0.0160423
  362 361.5 36.9307 0.016029
  363 362.5 36.8932 0.0160127
  364 363.5 36.8631 0.0159996
  365 364.5 36.7136 0.0159347
  366 365.5 36.666 0.015914
  367 366.5 36.4408 0.0158163
  368 367.5 36.1292 0.0156811
  369 368.5 35.6848 0.0154882
  370 369.5 34.9643 0.0151755
  371 370.5 33.8399 0.0146874
  372 371.5 32.1193 0.0139407
  373 372.5 29.67 0.0128776
  374 373.5 26.429 0.0114709
  375 374.5 22.4723 0.00975362
  376 375.5 18.0452 0.00783213
  377 376.5 13.6991 0.00594577
  378 377.5 9.86824 0.00428309
  379 378.5 6.81147 0.00295637
  380 379.5 4.5933 0.00199362
  381 380.5 3.11333 0.00135127
  382 381.5 2.19368 0.000952116
  383 382.5 1.63984 0.000711737
  384 383.5 1.3041 0.000566017
  385 384.5 1.11564 0.000484218
  386 385.5 1.00805 0.000437523
  387 386.5 0.940818 0.000408341
  388 387.5 0.908888 0.000394483
  389 388.5 0.884156 0.000383748
  390 389.5 0.858022 0.000372405
  391 390.5 0.856958 0.000371944
  392 391.5 0.858616 0.000372663
  393 392.5 0.858766 0.000372728
  394 393.5 0.850716 0.000369234
  395 394.5 0.850438 0.000369114
  396 395.5 0.84104 0.000365035
  397 396.5 0.844074 0.000366352
  398 397.5 0.847028 0.000367634
  399 398.5 0.842918 0.00036585
  400 399.5 0.846674 0.00036748
  401 400.5 0.847592 0.000367878
  402 401.5 0.849838 0.000368853
  403 402.5 0.85468 0.000370955
  404 403.5 0.845936 0.00036716
  405 404.5 0.845502 0.000366971
  406 405.5 0.856886 0.000371912
  407 406.5 0.870068 0.000377634
  408 407.5 0.865578 0.000375685
  409 408.5 0.853908 0.00037062
  410 409.5 0.853346 0.000370376
  411 410.5 0.848262 0.000368169
  412 411.5 0.854278 0.00037078
  413 412.5 0.854624 0.000370931
  414 413.5 0.85365 0.000370508
  415 414.5 0.846506 0.000367407
  416 415.5 0.850954 0.000369338
  417 416.5 0.83828 0.000363837
  418 417.5 0.834176 0.000362056
  419 418.5 0.834788 0.000362321
  420 419.5 0.832256 0.000361222
  421 420.5 0.82855 0.000359614
  422 421.5 0.82855 0.000359614
  423 422.5 0.828394 0.000359546
  424 423.5 0.827132 0.000358998
  425 424.5 0.828352 0.000359528
  426 425.5 0.832874 0.00036149
  427 426.5 0.840014 0.000364589
  428 427.5 0.836878 0.000363228
  429 428.5 0.836812 0.0003632
  430 429.5 0.843396 0.000366057
  431 430.5 0.842544 0.000365688
  432 431.5 0.837226 0.000363379
  433 432.5 0.83857 0.000363963
  434 433.5 0.84358 0.000366137
  435 434.5 0.842524 0.000365679
  436 435.5 0.834704 0.000362285
  437 436.5 0.840716 0.000364894
  438 437.5 0.838494 0.00036393
  439 438.5 0.834904 0.000362372
  440 439.5 0.841698 0.00036532
  441 440.5 0.836256 0.000362958
  442 441.5 0.834994 0.000362411
  443 442.5 0.830446 0.000360437
  444 443.5 0.821696 0.000356639
  445 444.5 0.832706 0.000361418
  446 445.5 0.84226 0.000365564
  447 446.5 0.83975 0.000364475
  448 447.5 0.833462 0.000361746
  449 448.5 0.827418 0.000359122
  450 449.5 0.821458 0.000356536
  451 450.5 0.815628 0.000354005
  452 451.5 0.813222 0.000352961
  453 452.5 0.806724 0.000350141
  454 453.5 0.794564 0.000344863
  455 454.5 0.802792 0.000348434
  456 455.5 0.793726 0.000344499
  457 456.5 0.78861 0.000342279
  458 457.5 0.782664 0.000339698
  459 458.5 0.774742 0.00033626
  460 459.5 0.77339 0.000335673
  461 460.5 0.780262 0.000338655
  462 461.5 0.78121 0.000339067
  463 462.5 0.786994 0.000341577
  464 463.5 0.77987 0.000338485
  465 464.5 0.76921 0.000333859
  466 465.5 0.767158 0.000332968
  467 466.5 0.77207 0.0003351
  468 467.5 0.78253 0.00033964
  469 468.5 0.78929 0.000342574
  470 469.5 0.795402 0.000345227
  471 470.5 0.812608 0.000352694
  472 471.5 0.81861 0.000355299
  473 472.5 0.821974 0.00035676
  474 473.5 0.81928 0.00035559
  475 474.5 0.81279 0.000352773
  476 475.5 0.809868 0.000351505
  477 476.5 0.806616 0.000350094
  478 477.5 0.807026 0.000350272
  479 478.5 0.828466 0.000359577
  480 479.5 0.844342 0.000366468
40000000 480 6047.000000000004
  1 0.5 0.807534 0.000350492
  2 1.5 0.807624 0.000350531
  3 2.5 0.818766 0.000355367
  4 3.5 0.821954 0.000356751
  5 4.5 0.816192 0.00035425
  6 5.5 0.827092 0.000358981
  7 6.5 0.834398 0.000362152
  8 7.5 0.829934 0.000360214
  9 8.5 0.840194 0.000364668
  10 9.5 0.863168 0.000374639
  11 10.5 0.875386 0.000379942
  12 11.5 0.884808 0.000384031
  13 12.5 0.897074 0.000389355
  14 13.5 0.902914 0.00039189
  15 14.5 0.919482 0.000399081
  16 15.5 0.934342 0.00040553
  17 16.5 0.954788 0.000414405
  18 17.5 0.974394 0.000422914
  19 18.5 1.0017 0.000434764
  20 19.5 1.01186 0.000439174
  21 20.5 1.01056 0.000438613
  22 21.5 0.98683 0.000428312
  23 22.5 0.944672 0.000410014
  24 23.5 0.86835 0.000376888
  25 24.5 0.77698 0.000337231
  26 25.5 0.666562 0.000289306
  27 26.5 0.556438 0.00024151
  28 27.5 0.452608 0.000196444
  29 28.5 0.36099 0.00015668
  30 29.5 0.28115 0.000122027
  31 30.5 0.22238 9.65191e-05
  32 31.5 0.175752 7.62813e-05
  33 32.5 0.144226 6.25981e-05
  34 33.5 0.124098 5.3862e-05
  35 34.5 0.109924 4.77101e-05
  36 35.5 0.099656 4.32535e-05
  37 36.5 0.091586 3.97509e-05
  38 37.5 0.088712 3.85035e-05
  39 38.5 0.085254 3.70026e-05
  40 39.5 0.084634 3.67335e-05
  41 40.5 0.086252 3.74358e-05
  42 41.5 0.085694 3.71936e-05
  43 42.5 0.085234 3.69939e-05
  44 43.5 0.083546 3.62613e-05
  45 44.5 0.085254 3.70026e-05
  46 45.5 0.08381 3.63759e-05
  47 46.5 0.08067 3.5013e-05
  48 47.5 0.08141 3.53342e-05
  49 48.5 0.08319 3.61068e-05
  50 49.5 0.08177 3.54905e-05
  51 50.5 0.082514 3.58134e-05
  52 51.5 0.081686 3.5454e-05
  53 52.5 0.083286 3.61484e-05
  54 53.5 0.082802 3.59384e-05
  55 54.5 0.08124 3.52604e-05
  56 55.5 0.083426 3.62092e-05
  57 56.5 0.083042 3.60425e-05
  58 57.5 0.083034 3.60391e-05
  59 58.5 0.083562 3.62682e-05
  60 59.5 0.083428 3.62101e-05
  61 60.5 0.084928 3.68611e-05
  62 61.5 0.083744 3.63472e-05
  63 62.5 0.082686 3.5888e-05
  64 63.5 0.083302 3.61554e-05
  65 64.5 0.082466 3.57925e-05
  66 65.5 0.081388 3.53247e-05
  67 66.5 0.082348 3.57413e-05
  68 67.5 0.083374 3.61866e-05
  69 68.5 0.083736 3.63437e-05
  70 69.5 0.082162 3.56606e-05
  71 70.5 0.08172 3.54687e-05
  72 71.5 0.081934 3.55616e-05
  73 72.5 0.081568 3.54028e-05
  74 73.5 0.081016 3.51632e-05
  75 74.5 0.081018 3.51641e-05
  76 75.5 0.080052 3.47448e-05
  77 76.5 0.08 3.47222e-05
  78 77.5 0.080328 3.48646e-05
  79 78.5 0.081228 3.52552e-05
  80 79.5 0.080356 3.48767e-05
  81 80.5 0.082136 3.56493e-05
  82 81.5 0.081848 3.55243e-05
  83 82.5 0.0833 3.61545e-05
  84 83.5 0.08011 3.477e-05
  85 84.5 0.080486 3.49332e-05
  86 85.5 0.080838 3.50859e-05
  87 86.5 0.080252 3.48316e-05
  88 87.5 0.081254 3.52665e-05
  89 88.5 0.082112 3.56389e-05
  90 89.5 0.081402 3.53307e-05
  91 90.5 0.079656 3.45729e-05
  92 91.5 0.081144 3.52187e-05
  93 92.5 0.079102 3.43325e-05
  94 93.5 0.08055 3.49609e-05
  95 94.5 0.080768 3.50556e-05
  96 95.5 0.081894 3.55443e-05
  97 96.5 0.083778 3.6362e-05
  98 97.5 0.081738 3.54766e-05
  99 98.5 0.081078 3.51901e-05
  100 99.5 0.081716 3.5467e-05
  101 100.5 0.081268 3.52726e-05
  102 101.5 0.081212 3.52483e-05
  103 102.5 0.078936 3.42604e-05
  104 103.5 0.081072 3.51875e-05
  105 104.5 0.082932 3.59948e-05
  106 105.5 0.0801 3.47656e-05
  107 106.5 0.080406 3.48984e-05
  108 107.5 0.081676 3.54497e-05
  109 108.5 0.083394 3.61953e-05
  110 109.5 0.084056 3.64826e-05
  111 110.5 0.081912 3.55521e-05
  112 111.5 0.08341 3.62023e-05
  113 112.5 0.08481 3.68099e-05
  114 113.5 0.084192 3.65417e-05
  115 114.5 0.082016 3.55972e-05
  116 115.5 0.081754 3.54835e-05
  117 116.5 0.081126 3.52109e-05
  118 117.5 0.079582 3.45408e-05
  119 118.5 0.079808 3.46389e-05
  120 119.5 0.079274 3.44071e-05
  121 120.5 0.080414 3.49019e-05
  122 121.5 0.080788 3.50642e-05
  123 122.5 0.080546 3.49592e-05
  124 123.5 0.07968 3.45833e-05
  125 124.5 0.07994 3.46962e-05
  126 125.5 0.08002 3.47309e-05
  127 126.5 0.08057 3.49696e-05
  128 127.5 0.081084 3.51927e-05
  129 128.5 0.08177 3.54905e-05
  130 129.5 0.082058 3.56155e-05
  131 130.5 0.082078 3.56241e-05
  132 131.5 0.083166 3.60964e-05
  133 132.5 0.081246 3.5263e-05
  134 133.5 0.08084 3.50868e-05
  135 134.5 0.081974 3.5579e-05
  136 135.5 0.082434 3.57786e-05
  137 136.5 0.082476 3.57969e-05
  138 137.5 0.082984 3.60174e-05
  139 138.5 0.08101 3.51606e-05
  140 139.5 0.082044 3.56094e-05
  141 140.5 0.084838 3.6822e-05
  142 141.5 0.083918 3.64227e-05
  143 142.5 0.083958 3.64401e-05
  144 143.5 0.081866 3.55321e-05
  145 144.5 0.08035 3.48741e-05
  146 145.5 0.080162 3.47925e-05
  147 146.5 0.080076 3.47552e-05
  148 147.5 0.082382 3.57561e-05
  149 148.5 0.08216 3.56597e-05
  150 149.5 0.080748 3.50469e-05
  151 150.5 0.078898 3.42439e-05
  152 151.5 0.079608 3.45521e-05
  153 152.5 0.079262 3.44019e-05
  154 153.5 0.081718 3.54679e-05
  155 154.5 0.08175 3.54818e-05
  156 155.5 0.08104 3.51736e-05
  157 156.5 0.078108 3.3901e-05
  158 157.5 0.078276 3.3974e-05
  159 158.5 0.079926 3.46901e-05
  160 159.5 0.080026 3.47335e-05
  161 160.5 0.080716 3.5033e-05
  162 161.5 0.081122 3.52092e-05
  163 162.5 0.081464 3.53576e-05
  164 163.5 0.082962 3.60078e-05
  165 164.5 0.082274 3.57092e-05
  166 165.5 0.084102 3.65026e-05
  167 166.5 0.085666 3.71814e-05
  168 167.5 0.084652 3.67413e-05
  169 168.5 0.089252 3.87378e-05
  170 169.5 0.095118 4.12839e-05
  171 170.5 0.102304 4.44028e-05
  172 171.5 0.117678 5.10755e-05
  173 172.5 0.138244 6.00017e-05
  174 173.5 0.169064 7.33785e-05
  175 174.5 0.207754 9.0171e-05
  176 175.5 0.264954 0.000114997
  177 176.5 0.337698 0.00014657
  178 177.5 0.422406 0.000183336
  179 178.5 0.525422 0.000228048
  180 179.5 0.632424 0.00027449
  181 180.5 0.734814 0.00031893
  182 181.5 0.82274 0.000357092
  183 182.5 0.895176 0.000388531
  184 183.5 0.94504 0.000410174
  185 184.5 0.969514 0.000420796
  186 185.5 0.983446 0.000426843
  187 186.5 0.972742 0.000422197
  188 187.5 0.95846 0.000415998
  189 188.5 0.942692 0.000409155
  190 189.5 0.92633 0.000402053
  191 190.5 0.910842 0.000395331
  192 191.5 0.893208 0.000387677
  193 192.5 0.884904 0.000384073
  194 193.5 0.872216 0.000378566
  195 194.5 0.854896 0.000371049
  196 195.5 0.85605 0.000371549
  197 196.5 0.857162 0.000372032
  198 197.5 0.841282 0.00036514
  199 198.5 0.830336 0.000360389
  200 199.5 0.839362 0.000364306
  201 200.5 0.84008 0.000364618
  202 201.5 0.83471 0.000362287
  203 202.5 0.848682 0.000368352
  204 203.5 0.88085 0.000382313
  205 204.5 0.90854 0.000394332
  206 205.5 0.953852 0.000413998
  207 206.5 1.01966 0.000442559
  208 207.5 1.12722 0.000489245
  209 208.5 1.32581 0.00057544
  210 209.5 1.67235 0.000725847
  211 210.5 2.23729 0.000971046
  212 211.5 3.19651 0.00138737
  213 212.5 4.70504 0.00204212
  214 213.5 6.9886 0.00303325
  215 214.5 10.0876 0.00437832
  216 215.5 13.9225 0.00604276
  217 216.5 18.2741 0.00793148
  218 217.5 22.6906 0.00984836
  219 218.5 26.6305 0.0115584
  220 219.5 29.7274 0.0129025
  221 220.5 32.1675 0.0139616
  222 221.5 33.8972 0.0147123
  223 222.5 34.9369 0.0151636
  224 223.5 35.6795 0.0154859
  225 224.5 36.2276 0.0157238
  226 225.5 36.5074 0.0158452
  227 226.5 36.6383 0.015902
  228 227.5 36.7973 0.0159711
  229 228.5 36.9264 0.0160271
  230 229.5 36.9244 0.0160262
  231 230.5 36.946 0.0160356
  232 231.5 36.9971 0.0160578
  233 232.5 37.0872 0.0160969
  234 233.5 37.0098 0.0160633
  235 234.5 37.0398 0.0160763
  236 235.5 37.0867 0.0160967
  237 236.5 37.0714 0.01609
  238 237.5 37.0467 0.0160793
  239 238.5 37.0851 0.016096
  240 239.5 37.08 0.0160938
  241 240.5 37.0789 0.0160933
  242 241.5 37.0121 0.0160643
  243 242.5 37.07 0.0160894
  244 243.5 37.0609 0.0160854
  245 244.5 37.007 0.0160621
  246 245.5 37.0053 0.0160613
  247 246.5 37.0399 0.0160763
  248 247.5 37.049 0.0160803
  249 248.5 36.9656 0.0160441
  250 249.5 36.987 0.0160534
  251 250.5 37.0462 0.0160791
  252 251.5 36.995 0.0160568
  253 252.5 36.9621 0.0160426
  254 253.5 37.0023 0.01606
  255 254.5 37.0302 0.0160721
  256 255.5 36.9809 0.0160507
  257 256.5 37.0018 0.0160598
  258 257.5 37.0386 0.0160758
  259 258.5 37.0216 0.0160684
  260 259.5 36.9724 0.0160471
  261 260.5 37.0391 0.016076
  262 261.5 37.0619 0.0160859
  263 262.5 37.0153 0.0160657
  264 263.5 37.0186 0.0160671
  265 264.5 37.0899 0.0160981
  266 265.5 37.0171 0.0160664
  267 266.5 37.071 0.0160898
  268 267.5 37.053 0.016082
  269 268.5 37.053 0.016082
  270 269.5 37.0346 0.0160741
  271 270.5 37.056 0.0160833
  272 271.5 37.059 0.0160846
  273 272.5 37.0328 0.0160733
  274 273.5 37.0355 0.0160744
  275 274.5 37.0755 0.0160918
  276 275.5 37.0336 0.0160736
  277 276.5 37.0495 0.0160805
  278 277.5 37.0642 0.0160869
  279 278.5 37.0751 0.0160916
  280 279.5 37.0216 0.0160684
  281 280.5 37.0272 0.0160708
  282 281.5 37.0558 0.0160832
  283 282.5 37.0114 0.016064
  284 283.5 36.9801 0.0160504
  285 284.5 37.0063 0.0160618
  286 285.5 37.0384 0.0160757
  287 286.5 36.9642 0.0160435
  288 287.5 36.9596 0.0160415
  289 288.5 37.0525 0.0160818
  290 289.5 37.0162 0.0160661
  291 290.5 36.9532 0.0160387
  292 291.5 37.0155 0.0160658
  293 292.5 37.046 0.016079
  294 293.5 36.946 0.0160356
  295 294.5 36.9725 0.0160471
  296 295.5 37.0427 0.0160776
  297 296.5 37.0152 0.0160656
  298 297.5 36.9889 0.0160542
  299 298.5 37.0145 0.0160653
  300 299.5 37.051 0.0160812
  301 300.5 37.0368 0.016075
  302 301.5 37.0265 0.0160705
  303 302.5 37.0389 0.0160759
  304 303.5 37.0847 0.0160958
  305 304.5 37.023 0.016069
  306 305.5 37.0357 0.0160745
  307 306.5 37.0672 0.0160882
  308 307.5 37.038 0.0160755
  309 308.5 37.0257 0.0160702
  310 309.5 37.0264 0.0160705
  311 310.5 37.0346 0.016074
  312 311.5 37.0074 0.0160622
  313 312.5 37.0253 0.01607
  314 313.5 37.0314 0.0160726
  315 314.5 37.0121 0.0160643
  316 315.5 36.9962 0.0160574
  317 316.5 37.0318 0.0160728
  318 317.5 37.0179 0.0160668
  319 318.5 37.0279 0.0160711
  320 319.5 36.9914 0.0160553
  321 320.5 37.0422 0.0160774
  322 321.5 37.038 0.0160755
  323 322.5 37.0072 0.0160622
  324 323.5 37.0164 0.0160662
  325 324.5 37.036 0.0160746
  326 325.5 37.037 0.0160751
  327 326.5 37.0293 0.0160717
  328 327.5 37.0089 0.0160629
  329 328.5 37.0253 0.01607
  330 329.5 37.0322 0.016073
  331 330.5 37.013 0.0160647
  332 331.5 36.9914 0.0160553
  333 332.5 37.0678 0.0160885
  334 333.5 37.0155 0.0160657
  335 334.5 37.0007 0.0160593
  336 335.5 37.0163 0.0160661
  337 336.5 37.0543 0.0160826
  338 337.5 37.0099 0.0160633
  339 338.5 36.9817 0.0160511
  340 339.5 37.0465 0.0160792
  341 340.5 37.0036 0.0160606
  342 341.5 37 0.016059
  343 342.5 37.0012 0.0160595
  344 343.5 37.0226 0.0160688
  345 344.5 36.9911 0.0160552
  346 345.5 36.9716 0.0160467
  347 346.5 37.0043 0.0160609
  348 347.5 37.0149 0.0160655
  349 348.5 37.0006 0.0160593
  350 349.5 36.9833 0.0160518
  351 350.5 37.0323 0.0160731
  352 351.5 37.0372 0.0160752
  353 352.5 36.9646 0.0160436
  354 353.5 37.0274 0.0160709
  355 354.5 37.0477 0.0160797
  356 355.5 37.0373 0.0160752
  357 356.5 37.0309 0.0160725
  358 357.5 37.0737 0.016091
  359 358.5 37.0189 0.0160672
  360 359.5 37.0077 0.0160624
  361 360.5 37.0258 0.0160702
  362 361.5 37.02 0.0160677
  363 362.5 36.9755 0.0160484
  364 363.5 36.9216 0.016025
  365 364.5 36.8533 0.0159953
  366 365.5 36.7696 0.015959
  367 366.5 36.5772 0.0158755
  368 367.5 36.3653 0.0157835
  369 368.5 35.9816 0.015617
  370 369.5 35.414 0.0153707
  371 370.5 34.5389 0.0149909
  372 371.5 33.155 0.0143902
  373 372.5 31.1207 0.0135072
  374 373.5 28.3358 0.0122985
  375 374.5 24.7121 0.0107257
  376 375.5 20.4933 0.00889468
  377 376.5 16.0604 0.00697067
  378 377.5 11.8676 0.00515089
  379 378.5 8.36469 0.00363051
  380 379.5 5.6823 0.00246627
  381 380.5 3.82175 0.00165874
  382 381.5 2.63082 0.00114185
  383 382.5 1.90536 0.00082698
  384 383.5 1.46772 0.00063703
  385 384.5 1.21337 0.000526638
  386 385.5 1.06866 0.000463828
  387 386.5 0.99076 0.000430017
  388 387.5 0.945714 0.000410466
  389 388.5 0.912636 0.000396109
  390 389.5 0.895544 0.000388691
  391 390.5 0.886338 0.000384695
  392 391.5 0.874176 0.000379417
  393 392.5 0.870266 0.00037772
  394 393.5 0.8696 0.000377431
  395 394.5 0.86934 0.000377318
  396 395.5 0.867946 0.000376713
  397 396.5 0.865128 0.00037549
  398 397.5 0.861202 0.000373786
  399 398.5 0.859572 0.000373078
  400 399.5 0.855482 0.000371303
  401 400.5 0.855438 0.000371284
  402 401.5 0.863046 0.000374586
  403 402.5 0.87299 0.000378902
  404 403.5 0.880492 0.000382158
  405 404.5 0.880328 0.000382087
  406 405.5 0.87871 0.000381385
  407 406.5 0.883768 0.00038358
  408 407.5 0.873694 0.000379207
  409 408.5 0.866034 0.000375883
  410 409.5 0.867866 0.000376678
  411 410.5 0.865796 0.00037578
  412 411.5 0.855016 0.000371101
  413 412.5 0.84503 0.000366766
  414 413.5 0.846018 0.000367195
  415 414.5 0.844022 0.000366329
  416 415.5 0.84495 0.000366732
  417 416.5 0.844544 0.000366556
  418 417.5 0.857312 0.000372097
  419 418.5 0.864772 0.000375335
  420 419.5 0.859242 0.000372935
  421 420.5 0.864474 0.000375206
  422 421.5 0.862708 0.000374439
  423 422.5 0.862266 0.000374247
  424 423.5 0.85821 0.000372487
  425 424.5 0.865234 0.000375536
  426 425.5 0.858392 0.000372566
  427 426.5 0.850238 0.000369027
  428 427.5 0.839592 0.000364406
  429 428.5 0.840356 0.000364738
  430 429.5 0.835608 0.000362677
  431 430.5 0.831532 0.000360908
  432 431.5 0.819336 0.000355615
  433 432.5 0.829696 0.000360111
  434 433.5 0.832306 0.000361244
  435 434.5 0.83053 0.000360473
  436 435.5 0.819356 0.000355623
  437 436.5 0.804682 0.000349254
  438 437.5 0.805142 0.000349454
  439 438.5 0.819204 0.000355557
  440 439.5 0.82149 0.000356549
  441 440.5 0.818244 0.000355141
  442 441.5 0.812696 0.000352733
  443 442.5 0.81385 0.000353234
  444 443.5 0.820922 0.000356303
  445 444.5 0.828538 0.000359609
  446 445.5 0.82785 0.00035931
  447 446.5 0.82658 0.000358759
  448 447.5 0.820452 0.000356099
  449 448.5 0.81695 0.000354579
  450 449.5 0.812346 0.000352581
  451 450.5 0.814332 0.000353443
  452 451.5 0.814894 0.000353687
  453 452.5 0.802784 0.000348431
  454 453.5 0.798462 0.000346555
  455 454.5 0.801998 0.000348089
  456 455.5 0.808988 0.000351123
  457 456.5 0.816156 0.000354234
  458 457.5 0.803346 0.000348674
  459 458.5 0.797322 0.00034606
  460 459.5 0.792408 0.000343927
  461 460.5 0.792588 0.000344005
  462 461.5 0.79825 0.000346463
  463 462.5 0.794766 0.000344951
  464 463.5 0.79221 0.000343841
  465 464.5 0.79676 0.000345816
  466 465.5 0.796404 0.000345661
  467 466.5 0.800176 0.000347299
  468 467.5 0.80742 0.000350443
  469 468.5 0.80905 0.00035115
  470 469.5 0.809932 0.000351533
  471 470.5 0.802678 0.000348385
  472 471.5 0.79736 0.000346076
  473 472.5 0.797726 0.000346235
  474 473.5 0.803374 0.000348687
  475 474.5 0.802578 0.000348341
  476 475.5 0.806822 0.000350183
  477 476.5 0.818566 0.00035528
  478 477.5 0.823916 0.000357602
  479 478.5 0.818606 0.000355298
  480 479.5 0.81171 0.000352305
50000000 480 6046.999999999999
  1 0.5 0.814804 0.000353648
  2 1.5 0.815222 0.000353829
  3 2.5 0.805942 0.000349801
  4 3.5 0.802906 0.000348484
  5 4.5 0.795936 0.000345458
  6 5.5 0.788142 0.000342076
  7 6.5 0.786912 0.000341542
  8 7.5 0.79201 0.000343754
  9 8.5 0.794486 0.000344829
  10 9.5 0.78253 0.00033964
  11 10.5 0.774352 0.00033609
  12 11.5 0.77276 0.000335399
  13 12.5 0.778612 0.000337939
  14 13.5 0.774818 0.000336293
  15 14.5 0.778176 0.00033775
  16 15.5 0.789968 0.000342868
  17 16.5 0.787444 0.000341773
  18 17.5 0.792474 0.000343956
  19 18.5 0.79887 0.000346732
  20 19.5 0.81363 0.000353138
  21 20.5 0.828932 0.00035978
  22 21.5 0.838404 0.000363891
  23 22.5 0.857108 0.000372009
  24 23.5 0.867986 0.00037673
  25 24.5 0.875562 0.000380018
  26 25.5 0.88028 0.000382066
  27 26.5 0.87318 0.000378984
  28 27.5 0.842748 0.000365776
  29 28.5 0.805216 0.000349486
  30 29.5 0.750216 0.000325615
  31 30.5 0.699506 0.000303605
  32 31.5 0.626278 0.000271822
  33 32.5 0.54885 0.000238216
  34 33.5 0.473422 0.000205478
  35 34.5 0.406852 0.000176585
  36 35.5 0.340532 0.0001478
  37 36.5 0.277792 0.000120569
  38 37.5 0.22442 9.74045e-05
  39 38.5 0.181826 7.89175e-05
  40 39.5 0.14893 6.46398e-05
  41 40.5 0.129706 5.6296e-05
  42 41.5 0.113868 4.94219e-05
  43 42.5 0.09988 4.33507e-05
  44 43.5 0.09333 4.05078e-05
  45 44.5 0.087698 3.80634e-05
  46 45.5 0.084026 3.64696e-05
  47 46.5 0.082046 3.56102e-05
  48 47.5 0.081302 3.52873e-05
  49 48.5 0.078408 3.40312e-05
  50 49.5 0.077856 3.37917e-05
  51 50.5 0.078142 3.39158e-05
  52 51.5 0.079392 3.44583e-05
  53 52.5 0.07777 3.37543e-05
  54 53.5 0.077952 3.38333e-05
  55 54.5 0.077038 3.34366e-05
  56 55.5 0.07529 3.2678e-05
  57 56.5 0.076606 3.32491e-05
  58 57.5 0.079538 3.45217e-05
  59 58.5 0.079402 3.44627e-05
  60 59.5 0.08001 3.47266e-05
  61 60.5 0.07994 3.46962e-05
  62 61.5 0.07907 3.43186e-05
  63 62.5 0.077208 3.35104e-05
  64 63.5 0.078924 3.42552e-05
  65 64.5 0.079516 3.45122e-05
  66 65.5 0.078954 3.42682e-05
  67 66.5 0.07851 3.40755e-05
  68 67.5 0.076998 3.34193e-05
  69 68.5 0.077232 3.35208e-05
  70 69.5 0.077742 3.37422e-05
  71 70.5 0.077314 3.35564e-05
  72 71.5 0.076786 3.33273e-05
  73 72.5 0.076214 3.3079e-05
  74 73.5 0.076204 3.30747e-05
  75 74.5 0.078036 3.38698e-05
  76 75.5 0.0772 3.35069e-05
  77 76.5 0.077396 3.3592e-05
  78 77.5 0.075966 3.29714e-05
  79 78.5 0.075796 3.28976e-05
  80 79.5 0.077114 3.34696e-05
  81 80.5 0.079284 3.44115e-05
  82 81.5 0.078978 3.42786e-05
  83 82.5 0.079916 3.46858e-05
  84 83.5 0.079842 3.46536e-05
  85 84.5 0.080052 3.47448e-05
  86 85.5 0.078652 3.41372e-05
  87 86.5 0.079108 3.43351e-05
  88 87.5 0.078914 3.42509e-05
  89 88.5 0.079276 3.4408e-05
  90 89.5 0.078 3.38542e-05
  91 90.5 0.077618 3.36884e-05
  92 91.5 0.078574 3.41033e-05
  93 92.5 0.078888 3.42396e-05
  94 93.5 0.077434 3.36085e-05
  95 94.5 0.07895 3.42665e-05
  96 95.5 0.078056 3.38785e-05
  97 96.5 0.078108 3.3901e-05
  98 97.5 0.079042 3.43064e-05
  99 98.5 0.078138 3.39141e-05
  100 99.5 0.077858 3.37925e-05
  101 100.5 0.077936 3.38264e-05
  102 101.5 0.076826 3.33446e-05
  103 102.5 0.076388 3.31545e-05
  104 103.5 0.07582 3.2908e-05
  105 104.5 0.07769 3.37196e-05
  106 105.5 0.079094 3.4329e-05
  107 106.5 0.078924 3.42552e-05
  108 107.5 0.07806 3.38802e-05
  109 108.5 0.077884 3.38038e-05
  110 109.5 0.07781 3.37717e-05
  111 110.5 0.077916 3.38177e-05
  112 111.5 0.078094 3.3895e-05
  113 112.5 0.078186 3.39349e-05
  114 113.5 0.07792 3.38194e-05
  115 114.5 0.077998 3.38533e-05
  116 115.5 0.076924 3.33872e-05
  117 116.5 0.07742 3.36024e-05
  118 117.5 0.07788 3.38021e-05
  119 118.5 0.077748 3.37448e-05
  120 119.5 0.076792 3.33299e-05
  121 120.5 0.079072 3.43194e-05
  122 121.5 0.078966 3.42734e-05
  123 122.5 0.079772 3.46233e-05
  124 123.5 0.081194 3.52405e-05
  125 124.5 0.080212 3.48142e-05
  126 125.5 0.07798 3.38455e-05
  127 126.5 0.07789 3.38064e-05
  128 127.5 0.076036 3.30017e-05
  129 128.5 0.076968 3.34063e-05
  130 129.5 0.074856 3.24896e-05
  131 130.5 0.07753 3.36502e-05
  132 131.5 0.077802 3.37682e-05
  133 132.5 0.076672 3.32778e-05
  134 133.5 0.076978 3.34106e-05
  135 134.5 0.075276 3.26719e-05
  136 135.5 0.077996 3.38524e-05
  137 136.5 0.07555 3.27908e-05
  138 137.5 0.07695 3.33984e-05
  139 138.5 0.077718 3.37318e-05
  140 139.5 0.075906 3.29453e-05
  141 140.5 0.074066 3.21467e-05
  142 141.5 0.07374 3.20052e-05
  143 142.5 0.07509 3.25911e-05
  144 143.5 0.074624 3.23889e-05
  145 144.5 0.078042 3.38724e-05
  146 145.5 0.07633 3.31293e-05
  147 146.5 0.077392 3.35903e-05
  148 147.5 0.075852 3.29219e-05
  149 148.5 0.076786 3.33273e-05
  150 149.5 0.07719 3.35026e-05
  151 150.5 0.07572 3.28646e-05
  152 151.5 0.07638 3.3151e-05
  153 152.5 0.07625 3.30946e-05
  154 153.5 0.07563 3.28255e-05
  155 154.5 0.07472 3.24306e-05
  156 155.5 0.075848 3.29201e-05
  157 156.5 0.074512 3.23403e-05
  158 157.5 0.074088 3.21562e-05
  159 158.5 0.074088 3.21562e-05
  160 159.5 0.073244 3.17899e-05
  161 160.5 0.072876 3.16302e-05
  162 161.5 0.071948 3.12274e-05
  163 162.5 0.07222 3.13455e-05
  164 163.5 0.073382 3.18498e-05
  165 164.5 0.07477 3.24523e-05
  166 165.5 0.073782 3.20234e-05
  167 166.5 0.072348 3.1401e-05
  168 167.5 0.074422 3.23012e-05
  169 168.5 0.076262 3.30998e-05
  170 169.5 0.074842 3.24835e-05
  171 170.5 0.077248 3.35278e-05
  172 171.5 0.078088 3.38924e-05
  173 172.5 0.081594 3.54141e-05
  174 173.5 0.086138 3.73863e-05
  175 174.5 0.090294 3.91901e-05
  176 175.5 0.094952 4.12118e-05
  177 176.5 0.106176 4.60833e-05
  178 177.5 0.12072 5.23958e-05
  179 178.5 0.140838 6.11276e-05
  180 179.5 0.17072 7.40972e-05
  181 180.5 0.216154 9.38168e-05
  182 181.5 0.264346 0.000114734
  183 182.5 0.33189 0.000144049
  184 183.5 0.404244 0.000175453
  185 184.5 0.488336 0.000211951
  186 185.5 0.56829 0.000246654
  187 186.5 0.65023 0.000282218
  188 187.5 0.722084 0.000313405
  189 188.5 0.791102 0.00034336
  190 189.5 0.821538 0.00035657
  191 190.5 0.855898 0.000371484
  192 191.5 0.873314 0.000379043
  193 192.5 0.877856 0.000381014
  194 193.5 0.88251 0.000383034
  195 194.5 0.878294 0.000381204
  196 195.5 0.881362 0.000382536
  197 196.5 0.874338 0.000379487
  198 197.5 0.851306 0.00036949
  199 198.5 0.847678 0.000367916
  200 199.5 0.83771 0.000363589
  201 200.5 0.828698 0.000359678
  202 201.5 0.823502 0.000357423
  203 202.5 0.820018 0.000355911
  204 203.5 0.828434 0.000359563
  205 204.5 0.832914 0.000361508
  206 205.5 0.84471 0.000366628
  207 206.5 0.867378 0.000376466
  208 207.5 0.903734 0.000392246
  209 208.5 0.953256 0.00041374
  210 209.5 1.04702 0.000454435
  211 210.5 1.21185 0.000525975
  212 211.5 1.49308 0.000648038
  213 212.5 1.97592 0.000857606
  214 213.5 2.76327 0.00119934
  215 214.5 4.01353 0.00174198
  216 215.5 5.88525 0.00255436
  217 216.5 8.40645 0.00364863
  218 217.5 11.6671 0.00506383
  219 218.5 15.49 0.0067231
  220 219.5 19.5677 0.00849293
  221 220.5 23.5746 0.0102321
  222 221.5 27.1538 0.0117855
  223 222.5 30.0717 0.013052
  224 223.5 32.3486 0.0140402
  225 224.5 33.9869 0.0147512
  226 225.5 35.03 0.015204
  227 226.5 35.7274 0.0155067
  228 227.5 36.1824 0.0157042
  229 228.5 36.4969 0.0158407
  230 229.5 36.6599 0.0159114
  231 230.5 36.7845 0.0159655
  232 231.5 36.9309 0.016029
  233 232.5 36.9932 0.0160561
  234 233.5 36.9768 0.016049
  235 234.5 37.0333 0.0160735
  236 235.5 37.1166 0.0161096
  237 236.5 37.0711 0.0160899
  238 237.5 37.0343 0.0160739
  239 238.5 37.1242 0.0161129
  240 239.5 37.1298 0.0161153
  241 240.5 37.0416 0.0160771
  242 241.5 37.0725 0.0160905
  243 242.5 37.1457 0.0161223
  244 243.5 37.0751 0.0160916
  245 244.5 36.9963 0.0160574
  246 245.5 37.098 0.0161016
  247 246.5 37.1187 0.0161105
  248 247.5 36.9847 0.0160524
  249 248.5 37.0294 0.0160718
  250 249.5 37.1094 0.0161065
  251 250.5 37.0466 0.0160792
  252 251.5 37.0014 0.0160596
  253 252.5 37.0242 0.0160695
  254 253.5 37.0436 0.016078
  255 254.5 36.9846 0.0160523
  256 255.5 36.9753 0.0160483
  257 256.5 37.0238 0.0160693
  258 257.5 36.9735 0.0160475
  259 258.5 36.9874 0.0160536
  260 259.5 37.0079 0.0160624
  261 260.5 37.0133 0.0160648
  262 261.5 37.028 0.0160712
  263 262.5 37.0018 0.0160598
  264 263.5 37.0266 0.0160706
  265 264.5 37.03 0.0160721
  266 265.5 37.0046 0.016061
  267 266.5 37.0218 0.0160685
  268 267.5 37.0568 0.0160837
  269 268.5 37.0357 0.0160745
  270 269.5 36.9916 0.0160554
  271 270.5 37.0587 0.0160845
  272 271.5 37.0769 0.0160924
  273 272.5 37.0327 0.0160732
  274 273.5 36.9822 0.0160513
  275 274.5 37.0423 0.0160774
  276 275.5 37.0842 0.0160956
  277 276.5 37.0074 0.0160622
  278 277.5 37.0336 0.0160736
  279 278.5 37.0909 0.0160985
  280 279.5 37.0821 0.0160947
  281 280.5 37.0328 0.0160733
  282 281.5 37.0926 0.0160992
  283 282.5 37.0863 0.0160965
  284 283.5 37.0214 0.0160683
  285 284.5 37.0745 0.0160914
  286 285.5 37.0514 0.0160813
  287 286.5 37.0544 0.0160827
  288 287.5 37.0258 0.0160702
  289 288.5 37.0778 0.0160928
  290 289.5 37.0616 0.0160858
  291 290.5 37.0282 0.0160713
  292 291.5 37.0738 0.0160911
  293 292.5 37.0711 0.0160899
  294 293.5 37.0419 0.0160772
  295 294.5 37.0676 0.0160884
  296 295.5 37.0991 0.016102
  297 296.5 37.0509 0.0160811
  298 297.5 37.064 0.0160868
  299 298.5 37.109 0.0161063
  300 299.5 37.0973 0.0161012
  301 300.5 37.0755 0.0160918
  302 301.5 37.0962 0.0161008
  303 302.5 37.1346 0.0161174
  304 303.5 37.0705 0.0160896
  305 304.5 37.0696 0.0160892
  306 305.5 37.1355 0.0161178
  307 306.5 37.0855 0.0160961
  308 307.5 37.0957 0.0161006
  309 308.5 37.1099 0.0161067
  310 309.5 37.1189 0.0161106
  311 310.5 37.0703 0.0160895
  312 311.5 37.055 0.0160829
  313 312.5 37.1384 0.0161191
  314 313.5 37.0692 0.0160891
  315 314.5 37.074 0.0160912
  316 315.5 37.0896 0.0160979
  317 316.5 37.0972 0.0161012
  318 317.5 37.0565 0.0160836
  319 318.5 37.1032 0.0161038
  320 319.5 37.0798 0.0160937
  321 320.5 37.0902 0.0160982
  322 321.5 37.0877 0.0160971
  323 322.5 37.076 0.016092
  324 323.5 37.0715 0.0160901
  325 324.5 37.0803 0.0160939
  326 325.5 37.1021 0.0161034
  327 326.5 37.1107 0.0161071
  328 327.5 37.0756 0.0160918
  329 328.5 37.112 0.0161076
  330 329.5 37.117 0.0161098
  331 330.5 37.1253 0.0161134
  332 331.5 37.1023 0.0161034
  333 332.5 37.1225 0.0161122
  334 333.5 37.1337 0.016117
  335 334.5 37.0878 0.0160971
  336 335.5 37.1003 0.0161026
  337 336.5 37.1675 0.0161317
  338 337.5 37.1439 0.0161215
  339 338.5 37.1197 0.016111
  340 339.5 37.1427 0.016121
  341 340.5 37.1838 0.0161388
  342 341.5 37.134 0.0161172
  343 342.5 37.1513 0.0161247
  344 343.5 37.1653 0.0161308
  345 344.5 37.1576 0.0161274
  346 345.5 37.1333 0.0161169
  347 346.5 37.1495 0.0161239
  348 347.5 37.1975 0.0161448
  349 348.5 37.184 0.0161389
  350 349.5 37.1727 0.016134
  351 350.5 37.1881 0.0161407
  352 351.5 37.2067 0.0161487
  353 352.5 37.2074 0.016149
  354 353.5 37.155 0.0161263
  355 354.5 37.2286 0.0161583
  356 355.5 37.1952 0.0161438
  357 356.5 37.1329 0.0161167
  358 357.5 37.1923 0.0161425
  359 358.5 37.2053 0.0161481
  360 359.5 37.1342 0.0161173
  361 360.5 37.1175 0.01611
  362 361.5 37.1768 0.0161358
  363 362.5 37.0809 0.0160941
  364 363.5 37.0184 0.016067
  365 364.5 37.111 0.0161072
  366 365.5 37.0178 0.0160667
  367 366.5 36.8492 0.0159936
  368 367.5 36.8641 0.016
  369 368.5 36.7322 0.0159428
  370 369.5 36.4639 0.0158263
  371 370.5 36.1515 0.0156908
  372 371.5 35.716 0.0155017
  373 372.5 34.9212 0.0151568
  374 373.5 33.7805 0.0146617
  375 374.5 32.1117 0.0139374
  376 375.5 29.7604 0.0129168
  377 376.5 26.6705 0.0115757
  378 377.5 22.9739 0.0099713
  379 378.5 18.9578 0.00822819
  380 379.5 14.8052 0.00642588
  381 380.5 11.0438 0.00479332
  382 381.5 7.89652 0.00342731
  383 382.5 5.45485 0.00236756
  384 383.5 3.74821 0.00162683
  385 384.5 2.61376 0.00113444
  386 385.5 1.90349 0.000826168
  387 386.5 1.47543 0.000640379
  388 387.5 1.22732 0.000532689
  389 388.5 1.07104 0.000464862
  390 389.5 0.9762 0.000423698
  391 390.5 0.929692 0.000403512
  392 391.5 0.897702 0.000389628
  393 392.5 0.871206 0.000378128
  394 393.5 0.860032 0.000373278
  395 394.5 0.845326 0.000366895
  396 395.5 0.82698 0.000358932
  397 396.5 0.817642 0.000354879
  398 397.5 0.808916 0.000351092
  399 398.5 0.805428 0.000349578
  400 399.5 0.813014 0.000352871
  401 400.5 0.80488 0.00034934
  402 401.5 0.796522 0.000345713
  403 402.5 0.799844 0.000347155
  404 403.5 0.79305 0.000344206
  405 404.5 0.794554 0.000344859
  406 405.5 0.796588 0.000345741
  407 406.5 0.794286 0.000344742
  408 407.5 0.788452 0.00034221
  409 408.5 0.796988 0.000345915
  410 409.5 0.795916 0.00034545
  411 410.5 0.800924 0.000347623
  412 411.5 0.808654 0.000350978
  413 412.5 0.804338 0.000349105
  414 413.5 0.813122 0.000352918
  415 414.5 0.824484 0.000357849
  416 415.5 0.824938 0.000358046
  417 416.5 0.823976 0.000357628
  418 417.5 0.82074 0.000356224
  419 418.5 0.834646 0.00036226
  420 419.5 0.842154 0.000365518
  421 420.5 0.844824 0.000366677
  422 421.5 0.829226 0.000359907
  423 422.5 0.831772 0.000361012
  424 423.5 0.833176 0.000361622
  425 424.5 0.827534 0.000359173
  426 425.5 0.831444 0.00036087
  427 426.5 0.826194 0.000358591
  428 427.5 0.825058 0.000358098
  429 428.5 0.82796 0.000359358
  430 429.5 0.81126 0.000352109
  431 430.5 0.806816 0.000350181
  432 431.5 0.803274 0.000348643
  433 432.5 0.808594 0.000350952
  434 433.5 0.806816 0.000350181
  435 434.5 0.807266 0.000350376
  436 435.5 0.797312 0.000346056
  437 436.5 0.806076 0.000349859
  438 437.5 0.804986 0.000349386
  439 438.5 0.796046 0.000345506
  440 439.5 0.802818 0.000348445
  441 440.5 0.79382 0.00034454
  442 441.5 0.784748 0.000340602
  443 442.5 0.789344 0.000342597
  444 443.5 0.787824 0.000341938
  445 444.5 0.781378 0.00033914
  446 445.5 0.775794 0.000336716
  447 446.5 0.767822 0.000333256
  448 447.5 0.76817 0.000333407
  449 448.5 0.7775 0.000337457
  450 449.5 0.776524 0.000337033
  451 450.5 0.775398 0.000336544
  452 451.5 0.763152 0.000331229
  453 452.5 0.76305 0.000331185
  454 453.5 0.764228 0.000331696
  455 454.5 0.74924 0.000325191
  456 455.5 0.746266 0.0003239
  457 456.5 0.738576 0.000320562
  458 457.5 0.742422 0.000322232
  459 458.5 0.75525 0.000327799
  460 459.5 0.753404 0.000326998
  461 460.5 0.746408 0.000323962
  462 461.5 0.747824 0.000324576
  463 462.5 0.754096 0.000327299
  464 463.5 0.75205 0.000326411
  465 464.5 0.755336 0.000327837
  466 465.5 0.7633 0.000331293
  467 466.5 0.772492 0.000335283
  468 467.5 0.775352 0.000336524
  469 468.5 0.782098 0.000339452
  470 469.5 0.791022 0.000343326
  471 470.5 0.80279 0.000348433
  472 471.5 0.802108 0.000348137
  473 472.5 0.81326 0.000352977
  474 473.5 0.826194 0.000358591
  475 474.5 0.829278 0.00035993
  476 475.5 0.825958 0.000358489
  477 476.5 0.820592 0.00035616
  478 477.5 0.816852 0.000354536
  479 478.5 0.814834 0.000353661
  480 479.5 0.817882 0.000354984
