# Chunk-averaged data for fix tensor3 and group c2
# Timestep Number-of-chunks Total-count
# Chunk Coord1 Ncount density/number
20000000 480 5872.999999999995
  1 0.5 0.437466 0.000189872
  2 1.5 0.439052 0.000190561
  3 2.5 0.435448 0.000188997
  4 3.5 0.432872 0.000187878
  5 4.5 0.435924 0.000189203
  6 5.5 0.432732 0.000187818
  7 6.5 0.430324 0.000186773
  8 7.5 0.428264 0.000185878
  9 8.5 0.431132 0.000187123
  10 9.5 0.433886 0.000188319
  11 10.5 0.435144 0.000188865
  12 11.5 0.436118 0.000189287
  13 12.5 0.432746 0.000187824
  14 13.5 0.425706 0.000184768
  15 14.5 0.425266 0.000184577
  16 15.5 0.429944 0.000186608
  17 16.5 0.4275 0.000185547
  18 17.5 0.424174 0.000184103
  19 18.5 0.424096 0.000184069
  20 19.5 0.426472 0.000185101
  21 20.5 0.426226 0.000184994
  22 21.5 0.42534 0.000184609
  23 22.5 0.42978 0.000186536
  24 23.5 0.434742 0.00018869
  25 24.5 0.43365 0.000188216
  26 25.5 0.432048 0.000187521
  27 26.5 0.426958 0.000185312
  28 27.5 0.429108 0.000186245
  29 28.5 0.425152 0.000184528
  30 29.5 0.428518 0.000185989
  31 30.5 0.425866 0.000184838
  32 31.5 0.428698 0.000186067
  33 32.5 0.43296 0.000187917
  34 33.5 0.430636 0.000186908
  35 34.5 0.436036 0.000189252
  36 35.5 0.435652 0.000189085
  37 36.5 0.43719 0.000189753
  38 37.5 0.431476 0.000187273
  39 38.5 0.436924 0.000189637
  40 39.5 0.434152 0.000188434
  41 40.5 0.43431 0.000188503
  42 41.5 0.436984 0.000189663
  43 42.5 0.441806 0.000191756
  44 43.5 0.448326 0.000194586
  45 44.5 0.446476 0.000193783
  46 45.5 0.450372 0.000195474
  47 46.5 0.45295 0.000196593
  48 47.5 0.459046 0.000199239
  49 48.5 0.4647 0.000201693
  50 49.5 0.468352 0.000203278
  51 50.5 0.470342 0.000204141
  52 51.5 0.470234 0.000204095
  53 52.5 0.476558 0.000206839
  54 53.5 0.480724 0.000208648
  55 54.5 0.482928 0.000209604
  56 55.5 0.492874 0.000213921
  57 56.5 0.503068 0.000218345
  58 57.5 0.50202 0.000217891
  59 58.5 0.507152 0.000220118
  60 59.5 0.515974 0.000223947
  61 60.5 0.517116 0.000224443
  62 61.5 0.521784 0.000226469
  63 62.5 0.533884 0.00023172
  64 63.5 0.538518 0.000233732
  65 64.5 0.545194 0.000236629
  66 65.5 0.559632 0.000242896
  67 66.5 0.56838 0.000246693
  68 67.5 0.574964 0.00024955
  69 68.5 0.58361 0.000253303
  70 69.5 0.588316 0.000255345
  71 70.5 0.593968 0.000257799
  72 71.5 0.597552 0.000259354
  73 72.5 0.603296 0.000261847
  74 73.5 0.607458 0.000263654
  75 74.5 0.61526 0.00026704
  76 75.5 0.621306 0.000269664
  77 76.5 0.625684 0.000271564
  78 77.5 0.632578 0.000274556
  79 78.5 0.636036 0.000276057
  80 79.5 0.64552 0.000280174
  81 80.5 0.647678 0.00028111
  82 81.5 0.65173 0.000282869
  83 82.5 0.659612 0.00028629
  84 83.5 0.669264 0.000290479
  85 84.5 0.673014 0.000292107
  86 85.5 0.683712 0.00029675
  87 86.5 0.687204 0.000298266
  88 87.5 0.692908 0.000300741
  89 88.5 0.706638 0.000306701
  90 89.5 0.70543 0.000306176
  91 90.5 0.704836 0.000305918
  92 91.5 0.704118 0.000305607
  93 92.5 0.703902 0.000305513
  94 93.5 0.701562 0.000304497
  95 94.5 0.703524 0.000305349
  96 95.5 0.702042 0.000304706
  97 96.5 0.7026 0.000304948
  98 97.5 0.704268 0.000305672
  99 98.5 0.6967 0.000302387
  100 99.5 0.69476 0.000301545
  101 100.5 0.700712 0.000304128
  102 101.5 0.695192 0.000301733
  103 102.5 0.696108 0.00030213
  104 103.5 0.698124 0.000303005
  105 104.5 0.695174 0.000301725
  106 105.5 0.696696 0.000302385
  107 106.5 0.698956 0.000303366
  108 107.5 0.70054 0.000304054
  109 108.5 0.706204 0.000306512
  110 109.5 0.708478 0.000307499
  111 110.5 0.706866 0.000306799
  112 111.5 0.710222 0.000308256
  113 112.5 0.71288 0.00030941
  114 113.5 0.713126 0.000309516
  115 114.5 0.711156 0.000308661
  116 115.5 0.712974 0.000309451
  117 116.5 0.710054 0.000308183
  118 117.5 0.699856 0.000303757
  119 118.5 0.704226 0.000305654
  120 119.5 0.7102 0.000308247
  121 120.5 0.709556 0.000307967
  122 121.5 0.702002 0.000304688
  123 122.5 0.705544 0.000306226
  124 123.5 0.702446 0.000304881
  125 124.5 0.706006 0.000306426
  126 125.5 0.700558 0.000304062
  127 126.5 0.702116 0.000304738
  128 127.5 0.699418 0.000303567
  129 128.5 0.695178 0.000301727
  130 129.5 0.693502 0.000300999
  131 130.5 0.69791 0.000302912
  132 131.5 0.69516 0.000301719
  133 132.5 0.693562 0.000301025
  134 133.5 0.690676 0.000299773
  135 134.5 0.683256 0.000296552
  136 135.5 0.681226 0.000295671
  137 136.5 0.68802 0.00029862
  138 137.5 0.688394 0.000298782
  139 138.5 0.688816 0.000298965
  140 139.5 0.689626 0.000299317
  141 140.5 0.689168 0.000299118
  142 141.5 0.687844 0.000298543
  143 142.5 0.698338 0.000303098
  144 143.5 0.688528 0.00029884
  145 144.5 0.69244 0.000300538
  146 145.5 0.690028 0.000299491
  147 146.5 0.686332 0.000297887
  148 147.5 0.68458 0.000297127
  149 148.5 0.680306 0.000295272
  150 149.5 0.68167 0.000295864
  151 150.5 0.683498 0.000296657
  152 151.5 0.681088 0.000295611
  153 152.5 0.674542 0.00029277
  154 153.5 0.67192 0.000291632
  155 154.5 0.674032 0.000292549
  156 155.5 0.67474 0.000292856
  157 156.5 0.67672 0.000293715
  158 157.5 0.681854 0.000295944
  159 158.5 0.688754 0.000298938
  160 159.5 0.688394 0.000298782
  161 160.5 0.698174 0.000303027
  162 161.5 0.701226 0.000304352
  163 162.5 0.713726 0.000309777
  164 163.5 0.745032 0.000323365
  165 164.5 0.791046 0.000343336
  166 165.5 0.870188 0.000377686
  167 166.5 1.0001 0.000434071
  168 167.5 1.21077 0.000525506
  169 168.5 1.55609 0.000675388
  170 169.5 2.10053 0.000911688
  171 170.5 2.92889 0.00127122
  172 171.5 4.11317 0.00178523
  173 172.5 5.7183 0.0024819
  174 173.5 7.72279 0.00335191
  175 174.5 10.09 0.00437933
  176 175.5 12.7424 0.00553054
  177 176.5 15.5931 0.00676785
  178 177.5 18.5697 0.00805978
  179 178.5 21.5802 0.00936641
  180 179.5 24.4413 0.0106082
  181 180.5 27.1207 0.0117712
  182 181.5 29.3798 0.0127517
  183 182.5 31.1897 0.0135372
  184 183.5 32.5623 0.0141329
  185 184.5 33.5544 0.0145635
  186 185.5 34.2021 0.0148447
  187 186.5 34.7191 0.0150691
  188 187.5 34.9851 0.0151845
  189 188.5 35.1762 0.0152675
  190 189.5 35.3215 0.0153305
  191 190.5 35.4818 0.0154001
  192 191.5 35.4837 0.0154009
  193 192.5 35.541 0.0154258
  194 193.5 35.6352 0.0154666
  195 194.5 35.615 0.0154579
  196 195.5 35.6059 0.015454
  197 196.5 35.6817 0.0154869
  198 197.5 35.6596 0.0154773
  199 198.5 35.6312 0.0154649
  200 199.5 35.6437 0.0154704
  201 200.5 35.6909 0.0154908
  202 201.5 35.629 0.015464
  203 202.5 35.6341 0.0154662
  204 203.5 35.6544 0.015475
  205 204.5 35.6643 0.0154793
  206 205.5 35.632 0.0154653
  207 206.5 35.6748 0.0154839
  208 207.5 35.6995 0.0154946
  209 208.5 35.6157 0.0154582
  210 209.5 35.6453 0.015471
  211 210.5 35.7075 0.015498
  212 211.5 35.647 0.0154718
  213 212.5 35.6008 0.0154517
  214 213.5 35.6888 0.01549
  215 214.5 35.671 0.0154822
  216 215.5 35.6601 0.0154775
  217 216.5 35.6462 0.0154714
  218 217.5 35.678 0.0154853
  219 218.5 35.6844 0.015488
  220 219.5 35.655 0.0154753
  221 220.5 35.6437 0.0154703
  222 221.5 35.7202 0.0155035
  223 222.5 35.6777 0.0154851
  224 223.5 35.6447 0.0154708
  225 224.5 35.7064 0.0154976
  226 225.5 35.6739 0.0154835
  227 226.5 35.6732 0.0154832
  228 227.5 35.6997 0.0154947
  229 228.5 35.7163 0.0155018
  230 229.5 35.6601 0.0154775
  231 230.5 35.7112 0.0154997
  232 231.5 35.6899 0.0154904
  233 232.5 35.6978 0.0154938
  234 233.5 35.6644 0.0154793
  235 234.5 35.7062 0.0154975
  236 235.5 35.6973 0.0154936
  237 236.5 35.7099 0.0154991
  238 237.5 35.6878 0.0154895
  239 238.5 35.6957 0.0154929
  240 239.5 35.7172 0.0155022
  241 240.5 35.7069 0.0154978
  242 241.5 35.6792 0.0154858
  243 242.5 35.7203 0.0155036
  244 243.5 35.729 0.0155074
  245 244.5 35.6922 0.0154914
  246 245.5 35.7115 0.0154998
  247 246.5 35.7534 0.015518
  248 247.5 35.7141 0.0155009
  249 248.5 35.6908 0.0154908
  250 249.5 35.7239 0.0155052
  251 250.5 35.7041 0.0154966
  252 251.5 35.7156 0.0155015
  253 252.5 35.6989 0.0154943
  254 253.5 35.6846 0.0154881
  255 254.5 35.7196 0.0155033
  256 255.5 35.7129 0.0155004
  257 256.5 35.6795 0.0154859
  258 257.5 35.705 0.015497
  259 258.5 35.7207 0.0155038
  260 259.5 35.6954 0.0154928
  261 260.5 35.6899 0.0154904
  262 261.5 35.7357 0.0155103
  263 262.5 35.7192 0.0155031
  264 263.5 35.6674 0.0154807
  265 264.5 35.739 0.0155117
  266 265.5 35.6949 0.0154926
  267 266.5 35.7014 0.0154954
  268 267.5 35.678 0.0154852
  269 268.5 35.722 0.0155043
  270 269.5 35.6858 0.0154886
  271 270.5 35.6993 0.0154945
  272 271.5 35.7356 0.0155103
  273 272.5 35.6805 0.0154863
  274 273.5 35.6749 0.0154839
  275 274.5 35.728 0.015507
  276 275.5 35.7061 0.0154974
  277 276.5 35.6583 0.0154767
  278 277.5 35.7042 0.0154966
  279 278.5 35.7149 0.0155013
  280 279.5 35.6686 0.0154811
  281 280.5 35.7185 0.0155028
  282 281.5 35.7218 0.0155043
  283 282.5 35.7111 0.0154996
  284 283.5 35.6904 0.0154906
  285 284.5 35.7085 0.0154985
  286 285.5 35.75 0.0155165
  287 286.5 35.6971 0.0154936
  288 287.5 35.7116 0.0154998
  289 288.5 35.7554 0.0155189
  290 289.5 35.7021 0.0154957
  291 290.5 35.6912 0.015491
  292 291.5 35.7191 0.0155031
  293 292.5 35.7374 0.015511
  294 293.5 35.665 0.0154796
  295 294.5 35.7148 0.0155012
  296 295.5 35.7281 0.015507
  297 296.5 35.7235 0.015505
  298 297.5 35.6981 0.015494
  299 298.5 35.7336 0.0155094
  300 299.5 35.7417 0.0155129
  301 300.5 35.7175 0.0155024
  302 301.5 35.6964 0.0154932
  303 302.5 35.732 0.0155087
  304 303.5 35.7271 0.0155066
  305 304.5 35.7104 0.0154993
  306 305.5 35.7087 0.0154986
  307 306.5 35.7403 0.0155123
  308 307.5 35.719 0.015503
  309 308.5 35.7186 0.0155028
  310 309.5 35.6868 0.0154891
  311 310.5 35.72 0.0155035
  312 311.5 35.6964 0.0154932
  313 312.5 35.7237 0.0155051
  314 313.5 35.673 0.0154831
  315 314.5 35.6847 0.0154881
  316 315.5 35.7056 0.0154972
  317 316.5 35.6881 0.0154896
  318 317.5 35.6507 0.0154734
  319 318.5 35.6597 0.0154773
  320 319.5 35.6436 0.0154703
  321 320.5 35.599 0.015451
  322 321.5 35.5485 0.0154291
  323 322.5 35.5509 0.0154301
  324 323.5 35.4218 0.0153741
  325 324.5 35.3656 0.0153497
  326 325.5 35.2285 0.0152902
  327 326.5 34.9783 0.0151816
  328 327.5 34.6903 0.0150566
  329 328.5 34.2571 0.0148685
  330 329.5 33.5751 0.0145725
  331 330.5 32.5436 0.0141248
  332 331.5 31.2459 0.0135616
  333 332.5 29.5028 0.012805
  334 333.5 27.2798 0.0118402
  335 334.5 24.7299 0.0107335
  336 335.5 22.0141 0.00955472
  337 336.5 19.1381 0.00830647
  338 337.5 16.1961 0.00702955
  339 338.5 13.3362 0.00578829
  340 339.5 10.6005 0.00460091
  341 340.5 8.08886 0.00351079
  342 341.5 5.88346 0.00255359
  343 342.5 4.15938 0.00180529
  344 343.5 2.89588 0.00125689
  345 344.5 2.02247 0.000877809
  346 345.5 1.45814 0.000632872
  347 346.5 1.12146 0.000486744
  348 347.5 0.929538 0.000403445
  349 348.5 0.816264 0.000354281
  350 349.5 0.753558 0.000327065
  351 350.5 0.717886 0.000311582
  352 351.5 0.700726 0.000304135
  353 352.5 0.68461 0.00029714
  354 353.5 0.676122 0.000293456
  355 354.5 0.664574 0.000288444
  356 355.5 0.663294 0.000287888
  357 356.5 0.664978 0.000288619
  358 357.5 0.67018 0.000290877
  359 358.5 0.674808 0.000292885
  360 359.5 0.674918 0.000292933
  361 360.5 0.669486 0.000290576
  362 361.5 0.681356 0.000295727
  363 362.5 0.680842 0.000295504
  364 363.5 0.680162 0.000295209
  365 364.5 0.686952 0.000298156
  366 365.5 0.681586 0.000295827
  367 366.5 0.679842 0.00029507
  368 367.5 0.679618 0.000294973
  369 368.5 0.687568 0.000298424
  370 369.5 0.687382 0.000298343
  371 370.5 0.683512 0.000296663
  372 371.5 0.688434 0.000298799
  373 372.5 0.68728 0.000298299
  374 373.5 0.682088 0.000296045
  375 374.5 0.683476 0.000296648
  376 375.5 0.684432 0.000297063
  377 376.5 0.689312 0.000299181
  378 377.5 0.689464 0.000299247
  379 378.5 0.692388 0.000300516
  380 379.5 0.69395 0.000301194
  381 380.5 0.686998 0.000298176
  382 381.5 0.692668 0.000300637
  383 382.5 0.690986 0.000299907
  384 383.5 0.684136 0.000296934
  385 384.5 0.681218 0.000295668
  386 385.5 0.675766 0.000293301
  387 386.5 0.67824 0.000294375
  388 387.5 0.670314 0.000290935
  389 388.5 0.673458 0.000292299
  390 389.5 0.676514 0.000293626
  391 390.5 0.681472 0.000295778
  392 391.5 0.672652 0.00029195
  393 392.5 0.674478 0.000292742
  394 393.5 0.667704 0.000289802
  395 394.5 0.661798 0.000287239
  396 395.5 0.65692 0.000285122
  397 396.5 0.657572 0.000285405
  398 397.5 0.652556 0.000283227
  399 398.5 0.645694 0.000280249
  400 399.5 0.642094 0.000278687
  401 400.5 0.63548 0.000275816
  402 401.5 0.627886 0.00027252
  403 402.5 0.621242 0.000269636
  404 403.5 0.611236 0.000265293
  405 404.5 0.608304 0.000264021
  406 405.5 0.614416 0.000266674
  407 406.5 0.60671 0.000263329
  408 407.5 0.602204 0.000261373
  409 408.5 0.59675 0.000259006
  410 409.5 0.591442 0.000256702
  411 410.5 0.584078 0.000253506
  412 411.5 0.577864 0.000250809
  413 412.5 0.572444 0.000248457
  414 413.5 0.568666 0.000246817
  415 414.5 0.56237 0.000244084
  416 415.5 0.55789 0.00024214
  417 416.5 0.554974 0.000240874
  418 417.5 0.548798 0.000238194
  419 418.5 0.534216 0.000231865
  420 419.5 0.524928 0.000227833
  421 420.5 0.52108 0.000226163
  422 421.5 0.516172 0.000224033
  423 422.5 0.50475 0.000219076
  424 423.5 0.500736 0.000217333
  425 424.5 0.499724 0.000216894
  426 425.5 0.494486 0.000214621
  427 426.5 0.49163 0.000213381
  428 427.5 0.487412 0.00021155
  429 428.5 0.479106 0.000207945
  430 429.5 0.468334 0.00020327
  431 430.5 0.465226 0.000201921
  432 431.5 0.461804 0.000200436
  433 432.5 0.460896 0.000200042
  434 433.5 0.457178 0.000198428
  435 434.5 0.455634 0.000197758
  436 435.5 0.450584 0.000195566
  437 436.5 0.446298 0.000193706
  438 437.5 0.441866 0.000191782
  439 438.5 0.443878 0.000192655
  440 439.5 0.447366 0.000194169
  441 440.5 0.444358 0.000192864
  442 441.5 0.444062 0.000192735
  443 442.5 0.440862 0.000191346
  444 443.5 0.44085 0.000191341
  445 444.5 0.441598 0.000191666
  446 445.5 0.442148 0.000191905
  447 446.5 0.441346 0.000191556
  448 447.5 0.443518 0.000192499
  449 448.5 0.443424 0.000192458
  450 449.5 0.442528 0.000192069
  451 450.5 0.443324 0.000192415
  452 451.5 0.44249 0.000192053
  453 452.5 0.44191 0.000191801
  454 453.5 0.43809 0.000190143
  455 454.5 0.435136 0.000188861
  456 455.5 0.439792 0.000190882
  457 456.5 0.438984 0.000190531
  458 457.5 0.440388 0.000191141
  459 458.5 0.440642 0.000191251
  460 459.5 0.441212 0.000191498
  461 460.5 0.441328 0.000191549
  462 461.5 0.440276 0.000191092
  463 462.5 0.44587 0.00019352
  464 463.5 0.440708 0.00019128
  465 464.5 0.441942 0.000191815
  466 465.5 0.44067 0.000191263
  467 466.5 0.439058 0.000190563
  468 467.5 0.435214 0.000188895
  469 468.5 0.438488 0.000190316
  470 469.5 0.43835 0.000190256
  471 470.5 0.43845 0.000190299
  472 471.5 0.432138 0.00018756
  473 472.5 0.432302 0.000187631
  474 473.5 0.429314 0.000186334
  475 474.5 0.436434 0.000189424
  476 475.5 0.440348 0.000191123
  477 476.5 0.439216 0.000190632
  478 477.5 0.445024 0.000193153
  479 478.5 0.444592 0.000192965
  480 479.5 0.438814 0.000190457
30000000 480 5873.000000000001
  1 0.5 0.42945 0.000186393
  2 1.5 0.428624 0.000186035
  3 2.5 0.433444 0.000188127
  4 3.5 0.432672 0.000187792
  5 4.5 0.435134 0.00018886
  6 5.5 0.431796 0.000187411
  7 6.5 0.429564 0.000186443
  8 7.5 0.42929 0.000186324
  9 8.5 0.42942 0.00018638
  10 9.5 0.429974 0.000186621
  11 10.5 0.428096 0.000185806
  12 11.5 0.431416 0.000187247
  13 12.5 0.43481 0.00018872
  14 13.5 0.43758 0.000189922
  15 14.5 0.44001 0.000190977
  16 15.5 0.439798 0.000190885
  17 16.5 0.433486 0.000188145
  18 17.5 0.433682 0.00018823
  19 18.5 0.433488 0.000188146
  20 19.5 0.434564 0.000188613
  21 20.5 0.42987 0.000186576
  22 21.5 0.433502 0.000188152
  23 22.5 0.437216 0.000189764
  24 23.5 0.429376 0.000186361
  25 24.5 0.434568 0.000188615
  26 25.5 0.436986 0.000189664
  27 26.5 0.432736 0.000187819
  28 27.5 0.432986 0.000187928
  29 28.5 0.439036 0.000190554
  30 29.5 0.438258 0.000190216
  31 30.5 0.437802 0.000190018
  32 31.5 0.438182 0.000190183
  33 32.5 0.437756 0.000189998
  34 33.5 0.440802 0.00019132
  35 34.5 0.435746 0.000189126
  36 35.5 0.442182 0.000191919
  37 36.5 0.438468 0.000190307
  38 37.5 0.438032 0.000190118
  39 38.5 0.442768 0.000192174
  40 39.5 0.44379 0.000192617
  41 40.5 0.438336 0.00019025
  42 41.5 0.438154 0.000190171
  43 42.5 0.435258 0.000188914
  44 43.5 0.436634 0.000189511
  45 44.5 0.43492 0.000188767
  46 45.5 0.435432 0.00018899
  47 46.5 0.43795 0.000190082
  48 47.5 0.441438 0.000191596
  49 48.5 0.447452 0.000194207
  50 49.5 0.443146 0.000192338
  51 50.5 0.438544 0.00019034
  52 51.5 0.440928 0.000191375
  53 52.5 0.439372 0.0001907
  54 53.5 0.436524 0.000189464
  55 54.5 0.436844 0.000189602
  56 55.5 0.441038 0.000191423
  57 56.5 0.446152 0.000193642
  58 57.5 0.446114 0.000193626
  59 58.5 0.445864 0.000193517
  60 59.5 0.444144 0.000192771
  61 60.5 0.442636 0.000192116
  62 61.5 0.44311 0.000192322
  63 62.5 0.438972 0.000190526
  64 63.5 0.439864 0.000190913
  65 64.5 0.439456 0.000190736
  66 65.5 0.444124 0.000192762
  67 66.5 0.441756 0.000191734
  68 67.5 0.445936 0.000193549
  69 68.5 0.440714 0.000191282
  70 69.5 0.444536 0.000192941
  71 70.5 0.44926 0.000194991
  72 71.5 0.453216 0.000196708
  73 72.5 0.456268 0.000198033
  74 73.5 0.460748 0.000199977
  75 74.5 0.459988 0.000199648
  76 75.5 0.46537 0.000201984
  77 76.5 0.464912 0.000201785
  78 77.5 0.466884 0.000202641
  79 78.5 0.476526 0.000206826
  80 79.5 0.484222 0.000210166
  81 80.5 0.489936 0.000212646
  82 81.5 0.495156 0.000214911
  83 82.5 0.509312 0.000221056
  84 83.5 0.515208 0.000223615
  85 84.5 0.527834 0.000229095
  86 85.5 0.535704 0.00023251
  87 86.5 0.545362 0.000236702
  88 87.5 0.561034 0.000243504
  89 88.5 0.570522 0.000247622
  90 89.5 0.58808 0.000255243
  91 90.5 0.606758 0.00026335
  92 91.5 0.615054 0.000266951
  93 92.5 0.628516 0.000272793
  94 93.5 0.645142 0.00028001
  95 94.5 0.66456 0.000288438
  96 95.5 0.67912 0.000294757
  97 96.5 0.684426 0.00029706
  98 97.5 0.695848 0.000302017
  99 98.5 0.704314 0.000305692
  100 99.5 0.712608 0.000309292
  101 100.5 0.716086 0.000310801
  102 101.5 0.71972 0.000312378
  103 102.5 0.72671 0.000315412
  104 103.5 0.730402 0.000317015
  105 104.5 0.734298 0.000318706
  106 105.5 0.734174 0.000318652
  107 106.5 0.728008 0.000315976
  108 107.5 0.735676 0.000319304
  109 108.5 0.735578 0.000319261
  110 109.5 0.737436 0.000320068
  111 110.5 0.73871 0.000320621
  112 111.5 0.735838 0.000319374
  113 112.5 0.734292 0.000318703
  114 113.5 0.73021 0.000316931
  115 114.5 0.724324 0.000314377
  116 115.5 0.721086 0.000312971
  117 116.5 0.716778 0.000311102
  118 117.5 0.718322 0.000311772
  119 118.5 0.713316 0.000309599
  120 119.5 0.711422 0.000308777
  121 120.5 0.710108 0.000308207
  122 121.5 0.712298 0.000309157
  123 122.5 0.713352 0.000309615
  124 123.5 0.711348 0.000308745
  125 124.5 0.704566 0.000305801
  126 125.5 0.70837 0.000307452
  127 126.5 0.707676 0.000307151
  128 127.5 0.703704 0.000305427
  129 128.5 0.698246 0.000303058
  130 129.5 0.70229 0.000304813
  131 130.5 0.70608 0.000306458
  132 131.5 0.698914 0.000303348
  133 132.5 0.692468 0.00030055
  134 133.5 0.693618 0.000301049
  135 134.5 0.691688 0.000300212
  136 135.5 0.697442 0.000302709
  137 136.5 0.700524 0.000304047
  138 137.5 0.702252 0.000304797
  139 138.5 0.699326 0.000303527
  140 139.5 0.70192 0.000304653
  141 140.5 0.70003 0.000303832
  142 141.5 0.705056 0.000306014
  143 142.5 0.70197 0.000304674
  144 143.5 0.699024 0.000303396
  145 144.5 0.694386 0.000301383
  146 145.5 0.689174 0.000299121
  147 146.5 0.692018 0.000300355
  148 147.5 0.6897 0.000299349
  149 148.5 0.689866 0.000299421
  150 149.5 0.684554 0.000297115
  151 150.5 0.683132 0.000296498
  152 151.5 0.683268 0.000296557
  153 152.5 0.684198 0.000296961
  154 153.5 0.68425 0.000296984
  155 154.5 0.68118 0.000295651
  156 155.5 0.675544 0.000293205
  157 156.5 0.67241 0.000291845
  158 157.5 0.679418 0.000294886
  159 158.5 0.680686 0.000295437
  160 159.5 0.68013 0.000295195
  161 160.5 0.680076 0.000295172
  162 161.5 0.681042 0.000295591
  163 162.5 0.684488 0.000297087
  164 163.5 0.685574 0.000297558
  165 164.5 0.690484 0.000299689
  166 165.5 0.693996 0.000301214
  167 166.5 0.703078 0.000305155
  168 167.5 0.714754 0.000310223
  169 168.5 0.73454 0.000318811
  170 169.5 0.765974 0.000332454
  171 170.5 0.810952 0.000351976
  172 171.5 0.892372 0.000387314
  173 172.5 1.03165 0.000447764
  174 173.5 1.27915 0.000555185
  175 174.5 1.69437 0.000735404
  176 175.5 2.37941 0.00103273
  177 176.5 3.51133 0.00152401
  178 177.5 5.25817 0.00228219
  179 178.5 7.72065 0.00335098
  180 179.5 10.9813 0.00476618
  181 180.5 14.8256 0.00643474
  182 181.5 18.9888 0.00824167
  183 182.5 22.956 0.00996356
  184 183.5 26.4132 0.0114641
  185 184.5 29.1828 0.0126661
  186 185.5 31.2565 0.0135662
  187 186.5 32.6845 0.014186
  188 187.5 33.6628 0.0146106
  189 188.5 34.324 0.0148976
  190 189.5 34.719 0.015069
  191 190.5 35.0119 0.0151961
  192 191.5 35.2394 0.0152949
  193 192.5 35.3316 0.0153349
  194 193.5 35.4175 0.0153722
  195 194.5 35.511 0.0154128
  196 195.5 35.5681 0.0154375
  197 196.5 35.5646 0.015436
  198 197.5 35.63 0.0154644
  199 198.5 35.6264 0.0154628
  200 199.5 35.6546 0.0154751
  201 200.5 35.6636 0.015479
  202 201.5 35.6316 0.0154651
  203 202.5 35.6656 0.0154799
  204 203.5 35.6706 0.015482
  205 204.5 35.659 0.015477
  206 205.5 35.6302 0.0154645
  207 206.5 35.6619 0.0154782
  208 207.5 35.69 0.0154905
  209 208.5 35.6206 0.0154603
  210 209.5 35.6267 0.015463
  211 210.5 35.6816 0.0154868
  212 211.5 35.6789 0.0154856
  213 212.5 35.6239 0.0154618
  214 213.5 35.6438 0.0154704
  215 214.5 35.6735 0.0154833
  216 215.5 35.6754 0.0154841
  217 216.5 35.6534 0.0154746
  218 217.5 35.6327 0.0154656
  219 218.5 35.6957 0.0154929
  220 219.5 35.667 0.0154805
  221 220.5 35.6416 0.0154694
  222 221.5 35.6396 0.0154686
  223 222.5 35.6802 0.0154862
  224 223.5 35.664 0.0154792
  225 224.5 35.6361 0.015467
  226 225.5 35.6224 0.0154611
  227 226.5 35.6463 0.0154715
  228 227.5 35.6698 0.0154817
  229 228.5 35.6159 0.0154583
  230 229.5 35.6415 0.0154694
  231 230.5 35.6512 0.0154736
  232 231.5 35.6387 0.0154682
  233 232.5 35.5974 0.0154503
  234 233.5 35.6701 0.0154818
  235 234.5 35.6673 0.0154806
  236 235.5 35.6468 0.0154717
  237 236.5 35.6069 0.0154544
  238 237.5 35.6577 0.0154764
  239 238.5 35.6637 0.015479
  240 239.5 35.6107 0.015456
  241 240.5 35.6484 0.0154724
  242 241.5 35.6501 0.0154731
  243 242.5 35.6709 0.0154821
  244 243.5 35.621 0.0154605
  245 244.5 35.6579 0.0154765
  246 245.5 35.6946 0.0154924
  247 246.5 35.6573 0.0154763
  248 247.5 35.6354 0.0154667
  249 248.5 35.7303 0.0155079
  250 249.5 35.6975 0.0154937
  251 250.5 35.6717 0.0154825
  252 251.5 35.671 0.0154822
  253 252.5 35.737 0.0155108
  254 253.5 35.6833 0.0154876
  255 254.5 35.6671 0.0154805
  256 255.5 35.7232 0.0155048
  257 256.5 35.7142 0.0155009
  258 257.5 35.6868 0.0154891
  259 258.5 35.6872 0.0154892
  260 259.5 35.6753 0.0154841
  261 260.5 35.7009 0.0154952
  262 261.5 35.6813 0.0154867
  263 262.5 35.6628 0.0154787
  264 263.5 35.6712 0.0154823
  265 264.5 35.6637 0.015479
  266 265.5 35.6627 0.0154786
  267 266.5 35.6476 0.015472
  268 267.5 35.6926 0.0154916
  269 268.5 35.6583 0.0154767
  270 269.5 35.7077 0.0154981
  271 270.5 35.647 0.0154718
  272 271.5 35.6706 0.015482
  273 272.5 35.691 0.0154909
  274 273.5 35.689 0.01549
  275 274.5 35.6812 0.0154866
  276 275.5 35.66 0.0154774
  277 276.5 35.6965 0.0154933
  278 277.5 35.6999 0.0154948
  279 278.5 35.652 0.015474
  280 279.5 35.6775 0.015485
  281 280.5 35.7294 0.0155075
  282 281.5 35.6573 0.0154762
  283 282.5 35.6647 0.0154795
  284 283.5 35.7004 0.015495
  285 284.5 35.6933 0.0154919
  286 285.5 35.6444 0.0154707
  287 286.5 35.7091 0.0154988
  288 287.5 35.6957 0.0154929
  289 288.5 35.6936 0.015492
  290 289.5 35.6517 0.0154738
  291 290.5 35.7118 0.0154999
  292 291.5 35.6944 0.0154924
  293 292.5 35.648 0.0154722
  294 293.5 35.6459 0.0154713
  295 294.5 35.6949 0.0154926
  296 295.5 35.6728 0.015483
  297 296.5 35.6271 0.0154632
  298 297.5 35.6836 0.0154877
  299 298.5 35.6971 0.0154935
  300 299.5 35.6258 0.0154626
  301 300.5 35.636 0.015467
  302 301.5 35.692 0.0154913
  303 302.5 35.6628 0.0154786
  304 303.5 35.6431 0.0154701
  305 304.5 35.6513 0.0154737
  306 305.5 35.6571 0.0154762
  307 306.5 35.6419 0.0154696
  308 307.5 35.6453 0.0154711
  309 308.5 35.638 0.0154679
  310 309.5 35.6417 0.0154695
  311 310.5 35.6347 0.0154664
  312 311.5 35.6517 0.0154738
  313 312.5 35.6229 0.0154613
  314 313.5 35.633 0.0154657
  315 314.5 35.6602 0.0154775
  316 315.5 35.6535 0.0154746
  317 316.5 35.6069 0.0154544
  318 317.5 35.6468 0.0154717
  319 318.5 35.6462 0.0154714
  320 319.5 35.6386 0.0154681
  321 320.5 35.6123 0.0154567
  322 321.5 35.6161 0.0154584
  323 322.5 35.6277 0.0154634
  324 323.5 35.5881 0.0154462
  325 324.5 35.5725 0.0154394
  326 325.5 35.5688 0.0154379
  327 326.5 35.512 0.0154132
  328 327.5 35.4543 0.0153882
  329 328.5 35.4094 0.0153687
  330 329.5 35.3052 0.0153234
  331 330.5 35.1971 0.0152765
  332 331.5 35.0245 0.0152016
  333 332.5 34.7637 0.0150884
  334 333.5 34.3584 0.0149125
  335 334.5 33.8235 0.0146803
  336 335.5 32.9598 0.0143055
  337 336.5 31.645 0.0137348
  338 337.5 29.8044 0.0129359
  339 338.5 27.2374 0.0118218
  340 339.5 23.954 0.0103967
  341 340.5 20.0265 0.00869204
  342 341.5 15.9281 0.00691323
  343 342.5 11.9323 0.00517895
  344 343.5 8.49269 0.00368607
  345 344.5 5.80177 0.00251813
  346 345.5 3.88455 0.001686
  347 346.5 2.63324 0.0011429
  348 347.5 1.83968 0.000798474
  349 348.5 1.36693 0.000593286
  350 349.5 1.08793 0.000472194
  351 350.5 0.93735 0.000406836
  352 351.5 0.842608 0.000365715
  353 352.5 0.78064 0.000338819
  354 353.5 0.756696 0.000328427
  355 354.5 0.738454 0.00032051
  356 355.5 0.723136 0.000313861
  357 356.5 0.717294 0.000311326
  358 357.5 0.711822 0.000308951
  359 358.5 0.704544 0.000305792
  360 359.5 0.700304 0.000303951
  361 360.5 0.701934 0.000304659
  362 361.5 0.701694 0.000304555
  363 362.5 0.705618 0.000306258
  364 363.5 0.705778 0.000306327
  365 364.5 0.705098 0.000306032
  366 365.5 0.709418 0.000307907
  367 366.5 0.707846 0.000307225
  368 367.5 0.700464 0.000304021
  369 368.5 0.703482 0.000305331
  370 369.5 0.705584 0.000306243
  371 370.5 0.706468 0.000306627
  372 371.5 0.70523 0.000306089
  373 372.5 0.702298 0.000304817
  374 373.5 0.704936 0.000305962
  375 374.5 0.70348 0.00030533
  376 375.5 0.696782 0.000302423
  377 376.5 0.694644 0.000301495
  378 377.5 0.700796 0.000304165
  379 378.5 0.70194 0.000304661
  380 379.5 0.703532 0.000305352
  381 380.5 0.701858 0.000304626
  382 381.5 0.700186 0.0003039
  383 382.5 0.698526 0.00030318
  384 383.5 0.691312 0.000300049
  385 384.5 0.689042 0.000299063
  386 385.5 0.685958 0.000297725
  387 386.5 0.680268 0.000295255
  388 387.5 0.680154 0.000295206
  389 388.5 0.678318 0.000294409
  390 389.5 0.6776 0.000294097
  391 390.5 0.678416 0.000294451
  392 391.5 0.68408 0.00029691
  393 392.5 0.681714 0.000295883
  394 393.5 0.690264 0.000299594
  395 394.5 0.69274 0.000300668
  396 395.5 0.695594 0.000301907
  397 396.5 0.697548 0.000302755
  398 397.5 0.698924 0.000303352
  399 398.5 0.702906 0.000305081
  400 399.5 0.70807 0.000307322
  401 400.5 0.711336 0.00030874
  402 401.5 0.715208 0.00031042
  403 402.5 0.713746 0.000309786
  404 403.5 0.721238 0.000313037
  405 404.5 0.724702 0.000314541
  406 405.5 0.723656 0.000314087
  407 406.5 0.717202 0.000311286
  408 407.5 0.727036 0.000315554
  409 408.5 0.727204 0.000315627
  410 409.5 0.731644 0.000317554
  411 410.5 0.736982 0.000319871
  412 411.5 0.736124 0.000319498
  413 412.5 0.732226 0.000317806
  414 413.5 0.739502 0.000320964
  415 414.5 0.735292 0.000319137
  416 415.5 0.73622 0.00031954
  417 416.5 0.736336 0.00031959
  418 417.5 0.736732 0.000319762
  419 418.5 0.732608 0.000317972
  420 419.5 0.734532 0.000318807
  421 420.5 0.726482 0.000315313
  422 421.5 0.722176 0.000313444
  423 422.5 0.72057 0.000312747
  424 423.5 0.70613 0.00030648
  425 424.5 0.696036 0.000302099
  426 425.5 0.69376 0.000301111
  427 426.5 0.682058 0.000296032
  428 427.5 0.67288 0.000292049
  429 428.5 0.658818 0.000285945
  430 429.5 0.64725 0.000280924
  431 430.5 0.633506 0.000274959
  432 431.5 0.620102 0.000269141
  433 432.5 0.610602 0.000265018
  434 433.5 0.597564 0.000259359
  435 434.5 0.587288 0.000254899
  436 435.5 0.564014 0.000244798
  437 436.5 0.55522 0.000240981
  438 437.5 0.548086 0.000237885
  439 438.5 0.53233 0.000231046
  440 439.5 0.523396 0.000227168
  441 440.5 0.514124 0.000223144
  442 441.5 0.507474 0.000220258
  443 442.5 0.50216 0.000217951
  444 443.5 0.493474 0.000214181
  445 444.5 0.486472 0.000211142
  446 445.5 0.476034 0.000206612
  447 446.5 0.466214 0.00020235
  448 447.5 0.465656 0.000202108
  449 448.5 0.461114 0.000200136
  450 449.5 0.454652 0.000197332
  451 450.5 0.448878 0.000194826
  452 451.5 0.445306 0.000193275
  453 452.5 0.44383 0.000192635
  454 453.5 0.446118 0.000193628
  455 454.5 0.443566 0.00019252
  456 455.5 0.441806 0.000191756
  457 456.5 0.435236 0.000188905
  458 457.5 0.434318 0.000188506
  459 458.5 0.437198 0.000189756
  460 459.5 0.438128 0.00019016
  461 460.5 0.436422 0.000189419
  462 461.5 0.435408 0.000188979
  463 462.5 0.437452 0.000189866
  464 463.5 0.435218 0.000188897
  465 464.5 0.43275 0.000187826
  466 465.5 0.432288 0.000187625
  467 466.5 0.435052 0.000188825
  468 467.5 0.432512 0.000187722
  469 468.5 0.429198 0.000186284
  470 469.5 0.430188 0.000186714
  471 470.5 0.434268 0.000188484
  472 471.5 0.432266 0.000187615
  473 472.5 0.431932 0.00018747
  474 473.5 0.434424 0.000188552
  475 474.5 0.437968 0.00019009
  476 475.5 0.437408 0.000189847
  477 476.5 0.434432 0.000188556
  478 477.5 0.432108 0.000187547
  479 478.5 0.43244 0.000187691
  480 479.5 0.430082 0.000186668
40000000 480 5872.999999999999
  1 0.5 0.39763 0.000172582
  2 1.5 0.39836 0.000172899
  3 2.5 0.392478 0.000170346
  4 3.5 0.390668 0.000169561
  5 4.5 0.390152 0.000169337
  6 5.5 0.39013 0.000169327
  7 6.5 0.393304 0.000170705
  8 7.5 0.390606 0.000169534
  9 8.5 0.394174 0.000171082
  10 9.5 0.391784 0.000170045
  11 10.5 0.394328 0.000171149
  12 11.5 0.395862 0.000171815
  13 12.5 0.3966 0.000172135
  14 13.5 0.398598 0.000173003
  15 14.5 0.401514 0.000174268
  16 15.5 0.39939 0.000173346
  17 16.5 0.396738 0.000172195
  18 17.5 0.396478 0.000172082
  19 18.5 0.394962 0.000171424
  20 19.5 0.400706 0.000173918
  21 20.5 0.399002 0.000173178
  22 21.5 0.397908 0.000172703
  23 22.5 0.398648 0.000173024
  24 23.5 0.397896 0.000172698
  25 24.5 0.39934 0.000173325
  26 25.5 0.399356 0.000173332
  27 26.5 0.399682 0.000173473
  28 27.5 0.40419 0.00017543
  29 28.5 0.402548 0.000174717
  30 29.5 0.407002 0.00017665
  31 30.5 0.405482 0.00017599
  32 31.5 0.406656 0.0001765
  33 32.5 0.40988 0.000177899
  34 33.5 0.40622 0.000176311
  35 34.5 0.40388 0.000175295
  36 35.5 0.40395 0.000175326
  37 36.5 0.406146 0.000176279
  38 37.5 0.407824 0.000177007
  39 38.5 0.405216 0.000175875
  40 39.5 0.411648 0.000178667
  41 40.5 0.407032 0.000176663
  42 41.5 0.405682 0.000176077
  43 42.5 0.404552 0.000175587
  44 43.5 0.401068 0.000174075
  45 44.5 0.397156 0.000172377
  46 45.5 0.399794 0.000173522
  47 46.5 0.399474 0.000173383
  48 47.5 0.400184 0.000173691
  49 48.5 0.404924 0.000175748
  50 49.5 0.406168 0.000176288
  51 50.5 0.409662 0.000177805
  52 51.5 0.406064 0.000176243
  53 52.5 0.403378 0.000175077
  54 53.5 0.403392 0.000175083
  55 54.5 0.404286 0.000175471
  56 55.5 0.404992 0.000175778
  57 56.5 0.40228 0.000174601
  58 57.5 0.401576 0.000174295
  59 58.5 0.405066 0.00017581
  60 59.5 0.40409 0.000175386
  61 60.5 0.40022 0.000173707
  62 61.5 0.399278 0.000173298
  63 62.5 0.400014 0.000173617
  64 63.5 0.396654 0.000172159
  65 64.5 0.398808 0.000173094
  66 65.5 0.397114 0.000172359
  67 66.5 0.395732 0.000171759
  68 67.5 0.398026 0.000172754
  69 68.5 0.401578 0.000174296
  70 69.5 0.401874 0.000174424
  71 70.5 0.401154 0.000174112
  72 71.5 0.403652 0.000175196
  73 72.5 0.403408 0.00017509
  74 73.5 0.407254 0.00017676
  75 74.5 0.403688 0.000175212
  76 75.5 0.403176 0.00017499
  77 76.5 0.40556 0.000176024
  78 77.5 0.404752 0.000175674
  79 78.5 0.40641 0.000176393
  80 79.5 0.406598 0.000176475
  81 80.5 0.410874 0.000178331
  82 81.5 0.407452 0.000176845
  83 82.5 0.40471 0.000175655
  84 83.5 0.404542 0.000175582
  85 84.5 0.407306 0.000176782
  86 85.5 0.404772 0.000175682
  87 86.5 0.409662 0.000177805
  88 87.5 0.408588 0.000177339
  89 88.5 0.410862 0.000178326
  90 89.5 0.411922 0.000178786
  91 90.5 0.413136 0.000179313
  92 91.5 0.41624 0.00018066
  93 92.5 0.420832 0.000182653
  94 93.5 0.420662 0.000182579
  95 94.5 0.421982 0.000183152
  96 95.5 0.426258 0.000185008
  97 96.5 0.431942 0.000187475
  98 97.5 0.436552 0.000189476
  99 98.5 0.438028 0.000190116
  100 99.5 0.446734 0.000193895
  101 100.5 0.450138 0.000195372
  102 101.5 0.454672 0.00019734
  103 102.5 0.461576 0.000200337
  104 103.5 0.469102 0.000203603
  105 104.5 0.479244 0.000208005
  106 105.5 0.491422 0.000213291
  107 106.5 0.50067 0.000217305
  108 107.5 0.5137 0.00022296
  109 108.5 0.522058 0.000226588
  110 109.5 0.53148 0.000230677
  111 110.5 0.541834 0.000235171
  112 111.5 0.555416 0.000241066
  113 112.5 0.570994 0.000247827
  114 113.5 0.585952 0.000254319
  115 114.5 0.59556 0.00025849
  116 115.5 0.61138 0.000265356
  117 116.5 0.627236 0.000272238
  118 117.5 0.641568 0.000278458
  119 118.5 0.647994 0.000281247
  120 119.5 0.659504 0.000286243
  121 120.5 0.668646 0.000290211
  122 121.5 0.676788 0.000293745
  123 122.5 0.682482 0.000296216
  124 123.5 0.690488 0.000299691
  125 124.5 0.690464 0.000299681
  126 125.5 0.692842 0.000300713
  127 126.5 0.699878 0.000303766
  128 127.5 0.713374 0.000309624
  129 128.5 0.714142 0.000309957
  130 129.5 0.714676 0.000310189
  131 130.5 0.707302 0.000306989
  132 131.5 0.715176 0.000310406
  133 132.5 0.72208 0.000313403
  134 133.5 0.712898 0.000309418
  135 134.5 0.712548 0.000309266
  136 135.5 0.710524 0.000308387
  137 136.5 0.709766 0.000308058
  138 137.5 0.713074 0.000309494
  139 138.5 0.709864 0.000308101
  140 139.5 0.703022 0.000305131
  141 140.5 0.70389 0.000305508
  142 141.5 0.698812 0.000303304
  143 142.5 0.702032 0.000304701
  144 143.5 0.7073 0.000306988
  145 144.5 0.704676 0.000305849
  146 145.5 0.71183 0.000308954
  147 146.5 0.71251 0.000309249
  148 147.5 0.709328 0.000307868
  149 148.5 0.706622 0.000306694
  150 149.5 0.699414 0.000303565
  151 150.5 0.6972 0.000302604
  152 151.5 0.699796 0.000303731
  153 152.5 0.695192 0.000301733
  154 153.5 0.692048 0.000300368
  155 154.5 0.68422 0.00029697
  156 155.5 0.68609 0.000297782
  157 156.5 0.69227 0.000300464
  158 157.5 0.68372 0.000296753
  159 158.5 0.691742 0.000300235
  160 159.5 0.691202 0.000300001
  161 160.5 0.694484 0.000301425
  162 161.5 0.697016 0.000302524
  163 162.5 0.696076 0.000302116
  164 163.5 0.694214 0.000301308
  165 164.5 0.695416 0.00030183
  166 165.5 0.695374 0.000301812
  167 166.5 0.690978 0.000299904
  168 167.5 0.699474 0.000303591
  169 168.5 0.702842 0.000305053
  170 169.5 0.71608 0.000310799
  171 170.5 0.729938 0.000316813
  172 171.5 0.75314 0.000326884
  173 172.5 0.791226 0.000343414
  174 173.5 0.85233 0.000369935
  175 174.5 0.949628 0.000412165
  176 175.5 1.14304 0.00049611
  177 176.5 1.45859 0.000633067
  178 177.5 2.00478 0.000870129
  179 178.5 2.91284 0.00126426
  180 179.5 4.34844 0.00188734
  181 180.5 6.43167 0.00279152
  182 181.5 9.29692 0.00403512
  183 182.5 12.8467 0.00557582
  184 183.5 16.7885 0.00728669
  185 184.5 20.8231 0.00903781
  186 185.5 24.577 0.0106671
  187 186.5 27.6791 0.0120135
  188 187.5 30.0832 0.013057
  189 188.5 31.8638 0.0138298
  190 189.5 33.1334 0.0143808
  191 190.5 33.8978 0.0147126
  192 191.5 34.4496 0.0149521
  193 192.5 34.868 0.0151337
  194 193.5 35.1101 0.0152388
  195 194.5 35.2231 0.0152878
  196 195.5 35.3895 0.01536
  197 196.5 35.4523 0.0153873
  198 197.5 35.5165 0.0154151
  199 198.5 35.5275 0.0154199
  200 199.5 35.5697 0.0154382
  201 200.5 35.583 0.015444
  202 201.5 35.6465 0.0154716
  203 202.5 35.6115 0.0154564
  204 203.5 35.6234 0.0154615
  205 204.5 35.6566 0.015476
  206 205.5 35.6335 0.0154659
  207 206.5 35.6271 0.0154631
  208 207.5 35.6572 0.0154762
  209 208.5 35.664 0.0154792
  210 209.5 35.6568 0.015476
  211 210.5 35.6479 0.0154722
  212 211.5 35.6438 0.0154704
  213 212.5 35.6559 0.0154756
  214 213.5 35.6655 0.0154798
  215 214.5 35.6695 0.0154816
  216 215.5 35.635 0.0154666
  217 216.5 35.6392 0.0154684
  218 217.5 35.6809 0.0154865
  219 218.5 35.6515 0.0154737
  220 219.5 35.6193 0.0154598
  221 220.5 35.6407 0.0154691
  222 221.5 35.7086 0.0154985
  223 222.5 35.633 0.0154657
  224 223.5 35.6448 0.0154708
  225 224.5 35.6392 0.0154684
  226 225.5 35.6699 0.0154817
  227 226.5 35.6068 0.0154543
  228 227.5 35.6161 0.0154584
  229 228.5 35.6199 0.01546
  230 229.5 35.6434 0.0154702
  231 230.5 35.6308 0.0154648
  232 231.5 35.6286 0.0154638
  233 232.5 35.6225 0.0154611
  234 233.5 35.6115 0.0154564
  235 234.5 35.6682 0.015481
  236 235.5 35.5899 0.015447
  237 236.5 35.6283 0.0154637
  238 237.5 35.6768 0.0154847
  239 238.5 35.6475 0.015472
  240 239.5 35.6274 0.0154633
  241 240.5 35.6702 0.0154819
  242 241.5 35.6685 0.0154811
  243 242.5 35.626 0.0154627
  244 243.5 35.6702 0.0154818
  245 244.5 35.6853 0.0154884
  246 245.5 35.6196 0.0154599
  247 246.5 35.6936 0.015492
  248 247.5 35.6551 0.0154753
  249 248.5 35.6734 0.0154833
  250 249.5 35.652 0.0154739
  251 250.5 35.7069 0.0154978
  252 251.5 35.6411 0.0154692
  253 252.5 35.6849 0.0154882
  254 253.5 35.6821 0.015487
  255 254.5 35.6572 0.0154762
  256 255.5 35.6436 0.0154703
  257 256.5 35.6775 0.015485
  258 257.5 35.6872 0.0154892
  259 258.5 35.6705 0.015482
  260 259.5 35.6658 0.0154799
  261 260.5 35.6765 0.0154846
  262 261.5 35.6768 0.0154847
  263 262.5 35.661 0.0154778
  264 263.5 35.6871 0.0154892
  265 264.5 35.7054 0.0154971
  266 265.5 35.6492 0.0154727
  267 266.5 35.6813 0.0154867
  268 267.5 35.6674 0.0154806
  269 268.5 35.7298 0.0155077
  270 269.5 35.6632 0.0154788
  271 270.5 35.6681 0.0154809
  272 271.5 35.7469 0.0155151
  273 272.5 35.682 0.015487
  274 273.5 35.6755 0.0154841
  275 274.5 35.7081 0.0154983
  276 275.5 35.6921 0.0154914
  277 276.5 35.7378 0.0155112
  278 277.5 35.7178 0.0155025
  279 278.5 35.6932 0.0154918
  280 279.5 35.7141 0.0155009
  281 280.5 35.7402 0.0155123
  282 281.5 35.7041 0.0154966
  283 282.5 35.7015 0.0154955
  284 283.5 35.7302 0.0155079
  285 284.5 35.6796 0.0154859
  286 285.5 35.7065 0.0154976
  287 286.5 35.714 0.0155009
  288 287.5 35.6671 0.0154805
  289 288.5 35.6923 0.0154914
  290 289.5 35.6851 0.0154883
  291 290.5 35.7039 0.0154965
  292 291.5 35.6702 0.0154818
  293 292.5 35.6724 0.0154828
  294 293.5 35.7202 0.0155036
  295 294.5 35.6792 0.0154858
  296 295.5 35.6769 0.0154848
  297 296.5 35.6998 0.0154947
  298 297.5 35.7289 0.0155073
  299 298.5 35.6599 0.0154774
  300 299.5 35.6708 0.0154821
  301 300.5 35.7235 0.015505
  302 301.5 35.6511 0.0154736
  303 302.5 35.6367 0.0154673
  304 303.5 35.7107 0.0154994
  305 304.5 35.6587 0.0154769
  306 305.5 35.6049 0.0154535
  307 306.5 35.6869 0.0154891
  308 307.5 35.6671 0.0154805
  309 308.5 35.6099 0.0154557
  310 309.5 35.6321 0.0154653
  311 310.5 35.6794 0.0154858
  312 311.5 35.6584 0.0154767
  313 312.5 35.6342 0.0154662
  314 313.5 35.6438 0.0154704
  315 314.5 35.6634 0.0154789
  316 315.5 35.6593 0.0154771
  317 316.5 35.6562 0.0154758
  318 317.5 35.6537 0.0154747
  319 318.5 35.6388 0.0154682
  320 319.5 35.6442 0.0154706
  321 320.5 35.6438 0.0154704
  322 321.5 35.6418 0.0154695
  323 322.5 35.6775 0.015485
  324 323.5 35.5924 0.0154481
  325 324.5 35.6228 0.0154613
  326 325.5 35.6314 0.015465
  327 326.5 35.6157 0.0154582
  328 327.5 35.5525 0.0154308
  329 328.5 35.5726 0.0154395
  330 329.5 35.5526 0.0154308
  331 330.5 35.472 0.0153958
  332 331.5 35.3954 0.0153626
  333 332.5 35.3241 0.0153316
  334 333.5 35.1757 0.0152672
  335 334.5 34.9592 0.0151733
  336 335.5 34.7002 0.0150609
  337 336.5 34.2275 0.0148557
  338 337.5 33.569 0.0145699
  339 338.5 32.5659 0.0141345
  340 339.5 31.1771 0.0135317
  341 340.5 29.1043 0.0126321
  342 341.5 26.4424 0.0114767
  343 342.5 23.0544 0.0100063
  344 343.5 19.1816 0.00832535
  345 344.5 15.1529 0.0065768
  346 345.5 11.3272 0.00491631
  347 346.5 8.09349 0.0035128
  348 347.5 5.5521 0.00240977
  349 348.5 3.73661 0.00162179
  350 349.5 2.53191 0.00109892
  351 350.5 1.78367 0.000774162
  352 351.5 1.33914 0.000581224
  353 352.5 1.06958 0.000464229
  354 353.5 0.92267 0.000400464
  355 354.5 0.832918 0.00036151
  356 355.5 0.781472 0.000339181
  357 356.5 0.748104 0.000324698
  358 357.5 0.726128 0.00031516
  359 358.5 0.713818 0.000309817
  360 359.5 0.708522 0.000307518
  361 360.5 0.694374 0.000301378
  362 361.5 0.688128 0.000298667
  363 362.5 0.687698 0.00029848
  364 363.5 0.691 0.000299913
  365 364.5 0.695018 0.000301657
  366 365.5 0.68979 0.000299388
  367 366.5 0.689274 0.000299164
  368 367.5 0.69312 0.000300833
  369 368.5 0.686806 0.000298093
  370 369.5 0.688208 0.000298701
  371 370.5 0.686512 0.000297965
  372 371.5 0.683266 0.000296556
  373 372.5 0.683234 0.000296543
  374 373.5 0.678106 0.000294317
  375 374.5 0.67046 0.000290998
  376 375.5 0.669004 0.000290366
  377 376.5 0.665336 0.000288774
  378 377.5 0.660234 0.00028656
  379 378.5 0.654864 0.000284229
  380 379.5 0.659778 0.000286362
  381 380.5 0.656554 0.000284963
  382 381.5 0.65447 0.000284058
  383 382.5 0.653886 0.000283805
  384 383.5 0.653772 0.000283755
  385 384.5 0.660338 0.000286605
  386 385.5 0.657774 0.000285492
  387 386.5 0.66605 0.000289084
  388 387.5 0.668896 0.000290319
  389 388.5 0.67162 0.000291502
  390 389.5 0.675442 0.000293161
  391 390.5 0.673842 0.000292466
  392 391.5 0.673796 0.000292446
  393 392.5 0.670272 0.000290917
  394 393.5 0.672722 0.00029198
  395 394.5 0.672318 0.000291805
  396 395.5 0.678436 0.00029446
  397 396.5 0.67913 0.000294761
  398 397.5 0.675636 0.000293245
  399 398.5 0.67914 0.000294766
  400 399.5 0.67215 0.000291732
  401 400.5 0.669128 0.00029042
  402 401.5 0.669626 0.000290636
  403 402.5 0.673554 0.000292341
  404 403.5 0.67612 0.000293455
  405 404.5 0.669228 0.000290464
  406 405.5 0.66418 0.000288273
  407 406.5 0.66943 0.000290551
  408 407.5 0.667074 0.000289529
  409 408.5 0.66463 0.000288468
  410 409.5 0.659502 0.000286242
  411 410.5 0.658232 0.000285691
  412 411.5 0.657378 0.00028532
  413 412.5 0.658714 0.0002859
  414 413.5 0.661984 0.000287319
  415 414.5 0.658832 0.000285951
  416 415.5 0.659442 0.000286216
  417 416.5 0.65738 0.000285321
  418 417.5 0.656418 0.000284904
  419 418.5 0.64904 0.000281701
  420 419.5 0.65111 0.0002826
  421 420.5 0.651494 0.000282766
  422 421.5 0.648868 0.000281627
  423 422.5 0.654902 0.000284246
  424 423.5 0.659178 0.000286102
  425 424.5 0.655444 0.000284481
  426 425.5 0.659312 0.00028616
  427 426.5 0.66729 0.000289622
  428 427.5 0.661262 0.000287006
  429 428.5 0.66336 0.000287917
  430 429.5 0.664368 0.000288354
  431 430.5 0.667488 0.000289708
  432 431.5 0.668308 0.000290064
  433 432.5 0.668954 0.000290345
  434 433.5 0.669612 0.00029063
  435 434.5 0.663298 0.00028789
  436 435.5 0.667744 0.000289819
  437 436.5 0.666602 0.000289324
  438 437.5 0.65911 0.000286072
  439 438.5 0.665968 0.000289049
  440 439.5 0.668666 0.00029022
  441 440.5 0.673872 0.000292479
  442 441.5 0.667376 0.00028966
  443 442.5 0.664272 0.000288312
  444 443.5 0.652642 0.000283265
  445 444.5 0.650504 0.000282337
  446 445.5 0.648034 0.000281265
  447 446.5 0.636546 0.000276279
  448 447.5 0.624396 0.000271005
  449 448.5 0.611664 0.000265479
  450 449.5 0.609614 0.000264589
  451 450.5 0.593938 0.000257786
  452 451.5 0.584572 0.00025372
  453 452.5 0.564802 0.00024514
  454 453.5 0.553244 0.000240123
  455 454.5 0.545782 0.000236885
  456 455.5 0.529878 0.000229982
  457 456.5 0.516932 0.000224363
  458 457.5 0.504966 0.000219169
  459 458.5 0.501278 0.000217569
  460 459.5 0.493256 0.000214087
  461 460.5 0.48282 0.000209557
  462 461.5 0.475462 0.000206364
  463 462.5 0.463928 0.000201358
  464 463.5 0.451668 0.000196036
  465 464.5 0.451694 0.000196048
  466 465.5 0.440364 0.00019113
  467 466.5 0.4368 0.000189583
  468 467.5 0.432778 0.000187838
  469 468.5 0.432312 0.000187635
  470 469.5 0.425988 0.000184891
  471 470.5 0.424478 0.000184235
  472 471.5 0.41763 0.000181263
  473 472.5 0.416808 0.000180906
  474 473.5 0.409624 0.000177788
  475 474.5 0.409308 0.000177651
  476 475.5 0.408322 0.000177223
  477 476.5 0.40597 0.000176202
  478 477.5 0.40172 0.000174358
  479 478.5 0.398818 0.000173098
  480 479.5 0.399236 0.00017328
50000000 480 5872.999999999998
  1 0.5 0.435956 0.000189217
  2 1.5 0.438532 0.000190335
  3 2.5 0.444058 0.000192734
  4 3.5 0.443436 0.000192464
  5 4.5 0.440644 0.000191252
  6 5.5 0.433832 0.000188295
  7 6.5 0.436064 0.000189264
  8 7.5 0.437084 0.000189707
  9 8.5 0.437514 0.000189893
  10 9.5 0.433946 0.000188345
  11 10.5 0.435258 0.000188914
  12 11.5 0.438826 0.000190463
  13 12.5 0.440854 0.000191343
  14 13.5 0.435876 0.000189182
  15 14.5 0.437862 0.000190044
  16 15.5 0.437984 0.000190097
  17 16.5 0.436456 0.000189434
  18 17.5 0.43885 0.000190473
  19 18.5 0.442774 0.000192176
  20 19.5 0.433874 0.000188313
  21 20.5 0.437036 0.000189686
  22 21.5 0.435398 0.000188975
  23 22.5 0.435784 0.000189142
  24 23.5 0.44008 0.000191007
  25 24.5 0.441378 0.00019157
  26 25.5 0.44268 0.000192135
  27 26.5 0.44078 0.000191311
  28 27.5 0.438596 0.000190363
  29 28.5 0.435628 0.000189075
  30 29.5 0.440656 0.000191257
  31 30.5 0.436174 0.000189312
  32 31.5 0.435676 0.000189095
  33 32.5 0.440258 0.000191084
  34 33.5 0.439724 0.000190852
  35 34.5 0.438712 0.000190413
  36 35.5 0.442068 0.00019187
  37 36.5 0.443378 0.000192438
  38 37.5 0.44334 0.000192422
  39 38.5 0.445752 0.000193469
  40 39.5 0.448444 0.000194637
  41 40.5 0.443784 0.000192615
  42 41.5 0.440114 0.000191022
  43 42.5 0.44021 0.000191063
  44 43.5 0.44388 0.000192656
  45 44.5 0.447932 0.000194415
  46 45.5 0.445222 0.000193239
  47 46.5 0.445624 0.000193413
  48 47.5 0.444132 0.000192766
  49 48.5 0.444272 0.000192826
  50 49.5 0.443056 0.000192299
  51 50.5 0.440448 0.000191167
  52 51.5 0.444862 0.000193082
  53 52.5 0.44303 0.000192287
  54 53.5 0.4441 0.000192752
  55 54.5 0.441486 0.000191617
  56 55.5 0.442262 0.000191954
  57 56.5 0.443202 0.000192362
  58 57.5 0.4376 0.000189931
  59 58.5 0.436498 0.000189452
  60 59.5 0.441124 0.00019146
  61 60.5 0.440688 0.000191271
  62 61.5 0.44198 0.000191832
  63 62.5 0.441742 0.000191728
  64 63.5 0.440436 0.000191161
  65 64.5 0.44485 0.000193077
  66 65.5 0.440716 0.000191283
  67 66.5 0.444602 0.00019297
  68 67.5 0.444966 0.000193128
  69 68.5 0.449492 0.000195092
  70 69.5 0.445778 0.00019348
  71 70.5 0.447846 0.000194378
  72 71.5 0.446514 0.000193799
  73 72.5 0.444344 0.000192858
  74 73.5 0.447706 0.000194317
  75 74.5 0.449874 0.000195258
  76 75.5 0.45293 0.000196584
  77 76.5 0.454126 0.000197103
  78 77.5 0.452602 0.000196442
  79 78.5 0.457274 0.00019847
  80 79.5 0.460736 0.000199972
  81 80.5 0.46738 0.000202856
  82 81.5 0.469044 0.000203578
  83 82.5 0.476772 0.000206932
  84 83.5 0.481076 0.0002088
  85 84.5 0.486802 0.000211286
  86 85.5 0.48645 0.000211133
  87 86.5 0.494602 0.000214671
  88 87.5 0.509748 0.000221245
  89 88.5 0.519634 0.000225536
  90 89.5 0.527302 0.000228864
  91 90.5 0.53406 0.000231797
  92 91.5 0.549684 0.000238578
  93 92.5 0.555424 0.000241069
  94 93.5 0.565754 0.000245553
  95 94.5 0.579734 0.000251621
  96 95.5 0.590138 0.000256136
  97 96.5 0.599234 0.000260084
  98 97.5 0.609932 0.000264727
  99 98.5 0.61831 0.000268364
  100 99.5 0.629966 0.000273423
  101 100.5 0.638962 0.000277327
  102 101.5 0.647566 0.000281062
  103 102.5 0.651904 0.000282944
  104 103.5 0.664538 0.000288428
  105 104.5 0.67048 0.000291007
  106 105.5 0.679962 0.000295122
  107 106.5 0.686114 0.000297793
  108 107.5 0.690114 0.000299529
  109 108.5 0.697866 0.000302893
  110 109.5 0.704312 0.000305691
  111 110.5 0.711472 0.000308799
  112 111.5 0.71683 0.000311124
  113 112.5 0.715206 0.000310419
  114 113.5 0.717194 0.000311282
  115 114.5 0.715454 0.000310527
  116 115.5 0.716656 0.000311049
  117 116.5 0.720562 0.000312744
  118 117.5 0.724498 0.000314452
  119 118.5 0.725002 0.000314671
  120 119.5 0.72514 0.000314731
  121 120.5 0.72305 0.000313824
  122 121.5 0.725992 0.000315101
  123 122.5 0.72264 0.000313646
  124 123.5 0.721992 0.000313365
  125 124.5 0.711562 0.000308838
  126 125.5 0.70907 0.000307756
  127 126.5 0.709588 0.000307981
  128 127.5 0.720058 0.000312525
  129 128.5 0.722798 0.000313714
  130 129.5 0.719688 0.000312365
  131 130.5 0.709184 0.000307806
  132 131.5 0.711756 0.000308922
  133 132.5 0.707406 0.000307034
  134 133.5 0.711836 0.000308957
  135 134.5 0.702138 0.000304747
  136 135.5 0.711496 0.000308809
  137 136.5 0.715526 0.000310558
  138 137.5 0.706924 0.000306825
  139 138.5 0.705712 0.000306299
  140 139.5 0.713016 0.000309469
  141 140.5 0.712844 0.000309394
  142 141.5 0.709974 0.000308148
  143 142.5 0.711912 0.00030899
  144 143.5 0.704796 0.000305901
  145 144.5 0.705326 0.000306131
  146 145.5 0.708286 0.000307416
  147 146.5 0.702946 0.000305098
  148 147.5 0.704094 0.000305596
  149 148.5 0.710342 0.000308308
  150 149.5 0.70994 0.000308134
  151 150.5 0.705288 0.000306115
  152 151.5 0.699894 0.000303773
  153 152.5 0.702226 0.000304786
  154 153.5 0.707134 0.000306916
  155 154.5 0.703648 0.000305403
  156 155.5 0.704794 0.0003059
  157 156.5 0.697312 0.000302653
  158 157.5 0.698322 0.000303091
  159 158.5 0.690986 0.000299907
  160 159.5 0.689754 0.000299372
  161 160.5 0.682738 0.000296327
  162 161.5 0.685252 0.000297418
  163 162.5 0.691872 0.000300292
  164 163.5 0.696184 0.000302163
  165 164.5 0.711988 0.000309023
  166 165.5 0.731456 0.000317472
  167 166.5 0.771572 0.000334884
  168 167.5 0.826604 0.000358769
  169 168.5 0.926358 0.000402065
  170 169.5 1.0979 0.000476517
  171 170.5 1.40345 0.000609135
  172 171.5 1.90401 0.000826391
  173 172.5 2.70177 0.00117264
  174 173.5 3.94319 0.00171145
  175 174.5 5.71915 0.00248227
  176 175.5 8.09424 0.00351312
  177 176.5 11.0224 0.00478402
  178 177.5 14.3651 0.00623485
  179 178.5 17.8704 0.00775624
  180 179.5 21.2521 0.009224
  181 180.5 24.4053 0.0105926
  182 181.5 27.1982 0.0118048
  183 182.5 29.4062 0.0127631
  184 183.5 31.1769 0.0135316
  185 184.5 32.5482 0.0141268
  186 185.5 33.5209 0.014549
  187 186.5 34.1536 0.0148236
  188 187.5 34.5967 0.0150159
  189 188.5 34.9701 0.015178
  190 189.5 35.1363 0.0152501
  191 190.5 35.2436 0.0152967
  192 191.5 35.3886 0.0153597
  193 192.5 35.4796 0.0153991
  194 193.5 35.4714 0.0153956
  195 194.5 35.5214 0.0154173
  196 195.5 35.5626 0.0154352
  197 196.5 35.56 0.015434
  198 197.5 35.5586 0.0154334
  199 198.5 35.5822 0.0154437
  200 199.5 35.5762 0.0154411
  201 200.5 35.5528 0.0154309
  202 201.5 35.5716 0.0154391
  203 202.5 35.5982 0.0154506
  204 203.5 35.5733 0.0154398
  205 204.5 35.5709 0.0154387
  206 205.5 35.5625 0.0154351
  207 206.5 35.6191 0.0154597
  208 207.5 35.5579 0.0154331
  209 208.5 35.517 0.0154154
  210 209.5 35.5774 0.0154416
  211 210.5 35.6468 0.0154717
  212 211.5 35.4786 0.0153987
  213 212.5 35.5775 0.0154416
  214 213.5 35.6412 0.0154693
  215 214.5 35.5584 0.0154334
  216 215.5 35.5199 0.0154166
  217 216.5 35.6268 0.015463
  218 217.5 35.5892 0.0154467
  219 218.5 35.5101 0.0154124
  220 219.5 35.5567 0.0154326
  221 220.5 35.6432 0.0154701
  222 221.5 35.5019 0.0154088
  223 222.5 35.5134 0.0154138
  224 223.5 35.6 0.0154514
  225 224.5 35.5311 0.0154215
  226 225.5 35.4591 0.0153902
  227 226.5 35.5401 0.0154254
  228 227.5 35.5391 0.015425
  229 228.5 35.4816 0.0154
  230 229.5 35.4774 0.0153982
  231 230.5 35.5598 0.0154339
  232 231.5 35.5083 0.0154116
  233 232.5 35.4745 0.0153969
  234 233.5 35.5108 0.0154127
  235 234.5 35.5455 0.0154277
  236 235.5 35.4912 0.0154042
  237 236.5 35.5071 0.015411
  238 237.5 35.5173 0.0154155
  239 238.5 35.5396 0.0154252
  240 239.5 35.4712 0.0153955
  241 240.5 35.5329 0.0154223
  242 241.5 35.5184 0.015416
  243 242.5 35.5153 0.0154146
  244 243.5 35.5066 0.0154109
  245 244.5 35.5421 0.0154262
  246 245.5 35.5292 0.0154206
  247 246.5 35.526 0.0154193
  248 247.5 35.545 0.0154275
  249 248.5 35.5538 0.0154313
  250 249.5 35.5623 0.015435
  251 250.5 35.5514 0.0154303
  252 251.5 35.5747 0.0154404
  253 252.5 35.5672 0.0154371
  254 253.5 35.5646 0.015436
  255 254.5 35.5481 0.0154289
  256 255.5 35.5631 0.0154354
  257 256.5 35.577 0.0154414
  258 257.5 35.5597 0.0154339
  259 258.5 35.5495 0.0154295
  260 259.5 35.5675 0.0154373
  261 260.5 35.5798 0.0154426
  262 261.5 35.5488 0.0154292
  263 262.5 35.572 0.0154392
  264 263.5 35.571 0.0154388
  265 264.5 35.623 0.0154614
  266 265.5 35.5677 0.0154374
  267 266.5 35.5865 0.0154455
  268 267.5 35.6301 0.0154644
  269 268.5 35.6019 0.0154522
  270 269.5 35.5943 0.0154489
  271 270.5 35.599 0.0154509
  272 271.5 35.6085 0.0154551
  273 272.5 35.6244 0.015462
  274 273.5 35.5934 0.0154485
  275 274.5 35.5945 0.015449
  276 275.5 35.6186 0.0154594
  277 276.5 35.6402 0.0154688
  278 277.5 35.5761 0.015441
  279 278.5 35.6194 0.0154598
  280 279.5 35.6364 0.0154672
  281 280.5 35.6439 0.0154705
  282 281.5 35.6066 0.0154543
  283 282.5 35.6564 0.0154759
  284 283.5 35.6102 0.0154558
  285 284.5 35.6553 0.0154754
  286 285.5 35.631 0.0154648
  287 286.5 35.6398 0.0154687
  288 287.5 35.609 0.0154553
  289 288.5 35.6903 0.0154906
  290 289.5 35.6237 0.0154617
  291 290.5 35.6202 0.0154601
  292 291.5 35.6152 0.015458
  293 292.5 35.6617 0.0154782
  294 293.5 35.6251 0.0154623
  295 294.5 35.6008 0.0154517
  296 295.5 35.6182 0.0154593
  297 296.5 35.6539 0.0154748
  298 297.5 35.6118 0.0154565
  299 298.5 35.6083 0.015455
  300 299.5 35.665 0.0154796
  301 300.5 35.6312 0.0154649
  302 301.5 35.6038 0.015453
  303 302.5 35.6714 0.0154824
  304 303.5 35.6644 0.0154793
  305 304.5 35.6075 0.0154546
  306 305.5 35.6443 0.0154706
  307 306.5 35.682 0.015487
  308 307.5 35.6349 0.0154666
  309 308.5 35.6384 0.0154681
  310 309.5 35.6661 0.0154801
  311 310.5 35.6791 0.0154857
  312 311.5 35.6327 0.0154656
  313 312.5 35.6891 0.01549
  314 313.5 35.6572 0.0154762
  315 314.5 35.6489 0.0154726
  316 315.5 35.661 0.0154779
  317 316.5 35.6746 0.0154838
  318 317.5 35.6288 0.0154639
  319 318.5 35.6438 0.0154704
  320 319.5 35.6738 0.0154834
  321 320.5 35.6219 0.0154609
  322 321.5 35.614 0.0154575
  323 322.5 35.5982 0.0154506
  324 323.5 35.5873 0.0154459
  325 324.5 35.5141 0.0154141
  326 325.5 35.4219 0.0153741
  327 326.5 35.3956 0.0153627
  328 327.5 35.2392 0.0152948
  329 328.5 35.0709 0.0152217
  330 329.5 34.7896 0.0150996
  331 330.5 34.3937 0.0149278
  332 331.5 33.8212 0.0146794
  333 332.5 32.9439 0.0142986
  334 333.5 31.7179 0.0137664
  335 334.5 29.9374 0.0129937
  336 335.5 27.6439 0.0119982
  337 336.5 24.807 0.0107669
  338 337.5 21.523 0.00934157
  339 338.5 17.9742 0.00780131
  340 339.5 14.4236 0.00626024
  341 340.5 11.119 0.00482593
  342 341.5 8.25217 0.00358167
  343 342.5 5.92292 0.00257071
  344 343.5 4.13151 0.00179319
  345 344.5 2.8809 0.00125039
  346 345.5 2.03056 0.000881321
  347 346.5 1.47904 0.000641944
  348 347.5 1.16057 0.00050372
  349 348.5 0.967994 0.000420136
  350 349.5 0.859092 0.00037287
  351 350.5 0.783388 0.000340012
  352 351.5 0.755166 0.000327763
  353 352.5 0.733198 0.000318228
  354 353.5 0.718202 0.00031172
  355 354.5 0.703052 0.000305144
  356 355.5 0.7 0.000303819
  357 356.5 0.701046 0.000304273
  358 357.5 0.701428 0.000304439
  359 358.5 0.699858 0.000303758
  360 359.5 0.699928 0.000303788
  361 360.5 0.705072 0.000306021
  362 361.5 0.706884 0.000306807
  363 362.5 0.71039 0.000308329
  364 363.5 0.712678 0.000309322
  365 364.5 0.714726 0.000310211
  366 365.5 0.712868 0.000309405
  367 366.5 0.710702 0.000308464
  368 367.5 0.709208 0.000307816
  369 368.5 0.71024 0.000308264
  370 369.5 0.714218 0.00030999
  371 370.5 0.716804 0.000311113
  372 371.5 0.72036 0.000312656
  373 372.5 0.71131 0.000308728
  374 373.5 0.705536 0.000306222
  375 374.5 0.699558 0.000303628
  376 375.5 0.698074 0.000302984
  377 376.5 0.709448 0.00030792
  378 377.5 0.707808 0.000307208
  379 378.5 0.707784 0.000307198
  380 379.5 0.708506 0.000307511
  381 380.5 0.71012 0.000308212
  382 381.5 0.706968 0.000306844
  383 382.5 0.712616 0.000309295
  384 383.5 0.714372 0.000310057
  385 384.5 0.709822 0.000308082
  386 385.5 0.707892 0.000307245
  387 386.5 0.714202 0.000309984
  388 387.5 0.713874 0.000309841
  389 388.5 0.716008 0.000310767
  390 389.5 0.711736 0.000308913
  391 390.5 0.72354 0.000314036
  392 391.5 0.726802 0.000315452
  393 392.5 0.723004 0.000313804
  394 393.5 0.731658 0.00031756
  395 394.5 0.731346 0.000317424
  396 395.5 0.728194 0.000316056
  397 396.5 0.72449 0.000314449
  398 397.5 0.73311 0.00031819
  399 398.5 0.737698 0.000320181
  400 399.5 0.74083 0.000321541
  401 400.5 0.74193 0.000322018
  402 401.5 0.73762 0.000320148
  403 402.5 0.738012 0.000320318
  404 403.5 0.738392 0.000320483
  405 404.5 0.738666 0.000320602
  406 405.5 0.7414 0.000321788
  407 406.5 0.738108 0.000320359
  408 407.5 0.740402 0.000321355
  409 408.5 0.745374 0.000323513
  410 409.5 0.736962 0.000319862
  411 410.5 0.738654 0.000320596
  412 411.5 0.737706 0.000320185
  413 412.5 0.740398 0.000321353
  414 413.5 0.745222 0.000323447
  415 414.5 0.743786 0.000322824
  416 415.5 0.7382 0.000320399
  417 416.5 0.734038 0.000318593
  418 417.5 0.738054 0.000320336
  419 418.5 0.74132 0.000321753
  420 419.5 0.74248 0.000322257
  421 420.5 0.740566 0.000321426
  422 421.5 0.737254 0.000319989
  423 422.5 0.73594 0.000319418
  424 423.5 0.73234 0.000317856
  425 424.5 0.736884 0.000319828
  426 425.5 0.737672 0.00032017
  427 426.5 0.7332 0.000318229
  428 427.5 0.72635 0.000315256
  429 428.5 0.721766 0.000313266
  430 429.5 0.715702 0.000310635
  431 430.5 0.709192 0.000307809
  432 431.5 0.697712 0.000302826
  433 432.5 0.685936 0.000297715
  434 433.5 0.67349 0.000292313
  435 434.5 0.665308 0.000288762
  436 435.5 0.656944 0.000285132
  437 436.5 0.64743 0.000281003
  438 437.5 0.630452 0.000273634
  439 438.5 0.617974 0.000268218
  440 439.5 0.613666 0.000266348
  441 440.5 0.60929 0.000264449
  442 441.5 0.601814 0.000261204
  443 442.5 0.592576 0.000257194
  444 443.5 0.580796 0.000252082
  445 444.5 0.573642 0.000248977
  446 445.5 0.560036 0.000243071
  447 446.5 0.55043 0.000238902
  448 447.5 0.54123 0.000234909
  449 448.5 0.53024 0.000230139
  450 449.5 0.520714 0.000226004
  451 450.5 0.519318 0.000225398
  452 451.5 0.508466 0.000220688
  453 452.5 0.505248 0.000219292
  454 453.5 0.501876 0.000217828
  455 454.5 0.50058 0.000217266
  456 455.5 0.494368 0.000214569
  457 456.5 0.486884 0.000211321
  458 457.5 0.484974 0.000210492
  459 458.5 0.48042 0.000208516
  460 459.5 0.471092 0.000204467
  461 460.5 0.46395 0.000201367
  462 461.5 0.463106 0.000201001
  463 462.5 0.462638 0.000200798
  464 463.5 0.46117 0.000200161
  465 464.5 0.45998 0.000199644
  466 465.5 0.458724 0.000199099
  467 466.5 0.453708 0.000196922
  468 467.5 0.450934 0.000195718
  469 468.5 0.448158 0.000194513
  470 469.5 0.445646 0.000193423
  471 470.5 0.441666 0.000191695
  472 471.5 0.45232 0.000196319
  473 472.5 0.454118 0.0001971
  474 473.5 0.451056 0.000195771
  475 474.5 0.450786 0.000195654
  476 475.5 0.450304 0.000195444
  477 476.5 0.445424 0.000193326
  478 477.5 0.4448 0.000193056
  479 478.5 0.441582 0.000191659
  480 479.5 0.438574 0.000190353
