# Chunk-averaged data for fix tensor2 and group c1
# Timestep Number-of-chunks Total-count
# Chunk Coord1 Ncount density/number
20000000 480 4913.999999999999
  1 0.5 17.9113 0.00777401
  2 1.5 19.0263 0.00825795
  3 2.5 20.1417 0.00874204
  4 3.5 21.0589 0.00914013
  5 4.5 21.9362 0.00952091
  6 5.5 22.6999 0.0098524
  7 6.5 23.3708 0.0101436
  8 7.5 23.9173 0.0103808
  9 8.5 24.4139 0.0105963
  10 9.5 24.8106 0.0107685
  11 10.5 25.1425 0.0109125
  12 11.5 25.431 0.0110378
  13 12.5 25.6542 0.0111346
  14 13.5 25.8759 0.0112309
  15 14.5 26.027 0.0112964
  16 15.5 26.1359 0.0113437
  17 16.5 26.2135 0.0113774
  18 17.5 26.3321 0.0114289
  19 18.5 26.382 0.0114505
  20 19.5 26.4273 0.0114702
  21 20.5 26.4779 0.0114921
  22 21.5 26.5313 0.0115153
  23 22.5 26.4985 0.0115011
  24 23.5 26.5253 0.0115127
  25 24.5 26.5751 0.0115343
  26 25.5 26.6026 0.0115463
  27 26.5 26.5661 0.0115304
  28 27.5 26.603 0.0115465
  29 28.5 26.5918 0.0115416
  30 29.5 26.5859 0.011539
  31 30.5 26.608 0.0115486
  32 31.5 26.6072 0.0115483
  33 32.5 26.5465 0.0115219
  34 33.5 26.5966 0.0115437
  35 34.5 26.5724 0.0115332
  36 35.5 26.5829 0.0115377
  37 36.5 26.5608 0.0115281
  38 37.5 26.6015 0.0115458
  39 38.5 26.584 0.0115382
  40 39.5 26.588 0.0115399
  41 40.5 26.5792 0.0115361
  42 41.5 26.6265 0.0115566
  43 42.5 26.605 0.0115473
  44 43.5 26.5845 0.0115384
  45 44.5 26.6146 0.0115515
  46 45.5 26.597 0.0115439
  47 46.5 26.5977 0.0115441
  48 47.5 26.5914 0.0115414
  49 48.5 26.5888 0.0115403
  50 49.5 26.5963 0.0115435
  51 50.5 26.6224 0.0115549
  52 51.5 26.5995 0.0115449
  53 52.5 26.567 0.0115308
  54 53.5 26.6092 0.0115491
  55 54.5 26.5929 0.0115421
  56 55.5 26.5858 0.011539
  57 56.5 26.5827 0.0115376
  58 57.5 26.5744 0.011534
  59 58.5 26.5835 0.011538
  60 59.5 26.5561 0.0115261
  61 60.5 26.5837 0.0115381
  62 61.5 26.5912 0.0115413
  63 62.5 26.574 0.0115338
  64 63.5 26.5736 0.0115337
  65 64.5 26.5816 0.0115372
  66 65.5 26.598 0.0115443
  67 66.5 26.5957 0.0115433
  68 67.5 26.5942 0.0115426
  69 68.5 26.565 0.0115299
  70 69.5 26.5873 0.0115396
  71 70.5 26.5897 0.0115406
  72 71.5 26.5874 0.0115397
  73 72.5 26.5817 0.0115372
  74 73.5 26.6187 0.0115533
  75 74.5 26.6168 0.0115524
  76 75.5 26.5818 0.0115373
  77 76.5 26.6135 0.011551
  78 77.5 26.6295 0.0115579
  79 78.5 26.5891 0.0115404
  80 79.5 26.621 0.0115543
  81 80.5 26.6403 0.0115626
  82 81.5 26.6418 0.0115633
  83 82.5 26.6248 0.0115559
  84 83.5 26.6032 0.0115465
  85 84.5 26.6456 0.0115649
  86 85.5 26.6781 0.0115791
  87 86.5 26.6295 0.0115579
  88 87.5 26.664 0.0115729
  89 88.5 26.6624 0.0115722
  90 89.5 26.6533 0.0115683
  91 90.5 26.6421 0.0115634
  92 91.5 26.6566 0.0115697
  93 92.5 26.6434 0.011564
  94 93.5 26.6234 0.0115553
  95 94.5 26.6311 0.0115586
  96 95.5 26.638 0.0115616
  97 96.5 26.6303 0.0115583
  98 97.5 26.6224 0.0115549
  99 98.5 26.6313 0.0115587
  100 99.5 26.6347 0.0115602
  101 100.5 26.6693 0.0115752
  102 101.5 26.6393 0.0115622
  103 102.5 26.6257 0.0115563
  104 103.5 26.6798 0.0115798
  105 104.5 26.7031 0.0115899
  106 105.5 26.6778 0.0115789
  107 106.5 26.6956 0.0115866
  108 107.5 26.685 0.011582
  109 108.5 26.689 0.0115838
  110 109.5 26.6911 0.0115847
  111 110.5 26.7046 0.0115906
  112 111.5 26.6953 0.0115865
  113 112.5 26.7267 0.0116001
  114 113.5 26.7515 0.0116109
  115 114.5 26.7255 0.0115996
  116 115.5 26.7394 0.0116056
  117 116.5 26.757 0.0116133
  118 117.5 26.7615 0.0116153
  119 118.5 26.7359 0.0116041
  120 119.5 26.741 0.0116063
  121 120.5 26.7587 0.011614
  122 121.5 26.7641 0.0116164
  123 122.5 26.7766 0.0116218
  124 123.5 26.7661 0.0116172
  125 124.5 26.7821 0.0116242
  126 125.5 26.7904 0.0116278
  127 126.5 26.8032 0.0116334
  128 127.5 26.7754 0.0116213
  129 128.5 26.7849 0.0116254
  130 129.5 26.78 0.0116233
  131 130.5 26.7723 0.0116199
  132 131.5 26.7661 0.0116172
  133 132.5 26.788 0.0116267
  134 133.5 26.768 0.011618
  135 134.5 26.7599 0.0116145
  136 135.5 26.7654 0.0116169
  137 136.5 26.7493 0.0116099
  138 137.5 26.7593 0.0116143
  139 138.5 26.729 0.0116011
  140 139.5 26.7142 0.0115947
  141 140.5 26.7079 0.011592
  142 141.5 26.6884 0.0115835
  143 142.5 26.6221 0.0115547
  144 143.5 26.5612 0.0115283
  145 144.5 26.5318 0.0115155
  146 145.5 26.4667 0.0114873
  147 146.5 26.3417 0.011433
  148 147.5 26.2089 0.0113754
  149 148.5 26.1048 0.0113302
  150 149.5 25.9215 0.0112506
  151 150.5 25.6908 0.0111505
  152 151.5 25.399 0.0110239
  153 152.5 25.0329 0.010865
  154 153.5 24.5352 0.010649
  155 154.5 23.8444 0.0103491
  156 155.5 22.9776 0.00997292
  157 156.5 21.7813 0.00945369
  158 157.5 20.209 0.00877126
  159 158.5 18.2188 0.00790746
  160 159.5 15.85 0.00687935
  161 160.5 13.2432 0.00574791
  162 161.5 10.5621 0.00458425
  163 162.5 8.05771 0.00349727
  164 163.5 5.87482 0.00254983
  165 164.5 4.13308 0.00179387
  166 165.5 2.84194 0.00123348
  167 166.5 1.94473 0.000844066
  168 167.5 1.36614 0.000592943
  169 168.5 1.00931 0.00043807
  170 169.5 0.778564 0.000337918
  171 170.5 0.634532 0.000275405
  172 171.5 0.55892 0.000242587
  173 172.5 0.514984 0.000223517
  174 173.5 0.479644 0.000208179
  175 174.5 0.45953 0.000199449
  176 175.5 0.445542 0.000193378
  177 176.5 0.434182 0.000188447
  178 177.5 0.423488 0.000183806
  179 178.5 0.417062 0.000181016
  180 179.5 0.409828 0.000177877
  181 180.5 0.40657 0.000176463
  182 181.5 0.40357 0.000175161
  183 182.5 0.401056 0.000174069
  184 183.5 0.394718 0.000171319
  185 184.5 0.393914 0.00017097
  186 185.5 0.392836 0.000170502
  187 186.5 0.386746 0.000167859
  188 187.5 0.394984 0.000171434
  189 188.5 0.389256 0.000168948
  190 189.5 0.388628 0.000168675
  191 190.5 0.38637 0.000167695
  192 191.5 0.387996 0.000168401
  193 192.5 0.38128 0.000165486
  194 193.5 0.383498 0.000166449
  195 194.5 0.384636 0.000166943
  196 195.5 0.384822 0.000167023
  197 196.5 0.381324 0.000165505
  198 197.5 0.383322 0.000166372
  199 198.5 0.380524 0.000165158
  200 199.5 0.372176 0.000161535
  201 200.5 0.37205 0.00016148
  202 201.5 0.370514 0.000160813
  203 202.5 0.371564 0.000161269
  204 203.5 0.369058 0.000160181
  205 204.5 0.365416 0.000158601
  206 205.5 0.35701 0.000154952
  207 206.5 0.353786 0.000153553
  208 207.5 0.36048 0.000156458
  209 208.5 0.363894 0.00015794
  210 209.5 0.370922 0.00016099
  211 210.5 0.372894 0.000161846
  212 211.5 0.366962 0.000159272
  213 212.5 0.368324 0.000159863
  214 213.5 0.370624 0.000160861
  215 214.5 0.37422 0.000162422
  216 215.5 0.384304 0.000166799
  217 216.5 0.391782 0.000170044
  218 217.5 0.393796 0.000170918
  219 218.5 0.391294 0.000169832
  220 219.5 0.38901 0.000168841
  221 220.5 0.393998 0.000171006
  222 221.5 0.396496 0.00017209
  223 222.5 0.392924 0.00017054
  224 223.5 0.38683 0.000167895
  225 224.5 0.38439 0.000166836
  226 225.5 0.385036 0.000167116
  227 226.5 0.388742 0.000168725
  228 227.5 0.38924 0.000168941
  229 228.5 0.389382 0.000169003
  230 229.5 0.388592 0.00016866
  231 230.5 0.397604 0.000172571
  232 231.5 0.407786 0.00017699
  233 232.5 0.40589 0.000176168
  234 233.5 0.407824 0.000177007
  235 234.5 0.404858 0.00017572
  236 235.5 0.404962 0.000175765
  237 236.5 0.407972 0.000177071
  238 237.5 0.407572 0.000176898
  239 238.5 0.410094 0.000177992
  240 239.5 0.414018 0.000179695
  241 240.5 0.410254 0.000178062
  242 241.5 0.409762 0.000177848
  243 242.5 0.409178 0.000177595
  244 243.5 0.396506 0.000172095
  245 244.5 0.393408 0.00017075
  246 245.5 0.39398 0.000170998
  247 246.5 0.393996 0.000171005
  248 247.5 0.38988 0.000169219
  249 248.5 0.3867 0.000167839
  250 249.5 0.388398 0.000168576
  251 250.5 0.378376 0.000164226
  252 251.5 0.372658 0.000161744
  253 252.5 0.370474 0.000160796
  254 253.5 0.368986 0.00016015
  255 254.5 0.375148 0.000162825
  256 255.5 0.382768 0.000166132
  257 256.5 0.384894 0.000167055
  258 257.5 0.380998 0.000165364
  259 258.5 0.37347 0.000162096
  260 259.5 0.369422 0.000160339
  261 260.5 0.370356 0.000160745
  262 261.5 0.365552 0.00015866
  263 262.5 0.364702 0.000158291
  264 263.5 0.363684 0.000157849
  265 264.5 0.362062 0.000157145
  266 265.5 0.36894 0.00016013
  267 266.5 0.36461 0.000158251
  268 267.5 0.367936 0.000159694
  269 268.5 0.370442 0.000160782
  270 269.5 0.379064 0.000164524
  271 270.5 0.388192 0.000168486
  272 271.5 0.394134 0.000171065
  273 272.5 0.396512 0.000172097
  274 273.5 0.39073 0.000169588
  275 274.5 0.384006 0.000166669
  276 275.5 0.390872 0.000169649
  277 276.5 0.400994 0.000174043
  278 277.5 0.405844 0.000176148
  279 278.5 0.404106 0.000175393
  280 279.5 0.403306 0.000175046
  281 280.5 0.4017 0.000174349
  282 281.5 0.40832 0.000177222
  283 282.5 0.411328 0.000178528
  284 283.5 0.409684 0.000177814
  285 284.5 0.414086 0.000179725
  286 285.5 0.408302 0.000177214
  287 286.5 0.408526 0.000177312
  288 287.5 0.41416 0.000179757
  289 288.5 0.421344 0.000182875
  290 289.5 0.424854 0.000184398
  291 290.5 0.420678 0.000182586
  292 291.5 0.426356 0.00018505
  293 292.5 0.427648 0.000185611
  294 293.5 0.430898 0.000187022
  295 294.5 0.43041 0.00018681
  296 295.5 0.427006 0.000185332
  297 296.5 0.42192 0.000183125
  298 297.5 0.422576 0.00018341
  299 298.5 0.414778 0.000180025
  300 299.5 0.41694 0.000180964
  301 300.5 0.415288 0.000180247
  302 301.5 0.41029 0.000178077
  303 302.5 0.404696 0.000175649
  304 303.5 0.403642 0.000175192
  305 304.5 0.412302 0.000178951
  306 305.5 0.419328 0.000182
  307 306.5 0.426472 0.000185101
  308 307.5 0.44029 0.000191098
  309 308.5 0.45 0.000195313
  310 309.5 0.460766 0.000199985
  311 310.5 0.475706 0.00020647
  312 311.5 0.510732 0.000221672
  313 312.5 0.56253 0.000244154
  314 313.5 0.64266 0.000278932
  315 314.5 0.76497 0.000332018
  316 315.5 0.97028 0.000421128
  317 316.5 1.26489 0.000548997
  318 317.5 1.70268 0.00073901
  319 318.5 2.35109 0.00102044
  320 319.5 3.22086 0.00139794
  321 320.5 4.30629 0.00186905
  322 321.5 5.50753 0.00239042
  323 322.5 6.74447 0.00292729
  324 323.5 7.80567 0.00338788
  325 324.5 8.56693 0.00371829
  326 325.5 8.9881 0.00390108
  327 326.5 9.01499 0.00391275
  328 327.5 8.7184 0.00378403
  329 328.5 8.23795 0.0035755
  330 329.5 7.62831 0.0033109
  331 330.5 6.97882 0.003029
  332 331.5 6.3329 0.00274866
  333 332.5 5.76592 0.00250257
  334 333.5 5.25508 0.00228085
  335 334.5 4.80879 0.00208715
  336 335.5 4.44829 0.00193068
  337 336.5 4.14211 0.00179779
  338 337.5 3.89244 0.00168943
  339 338.5 3.69114 0.00160206
  340 339.5 3.51911 0.00152739
  341 340.5 3.39068 0.00147165
  342 341.5 3.28786 0.00142702
  343 342.5 3.21732 0.00139641
  344 343.5 3.13885 0.00136235
  345 344.5 3.08897 0.0013407
  346 345.5 3.04438 0.00132135
  347 346.5 3.01181 0.00130721
  348 347.5 2.99212 0.00129866
  349 348.5 2.96719 0.00128784
  350 349.5 2.9561 0.00128303
  351 350.5 2.94293 0.00127731
  352 351.5 2.92583 0.00126989
  353 352.5 2.91458 0.00126501
  354 353.5 2.90231 0.00125968
  355 354.5 2.89768 0.00125767
  356 355.5 2.8939 0.00125603
  357 356.5 2.89051 0.00125456
  358 357.5 2.87495 0.00124781
  359 358.5 2.88488 0.00125212
  360 359.5 2.88758 0.00125329
  361 360.5 2.88339 0.00125147
  362 361.5 2.88572 0.00125248
  363 362.5 2.89143 0.00125496
  364 363.5 2.89885 0.00125818
  365 364.5 2.8931 0.00125568
  366 365.5 2.89042 0.00125452
  367 366.5 2.89308 0.00125568
  368 367.5 2.89897 0.00125823
  369 368.5 2.90131 0.00125925
  370 369.5 2.89537 0.00125667
  371 370.5 2.89579 0.00125685
  372 371.5 2.89718 0.00125746
  373 372.5 2.87747 0.0012489
  374 373.5 2.87723 0.0012488
  375 374.5 2.87854 0.00124937
  376 375.5 2.88036 0.00125015
  377 376.5 2.88088 0.00125038
  378 377.5 2.88865 0.00125376
  379 378.5 2.87676 0.0012486
  380 379.5 2.88087 0.00125038
  381 380.5 2.87502 0.00124784
  382 381.5 2.89016 0.00125441
  383 382.5 2.88785 0.00125341
  384 383.5 2.8929 0.0012556
  385 384.5 2.89843 0.001258
  386 385.5 2.88814 0.00125353
  387 386.5 2.90359 0.00126024
  388 387.5 2.9212 0.00126788
  389 388.5 2.90601 0.00126129
  390 389.5 2.90606 0.00126131
  391 390.5 2.90042 0.00125886
  392 391.5 2.90024 0.00125878
  393 392.5 2.90413 0.00126047
  394 393.5 2.909 0.00126259
  395 394.5 2.90219 0.00125963
  396 395.5 2.90877 0.00126249
  397 396.5 2.89826 0.00125792
  398 397.5 2.89619 0.00125703
  399 398.5 2.89792 0.00125778
  400 399.5 2.90711 0.00126176
  401 400.5 2.91559 0.00126545
  402 401.5 2.90562 0.00126112
  403 402.5 2.91272 0.0012642
  404 403.5 2.90447 0.00126062
  405 404.5 2.90432 0.00126056
  406 405.5 2.91066 0.00126331
  407 406.5 2.92311 0.00126871
  408 407.5 2.91569 0.00126549
  409 408.5 2.90689 0.00126167
  410 409.5 2.9085 0.00126237
  411 410.5 2.92107 0.00126783
  412 411.5 2.90666 0.00126157
  413 412.5 2.90062 0.00125895
  414 413.5 2.89991 0.00125864
  415 414.5 2.90802 0.00126216
  416 415.5 2.90206 0.00125957
  417 416.5 2.90912 0.00126264
  418 417.5 2.91023 0.00126312
  419 418.5 2.90307 0.00126001
  420 419.5 2.89816 0.00125788
  421 420.5 2.89865 0.00125809
  422 421.5 2.8936 0.0012559
  423 422.5 2.90055 0.00125892
  424 423.5 2.90097 0.0012591
  425 424.5 2.89388 0.00125602
  426 425.5 2.90106 0.00125914
  427 426.5 2.90607 0.00126132
  428 427.5 2.89933 0.00125839
  429 428.5 2.90574 0.00126117
  430 429.5 2.91678 0.00126596
  431 430.5 2.91098 0.00126344
  432 431.5 2.92289 0.00126861
  433 432.5 2.92021 0.00126745
  434 433.5 2.9288 0.00127118
  435 434.5 2.91846 0.00126669
  436 435.5 2.92064 0.00126764
  437 436.5 2.92692 0.00127037
  438 437.5 2.9187 0.0012668
  439 438.5 2.92315 0.00126873
  440 439.5 2.91214 0.00126395
  441 440.5 2.92192 0.00126819
  442 441.5 2.91539 0.00126536
  443 442.5 2.92099 0.00126779
  444 443.5 2.93097 0.00127212
  445 444.5 2.93325 0.00127311
  446 445.5 2.93907 0.00127564
  447 446.5 2.95472 0.00128243
  448 447.5 2.9521 0.00128129
  449 448.5 2.95624 0.00128309
  450 449.5 2.96812 0.00128825
  451 450.5 2.97661 0.00129193
  452 451.5 2.97163 0.00128977
  453 452.5 2.98336 0.00129486
  454 453.5 2.99278 0.00129895
  455 454.5 3.01613 0.00130909
  456 455.5 3.02605 0.00131339
  457 456.5 3.051 0.00132422
  458 457.5 3.09558 0.00134357
  459 458.5 3.13749 0.00136176
  460 459.5 3.19658 0.0013874
  461 460.5 3.27073 0.00141959
  462 461.5 3.38101 0.00146745
  463 462.5 3.51133 0.00152401
  464 463.5 3.67968 0.00159708
  465 464.5 3.88248 0.00168511
  466 465.5 4.14132 0.00179745
  467 466.5 4.46925 0.00193978
  468 467.5 4.85989 0.00210933
  469 468.5 5.33627 0.00231609
  470 469.5 5.9219 0.00257027
  471 470.5 6.59497 0.0028624
  472 471.5 7.38527 0.00320541
  473 472.5 8.29435 0.00359998
  474 473.5 9.32734 0.00404832
  475 474.5 10.4425 0.00453233
  476 475.5 11.6503 0.00505657
  477 476.5 12.8832 0.00559168
  478 477.5 14.1513 0.00614204
  479 478.5 15.4497 0.00670559
  480 479.5 16.714 0.00725436
30000000 480 4913.999999999993
  1 0.5 15.5813 0.00676274
  2 1.5 16.907 0.00733811
  3 2.5 18.1431 0.0078746
  4 3.5 19.3478 0.00839749
  5 4.5 20.4152 0.00886076
  6 5.5 21.4042 0.00929001
  7 6.5 22.2661 0.0096641
  8 7.5 23.0145 0.00998894
  9 8.5 23.6821 0.0102787
  10 9.5 24.2586 0.0105289
  11 10.5 24.6753 0.0107098
  12 11.5 25.074 0.0108828
  13 12.5 25.4031 0.0110257
  14 13.5 25.6512 0.0111333
  15 14.5 25.8669 0.0112269
  16 15.5 26.0313 0.0112983
  17 16.5 26.1793 0.0113625
  18 17.5 26.2869 0.0114092
  19 18.5 26.3566 0.0114395
  20 19.5 26.4601 0.0114844
  21 20.5 26.505 0.0115039
  22 21.5 26.5383 0.0115183
  23 22.5 26.6047 0.0115472
  24 23.5 26.6114 0.0115501
  25 24.5 26.622 0.0115547
  26 25.5 26.6859 0.0115824
  27 26.5 26.7064 0.0115913
  28 27.5 26.7127 0.0115941
  29 28.5 26.7158 0.0115954
  30 29.5 26.7147 0.0115949
  31 30.5 26.7986 0.0116313
  32 31.5 26.7821 0.0116242
  33 32.5 26.7511 0.0116107
  34 33.5 26.7612 0.0116151
  35 34.5 26.833 0.0116463
  36 35.5 26.8117 0.011637
  37 36.5 26.8306 0.0116452
  38 37.5 26.7933 0.011629
  39 38.5 26.7892 0.0116273
  40 39.5 26.8045 0.0116339
  41 40.5 26.8516 0.0116543
  42 41.5 26.8023 0.0116329
  43 42.5 26.805 0.0116341
  44 43.5 26.8407 0.0116496
  45 44.5 26.848 0.0116528
  46 45.5 26.8648 0.0116601
  47 46.5 26.8451 0.0116515
  48 47.5 26.8781 0.0116658
  49 48.5 26.8451 0.0116515
  50 49.5 26.8386 0.0116487
  51 50.5 26.8422 0.0116502
  52 51.5 26.8378 0.0116484
  53 52.5 26.8409 0.0116497
  54 53.5 26.8516 0.0116543
  55 54.5 26.8408 0.0116497
  56 55.5 26.8062 0.0116346
  57 56.5 26.8578 0.011657
  58 57.5 26.8837 0.0116683
  59 58.5 26.8561 0.0116563
  60 59.5 26.816 0.0116389
  61 60.5 26.8651 0.0116602
  62 61.5 26.8675 0.0116613
  63 62.5 26.843 0.0116506
  64 63.5 26.8463 0.011652
  65 64.5 26.8613 0.0116585
  66 65.5 26.8592 0.0116576
  67 66.5 26.8451 0.0116515
  68 67.5 26.8652 0.0116602
  69 68.5 26.863 0.0116593
  70 69.5 26.8386 0.0116487
  71 70.5 26.8527 0.0116548
  72 71.5 26.8649 0.0116601
  73 72.5 26.8585 0.0116573
  74 73.5 26.829 0.0116445
  75 74.5 26.8147 0.0116383
  76 75.5 26.8361 0.0116476
  77 76.5 26.8261 0.0116433
  78 77.5 26.8129 0.0116375
  79 78.5 26.8025 0.011633
  80 79.5 26.7913 0.0116282
  81 80.5 26.8024 0.011633
  82 81.5 26.7632 0.011616
  83 82.5 26.7818 0.0116241
  84 83.5 26.7938 0.0116292
  85 84.5 26.7815 0.0116239
  86 85.5 26.7884 0.0116269
  87 86.5 26.8038 0.0116336
  88 87.5 26.8085 0.0116356
  89 88.5 26.8124 0.0116373
  90 89.5 26.7697 0.0116188
  91 90.5 26.8088 0.0116358
  92 91.5 26.8136 0.0116379
  93 92.5 26.7987 0.0116314
  94 93.5 26.7609 0.011615
  95 94.5 26.8171 0.0116393
  96 95.5 26.8172 0.0116394
  97 96.5 26.7963 0.0116303
  98 97.5 26.794 0.0116293
  99 98.5 26.8098 0.0116362
  100 99.5 26.8324 0.011646
  101 100.5 26.8341 0.0116467
  102 101.5 26.8265 0.0116435
  103 102.5 26.8209 0.011641
  104 103.5 26.8149 0.0116384
  105 104.5 26.8378 0.0116484
  106 105.5 26.8249 0.0116427
  107 106.5 26.8239 0.0116423
  108 107.5 26.8253 0.0116429
  109 108.5 26.8148 0.0116384
  110 109.5 26.8128 0.0116375
  111 110.5 26.8579 0.0116571
  112 111.5 26.8655 0.0116604
  113 112.5 26.8392 0.011649
  114 113.5 26.8473 0.0116525
  115 114.5 26.8739 0.011664
  116 115.5 26.8219 0.0116415
  117 116.5 26.8478 0.0116527
  118 117.5 26.8441 0.0116511
  119 118.5 26.851 0.0116541
  120 119.5 26.8259 0.0116432
  121 120.5 26.8339 0.0116467
  122 121.5 26.847 0.0116524
  123 122.5 26.853 0.011655
  124 123.5 26.8286 0.0116443
  125 124.5 26.845 0.0116515
  126 125.5 26.8353 0.0116473
  127 126.5 26.8457 0.0116518
  128 127.5 26.8308 0.0116453
  129 128.5 26.8473 0.0116525
  130 129.5 26.8682 0.0116615
  131 130.5 26.8266 0.0116435
  132 131.5 26.791 0.011628
  133 132.5 26.8093 0.011636
  134 133.5 26.8261 0.0116433
  135 134.5 26.8142 0.0116381
  136 135.5 26.8018 0.0116327
  137 136.5 26.8069 0.0116349
  138 137.5 26.786 0.0116259
  139 138.5 26.7923 0.0116286
  140 139.5 26.7816 0.011624
  141 140.5 26.7105 0.0115931
  142 141.5 26.7195 0.011597
  143 142.5 26.6608 0.0115715
  144 143.5 26.6494 0.0115666
  145 144.5 26.6182 0.011553
  146 145.5 26.5309 0.0115151
  147 146.5 26.4505 0.0114803
  148 147.5 26.3889 0.0114535
  149 148.5 26.2683 0.0114012
  150 149.5 26.1357 0.0113436
  151 150.5 25.9742 0.0112735
  152 151.5 25.7439 0.0111736
  153 152.5 25.4344 0.0110392
  154 153.5 25.1218 0.0109036
  155 154.5 24.6322 0.0106911
  156 155.5 23.9604 0.0103995
  157 156.5 23.1229 0.010036
  158 157.5 21.9519 0.00952771
  159 158.5 20.4217 0.00886358
  160 159.5 18.4365 0.00800195
  161 160.5 16.0706 0.00697507
  162 161.5 13.3663 0.00580134
  163 162.5 10.5487 0.00457841
  164 163.5 7.93429 0.0034437
  165 164.5 5.67887 0.00246479
  166 165.5 3.93101 0.00170617
  167 166.5 2.66148 0.00115515
  168 167.5 1.80882 0.000785076
  169 168.5 1.26907 0.00055081
  170 169.5 0.936076 0.000406283
  171 170.5 0.737912 0.000320274
  172 171.5 0.608138 0.000263949
  173 172.5 0.526532 0.00022853
  174 173.5 0.47735 0.000207183
  175 174.5 0.450482 0.000195522
  176 175.5 0.4339 0.000188325
  177 176.5 0.42153 0.000182956
  178 177.5 0.42018 0.00018237
  179 178.5 0.4138 0.000179601
  180 179.5 0.410222 0.000178048
  181 180.5 0.41011 0.000177999
  182 181.5 0.405168 0.000175854
  183 182.5 0.406222 0.000176312
  184 183.5 0.41246 0.000179019
  185 184.5 0.409242 0.000177622
  186 185.5 0.403284 0.000175036
  187 186.5 0.404066 0.000175376
  188 187.5 0.396122 0.000171928
  189 188.5 0.397896 0.000172698
  190 189.5 0.398046 0.000172763
  191 190.5 0.397048 0.00017233
  192 191.5 0.394366 0.000171166
  193 192.5 0.393252 0.000170682
  194 193.5 0.388076 0.000168436
  195 194.5 0.387462 0.000168169
  196 195.5 0.387724 0.000168283
  197 196.5 0.38371 0.000166541
  198 197.5 0.38486 0.00016704
  199 198.5 0.391326 0.000169846
  200 199.5 0.388286 0.000168527
  201 200.5 0.386054 0.000167558
  202 201.5 0.386656 0.000167819
  203 202.5 0.381012 0.00016537
  204 203.5 0.379518 0.000164721
  205 204.5 0.39171 0.000170013
  206 205.5 0.391606 0.000169968
  207 206.5 0.396804 0.000172224
  208 207.5 0.40148 0.000174253
  209 208.5 0.395744 0.000171764
  210 209.5 0.39112 0.000169757
  211 210.5 0.386132 0.000167592
  212 211.5 0.385604 0.000167363
  213 212.5 0.382782 0.000166138
  214 213.5 0.381444 0.000165557
  215 214.5 0.38551 0.000167322
  216 215.5 0.382908 0.000166193
  217 216.5 0.383224 0.00016633
  218 217.5 0.386864 0.00016791
  219 218.5 0.390246 0.000169378
  220 219.5 0.401736 0.000174365
  221 220.5 0.407822 0.000177006
  222 221.5 0.411606 0.000178648
  223 222.5 0.409684 0.000177814
  224 223.5 0.404328 0.00017549
  225 224.5 0.409942 0.000177926
  226 225.5 0.41443 0.000179874
  227 226.5 0.41432 0.000179826
  228 227.5 0.410568 0.000178198
  229 228.5 0.408176 0.00017716
  230 229.5 0.41236 0.000178976
  231 230.5 0.409514 0.00017774
  232 231.5 0.404514 0.00017557
  233 232.5 0.40098 0.000174036
  234 233.5 0.400916 0.000174009
  235 234.5 0.406782 0.000176555
  236 235.5 0.40792 0.000177049
  237 236.5 0.405134 0.000175839
  238 237.5 0.403838 0.000175277
  239 238.5 0.41016 0.000178021
  240 239.5 0.413818 0.000179609
  241 240.5 0.406474 0.000176421
  242 241.5 0.406766 0.000176548
  243 242.5 0.405316 0.000175918
  244 243.5 0.406012 0.00017622
  245 244.5 0.399846 0.000173544
  246 245.5 0.391658 0.00016999
  247 246.5 0.386652 0.000167818
  248 247.5 0.387006 0.000167971
  249 248.5 0.391648 0.000169986
  250 249.5 0.393594 0.000170831
  251 250.5 0.385918 0.000167499
  252 251.5 0.383928 0.000166635
  253 252.5 0.391 0.000169705
  254 253.5 0.392256 0.00017025
  255 254.5 0.394508 0.000171227
  256 255.5 0.395828 0.0001718
  257 256.5 0.396862 0.000172249
  258 257.5 0.40209 0.000174518
  259 258.5 0.395544 0.000171677
  260 259.5 0.394696 0.000171309
  261 260.5 0.392708 0.000170446
  262 261.5 0.394574 0.000171256
  263 262.5 0.385158 0.000167169
  264 263.5 0.388252 0.000168512
  265 264.5 0.397942 0.000172718
  266 265.5 0.388914 0.000168799
  267 266.5 0.387548 0.000168207
  268 267.5 0.38563 0.000167374
  269 268.5 0.381164 0.000165436
  270 269.5 0.382646 0.000166079
  271 270.5 0.382402 0.000165973
  272 271.5 0.389518 0.000169062
  273 272.5 0.385704 0.000167406
  274 273.5 0.378842 0.000164428
  275 274.5 0.38226 0.000165911
  276 275.5 0.375944 0.00016317
  277 276.5 0.37727 0.000163746
  278 277.5 0.377554 0.000163869
  279 278.5 0.37664 0.000163472
  280 279.5 0.37676 0.000163524
  281 280.5 0.379688 0.000164795
  282 281.5 0.378344 0.000164212
  283 282.5 0.379348 0.000164648
  284 283.5 0.380536 0.000165163
  285 284.5 0.382704 0.000166104
  286 285.5 0.38249 0.000166011
  287 286.5 0.390178 0.000169348
  288 287.5 0.38694 0.000167943
  289 288.5 0.387344 0.000168118
  290 289.5 0.388376 0.000168566
  291 290.5 0.388178 0.00016848
  292 291.5 0.386252 0.000167644
  293 292.5 0.379008 0.0001645
  294 293.5 0.375148 0.000162825
  295 294.5 0.378318 0.000164201
  296 295.5 0.376622 0.000163464
  297 296.5 0.37962 0.000164766
  298 297.5 0.388394 0.000168574
  299 298.5 0.392576 0.000170389
  300 299.5 0.382268 0.000165915
  301 300.5 0.379274 0.000164615
  302 301.5 0.385022 0.00016711
  303 302.5 0.387582 0.000168221
  304 303.5 0.392438 0.000170329
  305 304.5 0.389714 0.000169147
  306 305.5 0.392252 0.000170248
  307 306.5 0.394756 0.000171335
  308 307.5 0.396334 0.00017202
  309 308.5 0.400938 0.000174018
  310 309.5 0.410814 0.000178305
  311 310.5 0.426934 0.000185301
  312 311.5 0.451472 0.000195951
  313 312.5 0.48466 0.000210356
  314 313.5 0.528636 0.000229443
  315 314.5 0.604996 0.000262585
  316 315.5 0.713484 0.000309672
  317 316.5 0.88885 0.000385786
  318 317.5 1.16678 0.000506415
  319 318.5 1.58399 0.000687496
  320 319.5 2.19814 0.000954056
  321 320.5 3.04043 0.00131963
  322 321.5 4.10673 0.00178244
  323 322.5 5.3151 0.0023069
  324 323.5 6.54638 0.00284131
  325 324.5 7.63527 0.00331392
  326 325.5 8.4418 0.00366397
  327 326.5 8.85762 0.00384445
  328 327.5 8.8887 0.00385794
  329 328.5 8.5705 0.00371983
  330 329.5 8.05328 0.00349535
  331 330.5 7.4151 0.00321836
  332 331.5 6.78563 0.00294515
  333 332.5 6.14968 0.00266913
  334 333.5 5.58756 0.00242516
  335 334.5 5.10131 0.00221411
  336 335.5 4.66698 0.0020256
  337 336.5 4.33205 0.00188023
  338 337.5 4.04175 0.00175423
  339 338.5 3.8077 0.00165265
  340 339.5 3.62698 0.00157421
  341 340.5 3.4788 0.0015099
  342 341.5 3.36136 0.00145892
  343 342.5 3.27085 0.00141964
  344 343.5 3.20561 0.00139133
  345 344.5 3.13329 0.00135994
  346 345.5 3.08917 0.00134078
  347 346.5 3.06049 0.00132834
  348 347.5 3.03429 0.00131697
  349 348.5 3.01837 0.00131005
  350 349.5 3.00807 0.00130559
  351 350.5 2.98436 0.0012953
  352 351.5 2.98156 0.00129408
  353 352.5 2.97071 0.00128937
  354 353.5 2.96819 0.00128828
  355 354.5 2.96044 0.00128491
  356 355.5 2.95659 0.00128324
  357 356.5 2.95931 0.00128442
  358 357.5 2.96001 0.00128472
  359 358.5 2.9436 0.00127761
  360 359.5 2.94591 0.00127861
  361 360.5 2.93846 0.00127537
  362 361.5 2.93542 0.00127405
  363 362.5 2.92979 0.00127161
  364 363.5 2.93147 0.00127234
  365 364.5 2.92328 0.00126879
  366 365.5 2.93794 0.00127515
  367 366.5 2.93415 0.0012735
  368 367.5 2.9277 0.0012707
  369 368.5 2.92314 0.00126872
  370 369.5 2.9313 0.00127227
  371 370.5 2.93523 0.00127397
  372 371.5 2.92031 0.0012675
  373 372.5 2.92681 0.00127032
  374 373.5 2.9411 0.00127652
  375 374.5 2.93464 0.00127372
  376 375.5 2.92798 0.00127082
  377 376.5 2.92792 0.0012708
  378 377.5 2.92798 0.00127083
  379 378.5 2.9289 0.00127122
  380 379.5 2.92579 0.00126987
  381 380.5 2.92916 0.00127134
  382 381.5 2.93576 0.0012742
  383 382.5 2.92579 0.00126988
  384 383.5 2.9144 0.00126493
  385 384.5 2.90652 0.00126151
  386 385.5 2.90526 0.00126096
  387 386.5 2.9034 0.00126016
  388 387.5 2.89999 0.00125868
  389 388.5 2.89649 0.00125716
  390 389.5 2.88777 0.00125337
  391 390.5 2.90553 0.00126108
  392 391.5 2.91007 0.00126305
  393 392.5 2.91336 0.00126448
  394 393.5 2.90256 0.00125979
  395 394.5 2.89493 0.00125648
  396 395.5 2.9005 0.0012589
  397 396.5 2.8939 0.00125603
  398 397.5 2.89202 0.00125522
  399 398.5 2.90074 0.001259
  400 399.5 2.90192 0.00125952
  401 400.5 2.90135 0.00125927
  402 401.5 2.9026 0.00125981
  403 402.5 2.91458 0.00126501
  404 403.5 2.91468 0.00126505
  405 404.5 2.9064 0.00126146
  406 405.5 2.90815 0.00126222
  407 406.5 2.90938 0.00126275
  408 407.5 2.91822 0.00126659
  409 408.5 2.92644 0.00127016
  410 409.5 2.9158 0.00126554
  411 410.5 2.92932 0.00127141
  412 411.5 2.92771 0.00127071
  413 412.5 2.92733 0.00127054
  414 413.5 2.92178 0.00126813
  415 414.5 2.93421 0.00127353
  416 415.5 2.93157 0.00127238
  417 416.5 2.94015 0.00127611
  418 417.5 2.93425 0.00127355
  419 418.5 2.93873 0.00127549
  420 419.5 2.93533 0.00127402
  421 420.5 2.94209 0.00127695
  422 421.5 2.93503 0.00127388
  423 422.5 2.93477 0.00127377
  424 423.5 2.93768 0.00127503
  425 424.5 2.93793 0.00127514
  426 425.5 2.94059 0.0012763
  427 426.5 2.93369 0.0012733
  428 427.5 2.94742 0.00127926
  429 428.5 2.94165 0.00127676
  430 429.5 2.93819 0.00127526
  431 430.5 2.93524 0.00127398
  432 431.5 2.94018 0.00127612
  433 432.5 2.93558 0.00127412
  434 433.5 2.93382 0.00127336
  435 434.5 2.94067 0.00127633
  436 435.5 2.94211 0.00127696
  437 436.5 2.93026 0.00127182
  438 437.5 2.93208 0.00127261
  439 438.5 2.92819 0.00127091
  440 439.5 2.93026 0.00127182
  441 440.5 2.93406 0.00127346
  442 441.5 2.92866 0.00127112
  443 442.5 2.93874 0.00127549
  444 443.5 2.94165 0.00127676
  445 444.5 2.9484 0.00127969
  446 445.5 2.93688 0.00127469
  447 446.5 2.93394 0.00127341
  448 447.5 2.93203 0.00127258
  449 448.5 2.9257 0.00126983
  450 449.5 2.94068 0.00127634
  451 450.5 2.95156 0.00128106
  452 451.5 2.95442 0.0012823
  453 452.5 2.96517 0.00128697
  454 453.5 2.96697 0.00128775
  455 454.5 2.96768 0.00128805
  456 455.5 2.98472 0.00129545
  457 456.5 3.01194 0.00130727
  458 457.5 3.01607 0.00130906
  459 458.5 3.04756 0.00132273
  460 459.5 3.10128 0.00134604
  461 460.5 3.14687 0.00136583
  462 461.5 3.21502 0.00139541
  463 462.5 3.28172 0.00142436
  464 463.5 3.37904 0.0014666
  465 464.5 3.50353 0.00152063
  466 465.5 3.67538 0.00159522
  467 466.5 3.87506 0.00168189
  468 467.5 4.12789 0.00179162
  469 468.5 4.426 0.00192101
  470 469.5 4.81303 0.00208899
  471 470.5 5.29902 0.00229992
  472 471.5 5.88005 0.00255211
  473 472.5 6.54688 0.00284153
  474 473.5 7.33656 0.00318427
  475 474.5 8.23573 0.00357453
  476 475.5 9.2601 0.00401914
  477 476.5 10.3902 0.00450964
  478 477.5 11.6044 0.00503664
  479 478.5 12.9108 0.00560365
  480 479.5 14.2453 0.00618286
40000000 480 4914.000000000004
  1 0.5 16.2042 0.00703307
  2 1.5 17.5139 0.0076015
  3 2.5 18.7892 0.00815504
  4 3.5 19.9461 0.00865716
  5 4.5 20.9751 0.00910376
  6 5.5 21.8992 0.00950485
  7 6.5 22.7299 0.00986542
  8 7.5 23.4708 0.010187
  9 8.5 24.0581 0.0104419
  10 9.5 24.5767 0.010667
  11 10.5 24.9637 0.0108349
  12 11.5 25.3631 0.0110083
  13 12.5 25.6376 0.0111274
  14 13.5 25.8571 0.0112227
  15 14.5 26.0508 0.0113068
  16 15.5 26.2018 0.0113723
  17 16.5 26.3138 0.0114209
  18 17.5 26.4256 0.0114695
  19 18.5 26.4875 0.0114963
  20 19.5 26.5663 0.0115305
  21 20.5 26.6453 0.0115648
  22 21.5 26.6494 0.0115666
  23 22.5 26.6902 0.0115843
  24 23.5 26.7473 0.0116091
  25 24.5 26.7306 0.0116018
  26 25.5 26.7361 0.0116042
  27 26.5 26.7356 0.011604
  28 27.5 26.7766 0.0116218
  29 28.5 26.7374 0.0116048
  30 29.5 26.7756 0.0116214
  31 30.5 26.7793 0.0116229
  32 31.5 26.8105 0.0116365
  33 32.5 26.7905 0.0116278
  34 33.5 26.7924 0.0116286
  35 34.5 26.7894 0.0116274
  36 35.5 26.8333 0.0116464
  37 36.5 26.8208 0.011641
  38 37.5 26.8202 0.0116407
  39 38.5 26.8213 0.0116412
  40 39.5 26.8182 0.0116399
  41 40.5 26.8488 0.0116531
  42 41.5 26.8509 0.011654
  43 42.5 26.8379 0.0116484
  44 43.5 26.8321 0.0116459
  45 44.5 26.8264 0.0116434
  46 45.5 26.8527 0.0116548
  47 46.5 26.8646 0.01166
  48 47.5 26.8327 0.0116461
  49 48.5 26.8467 0.0116522
  50 49.5 26.8642 0.0116598
  51 50.5 26.8319 0.0116458
  52 51.5 26.8318 0.0116457
  53 52.5 26.8401 0.0116494
  54 53.5 26.878 0.0116658
  55 54.5 26.8144 0.0116382
  56 55.5 26.8339 0.0116466
  57 56.5 26.8288 0.0116444
  58 57.5 26.8246 0.0116426
  59 58.5 26.8287 0.0116444
  60 59.5 26.8335 0.0116465
  61 60.5 26.8383 0.0116486
  62 61.5 26.8403 0.0116494
  63 62.5 26.8199 0.0116406
  64 63.5 26.8317 0.0116457
  65 64.5 26.8082 0.0116355
  66 65.5 26.7981 0.0116311
  67 66.5 26.8219 0.0116414
  68 67.5 26.81 0.0116363
  69 68.5 26.8121 0.0116372
  70 69.5 26.7714 0.0116196
  71 70.5 26.8045 0.0116339
  72 71.5 26.7891 0.0116272
  73 72.5 26.794 0.0116293
  74 73.5 26.793 0.0116289
  75 74.5 26.7671 0.0116177
  76 75.5 26.7871 0.0116263
  77 76.5 26.8082 0.0116355
  78 77.5 26.8064 0.0116347
  79 78.5 26.8024 0.011633
  80 79.5 26.7698 0.0116188
  81 80.5 26.8214 0.0116412
  82 81.5 26.8155 0.0116387
  83 82.5 26.8015 0.0116326
  84 83.5 26.797 0.0116306
  85 84.5 26.8257 0.0116431
  86 85.5 26.8103 0.0116364
  87 86.5 26.8041 0.0116337
  88 87.5 26.8013 0.0116325
  89 88.5 26.8165 0.0116391
  90 89.5 26.8111 0.0116367
  91 90.5 26.8044 0.0116339
  92 91.5 26.7958 0.0116301
  93 92.5 26.7884 0.0116269
  94 93.5 26.8064 0.0116347
  95 94.5 26.7714 0.0116196
  96 95.5 26.7795 0.011623
  97 96.5 26.7972 0.0116307
  98 97.5 26.7814 0.0116239
  99 98.5 26.8085 0.0116356
  100 99.5 26.8049 0.0116341
  101 100.5 26.7907 0.0116279
  102 101.5 26.8108 0.0116366
  103 102.5 26.8047 0.011634
  104 103.5 26.7731 0.0116203
  105 104.5 26.8095 0.0116361
  106 105.5 26.7747 0.011621
  107 106.5 26.8044 0.0116338
  108 107.5 26.7953 0.0116299
  109 108.5 26.7961 0.0116302
  110 109.5 26.7814 0.0116239
  111 110.5 26.7884 0.0116269
  112 111.5 26.7912 0.0116281
  113 112.5 26.808 0.0116354
  114 113.5 26.8137 0.0116379
  115 114.5 26.8054 0.0116343
  116 115.5 26.8123 0.0116373
  117 116.5 26.8097 0.0116361
  118 117.5 26.8263 0.0116434
  119 118.5 26.8483 0.0116529
  120 119.5 26.8004 0.0116321
  121 120.5 26.7833 0.0116247
  122 121.5 26.8003 0.0116321
  123 122.5 26.8057 0.0116344
  124 123.5 26.7479 0.0116093
  125 124.5 26.7993 0.0116317
  126 125.5 26.7749 0.0116211
  127 126.5 26.7333 0.011603
  128 127.5 26.7456 0.0116083
  129 128.5 26.7397 0.0116058
  130 129.5 26.7706 0.0116192
  131 130.5 26.7868 0.0116262
  132 131.5 26.7415 0.0116066
  133 132.5 26.7355 0.0116039
  134 133.5 26.8017 0.0116327
  135 134.5 26.7959 0.0116302
  136 135.5 26.7569 0.0116133
  137 136.5 26.7688 0.0116184
  138 137.5 26.798 0.0116311
  139 138.5 26.766 0.0116172
  140 139.5 26.7406 0.0116062
  141 140.5 26.734 0.0116033
  142 141.5 26.7115 0.0115935
  143 142.5 26.6472 0.0115656
  144 143.5 26.6229 0.0115551
  145 144.5 26.5685 0.0115315
  146 145.5 26.5048 0.0115038
  147 146.5 26.4264 0.0114698
  148 147.5 26.3774 0.0114485
  149 148.5 26.2503 0.0113934
  150 149.5 26.1067 0.011331
  151 150.5 25.9725 0.0112728
  152 151.5 25.7366 0.0111704
  153 152.5 25.4289 0.0110368
  154 153.5 25.0935 0.0108913
  155 154.5 24.6017 0.0106778
  156 155.5 23.9234 0.0103834
  157 156.5 23.0217 0.00999207
  158 157.5 21.8257 0.00947298
  159 158.5 20.241 0.00878516
  160 159.5 18.2093 0.00790334
  161 160.5 15.7948 0.0068554
  162 161.5 13.1179 0.00569353
  163 162.5 10.3728 0.00450209
  164 163.5 7.82768 0.00339743
  165 164.5 5.62886 0.00244308
  166 165.5 3.87387 0.00168137
  167 166.5 2.63276 0.00114269
  168 167.5 1.7912 0.00077743
  169 168.5 1.25686 0.000545512
  170 169.5 0.93567 0.000406107
  171 170.5 0.734872 0.000318955
  172 171.5 0.60675 0.000263346
  173 172.5 0.541666 0.000235098
  174 173.5 0.498268 0.000216262
  175 174.5 0.467722 0.000203004
  176 175.5 0.450014 0.000195319
  177 176.5 0.434234 0.00018847
  178 177.5 0.42483 0.000184388
  179 178.5 0.41539 0.000180291
  180 179.5 0.415886 0.000180506
  181 180.5 0.412634 0.000179095
  182 181.5 0.4084 0.000177257
  183 182.5 0.40423 0.000175447
  184 183.5 0.400334 0.000173756
  185 184.5 0.397398 0.000172482
  186 185.5 0.397396 0.000172481
  187 186.5 0.403762 0.000175244
  188 187.5 0.402528 0.000174708
  189 188.5 0.399302 0.000173308
  190 189.5 0.400308 0.000173745
  191 190.5 0.399682 0.000173473
  192 191.5 0.402926 0.000174881
  193 192.5 0.395946 0.000171852
  194 193.5 0.39921 0.000173268
  195 194.5 0.403988 0.000175342
  196 195.5 0.406358 0.000176371
  197 196.5 0.41118 0.000178464
  198 197.5 0.415142 0.000180183
  199 198.5 0.407492 0.000176863
  200 199.5 0.406722 0.000176529
  201 200.5 0.40835 0.000177235
  202 201.5 0.407868 0.000177026
  203 202.5 0.40609 0.000176254
  204 203.5 0.408298 0.000177213
  205 204.5 0.410086 0.000177989
  206 205.5 0.407556 0.000176891
  207 206.5 0.4001 0.000173655
  208 207.5 0.392624 0.00017041
  209 208.5 0.38766 0.000168255
  210 209.5 0.383742 0.000166555
  211 210.5 0.388574 0.000168652
  212 211.5 0.387596 0.000168227
  213 212.5 0.375974 0.000163183
  214 213.5 0.378634 0.000164338
  215 214.5 0.38564 0.000167378
  216 215.5 0.378638 0.000164339
  217 216.5 0.377548 0.000163866
  218 217.5 0.383768 0.000166566
  219 218.5 0.38893 0.000168806
  220 219.5 0.379218 0.000164591
  221 220.5 0.38255 0.000166037
  222 221.5 0.384628 0.000166939
  223 222.5 0.388368 0.000168563
  224 223.5 0.387402 0.000168143
  225 224.5 0.3834 0.000166406
  226 225.5 0.374952 0.00016274
  227 226.5 0.371374 0.000161187
  228 227.5 0.373106 0.000161938
  229 228.5 0.37005 0.000160612
  230 229.5 0.370312 0.000160726
  231 230.5 0.365042 0.000158438
  232 231.5 0.358034 0.000155397
  233 232.5 0.356276 0.000154634
  234 233.5 0.363396 0.000157724
  235 234.5 0.370476 0.000160797
  236 235.5 0.36708 0.000159323
  237 236.5 0.370478 0.000160798
  238 237.5 0.36669 0.000159154
  239 238.5 0.365802 0.000158768
  240 239.5 0.366934 0.00015926
  241 240.5 0.362356 0.000157273
  242 241.5 0.358552 0.000155622
  243 242.5 0.35441 0.000153824
  244 243.5 0.3538 0.000153559
  245 244.5 0.356464 0.000154715
  246 245.5 0.351034 0.000152359
  247 246.5 0.351186 0.000152424
  248 247.5 0.357618 0.000155216
  249 248.5 0.35527 0.000154197
  250 249.5 0.359532 0.000156047
  251 250.5 0.359708 0.000156123
  252 251.5 0.357306 0.000155081
  253 252.5 0.356302 0.000154645
  254 253.5 0.356318 0.000154652
  255 254.5 0.353318 0.00015335
  256 255.5 0.352648 0.000153059
  257 256.5 0.362586 0.000157372
  258 257.5 0.364946 0.000158397
  259 258.5 0.367392 0.000159458
  260 259.5 0.367702 0.000159593
  261 260.5 0.369644 0.000160436
  262 261.5 0.369946 0.000160567
  263 262.5 0.362022 0.000157128
  264 263.5 0.366502 0.000159072
  265 264.5 0.374766 0.000162659
  266 265.5 0.378912 0.000164458
  267 266.5 0.373628 0.000162165
  268 267.5 0.371486 0.000161235
  269 268.5 0.369494 0.000160371
  270 269.5 0.36598 0.000158845
  271 270.5 0.367412 0.000159467
  272 271.5 0.371308 0.000161158
  273 272.5 0.378392 0.000164233
  274 273.5 0.382908 0.000166193
  275 274.5 0.381188 0.000165446
  276 275.5 0.377212 0.00016372
  277 276.5 0.380274 0.000165049
  278 277.5 0.376344 0.000163344
  279 278.5 0.375492 0.000162974
  280 279.5 0.372424 0.000161642
  281 280.5 0.37437 0.000162487
  282 281.5 0.371686 0.000161322
  283 282.5 0.371486 0.000161235
  284 283.5 0.373226 0.00016199
  285 284.5 0.362964 0.000157536
  286 285.5 0.361352 0.000156837
  287 286.5 0.35683 0.000154874
  288 287.5 0.361852 0.000157054
  289 288.5 0.362708 0.000157425
  290 289.5 0.354172 0.00015372
  291 290.5 0.352404 0.000152953
  292 291.5 0.35834 0.00015553
  293 292.5 0.356036 0.00015453
  294 293.5 0.355036 0.000154095
  295 294.5 0.359348 0.000155967
  296 295.5 0.3654 0.000158594
  297 296.5 0.36987 0.000160534
  298 297.5 0.374692 0.000162627
  299 298.5 0.381196 0.00016545
  300 299.5 0.385832 0.000167462
  301 300.5 0.390498 0.000169487
  302 301.5 0.393936 0.000170979
  303 302.5 0.39563 0.000171714
  304 303.5 0.39098 0.000169696
  305 304.5 0.394696 0.000171309
  306 305.5 0.39229 0.000170265
  307 306.5 0.390968 0.000169691
  308 307.5 0.388614 0.000168669
  309 308.5 0.397964 0.000172727
  310 309.5 0.404922 0.000175747
  311 310.5 0.42061 0.000182556
  312 311.5 0.435936 0.000189208
  313 312.5 0.470224 0.00020409
  314 313.5 0.509984 0.000221347
  315 314.5 0.581776 0.000252507
  316 315.5 0.690396 0.000299651
  317 316.5 0.87763 0.000380916
  318 317.5 1.13951 0.000494579
  319 318.5 1.55479 0.000674822
  320 319.5 2.14964 0.000933004
  321 320.5 2.96278 0.00128593
  322 321.5 3.99177 0.00173254
  323 322.5 5.18507 0.00225046
  324 323.5 6.39746 0.00277668
  325 324.5 7.4891 0.00325048
  326 325.5 8.28537 0.00359608
  327 326.5 8.69436 0.00377359
  328 327.5 8.75237 0.00379877
  329 328.5 8.48961 0.00368473
  330 329.5 7.97903 0.00346312
  331 330.5 7.35944 0.0031942
  332 331.5 6.67823 0.00289854
  333 332.5 6.0824 0.00263993
  334 333.5 5.50502 0.00238933
  335 334.5 4.99995 0.00217012
  336 335.5 4.58284 0.00198908
  337 336.5 4.2515 0.00184527
  338 337.5 3.97122 0.00172362
  339 338.5 3.73463 0.00162093
  340 339.5 3.54988 0.00154075
  341 340.5 3.41169 0.00148077
  342 341.5 3.28794 0.00142706
  343 342.5 3.20692 0.00139189
  344 343.5 3.1363 0.00136124
  345 344.5 3.07263 0.00133361
  346 345.5 3.02406 0.00131253
  347 346.5 2.99504 0.00129993
  348 347.5 2.97116 0.00128956
  349 348.5 2.95507 0.00128258
  350 349.5 2.93849 0.00127539
  351 350.5 2.94154 0.00127671
  352 351.5 2.92504 0.00126955
  353 352.5 2.91966 0.00126722
  354 353.5 2.91809 0.00126653
  355 354.5 2.90958 0.00126284
  356 355.5 2.91203 0.0012639
  357 356.5 2.90894 0.00126256
  358 357.5 2.90308 0.00126002
  359 358.5 2.90774 0.00126204
  360 359.5 2.89648 0.00125715
  361 360.5 2.90032 0.00125882
  362 361.5 2.89768 0.00125767
  363 362.5 2.89326 0.00125576
  364 363.5 2.89426 0.00125619
  365 364.5 2.89186 0.00125515
  366 365.5 2.88656 0.00125285
  367 366.5 2.87987 0.00124995
  368 367.5 2.88601 0.00125261
  369 368.5 2.88789 0.00125343
  370 369.5 2.88159 0.00125069
  371 370.5 2.88201 0.00125087
  372 371.5 2.88791 0.00125343
  373 372.5 2.89602 0.00125695
  374 373.5 2.89373 0.00125596
  375 374.5 2.88697 0.00125303
  376 375.5 2.88275 0.0012512
  377 376.5 2.89203 0.00125522
  378 377.5 2.89848 0.00125802
  379 378.5 2.89362 0.00125591
  380 379.5 2.89166 0.00125506
  381 380.5 2.90471 0.00126072
  382 381.5 2.90224 0.00125965
  383 382.5 2.90295 0.00125996
  384 383.5 2.89171 0.00125508
  385 384.5 2.88996 0.00125432
  386 385.5 2.89209 0.00125525
  387 386.5 2.88718 0.00125312
  388 387.5 2.88569 0.00125247
  389 388.5 2.89546 0.00125671
  390 389.5 2.88614 0.00125266
  391 390.5 2.87988 0.00124995
  392 391.5 2.88337 0.00125146
  393 392.5 2.88432 0.00125187
  394 393.5 2.87487 0.00124778
  395 394.5 2.87306 0.00124699
  396 395.5 2.86942 0.00124541
  397 396.5 2.87321 0.00124705
  398 397.5 2.87489 0.00124778
  399 398.5 2.89072 0.00125465
  400 399.5 2.88707 0.00125307
  401 400.5 2.89326 0.00125575
  402 401.5 2.88691 0.001253
  403 402.5 2.88208 0.0012509
  404 403.5 2.88384 0.00125166
  405 404.5 2.87504 0.00124785
  406 405.5 2.86815 0.00124486
  407 406.5 2.86787 0.00124473
  408 407.5 2.87834 0.00124928
  409 408.5 2.86637 0.00124409
  410 409.5 2.86384 0.00124299
  411 410.5 2.87498 0.00124782
  412 411.5 2.88293 0.00125127
  413 412.5 2.88803 0.00125348
  414 413.5 2.88873 0.00125379
  415 414.5 2.88583 0.00125253
  416 415.5 2.90169 0.00125942
  417 416.5 2.90241 0.00125973
  418 417.5 2.90323 0.00126008
  419 418.5 2.89169 0.00125507
  420 419.5 2.8936 0.0012559
  421 420.5 2.91064 0.0012633
  422 421.5 2.91622 0.00126572
  423 422.5 2.90801 0.00126216
  424 423.5 2.89532 0.00125665
  425 424.5 2.90016 0.00125875
  426 425.5 2.90752 0.00126194
  427 426.5 2.90623 0.00126139
  428 427.5 2.89807 0.00125784
  429 428.5 2.89338 0.00125581
  430 429.5 2.88804 0.00125349
  431 430.5 2.89401 0.00125608
  432 431.5 2.89489 0.00125646
  433 432.5 2.89387 0.00125602
  434 433.5 2.90357 0.00126023
  435 434.5 2.91033 0.00126316
  436 435.5 2.89984 0.00125861
  437 436.5 2.90193 0.00125952
  438 437.5 2.90602 0.0012613
  439 438.5 2.9003 0.00125881
  440 439.5 2.895 0.00125651
  441 440.5 2.89811 0.00125786
  442 441.5 2.88719 0.00125312
  443 442.5 2.8941 0.00125612
  444 443.5 2.89357 0.00125589
  445 444.5 2.89589 0.0012569
  446 445.5 2.904 0.00126041
  447 446.5 2.89978 0.00125858
  448 447.5 2.89231 0.00125534
  449 448.5 2.90252 0.00125977
  450 449.5 2.90027 0.0012588
  451 450.5 2.90462 0.00126069
  452 451.5 2.91033 0.00126316
  453 452.5 2.92163 0.00126807
  454 453.5 2.9404 0.00127622
  455 454.5 2.94994 0.00128035
  456 455.5 2.95122 0.00128091
  457 456.5 2.97965 0.00129325
  458 457.5 2.99514 0.00129997
  459 458.5 3.0328 0.00131632
  460 459.5 3.06993 0.00133244
  461 460.5 3.12171 0.00135491
  462 461.5 3.20222 0.00138985
  463 462.5 3.2926 0.00142908
  464 463.5 3.41594 0.00148261
  465 464.5 3.54864 0.00154021
  466 465.5 3.72335 0.00161604
  467 466.5 3.94331 0.00171151
  468 467.5 4.21862 0.001831
  469 468.5 4.57742 0.00198673
  470 469.5 5.00623 0.00217284
  471 470.5 5.5153 0.00239379
  472 471.5 6.11815 0.00265545
  473 472.5 6.86662 0.00298031
  474 473.5 7.70231 0.00334301
  475 474.5 8.64167 0.00375073
  476 475.5 9.71915 0.00421838
  477 476.5 10.905 0.00473308
  478 477.5 12.1877 0.00528982
  479 478.5 13.5225 0.00586916
  480 479.5 14.8653 0.00645194
50000000 480 4914.000000000006
  1 0.5 19.4545 0.00844378
  2 1.5 20.568 0.00892707
  3 2.5 21.575 0.00936413
  4 3.5 22.4223 0.0097319
  5 4.5 23.1738 0.0100581
  6 5.5 23.8121 0.0103351
  7 6.5 24.3584 0.0105722
  8 7.5 24.8556 0.010788
  9 8.5 25.1988 0.010937
  10 9.5 25.5139 0.0110737
  11 10.5 25.7809 0.0111896
  12 11.5 25.9736 0.0112733
  13 12.5 26.126 0.0113394
  14 13.5 26.3075 0.0114182
  15 14.5 26.4242 0.0114688
  16 15.5 26.4805 0.0114933
  17 16.5 26.5454 0.0115215
  18 17.5 26.6572 0.01157
  19 18.5 26.6822 0.0115808
  20 19.5 26.709 0.0115924
  21 20.5 26.7725 0.01162
  22 21.5 26.8153 0.0116386
  23 22.5 26.8051 0.0116341
  24 23.5 26.8284 0.0116443
  25 24.5 26.8456 0.0116517
  26 25.5 26.8799 0.0116666
  27 26.5 26.8481 0.0116528
  28 27.5 26.8703 0.0116625
  29 28.5 26.898 0.0116745
  30 29.5 26.8699 0.0116623
  31 30.5 26.8657 0.0116604
  32 31.5 26.8876 0.0116699
  33 32.5 26.903 0.0116767
  34 33.5 26.8965 0.0116738
  35 34.5 26.8803 0.0116668
  36 35.5 26.8807 0.011667
  37 36.5 26.9037 0.011677
  38 37.5 26.9245 0.011686
  39 38.5 26.8935 0.0116725
  40 39.5 26.9017 0.0116761
  41 40.5 26.9363 0.0116911
  42 41.5 26.9377 0.0116917
  43 42.5 26.918 0.0116832
  44 43.5 26.9206 0.0116843
  45 44.5 26.9469 0.0116957
  46 45.5 26.9404 0.0116929
  47 46.5 26.9216 0.0116847
  48 47.5 26.8969 0.011674
  49 48.5 26.9344 0.0116903
  50 49.5 26.9173 0.0116829
  51 50.5 26.9102 0.0116798
  52 51.5 26.8872 0.0116698
  53 52.5 26.8966 0.0116739
  54 53.5 26.8919 0.0116718
  55 54.5 26.8974 0.0116742
  56 55.5 26.8742 0.0116642
  57 56.5 26.9241 0.0116858
  58 57.5 26.9043 0.0116772
  59 58.5 26.8848 0.0116687
  60 59.5 26.8536 0.0116552
  61 60.5 26.8695 0.0116621
  62 61.5 26.8619 0.0116588
  63 62.5 26.864 0.0116597
  64 63.5 26.8357 0.0116474
  65 64.5 26.8784 0.011666
  66 65.5 26.8789 0.0116662
  67 66.5 26.8266 0.0116435
  68 67.5 26.8615 0.0116586
  69 68.5 26.9 0.0116753
  70 69.5 26.875 0.0116645
  71 70.5 26.8269 0.0116436
  72 71.5 26.8539 0.0116553
  73 72.5 26.8916 0.0116717
  74 73.5 26.8571 0.0116567
  75 74.5 26.8236 0.0116422
  76 75.5 26.8614 0.0116586
  77 76.5 26.8803 0.0116668
  78 77.5 26.8204 0.0116408
  79 78.5 26.8391 0.0116489
  80 79.5 26.8575 0.0116569
  81 80.5 26.8226 0.0116417
  82 81.5 26.8198 0.0116406
  83 82.5 26.8153 0.0116386
  84 83.5 26.8129 0.0116376
  85 84.5 26.7616 0.0116153
  86 85.5 26.8026 0.0116331
  87 86.5 26.8007 0.0116322
  88 87.5 26.7607 0.0116149
  89 88.5 26.7862 0.0116259
  90 89.5 26.8015 0.0116326
  91 90.5 26.7761 0.0116216
  92 91.5 26.7551 0.0116125
  93 92.5 26.7914 0.0116282
  94 93.5 26.8061 0.0116346
  95 94.5 26.7662 0.0116173
  96 95.5 26.7338 0.0116032
  97 96.5 26.7812 0.0116238
  98 97.5 26.7694 0.0116187
  99 98.5 26.7854 0.0116256
  100 99.5 26.7048 0.0115906
  101 100.5 26.7646 0.0116166
  102 101.5 26.7691 0.0116185
  103 102.5 26.7602 0.0116147
  104 103.5 26.754 0.011612
  105 104.5 26.754 0.011612
  106 105.5 26.7965 0.0116304
  107 106.5 26.7708 0.0116193
  108 107.5 26.7432 0.0116073
  109 108.5 26.7405 0.0116061
  110 109.5 26.7764 0.0116217
  111 110.5 26.7588 0.0116141
  112 111.5 26.7701 0.0116189
  113 112.5 26.7541 0.011612
  114 113.5 26.7813 0.0116238
  115 114.5 26.7668 0.0116175
  116 115.5 26.7703 0.011619
  117 116.5 26.7814 0.0116239
  118 117.5 26.7793 0.011623
  119 118.5 26.7846 0.0116253
  120 119.5 26.8069 0.011635
  121 120.5 26.7954 0.01163
  122 121.5 26.8072 0.0116351
  123 122.5 26.806 0.0116346
  124 123.5 26.7881 0.0116268
  125 124.5 26.7801 0.0116233
  126 125.5 26.7689 0.0116184
  127 126.5 26.7798 0.0116232
  128 127.5 26.7363 0.0116043
  129 128.5 26.7582 0.0116138
  130 129.5 26.7128 0.0115941
  131 130.5 26.7444 0.0116078
  132 131.5 26.7516 0.0116109
  133 132.5 26.7373 0.0116047
  134 133.5 26.7165 0.0115957
  135 134.5 26.7514 0.0116108
  136 135.5 26.7326 0.0116027
  137 136.5 26.7172 0.011596
  138 137.5 26.6964 0.011587
  139 138.5 26.679 0.0115794
  140 139.5 26.6607 0.0115715
  141 140.5 26.627 0.0115568
  142 141.5 26.576 0.0115347
  143 142.5 26.5581 0.011527
  144 143.5 26.4735 0.0114902
  145 144.5 26.3812 0.0114502
  146 145.5 26.292 0.0114114
  147 146.5 26.1859 0.0113654
  148 147.5 25.9716 0.0112724
  149 148.5 25.8361 0.0112136
  150 149.5 25.5841 0.0111042
  151 150.5 25.2082 0.010941
  152 151.5 24.7774 0.0107541
  153 152.5 24.2274 0.0105153
  154 153.5 23.4983 0.0101989
  155 154.5 22.4476 0.00974288
  156 155.5 21.0835 0.00915082
  157 156.5 19.3737 0.0084087
  158 157.5 17.2356 0.00748071
  159 158.5 14.7625 0.00640734
  160 159.5 12.0733 0.00524016
  161 160.5 9.47651 0.00411307
  162 161.5 7.08791 0.00307635
  163 162.5 5.08876 0.00220866
  164 163.5 3.54164 0.00153717
  165 164.5 2.42625 0.00105306
  166 165.5 1.67382 0.000726483
  167 166.5 1.18481 0.00051424
  168 167.5 0.89007 0.000386315
  169 168.5 0.703806 0.000305471
  170 169.5 0.591862 0.000256885
  171 170.5 0.52109 0.000226168
  172 171.5 0.47685 0.000206966
  173 172.5 0.440734 0.000191291
  174 173.5 0.420212 0.000182384
  175 174.5 0.405168 0.000175854
  176 175.5 0.408036 0.000177099
  177 176.5 0.410572 0.0001782
  178 177.5 0.409426 0.000177702
  179 178.5 0.406228 0.000176314
  180 179.5 0.4025 0.000174696
  181 180.5 0.40246 0.000174679
  182 181.5 0.402928 0.000174882
  183 182.5 0.39894 0.000173151
  184 183.5 0.396856 0.000172247
  185 184.5 0.391794 0.000170049
  186 185.5 0.389774 0.000169173
  187 186.5 0.387676 0.000168262
  188 187.5 0.386602 0.000167796
  189 188.5 0.391354 0.000169859
  190 189.5 0.399434 0.000173365
  191 190.5 0.403294 0.000175041
  192 191.5 0.406138 0.000176275
  193 192.5 0.410106 0.000177997
  194 193.5 0.40974 0.000177839
  195 194.5 0.404994 0.000175779
  196 195.5 0.399444 0.00017337
  197 196.5 0.400164 0.000173682
  198 197.5 0.394788 0.000171349
  199 198.5 0.393064 0.000170601
  200 199.5 0.39507 0.000171471
  201 200.5 0.40219 0.000174562
  202 201.5 0.399868 0.000173554
  203 202.5 0.40119 0.000174128
  204 203.5 0.407306 0.000176782
  205 204.5 0.40346 0.000175113
  206 205.5 0.404574 0.000175596
  207 206.5 0.40638 0.00017638
  208 207.5 0.408728 0.000177399
  209 208.5 0.40588 0.000176163
  210 209.5 0.405498 0.000175997
  211 210.5 0.407314 0.000176786
  212 211.5 0.402548 0.000174717
  213 212.5 0.406974 0.000176638
  214 213.5 0.414016 0.000179694
  215 214.5 0.412666 0.000179109
  216 215.5 0.41807 0.000181454
  217 216.5 0.423018 0.000183602
  218 217.5 0.426478 0.000185103
  219 218.5 0.42155 0.000182964
  220 219.5 0.416168 0.000180628
  221 220.5 0.413434 0.000179442
  222 221.5 0.41192 0.000178785
  223 222.5 0.40863 0.000177357
  224 223.5 0.409786 0.000177859
  225 224.5 0.40684 0.00017658
  226 225.5 0.406766 0.000176548
  227 226.5 0.407612 0.000176915
  228 227.5 0.406328 0.000176358
  229 228.5 0.406524 0.000176443
  230 229.5 0.41515 0.000180187
  231 230.5 0.417064 0.000181017
  232 231.5 0.421788 0.000183068
  233 232.5 0.426758 0.000185225
  234 233.5 0.429992 0.000186628
  235 234.5 0.432192 0.000187583
  236 235.5 0.432878 0.000187881
  237 236.5 0.4328 0.000187847
  238 237.5 0.44124 0.00019151
  239 238.5 0.438912 0.0001905
  240 239.5 0.446684 0.000193873
  241 240.5 0.444552 0.000192948
  242 241.5 0.4425 0.000192057
  243 242.5 0.43768 0.000189965
  244 243.5 0.429532 0.000186429
  245 244.5 0.423464 0.000183795
  246 245.5 0.427102 0.000185374
  247 246.5 0.423418 0.000183775
  248 247.5 0.428042 0.000185782
  249 248.5 0.420584 0.000182545
  250 249.5 0.42428 0.000184149
  251 250.5 0.42139 0.000182895
  252 251.5 0.420972 0.000182714
  253 252.5 0.429574 0.000186447
  254 253.5 0.429842 0.000186563
  255 254.5 0.434866 0.000188744
  256 255.5 0.444298 0.000192838
  257 256.5 0.448806 0.000194794
  258 257.5 0.445008 0.000193146
  259 258.5 0.444952 0.000193122
  260 259.5 0.442762 0.000192171
  261 260.5 0.441372 0.000191568
  262 261.5 0.444436 0.000192898
  263 262.5 0.442246 0.000191947
  264 263.5 0.446082 0.000193612
  265 264.5 0.443862 0.000192648
  266 265.5 0.441884 0.00019179
  267 266.5 0.440124 0.000191026
  268 267.5 0.433436 0.000188123
  269 268.5 0.430436 0.000186821
  270 269.5 0.423388 0.000183762
  271 270.5 0.426378 0.00018506
  272 271.5 0.424664 0.000184316
  273 272.5 0.431746 0.00018739
  274 273.5 0.434816 0.000188722
  275 274.5 0.437438 0.00018986
  276 275.5 0.433036 0.00018795
  277 276.5 0.429654 0.000186482
  278 277.5 0.42661 0.000185161
  279 278.5 0.420942 0.000182701
  280 279.5 0.423324 0.000183734
  281 280.5 0.423608 0.000183858
  282 281.5 0.431272 0.000187184
  283 282.5 0.438452 0.0001903
  284 283.5 0.435266 0.000188918
  285 284.5 0.43127 0.000187183
  286 285.5 0.430566 0.000186878
  287 286.5 0.424224 0.000184125
  288 287.5 0.42257 0.000183407
  289 288.5 0.420404 0.000182467
  290 289.5 0.42151 0.000182947
  291 290.5 0.41621 0.000180647
  292 291.5 0.414496 0.000179903
  293 292.5 0.410858 0.000178324
  294 293.5 0.40511 0.000175829
  295 294.5 0.409378 0.000177681
  296 295.5 0.4088 0.000177431
  297 296.5 0.411984 0.000178812
  298 297.5 0.408146 0.000177147
  299 298.5 0.418344 0.000181573
  300 299.5 0.4102 0.000178038
  301 300.5 0.413232 0.000179354
  302 301.5 0.407078 0.000176683
  303 302.5 0.40532 0.00017592
  304 303.5 0.408092 0.000177123
  305 304.5 0.411558 0.000178628
  306 305.5 0.41257 0.000179067
  307 306.5 0.405806 0.000176131
  308 307.5 0.414944 0.000180097
  309 308.5 0.428362 0.000185921
  310 309.5 0.452816 0.000196535
  311 310.5 0.48295 0.000209614
  312 311.5 0.530582 0.000230287
  313 312.5 0.606046 0.000263041
  314 313.5 0.713826 0.00030982
  315 314.5 0.886538 0.000384782
  316 315.5 1.14308 0.00049613
  317 316.5 1.54021 0.000668493
  318 317.5 2.12278 0.000921345
  319 318.5 2.91607 0.00126565
  320 319.5 3.8974 0.00169158
  321 320.5 5.02358 0.00218037
  322 321.5 6.16014 0.00267367
  323 322.5 7.17072 0.00311229
  324 323.5 7.88793 0.00342358
  325 324.5 8.26909 0.00358902
  326 325.5 8.25888 0.00358458
  327 326.5 7.97079 0.00345954
  328 327.5 7.46125 0.00323839
  329 328.5 6.86959 0.00298159
  330 329.5 6.2523 0.00271367
  331 330.5 5.65024 0.00245236
  332 331.5 5.12223 0.00222319
  333 332.5 4.67168 0.00202764
  334 333.5 4.29844 0.00186564
  335 334.5 3.99111 0.00173225
  336 335.5 3.73168 0.00161965
  337 336.5 3.53211 0.00153304
  338 337.5 3.37175 0.00146343
  339 338.5 3.23793 0.00140535
  340 339.5 3.15163 0.00136789
  341 340.5 3.06965 0.00133231
  342 341.5 3.01652 0.00130925
  343 342.5 2.977 0.0012921
  344 343.5 2.9259 0.00126992
  345 344.5 2.90197 0.00125954
  346 345.5 2.87427 0.00124751
  347 346.5 2.86944 0.00124542
  348 347.5 2.86588 0.00124387
  349 348.5 2.85411 0.00123876
  350 349.5 2.84122 0.00123317
  351 350.5 2.84718 0.00123576
  352 351.5 2.84264 0.00123379
  353 352.5 2.8247 0.001226
  354 353.5 2.82809 0.00122747
  355 354.5 2.84596 0.00123523
  356 355.5 2.85808 0.00124049
  357 356.5 2.85882 0.00124081
  358 357.5 2.84599 0.00123524
  359 358.5 2.84716 0.00123575
  360 359.5 2.85551 0.00123937
  361 360.5 2.85392 0.00123868
  362 361.5 2.85165 0.00123769
  363 362.5 2.84892 0.00123651
  364 363.5 2.83645 0.0012311
  365 364.5 2.84921 0.00123663
  366 365.5 2.86122 0.00124185
  367 366.5 2.85895 0.00124087
  368 367.5 2.854 0.00123872
  369 368.5 2.85853 0.00124068
  370 369.5 2.8595 0.0012411
  371 370.5 2.84524 0.00123491
  372 371.5 2.85139 0.00123758
  373 372.5 2.85409 0.00123876
  374 373.5 2.85924 0.00124099
  375 374.5 2.85715 0.00124008
  376 375.5 2.86438 0.00124322
  377 376.5 2.8585 0.00124067
  378 377.5 2.85781 0.00124037
  379 378.5 2.86187 0.00124213
  380 379.5 2.85244 0.00123804
  381 380.5 2.85253 0.00123808
  382 381.5 2.85791 0.00124041
  383 382.5 2.85656 0.00123983
  384 383.5 2.86059 0.00124158
  385 384.5 2.85271 0.00123815
  386 385.5 2.85426 0.00123883
  387 386.5 2.86329 0.00124275
  388 387.5 2.86297 0.00124261
  389 388.5 2.87213 0.00124659
  390 389.5 2.85936 0.00124104
  391 390.5 2.85239 0.00123802
  392 391.5 2.85446 0.00123891
  393 392.5 2.85744 0.00124021
  394 393.5 2.86529 0.00124362
  395 394.5 2.85885 0.00124082
  396 395.5 2.85025 0.00123709
  397 396.5 2.86248 0.0012424
  398 397.5 2.85678 0.00123992
  399 398.5 2.84633 0.00123539
  400 399.5 2.85788 0.0012404
  401 400.5 2.84806 0.00123614
  402 401.5 2.84317 0.00123401
  403 402.5 2.83757 0.00123159
  404 403.5 2.85343 0.00123847
  405 404.5 2.85139 0.00123758
  406 405.5 2.85079 0.00123732
  407 406.5 2.86503 0.0012435
  408 407.5 2.87292 0.00124693
  409 408.5 2.87779 0.00124904
  410 409.5 2.8756 0.00124809
  411 410.5 2.87975 0.00124989
  412 411.5 2.88158 0.00125069
  413 412.5 2.88452 0.00125196
  414 413.5 2.8779 0.00124909
  415 414.5 2.8847 0.00125204
  416 415.5 2.87569 0.00124813
  417 416.5 2.88581 0.00125252
  418 417.5 2.876 0.00124826
  419 418.5 2.87949 0.00124978
  420 419.5 2.8892 0.00125399
  421 420.5 2.87864 0.00124941
  422 421.5 2.88914 0.00125397
  423 422.5 2.89321 0.00125574
  424 423.5 2.88971 0.00125422
  425 424.5 2.87813 0.00124919
  426 425.5 2.88779 0.00125338
  427 426.5 2.88273 0.00125118
  428 427.5 2.88833 0.00125361
  429 428.5 2.89297 0.00125563
  430 429.5 2.88938 0.00125407
  431 430.5 2.88792 0.00125344
  432 431.5 2.88747 0.00125324
  433 432.5 2.88895 0.00125389
  434 433.5 2.88602 0.00125261
  435 434.5 2.89118 0.00125485
  436 435.5 2.88817 0.00125355
  437 436.5 2.88547 0.00125237
  438 437.5 2.87635 0.00124841
  439 438.5 2.88251 0.00125109
  440 439.5 2.87761 0.00124896
  441 440.5 2.87906 0.00124959
  442 441.5 2.88095 0.00125041
  443 442.5 2.87334 0.00124711
  444 443.5 2.86919 0.00124531
  445 444.5 2.87808 0.00124917
  446 445.5 2.88505 0.00125219
  447 446.5 2.87768 0.00124899
  448 447.5 2.88592 0.00125257
  449 448.5 2.89401 0.00125608
  450 449.5 2.88919 0.00125399
  451 450.5 2.9028 0.00125989
  452 451.5 2.90666 0.00126157
  453 452.5 2.9259 0.00126992
  454 453.5 2.93923 0.00127571
  455 454.5 2.95723 0.00128352
  456 455.5 2.98437 0.0012953
  457 456.5 3.02817 0.00131431
  458 457.5 3.07406 0.00133423
  459 458.5 3.12213 0.00135509
  460 459.5 3.1874 0.00138342
  461 460.5 3.28141 0.00142422
  462 461.5 3.39957 0.00147551
  463 462.5 3.56498 0.0015473
  464 463.5 3.75586 0.00163015
  465 464.5 4.00673 0.00173903
  466 465.5 4.30672 0.00186924
  467 466.5 4.70088 0.00204031
  468 467.5 5.18777 0.00225164
  469 468.5 5.75548 0.00249804
  470 469.5 6.4391 0.00279475
  471 470.5 7.24114 0.00314286
  472 471.5 8.16579 0.00354418
  473 472.5 9.22402 0.00400348
  474 473.5 10.3854 0.00450754
  475 474.5 11.6525 0.00505749
  476 475.5 12.9597 0.00562487
  477 476.5 14.3107 0.00621122
  478 477.5 15.6868 0.00680852
  479 478.5 17.0142 0.00738462
  480 479.5 18.2812 0.00793457
