# Chunk-averaged data for fix tensor3 and group c2
# Timestep Number-of-chunks Total-count
# Chunk Coord1 Ncount density/number
20000000 480 6447.000000000002
  1 0.5 0.553986 0.000240445
  2 1.5 0.549694 0.000238582
  3 2.5 0.535554 0.000232445
  4 3.5 0.52757 0.00022898
  5 4.5 0.526544 0.000228535
  6 5.5 0.509074 0.000220952
  7 6.5 0.49834 0.000216293
  8 7.5 0.482304 0.000209333
  9 8.5 0.445204 0.000193231
  10 9.5 0.408636 0.000177359
  11 10.5 0.367474 0.000159494
  12 11.5 0.320274 0.000139008
  13 12.5 0.279304 0.000121226
  14 13.5 0.238084 0.000103335
  15 14.5 0.194158 8.427e-05
  16 15.5 0.153712 6.67153e-05
  17 16.5 0.116162 5.04175e-05
  18 17.5 0.083648 3.63056e-05
  19 18.5 0.061364 2.66337e-05
  20 19.5 0.04275 1.85547e-05
  21 20.5 0.028412 1.23316e-05
  22 21.5 0.018834 8.17448e-06
  23 22.5 0.011924 5.17535e-06
  24 23.5 0.008078 3.50608e-06
  25 24.5 0.00505 2.19184e-06
  26 25.5 0.003138 1.36198e-06
  27 26.5 0.002198 9.53993e-07
  28 27.5 0.001418 6.15451e-07
  29 28.5 0.001096 4.75694e-07
  30 29.5 0.000854 3.7066e-07
  31 30.5 0.000772 3.35069e-07
  32 31.5 0.000818 3.55035e-07
  33 32.5 0.000796 3.45486e-07
  34 33.5 0.001028 4.46181e-07
  35 34.5 0.000988 4.28819e-07
  36 35.5 0.00137 5.94618e-07
  37 36.5 0.001152 5e-07
  38 37.5 0.000706 3.06424e-07
  39 38.5 0.00065 2.82118e-07
  40 39.5 0.000746 3.23785e-07
  41 40.5 0.000928 4.02778e-07
  42 41.5 0.001078 4.67882e-07
  43 42.5 0.001094 4.74826e-07
  44 43.5 0.000812 3.52431e-07
  45 44.5 0.000848 3.68056e-07
  46 45.5 0.000842 3.65451e-07
  47 46.5 0.000878 3.81076e-07
  48 47.5 0.00078 3.38542e-07
  49 48.5 0.00077 3.34201e-07
  50 49.5 0.000828 3.59375e-07
  51 50.5 0.000936 4.0625e-07
  52 51.5 0.000906 3.93229e-07
  53 52.5 0.001022 4.43576e-07
  54 53.5 0.000998 4.3316e-07
  55 54.5 0.000876 3.80208e-07
  56 55.5 0.001076 4.67014e-07
  57 56.5 0.000952 4.13194e-07
  58 57.5 0.00092 3.99306e-07
  59 58.5 0.000828 3.59375e-07
  60 59.5 0.000878 3.81076e-07
  61 60.5 0.00093 4.03646e-07
  62 61.5 0.000918 3.98437e-07
  63 62.5 0.001076 4.67014e-07
  64 63.5 0.00098 4.25347e-07
  65 64.5 0.000864 3.75e-07
  66 65.5 0.000892 3.87153e-07
  67 66.5 0.00103 4.47049e-07
  68 67.5 0.001044 4.53125e-07
  69 68.5 0.00102 4.42708e-07
  70 69.5 0.00086 3.73264e-07
  71 70.5 0.000902 3.91493e-07
  72 71.5 0.00097 4.21007e-07
  73 72.5 0.000866 3.75868e-07
  74 73.5 0.000864 3.75e-07
  75 74.5 0.001012 4.39236e-07
  76 75.5 0.00087 3.77604e-07
  77 76.5 0.000782 3.3941e-07
  78 77.5 0.000914 3.96701e-07
  79 78.5 0.001128 4.89583e-07
  80 79.5 0.00121 5.25174e-07
  81 80.5 0.00094 4.07986e-07
  82 81.5 0.000918 3.98437e-07
  83 82.5 0.00091 3.94965e-07
  84 83.5 0.000968 4.20139e-07
  85 84.5 0.000958 4.15799e-07
  86 85.5 0.00101 4.38368e-07
  87 86.5 0.000934 4.05382e-07
  88 87.5 0.001 4.34028e-07
  89 88.5 0.001108 4.80903e-07
  90 89.5 0.000826 3.58507e-07
  91 90.5 0.000944 4.09722e-07
  92 91.5 0.00103 4.47049e-07
  93 92.5 0.001034 4.48785e-07
  94 93.5 0.000926 4.0191e-07
  95 94.5 0.000798 3.46354e-07
  96 95.5 0.000896 3.88889e-07
  97 96.5 0.000956 4.14931e-07
  98 97.5 0.000724 3.14236e-07
  99 98.5 0.00063 2.73437e-07
  100 99.5 0.000756 3.28125e-07
  101 100.5 0.000824 3.57639e-07
  102 101.5 0.000838 3.63715e-07
  103 102.5 0.000816 3.54167e-07
  104 103.5 0.000872 3.78472e-07
  105 104.5 0.000712 3.09028e-07
  106 105.5 0.000748 3.24653e-07
  107 106.5 0.000722 3.13368e-07
  108 107.5 0.000674 2.92535e-07
  109 108.5 0.000682 2.96007e-07
  110 109.5 0.000684 2.96875e-07
  111 110.5 0.000888 3.85417e-07
  112 111.5 0.000844 3.66319e-07
  113 112.5 0.000742 3.22049e-07
  114 113.5 0.00072 3.125e-07
  115 114.5 0.00074 3.21181e-07
  116 115.5 0.0006 2.60417e-07
  117 116.5 0.00078 3.38542e-07
  118 117.5 0.000756 3.28125e-07
  119 118.5 0.000874 3.7934e-07
  120 119.5 0.000942 4.08854e-07
  121 120.5 0.000802 3.4809e-07
  122 121.5 0.000834 3.61979e-07
  123 122.5 0.000872 3.78472e-07
  124 123.5 0.00071 3.0816e-07
  125 124.5 0.000782 3.3941e-07
  126 125.5 0.000936 4.0625e-07
  127 126.5 0.000714 3.09896e-07
  128 127.5 0.00067 2.90799e-07
  129 128.5 0.000646 2.80382e-07
  130 129.5 0.000614 2.66493e-07
  131 130.5 0.000652 2.82986e-07
  132 131.5 0.000516 2.23958e-07
  133 132.5 0.000652 2.82986e-07
  134 133.5 0.000742 3.22049e-07
  135 134.5 0.000772 3.35069e-07
  136 135.5 0.00081 3.51563e-07
  137 136.5 0.00056 2.43056e-07
  138 137.5 0.000628 2.72569e-07
  139 138.5 0.00064 2.77778e-07
  140 139.5 0.000746 3.23785e-07
  141 140.5 0.000952 4.13194e-07
  142 141.5 0.000626 2.71701e-07
  143 142.5 0.000644 2.79514e-07
  144 143.5 0.000784 3.40278e-07
  145 144.5 0.000698 3.02951e-07
  146 145.5 0.00062 2.69097e-07
  147 146.5 0.000556 2.41319e-07
  148 147.5 0.000526 2.28299e-07
  149 148.5 0.000442 1.9184e-07
  150 149.5 0.000554 2.40451e-07
  151 150.5 0.000474 2.05729e-07
  152 151.5 0.000586 2.5434e-07
  153 152.5 0.000582 2.52604e-07
  154 153.5 0.000612 2.65625e-07
  155 154.5 0.000536 2.32639e-07
  156 155.5 0.00062 2.69097e-07
  157 156.5 0.000498 2.16146e-07
  158 157.5 0.000464 2.01389e-07
  159 158.5 0.000464 2.01389e-07
  160 159.5 0.000588 2.55208e-07
  161 160.5 0.00057 2.47396e-07
  162 161.5 0.000518 2.24826e-07
  163 162.5 0.000584 2.53472e-07
  164 163.5 0.000664 2.88194e-07
  165 164.5 0.000664 2.88194e-07
  166 165.5 0.000556 2.41319e-07
  167 166.5 0.00052 2.25694e-07
  168 167.5 0.00046 1.99653e-07
  169 168.5 0.000464 2.01389e-07
  170 169.5 0.000428 1.85764e-07
  171 170.5 0.000624 2.70833e-07
  172 171.5 0.000574 2.49132e-07
  173 172.5 0.000584 2.53472e-07
  174 173.5 0.000566 2.4566e-07
  175 174.5 0.000528 2.29167e-07
  176 175.5 0.000586 2.5434e-07
  177 176.5 0.000636 2.76042e-07
  178 177.5 0.000774 3.35938e-07
  179 178.5 0.000732 3.17708e-07
  180 179.5 0.000644 2.79514e-07
  181 180.5 0.000668 2.89931e-07
  182 181.5 0.000926 4.0191e-07
  183 182.5 0.001048 4.54861e-07
  184 183.5 0.00171 7.42188e-07
  185 184.5 0.002696 1.17014e-06
  186 185.5 0.004212 1.82812e-06
  187 186.5 0.007192 3.12153e-06
  188 187.5 0.012204 5.29688e-06
  189 188.5 0.021396 9.28646e-06
  190 189.5 0.033926 1.47248e-05
  191 190.5 0.05319 2.30859e-05
  192 191.5 0.080756 3.50503e-05
  193 192.5 0.115248 5.00208e-05
  194 193.5 0.15589 6.76606e-05
  195 194.5 0.206044 8.94288e-05
  196 195.5 0.255086 0.000110714
  197 196.5 0.307376 0.00013341
  198 197.5 0.358728 0.000155698
  199 198.5 0.41377 0.000179588
  200 199.5 0.468564 0.00020337
  201 200.5 0.513738 0.000222977
  202 201.5 0.544008 0.000236115
  203 202.5 0.56199 0.000243919
  204 203.5 0.583494 0.000253253
  205 204.5 0.6041 0.000262196
  206 205.5 0.621702 0.000269836
  207 206.5 0.64304 0.000279097
  208 207.5 0.651604 0.000282814
  209 208.5 0.65884 0.000285955
  210 209.5 0.6649 0.000288585
  211 210.5 0.67231 0.000291801
  212 211.5 0.68938 0.00029921
  213 212.5 0.699078 0.000303419
  214 213.5 0.704892 0.000305943
  215 214.5 0.731748 0.000317599
  216 215.5 0.77435 0.000336089
  217 216.5 0.84262 0.00036572
  218 217.5 0.976212 0.000423703
  219 218.5 1.25139 0.000543136
  220 219.5 1.67239 0.000725862
  221 220.5 2.40833 0.00104528
  222 221.5 4.0833 0.00177227
  223 222.5 6.73552 0.0029234
  224 223.5 10.0024 0.00434132
  225 224.5 16.0084 0.00694809
  226 225.5 22.2431 0.00965411
  227 226.5 28.5788 0.012404
  228 227.5 34.4526 0.0149534
  229 228.5 36.7028 0.01593
  230 229.5 37.7656 0.0163913
  231 230.5 39.2186 0.017022
  232 231.5 40.3259 0.0175026
  233 232.5 41.0709 0.0178259
  234 233.5 41.7977 0.0181414
  235 234.5 42.6252 0.0185005
  236 235.5 43.892 0.0190503
  237 236.5 44.2151 0.0191906
  238 237.5 43.7139 0.0189731
  239 238.5 43.1105 0.0187112
  240 239.5 43.067 0.0186923
  241 240.5 43.8667 0.0190394
  242 241.5 44.5358 0.0193298
  243 242.5 44.0474 0.0191178
  244 243.5 43.9475 0.0190744
  245 244.5 44.1455 0.0191604
  246 245.5 44.217 0.0191914
  247 246.5 43.5449 0.0188997
  248 247.5 42.9982 0.0186624
  249 248.5 43.2435 0.0187689
  250 249.5 42.571 0.018477
  251 250.5 42.5474 0.0184667
  252 251.5 43.0866 0.0187008
  253 252.5 42.9465 0.01864
  254 253.5 42.7549 0.0185568
  255 254.5 42.9031 0.0186211
  256 255.5 43.7178 0.0189747
  257 256.5 44.5568 0.0193389
  258 257.5 44.2238 0.0191944
  259 258.5 43.3703 0.0188239
  260 259.5 43.1005 0.0187068
  261 260.5 43.4599 0.0188628
  262 261.5 43.366 0.0188221
  263 262.5 43.3486 0.0188145
  264 263.5 43.1777 0.0187403
  265 264.5 42.8253 0.0185874
  266 265.5 42.9251 0.0186307
  267 266.5 43.3618 0.0188202
  268 267.5 43.5988 0.0189231
  269 268.5 43.1613 0.0187332
  270 269.5 43.3769 0.0188268
  271 270.5 44.1935 0.0191812
  272 271.5 44.2705 0.0192146
  273 272.5 43.1663 0.0187354
  274 273.5 42.5443 0.0184654
  275 274.5 43.2844 0.0187866
  276 275.5 43.6201 0.0189323
  277 276.5 43.4751 0.0188694
  278 277.5 43.218 0.0187578
  279 278.5 42.6903 0.0185288
  280 279.5 42.633 0.0185039
  281 280.5 43.0877 0.0187013
  282 281.5 43.4748 0.0188693
  283 282.5 42.9293 0.0186325
  284 283.5 42.7867 0.0185706
  285 284.5 42.7483 0.0185539
  286 285.5 42.8221 0.018586
  287 286.5 43.2946 0.0187911
  288 287.5 44.153 0.0191636
  289 288.5 44.577 0.0193476
  290 289.5 43.7739 0.0189991
  291 290.5 43.2989 0.0187929
  292 291.5 43.7911 0.0190066
  293 292.5 43.9094 0.0190579
  294 293.5 43.8246 0.0190211
  295 294.5 43.4198 0.0188454
  296 295.5 43.4926 0.018877
  297 296.5 44.0612 0.0191238
  298 297.5 43.0553 0.0186872
  299 298.5 41.9953 0.0182271
  300 299.5 42.5236 0.0184564
  301 300.5 43.2741 0.0187822
  302 301.5 43.6139 0.0189297
  303 302.5 43.3859 0.0188307
  304 303.5 43.0873 0.0187011
  305 304.5 43.2181 0.0187579
  306 305.5 43.3267 0.018805
  307 306.5 43.7003 0.0189672
  308 307.5 43.673 0.0189553
  309 308.5 42.6679 0.0185191
  310 309.5 42.3824 0.0183951
  311 310.5 43.4886 0.0188753
  312 311.5 43.8043 0.0190123
  313 312.5 42.0356 0.0182446
  314 313.5 41.1522 0.0178612
  315 314.5 42.5527 0.018469
  316 315.5 43.6142 0.0189298
  317 316.5 43.3623 0.0188205
  318 317.5 43.0304 0.0186764
  319 318.5 42.9093 0.0186238
  320 319.5 42.9487 0.0186409
  321 320.5 43.328 0.0188055
  322 321.5 43.9487 0.019075
  323 322.5 43.3877 0.0188315
  324 323.5 41.2805 0.0179169
  325 324.5 40.999 0.0177947
  326 325.5 42.6807 0.0185246
  327 326.5 43.3308 0.0188068
  328 327.5 42.949 0.0186411
  329 328.5 43.056 0.0186875
  330 329.5 43.1743 0.0187388
  331 330.5 43.5758 0.0189131
  332 331.5 44.4101 0.0192752
  333 332.5 43.5338 0.0188949
  334 333.5 42.7166 0.0185402
  335 334.5 42.4553 0.0184268
  336 335.5 42.6008 0.0184899
  337 336.5 43.4149 0.0188433
  338 337.5 44.2189 0.0191922
  339 338.5 44.312 0.0192326
  340 339.5 44.2288 0.0191965
  341 340.5 44.033 0.0191115
  342 341.5 43.6337 0.0189383
  343 342.5 43.8814 0.0190458
  344 343.5 43.542 0.0188984
  345 344.5 42.4334 0.0184173
  346 345.5 42.9891 0.0186585
  347 346.5 43.2937 0.0187906
  348 347.5 42.809 0.0185803
  349 348.5 43.3366 0.0188093
  350 349.5 43.4247 0.0188475
  351 350.5 42.9396 0.018637
  352 351.5 42.6609 0.018516
  353 352.5 42.7645 0.018561
  354 353.5 42.9542 0.0186433
  355 354.5 42.9842 0.0186563
  356 355.5 42.2957 0.0183575
  357 356.5 41.8011 0.0181428
  358 357.5 42.6303 0.0185027
  359 358.5 43.2981 0.0187926
  360 359.5 43.7921 0.019007
  361 360.5 44.1758 0.0191735
  362 361.5 44.1366 0.0191565
  363 362.5 43.8077 0.0190138
  364 363.5 43.4373 0.018853
  365 364.5 43.4582 0.0188621
  366 365.5 42.3912 0.0183989
  367 366.5 40.1688 0.0174344
  368 367.5 38.319 0.0166315
  369 368.5 36.8086 0.015976
  370 369.5 33.97 0.0147439
  371 370.5 32.9265 0.014291
  372 371.5 29.7331 0.012905
  373 372.5 24.2267 0.0105151
  374 373.5 17.1471 0.00744233
  375 374.5 13.4672 0.00584514
  376 375.5 9.13338 0.00396414
  377 376.5 5.20632 0.00225969
  378 377.5 3.15146 0.00136782
  379 378.5 2.19581 0.000953043
  380 379.5 1.54487 0.000670517
  381 380.5 1.15948 0.000503247
  382 381.5 0.992576 0.000430806
  383 382.5 0.889184 0.000385931
  384 383.5 0.79977 0.000347122
  385 384.5 0.75463 0.00032753
  386 385.5 0.743164 0.000322554
  387 386.5 0.73033 0.000316984
  388 387.5 0.70758 0.000307109
  389 388.5 0.696468 0.000302286
  390 389.5 0.6936 0.000301042
  391 390.5 0.67667 0.000293694
  392 391.5 0.665818 0.000288984
  393 392.5 0.661982 0.000287319
  394 393.5 0.651264 0.000282667
  395 394.5 0.640616 0.000278045
  396 395.5 0.636372 0.000276203
  397 396.5 0.630524 0.000273665
  398 397.5 0.637868 0.000276852
  399 398.5 0.633466 0.000274942
  400 399.5 0.640636 0.000278054
  401 400.5 0.640814 0.000278131
  402 401.5 0.644984 0.000279941
  403 402.5 0.639852 0.000277714
  404 403.5 0.6503 0.000282248
  405 404.5 0.657654 0.00028544
  406 405.5 0.641922 0.000278612
  407 406.5 0.64072 0.00027809
  408 407.5 0.64278 0.000278984
  409 408.5 0.639478 0.000277551
  410 409.5 0.630698 0.00027374
  411 410.5 0.634792 0.000275517
  412 411.5 0.637146 0.000276539
  413 412.5 0.626192 0.000271785
  414 413.5 0.625166 0.000271339
  415 414.5 0.628614 0.000272836
  416 415.5 0.630194 0.000273522
  417 416.5 0.636786 0.000276383
  418 417.5 0.626578 0.000271952
  419 418.5 0.619186 0.000268744
  420 419.5 0.618804 0.000268578
  421 420.5 0.61768 0.00026809
  422 421.5 0.612732 0.000265943
  423 422.5 0.615866 0.000267303
  424 423.5 0.608036 0.000263905
  425 424.5 0.60597 0.000263008
  426 425.5 0.611112 0.00026524
  427 426.5 0.613304 0.000266191
  428 427.5 0.607942 0.000263864
  429 428.5 0.597778 0.000259452
  430 429.5 0.591746 0.000256834
  431 430.5 0.59238 0.000257109
  432 431.5 0.588208 0.000255299
  433 432.5 0.592774 0.00025728
  434 433.5 0.586018 0.000254348
  435 434.5 0.579314 0.000251438
  436 435.5 0.582106 0.00025265
  437 436.5 0.582588 0.000252859
  438 437.5 0.582294 0.000252732
  439 438.5 0.579346 0.000251452
  440 439.5 0.575102 0.00024961
  441 440.5 0.567752 0.00024642
  442 441.5 0.566144 0.000245722
  443 442.5 0.56509 0.000245265
  444 443.5 0.559802 0.00024297
  445 444.5 0.559048 0.000242642
  446 445.5 0.562408 0.000244101
  447 446.5 0.5608 0.000243403
  448 447.5 0.565792 0.000245569
  449 448.5 0.557846 0.000242121
  450 449.5 0.565478 0.000245433
  451 450.5 0.562222 0.00024402
  452 451.5 0.562306 0.000244056
  453 452.5 0.559364 0.00024278
  454 453.5 0.553044 0.000240036
  455 454.5 0.555964 0.000241304
  456 455.5 0.563104 0.000244403
  457 456.5 0.553424 0.000240201
  458 457.5 0.547198 0.000237499
  459 458.5 0.5482 0.000237934
  460 459.5 0.54495 0.000236523
  461 460.5 0.548406 0.000238023
  462 461.5 0.55131 0.000239284
  463 462.5 0.556724 0.000241634
  464 463.5 0.550046 0.000238735
  465 464.5 0.549952 0.000238694
  466 465.5 0.54995 0.000238694
  467 466.5 0.547754 0.00023774
  468 467.5 0.54112 0.000234861
  469 468.5 0.545866 0.000236921
  470 469.5 0.5491 0.000238325
  471 470.5 0.551504 0.000239368
  472 471.5 0.561934 0.000243895
  473 472.5 0.563042 0.000244376
  474 473.5 0.566584 0.000245913
  475 474.5 0.562624 0.000244194
  476 475.5 0.56054 0.00024329
  477 476.5 0.562372 0.000244085
  478 477.5 0.55975 0.000242947
  479 478.5 0.560404 0.000243231
  480 479.5 0.557344 0.000241903
30000000 480 6446.999999999999
  1 0.5 0.65531 0.000284423
  2 1.5 0.628544 0.000272806
  3 2.5 0.605066 0.000262615
  4 3.5 0.573946 0.000249109
  5 4.5 0.551 0.000239149
  6 5.5 0.511068 0.000221818
  7 6.5 0.470832 0.000204354
  8 7.5 0.418818 0.000181779
  9 8.5 0.36603 0.000158867
  10 9.5 0.312264 0.000135531
  11 10.5 0.254358 0.000110398
  12 11.5 0.195638 8.49123e-05
  13 12.5 0.146518 6.35929e-05
  14 13.5 0.10178 4.41753e-05
  15 14.5 0.067522 2.93064e-05
  16 15.5 0.041542 1.80304e-05
  17 16.5 0.02296 9.96528e-06
  18 17.5 0.012982 5.63455e-06
  19 18.5 0.007988 3.46701e-06
  20 19.5 0.004704 2.04167e-06
  21 20.5 0.00266 1.15451e-06
  22 21.5 0.001866 8.09896e-07
  23 22.5 0.001048 4.54861e-07
  24 23.5 0.000686 2.97743e-07
  25 24.5 0.000716 3.10764e-07
  26 25.5 0.000452 1.96181e-07
  27 26.5 0.000588 2.55208e-07
  28 27.5 0.000552 2.39583e-07
  29 28.5 0.00064 2.77778e-07
  30 29.5 0.000662 2.87326e-07
  31 30.5 0.00072 3.125e-07
  32 31.5 0.00062 2.69097e-07
  33 32.5 0.000582 2.52604e-07
  34 33.5 0.000704 3.05556e-07
  35 34.5 0.000476 2.06597e-07
  36 35.5 0.00048 2.08333e-07
  37 36.5 0.000398 1.72743e-07
  38 37.5 0.000654 2.83854e-07
  39 38.5 0.000554 2.40451e-07
  40 39.5 0.00058 2.51736e-07
  41 40.5 0.00053 2.30035e-07
  42 41.5 0.000488 2.11806e-07
  43 42.5 0.000544 2.36111e-07
  44 43.5 0.000632 2.74306e-07
  45 44.5 0.000494 2.1441e-07
  46 45.5 0.000406 1.76215e-07
  47 46.5 0.000436 1.89236e-07
  48 47.5 0.00045 1.95313e-07
  49 48.5 0.000414 1.79688e-07
  50 49.5 0.00046 1.99653e-07
  51 50.5 0.00036 1.5625e-07
  52 51.5 0.000368 1.59722e-07
  53 52.5 0.000458 1.98785e-07
  54 53.5 0.00062 2.69097e-07
  55 54.5 0.000386 1.67535e-07
  56 55.5 0.000488 2.11806e-07
  57 56.5 0.000512 2.22222e-07
  58 57.5 0.000512 2.22222e-07
  59 58.5 0.00052 2.25694e-07
  60 59.5 0.000504 2.1875e-07
  61 60.5 0.000572 2.48264e-07
  62 61.5 0.000522 2.26563e-07
  63 62.5 0.000746 3.23785e-07
  64 63.5 0.000394 1.71007e-07
  65 64.5 0.000288 1.25e-07
  66 65.5 0.000478 2.07465e-07
  67 66.5 0.000426 1.84896e-07
  68 67.5 0.000426 1.84896e-07
  69 68.5 0.000426 1.84896e-07
  70 69.5 0.000516 2.23958e-07
  71 70.5 0.000438 1.90104e-07
  72 71.5 0.000462 2.00521e-07
  73 72.5 0.000444 1.92708e-07
  74 73.5 0.000534 2.31771e-07
  75 74.5 0.000402 1.74479e-07
  76 75.5 0.000324 1.40625e-07
  77 76.5 0.000342 1.48438e-07
  78 77.5 0.000438 1.90104e-07
  79 78.5 0.000758 3.28993e-07
  80 79.5 0.000588 2.55208e-07
  81 80.5 0.000388 1.68403e-07
  82 81.5 0.000632 2.74306e-07
  83 82.5 0.000614 2.66493e-07
  84 83.5 0.000892 3.87153e-07
  85 84.5 0.000632 2.74306e-07
  86 85.5 0.000558 2.42188e-07
  87 86.5 0.00052 2.25694e-07
  88 87.5 0.000546 2.36979e-07
  89 88.5 0.00057 2.47396e-07
  90 89.5 0.000736 3.19444e-07
  91 90.5 0.00073 3.1684e-07
  92 91.5 0.000488 2.11806e-07
  93 92.5 0.000436 1.89236e-07
  94 93.5 0.000484 2.10069e-07
  95 94.5 0.000448 1.94444e-07
  96 95.5 0.000572 2.48264e-07
  97 96.5 0.000578 2.50868e-07
  98 97.5 0.0005 2.17014e-07
  99 98.5 0.000332 1.44097e-07
  100 99.5 0.00035 1.5191e-07
  101 100.5 0.000328 1.42361e-07
  102 101.5 0.000324 1.40625e-07
  103 102.5 0.000296 1.28472e-07
  104 103.5 0.000282 1.22396e-07
  105 104.5 0.000376 1.63194e-07
  106 105.5 0.000372 1.61458e-07
  107 106.5 0.000312 1.35417e-07
  108 107.5 0.000312 1.35417e-07
  109 108.5 0.00045 1.95313e-07
  110 109.5 0.000378 1.64062e-07
  111 110.5 0.000456 1.97917e-07
  112 111.5 0.000366 1.58854e-07
  113 112.5 0.000346 1.50174e-07
  114 113.5 0.000322 1.39757e-07
  115 114.5 0.00032 1.38889e-07
  116 115.5 0.00047 2.03993e-07
  117 116.5 0.000508 2.20486e-07
  118 117.5 0.000336 1.45833e-07
  119 118.5 0.00033 1.43229e-07
  120 119.5 0.000336 1.45833e-07
  121 120.5 0.000326 1.41493e-07
  122 121.5 0.000296 1.28472e-07
  123 122.5 0.000294 1.27604e-07
  124 123.5 0.000322 1.39757e-07
  125 124.5 0.00031 1.34549e-07
  126 125.5 0.000496 2.15278e-07
  127 126.5 0.000484 2.10069e-07
  128 127.5 0.000468 2.03125e-07
  129 128.5 0.000422 1.8316e-07
  130 129.5 0.000422 1.8316e-07
  131 130.5 0.00044 1.90972e-07
  132 131.5 0.00036 1.5625e-07
  133 132.5 0.000388 1.68403e-07
  134 133.5 0.000424 1.84028e-07
  135 134.5 0.000572 2.48264e-07
  136 135.5 0.00054 2.34375e-07
  137 136.5 0.000436 1.89236e-07
  138 137.5 0.00048 2.08333e-07
  139 138.5 0.000474 2.05729e-07
  140 139.5 0.000384 1.66667e-07
  141 140.5 0.000398 1.72743e-07
  142 141.5 0.000462 2.00521e-07
  143 142.5 0.000486 2.10937e-07
  144 143.5 0.000528 2.29167e-07
  145 144.5 0.000524 2.27431e-07
  146 145.5 0.00071 3.0816e-07
  147 146.5 0.001018 4.4184e-07
  148 147.5 0.00057 2.47396e-07
  149 148.5 0.00054 2.34375e-07
  150 149.5 0.000572 2.48264e-07
  151 150.5 0.00066 2.86458e-07
  152 151.5 0.000762 3.30729e-07
  153 152.5 0.000842 3.65451e-07
  154 153.5 0.00075 3.25521e-07
  155 154.5 0.000798 3.46354e-07
  156 155.5 0.000764 3.31597e-07
  157 156.5 0.000664 2.88194e-07
  158 157.5 0.000662 2.87326e-07
  159 158.5 0.00087 3.77604e-07
  160 159.5 0.001062 4.60937e-07
  161 160.5 0.000858 3.72396e-07
  162 161.5 0.001056 4.58333e-07
  163 162.5 0.00108 4.6875e-07
  164 163.5 0.000926 4.0191e-07
  165 164.5 0.000722 3.13368e-07
  166 165.5 0.000816 3.54167e-07
  167 166.5 0.000748 3.24653e-07
  168 167.5 0.000716 3.10764e-07
  169 168.5 0.000672 2.91667e-07
  170 169.5 0.000702 3.04687e-07
  171 170.5 0.000606 2.63021e-07
  172 171.5 0.000724 3.14236e-07
  173 172.5 0.00077 3.34201e-07
  174 173.5 0.000786 3.41146e-07
  175 174.5 0.000864 3.75e-07
  176 175.5 0.00103 4.47049e-07
  177 176.5 0.000836 3.62847e-07
  178 177.5 0.000932 4.04514e-07
  179 178.5 0.001114 4.83507e-07
  180 179.5 0.00151 6.55382e-07
  181 180.5 0.001754 7.61285e-07
  182 181.5 0.002354 1.0217e-06
  183 182.5 0.004074 1.76823e-06
  184 183.5 0.007352 3.19097e-06
  185 184.5 0.012814 5.56163e-06
  186 185.5 0.021278 9.23524e-06
  187 186.5 0.034986 1.51849e-05
  188 187.5 0.057366 2.48984e-05
  189 188.5 0.08979 3.89714e-05
  190 189.5 0.129092 5.60295e-05
  191 190.5 0.175784 7.62951e-05
  192 191.5 0.237834 0.000103227
  193 192.5 0.292766 0.000127069
  194 193.5 0.353146 0.000153275
  195 194.5 0.413116 0.000179304
  196 195.5 0.46446 0.000201589
  197 196.5 0.500882 0.000217397
  198 197.5 0.535086 0.000232242
  199 198.5 0.56624 0.000245764
  200 199.5 0.597342 0.000259263
  201 200.5 0.62342 0.000270582
  202 201.5 0.636254 0.000276152
  203 202.5 0.640978 0.000278202
  204 203.5 0.658112 0.000285639
  205 204.5 0.66473 0.000288511
  206 205.5 0.667936 0.000289903
  207 206.5 0.66054 0.000286693
  208 207.5 0.661958 0.000287308
  209 208.5 0.662458 0.000287525
  210 209.5 0.660004 0.00028646
  211 210.5 0.661562 0.000287136
  212 211.5 0.676118 0.000293454
  213 212.5 0.694056 0.00030124
  214 213.5 0.726514 0.000315327
  215 214.5 0.764422 0.00033178
  216 215.5 0.830266 0.000360359
  217 216.5 0.959694 0.000416534
  218 217.5 1.16306 0.000504802
  219 218.5 1.52647 0.000662529
  220 219.5 2.1846 0.000948175
  221 220.5 3.92359 0.00170295
  222 221.5 6.81514 0.00295796
  223 222.5 10.7845 0.00468078
  224 223.5 17.4086 0.00755583
  225 224.5 25.1656 0.0109226
  226 225.5 30.1373 0.0130804
  227 226.5 35.1293 0.0152471
  228 227.5 37.4549 0.0162565
  229 228.5 39.2039 0.0170156
  230 229.5 41.066 0.0178238
  231 230.5 40.3706 0.017522
  232 231.5 42.0398 0.0182464
  233 232.5 41.7374 0.0181152
  234 233.5 42.8172 0.0185839
  235 234.5 44.4307 0.0192842
  236 235.5 44.3692 0.0192575
  237 236.5 43.5294 0.018893
  238 237.5 42.87 0.0186068
  239 238.5 42.8892 0.0186151
  240 239.5 44.2801 0.0192188
  241 240.5 44.7549 0.0194249
  242 241.5 43.9293 0.0190665
  243 242.5 43.727 0.0189787
  244 243.5 44.3972 0.0192696
  245 244.5 44.15 0.0191623
  246 245.5 43.4708 0.0188675
  247 246.5 42.716 0.0185399
  248 247.5 43.2829 0.018786
  249 248.5 42.6092 0.0184936
  250 249.5 42.1255 0.0182836
  251 250.5 43.6231 0.0189337
  252 251.5 42.7308 0.0185464
  253 252.5 42.7851 0.0185699
  254 253.5 42.6766 0.0185228
  255 254.5 44.2142 0.0191902
  256 255.5 44.7818 0.0194365
  257 256.5 44.27 0.0192144
  258 257.5 42.9114 0.0186247
  259 258.5 42.9339 0.0186345
  260 259.5 43.8452 0.0190301
  261 260.5 43.059 0.0186888
  262 261.5 43.5892 0.0189189
  263 262.5 42.941 0.0186376
  264 263.5 42.816 0.0185833
  265 264.5 42.8149 0.0185829
  266 265.5 43.7046 0.018969
  267 266.5 43.5951 0.0189215
  268 267.5 43.037 0.0186793
  269 268.5 43.2847 0.0187868
  270 269.5 44.6195 0.0193661
  271 270.5 44.4287 0.0192833
  272 271.5 42.8901 0.0186155
  273 272.5 42.1914 0.0183122
  274 273.5 43.6186 0.0189317
  275 274.5 43.7874 0.0190049
  276 275.5 43.537 0.0188963
  277 276.5 43.3615 0.0188201
  278 277.5 42.266 0.0183446
  279 278.5 42.8865 0.0186139
  280 279.5 43.1387 0.0187234
  281 280.5 43.6918 0.0189635
  282 281.5 42.6243 0.0185001
  283 282.5 42.5 0.0184462
  284 283.5 42.2732 0.0183477
  285 284.5 43.4047 0.0188388
  286 285.5 43.4877 0.0188749
  287 286.5 44.792 0.019441
  288 287.5 44.6779 0.0193915
  289 288.5 43.643 0.0189423
  290 289.5 42.9657 0.0186483
  291 290.5 43.9263 0.0190652
  292 291.5 44.0057 0.0190997
  293 292.5 43.7926 0.0190072
  294 293.5 44.0203 0.019106
  295 294.5 43.2893 0.0187888
  296 295.5 44.5279 0.0193263
  297 296.5 42.6448 0.018509
  298 297.5 40.9679 0.0177812
  299 298.5 42.6408 0.0185073
  300 299.5 42.8672 0.0186056
  301 300.5 43.6104 0.0189281
  302 301.5 43.9867 0.0190914
  303 302.5 42.6196 0.0184981
  304 303.5 43.3653 0.0188217
  305 304.5 43.0978 0.0187056
  306 305.5 43.9423 0.0190722
  307 306.5 44.1763 0.0191738
  308 307.5 42.3 0.0183594
  309 308.5 42.113 0.0182782
  310 309.5 43.5522 0.0189028
  311 310.5 44.0497 0.0191188
  312 311.5 41.2276 0.0178939
  313 312.5 40.5862 0.0176155
  314 313.5 43.2256 0.0187611
  315 314.5 44.1251 0.0191515
  316 315.5 43.2131 0.0187557
  317 316.5 43.2541 0.0187735
  318 317.5 43.5741 0.0189124
  319 318.5 42.6741 0.0185218
  320 319.5 43.7277 0.018979
  321 320.5 43.8618 0.0190372
  322 321.5 43.1733 0.0187384
  323 322.5 40.6026 0.0176227
  324 323.5 40.9851 0.0177887
  325 324.5 43.4384 0.0188535
  326 325.5 43.2065 0.0187528
  327 326.5 42.2665 0.0183448
  328 327.5 43.6538 0.018947
  329 328.5 43.1338 0.0187213
  330 329.5 43.4832 0.0188729
  331 330.5 44.6294 0.0193704
  332 331.5 43.3389 0.0188103
  333 332.5 42.1535 0.0182958
  334 333.5 42.8406 0.018594
  335 334.5 42.8108 0.0185811
  336 335.5 43.8499 0.0190321
  337 336.5 44.1708 0.0191714
  338 337.5 43.6077 0.0189269
  339 338.5 44.3188 0.0192356
  340 339.5 43.908 0.0190573
  341 340.5 43.2928 0.0187903
  342 341.5 44.2289 0.0191966
  343 342.5 43.4971 0.0188789
  344 343.5 41.7631 0.0181264
  345 344.5 43.2762 0.0187831
  346 345.5 43.8858 0.0190476
  347 346.5 41.8878 0.0181805
  348 347.5 43.7634 0.0189945
  349 348.5 43.8821 0.0190461
  350 349.5 42.3085 0.0183631
  351 350.5 42.5463 0.0184663
  352 351.5 43.0617 0.01869
  353 352.5 42.675 0.0185222
  354 353.5 43.5328 0.0188944
  355 354.5 41.7449 0.0181184
  356 355.5 41.4855 0.0180058
  357 356.5 43.107 0.0187096
  358 357.5 43.5316 0.0188939
  359 358.5 43.7488 0.0189882
  360 359.5 44.536 0.0193299
  361 360.5 43.9576 0.0190788
  362 361.5 43.6873 0.0189615
  363 362.5 43.3818 0.0188289
  364 363.5 43.573 0.0189119
  365 364.5 42.3107 0.018364
  366 365.5 40.3635 0.0175189
  367 366.5 38.1637 0.0165641
  368 367.5 36.9361 0.0160313
  369 368.5 35.2614 0.0153044
  370 369.5 31.408 0.0136319
  371 370.5 26.235 0.0113867
  372 371.5 19.4062 0.00842283
  373 372.5 13.9114 0.00603793
  374 373.5 9.88767 0.00429152
  375 374.5 5.75557 0.00249808
  376 375.5 3.28721 0.00142674
  377 376.5 2.22891 0.00096741
  378 377.5 1.63044 0.000707655
  379 378.5 1.21196 0.000526026
  380 379.5 1.00982 0.000438288
  381 380.5 0.904008 0.000392365
  382 381.5 0.80923 0.000351228
  383 382.5 0.762944 0.000331139
  384 383.5 0.731742 0.000317596
  385 384.5 0.727802 0.000315886
  386 385.5 0.719958 0.000312482
  387 386.5 0.714532 0.000310127
  388 387.5 0.712762 0.000309359
  389 388.5 0.710938 0.000308567
  390 389.5 0.714412 0.000310075
  391 390.5 0.715548 0.000310568
  392 391.5 0.71915 0.000312131
  393 392.5 0.725648 0.000314951
  394 393.5 0.724102 0.00031428
  395 394.5 0.730548 0.000317078
  396 395.5 0.731758 0.000317603
  397 396.5 0.722048 0.000313389
  398 397.5 0.705368 0.000306149
  399 398.5 0.706204 0.000306512
  400 399.5 0.705424 0.000306174
  401 400.5 0.709048 0.000307747
  402 401.5 0.702702 0.000304992
  403 402.5 0.700178 0.000303897
  404 403.5 0.693512 0.000301003
  405 404.5 0.699456 0.000303583
  406 405.5 0.710812 0.000308512
  407 406.5 0.706514 0.000306647
  408 407.5 0.71059 0.000308416
  409 408.5 0.71438 0.000310061
  410 409.5 0.70882 0.000307648
  411 410.5 0.708148 0.000307356
  412 411.5 0.715638 0.000310607
  413 412.5 0.71606 0.00031079
  414 413.5 0.706238 0.000306527
  415 414.5 0.696728 0.000302399
  416 415.5 0.692762 0.000300678
  417 416.5 0.695842 0.000302015
  418 417.5 0.696628 0.000302356
  419 418.5 0.704096 0.000305597
  420 419.5 0.707416 0.000307038
  421 420.5 0.708234 0.000307393
  422 421.5 0.703834 0.000305484
  423 422.5 0.699236 0.000303488
  424 423.5 0.689918 0.000299444
  425 424.5 0.68329 0.000296567
  426 425.5 0.677842 0.000294202
  427 426.5 0.67645 0.000293598
  428 427.5 0.663454 0.000287957
  429 428.5 0.674432 0.000292722
  430 429.5 0.674786 0.000292876
  431 430.5 0.666792 0.000289406
  432 431.5 0.656188 0.000284804
  433 432.5 0.652124 0.00028304
  434 433.5 0.655644 0.000284568
  435 434.5 0.655868 0.000284665
  436 435.5 0.656838 0.000285086
  437 436.5 0.657516 0.00028538
  438 437.5 0.661218 0.000286987
  439 438.5 0.677286 0.000293961
  440 439.5 0.682934 0.000296412
  441 440.5 0.684068 0.000296905
  442 441.5 0.680354 0.000295293
  443 442.5 0.682698 0.00029631
  444 443.5 0.697308 0.000302651
  445 444.5 0.697366 0.000302676
  446 445.5 0.69326 0.000300894
  447 446.5 0.697446 0.000302711
  448 447.5 0.689584 0.000299299
  449 448.5 0.687562 0.000298421
  450 449.5 0.675238 0.000293072
  451 450.5 0.670198 0.000290885
  452 451.5 0.665686 0.000288926
  453 452.5 0.667648 0.000289778
  454 453.5 0.663274 0.000287879
  455 454.5 0.668632 0.000290205
  456 455.5 0.68072 0.000295451
  457 456.5 0.672372 0.000291828
  458 457.5 0.67547 0.000293173
  459 458.5 0.67697 0.000293824
  460 459.5 0.668358 0.000290086
  461 460.5 0.68463 0.000297148
  462 461.5 0.68827 0.000298728
  463 462.5 0.68285 0.000296376
  464 463.5 0.687534 0.000298409
  465 464.5 0.69368 0.000301076
  466 465.5 0.69289 0.000300734
  467 466.5 0.697516 0.000302741
  468 467.5 0.706348 0.000306575
  469 468.5 0.711484 0.000308804
  470 469.5 0.709172 0.0003078
  471 470.5 0.713356 0.000309616
  472 471.5 0.722108 0.000313415
  473 472.5 0.723306 0.000313935
  474 473.5 0.713248 0.000309569
  475 474.5 0.711336 0.00030874
  476 475.5 0.706844 0.00030679
  477 476.5 0.697222 0.000302614
  478 477.5 0.692526 0.000300576
  479 478.5 0.690832 0.00029984
  480 479.5 0.671024 0.000291243
40000000 480 6447
  1 0.5 0.624304 0.000270965
  2 1.5 0.610302 0.000264888
  3 2.5 0.5892 0.000255729
  4 3.5 0.555142 0.000240947
  5 4.5 0.51998 0.000225686
  6 5.5 0.469482 0.000203768
  7 6.5 0.413546 0.00017949
  8 7.5 0.354848 0.000154014
  9 8.5 0.300392 0.000130378
  10 9.5 0.24157 0.000104848
  11 10.5 0.194204 8.42899e-05
  12 11.5 0.147996 6.42344e-05
  13 12.5 0.108662 4.71623e-05
  14 13.5 0.075032 3.2566e-05
  15 14.5 0.051548 2.23733e-05
  16 15.5 0.03346 1.45226e-05
  17 16.5 0.022092 9.58854e-06
  18 17.5 0.012074 5.24045e-06
  19 18.5 0.006954 3.01823e-06
  20 19.5 0.00403 1.74913e-06
  21 20.5 0.002684 1.16493e-06
  22 21.5 0.00163 7.07465e-07
  23 22.5 0.001348 5.85069e-07
  24 23.5 0.001026 4.45313e-07
  25 24.5 0.00106 4.60069e-07
  26 25.5 0.00093 4.03646e-07
  27 26.5 0.000504 2.1875e-07
  28 27.5 0.000492 2.13542e-07
  29 28.5 0.000458 1.98785e-07
  30 29.5 0.000434 1.88368e-07
  31 30.5 0.00048 2.08333e-07
  32 31.5 0.000466 2.02257e-07
  33 32.5 0.000448 1.94444e-07
  34 33.5 0.00048 2.08333e-07
  35 34.5 0.000522 2.26563e-07
  36 35.5 0.0006 2.60417e-07
  37 36.5 0.000586 2.5434e-07
  38 37.5 0.000532 2.30903e-07
  39 38.5 0.000514 2.2309e-07
  40 39.5 0.00067 2.90799e-07
  41 40.5 0.00059 2.56076e-07
  42 41.5 0.000704 3.05556e-07
  43 42.5 0.000592 2.56944e-07
  44 43.5 0.000464 2.01389e-07
  45 44.5 0.000442 1.9184e-07
  46 45.5 0.000456 1.97917e-07
  47 46.5 0.000426 1.84896e-07
  48 47.5 0.000396 1.71875e-07
  49 48.5 0.000458 1.98785e-07
  50 49.5 0.000546 2.36979e-07
  51 50.5 0.000502 2.17882e-07
  52 51.5 0.000478 2.07465e-07
  53 52.5 0.000466 2.02257e-07
  54 53.5 0.000416 1.80556e-07
  55 54.5 0.000432 1.875e-07
  56 55.5 0.00041 1.77951e-07
  57 56.5 0.000392 1.70139e-07
  58 57.5 0.000466 2.02257e-07
  59 58.5 0.000688 2.98611e-07
  60 59.5 0.000596 2.58681e-07
  61 60.5 0.000668 2.89931e-07
  62 61.5 0.000898 3.89757e-07
  63 62.5 0.000676 2.93403e-07
  64 63.5 0.000646 2.80382e-07
  65 64.5 0.000696 3.02083e-07
  66 65.5 0.000534 2.31771e-07
  67 66.5 0.000432 1.875e-07
  68 67.5 0.000456 1.97917e-07
  69 68.5 0.000432 1.875e-07
  70 69.5 0.00051 2.21354e-07
  71 70.5 0.000488 2.11806e-07
  72 71.5 0.0007 3.03819e-07
  73 72.5 0.000396 1.71875e-07
  74 73.5 0.00037 1.6059e-07
  75 74.5 0.000408 1.77083e-07
  76 75.5 0.000378 1.64062e-07
  77 76.5 0.000654 2.83854e-07
  78 77.5 0.000476 2.06597e-07
  79 78.5 0.000364 1.57986e-07
  80 79.5 0.000354 1.53646e-07
  81 80.5 0.000334 1.44965e-07
  82 81.5 0.0003 1.30208e-07
  83 82.5 0.000304 1.31944e-07
  84 83.5 0.000406 1.76215e-07
  85 84.5 0.00044 1.90972e-07
  86 85.5 0.00038 1.64931e-07
  87 86.5 0.000342 1.48438e-07
  88 87.5 0.00038 1.64931e-07
  89 88.5 0.000436 1.89236e-07
  90 89.5 0.000488 2.11806e-07
  91 90.5 0.00051 2.21354e-07
  92 91.5 0.000564 2.44792e-07
  93 92.5 0.00047 2.03993e-07
  94 93.5 0.000528 2.29167e-07
  95 94.5 0.00043 1.86632e-07
  96 95.5 0.000494 2.1441e-07
  97 96.5 0.000496 2.15278e-07
  98 97.5 0.000468 2.03125e-07
  99 98.5 0.000476 2.06597e-07
  100 99.5 0.00052 2.25694e-07
  101 100.5 0.00063 2.73437e-07
  102 101.5 0.000562 2.43924e-07
  103 102.5 0.00059 2.56076e-07
  104 103.5 0.00076 3.29861e-07
  105 104.5 0.000458 1.98785e-07
  106 105.5 0.00035 1.5191e-07
  107 106.5 0.000348 1.51042e-07
  108 107.5 0.00032 1.38889e-07
  109 108.5 0.000318 1.38021e-07
  110 109.5 0.000542 2.35243e-07
  111 110.5 0.00046 1.99653e-07
  112 111.5 0.000448 1.94444e-07
  113 112.5 0.00042 1.82292e-07
  114 113.5 0.000412 1.78819e-07
  115 114.5 0.000442 1.9184e-07
  116 115.5 0.000522 2.26563e-07
  117 116.5 0.000706 3.06424e-07
  118 117.5 0.000584 2.53472e-07
  119 118.5 0.00059 2.56076e-07
  120 119.5 0.00071 3.0816e-07
  121 120.5 0.000696 3.02083e-07
  122 121.5 0.000572 2.48264e-07
  123 122.5 0.000598 2.59549e-07
  124 123.5 0.000566 2.4566e-07
  125 124.5 0.000648 2.8125e-07
  126 125.5 0.000712 3.09028e-07
  127 126.5 0.000784 3.40278e-07
  128 127.5 0.000828 3.59375e-07
  129 128.5 0.000552 2.39583e-07
  130 129.5 0.000498 2.16146e-07
  131 130.5 0.000558 2.42188e-07
  132 131.5 0.000758 3.28993e-07
  133 132.5 0.000608 2.63889e-07
  134 133.5 0.000594 2.57813e-07
  135 134.5 0.000678 2.94271e-07
  136 135.5 0.00058 2.51736e-07
  137 136.5 0.000466 2.02257e-07
  138 137.5 0.00059 2.56076e-07
  139 138.5 0.000658 2.8559e-07
  140 139.5 0.000612 2.65625e-07
  141 140.5 0.000554 2.40451e-07
  142 141.5 0.000616 2.67361e-07
  143 142.5 0.00057 2.47396e-07
  144 143.5 0.000698 3.02951e-07
  145 144.5 0.000578 2.50868e-07
  146 145.5 0.000678 2.94271e-07
  147 146.5 0.000766 3.32465e-07
  148 147.5 0.000822 3.56771e-07
  149 148.5 0.000752 3.26389e-07
  150 149.5 0.001014 4.40104e-07
  151 150.5 0.001022 4.43576e-07
  152 151.5 0.00101 4.38368e-07
  153 152.5 0.001206 5.23438e-07
  154 153.5 0.001018 4.4184e-07
  155 154.5 0.000918 3.98437e-07
  156 155.5 0.001138 4.93924e-07
  157 156.5 0.001182 5.13021e-07
  158 157.5 0.001162 5.0434e-07
  159 158.5 0.000992 4.30556e-07
  160 159.5 0.000914 3.96701e-07
  161 160.5 0.00086 3.73264e-07
  162 161.5 0.001052 4.56597e-07
  163 162.5 0.001014 4.40104e-07
  164 163.5 0.000878 3.81076e-07
  165 164.5 0.000762 3.30729e-07
  166 165.5 0.000824 3.57639e-07
  167 166.5 0.000968 4.20139e-07
  168 167.5 0.000856 3.71528e-07
  169 168.5 0.000616 2.67361e-07
  170 169.5 0.00082 3.55903e-07
  171 170.5 0.000702 3.04687e-07
  172 171.5 0.000656 2.84722e-07
  173 172.5 0.0011 4.77431e-07
  174 173.5 0.000916 3.97569e-07
  175 174.5 0.001014 4.40104e-07
  176 175.5 0.00098 4.25347e-07
  177 176.5 0.000828 3.59375e-07
  178 177.5 0.001046 4.53993e-07
  179 178.5 0.001736 7.53472e-07
  180 179.5 0.00197 8.55035e-07
  181 180.5 0.00302 1.31076e-06
  182 181.5 0.005732 2.48785e-06
  183 182.5 0.010084 4.37674e-06
  184 183.5 0.016984 7.37153e-06
  185 184.5 0.02817 1.22266e-05
  186 185.5 0.04583 1.98915e-05
  187 186.5 0.069868 3.03247e-05
  188 187.5 0.097576 4.23507e-05
  189 188.5 0.13305 5.77474e-05
  190 189.5 0.182528 7.92222e-05
  191 190.5 0.23226 0.000100807
  192 191.5 0.282562 0.00012264
  193 192.5 0.336152 0.000145899
  194 193.5 0.39325 0.000170681
  195 194.5 0.451036 0.000195762
  196 195.5 0.498236 0.000216248
  197 196.5 0.547716 0.000237724
  198 197.5 0.583968 0.000253458
  199 198.5 0.606706 0.000263327
  200 199.5 0.636132 0.000276099
  201 200.5 0.672222 0.000291763
  202 201.5 0.688854 0.000298982
  203 202.5 0.702062 0.000304714
  204 203.5 0.714618 0.000310164
  205 204.5 0.714812 0.000310248
  206 205.5 0.708118 0.000307343
  207 206.5 0.722932 0.000313773
  208 207.5 0.723008 0.000313806
  209 208.5 0.722062 0.000313395
  210 209.5 0.715844 0.000310696
  211 210.5 0.728116 0.000316023
  212 211.5 0.73196 0.000317691
  213 212.5 0.744688 0.000323215
  214 213.5 0.781402 0.00033915
  215 214.5 0.834284 0.000362102
  216 215.5 0.904136 0.00039242
  217 216.5 1.03875 0.000450845
  218 217.5 1.35239 0.000586975
  219 218.5 1.88611 0.000818625
  220 219.5 2.86621 0.00124402
  221 220.5 4.95428 0.00215029
  222 221.5 8.1351 0.00353086
  223 222.5 12.0588 0.00523384
  224 223.5 18.5828 0.00806547
  225 224.5 25.943 0.01126
  226 225.5 30.0946 0.0130619
  227 226.5 33.2752 0.0144424
  228 227.5 36.2634 0.0157393
  229 228.5 39.5505 0.017166
  230 229.5 40.0977 0.0174035
  231 230.5 40.8443 0.0177275
  232 231.5 41.53 0.0180252
  233 232.5 42.2279 0.0183281
  234 233.5 43.2154 0.0187567
  235 234.5 44.2509 0.0192061
  236 235.5 44.0973 0.0191395
  237 236.5 43.3647 0.0188215
  238 237.5 42.9415 0.0186378
  239 238.5 43.4077 0.0188401
  240 239.5 44.2651 0.0192123
  241 240.5 44.4214 0.0192801
  242 241.5 44.0014 0.0190978
  243 242.5 43.8886 0.0190489
  244 243.5 44.3285 0.0192398
  245 244.5 43.8523 0.0190331
  246 245.5 43.3501 0.0188151
  247 246.5 42.9232 0.0186298
  248 247.5 43.006 0.0186658
  249 248.5 42.5942 0.0184871
  250 249.5 42.5982 0.0184888
  251 250.5 43.2164 0.0187571
  252 251.5 42.8517 0.0185988
  253 252.5 42.7057 0.0185355
  254 253.5 43.2836 0.0187863
  255 254.5 44.1836 0.0191769
  256 255.5 44.5765 0.0193475
  257 256.5 43.8578 0.0190355
  258 257.5 43.0615 0.0186899
  259 258.5 43.2574 0.0187749
  260 259.5 43.4185 0.0188448
  261 260.5 43.4524 0.0188595
  262 261.5 43.1835 0.0187428
  263 262.5 43.0766 0.0186964
  264 263.5 42.7412 0.0185509
  265 264.5 43.1668 0.0187356
  266 265.5 43.5183 0.0188881
  267 266.5 43.4461 0.0188568
  268 267.5 43.1949 0.0187478
  269 268.5 43.7076 0.0189703
  270 269.5 44.4082 0.0192744
  271 270.5 43.8153 0.019017
  272 271.5 42.7485 0.018554
  273 272.5 42.6882 0.0185278
  274 273.5 43.2837 0.0187863
  275 274.5 43.2378 0.0187664
  276 275.5 43.276 0.018783
  277 276.5 43.0349 0.0186784
  278 277.5 43.0322 0.0186772
  279 278.5 43.1415 0.0187246
  280 279.5 43.3171 0.0188008
  281 280.5 43.2309 0.0187634
  282 281.5 42.5361 0.0184619
  283 282.5 41.993 0.0182261
  284 283.5 42.6525 0.0185123
  285 284.5 43.4379 0.0188532
  286 285.5 44.0605 0.0191235
  287 286.5 44.6244 0.0193682
  288 287.5 44.3869 0.0192652
  289 288.5 43.8692 0.0190404
  290 289.5 43.6504 0.0189455
  291 290.5 43.7007 0.0189673
  292 291.5 43.5648 0.0189084
  293 292.5 43.6952 0.0189649
  294 293.5 43.8238 0.0190207
  295 294.5 43.9273 0.0190656
  296 295.5 43.78 0.0190017
  297 296.5 42.7061 0.0185356
  298 297.5 42.2787 0.0183501
  299 298.5 42.7321 0.0185469
  300 299.5 43.0806 0.0186982
  301 300.5 43.2047 0.018752
  302 301.5 43.2027 0.0187512
  303 302.5 42.9297 0.0186327
  304 303.5 43.0099 0.0186675
  305 304.5 43.4568 0.0188614
  306 305.5 44.0279 0.0191094
  307 306.5 43.9624 0.0190809
  308 307.5 43.0462 0.0186832
  309 308.5 42.6896 0.0185285
  310 309.5 43.0773 0.0186967
  311 310.5 42.2646 0.018344
  312 311.5 41.1216 0.0178479
  313 312.5 41.3901 0.0179645
  314 313.5 43.2426 0.0187685
  315 314.5 43.7411 0.0189848
  316 315.5 43.4562 0.0188612
  317 316.5 43.3374 0.0188096
  318 317.5 43.1438 0.0187256
  319 318.5 43.1437 0.0187256
  320 319.5 43.7514 0.0189893
  321 320.5 43.7684 0.0189967
  322 321.5 42.1992 0.0183156
  323 322.5 41.3264 0.0179368
  324 323.5 42.1731 0.0183043
  325 324.5 43.1681 0.0187361
  326 325.5 42.3897 0.0183983
  327 326.5 42.7345 0.018548
  328 327.5 43.2987 0.0187929
  329 328.5 43.5888 0.0189188
  330 329.5 43.7403 0.0189845
  331 330.5 44.0424 0.0191156
  332 331.5 43.1876 0.0187446
  333 332.5 42.4744 0.0184351
  334 333.5 42.8995 0.0186196
  335 334.5 43.2697 0.0187802
  336 335.5 43.9132 0.0190595
  337 336.5 43.9244 0.0190644
  338 337.5 43.9565 0.0190783
  339 338.5 44.1001 0.0191407
  340 339.5 43.8005 0.0190106
  341 340.5 43.736 0.0189826
  342 341.5 43.782 0.0190026
  343 342.5 43.0055 0.0186656
  344 343.5 42.5136 0.0184521
  345 344.5 43.1918 0.0187464
  346 345.5 43.2358 0.0187655
  347 346.5 42.7913 0.0185726
  348 347.5 43.5675 0.0189095
  349 348.5 43.3394 0.0188105
  350 349.5 42.5487 0.0184673
  351 350.5 42.783 0.018569
  352 351.5 42.7589 0.0185586
  353 352.5 43.1017 0.0187073
  354 353.5 42.7062 0.0185357
  355 354.5 41.9566 0.0182103
  356 355.5 42.0118 0.0182343
  357 356.5 43.0694 0.0186933
  358 357.5 43.6202 0.0189324
  359 358.5 43.9919 0.0190937
  360 359.5 44.2732 0.0192158
  361 360.5 43.9731 0.0190856
  362 361.5 43.5744 0.0189125
  363 362.5 43.5197 0.0188888
  364 363.5 43.0424 0.0186816
  365 364.5 42.0175 0.0182367
  366 365.5 40.1632 0.0174319
  367 366.5 38.9179 0.0168914
  368 367.5 36.6297 0.0158983
  369 368.5 34.0208 0.014766
  370 369.5 30.7958 0.0133662
  371 370.5 24.8144 0.0107702
  372 371.5 19.5548 0.00848731
  373 372.5 14.7512 0.00640242
  374 373.5 9.9327 0.00431107
  375 374.5 6.27965 0.00272554
  376 375.5 3.78554 0.00164303
  377 376.5 2.61198 0.00113367
  378 377.5 1.75558 0.000761972
  379 378.5 1.23959 0.000538018
  380 379.5 1.03186 0.000447857
  381 380.5 0.908368 0.000394257
  382 381.5 0.827376 0.000359104
  383 382.5 0.77454 0.000336172
  384 383.5 0.7522 0.000326476
  385 384.5 0.736808 0.000319795
  386 385.5 0.708414 0.000307471
  387 386.5 0.699034 0.0003034
  388 387.5 0.704742 0.000305878
  389 388.5 0.698166 0.000303023
  390 389.5 0.690286 0.000299603
  391 390.5 0.68575 0.000297635
  392 391.5 0.67704 0.000293854
  393 392.5 0.65763 0.00028543
  394 393.5 0.658288 0.000285715
  395 394.5 0.649876 0.000282064
  396 395.5 0.651584 0.000282806
  397 396.5 0.646112 0.000280431
  398 397.5 0.642128 0.000278701
  399 398.5 0.644882 0.000279897
  400 399.5 0.64352 0.000279306
  401 400.5 0.648344 0.000281399
  402 401.5 0.63542 0.00027579
  403 402.5 0.640926 0.00027818
  404 403.5 0.64379 0.000279423
  405 404.5 0.6421 0.000278689
  406 405.5 0.642772 0.000278981
  407 406.5 0.640112 0.000277826
  408 407.5 0.633016 0.000274747
  409 408.5 0.629904 0.000273396
  410 409.5 0.619698 0.000268966
  411 410.5 0.61609 0.0002674
  412 411.5 0.608666 0.000264178
  413 412.5 0.611916 0.000265589
  414 413.5 0.61468 0.000266788
  415 414.5 0.611968 0.000265611
  416 415.5 0.617022 0.000267805
  417 416.5 0.618552 0.000268469
  418 417.5 0.613382 0.000266225
  419 418.5 0.610076 0.00026479
  420 419.5 0.613836 0.000266422
  421 420.5 0.624966 0.000271253
  422 421.5 0.632452 0.000274502
  423 422.5 0.638332 0.000277054
  424 423.5 0.641652 0.000278495
  425 424.5 0.646468 0.000280585
  426 425.5 0.657872 0.000285535
  427 426.5 0.653692 0.00028372
  428 427.5 0.655922 0.000284688
  429 428.5 0.669404 0.00029054
  430 429.5 0.674904 0.000292927
  431 430.5 0.671646 0.000291513
  432 431.5 0.664486 0.000288405
  433 432.5 0.666376 0.000289226
  434 433.5 0.667016 0.000289503
  435 434.5 0.66641 0.00028924
  436 435.5 0.674254 0.000292645
  437 436.5 0.672474 0.000291872
  438 437.5 0.663874 0.00028814
  439 438.5 0.670244 0.000290905
  440 439.5 0.665922 0.000289029
  441 440.5 0.669668 0.000290655
  442 441.5 0.67168 0.000291528
  443 442.5 0.669854 0.000290735
  444 443.5 0.681126 0.000295628
  445 444.5 0.684842 0.00029724
  446 445.5 0.677844 0.000294203
  447 446.5 0.67844 0.000294462
  448 447.5 0.675224 0.000293066
  449 448.5 0.66752 0.000289722
  450 449.5 0.654588 0.000284109
  451 450.5 0.658342 0.000285739
  452 451.5 0.656424 0.000284906
  453 452.5 0.658454 0.000285787
  454 453.5 0.658214 0.000285683
  455 454.5 0.659618 0.000286293
  456 455.5 0.655344 0.000284438
  457 456.5 0.649352 0.000281837
  458 457.5 0.661774 0.000287228
  459 458.5 0.664946 0.000288605
  460 459.5 0.664812 0.000288547
  461 460.5 0.657072 0.000285188
  462 461.5 0.652054 0.00028301
  463 462.5 0.647476 0.000281023
  464 463.5 0.655244 0.000284394
  465 464.5 0.654412 0.000284033
  466 465.5 0.651402 0.000282727
  467 466.5 0.6536 0.000283681
  468 467.5 0.660664 0.000286747
  469 468.5 0.674998 0.000292968
  470 469.5 0.681686 0.000295871
  471 470.5 0.671672 0.000291524
  472 471.5 0.657792 0.0002855
  473 472.5 0.65696 0.000285139
  474 473.5 0.665562 0.000288872
  475 474.5 0.664528 0.000288424
  476 475.5 0.660278 0.000286579
  477 476.5 0.65236 0.000283142
  478 477.5 0.649068 0.000281714
  479 478.5 0.642808 0.000278997
  480 479.5 0.641706 0.000278518
50000000 480 6447.000000000004
  1 0.5 0.411822 0.000178742
  2 1.5 0.37264 0.000161736
  3 2.5 0.3317 0.000143967
  4 3.5 0.288874 0.000125379
  5 4.5 0.24807 0.000107669
  6 5.5 0.204864 8.89167e-05
  7 6.5 0.165274 7.17335e-05
  8 7.5 0.123768 5.37188e-05
  9 8.5 0.09151 3.97179e-05
  10 9.5 0.06526 2.83247e-05
  11 10.5 0.046888 2.03507e-05
  12 11.5 0.030724 1.33351e-05
  13 12.5 0.019586 8.50087e-06
  14 13.5 0.012592 5.46528e-06
  15 14.5 0.006786 2.94531e-06
  16 15.5 0.00463 2.00955e-06
  17 16.5 0.002568 1.11458e-06
  18 17.5 0.001602 6.95312e-07
  19 18.5 0.000876 3.80208e-07
  20 19.5 0.000776 3.36806e-07
  21 20.5 0.000594 2.57813e-07
  22 21.5 0.000392 1.70139e-07
  23 22.5 0.000378 1.64062e-07
  24 23.5 0.00039 1.69271e-07
  25 24.5 0.000448 1.94444e-07
  26 25.5 0.000474 2.05729e-07
  27 26.5 0.000474 2.05729e-07
  28 27.5 0.000488 2.11806e-07
  29 28.5 0.00055 2.38715e-07
  30 29.5 0.000624 2.70833e-07
  31 30.5 0.000886 3.84549e-07
  32 31.5 0.000706 3.06424e-07
  33 32.5 0.000856 3.71528e-07
  34 33.5 0.001044 4.53125e-07
  35 34.5 0.000866 3.75868e-07
  36 35.5 0.000984 4.27083e-07
  37 36.5 0.001012 4.39236e-07
  38 37.5 0.000834 3.61979e-07
  39 38.5 0.00092 3.99306e-07
  40 39.5 0.000776 3.36806e-07
  41 40.5 0.000778 3.37674e-07
  42 41.5 0.001354 5.87674e-07
  43 42.5 0.000998 4.3316e-07
  44 43.5 0.00079 3.42882e-07
  45 44.5 0.000856 3.71528e-07
  46 45.5 0.000934 4.05382e-07
  47 46.5 0.000638 2.7691e-07
  48 47.5 0.000696 3.02083e-07
  49 48.5 0.000792 3.4375e-07
  50 49.5 0.000942 4.08854e-07
  51 50.5 0.001028 4.46181e-07
  52 51.5 0.00065 2.82118e-07
  53 52.5 0.000714 3.09896e-07
  54 53.5 0.000626 2.71701e-07
  55 54.5 0.000576 2.5e-07
  56 55.5 0.0005 2.17014e-07
  57 56.5 0.000984 4.27083e-07
  58 57.5 0.000878 3.81076e-07
  59 58.5 0.00093 4.03646e-07
  60 59.5 0.000724 3.14236e-07
  61 60.5 0.000846 3.67187e-07
  62 61.5 0.000816 3.54167e-07
  63 62.5 0.000892 3.87153e-07
  64 63.5 0.000756 3.28125e-07
  65 64.5 0.000922 4.00174e-07
  66 65.5 0.000924 4.01042e-07
  67 66.5 0.000754 3.27257e-07
  68 67.5 0.000884 3.83681e-07
  69 68.5 0.000922 4.00174e-07
  70 69.5 0.001158 5.02604e-07
  71 70.5 0.000908 3.94097e-07
  72 71.5 0.00088 3.81944e-07
  73 72.5 0.00074 3.21181e-07
  74 73.5 0.000728 3.15972e-07
  75 74.5 0.000664 2.88194e-07
  76 75.5 0.000882 3.82812e-07
  77 76.5 0.000686 2.97743e-07
  78 77.5 0.000606 2.63021e-07
  79 78.5 0.000564 2.44792e-07
  80 79.5 0.000612 2.65625e-07
  81 80.5 0.000456 1.97917e-07
  82 81.5 0.000478 2.07465e-07
  83 82.5 0.000686 2.97743e-07
  84 83.5 0.000474 2.05729e-07
  85 84.5 0.000526 2.28299e-07
  86 85.5 0.000652 2.82986e-07
  87 86.5 0.0006 2.60417e-07
  88 87.5 0.00059 2.56076e-07
  89 88.5 0.000546 2.36979e-07
  90 89.5 0.000568 2.46528e-07
  91 90.5 0.000578 2.50868e-07
  92 91.5 0.000812 3.52431e-07
  93 92.5 0.00063 2.73437e-07
  94 93.5 0.0007 3.03819e-07
  95 94.5 0.00065 2.82118e-07
  96 95.5 0.00072 3.125e-07
  97 96.5 0.000578 2.50868e-07
  98 97.5 0.000566 2.4566e-07
  99 98.5 0.00063 2.73437e-07
  100 99.5 0.000758 3.28993e-07
  101 100.5 0.000836 3.62847e-07
  102 101.5 0.000652 2.82986e-07
  103 102.5 0.000516 2.23958e-07
  104 103.5 0.000484 2.10069e-07
  105 104.5 0.000438 1.90104e-07
  106 105.5 0.000388 1.68403e-07
  107 106.5 0.000402 1.74479e-07
  108 107.5 0.000358 1.55382e-07
  109 108.5 0.000392 1.70139e-07
  110 109.5 0.000456 1.97917e-07
  111 110.5 0.00048 2.08333e-07
  112 111.5 0.000418 1.81424e-07
  113 112.5 0.00047 2.03993e-07
  114 113.5 0.000462 2.00521e-07
  115 114.5 0.000438 1.90104e-07
  116 115.5 0.00064 2.77778e-07
  117 116.5 0.000528 2.29167e-07
  118 117.5 0.000542 2.35243e-07
  119 118.5 0.00063 2.73437e-07
  120 119.5 0.000578 2.50868e-07
  121 120.5 0.000566 2.4566e-07
  122 121.5 0.000882 3.82812e-07
  123 122.5 0.000456 1.97917e-07
  124 123.5 0.000436 1.89236e-07
  125 124.5 0.000432 1.875e-07
  126 125.5 0.000544 2.36111e-07
  127 126.5 0.000454 1.97049e-07
  128 127.5 0.000496 2.15278e-07
  129 128.5 0.000566 2.4566e-07
  130 129.5 0.000522 2.26563e-07
  131 130.5 0.000512 2.22222e-07
  132 131.5 0.000548 2.37847e-07
  133 132.5 0.000468 2.03125e-07
  134 133.5 0.000504 2.1875e-07
  135 134.5 0.000572 2.48264e-07
  136 135.5 0.000568 2.46528e-07
  137 136.5 0.000642 2.78646e-07
  138 137.5 0.000656 2.84722e-07
  139 138.5 0.000766 3.32465e-07
  140 139.5 0.000764 3.31597e-07
  141 140.5 0.000702 3.04687e-07
  142 141.5 0.00067 2.90799e-07
  143 142.5 0.00074 3.21181e-07
  144 143.5 0.000654 2.83854e-07
  145 144.5 0.00058 2.51736e-07
  146 145.5 0.000684 2.96875e-07
  147 146.5 0.000664 2.88194e-07
  148 147.5 0.000548 2.37847e-07
  149 148.5 0.00051 2.21354e-07
  150 149.5 0.0006 2.60417e-07
  151 150.5 0.000642 2.78646e-07
  152 151.5 0.000566 2.4566e-07
  153 152.5 0.000534 2.31771e-07
  154 153.5 0.000514 2.2309e-07
  155 154.5 0.000496 2.15278e-07
  156 155.5 0.000476 2.06597e-07
  157 156.5 0.000562 2.43924e-07
  158 157.5 0.000624 2.70833e-07
  159 158.5 0.000654 2.83854e-07
  160 159.5 0.000716 3.10764e-07
  161 160.5 0.00063 2.73437e-07
  162 161.5 0.000658 2.8559e-07
  163 162.5 0.000526 2.28299e-07
  164 163.5 0.000604 2.62153e-07
  165 164.5 0.000714 3.09896e-07
  166 165.5 0.000802 3.4809e-07
  167 166.5 0.000714 3.09896e-07
  168 167.5 0.000778 3.37674e-07
  169 168.5 0.000808 3.50694e-07
  170 169.5 0.0007 3.03819e-07
  171 170.5 0.000642 2.78646e-07
  172 171.5 0.000742 3.22049e-07
  173 172.5 0.00096 4.16667e-07
  174 173.5 0.001208 5.24306e-07
  175 174.5 0.00183 7.94271e-07
  176 175.5 0.003392 1.47222e-06
  177 176.5 0.005448 2.36458e-06
  178 177.5 0.010156 4.40799e-06
  179 178.5 0.018066 7.84115e-06
  180 179.5 0.030396 1.31927e-05
  181 180.5 0.049604 2.15295e-05
  182 181.5 0.070106 3.0428e-05
  183 182.5 0.098118 4.25859e-05
  184 183.5 0.133104 5.77708e-05
  185 184.5 0.17073 7.41016e-05
  186 185.5 0.215198 9.34019e-05
  187 186.5 0.2638 0.000114497
  188 187.5 0.311346 0.000135133
  189 188.5 0.358442 0.000155574
  190 189.5 0.402562 0.000174723
  191 190.5 0.440674 0.000191265
  192 191.5 0.472936 0.000205267
  193 192.5 0.49713 0.000215768
  194 193.5 0.512884 0.000222606
  195 194.5 0.53866 0.000233793
  196 195.5 0.557762 0.000242084
  197 196.5 0.56032 0.000243194
  198 197.5 0.560226 0.000243154
  199 198.5 0.56182 0.000243845
  200 199.5 0.561458 0.000243688
  201 200.5 0.570168 0.000247469
  202 201.5 0.577516 0.000250658
  203 202.5 0.588014 0.000255214
  204 203.5 0.589026 0.000255654
  205 204.5 0.595486 0.000258457
  206 205.5 0.598948 0.00025996
  207 206.5 0.605092 0.000262627
  208 207.5 0.599282 0.000260105
  209 208.5 0.602594 0.000261543
  210 209.5 0.607224 0.000263552
  211 210.5 0.629072 0.000273035
  212 211.5 0.663142 0.000287822
  213 212.5 0.693918 0.00030118
  214 213.5 0.756042 0.000328143
  215 214.5 0.885698 0.000384418
  216 215.5 1.06978 0.000464316
  217 216.5 1.36891 0.000594147
  218 217.5 2.24964 0.000976405
  219 218.5 4.09303 0.00177649
  220 219.5 6.16141 0.00267422
  221 220.5 9.94681 0.00431719
  222 221.5 16.085 0.00698134
  223 222.5 22.9195 0.00994768
  224 223.5 28.1663 0.012225
  225 224.5 32.3007 0.0140194
  226 225.5 35.8472 0.0155587
  227 226.5 38.6535 0.0167767
  228 227.5 39.23 0.0170269
  229 228.5 40.236 0.0174636
  230 229.5 40.9467 0.017772
  231 230.5 41.7156 0.0181057
  232 231.5 42.9228 0.0186297
  233 232.5 43.7901 0.0190061
  234 233.5 44.0591 0.0191229
  235 234.5 43.6505 0.0189455
  236 235.5 43.121 0.0187157
  237 236.5 43.2731 0.0187817
  238 237.5 43.9385 0.0190705
  239 238.5 44.3794 0.0192619
  240 239.5 43.9461 0.0190738
  241 240.5 44.1394 0.0191577
  242 241.5 44.064 0.019125
  243 242.5 44.2005 0.0191843
  244 243.5 43.3598 0.0188194
  245 244.5 43.1592 0.0187323
  246 245.5 43.2366 0.0187659
  247 246.5 42.3646 0.0183874
  248 247.5 42.9149 0.0186262
  249 248.5 42.9071 0.0186229
  250 249.5 42.921 0.0186289
  251 250.5 42.7529 0.0185559
  252 251.5 43.0928 0.0187035
  253 252.5 43.7984 0.0190097
  254 253.5 44.427 0.0192825
  255 254.5 44.0393 0.0191143
  256 255.5 43.3825 0.0188292
  257 256.5 43.3082 0.018797
  258 257.5 43.3596 0.0188192
  259 258.5 43.3748 0.0188259
  260 259.5 43.3446 0.0188128
  261 260.5 43.1031 0.018708
  262 261.5 42.88 0.0186111
  263 262.5 43.0083 0.0186668
  264 263.5 43.3642 0.0188213
  265 264.5 43.4855 0.0188739
  266 265.5 43.189 0.0187452
  267 266.5 43.5968 0.0189222
  268 267.5 44.1645 0.0191686
  269 268.5 44.088 0.0191354
  270 269.5 42.9321 0.0186337
  271 270.5 42.9586 0.0186452
  272 271.5 43.014 0.0186693
  273 272.5 43.2824 0.0187858
  274 273.5 43.3999 0.0188368
  275 274.5 43.0956 0.0187047
  276 275.5 42.5605 0.0184724
  277 276.5 42.8668 0.0186054
  278 277.5 43.093 0.0187035
  279 278.5 43.7247 0.0189777
  280 279.5 42.9892 0.0186585
  281 280.5 42.4166 0.01841
  282 281.5 42.5643 0.0184741
  283 282.5 43.1654 0.018735
  284 283.5 44.0752 0.0191298
  285 284.5 44.4787 0.019305
  286 285.5 44.493 0.0193112
  287 286.5 43.9621 0.0190808
  288 287.5 43.7303 0.0189802
  289 288.5 43.6595 0.0189494
  290 289.5 43.489 0.0188754
  291 290.5 43.6972 0.0189658
  292 291.5 43.4791 0.0188712
  293 292.5 44.0254 0.0191082
  294 293.5 44.0305 0.0191105
  295 294.5 43.0636 0.0186908
  296 295.5 42.618 0.0184974
  297 296.5 42.5672 0.0184754
  298 297.5 42.8363 0.0185921
  299 298.5 43.1844 0.0187432
  300 299.5 43.0087 0.018667
  301 300.5 43.0886 0.0187017
  302 301.5 43.1518 0.0187291
  303 302.5 43.1351 0.0187218
  304 303.5 43.9045 0.0190558
  305 304.5 44.0422 0.0191156
  306 305.5 43.21 0.0187543
  307 306.5 42.9613 0.0186464
  308 307.5 43.0518 0.0186857
  309 308.5 42.4237 0.0184131
  310 309.5 41.5129 0.0180178
  311 310.5 41.6799 0.0180902
  312 311.5 42.6156 0.0184964
  313 312.5 43.0886 0.0187017
  314 313.5 43.4813 0.0188721
  315 314.5 43.3852 0.0188304
  316 315.5 43.4398 0.0188541
  317 316.5 43.1954 0.018748
  318 317.5 43.5528 0.0189031
  319 318.5 43.6926 0.0189638
  320 319.5 42.717 0.0185404
  321 320.5 41.5217 0.0180216
  322 321.5 42.1249 0.0182834
  323 322.5 42.445 0.0184223
  324 323.5 42.6153 0.0184962
  325 324.5 42.6195 0.018498
  326 325.5 43.0836 0.0186995
  327 326.5 43.2102 0.0187544
  328 327.5 43.793 0.0190074
  329 328.5 43.8346 0.0190254
  330 329.5 42.6048 0.0184917
  331 330.5 42.9621 0.0186468
  332 331.5 42.9137 0.0186257
  333 332.5 43.4119 0.018842
  334 333.5 43.8535 0.0190336
  335 334.5 43.7574 0.0189919
  336 335.5 43.9701 0.0190843
  337 336.5 44.0684 0.0191269
  338 337.5 43.8917 0.0190502
  339 338.5 43.778 0.0190009
  340 339.5 43.874 0.0190425
  341 340.5 43.2229 0.01876
  342 341.5 42.6241 0.0185
  343 342.5 43.2603 0.0187762
  344 343.5 42.7862 0.0185704
  345 344.5 43.1375 0.0187229
  346 345.5 43.4957 0.0188783
  347 346.5 43.0235 0.0186734
  348 347.5 43.0436 0.0186821
  349 348.5 42.794 0.0185738
  350 349.5 42.6763 0.0185227
  351 350.5 43.0403 0.0186807
  352 351.5 42.8159 0.0185833
  353 352.5 42.133 0.0182869
  354 353.5 42.1574 0.0182975
  355 354.5 42.6674 0.0185188
  356 355.5 43.1996 0.0187498
  357 356.5 43.9184 0.0190618
  358 357.5 44.1158 0.0191475
  359 358.5 44.0976 0.0191396
  360 359.5 43.818 0.0190182
  361 360.5 43.5167 0.0188875
  362 361.5 43.4539 0.0188602
  363 362.5 42.3803 0.0183942
  364 363.5 41.1458 0.0178584
  365 364.5 41.2636 0.0179096
  366 365.5 40.445 0.0175542
  367 366.5 38.3744 0.0166555
  368 367.5 35.078 0.0152248
  369 368.5 29.479 0.0127947
  370 369.5 22.6601 0.00983512
  371 370.5 16.3253 0.00708565
  372 371.5 11.0356 0.00478974
  373 372.5 7.00646 0.003041
  374 373.5 4.54112 0.00197097
  375 374.5 2.79341 0.00121242
  376 375.5 1.74334 0.000756658
  377 376.5 1.35234 0.000586952
  378 377.5 1.07883 0.000468243
  379 378.5 0.856832 0.000371889
  380 379.5 0.767006 0.000332902
  381 380.5 0.719126 0.000312121
  382 381.5 0.68647 0.000297947
  383 382.5 0.668434 0.000290119
  384 383.5 0.658082 0.000285626
  385 384.5 0.641716 0.000278523
  386 385.5 0.620982 0.000269523
  387 386.5 0.611614 0.000265457
  388 387.5 0.610544 0.000264993
  389 388.5 0.612756 0.000265953
  390 389.5 0.613518 0.000266284
  391 390.5 0.617458 0.000267994
  392 391.5 0.616372 0.000267523
  393 392.5 0.6215 0.000269748
  394 393.5 0.618984 0.000268656
  395 394.5 0.615078 0.000266961
  396 395.5 0.612702 0.00026593
  397 396.5 0.59856 0.000259792
  398 397.5 0.60331 0.000261853
  399 398.5 0.605626 0.000262859
  400 399.5 0.595026 0.000258258
  401 400.5 0.601022 0.00026086
  402 401.5 0.607716 0.000263766
  403 402.5 0.60754 0.000263689
  404 403.5 0.614008 0.000266497
  405 404.5 0.62351 0.000270621
  406 405.5 0.628844 0.000272936
  407 406.5 0.627506 0.000272355
  408 407.5 0.632302 0.000274437
  409 408.5 0.634724 0.000275488
  410 409.5 0.632592 0.000274563
  411 410.5 0.62579 0.00027161
  412 411.5 0.619436 0.000268852
  413 412.5 0.613406 0.000266235
  414 413.5 0.608708 0.000264196
  415 414.5 0.598152 0.000259615
  416 415.5 0.605016 0.000262594
  417 416.5 0.607356 0.000263609
  418 417.5 0.60441 0.000262331
  419 418.5 0.60555 0.000262826
  420 419.5 0.60378 0.000262057
  421 420.5 0.6029 0.000261675
  422 421.5 0.59989 0.000260369
  423 422.5 0.602062 0.000261312
  424 423.5 0.605492 0.0002628
  425 424.5 0.613688 0.000266358
  426 425.5 0.611 0.000265191
  427 426.5 0.610404 0.000264932
  428 427.5 0.615376 0.00026709
  429 428.5 0.619324 0.000268804
  430 429.5 0.621138 0.000269591
  431 430.5 0.620354 0.000269251
  432 431.5 0.613066 0.000266088
  433 432.5 0.613836 0.000266422
  434 433.5 0.6098 0.00026467
  435 434.5 0.605896 0.000262976
  436 435.5 0.606016 0.000263028
  437 436.5 0.602812 0.000261637
  438 437.5 0.602348 0.000261436
  439 438.5 0.595768 0.00025858
  440 439.5 0.597616 0.000259382
  441 440.5 0.579288 0.000251427
  442 441.5 0.569484 0.000247172
  443 442.5 0.577322 0.000250574
  444 443.5 0.575826 0.000249924
  445 444.5 0.570418 0.000247577
  446 445.5 0.56183 0.00024385
  447 446.5 0.563592 0.000244615
  448 447.5 0.553566 0.000240263
  449 448.5 0.548748 0.000238172
  450 449.5 0.562218 0.000244018
  451 450.5 0.560822 0.000243412
  452 451.5 0.560048 0.000243076
  453 452.5 0.557226 0.000241852
  454 453.5 0.553724 0.000240332
  455 454.5 0.558578 0.000242438
  456 455.5 0.551174 0.000239225
  457 456.5 0.551972 0.000239571
  458 457.5 0.552172 0.000239658
  459 458.5 0.538702 0.000233812
  460 459.5 0.531214 0.000230562
  461 460.5 0.528044 0.000229186
  462 461.5 0.529336 0.000229747
  463 462.5 0.531336 0.000230615
  464 463.5 0.538606 0.00023377
  465 464.5 0.554888 0.000240837
  466 465.5 0.556698 0.000241622
  467 466.5 0.558156 0.000242255
  468 467.5 0.569672 0.000247253
  469 468.5 0.572146 0.000248327
  470 469.5 0.572582 0.000248516
  471 470.5 0.577084 0.00025047
  472 471.5 0.578286 0.000250992
  473 472.5 0.565192 0.000245309
  474 473.5 0.548214 0.00023794
  475 474.5 0.54292 0.000235642
  476 475.5 0.528574 0.000229416
  477 476.5 0.510492 0.000221568
  478 477.5 0.489214 0.000212332
  479 478.5 0.465458 0.000202022
  480 479.5 0.439502 0.000190756
