# Chunk-averaged data for fix tensor3 and group c2
# Timestep Number-of-chunks Total-count
# Chunk Coord1 Ncount density/number
20000000 480 5923
  1 0.5 6.64079 0.00288229
  2 1.5 6.52078 0.0028302
  3 2.5 6.4371 0.00279388
  4 3.5 6.35507 0.00275828
  5 4.5 6.24743 0.00271156
  6 5.5 6.12422 0.00265808
  7 6.5 6.01671 0.00261142
  8 7.5 5.90123 0.0025613
  9 8.5 5.74221 0.00249228
  10 9.5 5.56449 0.00241514
  11 10.5 5.34237 0.00231874
  12 11.5 5.13107 0.00222703
  13 12.5 4.90287 0.00212798
  14 13.5 4.63462 0.00201156
  15 14.5 4.36083 0.00189272
  16 15.5 4.06423 0.00176399
  17 16.5 3.76116 0.00163245
  18 17.5 3.46283 0.00150297
  19 18.5 3.14284 0.00136408
  20 19.5 2.83332 0.00122974
  21 20.5 2.53719 0.00110121
  22 21.5 2.23705 0.000970942
  23 22.5 1.94886 0.00084586
  24 23.5 1.66511 0.000722704
  25 24.5 1.41202 0.000612854
  26 25.5 1.1576 0.000502431
  27 26.5 0.938406 0.000407294
  28 27.5 0.750548 0.000325759
  29 28.5 0.59179 0.000256853
  30 29.5 0.459378 0.000199383
  31 30.5 0.351998 0.000152777
  32 31.5 0.273472 0.000118694
  33 32.5 0.208268 9.03941e-05
  34 33.5 0.160126 6.94991e-05
  35 34.5 0.127348 5.52726e-05
  36 35.5 0.102032 4.42847e-05
  37 36.5 0.082962 3.60078e-05
  38 37.5 0.071352 3.09687e-05
  39 38.5 0.063648 2.7625e-05
  40 39.5 0.058626 2.54453e-05
  41 40.5 0.056346 2.44557e-05
  42 41.5 0.053082 2.30391e-05
  43 42.5 0.050114 2.17509e-05
  44 43.5 0.048666 2.11224e-05
  45 44.5 0.048294 2.09609e-05
  46 45.5 0.04697 2.03863e-05
  47 46.5 0.047176 2.04757e-05
  48 47.5 0.046006 1.99679e-05
  49 48.5 0.044866 1.94731e-05
  50 49.5 0.04439 1.92665e-05
  51 50.5 0.044912 1.94931e-05
  52 51.5 0.04364 1.8941e-05
  53 52.5 0.04367 1.8954e-05
  54 53.5 0.042806 1.8579e-05
  55 54.5 0.043912 1.9059e-05
  56 55.5 0.043882 1.9046e-05
  57 56.5 0.043216 1.87569e-05
  58 57.5 0.043126 1.87179e-05
  59 58.5 0.042878 1.86102e-05
  60 59.5 0.04202 1.82378e-05
  61 60.5 0.043032 1.86771e-05
  62 61.5 0.043974 1.90859e-05
  63 62.5 0.044434 1.92856e-05
  64 63.5 0.043786 1.90043e-05
  65 64.5 0.042318 1.83672e-05
  66 65.5 0.04186 1.81684e-05
  67 66.5 0.042252 1.83385e-05
  68 67.5 0.043638 1.89401e-05
  69 68.5 0.043242 1.87682e-05
  70 69.5 0.043464 1.88646e-05
  71 70.5 0.0429 1.86198e-05
  72 71.5 0.04332 1.88021e-05
  73 72.5 0.042962 1.86467e-05
  74 73.5 0.043552 1.89028e-05
  75 74.5 0.044222 1.91936e-05
  76 75.5 0.042946 1.86398e-05
  77 76.5 0.043402 1.88377e-05
  78 77.5 0.044978 1.95217e-05
  79 78.5 0.044714 1.94071e-05
  80 79.5 0.044942 1.95061e-05
  81 80.5 0.044996 1.95295e-05
  82 81.5 0.044312 1.92326e-05
  83 82.5 0.043624 1.8934e-05
  84 83.5 0.043408 1.88403e-05
  85 84.5 0.044032 1.91111e-05
  86 85.5 0.044038 1.91137e-05
  87 86.5 0.042696 1.85312e-05
  88 87.5 0.0426 1.84896e-05
  89 88.5 0.044348 1.92483e-05
  90 89.5 0.04488 1.94792e-05
  91 90.5 0.046926 2.03672e-05
  92 91.5 0.045906 1.99245e-05
  93 92.5 0.045176 1.96076e-05
  94 93.5 0.044768 1.94306e-05
  95 94.5 0.044894 1.94852e-05
  96 95.5 0.045216 1.9625e-05
  97 96.5 0.044412 1.9276e-05
  98 97.5 0.045002 1.95321e-05
  99 98.5 0.044324 1.92378e-05
  100 99.5 0.044204 1.91858e-05
  101 100.5 0.04324 1.87674e-05
  102 101.5 0.04336 1.88194e-05
  103 102.5 0.044396 1.92691e-05
  104 103.5 0.044728 1.94132e-05
  105 104.5 0.04502 1.95399e-05
  106 105.5 0.04466 1.93837e-05
  107 106.5 0.044382 1.9263e-05
  108 107.5 0.044626 1.93689e-05
  109 108.5 0.04412 1.91493e-05
  110 109.5 0.045388 1.96997e-05
  111 110.5 0.045684 1.98281e-05
  112 111.5 0.045548 1.97691e-05
  113 112.5 0.04478 1.94358e-05
  114 113.5 0.044574 1.93464e-05
  115 114.5 0.04452 1.93229e-05
  116 115.5 0.045228 1.96302e-05
  117 116.5 0.044832 1.94583e-05
  118 117.5 0.04326 1.8776e-05
  119 118.5 0.043146 1.87266e-05
  120 119.5 0.043984 1.90903e-05
  121 120.5 0.043706 1.89696e-05
  122 121.5 0.045152 1.95972e-05
  123 122.5 0.04394 1.90712e-05
  124 123.5 0.044088 1.91354e-05
  125 124.5 0.044092 1.91372e-05
  126 125.5 0.044504 1.9316e-05
  127 126.5 0.045144 1.95937e-05
  128 127.5 0.044034 1.9112e-05
  129 128.5 0.043698 1.89661e-05
  130 129.5 0.044696 1.93993e-05
  131 130.5 0.044102 1.91415e-05
  132 131.5 0.042966 1.86484e-05
  133 132.5 0.044208 1.91875e-05
  134 133.5 0.043066 1.86918e-05
  135 134.5 0.043828 1.90226e-05
  136 135.5 0.04254 1.84635e-05
  137 136.5 0.042056 1.82535e-05
  138 137.5 0.041718 1.81068e-05
  139 138.5 0.041656 1.80799e-05
  140 139.5 0.043142 1.87248e-05
  141 140.5 0.043152 1.87292e-05
  142 141.5 0.043816 1.90174e-05
  143 142.5 0.042094 1.827e-05
  144 143.5 0.042782 1.85686e-05
  145 144.5 0.043908 1.90573e-05
  146 145.5 0.043758 1.89922e-05
  147 146.5 0.04117 1.78689e-05
  148 147.5 0.04212 1.82813e-05
  149 148.5 0.042126 1.82839e-05
  150 149.5 0.040466 1.75634e-05
  151 150.5 0.041416 1.79757e-05
  152 151.5 0.041794 1.81398e-05
  153 152.5 0.043654 1.8947e-05
  154 153.5 0.044724 1.94115e-05
  155 154.5 0.044954 1.95113e-05
  156 155.5 0.044914 1.94939e-05
  157 156.5 0.044742 1.94193e-05
  158 157.5 0.043728 1.89792e-05
  159 158.5 0.043766 1.89957e-05
  160 159.5 0.04338 1.88281e-05
  161 160.5 0.044624 1.93681e-05
  162 161.5 0.046114 2.00148e-05
  163 162.5 0.046718 2.02769e-05
  164 163.5 0.046418 2.01467e-05
  165 164.5 0.046406 2.01415e-05
  166 165.5 0.047264 2.05139e-05
  167 166.5 0.049454 2.14644e-05
  168 167.5 0.050732 2.20191e-05
  169 168.5 0.053488 2.32153e-05
  170 169.5 0.060366 2.62005e-05
  171 170.5 0.067518 2.93047e-05
  172 171.5 0.077762 3.37509e-05
  173 172.5 0.08984 3.89931e-05
  174 173.5 0.11232 4.875e-05
  175 174.5 0.138456 6.00938e-05
  176 175.5 0.17662 7.6658e-05
  177 176.5 0.225266 9.77717e-05
  178 177.5 0.288424 0.000125184
  179 178.5 0.365674 0.000158713
  180 179.5 0.454416 0.000197229
  181 180.5 0.561924 0.000243891
  182 181.5 0.699708 0.000303693
  183 182.5 0.854164 0.000370731
  184 183.5 1.02786 0.000446119
  185 184.5 1.23569 0.000536322
  186 185.5 1.46389 0.000635368
  187 186.5 1.7291 0.000750478
  188 187.5 1.99611 0.000866365
  189 188.5 2.29563 0.000996369
  190 189.5 2.64021 0.00114592
  191 190.5 2.98262 0.00129454
  192 191.5 3.33366 0.0014469
  193 192.5 3.69294 0.00160284
  194 193.5 4.0711 0.00176697
  195 194.5 4.41648 0.00191687
  196 195.5 4.78799 0.00207812
  197 196.5 5.15021 0.00223533
  198 197.5 5.50684 0.00239012
  199 198.5 5.89834 0.00256004
  200 199.5 6.28859 0.00272942
  201 200.5 6.72883 0.0029205
  202 201.5 7.19563 0.00312311
  203 202.5 7.65012 0.00332037
  204 203.5 8.13635 0.0035314
  205 204.5 8.68407 0.00376913
  206 205.5 9.28929 0.00403181
  207 206.5 9.94815 0.00431777
  208 207.5 10.6587 0.00462616
  209 208.5 11.4536 0.00497117
  210 209.5 12.3002 0.00533861
  211 210.5 13.1828 0.00572169
  212 211.5 14.1687 0.0061496
  213 212.5 15.2201 0.00660596
  214 213.5 16.2472 0.00705175
  215 214.5 17.3386 0.00752543
  216 215.5 18.514 0.00803557
  217 216.5 19.6544 0.00853056
  218 217.5 20.7613 0.00901097
  219 218.5 21.8547 0.00948556
  220 219.5 22.8178 0.00990354
  221 220.5 23.7453 0.0103061
  222 221.5 24.6179 0.0106849
  223 222.5 25.4085 0.011028
  224 223.5 26.1475 0.0113488
  225 224.5 26.7709 0.0116193
  226 225.5 27.288 0.0118438
  227 226.5 27.7655 0.012051
  228 227.5 28.1638 0.0122239
  229 228.5 28.4588 0.0123519
  230 229.5 28.7568 0.0124812
  231 230.5 29.0391 0.0126038
  232 231.5 29.2277 0.0126856
  233 232.5 29.3923 0.0127571
  234 233.5 29.5678 0.0128332
  235 234.5 29.7254 0.0129016
  236 235.5 29.8325 0.0129481
  237 236.5 29.9425 0.0129959
  238 237.5 29.9697 0.0130077
  239 238.5 30.0035 0.0130223
  240 239.5 30.0375 0.0130371
  241 240.5 30.0692 0.0130509
  242 241.5 30.0703 0.0130513
  243 242.5 30.0938 0.0130616
  244 243.5 30.0945 0.0130619
  245 244.5 30.0787 0.013055
  246 245.5 30.1186 0.0130723
  247 246.5 30.1412 0.0130821
  248 247.5 30.1351 0.0130795
  249 248.5 30.1049 0.0130664
  250 249.5 30.0835 0.0130571
  251 250.5 30.1722 0.0130956
  252 251.5 30.1635 0.0130918
  253 252.5 30.099 0.0130638
  254 253.5 30.1509 0.0130863
  255 254.5 30.1484 0.0130853
  256 255.5 30.1007 0.0130645
  257 256.5 30.0742 0.013053
  258 257.5 30.1676 0.0130936
  259 258.5 30.2342 0.0131225
  260 259.5 30.2026 0.0131088
  261 260.5 30.231 0.0131211
  262 261.5 30.2346 0.0131226
  263 262.5 30.2454 0.0131273
  264 263.5 30.2381 0.0131242
  265 264.5 30.2769 0.013141
  266 265.5 30.3195 0.0131595
  267 266.5 30.3025 0.0131521
  268 267.5 30.2958 0.0131492
  269 268.5 30.3186 0.0131591
  270 269.5 30.3194 0.0131595
  271 270.5 30.3585 0.0131765
  272 271.5 30.3864 0.0131886
  273 272.5 30.3872 0.0131889
  274 273.5 30.39 0.0131901
  275 274.5 30.4518 0.0132169
  276 275.5 30.5148 0.0132443
  277 276.5 30.5151 0.0132444
  278 277.5 30.5529 0.0132608
  279 278.5 30.58 0.0132726
  280 279.5 30.6305 0.0132945
  281 280.5 30.6546 0.0133049
  282 281.5 30.7607 0.013351
  283 282.5 30.8076 0.0133713
  284 283.5 30.8014 0.0133687
  285 284.5 30.8218 0.0133775
  286 285.5 30.8875 0.013406
  287 286.5 30.8748 0.0134005
  288 287.5 30.8306 0.0133813
  289 288.5 30.8374 0.0133843
  290 289.5 30.874 0.0134002
  291 290.5 30.8103 0.0133725
  292 291.5 30.7833 0.0133608
  293 292.5 30.8299 0.013381
  294 293.5 30.8261 0.0133794
  295 294.5 30.8062 0.0133707
  296 295.5 30.7507 0.0133467
  297 296.5 30.7882 0.0133629
  298 297.5 30.7228 0.0133346
  299 298.5 30.7391 0.0133416
  300 299.5 30.7949 0.0133658
  301 300.5 30.7634 0.0133522
  302 301.5 30.682 0.0133169
  303 302.5 30.7388 0.0133415
  304 303.5 30.6588 0.0133068
  305 304.5 30.6698 0.0133115
  306 305.5 30.6695 0.0133114
  307 306.5 30.7282 0.0133369
  308 307.5 30.776 0.0133577
  309 308.5 30.8232 0.0133781
  310 309.5 30.8315 0.0133817
  311 310.5 30.877 0.0134015
  312 311.5 30.9444 0.0134307
  313 312.5 30.9813 0.0134467
  314 313.5 30.9705 0.0134421
  315 314.5 30.9945 0.0134525
  316 315.5 30.9932 0.0134519
  317 316.5 30.9821 0.0134471
  318 317.5 30.9904 0.0134507
  319 318.5 30.9882 0.0134497
  320 319.5 30.956 0.0134357
  321 320.5 30.9421 0.0134297
  322 321.5 30.9666 0.0134404
  323 322.5 30.9823 0.0134472
  324 323.5 30.9666 0.0134404
  325 324.5 30.9085 0.0134152
  326 325.5 30.9229 0.0134214
  327 326.5 30.8716 0.0133991
  328 327.5 30.8004 0.0133682
  329 328.5 30.7782 0.0133586
  330 329.5 30.8332 0.0133825
  331 330.5 30.7238 0.013335
  332 331.5 30.7403 0.0133422
  333 332.5 30.758 0.0133498
  334 333.5 30.688 0.0133194
  335 334.5 30.6014 0.0132819
  336 335.5 30.6327 0.0132955
  337 336.5 30.604 0.013283
  338 337.5 30.5593 0.0132636
  339 338.5 30.494 0.0132352
  340 339.5 30.5199 0.0132465
  341 340.5 30.5239 0.0132482
  342 341.5 30.4768 0.0132278
  343 342.5 30.4885 0.0132329
  344 343.5 30.5116 0.0132429
  345 344.5 30.4766 0.0132277
  346 345.5 30.4439 0.0132135
  347 346.5 30.4329 0.0132087
  348 347.5 30.4156 0.0132012
  349 348.5 30.4298 0.0132074
  350 349.5 30.4337 0.0132091
  351 350.5 30.3556 0.0131752
  352 351.5 30.2677 0.013137
  353 352.5 30.2266 0.0131192
  354 353.5 30.1169 0.0130716
  355 354.5 29.9811 0.0130126
  356 355.5 29.8391 0.012951
  357 356.5 29.6998 0.0128905
  358 357.5 29.4681 0.01279
  359 358.5 29.231 0.0126871
  360 359.5 28.9849 0.0125803
  361 360.5 28.6988 0.0124561
  362 361.5 28.3026 0.0122841
  363 362.5 27.9735 0.0121413
  364 363.5 27.492 0.0119323
  365 364.5 27.0132 0.0117245
  366 365.5 26.4581 0.0114836
  367 366.5 25.9361 0.011257
  368 367.5 25.2705 0.0109681
  369 368.5 24.5671 0.0106628
  370 369.5 23.8476 0.0103505
  371 370.5 23.0419 0.0100008
  372 371.5 22.1668 0.00962099
  373 372.5 21.297 0.00924347
  374 373.5 20.3506 0.00883271
  375 374.5 19.4517 0.00844259
  376 375.5 18.4922 0.00802613
  377 376.5 17.5948 0.00763664
  378 377.5 16.7136 0.00725415
  379 378.5 15.8643 0.00688555
  380 379.5 14.9908 0.00650643
  381 380.5 14.2025 0.00616429
  382 381.5 13.4339 0.00583069
  383 382.5 12.7428 0.00553075
  384 383.5 12.0915 0.00524805
  385 384.5 11.5111 0.00499612
  386 385.5 10.99 0.00476997
  387 386.5 10.5012 0.00455783
  388 387.5 10.1507 0.00440569
  389 388.5 9.79044 0.00424932
  390 389.5 9.48001 0.00411459
  391 390.5 9.20415 0.00399486
  392 391.5 8.98215 0.0038985
  393 392.5 8.73459 0.00379106
  394 393.5 8.57291 0.00372088
  395 394.5 8.41652 0.003653
  396 395.5 8.27318 0.00359079
  397 396.5 8.1594 0.00354141
  398 397.5 8.0719 0.00350343
  399 398.5 7.99423 0.00346972
  400 399.5 7.90832 0.00343243
  401 400.5 7.83694 0.00340145
  402 401.5 7.76949 0.00337217
  403 402.5 7.70548 0.00334439
  404 403.5 7.67741 0.00333221
  405 404.5 7.65646 0.00332312
  406 405.5 7.6244 0.0033092
  407 406.5 7.61995 0.00330727
  408 407.5 7.61725 0.0033061
  409 408.5 7.60568 0.00330108
  410 409.5 7.57856 0.00328931
  411 410.5 7.58385 0.0032916
  412 411.5 7.5484 0.00327622
  413 412.5 7.50117 0.00325572
  414 413.5 7.46251 0.00323893
  415 414.5 7.45974 0.00323773
  416 415.5 7.45096 0.00323392
  417 416.5 7.3811 0.0032036
  418 417.5 7.34422 0.0031876
  419 418.5 7.32796 0.00318054
  420 419.5 7.30734 0.00317159
  421 420.5 7.30479 0.00317048
  422 421.5 7.29451 0.00316602
  423 422.5 7.25345 0.0031482
  424 423.5 7.26094 0.00315145
  425 424.5 7.24955 0.00314651
  426 425.5 7.26095 0.00315145
  427 426.5 7.25128 0.00314726
  428 427.5 7.28516 0.00316196
  429 428.5 7.30417 0.00317021
  430 429.5 7.31434 0.00317462
  431 430.5 7.31105 0.0031732
  432 431.5 7.31526 0.00317503
  433 432.5 7.33375 0.00318305
  434 433.5 7.33323 0.00318282
  435 434.5 7.33865 0.00318518
  436 435.5 7.3152 0.003175
  437 436.5 7.32807 0.00318059
  438 437.5 7.29767 0.00316739
  439 438.5 7.26594 0.00315362
  440 439.5 7.28094 0.00316013
  441 440.5 7.27638 0.00315815
  442 441.5 7.27449 0.00315733
  443 442.5 7.29087 0.00316444
  444 443.5 7.3049 0.00317053
  445 444.5 7.2834 0.0031612
  446 445.5 7.2878 0.00316311
  447 446.5 7.28624 0.00316243
  448 447.5 7.27428 0.00315724
  449 448.5 7.26204 0.00315193
  450 449.5 7.28834 0.00316334
  451 450.5 7.29932 0.00316811
  452 451.5 7.28402 0.00316147
  453 452.5 7.26633 0.00315379
  454 453.5 7.25061 0.00314697
  455 454.5 7.23773 0.00314138
  456 455.5 7.2691 0.00315499
  457 456.5 7.27337 0.00315685
  458 457.5 7.28415 0.00316152
  459 458.5 7.27788 0.0031588
  460 459.5 7.28028 0.00315985
  461 460.5 7.27511 0.0031576
  462 461.5 7.27191 0.00315621
  463 462.5 7.27421 0.00315721
  464 463.5 7.28138 0.00316032
  465 464.5 7.29884 0.0031679
  466 465.5 7.29632 0.00316681
  467 466.5 7.24566 0.00314482
  468 467.5 7.2182 0.0031329
  469 468.5 7.18496 0.00311847
  470 469.5 7.16956 0.00311179
  471 470.5 7.15222 0.00310426
  472 471.5 7.11903 0.00308986
  473 472.5 7.06318 0.00306562
  474 473.5 7.03329 0.00305264
  475 474.5 6.98533 0.00303183
  476 475.5 6.96466 0.00302285
  477 476.5 6.91359 0.00300069
  478 477.5 6.85473 0.00297514
  479 478.5 6.79329 0.00294847
  480 479.5 6.71501 0.0029145
30000000 480 5923
  1 0.5 5.49381 0.00238447
  2 1.5 5.21584 0.00226382
  3 2.5 4.91829 0.00213467
  4 3.5 4.62157 0.00200589
  5 4.5 4.28877 0.00186145
  6 5.5 3.915 0.00169922
  7 6.5 3.5352 0.00153437
  8 7.5 3.14606 0.00136548
  9 8.5 2.75355 0.00119512
  10 9.5 2.36402 0.00102605
  11 10.5 1.99934 0.000867771
  12 11.5 1.66017 0.000720561
  13 12.5 1.35725 0.000589082
  14 13.5 1.08044 0.000468941
  15 14.5 0.846922 0.000367588
  16 15.5 0.6578 0.000285503
  17 16.5 0.506402 0.000219793
  18 17.5 0.379994 0.000164928
  19 18.5 0.289536 0.000125667
  20 19.5 0.219838 9.54158e-05
  21 20.5 0.16886 7.32899e-05
  22 21.5 0.133908 5.81198e-05
  23 22.5 0.109438 4.74991e-05
  24 23.5 0.088474 3.84002e-05
  25 24.5 0.074596 3.23767e-05
  26 25.5 0.063578 2.75946e-05
  27 26.5 0.05979 2.59505e-05
  28 27.5 0.054728 2.37535e-05
  29 28.5 0.050684 2.19983e-05
  30 29.5 0.04928 2.13889e-05
  31 30.5 0.04849 2.1046e-05
  32 31.5 0.047674 2.06918e-05
  33 32.5 0.047306 2.05321e-05
  34 33.5 0.046754 2.02925e-05
  35 34.5 0.04684 2.03299e-05
  36 35.5 0.047558 2.06415e-05
  37 36.5 0.046588 2.02205e-05
  38 37.5 0.047424 2.05833e-05
  39 38.5 0.047234 2.05009e-05
  40 39.5 0.046962 2.03828e-05
  41 40.5 0.048862 2.12075e-05
  42 41.5 0.048772 2.11684e-05
  43 42.5 0.04934 2.14149e-05
  44 43.5 0.04782 2.07552e-05
  45 44.5 0.048714 2.11432e-05
  46 45.5 0.048046 2.08533e-05
  47 46.5 0.047526 2.06276e-05
  48 47.5 0.048112 2.08819e-05
  49 48.5 0.048816 2.11875e-05
  50 49.5 0.047756 2.07274e-05
  51 50.5 0.047502 2.06172e-05
  52 51.5 0.046524 2.01927e-05
  53 52.5 0.047122 2.04523e-05
  54 53.5 0.04652 2.0191e-05
  55 54.5 0.045664 1.98194e-05
  56 55.5 0.045846 1.98984e-05
  57 56.5 0.044936 1.95035e-05
  58 57.5 0.045662 1.98186e-05
  59 58.5 0.047038 2.04158e-05
  60 59.5 0.046986 2.03932e-05
  61 60.5 0.048094 2.08741e-05
  62 61.5 0.046906 2.03585e-05
  63 62.5 0.047234 2.05009e-05
  64 63.5 0.04854 2.10677e-05
  65 64.5 0.049096 2.1309e-05
  66 65.5 0.049682 2.15634e-05
  67 66.5 0.0479 2.07899e-05
  68 67.5 0.047098 2.04418e-05
  69 68.5 0.04507 1.95616e-05
  70 69.5 0.04519 1.96137e-05
  71 70.5 0.046266 2.00807e-05
  72 71.5 0.04561 1.9796e-05
  73 72.5 0.04551 1.97526e-05
  74 73.5 0.045608 1.97951e-05
  75 74.5 0.046202 2.0053e-05
  76 75.5 0.045792 1.9875e-05
  77 76.5 0.045738 1.98516e-05
  78 77.5 0.045292 1.9658e-05
  79 78.5 0.045696 1.98333e-05
  80 79.5 0.046072 1.99965e-05
  81 80.5 0.046982 2.03915e-05
  82 81.5 0.04501 1.95356e-05
  83 82.5 0.045144 1.95937e-05
  84 83.5 0.044772 1.94323e-05
  85 84.5 0.042708 1.85365e-05
  86 85.5 0.044196 1.91823e-05
  87 86.5 0.043564 1.8908e-05
  88 87.5 0.044112 1.91458e-05
  89 88.5 0.045118 1.95825e-05
  90 89.5 0.045224 1.96285e-05
  91 90.5 0.0462 2.00521e-05
  92 91.5 0.046308 2.0099e-05
  93 92.5 0.046062 1.99922e-05
  94 93.5 0.044732 1.94149e-05
  95 94.5 0.044844 1.94635e-05
  96 95.5 0.045408 1.97083e-05
  97 96.5 0.046316 2.01024e-05
  98 97.5 0.043466 1.88655e-05
  99 98.5 0.04435 1.92491e-05
  100 99.5 0.046234 2.00668e-05
  101 100.5 0.046286 2.00894e-05
  102 101.5 0.046886 2.03498e-05
  103 102.5 0.045606 1.97943e-05
  104 103.5 0.046216 2.0059e-05
  105 104.5 0.045224 1.96285e-05
  106 105.5 0.045828 1.98906e-05
  107 106.5 0.04683 2.03255e-05
  108 107.5 0.04585 1.99002e-05
  109 108.5 0.04412 1.91493e-05
  110 109.5 0.04527 1.96484e-05
  111 110.5 0.0452 1.96181e-05
  112 111.5 0.046036 1.99809e-05
  113 112.5 0.046834 2.03273e-05
  114 113.5 0.046314 2.01016e-05
  115 114.5 0.04496 1.95139e-05
  116 115.5 0.045288 1.96563e-05
  117 116.5 0.043758 1.89922e-05
  118 117.5 0.045014 1.95373e-05
  119 118.5 0.04501 1.95356e-05
  120 119.5 0.045928 1.9934e-05
  121 120.5 0.044864 1.94722e-05
  122 121.5 0.044316 1.92344e-05
  123 122.5 0.04605 1.9987e-05
  124 123.5 0.045532 1.97622e-05
  125 124.5 0.046016 1.99722e-05
  126 125.5 0.045826 1.98898e-05
  127 126.5 0.045044 1.95503e-05
  128 127.5 0.046244 2.00712e-05
  129 128.5 0.046136 2.00243e-05
  130 129.5 0.044616 1.93646e-05
  131 130.5 0.043442 1.8855e-05
  132 131.5 0.043448 1.88576e-05
  133 132.5 0.044186 1.9178e-05
  134 133.5 0.045888 1.99167e-05
  135 134.5 0.04713 2.04557e-05
  136 135.5 0.04538 1.96962e-05
  137 136.5 0.045432 1.97188e-05
  138 137.5 0.046258 2.00773e-05
  139 138.5 0.04734 2.05469e-05
  140 139.5 0.047368 2.0559e-05
  141 140.5 0.046574 2.02144e-05
  142 141.5 0.045768 1.98646e-05
  143 142.5 0.045858 1.99036e-05
  144 143.5 0.047692 2.06997e-05
  145 144.5 0.047384 2.0566e-05
  146 145.5 0.04659 2.02214e-05
  147 146.5 0.046476 2.01719e-05
  148 147.5 0.045814 1.98845e-05
  149 148.5 0.045758 1.98602e-05
  150 149.5 0.044858 1.94696e-05
  151 150.5 0.045094 1.9572e-05
  152 151.5 0.04482 1.94531e-05
  153 152.5 0.04619 2.00477e-05
  154 153.5 0.048006 2.08359e-05
  155 154.5 0.048346 2.09835e-05
  156 155.5 0.048954 2.12474e-05
  157 156.5 0.049112 2.1316e-05
  158 157.5 0.050586 2.19557e-05
  159 158.5 0.052822 2.29262e-05
  160 159.5 0.055366 2.40304e-05
  161 160.5 0.058084 2.52101e-05
  162 161.5 0.064298 2.79071e-05
  163 162.5 0.071822 3.11727e-05
  164 163.5 0.085314 3.70286e-05
  165 164.5 0.102852 4.46406e-05
  166 165.5 0.130016 5.64306e-05
  167 166.5 0.168084 7.29531e-05
  168 167.5 0.221932 9.63247e-05
  169 168.5 0.291302 0.000126433
  170 169.5 0.38442 0.000166849
  171 170.5 0.503678 0.00021861
  172 171.5 0.660454 0.000286655
  173 172.5 0.850272 0.000369042
  174 173.5 1.08375 0.000470379
  175 174.5 1.35185 0.00058674
  176 175.5 1.65732 0.000719323
  177 176.5 1.97754 0.000858306
  178 177.5 2.32333 0.00100839
  179 178.5 2.6925 0.00116862
  180 179.5 3.07165 0.00133318
  181 180.5 3.45893 0.00150127
  182 181.5 3.8371 0.00166541
  183 182.5 4.19817 0.00182212
  184 183.5 4.57148 0.00198415
  185 184.5 4.90573 0.00212922
  186 185.5 5.23314 0.00227133
  187 186.5 5.55128 0.00240941
  188 187.5 5.82985 0.00253032
  189 188.5 6.12198 0.00265711
  190 189.5 6.42349 0.00278797
  191 190.5 6.72242 0.00291772
  192 191.5 7.04088 0.00305594
  193 192.5 7.33909 0.00318537
  194 193.5 7.71102 0.0033468
  195 194.5 8.04935 0.00349364
  196 195.5 8.40563 0.00364828
  197 196.5 8.82267 0.00382928
  198 197.5 9.26219 0.00402005
  199 198.5 9.73147 0.00422373
  200 199.5 10.2467 0.00444734
  201 200.5 10.838 0.00470399
  202 201.5 11.4955 0.00498936
  203 202.5 12.2551 0.00531907
  204 203.5 13.0277 0.0056544
  205 204.5 13.8798 0.00602424
  206 205.5 14.7871 0.006418
  207 206.5 15.7395 0.00683139
  208 207.5 16.7009 0.00724864
  209 208.5 17.7272 0.0076941
  210 209.5 18.7719 0.00814754
  211 210.5 19.7537 0.00857366
  212 211.5 20.7714 0.00901536
  213 212.5 21.7451 0.00943798
  214 213.5 22.6244 0.00981961
  215 214.5 23.5025 0.0102007
  216 215.5 24.2982 0.0105461
  217 216.5 25.0313 0.0108643
  218 217.5 25.6705 0.0111417
  219 218.5 26.3002 0.011415
  220 219.5 26.7844 0.0116252
  221 220.5 27.2311 0.0118191
  222 221.5 27.6317 0.0119929
  223 222.5 27.9809 0.0121445
  224 223.5 28.2157 0.0122464
  225 224.5 28.501 0.0123702
  226 225.5 28.7297 0.0124695
  227 226.5 28.8442 0.0125192
  228 227.5 28.9643 0.0125713
  229 228.5 29.0902 0.012626
  230 229.5 29.2364 0.0126894
  231 230.5 29.2965 0.0127155
  232 231.5 29.3837 0.0127533
  233 232.5 29.5132 0.0128096
  234 233.5 29.5195 0.0128123
  235 234.5 29.5887 0.0128423
  236 235.5 29.6426 0.0128657
  237 236.5 29.656 0.0128715
  238 237.5 29.6679 0.0128767
  239 238.5 29.7225 0.0129004
  240 239.5 29.7645 0.0129186
  241 240.5 29.7597 0.0129165
  242 241.5 29.7552 0.0129146
  243 242.5 29.8251 0.0129449
  244 243.5 29.8499 0.0129557
  245 244.5 29.7951 0.0129319
  246 245.5 29.8934 0.0129746
  247 246.5 29.9025 0.0129785
  248 247.5 29.9147 0.0129838
  249 248.5 30.018 0.0130287
  250 249.5 30.094 0.0130616
  251 250.5 30.0577 0.0130459
  252 251.5 30.0365 0.0130367
  253 252.5 30.1027 0.0130654
  254 253.5 30.1291 0.0130769
  255 254.5 30.1582 0.0130895
  256 255.5 30.1879 0.0131024
  257 256.5 30.2529 0.0131306
  258 257.5 30.2264 0.0131191
  259 258.5 30.2856 0.0131448
  260 259.5 30.2572 0.0131325
  261 260.5 30.1964 0.0131061
  262 261.5 30.2304 0.0131209
  263 262.5 30.2266 0.0131192
  264 263.5 30.1156 0.013071
  265 264.5 30.1258 0.0130755
  266 265.5 30.1275 0.0130762
  267 266.5 30.1181 0.0130721
  268 267.5 30.0608 0.0130472
  269 268.5 30.0508 0.0130429
  270 269.5 30.0079 0.0130242
  271 270.5 29.8563 0.0129585
  272 271.5 29.8333 0.0129485
  273 272.5 29.7778 0.0129244
  274 273.5 29.7197 0.0128992
  275 274.5 29.574 0.0128359
  276 275.5 29.5215 0.0128132
  277 276.5 29.4642 0.0127883
  278 277.5 29.369 0.012747
  279 278.5 29.2922 0.0127136
  280 279.5 29.2279 0.0126857
  281 280.5 29.1108 0.0126349
  282 281.5 29.0528 0.0126097
  283 282.5 28.9665 0.0125723
  284 283.5 28.9291 0.012556
  285 284.5 28.8998 0.0125433
  286 285.5 28.8687 0.0125298
  287 286.5 28.8456 0.0125198
  288 287.5 28.8517 0.0125224
  289 288.5 28.8653 0.0125284
  290 289.5 28.8278 0.0125121
  291 290.5 28.8585 0.0125254
  292 291.5 28.8826 0.0125359
  293 292.5 28.8877 0.0125381
  294 293.5 28.9105 0.0125479
  295 294.5 28.9454 0.0125631
  296 295.5 28.9613 0.01257
  297 296.5 28.9998 0.0125867
  298 297.5 29.0233 0.0125969
  299 298.5 29.1087 0.012634
  300 299.5 29.1357 0.0126457
  301 300.5 29.2645 0.0127016
  302 301.5 29.2644 0.0127016
  303 302.5 29.3237 0.0127273
  304 303.5 29.4237 0.0127707
  305 304.5 29.4299 0.0127734
  306 305.5 29.4628 0.0127877
  307 306.5 29.5088 0.0128077
  308 307.5 29.5428 0.0128224
  309 308.5 29.5042 0.0128056
  310 309.5 29.474 0.0127925
  311 310.5 29.5485 0.0128249
  312 311.5 29.5744 0.0128361
  313 312.5 29.5076 0.0128071
  314 313.5 29.5437 0.0128228
  315 314.5 29.5958 0.0128454
  316 315.5 29.5608 0.0128302
  317 316.5 29.5592 0.0128295
  318 317.5 29.6095 0.0128513
  319 318.5 29.5942 0.0128447
  320 319.5 29.5387 0.0128206
  321 320.5 29.5317 0.0128176
  322 321.5 29.5391 0.0128208
  323 322.5 29.5247 0.0128145
  324 323.5 29.5339 0.0128185
  325 324.5 29.5149 0.0128103
  326 325.5 29.5026 0.012805
  327 326.5 29.5214 0.0128131
  328 327.5 29.5557 0.012828
  329 328.5 29.5877 0.0128419
  330 329.5 29.6062 0.0128499
  331 330.5 29.64 0.0128646
  332 331.5 29.6868 0.0128849
  333 332.5 29.7561 0.012915
  334 333.5 29.7542 0.0129142
  335 334.5 29.7654 0.012919
  336 335.5 29.7886 0.0129291
  337 336.5 29.8599 0.01296
  338 337.5 29.8329 0.0129483
  339 338.5 29.8595 0.0129599
  340 339.5 29.8486 0.0129551
  341 340.5 29.8442 0.0129532
  342 341.5 29.8672 0.0129632
  343 342.5 29.8517 0.0129565
  344 343.5 29.9222 0.0129871
  345 344.5 29.9808 0.0130125
  346 345.5 29.9115 0.0129824
  347 346.5 29.8996 0.0129773
  348 347.5 29.9336 0.012992
  349 348.5 29.8511 0.0129562
  350 349.5 29.8026 0.0129352
  351 350.5 29.798 0.0129331
  352 351.5 29.7348 0.0129057
  353 352.5 29.6443 0.0128664
  354 353.5 29.5588 0.0128293
  355 354.5 29.5449 0.0128233
  356 355.5 29.4028 0.0127616
  357 356.5 29.2857 0.0127108
  358 357.5 29.1148 0.0126366
  359 358.5 28.9774 0.012577
  360 359.5 28.7833 0.0124927
  361 360.5 28.5046 0.0123718
  362 361.5 28.1837 0.0122325
  363 362.5 27.922 0.0121189
  364 363.5 27.5384 0.0119524
  365 364.5 27.1167 0.0117694
  366 365.5 26.584 0.0115382
  367 366.5 26.0114 0.0112897
  368 367.5 25.4277 0.0110363
  369 368.5 24.7667 0.0107494
  370 369.5 24.0497 0.0104382
  371 370.5 23.302 0.0101137
  372 371.5 22.5216 0.00977502
  373 372.5 21.639 0.00939194
  374 373.5 20.7238 0.00899469
  375 374.5 19.8235 0.00860395
  376 375.5 18.8249 0.00817053
  377 376.5 17.8224 0.0077354
  378 377.5 16.8928 0.00733195
  379 378.5 15.9832 0.00693716
  380 379.5 15.0764 0.00654357
  381 380.5 14.2308 0.00617657
  382 381.5 13.4332 0.00583039
  383 382.5 12.6908 0.00550817
  384 383.5 11.9996 0.00520817
  385 384.5 11.3379 0.00492095
  386 385.5 10.7608 0.0046705
  387 386.5 10.2409 0.00444482
  388 387.5 9.78861 0.00424853
  389 388.5 9.36189 0.00406332
  390 389.5 8.98283 0.0038988
  391 390.5 8.64993 0.00375431
  392 391.5 8.34606 0.00362242
  393 392.5 8.09029 0.00351141
  394 393.5 7.86162 0.00341216
  395 394.5 7.67661 0.00333186
  396 395.5 7.50687 0.00325819
  397 396.5 7.36365 0.00319603
  398 397.5 7.23706 0.00314109
  399 398.5 7.13809 0.00309813
  400 399.5 7.02558 0.0030493
  401 400.5 6.94778 0.00301553
  402 401.5 6.89606 0.00299308
  403 402.5 6.84044 0.00296894
  404 403.5 6.82283 0.0029613
  405 404.5 6.81033 0.00295587
  406 405.5 6.79003 0.00294706
  407 406.5 6.73516 0.00292325
  408 407.5 6.70801 0.00291146
  409 408.5 6.6707 0.00289527
  410 409.5 6.65556 0.0028887
  411 410.5 6.65144 0.00288691
  412 411.5 6.65235 0.00288731
  413 412.5 6.65984 0.00289056
  414 413.5 6.67297 0.00289625
  415 414.5 6.68337 0.00290077
  416 415.5 6.68455 0.00290128
  417 416.5 6.69232 0.00290465
  418 417.5 6.69327 0.00290506
  419 418.5 6.72345 0.00291816
  420 419.5 6.75906 0.00293362
  421 420.5 6.79409 0.00294883
  422 421.5 6.81994 0.00296004
  423 422.5 6.87309 0.00298311
  424 423.5 6.88574 0.0029886
  425 424.5 6.93515 0.00301005
  426 425.5 6.94765 0.00301547
  427 426.5 6.95432 0.00301837
  428 427.5 6.98704 0.00303257
  429 428.5 7.01372 0.00304415
  430 429.5 7.0361 0.00305386
  431 430.5 7.05003 0.00305991
  432 431.5 7.05311 0.00306125
  433 432.5 7.07008 0.00306861
  434 433.5 7.0511 0.00306037
  435 434.5 7.06936 0.0030683
  436 435.5 7.07194 0.00306942
  437 436.5 7.07729 0.00307174
  438 437.5 7.07708 0.00307165
  439 438.5 7.08619 0.00307561
  440 439.5 7.08034 0.00307306
  441 440.5 7.07984 0.00307285
  442 441.5 7.09249 0.00307834
  443 442.5 7.07565 0.00307103
  444 443.5 7.06136 0.00306483
  445 444.5 7.07821 0.00307214
  446 445.5 7.08442 0.00307484
  447 446.5 7.10268 0.00308276
  448 447.5 7.12099 0.00309071
  449 448.5 7.15015 0.00310336
  450 449.5 7.17879 0.00311579
  451 450.5 7.1816 0.00311701
  452 451.5 7.18811 0.00311984
  453 452.5 7.18678 0.00311926
  454 453.5 7.20433 0.00312688
  455 454.5 7.19849 0.00312434
  456 455.5 7.19709 0.00312374
  457 456.5 7.18367 0.00311791
  458 457.5 7.17968 0.00311618
  459 458.5 7.1669 0.00311064
  460 459.5 7.18567 0.00311878
  461 460.5 7.21218 0.00313029
  462 461.5 7.2088 0.00312882
  463 462.5 7.19455 0.00312263
  464 463.5 7.20923 0.00312901
  465 464.5 7.19601 0.00312327
  466 465.5 7.15512 0.00310552
  467 466.5 7.11398 0.00308766
  468 467.5 7.07631 0.00307132
  469 468.5 7.01117 0.00304304
  470 469.5 6.95737 0.00301969
  471 470.5 6.89638 0.00299322
  472 471.5 6.85761 0.00297639
  473 472.5 6.78327 0.00294413
  474 473.5 6.67126 0.00289551
  475 474.5 6.55952 0.00284701
  476 475.5 6.46363 0.0028054
  477 476.5 6.32248 0.00274413
  478 477.5 6.13763 0.0026639
  479 478.5 5.92297 0.00257073
  480 479.5 5.72383 0.0024843
40000000 480 5923
  1 0.5 3.50347 0.00152061
  2 1.5 3.18453 0.00138218
  3 2.5 2.88184 0.0012508
  4 3.5 2.60287 0.00112972
  5 4.5 2.31912 0.00100656
  6 5.5 2.03425 0.000882921
  7 6.5 1.77675 0.000771157
  8 7.5 1.53502 0.000666242
  9 8.5 1.31935 0.000572633
  10 9.5 1.11888 0.000485624
  11 10.5 0.94091 0.000408381
  12 11.5 0.782422 0.000339593
  13 12.5 0.650168 0.000282191
  14 13.5 0.531074 0.000230501
  15 14.5 0.428486 0.000185975
  16 15.5 0.343616 0.000149139
  17 16.5 0.27148 0.00011783
  18 17.5 0.214426 9.30668e-05
  19 18.5 0.167516 7.27066e-05
  20 19.5 0.13354 5.79601e-05
  21 20.5 0.10612 4.6059e-05
  22 21.5 0.08854 3.84288e-05
  23 22.5 0.073262 3.17977e-05
  24 23.5 0.064934 2.81832e-05
  25 24.5 0.06091 2.64366e-05
  26 25.5 0.054254 2.35477e-05
  27 26.5 0.051196 2.22205e-05
  28 27.5 0.048668 2.11233e-05
  29 28.5 0.047214 2.04922e-05
  30 29.5 0.045374 1.96936e-05
  31 30.5 0.044292 1.9224e-05
  32 31.5 0.044762 1.9428e-05
  33 32.5 0.045058 1.95564e-05
  34 33.5 0.044534 1.9329e-05
  35 34.5 0.043806 1.9013e-05
  36 35.5 0.0439 1.90538e-05
  37 36.5 0.044938 1.95043e-05
  38 37.5 0.044758 1.94262e-05
  39 38.5 0.04402 1.91059e-05
  40 39.5 0.044184 1.91771e-05
  41 40.5 0.04447 1.93012e-05
  42 41.5 0.044228 1.91962e-05
  43 42.5 0.044792 1.9441e-05
  44 43.5 0.04488 1.94792e-05
  45 44.5 0.042444 1.84219e-05
  46 45.5 0.041878 1.81762e-05
  47 46.5 0.041612 1.80608e-05
  48 47.5 0.041834 1.81571e-05
  49 48.5 0.043454 1.88602e-05
  50 49.5 0.042094 1.827e-05
  51 50.5 0.041408 1.79722e-05
  52 51.5 0.042562 1.84731e-05
  53 52.5 0.044122 1.91502e-05
  54 53.5 0.042954 1.86432e-05
  55 54.5 0.042384 1.83958e-05
  56 55.5 0.04348 1.88715e-05
  57 56.5 0.043202 1.87509e-05
  58 57.5 0.04349 1.88759e-05
  59 58.5 0.044532 1.93281e-05
  60 59.5 0.04337 1.88238e-05
  61 60.5 0.043676 1.89566e-05
  62 61.5 0.043356 1.88177e-05
  63 62.5 0.042978 1.86536e-05
  64 63.5 0.042274 1.83481e-05
  65 64.5 0.041874 1.81745e-05
  66 65.5 0.041874 1.81745e-05
  67 66.5 0.042462 1.84297e-05
  68 67.5 0.04209 1.82682e-05
  69 68.5 0.04151 1.80165e-05
  70 69.5 0.042186 1.83099e-05
  71 70.5 0.041696 1.80972e-05
  72 71.5 0.042142 1.82908e-05
  73 72.5 0.040548 1.7599e-05
  74 73.5 0.04057 1.76085e-05
  75 74.5 0.040488 1.75729e-05
  76 75.5 0.040488 1.75729e-05
  77 76.5 0.041356 1.79497e-05
  78 77.5 0.041458 1.79939e-05
  79 78.5 0.040266 1.74766e-05
  80 79.5 0.040982 1.77873e-05
  81 80.5 0.04133 1.79384e-05
  82 81.5 0.042748 1.85538e-05
  83 82.5 0.040988 1.77899e-05
  84 83.5 0.041924 1.81962e-05
  85 84.5 0.041854 1.81658e-05
  86 85.5 0.042136 1.82882e-05
  87 86.5 0.040718 1.76727e-05
  88 87.5 0.042364 1.83872e-05
  89 88.5 0.04151 1.80165e-05
  90 89.5 0.04017 1.74349e-05
  91 90.5 0.040546 1.75981e-05
  92 91.5 0.041736 1.81146e-05
  93 92.5 0.04216 1.82986e-05
  94 93.5 0.042118 1.82804e-05
  95 94.5 0.042616 1.84965e-05
  96 95.5 0.042176 1.83056e-05
  97 96.5 0.042158 1.82977e-05
  98 97.5 0.04327 1.87804e-05
  99 98.5 0.04295 1.86415e-05
  100 99.5 0.04342 1.88455e-05
  101 100.5 0.042748 1.85538e-05
  102 101.5 0.041546 1.80321e-05
  103 102.5 0.042674 1.85217e-05
  104 103.5 0.04177 1.81293e-05
  105 104.5 0.041868 1.81719e-05
  106 105.5 0.041432 1.79826e-05
  107 106.5 0.041304 1.79271e-05
  108 107.5 0.04214 1.82899e-05
  109 108.5 0.040072 1.73924e-05
  110 109.5 0.040906 1.77543e-05
  111 110.5 0.041104 1.78403e-05
  112 111.5 0.039994 1.73585e-05
  113 112.5 0.041454 1.79922e-05
  114 113.5 0.040114 1.74106e-05
  115 114.5 0.040116 1.74115e-05
  116 115.5 0.04043 1.75477e-05
  117 116.5 0.041834 1.81571e-05
  118 117.5 0.042444 1.84219e-05
  119 118.5 0.04217 1.8303e-05
  120 119.5 0.042406 1.84054e-05
  121 120.5 0.042588 1.84844e-05
  122 121.5 0.04172 1.81076e-05
  123 122.5 0.041558 1.80373e-05
  124 123.5 0.042744 1.85521e-05
  125 124.5 0.04225 1.83377e-05
  126 125.5 0.042096 1.82708e-05
  127 126.5 0.04191 1.81901e-05
  128 127.5 0.042806 1.8579e-05
  129 128.5 0.043112 1.87118e-05
  130 129.5 0.043468 1.88663e-05
  131 130.5 0.04433 1.92405e-05
  132 131.5 0.04287 1.86068e-05
  133 132.5 0.042818 1.85842e-05
  134 133.5 0.04369 1.89627e-05
  135 134.5 0.043212 1.87552e-05
  136 135.5 0.043044 1.86823e-05
  137 136.5 0.042182 1.83082e-05
  138 137.5 0.043056 1.86875e-05
  139 138.5 0.042386 1.83967e-05
  140 139.5 0.043828 1.90226e-05
  141 140.5 0.04386 1.90365e-05
  142 141.5 0.044638 1.93741e-05
  143 142.5 0.043664 1.89514e-05
  144 143.5 0.042684 1.8526e-05
  145 144.5 0.045244 1.96372e-05
  146 145.5 0.045466 1.97335e-05
  147 146.5 0.047036 2.04149e-05
  148 147.5 0.047586 2.06536e-05
  149 148.5 0.047496 2.06146e-05
  150 149.5 0.047986 2.08273e-05
  151 150.5 0.05104 2.21528e-05
  152 151.5 0.05399 2.34332e-05
  153 152.5 0.05911 2.56554e-05
  154 153.5 0.066302 2.87769e-05
  155 154.5 0.07744 3.36111e-05
  156 155.5 0.094424 4.09826e-05
  157 156.5 0.111856 4.85486e-05
  158 157.5 0.141178 6.12752e-05
  159 158.5 0.18437 8.00217e-05
  160 159.5 0.24086 0.00010454
  161 160.5 0.311414 0.000135162
  162 161.5 0.404366 0.000175506
  163 162.5 0.519266 0.000225376
  164 163.5 0.660452 0.000286655
  165 164.5 0.818898 0.000355424
  166 165.5 0.986956 0.000428366
  167 166.5 1.18109 0.000512628
  168 167.5 1.39913 0.000607262
  169 168.5 1.64174 0.00071256
  170 169.5 1.88683 0.000818938
  171 170.5 2.13116 0.000924982
  172 171.5 2.39321 0.00103872
  173 172.5 2.66096 0.00115493
  174 173.5 2.94349 0.00127756
  175 174.5 3.22623 0.00140027
  176 175.5 3.51726 0.00152659
  177 176.5 3.82869 0.00166176
  178 177.5 4.13955 0.00179668
  179 178.5 4.42669 0.00192131
  180 179.5 4.69425 0.00203744
  181 180.5 4.96079 0.00215312
  182 181.5 5.23628 0.00227269
  183 182.5 5.50449 0.0023891
  184 183.5 5.76396 0.00250172
  185 184.5 6.02983 0.00261711
  186 185.5 6.30456 0.00273636
  187 186.5 6.57422 0.00285339
  188 187.5 6.84768 0.00297208
  189 188.5 7.09623 0.00307996
  190 189.5 7.39138 0.00320806
  191 190.5 7.71716 0.00334946
  192 191.5 8.03719 0.00348836
  193 192.5 8.35541 0.00362648
  194 193.5 8.76807 0.00380559
  195 194.5 9.24384 0.00401208
  196 195.5 9.71523 0.00421668
  197 196.5 10.2652 0.00445538
  198 197.5 10.9024 0.00473195
  199 198.5 11.5984 0.00503403
  200 199.5 12.3157 0.00534536
  201 200.5 13.0893 0.00568113
  202 201.5 13.9868 0.00607066
  203 202.5 14.8691 0.00645361
  204 203.5 15.7686 0.00684403
  205 204.5 16.7608 0.00727466
  206 205.5 17.8029 0.00772697
  207 206.5 18.8288 0.00817223
  208 207.5 19.778 0.00858422
  209 208.5 20.7683 0.00901402
  210 209.5 21.7178 0.00942613
  211 210.5 22.5691 0.00979563
  212 211.5 23.3955 0.0101543
  213 212.5 24.2038 0.0105051
  214 213.5 24.9024 0.0108083
  215 214.5 25.5372 0.0110839
  216 215.5 26.1796 0.0113627
  217 216.5 26.778 0.0116224
  218 217.5 27.2705 0.0118362
  219 218.5 27.7362 0.0120383
  220 219.5 28.1408 0.0122139
  221 220.5 28.4521 0.012349
  222 221.5 28.7711 0.0124875
  223 222.5 28.9888 0.0125819
  224 223.5 29.2235 0.0126838
  225 224.5 29.3828 0.012753
  226 225.5 29.5696 0.012834
  227 226.5 29.6309 0.0128606
  228 227.5 29.7848 0.0129274
  229 228.5 29.896 0.0129757
  230 229.5 29.931 0.0129909
  231 230.5 30.0288 0.0130333
  232 231.5 30.054 0.0130443
  233 232.5 30.0662 0.0130495
  234 233.5 30.0841 0.0130574
  235 234.5 30.0735 0.0130527
  236 235.5 30.0485 0.0130419
  237 236.5 30.0587 0.0130463
  238 237.5 30.006 0.0130234
  239 238.5 29.9759 0.0130104
  240 239.5 29.9582 0.0130027
  241 240.5 29.9417 0.0129955
  242 241.5 29.896 0.0129757
  243 242.5 29.859 0.0129597
  244 243.5 29.803 0.0129353
  245 244.5 29.8016 0.0129347
  246 245.5 29.6893 0.012886
  247 246.5 29.7283 0.0129029
  248 247.5 29.6804 0.0128821
  249 248.5 29.5608 0.0128302
  250 249.5 29.5851 0.0128407
  251 250.5 29.6143 0.0128534
  252 251.5 29.4812 0.0127957
  253 252.5 29.4755 0.0127932
  254 253.5 29.5029 0.0128051
  255 254.5 29.408 0.0127639
  256 255.5 29.2926 0.0127138
  257 256.5 29.3205 0.0127259
  258 257.5 29.2481 0.0126945
  259 258.5 29.2129 0.0126792
  260 259.5 29.2185 0.0126816
  261 260.5 29.2267 0.0126852
  262 261.5 29.1795 0.0126647
  263 262.5 29.2064 0.0126764
  264 263.5 29.2058 0.0126761
  265 264.5 29.1997 0.0126735
  266 265.5 29.1704 0.0126607
  267 266.5 29.156 0.0126545
  268 267.5 29.241 0.0126914
  269 268.5 29.224 0.012684
  270 269.5 29.2314 0.0126872
  271 270.5 29.2171 0.012681
  272 271.5 29.2884 0.012712
  273 272.5 29.3138 0.012723
  274 273.5 29.2829 0.0127096
  275 274.5 29.2742 0.0127058
  276 275.5 29.3138 0.012723
  277 276.5 29.3389 0.0127339
  278 277.5 29.3007 0.0127173
  279 278.5 29.3023 0.012718
  280 279.5 29.3261 0.0127283
  281 280.5 29.3385 0.0127337
  282 281.5 29.3096 0.0127212
  283 282.5 29.3207 0.012726
  284 283.5 29.3292 0.0127297
  285 284.5 29.3375 0.0127333
  286 285.5 29.3279 0.0127291
  287 286.5 29.3404 0.0127346
  288 287.5 29.338 0.0127335
  289 288.5 29.3351 0.0127322
  290 289.5 29.3174 0.0127245
  291 290.5 29.3549 0.0127408
  292 291.5 29.3883 0.0127553
  293 292.5 29.3621 0.012744
  294 293.5 29.3051 0.0127192
  295 294.5 29.3867 0.0127547
  296 295.5 29.3901 0.0127561
  297 296.5 29.3877 0.0127551
  298 297.5 29.4555 0.0127845
  299 298.5 29.4726 0.0127919
  300 299.5 29.4612 0.012787
  301 300.5 29.5043 0.0128057
  302 301.5 29.4942 0.0128013
  303 302.5 29.4883 0.0127988
  304 303.5 29.4827 0.0127963
  305 304.5 29.4621 0.0127874
  306 305.5 29.4432 0.0127791
  307 306.5 29.4339 0.0127751
  308 307.5 29.4497 0.012782
  309 308.5 29.4295 0.0127732
  310 309.5 29.4218 0.0127699
  311 310.5 29.4829 0.0127964
  312 311.5 29.5129 0.0128094
  313 312.5 29.5219 0.0128133
  314 313.5 29.5031 0.0128052
  315 314.5 29.4913 0.0128
  316 315.5 29.5122 0.0128091
  317 316.5 29.4754 0.0127931
  318 317.5 29.4846 0.0127971
  319 318.5 29.4758 0.0127933
  320 319.5 29.494 0.0128012
  321 320.5 29.4973 0.0128026
  322 321.5 29.4817 0.0127959
  323 322.5 29.5385 0.0128205
  324 323.5 29.5902 0.012843
  325 324.5 29.6214 0.0128565
  326 325.5 29.6326 0.0128614
  327 326.5 29.6855 0.0128843
  328 327.5 29.71 0.0128949
  329 328.5 29.7246 0.0129013
  330 329.5 29.811 0.0129388
  331 330.5 29.8256 0.0129451
  332 331.5 29.7758 0.0129235
  333 332.5 29.7924 0.0129307
  334 333.5 29.8617 0.0129608
  335 334.5 29.9048 0.0129795
  336 335.5 29.9176 0.0129851
  337 336.5 29.8888 0.0129726
  338 337.5 29.9479 0.0129982
  339 338.5 29.9704 0.013008
  340 339.5 29.9199 0.0129861
  341 340.5 29.9578 0.0130025
  342 341.5 29.9798 0.0130121
  343 342.5 29.9414 0.0129954
  344 343.5 29.9499 0.0129991
  345 344.5 29.9915 0.0130171
  346 345.5 29.9089 0.0129813
  347 346.5 29.9007 0.0129777
  348 347.5 29.9518 0.0129999
  349 348.5 29.9411 0.0129953
  350 349.5 29.8719 0.0129652
  351 350.5 29.8874 0.012972
  352 351.5 29.8157 0.0129408
  353 352.5 29.7126 0.0128961
  354 353.5 29.5953 0.0128452
  355 354.5 29.5146 0.0128102
  356 355.5 29.3069 0.01272
  357 356.5 29.1115 0.0126352
  358 357.5 28.8512 0.0125222
  359 358.5 28.5443 0.012389
  360 359.5 28.1738 0.0122282
  361 360.5 27.8085 0.0120697
  362 361.5 27.4251 0.0119032
  363 362.5 26.9393 0.0116924
  364 363.5 26.3677 0.0114443
  365 364.5 25.8517 0.0112204
  366 365.5 25.1486 0.0109152
  367 366.5 24.4152 0.0105969
  368 367.5 23.6515 0.0102654
  369 368.5 22.7976 0.00989479
  370 369.5 21.889 0.00950042
  371 370.5 20.9915 0.00911091
  372 371.5 20.0066 0.00868343
  373 372.5 18.9777 0.00823683
  374 373.5 17.9669 0.00779812
  375 374.5 16.9298 0.007348
  376 375.5 15.9511 0.0069232
  377 376.5 14.997 0.0065091
  378 377.5 14.1371 0.00613591
  379 378.5 13.3364 0.00578838
  380 379.5 12.5597 0.00545125
  381 380.5 11.8924 0.00516161
  382 381.5 11.314 0.00491058
  383 382.5 10.7673 0.00467331
  384 383.5 10.2348 0.0044422
  385 384.5 9.81942 0.0042619
  386 385.5 9.46495 0.00410805
  387 386.5 9.14202 0.00396789
  388 387.5 8.86136 0.00384608
  389 388.5 8.63816 0.0037492
  390 389.5 8.43757 0.00366214
  391 390.5 8.25902 0.00358465
  392 391.5 8.05483 0.00349602
  393 392.5 7.9292 0.00344149
  394 393.5 7.81315 0.00339113
  395 394.5 7.6771 0.00333208
  396 395.5 7.56466 0.00328327
  397 396.5 7.46906 0.00324178
  398 397.5 7.41072 0.00321646
  399 398.5 7.35743 0.00319333
  400 399.5 7.26073 0.00315136
  401 400.5 7.17843 0.00311564
  402 401.5 7.1522 0.00310425
  403 402.5 7.09547 0.00307963
  404 403.5 7.02416 0.00304868
  405 404.5 6.99295 0.00303513
  406 405.5 6.97566 0.00302763
  407 406.5 6.94756 0.00301543
  408 407.5 6.90466 0.00299682
  409 408.5 6.88712 0.0029892
  410 409.5 6.88794 0.00298956
  411 410.5 6.86447 0.00297937
  412 411.5 6.87196 0.00298262
  413 412.5 6.84875 0.00297255
  414 413.5 6.85634 0.00297584
  415 414.5 6.80495 0.00295354
  416 415.5 6.79478 0.00294912
  417 416.5 6.78208 0.00294361
  418 417.5 6.80485 0.00295349
  419 418.5 6.77776 0.00294174
  420 419.5 6.77411 0.00294015
  421 420.5 6.77895 0.00294225
  422 421.5 6.75774 0.00293305
  423 422.5 6.7406 0.00292561
  424 423.5 6.72016 0.00291674
  425 424.5 6.73527 0.00292329
  426 425.5 6.70817 0.00291153
  427 426.5 6.67645 0.00289776
  428 427.5 6.65293 0.00288756
  429 428.5 6.66261 0.00289176
  430 429.5 6.67941 0.00289905
  431 430.5 6.67459 0.00289696
  432 431.5 6.67592 0.00289753
  433 432.5 6.70349 0.0029095
  434 433.5 6.70027 0.0029081
  435 434.5 6.68893 0.00290318
  436 435.5 6.7068 0.00291094
  437 436.5 6.70974 0.00291222
  438 437.5 6.73457 0.00292299
  439 438.5 6.73924 0.00292502
  440 439.5 6.74213 0.00292627
  441 440.5 6.76673 0.00293695
  442 441.5 6.83884 0.00296825
  443 442.5 6.87178 0.00298255
  444 443.5 6.911 0.00299957
  445 444.5 6.96302 0.00302215
  446 445.5 6.99359 0.00303541
  447 446.5 7.00213 0.00303912
  448 447.5 7.0096 0.00304236
  449 448.5 7.04098 0.00305598
  450 449.5 7.05137 0.00306049
  451 450.5 7.08334 0.00307437
  452 451.5 7.09586 0.0030798
  453 452.5 7.12478 0.00309235
  454 453.5 7.1324 0.00309566
  455 454.5 7.11871 0.00308972
  456 455.5 7.12113 0.00309077
  457 456.5 7.09754 0.00308053
  458 457.5 7.07057 0.00306882
  459 458.5 7.05367 0.00306149
  460 459.5 7.00474 0.00304025
  461 460.5 6.93982 0.00301207
  462 461.5 6.88475 0.00298817
  463 462.5 6.84036 0.00296891
  464 463.5 6.81713 0.00295882
  465 464.5 6.73891 0.00292488
  466 465.5 6.6502 0.00288637
  467 466.5 6.53697 0.00283722
  468 467.5 6.4391 0.00279475
  469 468.5 6.32363 0.00274463
  470 469.5 6.19607 0.00268926
  471 470.5 6.01817 0.00261205
  472 471.5 5.84087 0.0025351
  473 472.5 5.66096 0.00245702
  474 473.5 5.43333 0.00235821
  475 474.5 5.19828 0.0022562
  476 475.5 4.96451 0.00215473
  477 476.5 4.70624 0.00204264
  478 477.5 4.41976 0.0019183
  479 478.5 4.10842 0.00178317
  480 479.5 3.80456 0.00165128
50000000 480 5923
  1 0.5 1.84258 0.000799732
  2 1.5 1.57148 0.000682068
  3 2.5 1.3161 0.000571224
  4 3.5 1.08845 0.000472418
  5 4.5 0.889956 0.000386266
  6 5.5 0.71898 0.000312057
  7 6.5 0.566484 0.00024587
  8 7.5 0.433726 0.000188249
  9 8.5 0.333844 0.000144898
  10 9.5 0.257898 0.000111935
  11 10.5 0.197658 8.57891e-05
  12 11.5 0.154864 6.72153e-05
  13 12.5 0.122426 5.31363e-05
  14 13.5 0.101022 4.38464e-05
  15 14.5 0.084464 3.66597e-05
  16 15.5 0.072112 3.12986e-05
  17 16.5 0.066576 2.88958e-05
  18 17.5 0.061 2.64757e-05
  19 18.5 0.055678 2.41658e-05
  20 19.5 0.052528 2.27986e-05
  21 20.5 0.05033 2.18446e-05
  22 21.5 0.049054 2.12908e-05
  23 22.5 0.04809 2.08724e-05
  24 23.5 0.048094 2.08741e-05
  25 24.5 0.047984 2.08264e-05
  26 25.5 0.046756 2.02934e-05
  27 26.5 0.046146 2.00286e-05
  28 27.5 0.045962 1.99488e-05
  29 28.5 0.045766 1.98637e-05
  30 29.5 0.045422 1.97144e-05
  31 30.5 0.045034 1.9546e-05
  32 31.5 0.044176 1.91736e-05
  33 32.5 0.04335 1.88151e-05
  34 33.5 0.043096 1.87049e-05
  35 34.5 0.043496 1.88785e-05
  36 35.5 0.04429 1.92231e-05
  37 36.5 0.044804 1.94462e-05
  38 37.5 0.044386 1.92648e-05
  39 38.5 0.045304 1.96632e-05
  40 39.5 0.04431 1.92318e-05
  41 40.5 0.043916 1.90608e-05
  42 41.5 0.04531 1.96658e-05
  43 42.5 0.04504 1.95486e-05
  44 43.5 0.043832 1.90243e-05
  45 44.5 0.044638 1.93741e-05
  46 45.5 0.044764 1.94288e-05
  47 46.5 0.043744 1.89861e-05
  48 47.5 0.043876 1.90434e-05
  49 48.5 0.044468 1.93003e-05
  50 49.5 0.043834 1.90252e-05
  51 50.5 0.045364 1.96892e-05
  52 51.5 0.045322 1.9671e-05
  53 52.5 0.046052 1.99878e-05
  54 53.5 0.0436 1.89236e-05
  55 54.5 0.042912 1.8625e-05
  56 55.5 0.04493 1.95009e-05
  57 56.5 0.043466 1.88655e-05
  58 57.5 0.043118 1.87144e-05
  59 58.5 0.043404 1.88385e-05
  60 59.5 0.044684 1.93941e-05
  61 60.5 0.043416 1.88438e-05
  62 61.5 0.043444 1.88559e-05
  63 62.5 0.042372 1.83906e-05
  64 63.5 0.043068 1.86927e-05
  65 64.5 0.041646 1.80755e-05
  66 65.5 0.042206 1.83186e-05
  67 66.5 0.042108 1.8276e-05
  68 67.5 0.04101 1.77995e-05
  69 68.5 0.040042 1.73793e-05
  70 69.5 0.041586 1.80495e-05
  71 70.5 0.04228 1.83507e-05
  72 71.5 0.042 1.82292e-05
  73 72.5 0.043616 1.89306e-05
  74 73.5 0.04462 1.93663e-05
  75 74.5 0.042696 1.85312e-05
  76 75.5 0.043268 1.87795e-05
  77 76.5 0.042884 1.86128e-05
  78 77.5 0.043316 1.88003e-05
  79 78.5 0.043696 1.89653e-05
  80 79.5 0.044686 1.9395e-05
  81 80.5 0.04386 1.90365e-05
  82 81.5 0.042994 1.86606e-05
  83 82.5 0.04268 1.85243e-05
  84 83.5 0.042966 1.86484e-05
  85 84.5 0.043452 1.88594e-05
  86 85.5 0.043718 1.89748e-05
  87 86.5 0.044066 1.91259e-05
  88 87.5 0.04404 1.91146e-05
  89 88.5 0.044248 1.92049e-05
  90 89.5 0.045176 1.96076e-05
  91 90.5 0.04369 1.89627e-05
  92 91.5 0.043984 1.90903e-05
  93 92.5 0.043804 1.90122e-05
  94 93.5 0.044454 1.92943e-05
  95 94.5 0.04479 1.94401e-05
  96 95.5 0.04374 1.89844e-05
  97 96.5 0.043472 1.88681e-05
  98 97.5 0.042664 1.85174e-05
  99 98.5 0.042804 1.85781e-05
  100 99.5 0.044986 1.95252e-05
  101 100.5 0.045022 1.95408e-05
  102 101.5 0.04503 1.95443e-05
  103 102.5 0.044238 1.92005e-05
  104 103.5 0.044846 1.94644e-05
  105 104.5 0.044144 1.91597e-05
  106 105.5 0.043302 1.87943e-05
  107 106.5 0.04311 1.87109e-05
  108 107.5 0.042682 1.85252e-05
  109 108.5 0.041918 1.81936e-05
  110 109.5 0.040434 1.75495e-05
  111 110.5 0.04205 1.82509e-05
  112 111.5 0.042068 1.82587e-05
  113 112.5 0.041112 1.78438e-05
  114 113.5 0.040394 1.75321e-05
  115 114.5 0.040562 1.7605e-05
  116 115.5 0.040758 1.76901e-05
  117 116.5 0.040938 1.77682e-05
  118 117.5 0.041984 1.82222e-05
  119 118.5 0.042786 1.85703e-05
  120 119.5 0.041832 1.81563e-05
  121 120.5 0.04102 1.78038e-05
  122 121.5 0.040152 1.74271e-05
  123 122.5 0.04089 1.77474e-05
  124 123.5 0.040518 1.75859e-05
  125 124.5 0.042086 1.82665e-05
  126 125.5 0.04221 1.83203e-05
  127 126.5 0.041156 1.78628e-05
  128 127.5 0.041276 1.79149e-05
  129 128.5 0.041808 1.81458e-05
  130 129.5 0.041034 1.78099e-05
  131 130.5 0.041652 1.80781e-05
  132 131.5 0.04107 1.78255e-05
  133 132.5 0.040622 1.76311e-05
  134 133.5 0.040772 1.76962e-05
  135 134.5 0.041504 1.80139e-05
  136 135.5 0.041816 1.81493e-05
  137 136.5 0.043314 1.87995e-05
  138 137.5 0.043688 1.89618e-05
  139 138.5 0.043292 1.87899e-05
  140 139.5 0.04228 1.83507e-05
  141 140.5 0.04381 1.90148e-05
  142 141.5 0.0432 1.875e-05
  143 142.5 0.04361 1.8928e-05
  144 143.5 0.044938 1.95043e-05
  145 144.5 0.045656 1.9816e-05
  146 145.5 0.047166 2.04714e-05
  147 146.5 0.049678 2.15616e-05
  148 147.5 0.051552 2.2375e-05
  149 148.5 0.056126 2.43602e-05
  150 149.5 0.06386 2.7717e-05
  151 150.5 0.073312 3.18194e-05
  152 151.5 0.087306 3.78932e-05
  153 152.5 0.1067 4.63108e-05
  154 153.5 0.135938 5.90009e-05
  155 154.5 0.168608 7.31806e-05
  156 155.5 0.218964 9.50365e-05
  157 156.5 0.283798 0.000123176
  158 157.5 0.367152 0.000159354
  159 158.5 0.469516 0.000203783
  160 159.5 0.59786 0.000259488
  161 160.5 0.757606 0.000328822
  162 161.5 0.942714 0.000409164
  163 162.5 1.15592 0.000501703
  164 163.5 1.39827 0.000606887
  165 164.5 1.66197 0.000721342
  166 165.5 1.95733 0.000849534
  167 166.5 2.27677 0.000988183
  168 167.5 2.59091 0.00112453
  169 168.5 2.91246 0.00126409
  170 169.5 3.2589 0.00141445
  171 170.5 3.62138 0.00157178
  172 171.5 3.9489 0.00171393
  173 172.5 4.27916 0.00185728
  174 173.5 4.5833 0.00198928
  175 174.5 4.86938 0.00211345
  176 175.5 5.14551 0.0022333
  177 176.5 5.40091 0.00234415
  178 177.5 5.62053 0.00243946
  179 178.5 5.81985 0.00252598
  180 179.5 6.00558 0.00260659
  181 180.5 6.21014 0.00269537
  182 181.5 6.38308 0.00277044
  183 182.5 6.52869 0.00283363
  184 183.5 6.67911 0.00289892
  185 184.5 6.83763 0.00296772
  186 185.5 6.98949 0.00303363
  187 186.5 7.13269 0.00309579
  188 187.5 7.27236 0.00315641
  189 188.5 7.41976 0.00322038
  190 189.5 7.58487 0.00329205
  191 190.5 7.75666 0.00336661
  192 191.5 7.93975 0.00344607
  193 192.5 8.15262 0.00353846
  194 193.5 8.39193 0.00364233
  195 194.5 8.64077 0.00375033
  196 195.5 8.89997 0.00386283
  197 196.5 9.18691 0.00398737
  198 197.5 9.58783 0.00416139
  199 198.5 9.94923 0.00431824
  200 199.5 10.3567 0.00449509
  201 200.5 10.838 0.00470399
  202 201.5 11.3759 0.00493746
  203 202.5 11.9252 0.00517587
  204 203.5 12.5572 0.00545018
  205 204.5 13.2631 0.00575655
  206 205.5 14.0228 0.00608627
  207 206.5 14.825 0.00643445
  208 207.5 15.6935 0.0068114
  209 208.5 16.5957 0.00720299
  210 209.5 17.5188 0.00760365
  211 210.5 18.4693 0.0080162
  212 211.5 19.4406 0.00843776
  213 212.5 20.4628 0.00888142
  214 213.5 21.3637 0.00927244
  215 214.5 22.2864 0.0096729
  216 215.5 23.1574 0.010051
  217 216.5 23.9725 0.0104047
  218 217.5 24.7305 0.0107337
  219 218.5 25.5291 0.0110803
  220 219.5 26.2409 0.0113893
  221 220.5 26.7829 0.0116245
  222 221.5 27.3494 0.0118704
  223 222.5 27.8502 0.0120878
  224 223.5 28.1769 0.0122295
  225 224.5 28.5122 0.0123751
  226 225.5 28.9324 0.0125575
  227 226.5 29.1981 0.0126728
  228 227.5 29.3623 0.012744
  229 228.5 29.5911 0.0128433
  230 229.5 29.847 0.0129544
  231 230.5 29.9728 0.013009
  232 231.5 30.0623 0.0130479
  233 232.5 30.2638 0.0131353
  234 233.5 30.3257 0.0131622
  235 234.5 30.3203 0.0131599
  236 235.5 30.446 0.0132144
  237 236.5 30.5424 0.0132562
  238 237.5 30.5276 0.0132498
  239 238.5 30.5594 0.0132636
  240 239.5 30.653 0.0133043
  241 240.5 30.6494 0.0133027
  242 241.5 30.6336 0.0132958
  243 242.5 30.6628 0.0133085
  244 243.5 30.692 0.0133212
  245 244.5 30.6722 0.0133126
  246 245.5 30.6629 0.0133086
  247 246.5 30.6658 0.0133098
  248 247.5 30.654 0.0133047
  249 248.5 30.6063 0.013284
  250 249.5 30.6563 0.0133057
  251 250.5 30.6231 0.0132913
  252 251.5 30.6219 0.0132908
  253 252.5 30.5335 0.0132524
  254 253.5 30.5163 0.0132449
  255 254.5 30.4028 0.0131957
  256 255.5 30.3828 0.013187
  257 256.5 30.3384 0.0131677
  258 257.5 30.3095 0.0131552
  259 258.5 30.2693 0.0131377
  260 259.5 30.2292 0.0131203
  261 260.5 30.2259 0.0131189
  262 261.5 30.2195 0.0131161
  263 262.5 30.1796 0.0130988
  264 263.5 30.1493 0.0130856
  265 264.5 30.0886 0.0130593
  266 265.5 30.0727 0.0130524
  267 266.5 30.067 0.0130499
  268 267.5 30.0598 0.0130468
  269 268.5 30.0307 0.0130342
  270 269.5 30.0117 0.0130259
  271 270.5 30.0096 0.013025
  272 271.5 29.9565 0.013002
  273 272.5 29.9589 0.013003
  274 273.5 29.9575 0.0130024
  275 274.5 29.9853 0.0130144
  276 275.5 29.9555 0.0130015
  277 276.5 29.9587 0.0130029
  278 277.5 30.0366 0.0130367
  279 278.5 30.0156 0.0130276
  280 279.5 30.0617 0.0130476
  281 280.5 30.0939 0.0130616
  282 281.5 30.1507 0.0130862
  283 282.5 30.0948 0.013062
  284 283.5 30.1625 0.0130914
  285 284.5 30.2445 0.013127
  286 285.5 30.1578 0.0130893
  287 286.5 30.1764 0.0130974
  288 287.5 30.2352 0.0131229
  289 288.5 30.2869 0.0131453
  290 289.5 30.1928 0.0131045
  291 290.5 30.2584 0.013133
  292 291.5 30.2828 0.0131436
  293 292.5 30.3408 0.0131687
  294 293.5 30.3422 0.0131694
  295 294.5 30.4309 0.0132078
  296 295.5 30.4588 0.0132199
  297 296.5 30.4723 0.0132258
  298 297.5 30.5094 0.0132419
  299 298.5 30.5548 0.0132616
  300 299.5 30.5495 0.0132593
  301 300.5 30.5622 0.0132648
  302 301.5 30.6361 0.0132969
  303 302.5 30.5861 0.0132752
  304 303.5 30.579 0.0132721
  305 304.5 30.5953 0.0132792
  306 305.5 30.53 0.0132509
  307 306.5 30.5472 0.0132584
  308 307.5 30.5422 0.0132562
  309 308.5 30.5804 0.0132728
  310 309.5 30.5708 0.0132686
  311 310.5 30.6081 0.0132848
  312 311.5 30.5805 0.0132728
  313 312.5 30.5969 0.0132799
  314 313.5 30.6061 0.0132839
  315 314.5 30.619 0.0132895
  316 315.5 30.6292 0.0132939
  317 316.5 30.5407 0.0132555
  318 317.5 30.5598 0.0132638
  319 318.5 30.5545 0.0132615
  320 319.5 30.5768 0.0132712
  321 320.5 30.465 0.0132227
  322 321.5 30.5491 0.0132592
  323 322.5 30.5413 0.0132558
  324 323.5 30.4793 0.0132289
  325 324.5 30.4484 0.0132154
  326 325.5 30.4693 0.0132245
  327 326.5 30.4352 0.0132097
  328 327.5 30.4871 0.0132323
  329 328.5 30.4859 0.0132317
  330 329.5 30.4903 0.0132336
  331 330.5 30.5174 0.0132454
  332 331.5 30.6043 0.0132831
  333 332.5 30.5852 0.0132748
  334 333.5 30.6661 0.0133099
  335 334.5 30.7003 0.0133248
  336 335.5 30.7117 0.0133298
  337 336.5 30.6974 0.0133235
  338 337.5 30.7329 0.0133389
  339 338.5 30.8016 0.0133687
  340 339.5 30.7161 0.0133317
  341 340.5 30.7508 0.0133467
  342 341.5 30.6861 0.0133186
  343 342.5 30.6886 0.0133197
  344 343.5 30.5741 0.01327
  345 344.5 30.5553 0.0132618
  346 345.5 30.4356 0.0132099
  347 346.5 30.348 0.0131719
  348 347.5 30.3103 0.0131555
  349 348.5 30.245 0.0131272
  350 349.5 30.1561 0.0130886
  351 350.5 30.0225 0.0130306
  352 351.5 29.9358 0.012993
  353 352.5 29.7891 0.0129293
  354 353.5 29.6028 0.0128485
  355 354.5 29.4173 0.0127679
  356 355.5 29.2281 0.0126858
  357 356.5 28.9587 0.0125689
  358 357.5 28.6988 0.0124561
  359 358.5 28.471 0.0123572
  360 359.5 28.1473 0.0122167
  361 360.5 27.7842 0.0120591
  362 361.5 27.3844 0.0118856
  363 362.5 26.9307 0.0116887
  364 363.5 26.3781 0.0114488
  365 364.5 25.8249 0.0112087
  366 365.5 25.1737 0.0109261
  367 366.5 24.4694 0.0106204
  368 367.5 23.7142 0.0102926
  369 368.5 22.8697 0.0099261
  370 369.5 21.9932 0.00954566
  371 370.5 21.1404 0.00917553
  372 371.5 20.1921 0.00876394
  373 372.5 19.2352 0.00834861
  374 373.5 18.2416 0.00791736
  375 374.5 17.3163 0.00751575
  376 375.5 16.3821 0.00711029
  377 376.5 15.4516 0.00670644
  378 377.5 14.5304 0.00630661
  379 378.5 13.6961 0.00594448
  380 379.5 12.8764 0.0055887
  381 380.5 12.1151 0.00525828
  382 381.5 11.4236 0.00495814
  383 382.5 10.8141 0.00469363
  384 383.5 10.2594 0.00445287
  385 384.5 9.75535 0.00423409
  386 385.5 9.32466 0.00404716
  387 386.5 8.91276 0.00386839
  388 387.5 8.61206 0.00373787
  389 388.5 8.35363 0.00362571
  390 389.5 8.12709 0.00352738
  391 390.5 7.9246 0.0034395
  392 391.5 7.76237 0.00336908
  393 392.5 7.63019 0.00331172
  394 393.5 7.501 0.00325564
  395 394.5 7.40239 0.00321284
  396 395.5 7.32648 0.00317989
  397 396.5 7.25531 0.003149
  398 397.5 7.18128 0.00311687
  399 398.5 7.15496 0.00310545
  400 399.5 7.12844 0.00309394
  401 400.5 7.10691 0.0030846
  402 401.5 7.03886 0.00305506
  403 402.5 6.99932 0.0030379
  404 403.5 6.96947 0.00302494
  405 404.5 6.92979 0.00300772
  406 405.5 6.9252 0.00300573
  407 406.5 6.94524 0.00301443
  408 407.5 6.9036 0.00299635
  409 408.5 6.87147 0.00298241
  410 409.5 6.88542 0.00298847
  411 410.5 6.879 0.00298568
  412 411.5 6.88012 0.00298616
  413 412.5 6.86143 0.00297805
  414 413.5 6.83931 0.00296845
  415 414.5 6.80323 0.00295279
  416 415.5 6.81781 0.00295912
  417 416.5 6.80958 0.00295555
  418 417.5 6.79387 0.00294873
  419 418.5 6.79873 0.00295084
  420 419.5 6.82671 0.00296298
  421 420.5 6.81222 0.00295669
  422 421.5 6.79844 0.00295071
  423 422.5 6.80678 0.00295433
  424 423.5 6.78529 0.002945
  425 424.5 6.76795 0.00293748
  426 425.5 6.73215 0.00292194
  427 426.5 6.71701 0.00291537
  428 427.5 6.71026 0.00291244
  429 428.5 6.69561 0.00290608
  430 429.5 6.69526 0.00290593
  431 430.5 6.7158 0.00291484
  432 431.5 6.70272 0.00290917
  433 432.5 6.70626 0.0029107
  434 433.5 6.68385 0.00290098
  435 434.5 6.67017 0.00289504
  436 435.5 6.66145 0.00289126
  437 436.5 6.67021 0.00289506
  438 437.5 6.63505 0.0028798
  439 438.5 6.6185 0.00287261
  440 439.5 6.60035 0.00286474
  441 440.5 6.57943 0.00285566
  442 441.5 6.58211 0.00285682
  443 442.5 6.593 0.00286154
  444 443.5 6.58744 0.00285913
  445 444.5 6.57622 0.00285426
  446 445.5 6.57958 0.00285572
  447 446.5 6.58911 0.00285986
  448 447.5 6.60606 0.00286721
  449 448.5 6.60407 0.00286635
  450 449.5 6.5993 0.00286428
  451 450.5 6.57602 0.00285417
  452 451.5 6.55511 0.0028451
  453 452.5 6.52695 0.00283288
  454 453.5 6.50685 0.00282415
  455 454.5 6.47004 0.00280818
  456 455.5 6.43874 0.00279459
  457 456.5 6.4033 0.00277921
  458 457.5 6.36377 0.00276205
  459 458.5 6.30208 0.00273528
  460 459.5 6.21592 0.00269788
  461 460.5 6.15711 0.00267236
  462 461.5 6.06924 0.00263422
  463 462.5 5.9938 0.00260148
  464 463.5 5.88248 0.00255316
  465 464.5 5.7661 0.00250265
  466 465.5 5.6463 0.00245065
  467 466.5 5.51352 0.00239302
  468 467.5 5.36345 0.00232789
  469 468.5 5.18401 0.00225001
  470 469.5 4.95739 0.00215164
  471 470.5 4.72764 0.00205193
  472 471.5 4.48379 0.00194609
  473 472.5 4.22447 0.00183354
  474 473.5 3.96087 0.00171913
  475 474.5 3.67057 0.00159313
  476 475.5 3.35351 0.00145551
  477 476.5 3.0399 0.0013194
  478 477.5 2.73245 0.00118596
  479 478.5 2.43002 0.0010547
  480 479.5 2.13269 0.000925645
