# Chunk-averaged data for fix tensor2 and group c1
# Timestep Number-of-chunks Total-count
# Chunk Coord1 Ncount density/number
20000000 480 5012.999999999997
  1 0.5 28.1263 0.0122076
  2 1.5 28.1244 0.0122068
  3 2.5 28.0777 0.0121865
  4 3.5 28.1222 0.0122058
  5 4.5 28.1313 0.0122098
  6 5.5 28.0846 0.0121895
  7 6.5 28.122 0.0122057
  8 7.5 28.1225 0.012206
  9 8.5 28.1288 0.0122087
  10 9.5 28.0957 0.0121943
  11 10.5 28.1278 0.0122083
  12 11.5 28.1499 0.0122178
  13 12.5 28.1011 0.0121967
  14 13.5 28.1251 0.0122071
  15 14.5 28.1499 0.0122178
  16 15.5 28.1428 0.0122148
  17 16.5 28.1417 0.0122143
  18 17.5 28.1252 0.0122071
  19 18.5 28.1407 0.0122138
  20 19.5 28.1454 0.0122159
  21 20.5 28.1314 0.0122098
  22 21.5 28.1387 0.012213
  23 22.5 28.1703 0.0122267
  24 23.5 28.1457 0.012216
  25 24.5 28.1374 0.0122124
  26 25.5 28.1601 0.0122223
  27 26.5 28.1437 0.0122152
  28 27.5 28.1402 0.0122136
  29 28.5 28.1331 0.0122106
  30 29.5 28.1427 0.0122147
  31 30.5 28.1327 0.0122104
  32 31.5 28.1424 0.0122146
  33 32.5 28.1441 0.0122153
  34 33.5 28.1436 0.0122151
  35 34.5 28.1424 0.0122146
  36 35.5 28.1516 0.0122186
  37 36.5 28.1597 0.0122221
  38 37.5 28.1443 0.0122154
  39 38.5 28.1558 0.0122204
  40 39.5 28.1317 0.01221
  41 40.5 28.1281 0.0122084
  42 41.5 28.1295 0.012209
  43 42.5 28.0987 0.0121956
  44 43.5 28.1132 0.0122019
  45 44.5 28.0871 0.0121906
  46 45.5 28.0831 0.0121888
  47 46.5 28.0509 0.0121749
  48 47.5 28.0221 0.0121624
  49 48.5 27.9773 0.0121429
  50 49.5 27.9187 0.0121175
  51 50.5 27.8554 0.01209
  52 51.5 27.7978 0.012065
  53 52.5 27.6955 0.0120206
  54 53.5 27.5927 0.011976
  55 54.5 27.46 0.0119184
  56 55.5 27.2517 0.011828
  57 56.5 27.0326 0.0117329
  58 57.5 26.7539 0.0116119
  59 58.5 26.3642 0.0114428
  60 59.5 25.9161 0.0112483
  61 60.5 25.3762 0.011014
  62 61.5 24.7253 0.0107315
  63 62.5 23.8955 0.0103713
  64 63.5 22.935 0.00995444
  65 64.5 21.812 0.00946701
  66 65.5 20.5444 0.00891682
  67 66.5 19.1377 0.0083063
  68 67.5 17.6098 0.00764314
  69 68.5 15.9915 0.00694074
  70 69.5 14.3247 0.0062173
  71 70.5 12.6958 0.00551034
  72 71.5 11.1014 0.00481833
  73 72.5 9.64956 0.00418818
  74 73.5 8.33564 0.0036179
  75 74.5 7.17602 0.00311459
  76 75.5 6.17416 0.00267976
  77 76.5 5.35987 0.00232633
  78 77.5 4.68619 0.00203394
  79 78.5 4.16006 0.00180558
  80 79.5 3.75423 0.00162944
  81 80.5 3.43362 0.00149028
  82 81.5 3.18623 0.00138291
  83 82.5 3.01304 0.00130774
  84 83.5 2.85997 0.00124131
  85 84.5 2.74972 0.00119345
  86 85.5 2.65281 0.00115139
  87 86.5 2.59811 0.00112765
  88 87.5 2.55309 0.00110811
  89 88.5 2.51533 0.00109172
  90 89.5 2.49047 0.00108093
  91 90.5 2.47752 0.00107531
  92 91.5 2.4661 0.00107035
  93 92.5 2.44883 0.00106286
  94 93.5 2.43551 0.00105708
  95 94.5 2.42729 0.00105351
  96 95.5 2.42111 0.00105083
  97 96.5 2.41873 0.00104979
  98 97.5 2.41887 0.00104986
  99 98.5 2.42395 0.00105206
  100 99.5 2.41865 0.00104976
  101 100.5 2.42133 0.00105093
  102 101.5 2.41541 0.00104835
  103 102.5 2.42145 0.00105098
  104 103.5 2.42264 0.00105149
  105 104.5 2.42459 0.00105234
  106 105.5 2.41219 0.00104696
  107 106.5 2.41632 0.00104875
  108 107.5 2.42578 0.00105286
  109 108.5 2.42297 0.00105164
  110 109.5 2.42404 0.0010521
  111 110.5 2.42808 0.00105385
  112 111.5 2.42398 0.00105208
  113 112.5 2.42785 0.00105375
  114 113.5 2.42267 0.00105151
  115 114.5 2.42589 0.00105291
  116 115.5 2.42807 0.00105385
  117 116.5 2.42533 0.00105266
  118 117.5 2.42247 0.00105142
  119 118.5 2.41871 0.00104979
  120 119.5 2.42843 0.00105401
  121 120.5 2.42145 0.00105098
  122 121.5 2.42673 0.00105327
  123 122.5 2.42149 0.00105099
  124 123.5 2.41548 0.00104839
  125 124.5 2.42068 0.00105064
  126 125.5 2.42865 0.0010541
  127 126.5 2.43112 0.00105517
  128 127.5 2.42258 0.00105147
  129 128.5 2.42575 0.00105284
  130 129.5 2.42333 0.00105179
  131 130.5 2.42222 0.00105131
  132 131.5 2.42028 0.00105047
  133 132.5 2.42259 0.00105147
  134 133.5 2.42682 0.00105331
  135 134.5 2.42835 0.00105397
  136 135.5 2.42775 0.00105371
  137 136.5 2.43165 0.0010554
  138 137.5 2.43185 0.00105549
  139 138.5 2.42237 0.00105138
  140 139.5 2.42594 0.00105293
  141 140.5 2.42112 0.00105083
  142 141.5 2.42429 0.00105221
  143 142.5 2.41828 0.0010496
  144 143.5 2.43144 0.00105531
  145 144.5 2.42928 0.00105437
  146 145.5 2.42831 0.00105395
  147 146.5 2.43015 0.00105475
  148 147.5 2.42148 0.00105099
  149 148.5 2.42901 0.00105426
  150 149.5 2.4224 0.00105139
  151 150.5 2.43938 0.00105876
  152 151.5 2.43857 0.00105841
  153 152.5 2.43107 0.00105515
  154 153.5 2.42263 0.00105149
  155 154.5 2.43371 0.0010563
  156 155.5 2.42761 0.00105365
  157 156.5 2.42562 0.00105279
  158 157.5 2.41597 0.0010486
  159 158.5 2.4221 0.00105126
  160 159.5 2.41563 0.00104845
  161 160.5 2.41361 0.00104757
  162 161.5 2.40867 0.00104543
  163 162.5 2.41416 0.00104781
  164 163.5 2.41503 0.00104819
  165 164.5 2.4157 0.00104848
  166 165.5 2.42078 0.00105068
  167 166.5 2.43073 0.001055
  168 167.5 2.42325 0.00105176
  169 168.5 2.42897 0.00105424
  170 169.5 2.43269 0.00105585
  171 170.5 2.4314 0.00105529
  172 171.5 2.42573 0.00105283
  173 172.5 2.42419 0.00105217
  174 173.5 2.42215 0.00105128
  175 174.5 2.42119 0.00105086
  176 175.5 2.4219 0.00105117
  177 176.5 2.42323 0.00105175
  178 177.5 2.42153 0.00105101
  179 178.5 2.42005 0.00105037
  180 179.5 2.42227 0.00105133
  181 180.5 2.41981 0.00105027
  182 181.5 2.42113 0.00105084
  183 182.5 2.40993 0.00104598
  184 183.5 2.41568 0.00104847
  185 184.5 2.41357 0.00104756
  186 185.5 2.41324 0.00104741
  187 186.5 2.41183 0.0010468
  188 187.5 2.41264 0.00104715
  189 188.5 2.40673 0.00104459
  190 189.5 2.40713 0.00104476
  191 190.5 2.40375 0.0010433
  192 191.5 2.42595 0.00105293
  193 192.5 2.41575 0.0010485
  194 193.5 2.40271 0.00104284
  195 194.5 2.4044 0.00104358
  196 195.5 2.41905 0.00104993
  197 196.5 2.41174 0.00104676
  198 197.5 2.42105 0.0010508
  199 198.5 2.42903 0.00105427
  200 199.5 2.4282 0.0010539
  201 200.5 2.42761 0.00105365
  202 201.5 2.43135 0.00105528
  203 202.5 2.44762 0.00106233
  204 203.5 2.45891 0.00106724
  205 204.5 2.48841 0.00108004
  206 205.5 2.52268 0.00109491
  207 206.5 2.56327 0.00111253
  208 207.5 2.61497 0.00113497
  209 208.5 2.68961 0.00116737
  210 209.5 2.77933 0.00120631
  211 210.5 2.924 0.0012691
  212 211.5 3.08925 0.00134082
  213 212.5 3.31097 0.00143705
  214 213.5 3.57474 0.00155154
  215 214.5 3.89944 0.00169247
  216 215.5 4.3076 0.00186962
  217 216.5 4.78528 0.00207694
  218 217.5 5.30619 0.00230303
  219 218.5 5.83514 0.00253261
  220 219.5 6.24861 0.00271207
  221 220.5 6.45399 0.00280121
  222 221.5 6.334 0.00274913
  223 222.5 5.90374 0.00256239
  224 223.5 5.10897 0.00221744
  225 224.5 4.12438 0.0017901
  226 225.5 3.12014 0.00135423
  227 226.5 2.23339 0.000969355
  228 227.5 1.53791 0.000667497
  229 228.5 1.04238 0.000452424
  230 229.5 0.723494 0.000314016
  231 230.5 0.52128 0.00022625
  232 231.5 0.399186 0.000173258
  233 232.5 0.328736 0.000142681
  234 233.5 0.290838 0.000126232
  235 234.5 0.266674 0.000115744
  236 235.5 0.249882 0.000108456
  237 236.5 0.242362 0.000105192
  238 237.5 0.233412 0.000101307
  239 238.5 0.22246 9.65538e-05
  240 239.5 0.209652 9.09948e-05
  241 240.5 0.203392 8.82778e-05
  242 241.5 0.20305 8.81293e-05
  243 242.5 0.199158 8.64401e-05
  244 243.5 0.198508 8.6158e-05
  245 244.5 0.202364 8.78316e-05
  246 245.5 0.204178 8.86189e-05
  247 246.5 0.205102 8.902e-05
  248 247.5 0.2073 8.9974e-05
  249 248.5 0.214516 9.31059e-05
  250 249.5 0.21795 9.45964e-05
  251 250.5 0.218182 9.4697e-05
  252 251.5 0.221036 9.59358e-05
  253 252.5 0.222338 9.65009e-05
  254 253.5 0.219372 9.52135e-05
  255 254.5 0.216778 9.40877e-05
  256 255.5 0.211954 9.19939e-05
  257 256.5 0.204462 8.87422e-05
  258 257.5 0.206296 8.95382e-05
  259 258.5 0.206012 8.94149e-05
  260 259.5 0.209562 9.09557e-05
  261 260.5 0.209658 9.09974e-05
  262 261.5 0.210706 9.14523e-05
  263 262.5 0.210398 9.13186e-05
  264 263.5 0.208402 9.04523e-05
  265 264.5 0.20704 8.98611e-05
  266 265.5 0.210674 9.14384e-05
  267 266.5 0.21007 9.11762e-05
  268 267.5 0.20707 8.98741e-05
  269 268.5 0.209914 9.11085e-05
  270 269.5 0.212732 9.23316e-05
  271 270.5 0.214176 9.29583e-05
  272 271.5 0.21399 9.28776e-05
  273 272.5 0.215604 9.35781e-05
  274 273.5 0.219194 9.51363e-05
  275 274.5 0.220426 9.5671e-05
  276 275.5 0.220798 9.58325e-05
  277 276.5 0.220734 9.58047e-05
  278 277.5 0.219428 9.52378e-05
  279 278.5 0.220766 9.58186e-05
  280 279.5 0.219906 9.54453e-05
  281 280.5 0.216908 9.41441e-05
  282 281.5 0.213476 9.26545e-05
  283 282.5 0.211852 9.19497e-05
  284 283.5 0.21781 9.45356e-05
  285 284.5 0.225514 9.78793e-05
  286 285.5 0.221154 9.5987e-05
  287 286.5 0.216408 9.39271e-05
  288 287.5 0.215862 9.36901e-05
  289 288.5 0.21818 9.46962e-05
  290 289.5 0.218606 9.48811e-05
  291 290.5 0.220724 9.58003e-05
  292 291.5 0.22082 9.5842e-05
  293 292.5 0.220358 9.56415e-05
  294 293.5 0.215256 9.34271e-05
  295 294.5 0.211538 9.18134e-05
  296 295.5 0.216908 9.41441e-05
  297 296.5 0.216494 9.39644e-05
  298 297.5 0.216244 9.38559e-05
  299 298.5 0.215102 9.33602e-05
  300 299.5 0.21437 9.30425e-05
  301 300.5 0.215806 9.36658e-05
  302 301.5 0.212906 9.24071e-05
  303 302.5 0.211022 9.15894e-05
  304 303.5 0.211762 9.19106e-05
  305 304.5 0.206354 8.95634e-05
  306 305.5 0.200828 8.71649e-05
  307 306.5 0.20319 8.81901e-05
  308 307.5 0.200378 8.69696e-05
  309 308.5 0.201736 8.7559e-05
  310 309.5 0.198324 8.60781e-05
  311 310.5 0.199942 8.67804e-05
  312 311.5 0.199572 8.66198e-05
  313 312.5 0.19664 8.53472e-05
  314 313.5 0.195838 8.49991e-05
  315 314.5 0.19543 8.4822e-05
  316 315.5 0.197488 8.57153e-05
  317 316.5 0.19028 8.25868e-05
  318 317.5 0.192798 8.36797e-05
  319 318.5 0.193466 8.39696e-05
  320 319.5 0.19026 8.25781e-05
  321 320.5 0.191 8.28993e-05
  322 321.5 0.189356 8.21858e-05
  323 322.5 0.189916 8.24288e-05
  324 323.5 0.193346 8.39175e-05
  325 324.5 0.193586 8.40217e-05
  326 325.5 0.19358 8.40191e-05
  327 326.5 0.19721 8.55946e-05
  328 327.5 0.195824 8.49931e-05
  329 328.5 0.193312 8.39028e-05
  330 329.5 0.192484 8.35434e-05
  331 330.5 0.191078 8.29332e-05
  332 331.5 0.18954 8.22656e-05
  333 332.5 0.190856 8.28368e-05
  334 333.5 0.197786 8.58446e-05
  335 334.5 0.202462 8.78741e-05
  336 335.5 0.208204 9.03663e-05
  337 336.5 0.212382 9.21797e-05
  338 337.5 0.213258 9.25599e-05
  339 338.5 0.211176 9.16562e-05
  340 339.5 0.20749 9.00564e-05
  341 340.5 0.21105 9.16016e-05
  342 341.5 0.215554 9.35564e-05
  343 342.5 0.220326 9.56276e-05
  344 343.5 0.225694 9.79575e-05
  345 344.5 0.224126 9.72769e-05
  346 345.5 0.222186 9.64349e-05
  347 346.5 0.22564 9.7934e-05
  348 347.5 0.223596 9.70469e-05
  349 348.5 0.223296 9.69167e-05
  350 349.5 0.224452 9.74184e-05
  351 350.5 0.226552 9.83299e-05
  352 351.5 0.226934 9.84957e-05
  353 352.5 0.219142 9.51137e-05
  354 353.5 0.218464 9.48194e-05
  355 354.5 0.219842 9.54175e-05
  356 355.5 0.216768 9.40833e-05
  357 356.5 0.217076 9.4217e-05
  358 357.5 0.211494 9.17943e-05
  359 358.5 0.211266 9.16953e-05
  360 359.5 0.212218 9.21085e-05
  361 360.5 0.207368 9.00035e-05
  362 361.5 0.209954 9.11259e-05
  363 362.5 0.212448 9.22083e-05
  364 363.5 0.212152 9.20799e-05
  365 364.5 0.216078 9.37839e-05
  366 365.5 0.219952 9.54653e-05
  367 366.5 0.226702 9.8395e-05
  368 367.5 0.22584 9.80208e-05
  369 368.5 0.227096 9.8566e-05
  370 369.5 0.232692 0.000100995
  371 370.5 0.235552 0.000102236
  372 371.5 0.237322 0.000103004
  373 372.5 0.245664 0.000106625
  374 373.5 0.257698 0.000111848
  375 374.5 0.281464 0.000122163
  376 375.5 0.315452 0.000136915
  377 376.5 0.376002 0.000163195
  378 377.5 0.473576 0.000205545
  379 378.5 0.652976 0.00028341
  380 379.5 0.975736 0.000423497
  381 380.5 1.54309 0.000669744
  382 381.5 2.46745 0.00107094
  383 382.5 3.91016 0.00169712
  384 383.5 5.93385 0.00257546
  385 384.5 8.54625 0.00370931
  386 385.5 11.6054 0.00503706
  387 386.5 14.7354 0.00639557
  388 387.5 17.6782 0.00767281
  389 388.5 20.1719 0.00875517
  390 389.5 22.1486 0.00961313
  391 390.5 23.6911 0.0102826
  392 391.5 24.768 0.01075
  393 392.5 25.5829 0.0111037
  394 393.5 26.183 0.0113642
  395 394.5 26.6291 0.0115578
  396 395.5 26.9513 0.0116976
  397 396.5 27.224 0.011816
  398 397.5 27.4143 0.0118986
  399 398.5 27.5757 0.0119686
  400 399.5 27.7016 0.0120233
  401 400.5 27.7935 0.0120631
  402 401.5 27.8725 0.0120974
  403 402.5 27.8958 0.0121076
  404 403.5 27.9764 0.0121425
  405 404.5 28.0177 0.0121604
  406 405.5 28.0269 0.0121645
  407 406.5 28.0376 0.0121691
  408 407.5 28.0545 0.0121764
  409 408.5 28.1126 0.0122017
  410 409.5 28.106 0.0121988
  411 410.5 28.1087 0.0121999
  412 411.5 28.097 0.0121949
  413 412.5 28.114 0.0122022
  414 413.5 28.1289 0.0122087
  415 414.5 28.1338 0.0122109
  416 415.5 28.1148 0.0122026
  417 416.5 28.1273 0.012208
  418 417.5 28.1594 0.0122219
  419 418.5 28.1525 0.012219
  420 419.5 28.1447 0.0122156
  421 420.5 28.1553 0.0122202
  422 421.5 28.1431 0.0122149
  423 422.5 28.197 0.0122383
  424 423.5 28.1576 0.0122212
  425 424.5 28.1514 0.0122185
  426 425.5 28.1505 0.0122181
  427 426.5 28.1744 0.0122285
  428 427.5 28.1455 0.0122159
  429 428.5 28.1136 0.0122021
  430 429.5 28.1366 0.0122121
  431 430.5 28.1713 0.0122271
  432 431.5 28.134 0.0122109
  433 432.5 28.0937 0.0121934
  434 433.5 28.1521 0.0122188
  435 434.5 28.1467 0.0122164
  436 435.5 28.1212 0.0122054
  437 436.5 28.1058 0.0121987
  438 437.5 28.1279 0.0122083
  439 438.5 28.1298 0.0122091
  440 439.5 28.1137 0.0122021
  441 440.5 28.1166 0.0122034
  442 441.5 28.1228 0.0122061
  443 442.5 28.1045 0.0121981
  444 443.5 28.1034 0.0121977
  445 444.5 28.0954 0.0121942
  446 445.5 28.1246 0.0122068
  447 446.5 28.1142 0.0122024
  448 447.5 28.1251 0.0122071
  449 448.5 28.1314 0.0122098
  450 449.5 28.1174 0.0122037
  451 450.5 28.1143 0.0122024
  452 451.5 28.1279 0.0122083
  453 452.5 28.1322 0.0122102
  454 453.5 28.0949 0.012194
  455 454.5 28.1214 0.0122055
  456 455.5 28.1621 0.0122232
  457 456.5 28.14 0.0122136
  458 457.5 28.1375 0.0122125
  459 458.5 28.1436 0.0122151
  460 459.5 28.1677 0.0122255
  461 460.5 28.1283 0.0122085
  462 461.5 28.1285 0.0122086
  463 462.5 28.1635 0.0122237
  464 463.5 28.169 0.0122261
  465 464.5 28.1252 0.0122071
  466 465.5 28.1513 0.0122184
  467 466.5 28.1644 0.0122241
  468 467.5 28.1296 0.012209
  469 468.5 28.1188 0.0122044
  470 469.5 28.1236 0.0122064
  471 470.5 28.1465 0.0122164
  472 471.5 28.1136 0.0122021
  473 472.5 28.1029 0.0121975
  474 473.5 28.1109 0.0122009
  475 474.5 28.1368 0.0122121
  476 475.5 28.0916 0.0121925
  477 476.5 28.126 0.0122074
  478 477.5 28.1719 0.0122274
  479 478.5 28.106 0.0121988
  480 479.5 28.0902 0.0121919
30000000 480 5013.000000000005
  1 0.5 28.1824 0.0122319
  2 1.5 28.1857 0.0122334
  3 2.5 28.2051 0.0122418
  4 3.5 28.2219 0.0122491
  5 4.5 28.1897 0.0122351
  6 5.5 28.1974 0.0122385
  7 6.5 28.2113 0.0122445
  8 7.5 28.1995 0.0122394
  9 8.5 28.1889 0.0122348
  10 9.5 28.2304 0.0122528
  11 10.5 28.1896 0.0122351
  12 11.5 28.2139 0.0122456
  13 12.5 28.1871 0.012234
  14 13.5 28.2198 0.0122482
  15 14.5 28.182 0.0122318
  16 15.5 28.2134 0.0122454
  17 16.5 28.1942 0.0122371
  18 17.5 28.1796 0.0122307
  19 18.5 28.2196 0.0122481
  20 19.5 28.2227 0.0122495
  21 20.5 28.1872 0.012234
  22 21.5 28.2008 0.0122399
  23 22.5 28.2134 0.0122454
  24 23.5 28.2213 0.0122488
  25 24.5 28.1776 0.0122299
  26 25.5 28.2283 0.0122519
  27 26.5 28.2346 0.0122546
  28 27.5 28.2151 0.0122461
  29 28.5 28.205 0.0122418
  30 29.5 28.2433 0.0122584
  31 30.5 28.2404 0.0122571
  32 31.5 28.2145 0.0122459
  33 32.5 28.2153 0.0122462
  34 33.5 28.2209 0.0122487
  35 34.5 28.2284 0.0122519
  36 35.5 28.2104 0.0122441
  37 36.5 28.2289 0.0122521
  38 37.5 28.2035 0.0122411
  39 38.5 28.2209 0.0122487
  40 39.5 28.2295 0.0122524
  41 40.5 28.1897 0.0122351
  42 41.5 28.1828 0.0122321
  43 42.5 28.1983 0.0122389
  44 43.5 28.2243 0.0122501
  45 44.5 28.1535 0.0122194
  46 45.5 28.1762 0.0122292
  47 46.5 28.1817 0.0122317
  48 47.5 28.1074 0.0121994
  49 48.5 28.1008 0.0121965
  50 49.5 28.089 0.0121914
  51 50.5 28.0197 0.0121613
  52 51.5 27.9678 0.0121388
  53 52.5 27.9307 0.0121227
  54 53.5 27.8174 0.0120735
  55 54.5 27.7275 0.0120345
  56 55.5 27.6032 0.0119805
  57 56.5 27.3969 0.011891
  58 57.5 27.1858 0.0117994
  59 58.5 26.9053 0.0116776
  60 59.5 26.5406 0.0115194
  61 60.5 26.101 0.0113285
  62 61.5 25.5498 0.0110893
  63 62.5 24.8631 0.0107913
  64 63.5 24.0266 0.0104282
  65 64.5 23.0759 0.0100156
  66 65.5 21.9417 0.00952333
  67 66.5 20.6089 0.00894485
  68 67.5 19.186 0.00832724
  69 68.5 17.5956 0.00763698
  70 69.5 15.9233 0.00691115
  71 70.5 14.2399 0.00618052
  72 71.5 12.5681 0.00545489
  73 72.5 10.9358 0.00474645
  74 73.5 9.48913 0.00411855
  75 74.5 8.1883 0.00355395
  76 75.5 7.02103 0.00304732
  77 76.5 6.04083 0.00262189
  78 77.5 5.24378 0.00227595
  79 78.5 4.5898 0.0019921
  80 79.5 4.07561 0.00176893
  81 80.5 3.67633 0.00159563
  82 81.5 3.35332 0.00145543
  83 82.5 3.10993 0.0013498
  84 83.5 2.93567 0.00127416
  85 84.5 2.79479 0.00121302
  86 85.5 2.69869 0.00117131
  87 86.5 2.62234 0.00113817
  88 87.5 2.55818 0.00111032
  89 88.5 2.50831 0.00108868
  90 89.5 2.49223 0.0010817
  91 90.5 2.46964 0.00107189
  92 91.5 2.453 0.00106467
  93 92.5 2.44015 0.00105909
  94 93.5 2.436 0.00105729
  95 94.5 2.42626 0.00105307
  96 95.5 2.40872 0.00104545
  97 96.5 2.4057 0.00104414
  98 97.5 2.40808 0.00104517
  99 98.5 2.41044 0.0010462
  100 99.5 2.40619 0.00104435
  101 100.5 2.41993 0.00105032
  102 101.5 2.41745 0.00104924
  103 102.5 2.41492 0.00104814
  104 103.5 2.42036 0.00105051
  105 104.5 2.41346 0.00104751
  106 105.5 2.41015 0.00104607
  107 106.5 2.4085 0.00104536
  108 107.5 2.4092 0.00104566
  109 108.5 2.40819 0.00104522
  110 109.5 2.40124 0.00104221
  111 110.5 2.39491 0.00103946
  112 111.5 2.38606 0.00103562
  113 112.5 2.39021 0.00103742
  114 113.5 2.40075 0.00104199
  115 114.5 2.38579 0.0010355
  116 115.5 2.38681 0.00103594
  117 116.5 2.37492 0.00103078
  118 117.5 2.36862 0.00102805
  119 118.5 2.37626 0.00103136
  120 119.5 2.37505 0.00103084
  121 120.5 2.37934 0.0010327
  122 121.5 2.38338 0.00103445
  123 122.5 2.37932 0.00103269
  124 123.5 2.37446 0.00103058
  125 124.5 2.37242 0.00102969
  126 125.5 2.3675 0.00102756
  127 126.5 2.36756 0.00102759
  128 127.5 2.36862 0.00102805
  129 128.5 2.36166 0.00102502
  130 129.5 2.36348 0.00102582
  131 130.5 2.34193 0.00101646
  132 131.5 2.33726 0.00101444
  133 132.5 2.34811 0.00101915
  134 133.5 2.34661 0.00101849
  135 134.5 2.35107 0.00102043
  136 135.5 2.35324 0.00102137
  137 136.5 2.36017 0.00102438
  138 137.5 2.35744 0.00102319
  139 138.5 2.36166 0.00102503
  140 139.5 2.3508 0.00102031
  141 140.5 2.36192 0.00102514
  142 141.5 2.35793 0.00102341
  143 142.5 2.36134 0.00102489
  144 143.5 2.36117 0.00102481
  145 144.5 2.36052 0.00102453
  146 145.5 2.36646 0.00102711
  147 146.5 2.36242 0.00102536
  148 147.5 2.36917 0.00102829
  149 148.5 2.36597 0.0010269
  150 149.5 2.36044 0.00102449
  151 150.5 2.36674 0.00102723
  152 151.5 2.36562 0.00102675
  153 152.5 2.36617 0.00102698
  154 153.5 2.37194 0.00102949
  155 154.5 2.37875 0.00103244
  156 155.5 2.37169 0.00102938
  157 156.5 2.36978 0.00102855
  158 157.5 2.36965 0.00102849
  159 158.5 2.36015 0.00102437
  160 159.5 2.36526 0.00102659
  161 160.5 2.36063 0.00102458
  162 161.5 2.35827 0.00102356
  163 162.5 2.3662 0.001027
  164 163.5 2.37794 0.00103209
  165 164.5 2.37113 0.00102914
  166 165.5 2.36799 0.00102777
  167 166.5 2.36996 0.00102863
  168 167.5 2.37787 0.00103206
  169 168.5 2.36753 0.00102757
  170 169.5 2.36536 0.00102663
  171 170.5 2.36954 0.00102844
  172 171.5 2.36771 0.00102765
  173 172.5 2.37509 0.00103086
  174 173.5 2.37973 0.00103287
  175 174.5 2.37758 0.00103194
  176 175.5 2.37711 0.00103173
  177 176.5 2.38132 0.00103356
  178 177.5 2.38503 0.00103517
  179 178.5 2.37724 0.00103179
  180 179.5 2.3845 0.00103494
  181 180.5 2.3844 0.0010349
  182 181.5 2.37466 0.00103067
  183 182.5 2.37498 0.00103081
  184 183.5 2.3806 0.00103325
  185 184.5 2.38024 0.00103309
  186 185.5 2.37024 0.00102875
  187 186.5 2.38165 0.0010337
  188 187.5 2.37706 0.00103171
  189 188.5 2.3785 0.00103234
  190 189.5 2.37994 0.00103296
  191 190.5 2.37824 0.00103222
  192 191.5 2.38401 0.00103472
  193 192.5 2.38802 0.00103647
  194 193.5 2.38725 0.00103613
  195 194.5 2.39288 0.00103858
  196 195.5 2.39996 0.00104165
  197 196.5 2.40085 0.00104203
  198 197.5 2.40159 0.00104236
  199 198.5 2.39758 0.00104062
  200 199.5 2.3997 0.00104154
  201 200.5 2.41127 0.00104656
  202 201.5 2.41924 0.00105002
  203 202.5 2.42932 0.00105439
  204 203.5 2.44861 0.00106276
  205 204.5 2.44905 0.00106296
  206 205.5 2.47487 0.00107416
  207 206.5 2.50238 0.0010861
  208 207.5 2.55345 0.00110827
  209 208.5 2.59685 0.0011271
  210 209.5 2.67897 0.00116275
  211 210.5 2.75634 0.00119633
  212 211.5 2.88173 0.00125075
  213 212.5 3.06314 0.00132949
  214 213.5 3.28982 0.00142787
  215 214.5 3.54678 0.0015394
  216 215.5 3.90013 0.00169276
  217 216.5 4.31525 0.00187294
  218 217.5 4.79609 0.00208163
  219 218.5 5.32579 0.00231154
  220 219.5 5.82883 0.00252987
  221 220.5 6.20159 0.00269166
  222 221.5 6.35354 0.00275761
  223 222.5 6.17911 0.0026819
  224 223.5 5.65154 0.00245293
  225 224.5 4.82705 0.00209507
  226 225.5 3.8405 0.00166688
  227 226.5 2.86444 0.00124325
  228 227.5 2.03073 0.000881395
  229 228.5 1.38725 0.000602107
  230 229.5 0.944388 0.000409891
  231 230.5 0.665506 0.000288848
  232 231.5 0.486082 0.000210973
  233 232.5 0.378786 0.000164404
  234 233.5 0.315684 0.000137016
  235 234.5 0.277326 0.000120367
  236 235.5 0.248192 0.000107722
  237 236.5 0.231178 0.000100338
  238 237.5 0.22195 9.63325e-05
  239 238.5 0.216374 9.39123e-05
  240 239.5 0.212368 9.21736e-05
  241 240.5 0.2097 9.10156e-05
  242 241.5 0.209942 9.11207e-05
  243 242.5 0.211836 9.19427e-05
  244 243.5 0.209618 9.098e-05
  245 244.5 0.209574 9.09609e-05
  246 245.5 0.212422 9.2197e-05
  247 246.5 0.21285 9.23828e-05
  248 247.5 0.214798 9.32283e-05
  249 248.5 0.21534 9.34635e-05
  250 249.5 0.209634 9.0987e-05
  251 250.5 0.209758 9.10408e-05
  252 251.5 0.216654 9.40339e-05
  253 252.5 0.216816 9.41042e-05
  254 253.5 0.21785 9.4553e-05
  255 254.5 0.216976 9.41736e-05
  256 255.5 0.213428 9.26337e-05
  257 256.5 0.210598 9.14054e-05
  258 257.5 0.208982 9.0704e-05
  259 258.5 0.204038 8.85582e-05
  260 259.5 0.202448 8.78681e-05
  261 260.5 0.207054 8.98672e-05
  262 261.5 0.206386 8.95773e-05
  263 262.5 0.201662 8.75269e-05
  264 263.5 0.20151 8.74609e-05
  265 264.5 0.201182 8.73186e-05
  266 265.5 0.196708 8.53767e-05
  267 266.5 0.199316 8.65087e-05
  268 267.5 0.199008 8.6375e-05
  269 268.5 0.200342 8.6954e-05
  270 269.5 0.19793 8.59071e-05
  271 270.5 0.194704 8.45069e-05
  272 271.5 0.19541 8.48134e-05
  273 272.5 0.19194 8.33073e-05
  274 273.5 0.191502 8.31172e-05
  275 274.5 0.188332 8.17413e-05
  276 275.5 0.18643 8.09158e-05
  277 276.5 0.190234 8.25668e-05
  278 277.5 0.19344 8.39583e-05
  279 278.5 0.19625 8.5178e-05
  280 279.5 0.195584 8.48889e-05
  281 280.5 0.194772 8.45365e-05
  282 281.5 0.191932 8.33038e-05
  283 282.5 0.189644 8.23108e-05
  284 283.5 0.191238 8.30026e-05
  285 284.5 0.190012 8.24705e-05
  286 285.5 0.190828 8.28247e-05
  287 286.5 0.192886 8.37179e-05
  288 287.5 0.192246 8.34401e-05
  289 288.5 0.19121 8.29905e-05
  290 289.5 0.199832 8.67326e-05
  291 290.5 0.203328 8.825e-05
  292 291.5 0.201654 8.75234e-05
  293 292.5 0.199868 8.67483e-05
  294 293.5 0.196486 8.52804e-05
  295 294.5 0.192142 8.3395e-05
  296 295.5 0.193434 8.39557e-05
  297 296.5 0.197576 8.57535e-05
  298 297.5 0.196046 8.50894e-05
  299 298.5 0.198992 8.63681e-05
  300 299.5 0.199068 8.6401e-05
  301 300.5 0.202732 8.79913e-05
  302 301.5 0.206434 8.95981e-05
  303 302.5 0.208238 9.03811e-05
  304 303.5 0.205432 8.91632e-05
  305 304.5 0.20686 8.9783e-05
  306 305.5 0.2052 8.90625e-05
  307 306.5 0.20912 9.07639e-05
  308 307.5 0.212288 9.21389e-05
  309 308.5 0.21795 9.45964e-05
  310 309.5 0.220732 9.58038e-05
  311 310.5 0.218968 9.50382e-05
  312 311.5 0.218678 9.49123e-05
  313 312.5 0.220624 9.57569e-05
  314 313.5 0.2167 9.40538e-05
  315 314.5 0.216344 9.38993e-05
  316 315.5 0.217334 9.4329e-05
  317 316.5 0.218326 9.47595e-05
  318 317.5 0.218576 9.48681e-05
  319 318.5 0.216484 9.39601e-05
  320 319.5 0.21338 9.26128e-05
  321 320.5 0.218492 9.48316e-05
  322 321.5 0.216114 9.37995e-05
  323 322.5 0.20988 9.10938e-05
  324 323.5 0.206424 8.95938e-05
  325 324.5 0.20922 9.08073e-05
  326 325.5 0.21057 9.13932e-05
  327 326.5 0.21197 9.20009e-05
  328 327.5 0.211238 9.16832e-05
  329 328.5 0.204992 8.89722e-05
  330 329.5 0.203334 8.82526e-05
  331 330.5 0.203656 8.83924e-05
  332 331.5 0.205344 8.9125e-05
  333 332.5 0.206824 8.97674e-05
  334 333.5 0.203732 8.84253e-05
  335 334.5 0.203464 8.8309e-05
  336 335.5 0.205366 8.91345e-05
  337 336.5 0.205624 8.92465e-05
  338 337.5 0.211228 9.16788e-05
  339 338.5 0.210316 9.1283e-05
  340 339.5 0.20509 8.90148e-05
  341 340.5 0.198984 8.63646e-05
  342 341.5 0.199872 8.675e-05
  343 342.5 0.20235 8.78255e-05
  344 343.5 0.197484 8.57135e-05
  345 344.5 0.195306 8.47682e-05
  346 345.5 0.194338 8.43481e-05
  347 346.5 0.195088 8.46736e-05
  348 347.5 0.195648 8.49167e-05
  349 348.5 0.203272 8.82257e-05
  350 349.5 0.203558 8.83498e-05
  351 350.5 0.196964 8.54878e-05
  352 351.5 0.196276 8.51892e-05
  353 352.5 0.197152 8.55694e-05
  354 353.5 0.195758 8.49644e-05
  355 354.5 0.195116 8.46858e-05
  356 355.5 0.199088 8.64097e-05
  357 356.5 0.196038 8.50859e-05
  358 357.5 0.195616 8.49028e-05
  359 358.5 0.19688 8.54514e-05
  360 359.5 0.198196 8.60226e-05
  361 360.5 0.195744 8.49583e-05
  362 361.5 0.199286 8.64957e-05
  363 362.5 0.20231 8.78082e-05
  364 363.5 0.206048 8.94306e-05
  365 364.5 0.209138 9.07717e-05
  366 365.5 0.211626 9.18516e-05
  367 366.5 0.212044 9.2033e-05
  368 367.5 0.209892 9.1099e-05
  369 368.5 0.211384 9.17465e-05
  370 369.5 0.21357 9.26953e-05
  371 370.5 0.215236 9.34184e-05
  372 371.5 0.227284 9.86476e-05
  373 372.5 0.231354 0.000100414
  374 373.5 0.241318 0.000104739
  375 374.5 0.253102 0.000109853
  376 375.5 0.271242 0.000117727
  377 376.5 0.299808 0.000130125
  378 377.5 0.353766 0.000153544
  379 378.5 0.460882 0.000200036
  380 379.5 0.644264 0.000279628
  381 380.5 0.962618 0.000417803
  382 381.5 1.53268 0.000665227
  383 382.5 2.50834 0.00108869
  384 383.5 3.99814 0.0017353
  385 384.5 6.12905 0.00266018
  386 385.5 8.85467 0.00384317
  387 386.5 12.0104 0.00521283
  388 387.5 15.2075 0.0066005
  389 388.5 18.1161 0.00786291
  390 389.5 20.5984 0.00894026
  391 390.5 22.4833 0.00975839
  392 391.5 23.875 0.0103624
  393 392.5 24.8962 0.0108056
  394 393.5 25.6397 0.0111284
  395 394.5 26.2078 0.0113749
  396 395.5 26.644 0.0115642
  397 396.5 26.938 0.0116918
  398 397.5 27.1901 0.0118013
  399 398.5 27.4043 0.0118942
  400 399.5 27.551 0.0119579
  401 400.5 27.6556 0.0120033
  402 401.5 27.7652 0.0120509
  403 402.5 27.8101 0.0120704
  404 403.5 27.8707 0.0120967
  405 404.5 27.9472 0.0121299
  406 405.5 27.9546 0.0121331
  407 406.5 28.0169 0.0121601
  408 407.5 28.0393 0.0121699
  409 408.5 28.0448 0.0121722
  410 409.5 28.0534 0.0121759
  411 410.5 28.0723 0.0121841
  412 411.5 28.1109 0.0122009
  413 412.5 28.1091 0.0122001
  414 413.5 28.1032 0.0121976
  415 414.5 28.1017 0.0121969
  416 415.5 28.1367 0.0122121
  417 416.5 28.1332 0.0122106
  418 417.5 28.0768 0.0121861
  419 418.5 28.1225 0.012206
  420 419.5 28.1361 0.0122119
  421 420.5 28.1075 0.0121994
  422 421.5 28.1144 0.0122024
  423 422.5 28.1106 0.0122008
  424 423.5 28.1294 0.0122089
  425 424.5 28.1231 0.0122062
  426 425.5 28.124 0.0122066
  427 426.5 28.1199 0.0122048
  428 427.5 28.1112 0.012201
  429 428.5 28.1264 0.0122076
  430 429.5 28.1115 0.0122012
  431 430.5 28.1354 0.0122115
  432 431.5 28.1317 0.0122099
  433 432.5 28.1532 0.0122193
  434 433.5 28.1379 0.0122126
  435 434.5 28.1523 0.0122189
  436 435.5 28.16 0.0122222
  437 436.5 28.1745 0.0122285
  438 437.5 28.1553 0.0122202
  439 438.5 28.1654 0.0122246
  440 439.5 28.1632 0.0122236
  441 440.5 28.179 0.0122305
  442 441.5 28.184 0.0122326
  443 442.5 28.1876 0.0122342
  444 443.5 28.1641 0.012224
  445 444.5 28.1846 0.0122329
  446 445.5 28.1694 0.0122263
  447 446.5 28.1967 0.0122382
  448 447.5 28.1889 0.0122348
  449 448.5 28.17 0.0122266
  450 449.5 28.1656 0.0122247
  451 450.5 28.1904 0.0122354
  452 451.5 28.1339 0.0122109
  453 452.5 28.1368 0.0122122
  454 453.5 28.1772 0.0122297
  455 454.5 28.1528 0.0122191
  456 455.5 28.1241 0.0122067
  457 456.5 28.156 0.0122205
  458 457.5 28.1694 0.0122263
  459 458.5 28.1358 0.0122117
  460 459.5 28.1788 0.0122304
  461 460.5 28.1556 0.0122203
  462 461.5 28.1389 0.0122131
  463 462.5 28.1361 0.0122118
  464 463.5 28.1484 0.0122172
  465 464.5 28.1471 0.0122166
  466 465.5 28.1272 0.012208
  467 466.5 28.1224 0.0122059
  468 467.5 28.1578 0.0122213
  469 468.5 28.1509 0.0122183
  470 469.5 28.1317 0.0122099
  471 470.5 28.1272 0.012208
  472 471.5 28.164 0.012224
  473 472.5 28.1396 0.0122134
  474 473.5 28.1142 0.0122024
  475 474.5 28.1871 0.012234
  476 475.5 28.1589 0.0122218
  477 476.5 28.1631 0.0122236
  478 477.5 28.1775 0.0122298
  479 478.5 28.165 0.0122244
  480 479.5 28.1769 0.0122295
40000000 480 5013.000000000002
  1 0.5 28.1526 0.012219
  2 1.5 28.1267 0.0122078
  3 2.5 28.1286 0.0122086
  4 3.5 28.1231 0.0122062
  5 4.5 28.1213 0.0122054
  6 5.5 28.1542 0.0122197
  7 6.5 28.1172 0.0122037
  8 7.5 28.1158 0.012203
  9 8.5 28.1298 0.0122091
  10 9.5 28.1373 0.0122124
  11 10.5 28.1328 0.0122104
  12 11.5 28.1411 0.012214
  13 12.5 28.1138 0.0122022
  14 13.5 28.1413 0.0122141
  15 14.5 28.1493 0.0122176
  16 15.5 28.1104 0.0122007
  17 16.5 28.135 0.0122114
  18 17.5 28.138 0.0122127
  19 18.5 28.101 0.0121966
  20 19.5 28.1172 0.0122036
  21 20.5 28.1319 0.01221
  22 21.5 28.1536 0.0122194
  23 22.5 28.1323 0.0122102
  24 23.5 28.1281 0.0122084
  25 24.5 28.1647 0.0122243
  26 25.5 28.1193 0.0122046
  27 26.5 28.1479 0.012217
  28 27.5 28.1628 0.0122234
  29 28.5 28.1465 0.0122164
  30 29.5 28.1506 0.0122181
  31 30.5 28.1646 0.0122242
  32 31.5 28.1492 0.0122175
  33 32.5 28.1152 0.0122028
  34 33.5 28.156 0.0122205
  35 34.5 28.1645 0.0122242
  36 35.5 28.1285 0.0122085
  37 36.5 28.1228 0.0122061
  38 37.5 28.1419 0.0122144
  39 38.5 28.1328 0.0122104
  40 39.5 28.1202 0.012205
  41 40.5 28.1156 0.0122029
  42 41.5 28.1412 0.0122141
  43 42.5 28.1107 0.0122008
  44 43.5 28.1094 0.0122002
  45 44.5 28.1211 0.0122053
  46 45.5 28.1087 0.0121999
  47 46.5 28.0989 0.0121957
  48 47.5 28.0417 0.0121709
  49 48.5 28.0426 0.0121713
  50 49.5 28.0454 0.0121725
  51 50.5 27.9931 0.0121498
  52 51.5 27.9191 0.0121177
  53 52.5 27.8583 0.0120913
  54 53.5 27.7968 0.0120646
  55 54.5 27.6643 0.0120071
  56 55.5 27.5225 0.0119455
  57 56.5 27.3603 0.0118751
  58 57.5 27.1651 0.0117904
  59 58.5 26.8436 0.0116509
  60 59.5 26.5638 0.0115294
  61 60.5 26.1054 0.0113305
  62 61.5 25.6098 0.0111154
  63 62.5 24.9616 0.010834
  64 63.5 24.1825 0.0104959
  65 64.5 23.2638 0.0100971
  66 65.5 22.1787 0.00962618
  67 66.5 20.9356 0.00908663
  68 67.5 19.5635 0.00849111
  69 68.5 18.0766 0.00784573
  70 69.5 16.5005 0.00716167
  71 70.5 14.8676 0.00645294
  72 71.5 13.2313 0.00574276
  73 72.5 11.6554 0.00505876
  74 73.5 10.1702 0.00441413
  75 74.5 8.77872 0.00381021
  76 75.5 7.57681 0.00328855
  77 76.5 6.53643 0.00283699
  78 77.5 5.66078 0.00245693
  79 78.5 4.95182 0.00214923
  80 79.5 4.37783 0.0019001
  81 80.5 3.92339 0.00170286
  82 81.5 3.5649 0.00154726
  83 82.5 3.29359 0.00142951
  84 83.5 3.07465 0.00133448
  85 84.5 2.90844 0.00126234
  86 85.5 2.77787 0.00120567
  87 86.5 2.69599 0.00117014
  88 87.5 2.61865 0.00113657
  89 88.5 2.56865 0.00111486
  90 89.5 2.53018 0.00109817
  91 90.5 2.50625 0.00108778
  92 91.5 2.47881 0.00107587
  93 92.5 2.45694 0.00106638
  94 93.5 2.45479 0.00106545
  95 94.5 2.4445 0.00106098
  96 95.5 2.44211 0.00105994
  97 96.5 2.43824 0.00105826
  98 97.5 2.43415 0.00105649
  99 98.5 2.42736 0.00105354
  100 99.5 2.42704 0.0010534
  101 100.5 2.42943 0.00105444
  102 101.5 2.42618 0.00105303
  103 102.5 2.43262 0.00105582
  104 103.5 2.42761 0.00105365
  105 104.5 2.4183 0.00104961
  106 105.5 2.41283 0.00104724
  107 106.5 2.41432 0.00104788
  108 107.5 2.42383 0.00105201
  109 108.5 2.41372 0.00104762
  110 109.5 2.41878 0.00104982
  111 110.5 2.41276 0.0010472
  112 111.5 2.41865 0.00104976
  113 112.5 2.42732 0.00105352
  114 113.5 2.41871 0.00104979
  115 114.5 2.42191 0.00105118
  116 115.5 2.41186 0.00104682
  117 116.5 2.41874 0.0010498
  118 117.5 2.42694 0.00105336
  119 118.5 2.43143 0.00105531
  120 119.5 2.42469 0.00105238
  121 120.5 2.4252 0.00105261
  122 121.5 2.41958 0.00105016
  123 122.5 2.42914 0.00105431
  124 123.5 2.42793 0.00105379
  125 124.5 2.42637 0.00105311
  126 125.5 2.42816 0.00105389
  127 126.5 2.42819 0.0010539
  128 127.5 2.41882 0.00104984
  129 128.5 2.41072 0.00104632
  130 129.5 2.42004 0.00105037
  131 130.5 2.41162 0.00104671
  132 131.5 2.41802 0.00104949
  133 132.5 2.40968 0.00104587
  134 133.5 2.40885 0.00104551
  135 134.5 2.39872 0.00104111
  136 135.5 2.40373 0.00104328
  137 136.5 2.40468 0.0010437
  138 137.5 2.40512 0.00104389
  139 138.5 2.40834 0.00104529
  140 139.5 2.40521 0.00104393
  141 140.5 2.4095 0.00104579
  142 141.5 2.41782 0.0010494
  143 142.5 2.4183 0.00104961
  144 143.5 2.41842 0.00104966
  145 144.5 2.42381 0.001052
  146 145.5 2.41886 0.00104985
  147 146.5 2.42043 0.00105054
  148 147.5 2.42059 0.0010506
  149 148.5 2.41309 0.00104735
  150 149.5 2.42066 0.00105063
  151 150.5 2.41544 0.00104837
  152 151.5 2.41884 0.00104984
  153 152.5 2.41841 0.00104966
  154 153.5 2.41311 0.00104736
  155 154.5 2.40736 0.00104486
  156 155.5 2.42049 0.00105056
  157 156.5 2.41782 0.0010494
  158 157.5 2.41851 0.0010497
  159 158.5 2.4213 0.00105091
  160 159.5 2.42734 0.00105353
  161 160.5 2.4238 0.001052
  162 161.5 2.42342 0.00105183
  163 162.5 2.41849 0.00104969
  164 163.5 2.42449 0.0010523
  165 164.5 2.42082 0.0010507
  166 165.5 2.41103 0.00104645
  167 166.5 2.41118 0.00104652
  168 167.5 2.41887 0.00104986
  169 168.5 2.4187 0.00104978
  170 169.5 2.40572 0.00104415
  171 170.5 2.41142 0.00104662
  172 171.5 2.40787 0.00104508
  173 172.5 2.40359 0.00104322
  174 173.5 2.40267 0.00104282
  175 174.5 2.40492 0.0010438
  176 175.5 2.40436 0.00104356
  177 176.5 2.4059 0.00104423
  178 177.5 2.40896 0.00104556
  179 178.5 2.40065 0.00104195
  180 179.5 2.40739 0.00104487
  181 180.5 2.40846 0.00104534
  182 181.5 2.40969 0.00104587
  183 182.5 2.40363 0.00104324
  184 183.5 2.41178 0.00104678
  185 184.5 2.4259 0.00105291
  186 185.5 2.43171 0.00105543
  187 186.5 2.43199 0.00105555
  188 187.5 2.42894 0.00105423
  189 188.5 2.43182 0.00105548
  190 189.5 2.42106 0.00105081
  191 190.5 2.42217 0.00105129
  192 191.5 2.41435 0.0010479
  193 192.5 2.41321 0.0010474
  194 193.5 2.41406 0.00104777
  195 194.5 2.4207 0.00105065
  196 195.5 2.42125 0.00105089
  197 196.5 2.42081 0.0010507
  198 197.5 2.42878 0.00105416
  199 198.5 2.43341 0.00105617
  200 199.5 2.43018 0.00105476
  201 200.5 2.43721 0.00105782
  202 201.5 2.44059 0.00105928
  203 202.5 2.4565 0.00106619
  204 203.5 2.46015 0.00106777
  205 204.5 2.475 0.00107422
  206 205.5 2.4927 0.0010819
  207 206.5 2.52163 0.00109446
  208 207.5 2.56423 0.00111295
  209 208.5 2.6099 0.00113277
  210 209.5 2.67824 0.00116243
  211 210.5 2.76918 0.0012019
  212 211.5 2.8861 0.00125265
  213 212.5 3.04371 0.00132106
  214 213.5 3.24308 0.00140759
  215 214.5 3.4776 0.00150937
  216 215.5 3.78774 0.00164399
  217 216.5 4.17541 0.00181224
  218 217.5 4.63176 0.00201031
  219 218.5 5.14248 0.00223198
  220 219.5 5.6593 0.00245629
  221 220.5 6.12963 0.00266043
  222 221.5 6.42588 0.00278901
  223 222.5 6.41636 0.00278488
  224 223.5 6.06755 0.00263349
  225 224.5 5.38038 0.00233524
  226 225.5 4.42626 0.00192112
  227 226.5 3.4089 0.00147956
  228 227.5 2.47959 0.00107621
  229 228.5 1.70492 0.000739983
  230 229.5 1.15431 0.000501003
  231 230.5 0.79183 0.000343676
  232 231.5 0.568286 0.000246652
  233 232.5 0.43207 0.00018753
  234 233.5 0.356078 0.000154548
  235 234.5 0.302672 0.000131368
  236 235.5 0.27633 0.000119935
  237 236.5 0.250794 0.000108852
  238 237.5 0.237396 0.000103036
  239 238.5 0.229382 9.95582e-05
  240 239.5 0.221866 9.6296e-05
  241 240.5 0.21655 9.39887e-05
  242 241.5 0.213954 9.2862e-05
  243 242.5 0.20976 9.10417e-05
  244 243.5 0.206316 8.95469e-05
  245 244.5 0.209484 9.09219e-05
  246 245.5 0.211596 9.18385e-05
  247 246.5 0.213154 9.25148e-05
  248 247.5 0.210168 9.12188e-05
  249 248.5 0.20622 8.95052e-05
  250 249.5 0.209788 9.10538e-05
  251 250.5 0.212718 9.23255e-05
  252 251.5 0.213916 9.28455e-05
  253 252.5 0.211336 9.17257e-05
  254 253.5 0.20969 9.10113e-05
  255 254.5 0.208974 9.07005e-05
  256 255.5 0.206408 8.95868e-05
  257 256.5 0.205078 8.90095e-05
  258 257.5 0.208218 9.03724e-05
  259 258.5 0.209186 9.07925e-05
  260 259.5 0.210634 9.1421e-05
  261 260.5 0.207296 8.99722e-05
  262 261.5 0.203266 8.82231e-05
  263 262.5 0.2042 8.86285e-05
  264 263.5 0.20281 8.80252e-05
  265 264.5 0.193922 8.41675e-05
  266 265.5 0.190046 8.24852e-05
  267 266.5 0.187996 8.15955e-05
  268 267.5 0.189598 8.22908e-05
  269 268.5 0.190842 8.28307e-05
  270 269.5 0.18699 8.11589e-05
  271 270.5 0.184068 7.98906e-05
  272 271.5 0.187092 8.12031e-05
  273 272.5 0.18393 7.98307e-05
  274 273.5 0.184124 7.99149e-05
  275 274.5 0.18275 7.93186e-05
  276 275.5 0.183586 7.96814e-05
  277 276.5 0.179332 7.78351e-05
  278 277.5 0.179216 7.77847e-05
  279 278.5 0.183198 7.9513e-05
  280 279.5 0.185636 8.05712e-05
  281 280.5 0.180158 7.81936e-05
  282 281.5 0.174716 7.58316e-05
  283 282.5 0.173822 7.54436e-05
  284 283.5 0.169968 7.37708e-05
  285 284.5 0.168944 7.33264e-05
  286 285.5 0.167614 7.27491e-05
  287 286.5 0.170108 7.38316e-05
  288 287.5 0.173202 7.51745e-05
  289 288.5 0.173348 7.52378e-05
  290 289.5 0.172184 7.47326e-05
  291 290.5 0.17605 7.64106e-05
  292 291.5 0.18028 7.82465e-05
  293 292.5 0.180326 7.82665e-05
  294 293.5 0.180622 7.8395e-05
  295 294.5 0.181534 7.87908e-05
  296 295.5 0.17653 7.66189e-05
  297 296.5 0.178398 7.74297e-05
  298 297.5 0.182534 7.92248e-05
  299 298.5 0.180892 7.85122e-05
  300 299.5 0.180736 7.84444e-05
  301 300.5 0.181218 7.86536e-05
  302 301.5 0.18177 7.88932e-05
  303 302.5 0.180468 7.83281e-05
  304 303.5 0.176452 7.65851e-05
  305 304.5 0.1738 7.5434e-05
  306 305.5 0.173736 7.54063e-05
  307 306.5 0.174506 7.57405e-05
  308 307.5 0.17226 7.47656e-05
  309 308.5 0.176848 7.67569e-05
  310 309.5 0.17852 7.74826e-05
  311 310.5 0.176462 7.65894e-05
  312 311.5 0.17717 7.68967e-05
  313 312.5 0.177426 7.70078e-05
  314 313.5 0.174562 7.57648e-05
  315 314.5 0.171966 7.4638e-05
  316 315.5 0.170662 7.4072e-05
  317 316.5 0.171872 7.45972e-05
  318 317.5 0.170244 7.38906e-05
  319 318.5 0.165708 7.19219e-05
  320 319.5 0.16421 7.12717e-05
  321 320.5 0.168024 7.29271e-05
  322 321.5 0.17222 7.47483e-05
  323 322.5 0.171812 7.45712e-05
  324 323.5 0.167698 7.27856e-05
  325 324.5 0.169202 7.34384e-05
  326 325.5 0.173076 7.51198e-05
  327 326.5 0.171806 7.45686e-05
  328 327.5 0.176464 7.65903e-05
  329 328.5 0.17901 7.76953e-05
  330 329.5 0.187326 8.13047e-05
  331 330.5 0.18466 8.01476e-05
  332 331.5 0.184844 8.02274e-05
  333 332.5 0.186592 8.09861e-05
  334 333.5 0.185892 8.06823e-05
  335 334.5 0.19162 8.31684e-05
  336 335.5 0.19405 8.42231e-05
  337 336.5 0.19277 8.36675e-05
  338 337.5 0.189456 8.22292e-05
  339 338.5 0.188448 8.17917e-05
  340 339.5 0.190862 8.28394e-05
  341 340.5 0.198126 8.59922e-05
  342 341.5 0.196968 8.54896e-05
  343 342.5 0.202316 8.78108e-05
  344 343.5 0.202978 8.80981e-05
  345 344.5 0.203088 8.81458e-05
  346 345.5 0.204462 8.87422e-05
  347 346.5 0.20442 8.8724e-05
  348 347.5 0.204206 8.86311e-05
  349 348.5 0.206668 8.96997e-05
  350 349.5 0.204552 8.87813e-05
  351 350.5 0.199416 8.65521e-05
  352 351.5 0.199506 8.65911e-05
  353 352.5 0.200098 8.68481e-05
  354 353.5 0.206248 8.95174e-05
  355 354.5 0.20763 9.01172e-05
  356 355.5 0.208428 9.04635e-05
  357 356.5 0.21258 9.22656e-05
  358 357.5 0.213036 9.24635e-05
  359 358.5 0.209764 9.10434e-05
  360 359.5 0.209132 9.07691e-05
  361 360.5 0.20825 9.03863e-05
  362 361.5 0.214592 9.31389e-05
  363 362.5 0.216458 9.39488e-05
  364 363.5 0.213748 9.27726e-05
  365 364.5 0.208468 9.04809e-05
  366 365.5 0.210842 9.15113e-05
  367 366.5 0.207948 9.02552e-05
  368 367.5 0.209958 9.11276e-05
  369 368.5 0.209836 9.10747e-05
  370 369.5 0.215876 9.36962e-05
  371 370.5 0.220288 9.56111e-05
  372 371.5 0.228536 9.9191e-05
  373 372.5 0.230706 0.000100133
  374 373.5 0.230994 0.000100258
  375 374.5 0.241368 0.00010476
  376 375.5 0.253772 0.000110144
  377 376.5 0.281864 0.000122337
  378 377.5 0.327496 0.000142142
  379 378.5 0.40945 0.000177713
  380 379.5 0.549606 0.000238544
  381 380.5 0.800382 0.000347388
  382 381.5 1.245 0.000540365
  383 382.5 2.01429 0.000874258
  384 383.5 3.26993 0.00141924
  385 384.5 5.16356 0.00224113
  386 385.5 7.68078 0.00333367
  387 386.5 10.7341 0.00465889
  388 387.5 13.9729 0.00606463
  389 388.5 17.0784 0.00741252
  390 389.5 19.7703 0.00858086
  391 390.5 21.8786 0.00949593
  392 391.5 23.4147 0.0101626
  393 392.5 24.5641 0.0106615
  394 393.5 25.4359 0.0110399
  395 394.5 26.0374 0.011301
  396 395.5 26.4683 0.011488
  397 396.5 26.8245 0.0116426
  398 397.5 27.1352 0.0117774
  399 398.5 27.324 0.0118594
  400 399.5 27.4672 0.0119215
  401 400.5 27.6057 0.0119816
  402 401.5 27.7042 0.0120244
  403 402.5 27.8165 0.0120731
  404 403.5 27.8311 0.0120795
  405 404.5 27.8706 0.0120966
  406 405.5 27.9403 0.0121269
  407 406.5 27.99 0.0121484
  408 407.5 27.9622 0.0121364
  409 408.5 28.0097 0.012157
  410 409.5 28.0445 0.0121721
  411 410.5 28.0633 0.0121802
  412 411.5 28.0117 0.0121579
  413 412.5 28.0466 0.012173
  414 413.5 28.0869 0.0121905
  415 414.5 28.0957 0.0121943
  416 415.5 28.0708 0.0121835
  417 416.5 28.1014 0.0121968
  418 417.5 28.1103 0.0122007
  419 418.5 28.0781 0.0121867
  420 419.5 28.1031 0.0121975
  421 420.5 28.1106 0.0122008
  422 421.5 28.1156 0.012203
  423 422.5 28.1177 0.0122039
  424 423.5 28.0936 0.0121934
  425 424.5 28.1102 0.0122006
  426 425.5 28.1545 0.0122198
  427 426.5 28.1231 0.0122062
  428 427.5 28.1521 0.0122188
  429 428.5 28.1228 0.0122061
  430 429.5 28.1512 0.0122184
  431 430.5 28.1239 0.0122066
  432 431.5 28.1469 0.0122165
  433 432.5 28.1307 0.0122095
  434 433.5 28.1516 0.0122186
  435 434.5 28.1309 0.0122096
  436 435.5 28.1773 0.0122297
  437 436.5 28.1485 0.0122172
  438 437.5 28.1329 0.0122105
  439 438.5 28.1223 0.0122058
  440 439.5 28.1719 0.0122274
  441 440.5 28.1721 0.0122275
  442 441.5 28.1309 0.0122096
  443 442.5 28.1628 0.0122234
  444 443.5 28.182 0.0122318
  445 444.5 28.1852 0.0122332
  446 445.5 28.1892 0.0122349
  447 446.5 28.2122 0.0122449
  448 447.5 28.1952 0.0122375
  449 448.5 28.2057 0.012242
  450 449.5 28.2149 0.0122461
  451 450.5 28.2085 0.0122433
  452 451.5 28.174 0.0122283
  453 452.5 28.2125 0.012245
  454 453.5 28.2162 0.0122466
  455 454.5 28.1916 0.0122359
  456 455.5 28.1774 0.0122298
  457 456.5 28.2113 0.0122445
  458 457.5 28.1821 0.0122318
  459 458.5 28.1795 0.0122307
  460 459.5 28.1878 0.0122343
  461 460.5 28.1866 0.0122338
  462 461.5 28.1729 0.0122278
  463 462.5 28.1938 0.0122369
  464 463.5 28.1959 0.0122378
  465 464.5 28.1745 0.0122285
  466 465.5 28.1691 0.0122262
  467 466.5 28.1929 0.0122365
  468 467.5 28.1779 0.01223
  469 468.5 28.1649 0.0122244
  470 469.5 28.1644 0.0122241
  471 470.5 28.1866 0.0122338
  472 471.5 28.1476 0.0122168
  473 472.5 28.1454 0.0122159
  474 473.5 28.1467 0.0122164
  475 474.5 28.1653 0.0122245
  476 475.5 28.1311 0.0122097
  477 476.5 28.1043 0.0121981
  478 477.5 28.1403 0.0122137
  479 478.5 28.1444 0.0122154
  480 479.5 28.1163 0.0122033
50000000 480 5013.000000000006
  1 0.5 28.2817 0.0122751
  2 1.5 28.2609 0.012266
  3 2.5 28.2617 0.0122664
  4 3.5 28.2592 0.0122653
  5 4.5 28.2521 0.0122622
  6 5.5 28.273 0.0122713
  7 6.5 28.2735 0.0122715
  8 7.5 28.2334 0.0122541
  9 8.5 28.2492 0.0122609
  10 9.5 28.2551 0.0122635
  11 10.5 28.2628 0.0122669
  12 11.5 28.2298 0.0122525
  13 12.5 28.224 0.01225
  14 13.5 28.2192 0.0122479
  15 14.5 28.2281 0.0122518
  16 15.5 28.1849 0.012233
  17 16.5 28.2236 0.0122498
  18 17.5 28.207 0.0122426
  19 18.5 28.1895 0.012235
  20 19.5 28.184 0.0122326
  21 20.5 28.1972 0.0122384
  22 21.5 28.2031 0.0122409
  23 22.5 28.1794 0.0122306
  24 23.5 28.1887 0.0122347
  25 24.5 28.1803 0.0122311
  26 25.5 28.1556 0.0122203
  27 26.5 28.1657 0.0122247
  28 27.5 28.1638 0.0122239
  29 28.5 28.1606 0.0122225
  30 29.5 28.19 0.0122353
  31 30.5 28.174 0.0122283
  32 31.5 28.1756 0.012229
  33 32.5 28.2077 0.0122429
  34 33.5 28.1953 0.0122376
  35 34.5 28.1693 0.0122263
  36 35.5 28.2027 0.0122407
  37 36.5 28.1966 0.0122381
  38 37.5 28.1846 0.0122329
  39 38.5 28.1757 0.012229
  40 39.5 28.1812 0.0122314
  41 40.5 28.1694 0.0122263
  42 41.5 28.1769 0.0122296
  43 42.5 28.1505 0.0122181
  44 43.5 28.204 0.0122413
  45 44.5 28.1409 0.0122139
  46 45.5 28.1314 0.0122098
  47 46.5 28.1443 0.0122154
  48 47.5 28.153 0.0122192
  49 48.5 28.1358 0.0122117
  50 49.5 28.0904 0.012192
  51 50.5 28.0679 0.0121822
  52 51.5 28.021 0.0121619
  53 52.5 27.9676 0.0121387
  54 53.5 27.9161 0.0121164
  55 54.5 27.8101 0.0120703
  56 55.5 27.6977 0.0120216
  57 56.5 27.5652 0.0119641
  58 57.5 27.401 0.0118928
  59 58.5 27.1441 0.0117813
  60 59.5 26.8752 0.0116646
  61 60.5 26.517 0.0115091
  62 61.5 26.0712 0.0113156
  63 62.5 25.5019 0.0110685
  64 63.5 24.866 0.0107926
  65 64.5 24.0668 0.0104456
  66 65.5 23.084 0.0100191
  67 66.5 21.9561 0.00952955
  68 67.5 20.6869 0.00897867
  69 68.5 19.2694 0.00836345
  70 69.5 17.7396 0.00769947
  71 70.5 16.1268 0.00699949
  72 71.5 14.4906 0.00628934
  73 72.5 12.8412 0.00557343
  74 73.5 11.2695 0.00489126
  75 74.5 9.78805 0.00424829
  76 75.5 8.46854 0.00367558
  77 76.5 7.29052 0.00316429
  78 77.5 6.28306 0.00272702
  79 78.5 5.45143 0.00236607
  80 79.5 4.7602 0.00206606
  81 80.5 4.22165 0.00183231
  82 81.5 3.79321 0.00164636
  83 82.5 3.4455 0.00149544
  84 83.5 3.17916 0.00137985
  85 84.5 2.98205 0.00129429
  86 85.5 2.84199 0.0012335
  87 86.5 2.72178 0.00118133
  88 87.5 2.64044 0.00114602
  89 88.5 2.57695 0.00111847
  90 89.5 2.53088 0.00109847
  91 90.5 2.49376 0.00108236
  92 91.5 2.47594 0.00107463
  93 92.5 2.45203 0.00106425
  94 93.5 2.42969 0.00105455
  95 94.5 2.41875 0.0010498
  96 95.5 2.41026 0.00104612
  97 96.5 2.41004 0.00104602
  98 97.5 2.41427 0.00104786
  99 98.5 2.40413 0.00104346
  100 99.5 2.40017 0.00104174
  101 100.5 2.40501 0.00104384
  102 101.5 2.40663 0.00104455
  103 102.5 2.394 0.00103906
  104 103.5 2.39097 0.00103775
  105 104.5 2.3832 0.00103438
  106 105.5 2.387 0.00103602
  107 106.5 2.38426 0.00103483
  108 107.5 2.38024 0.00103309
  109 108.5 2.37154 0.00102931
  110 109.5 2.37366 0.00103023
  111 110.5 2.35661 0.00102283
  112 111.5 2.36251 0.00102539
  113 112.5 2.37483 0.00103074
  114 113.5 2.36961 0.00102848
  115 114.5 2.37829 0.00103224
  116 115.5 2.368 0.00102778
  117 116.5 2.36828 0.0010279
  118 117.5 2.37442 0.00103056
  119 118.5 2.38313 0.00103434
  120 119.5 2.38155 0.00103366
  121 120.5 2.37345 0.00103014
  122 121.5 2.37146 0.00102928
  123 122.5 2.37738 0.00103185
  124 123.5 2.36908 0.00102825
  125 124.5 2.36406 0.00102607
  126 125.5 2.36338 0.00102577
  127 126.5 2.36437 0.0010262
  128 127.5 2.35888 0.00102382
  129 128.5 2.35993 0.00102427
  130 129.5 2.35476 0.00102203
  131 130.5 2.34507 0.00101783
  132 131.5 2.35215 0.0010209
  133 132.5 2.35851 0.00102366
  134 133.5 2.35797 0.00102343
  135 134.5 2.34869 0.0010194
  136 135.5 2.34445 0.00101756
  137 136.5 2.34908 0.00101957
  138 137.5 2.33992 0.00101559
  139 138.5 2.34434 0.00101751
  140 139.5 2.35011 0.00102001
  141 140.5 2.35356 0.00102151
  142 141.5 2.35566 0.00102242
  143 142.5 2.35346 0.00102147
  144 143.5 2.35153 0.00102063
  145 144.5 2.35892 0.00102384
  146 145.5 2.36646 0.00102711
  147 146.5 2.35923 0.00102397
  148 147.5 2.35514 0.0010222
  149 148.5 2.34719 0.00101875
  150 149.5 2.3394 0.00101536
  151 150.5 2.3398 0.00101554
  152 151.5 2.34928 0.00101965
  153 152.5 2.334 0.00101302
  154 153.5 2.31952 0.00100674
  155 154.5 2.32589 0.0010095
  156 155.5 2.33244 0.00101234
  157 156.5 2.34376 0.00101726
  158 157.5 2.33733 0.00101447
  159 158.5 2.32787 0.00101036
  160 159.5 2.34208 0.00101653
  161 160.5 2.33775 0.00101465
  162 161.5 2.34249 0.00101671
  163 162.5 2.34095 0.00101604
  164 163.5 2.33381 0.00101294
  165 164.5 2.34581 0.00101815
  166 165.5 2.34055 0.00101586
  167 166.5 2.34659 0.00101848
  168 167.5 2.34719 0.00101874
  169 168.5 2.34459 0.00101762
  170 169.5 2.35611 0.00102262
  171 170.5 2.363 0.00102561
  172 171.5 2.36294 0.00102558
  173 172.5 2.36329 0.00102574
  174 173.5 2.35947 0.00102408
  175 174.5 2.35436 0.00102186
  176 175.5 2.34586 0.00101817
  177 176.5 2.34595 0.00101821
  178 177.5 2.34296 0.00101691
  179 178.5 2.34047 0.00101583
  180 179.5 2.35198 0.00102082
  181 180.5 2.34999 0.00101996
  182 181.5 2.34589 0.00101818
  183 182.5 2.35986 0.00102424
  184 183.5 2.3602 0.00102439
  185 184.5 2.3566 0.00102283
  186 185.5 2.36975 0.00102854
  187 186.5 2.3693 0.00102834
  188 187.5 2.37059 0.0010289
  189 188.5 2.36979 0.00102856
  190 189.5 2.36238 0.00102534
  191 190.5 2.3573 0.00102313
  192 191.5 2.36967 0.0010285
  193 192.5 2.37388 0.00103033
  194 193.5 2.36611 0.00102696
  195 194.5 2.38095 0.0010334
  196 195.5 2.37559 0.00103107
  197 196.5 2.3645 0.00102626
  198 197.5 2.35884 0.0010238
  199 198.5 2.36384 0.00102597
  200 199.5 2.36442 0.00102622
  201 200.5 2.36019 0.00102439
  202 201.5 2.3684 0.00102795
  203 202.5 2.37021 0.00102874
  204 203.5 2.37201 0.00102952
  205 204.5 2.38567 0.00103545
  206 205.5 2.40725 0.00104481
  207 206.5 2.42036 0.0010505
  208 207.5 2.45403 0.00106512
  209 208.5 2.50456 0.00108705
  210 209.5 2.56031 0.00111124
  211 210.5 2.63665 0.00114438
  212 211.5 2.73258 0.00118601
  213 212.5 2.85162 0.00123768
  214 213.5 3.01064 0.0013067
  215 214.5 3.1944 0.00138646
  216 215.5 3.45432 0.00149927
  217 216.5 3.78382 0.00164228
  218 217.5 4.20179 0.00182369
  219 218.5 4.64449 0.00201584
  220 219.5 5.14306 0.00223223
  221 220.5 5.62787 0.00244265
  222 221.5 6.01988 0.00261279
  223 222.5 6.1845 0.00268424
  224 223.5 6.03893 0.00262106
  225 224.5 5.52203 0.00239672
  226 225.5 4.71669 0.00204718
  227 226.5 3.78527 0.00164291
  228 227.5 2.8321 0.00122921
  229 228.5 2.01244 0.000873453
  230 229.5 1.3843 0.000600823
  231 230.5 0.943336 0.000409434
  232 231.5 0.661504 0.000287111
  233 232.5 0.488824 0.000212163
  234 233.5 0.377808 0.000163979
  235 234.5 0.310008 0.000134552
  236 235.5 0.274312 0.000119059
  237 236.5 0.246258 0.000106883
  238 237.5 0.233478 0.000101336
  239 238.5 0.222776 9.6691e-05
  240 239.5 0.215134 9.33741e-05
  241 240.5 0.216496 9.39653e-05
  242 241.5 0.218922 9.50182e-05
  243 242.5 0.216784 9.40903e-05
  244 243.5 0.219648 9.53333e-05
  245 244.5 0.218416 9.47986e-05
  246 245.5 0.218288 9.47431e-05
  247 246.5 0.215692 9.36163e-05
  248 247.5 0.219122 9.5105e-05
  249 248.5 0.215116 9.33663e-05
  250 249.5 0.210648 9.14271e-05
  251 250.5 0.210982 9.1572e-05
  252 251.5 0.208186 9.03585e-05
  253 252.5 0.207866 9.02196e-05
  254 253.5 0.206308 8.95434e-05
  255 254.5 0.202816 8.80278e-05
  256 255.5 0.199458 8.65703e-05
  257 256.5 0.197044 8.55226e-05
  258 257.5 0.195568 8.48819e-05
  259 258.5 0.197114 8.5553e-05
  260 259.5 0.199336 8.65174e-05
  261 260.5 0.206436 8.9599e-05
  262 261.5 0.201834 8.76016e-05
  263 262.5 0.198616 8.62049e-05
  264 263.5 0.198424 8.61215e-05
  265 264.5 0.196138 8.51293e-05
  266 265.5 0.192628 8.36059e-05
  267 266.5 0.18999 8.24609e-05
  268 267.5 0.195704 8.4941e-05
  269 268.5 0.198056 8.59618e-05
  270 269.5 0.196438 8.52595e-05
  271 270.5 0.198014 8.59436e-05
  272 271.5 0.200546 8.70425e-05
  273 272.5 0.207694 9.0145e-05
  274 273.5 0.210532 9.13767e-05
  275 274.5 0.207738 9.01641e-05
  276 275.5 0.209856 9.10833e-05
  277 276.5 0.206864 8.97847e-05
  278 277.5 0.205034 8.89905e-05
  279 278.5 0.210826 9.15043e-05
  280 279.5 0.212072 9.20451e-05
  281 280.5 0.21267 9.23047e-05
  282 281.5 0.209658 9.09974e-05
  283 282.5 0.209602 9.09731e-05
  284 283.5 0.208364 9.04358e-05
  285 284.5 0.20731 8.99783e-05
  286 285.5 0.205762 8.93064e-05
  287 286.5 0.203212 8.81997e-05
  288 287.5 0.207472 9.00486e-05
  289 288.5 0.21055 9.13845e-05
  290 289.5 0.20701 8.98481e-05
  291 290.5 0.201622 8.75095e-05
  292 291.5 0.197246 8.56102e-05
  293 292.5 0.198878 8.63186e-05
  294 293.5 0.195336 8.47813e-05
  295 294.5 0.197242 8.56085e-05
  296 295.5 0.196306 8.52023e-05
  297 296.5 0.199064 8.63993e-05
  298 297.5 0.200962 8.72231e-05
  299 298.5 0.201858 8.7612e-05
  300 299.5 0.20407 8.8572e-05
  301 300.5 0.204868 8.89184e-05
  302 301.5 0.200842 8.7171e-05
  303 302.5 0.195846 8.50026e-05
  304 303.5 0.198658 8.62231e-05
  305 304.5 0.194038 8.42179e-05
  306 305.5 0.193314 8.39036e-05
  307 306.5 0.191922 8.32995e-05
  308 307.5 0.188714 8.19071e-05
  309 308.5 0.184556 8.01024e-05
  310 309.5 0.181548 7.87969e-05
  311 310.5 0.179426 7.78759e-05
  312 311.5 0.177052 7.68455e-05
  313 312.5 0.181936 7.89653e-05
  314 313.5 0.182578 7.92439e-05
  315 314.5 0.18032 7.82639e-05
  316 315.5 0.177236 7.69253e-05
  317 316.5 0.175634 7.623e-05
  318 317.5 0.173114 7.51363e-05
  319 318.5 0.171568 7.44653e-05
  320 319.5 0.175584 7.62083e-05
  321 320.5 0.174746 7.58446e-05
  322 321.5 0.180178 7.82023e-05
  323 322.5 0.186646 8.10095e-05
  324 323.5 0.1906 8.27257e-05
  325 324.5 0.190966 8.28845e-05
  326 325.5 0.192846 8.37005e-05
  327 326.5 0.198592 8.61944e-05
  328 327.5 0.203416 8.82882e-05
  329 328.5 0.206842 8.97752e-05
  330 329.5 0.212764 9.23455e-05
  331 330.5 0.216054 9.37734e-05
  332 331.5 0.21755 9.44227e-05
  333 332.5 0.215216 9.34097e-05
  334 333.5 0.215578 9.35668e-05
  335 334.5 0.215646 9.35964e-05
  336 335.5 0.214886 9.32665e-05
  337 336.5 0.2209 9.58767e-05
  338 337.5 0.222106 9.64002e-05
  339 338.5 0.220654 9.577e-05
  340 339.5 0.218076 9.4651e-05
  341 340.5 0.214966 9.33012e-05
  342 341.5 0.217322 9.43238e-05
  343 342.5 0.211896 9.19687e-05
  344 343.5 0.204834 8.89036e-05
  345 344.5 0.206372 8.95712e-05
  346 345.5 0.199416 8.65521e-05
  347 346.5 0.201068 8.72691e-05
  348 347.5 0.203198 8.81936e-05
  349 348.5 0.20197 8.76606e-05
  350 349.5 0.205828 8.93351e-05
  351 350.5 0.206854 8.97804e-05
  352 351.5 0.204604 8.88038e-05
  353 352.5 0.204694 8.88429e-05
  354 353.5 0.205886 8.93602e-05
  355 354.5 0.210942 9.15547e-05
  356 355.5 0.209484 9.09219e-05
  357 356.5 0.210778 9.14835e-05
  358 357.5 0.20796 9.02604e-05
  359 358.5 0.204466 8.87439e-05
  360 359.5 0.202354 8.78273e-05
  361 360.5 0.206458 8.96085e-05
  362 361.5 0.202514 8.78967e-05
  363 362.5 0.202322 8.78134e-05
  364 363.5 0.2019 8.76302e-05
  365 364.5 0.20571 8.92839e-05
  366 365.5 0.212462 9.22144e-05
  367 366.5 0.214688 9.31806e-05
  368 367.5 0.22042 9.56684e-05
  369 368.5 0.221256 9.60313e-05
  370 369.5 0.217402 9.43585e-05
  371 370.5 0.217782 9.45234e-05
  372 371.5 0.215936 9.37222e-05
  373 372.5 0.21848 9.48264e-05
  374 373.5 0.226106 9.81363e-05
  375 374.5 0.234292 0.000101689
  376 375.5 0.239596 0.000103991
  377 376.5 0.258354 0.000112133
  378 377.5 0.288918 0.000125398
  379 378.5 0.346724 0.000150488
  380 379.5 0.440538 0.000191206
  381 380.5 0.602216 0.000261378
  382 381.5 0.891312 0.000386854
  383 382.5 1.42183 0.000617113
  384 383.5 2.32956 0.0010111
  385 384.5 3.75798 0.00163107
  386 385.5 5.81234 0.00252272
  387 386.5 8.52629 0.00370065
  388 387.5 11.6524 0.00505745
  389 388.5 14.8891 0.00646229
  390 389.5 17.9029 0.00777035
  391 390.5 20.4687 0.008884
  392 391.5 22.3862 0.00971621
  393 392.5 23.8364 0.0103457
  394 393.5 24.9058 0.0108098
  395 394.5 25.7062 0.0111572
  396 395.5 26.2493 0.0113929
  397 396.5 26.6919 0.011585
  398 397.5 26.9844 0.011712
  399 398.5 27.2848 0.0118424
  400 399.5 27.4346 0.0119074
  401 400.5 27.5952 0.0119771
  402 401.5 27.7028 0.0120238
  403 402.5 27.8319 0.0120798
  404 403.5 27.9017 0.0121101
  405 404.5 27.9325 0.0121235
  406 405.5 28.015 0.0121593
  407 406.5 28.0428 0.0121713
  408 407.5 28.0553 0.0121768
  409 408.5 28.0598 0.0121787
  410 409.5 28.1003 0.0121963
  411 410.5 28.0846 0.0121895
  412 411.5 28.119 0.0122044
  413 412.5 28.1209 0.0122052
  414 413.5 28.1433 0.012215
  415 414.5 28.1528 0.0122191
  416 415.5 28.1513 0.0122184
  417 416.5 28.1718 0.0122273
  418 417.5 28.137 0.0122122
  419 418.5 28.1527 0.0122191
  420 419.5 28.1607 0.0122225
  421 420.5 28.17 0.0122266
  422 421.5 28.1236 0.0122064
  423 422.5 28.1218 0.0122056
  424 423.5 28.1656 0.0122246
  425 424.5 28.164 0.0122239
  426 425.5 28.152 0.0122188
  427 426.5 28.1238 0.0122065
  428 427.5 28.1558 0.0122204
  429 428.5 28.1522 0.0122189
  430 429.5 28.1505 0.0122181
  431 430.5 28.1381 0.0122127
  432 431.5 28.1555 0.0122203
  433 432.5 28.1614 0.0122228
  434 433.5 28.1456 0.012216
  435 434.5 28.1386 0.0122129
  436 435.5 28.1266 0.0122077
  437 436.5 28.1488 0.0122173
  438 437.5 28.1438 0.0122152
  439 438.5 28.1651 0.0122244
  440 439.5 28.1748 0.0122286
  441 440.5 28.1486 0.0122173
  442 441.5 28.1689 0.0122261
  443 442.5 28.1839 0.0122326
  444 443.5 28.1831 0.0122322
  445 444.5 28.1371 0.0122123
  446 445.5 28.1972 0.0122384
  447 446.5 28.2071 0.0122426
  448 447.5 28.1793 0.0122306
  449 448.5 28.1591 0.0122218
  450 449.5 28.1695 0.0122263
  451 450.5 28.1866 0.0122338
  452 451.5 28.1934 0.0122367
  453 452.5 28.1657 0.0122247
  454 453.5 28.1988 0.0122391
  455 454.5 28.1949 0.0122374
  456 455.5 28.2367 0.0122555
  457 456.5 28.189 0.0122348
  458 457.5 28.2034 0.0122411
  459 458.5 28.2095 0.0122437
  460 459.5 28.2269 0.0122512
  461 460.5 28.1825 0.012232
  462 461.5 28.2227 0.0122494
  463 462.5 28.2224 0.0122493
  464 463.5 28.2101 0.012244
  465 464.5 28.2281 0.0122518
  466 465.5 28.2523 0.0122623
  467 466.5 28.219 0.0122478
  468 467.5 28.2334 0.0122541
  469 468.5 28.2325 0.0122537
  470 469.5 28.2462 0.0122596
  471 470.5 28.2221 0.0122492
  472 471.5 28.2735 0.0122715
  473 472.5 28.2647 0.0122677
  474 473.5 28.2479 0.0122604
  475 474.5 28.2321 0.0122535
  476 475.5 28.2956 0.0122811
  477 476.5 28.2839 0.012276
  478 477.5 28.2649 0.0122678
  479 478.5 28.2641 0.0122674
  480 479.5 28.2827 0.0122755
