# Chunk-averaged data for fix tensor3 and group c2
# Timestep Number-of-chunks Total-count
# Chunk Coord1 Ncount density/number
20000000 480 5898.9999999999945
  1 0.5 0.978342 0.000424628
  2 1.5 0.973992 0.00042274
  3 2.5 0.980132 0.000425405
  4 3.5 0.987034 0.0004284
  5 4.5 0.990726 0.000430003
  6 5.5 0.989556 0.000429495
  7 6.5 0.979936 0.000425319
  8 7.5 0.983738 0.00042697
  9 8.5 0.975712 0.000423486
  10 9.5 0.977002 0.000424046
  11 10.5 0.980324 0.000425488
  12 11.5 0.980482 0.000425556
  13 12.5 0.970534 0.000421239
  14 13.5 0.981518 0.000426006
  15 14.5 0.982156 0.000426283
  16 15.5 0.986248 0.000428059
  17 16.5 0.991904 0.000430514
  18 17.5 0.989126 0.000429308
  19 18.5 0.976406 0.000423787
  20 19.5 0.971406 0.000421617
  21 20.5 0.97109 0.00042148
  22 21.5 0.970324 0.000421148
  23 22.5 0.971904 0.000421833
  24 23.5 0.977002 0.000424046
  25 24.5 0.976454 0.000423808
  26 25.5 0.982622 0.000426485
  27 26.5 0.982036 0.000426231
  28 27.5 0.979566 0.000425159
  29 28.5 0.983076 0.000426682
  30 29.5 0.9777 0.000424349
  31 30.5 0.964328 0.000418545
  32 31.5 0.957044 0.000415384
  33 32.5 0.94612 0.000410642
  34 33.5 0.952528 0.000413424
  35 34.5 0.95682 0.000415286
  36 35.5 0.952886 0.000413579
  37 36.5 0.946764 0.000410922
  38 37.5 0.942054 0.000408878
  39 38.5 0.94338 0.000409453
  40 39.5 0.936324 0.000406391
  41 40.5 0.93614 0.000406311
  42 41.5 0.936736 0.000406569
  43 42.5 0.938922 0.000407518
  44 43.5 0.939242 0.000407657
  45 44.5 0.938848 0.000407486
  46 45.5 0.94461 0.000409987
  47 46.5 0.946216 0.000410684
  48 47.5 0.955054 0.00041452
  49 48.5 0.966112 0.000419319
  50 49.5 0.976486 0.000423822
  51 50.5 0.982042 0.000426234
  52 51.5 0.993002 0.00043099
  53 52.5 1.02132 0.00044328
  54 53.5 1.04195 0.000452234
  55 54.5 1.05813 0.000459257
  56 55.5 1.08161 0.00046945
  57 56.5 1.11277 0.000482975
  58 57.5 1.13919 0.000494438
  59 58.5 1.16606 0.000506103
  60 59.5 1.19429 0.000518357
  61 60.5 1.21676 0.000528106
  62 61.5 1.22782 0.000532909
  63 62.5 1.22297 0.000530803
  64 63.5 1.19542 0.000518845
  65 64.5 1.13251 0.000491543
  66 65.5 1.05534 0.000458045
  67 66.5 0.953352 0.000413781
  68 67.5 0.835574 0.000362662
  69 68.5 0.721052 0.000312957
  70 69.5 0.610136 0.000264816
  71 70.5 0.512882 0.000222605
  72 71.5 0.432018 0.000187508
  73 72.5 0.361534 0.000156916
  74 73.5 0.313248 0.000135958
  75 74.5 0.279458 0.000121293
  76 75.5 0.25304 0.000109826
  77 76.5 0.233208 0.000101219
  78 77.5 0.216448 9.39444e-05
  79 78.5 0.206778 8.97474e-05
  80 79.5 0.200144 8.68681e-05
  81 80.5 0.197616 8.57708e-05
  82 81.5 0.195392 8.48056e-05
  83 82.5 0.193296 8.38958e-05
  84 83.5 0.191962 8.33168e-05
  85 84.5 0.18932 8.21701e-05
  86 85.5 0.185656 8.05799e-05
  87 86.5 0.187626 8.14349e-05
  88 87.5 0.188974 8.202e-05
  89 88.5 0.187898 8.1553e-05
  90 89.5 0.187038 8.11797e-05
  91 90.5 0.189556 8.22726e-05
  92 91.5 0.188024 8.16076e-05
  93 92.5 0.18941 8.22092e-05
  94 93.5 0.190168 8.25382e-05
  95 94.5 0.189502 8.22491e-05
  96 95.5 0.186728 8.10451e-05
  97 96.5 0.188638 8.18741e-05
  98 97.5 0.18866 8.18837e-05
  99 98.5 0.188472 8.18021e-05
  100 99.5 0.191212 8.29913e-05
  101 100.5 0.189358 8.21866e-05
  102 101.5 0.189874 8.24106e-05
  103 102.5 0.189102 8.20755e-05
  104 103.5 0.18802 8.16059e-05
  105 104.5 0.189352 8.2184e-05
  106 105.5 0.194478 8.44089e-05
  107 106.5 0.191096 8.2941e-05
  108 107.5 0.189224 8.21285e-05
  109 108.5 0.192576 8.35833e-05
  110 109.5 0.189806 8.23811e-05
  111 110.5 0.192446 8.35269e-05
  112 111.5 0.190548 8.27031e-05
  113 112.5 0.190578 8.27161e-05
  114 113.5 0.188256 8.17083e-05
  115 114.5 0.188342 8.17457e-05
  116 115.5 0.193854 8.4138e-05
  117 116.5 0.196242 8.51745e-05
  118 117.5 0.192114 8.33828e-05
  119 118.5 0.194294 8.4329e-05
  120 119.5 0.195312 8.47708e-05
  121 120.5 0.192726 8.36484e-05
  122 121.5 0.192124 8.33872e-05
  123 122.5 0.19111 8.2947e-05
  124 123.5 0.192504 8.35521e-05
  125 124.5 0.18904 8.20486e-05
  126 125.5 0.188296 8.17257e-05
  127 126.5 0.189932 8.24358e-05
  128 127.5 0.193872 8.41458e-05
  129 128.5 0.1921 8.33767e-05
  130 129.5 0.191774 8.32352e-05
  131 130.5 0.194046 8.42214e-05
  132 131.5 0.194294 8.4329e-05
  133 132.5 0.193326 8.39089e-05
  134 133.5 0.193422 8.39505e-05
  135 134.5 0.194044 8.42205e-05
  136 135.5 0.190562 8.27092e-05
  137 136.5 0.191776 8.32361e-05
  138 137.5 0.192736 8.36528e-05
  139 138.5 0.192718 8.3645e-05
  140 139.5 0.193436 8.39566e-05
  141 140.5 0.196228 8.51684e-05
  142 141.5 0.192396 8.35052e-05
  143 142.5 0.192412 8.35122e-05
  144 143.5 0.197164 8.55747e-05
  145 144.5 0.194574 8.44505e-05
  146 145.5 0.192314 8.34696e-05
  147 146.5 0.191336 8.30451e-05
  148 147.5 0.191916 8.32969e-05
  149 148.5 0.18889 8.19835e-05
  150 149.5 0.189942 8.24401e-05
  151 150.5 0.192218 8.3428e-05
  152 151.5 0.193234 8.38689e-05
  153 152.5 0.1918 8.32465e-05
  154 153.5 0.189868 8.2408e-05
  155 154.5 0.191724 8.32135e-05
  156 155.5 0.192246 8.34401e-05
  157 156.5 0.19249 8.3546e-05
  158 157.5 0.191346 8.30495e-05
  159 158.5 0.192174 8.34089e-05
  160 159.5 0.192202 8.3421e-05
  161 160.5 0.195612 8.4901e-05
  162 161.5 0.193256 8.38785e-05
  163 162.5 0.194468 8.44045e-05
  164 163.5 0.190334 8.26102e-05
  165 164.5 0.189236 8.21337e-05
  166 165.5 0.18908 8.2066e-05
  167 166.5 0.190058 8.24905e-05
  168 167.5 0.19104 8.29167e-05
  169 168.5 0.191462 8.30998e-05
  170 169.5 0.19078 8.28038e-05
  171 170.5 0.18837 8.17578e-05
  172 171.5 0.191924 8.33003e-05
  173 172.5 0.192034 8.33481e-05
  174 173.5 0.189282 8.21536e-05
  175 174.5 0.193334 8.39123e-05
  176 175.5 0.19121 8.29905e-05
  177 176.5 0.191282 8.30217e-05
  178 177.5 0.190652 8.27483e-05
  179 178.5 0.192518 8.35582e-05
  180 179.5 0.19035 8.26172e-05
  181 180.5 0.19331 8.39019e-05
  182 181.5 0.194502 8.44193e-05
  183 182.5 0.19761 8.57682e-05
  184 183.5 0.196772 8.54045e-05
  185 184.5 0.197906 8.58967e-05
  186 185.5 0.199218 8.64661e-05
  187 186.5 0.197058 8.55286e-05
  188 187.5 0.196086 8.51068e-05
  189 188.5 0.19372 8.40799e-05
  190 189.5 0.19479 8.45443e-05
  191 190.5 0.189578 8.22821e-05
  192 191.5 0.19454 8.44358e-05
  193 192.5 0.193974 8.41901e-05
  194 193.5 0.194222 8.42977e-05
  195 194.5 0.19633 8.52127e-05
  196 195.5 0.195206 8.47248e-05
  197 196.5 0.194022 8.42109e-05
  198 197.5 0.196244 8.51753e-05
  199 198.5 0.194214 8.42943e-05
  200 199.5 0.195824 8.49931e-05
  201 200.5 0.199186 8.64523e-05
  202 201.5 0.198558 8.61797e-05
  203 202.5 0.199162 8.64418e-05
  204 203.5 0.199466 8.65738e-05
  205 204.5 0.202568 8.79201e-05
  206 205.5 0.202856 8.80451e-05
  207 206.5 0.210492 9.13594e-05
  208 207.5 0.21918 9.51302e-05
  209 208.5 0.22588 9.80382e-05
  210 209.5 0.238418 0.00010348
  211 210.5 0.260884 0.000113231
  212 211.5 0.289688 0.000125733
  213 212.5 0.333872 0.00014491
  214 213.5 0.39559 0.000171697
  215 214.5 0.488918 0.000212204
  216 215.5 0.623016 0.000270406
  217 216.5 0.837098 0.000363324
  218 217.5 1.16007 0.000503503
  219 218.5 1.67047 0.000725032
  220 219.5 2.47233 0.00107306
  221 220.5 3.68582 0.00159975
  222 221.5 5.41475 0.00235015
  223 222.5 7.82437 0.00339599
  224 223.5 10.8603 0.00471367
  225 224.5 14.3763 0.00623971
  226 225.5 18.2275 0.00791125
  227 226.5 21.9738 0.00953724
  228 227.5 25.2978 0.01098
  229 228.5 28.111 0.0122009
  230 229.5 30.3762 0.0131841
  231 230.5 32.0325 0.013903
  232 231.5 33.1474 0.0143869
  233 232.5 33.9801 0.0147483
  234 233.5 34.5472 0.0149944
  235 234.5 34.9187 0.0151557
  236 235.5 35.1503 0.0152562
  237 236.5 35.3661 0.0153499
  238 237.5 35.4782 0.0153985
  239 238.5 35.5496 0.0154295
  240 239.5 35.6287 0.0154638
  241 240.5 35.6974 0.0154936
  242 241.5 35.7287 0.0155072
  243 242.5 35.7592 0.0155205
  244 243.5 35.7429 0.0155134
  245 244.5 35.7745 0.0155271
  246 245.5 35.7995 0.015538
  247 246.5 35.7391 0.0155118
  248 247.5 35.7617 0.0155216
  249 248.5 35.795 0.015536
  250 249.5 35.7586 0.0155202
  251 250.5 35.7541 0.0155183
  252 251.5 35.7936 0.0155354
  253 252.5 35.7859 0.0155321
  254 253.5 35.7296 0.0155077
  255 254.5 35.7732 0.0155266
  256 255.5 35.7919 0.0155347
  257 256.5 35.7754 0.0155275
  258 257.5 35.7024 0.0154958
  259 258.5 35.7496 0.0155163
  260 259.5 35.7478 0.0155155
  261 260.5 35.7195 0.0155033
  262 261.5 35.6795 0.0154859
  263 262.5 35.7122 0.0155001
  264 263.5 35.7445 0.0155141
  265 264.5 35.6965 0.0154933
  266 265.5 35.6679 0.0154809
  267 266.5 35.7068 0.0154977
  268 267.5 35.7188 0.0155029
  269 268.5 35.638 0.0154679
  270 269.5 35.7112 0.0154997
  271 270.5 35.7072 0.0154979
  272 271.5 35.6823 0.0154871
  273 272.5 35.6858 0.0154886
  274 273.5 35.7542 0.0155183
  275 274.5 35.6972 0.0154936
  276 275.5 35.6973 0.0154936
  277 276.5 35.7668 0.0155238
  278 277.5 35.7429 0.0155134
  279 278.5 35.6612 0.015478
  280 279.5 35.7371 0.0155109
  281 280.5 35.746 0.0155147
  282 281.5 35.6727 0.015483
  283 282.5 35.6845 0.0154881
  284 283.5 35.7196 0.0155033
  285 284.5 35.6781 0.0154853
  286 285.5 35.6422 0.0154697
  287 286.5 35.6683 0.015481
  288 287.5 35.6735 0.0154833
  289 288.5 35.6557 0.0154756
  290 289.5 35.6245 0.015462
  291 290.5 35.6629 0.0154787
  292 291.5 35.6557 0.0154756
  293 292.5 35.6345 0.0154664
  294 293.5 35.6854 0.0154885
  295 294.5 35.633 0.0154657
  296 295.5 35.6516 0.0154738
  297 296.5 35.6589 0.015477
  298 297.5 35.6638 0.0154791
  299 298.5 35.6604 0.0154776
  300 299.5 35.6637 0.015479
  301 300.5 35.6741 0.0154836
  302 301.5 35.6835 0.0154876
  303 302.5 35.6429 0.01547
  304 303.5 35.657 0.0154761
  305 304.5 35.7057 0.0154973
  306 305.5 35.6352 0.0154667
  307 306.5 35.6154 0.0154581
  308 307.5 35.6967 0.0154934
  309 308.5 35.6874 0.0154893
  310 309.5 35.6054 0.0154537
  311 310.5 35.6908 0.0154908
  312 311.5 35.6958 0.015493
  313 312.5 35.6292 0.0154641
  314 313.5 35.6376 0.0154677
  315 314.5 35.6988 0.0154943
  316 315.5 35.6292 0.0154641
  317 316.5 35.6147 0.0154578
  318 317.5 35.6439 0.0154704
  319 318.5 35.659 0.015477
  320 319.5 35.6406 0.015469
  321 320.5 35.6434 0.0154702
  322 321.5 35.6503 0.0154732
  323 322.5 35.6334 0.0154659
  324 323.5 35.6875 0.0154894
  325 324.5 35.6538 0.0154747
  326 325.5 35.6796 0.0154859
  327 326.5 35.6643 0.0154793
  328 327.5 35.7024 0.0154958
  329 328.5 35.6845 0.015488
  330 329.5 35.7103 0.0154993
  331 330.5 35.6954 0.0154928
  332 331.5 35.7036 0.0154963
  333 332.5 35.6981 0.015494
  334 333.5 35.7213 0.015504
  335 334.5 35.7226 0.0155046
  336 335.5 35.7087 0.0154986
  337 336.5 35.6777 0.0154851
  338 337.5 35.7613 0.0155214
  339 338.5 35.7271 0.0155065
  340 339.5 35.7216 0.0155042
  341 340.5 35.7477 0.0155155
  342 341.5 35.7527 0.0155177
  343 342.5 35.7343 0.0155097
  344 343.5 35.7525 0.0155176
  345 344.5 35.7507 0.0155168
  346 345.5 35.7439 0.0155138
  347 346.5 35.7414 0.0155128
  348 347.5 35.7656 0.0155233
  349 348.5 35.7593 0.0155205
  350 349.5 35.7447 0.0155142
  351 350.5 35.7416 0.0155129
  352 351.5 35.7696 0.015525
  353 352.5 35.7534 0.015518
  354 353.5 35.7321 0.0155087
  355 354.5 35.7607 0.0155212
  356 355.5 35.7787 0.0155289
  357 356.5 35.753 0.0155178
  358 357.5 35.7431 0.0155135
  359 358.5 35.8129 0.0155438
  360 359.5 35.7786 0.0155289
  361 360.5 35.7985 0.0155375
  362 361.5 35.7979 0.0155373
  363 362.5 35.8144 0.0155444
  364 363.5 35.8065 0.015541
  365 364.5 35.7841 0.0155313
  366 365.5 35.7979 0.0155373
  367 366.5 35.7719 0.015526
  368 367.5 35.7721 0.0155261
  369 368.5 35.7277 0.0155068
  370 369.5 35.7136 0.0155007
  371 370.5 35.6976 0.0154938
  372 371.5 35.6386 0.0154682
  373 372.5 35.5957 0.0154495
  374 373.5 35.473 0.0153963
  375 374.5 35.38 0.0153559
  376 375.5 35.1703 0.0152649
  377 376.5 34.9551 0.0151715
  378 377.5 34.5645 0.015002
  379 378.5 33.9997 0.0147568
  380 379.5 33.1899 0.0144053
  381 380.5 31.9785 0.0138795
  382 381.5 30.2732 0.0131394
  383 382.5 27.9359 0.012125
  384 383.5 24.9238 0.0108176
  385 384.5 21.3949 0.00928598
  386 385.5 17.5383 0.00761213
  387 386.5 13.6895 0.00594163
  388 387.5 10.2435 0.00444597
  389 388.5 7.39792 0.0032109
  390 389.5 5.23098 0.00227039
  391 390.5 3.70001 0.00160591
  392 391.5 2.68613 0.00116586
  393 392.5 2.03392 0.000882778
  394 393.5 1.63502 0.000709644
  395 394.5 1.39666 0.000606189
  396 395.5 1.24761 0.000541496
  397 396.5 1.15314 0.000500494
  398 397.5 1.10312 0.000478785
  399 398.5 1.07456 0.000466387
  400 399.5 1.04957 0.000455541
  401 400.5 1.03994 0.000451363
  402 401.5 1.03477 0.00044912
  403 402.5 1.02465 0.000444727
  404 403.5 1.02151 0.000443364
  405 404.5 1.02664 0.000445589
  406 405.5 1.02263 0.000443849
  407 406.5 1.02295 0.00044399
  408 407.5 1.01846 0.000442039
  409 408.5 1.02068 0.000443003
  410 409.5 1.02942 0.000446798
  411 410.5 1.03008 0.000447083
  412 411.5 1.03339 0.000448522
  413 412.5 1.02879 0.000446523
  414 413.5 1.03001 0.000447051
  415 414.5 1.01881 0.000442193
  416 415.5 1.01334 0.000439817
  417 416.5 1.02166 0.000443429
  418 417.5 1.02269 0.000443877
  419 418.5 1.01975 0.000442601
  420 419.5 1.02052 0.000442933
  421 420.5 1.02458 0.000444698
  422 421.5 1.0294 0.000446788
  423 422.5 1.03581 0.000449572
  424 423.5 1.0255 0.000445096
  425 424.5 1.02842 0.000446361
  426 425.5 1.03271 0.000448225
  427 426.5 1.03465 0.000449066
  428 427.5 1.0391 0.000450997
  429 428.5 1.03999 0.000451385
  430 429.5 1.033 0.000448352
  431 430.5 1.02902 0.000446622
  432 431.5 1.02274 0.000443897
  433 432.5 1.01492 0.000440503
  434 433.5 1.00889 0.000437888
  435 434.5 1.01881 0.000442194
  436 435.5 1.00771 0.000437373
  437 436.5 1.0027 0.0004352
  438 437.5 1.00631 0.000436768
  439 438.5 1.01799 0.000441834
  440 439.5 1.01714 0.000441469
  441 440.5 1.02625 0.000445423
  442 441.5 1.02182 0.0004435
  443 442.5 1.01843 0.000442028
  444 443.5 1.01593 0.000440943
  445 444.5 1.02137 0.000443305
  446 445.5 1.01145 0.000438996
  447 446.5 1.00864 0.000437776
  448 447.5 1.01433 0.000440248
  449 448.5 1.00639 0.0004368
  450 449.5 1.00294 0.000435306
  451 450.5 1.00626 0.000436746
  452 451.5 1.00154 0.000434698
  453 452.5 0.998396 0.000433332
  454 453.5 0.99755 0.000432964
  455 454.5 1.00352 0.000435555
  456 455.5 1.00067 0.000434319
  457 456.5 1.00259 0.000435154
  458 457.5 1.00545 0.000436391
  459 458.5 1.00173 0.000434777
  460 459.5 0.997428 0.000432911
  461 460.5 0.995436 0.000432047
  462 461.5 1.00481 0.000436114
  463 462.5 1.00494 0.000436172
  464 463.5 1.01024 0.00043847
  465 464.5 1.01564 0.000440816
  466 465.5 1.01792 0.000441806
  467 466.5 1.02381 0.00044436
  468 467.5 1.02371 0.00044432
  469 468.5 1.01854 0.000442076
  470 469.5 1.00946 0.000438134
  471 470.5 1.00325 0.000435439
  472 471.5 1.00373 0.000435648
  473 472.5 0.994416 0.000431604
  474 473.5 0.997042 0.000432744
  475 474.5 0.996444 0.000432484
  476 475.5 0.995338 0.000432004
  477 476.5 0.991832 0.000430483
  478 477.5 0.98493 0.000427487
  479 478.5 0.97973 0.00042523
  480 479.5 0.97195 0.000421853
30000000 480 5899.000000000005
  1 0.5 1.10256 0.00047854
  2 1.5 1.0919 0.000473913
  3 2.5 1.08804 0.000472241
  4 3.5 1.08088 0.00046913
  5 4.5 1.06742 0.000463289
  6 5.5 1.06942 0.000464156
  7 6.5 1.07728 0.000467568
  8 7.5 1.07536 0.000466735
  9 8.5 1.07802 0.000467891
  10 9.5 1.06379 0.000461714
  11 10.5 1.06778 0.000463445
  12 11.5 1.06861 0.000463807
  13 12.5 1.07086 0.000464783
  14 13.5 1.06439 0.000461975
  15 14.5 1.06468 0.000462102
  16 15.5 1.06569 0.00046254
  17 16.5 1.06632 0.000462811
  18 17.5 1.06551 0.000462461
  19 18.5 1.07667 0.000467304
  20 19.5 1.07653 0.000467243
  21 20.5 1.07084 0.000464773
  22 21.5 1.06636 0.000462829
  23 22.5 1.07445 0.000466342
  24 23.5 1.08198 0.000469608
  25 24.5 1.08507 0.000470949
  26 25.5 1.09437 0.000474985
  27 26.5 1.09725 0.000476236
  28 27.5 1.09433 0.000474971
  29 28.5 1.10402 0.000479177
  30 29.5 1.08528 0.00047104
  31 30.5 1.07191 0.000465239
  32 31.5 1.07278 0.000465617
  33 32.5 1.07393 0.000466115
  34 33.5 1.07818 0.000467962
  35 34.5 1.07546 0.00046678
  36 35.5 1.07852 0.000468109
  37 36.5 1.08795 0.000472201
  38 37.5 1.08313 0.000470109
  39 38.5 1.0621 0.000460979
  40 39.5 1.05965 0.000459918
  41 40.5 1.07059 0.000464666
  42 41.5 1.0647 0.000462108
  43 42.5 1.05987 0.000460011
  44 43.5 1.05541 0.000458076
  45 44.5 1.05631 0.00045847
  46 45.5 1.05921 0.000459726
  47 46.5 1.04992 0.000455696
  48 47.5 1.06066 0.000460356
  49 48.5 1.06501 0.000462245
  50 49.5 1.07544 0.00046677
  51 50.5 1.07309 0.000465749
  52 51.5 1.07404 0.000466164
  53 52.5 1.09087 0.000473468
  54 53.5 1.1005 0.000477648
  55 54.5 1.12271 0.000487289
  56 55.5 1.1283 0.000489714
  57 56.5 1.16294 0.000504749
  58 57.5 1.18614 0.000514819
  59 58.5 1.21393 0.000526878
  60 59.5 1.24718 0.000541312
  61 60.5 1.28669 0.00055846
  62 61.5 1.32453 0.000574882
  63 62.5 1.34526 0.000583882
  64 63.5 1.35045 0.000586133
  65 64.5 1.3246 0.000574912
  66 65.5 1.28128 0.000556111
  67 66.5 1.19314 0.000517854
  68 67.5 1.08359 0.000470306
  69 68.5 0.958512 0.000416021
  70 69.5 0.830728 0.000360559
  71 70.5 0.705318 0.000306128
  72 71.5 0.59116 0.00025658
  73 72.5 0.497096 0.000215753
  74 73.5 0.416766 0.000180888
  75 74.5 0.352184 0.000152858
  76 75.5 0.307414 0.000133426
  77 76.5 0.27324 0.000118594
  78 77.5 0.254484 0.000110453
  79 78.5 0.24141 0.000104779
  80 79.5 0.226154 9.81571e-05
  81 80.5 0.216658 9.40356e-05
  82 81.5 0.21417 9.29557e-05
  83 82.5 0.21068 9.1441e-05
  84 83.5 0.211686 9.18776e-05
  85 84.5 0.207572 9.0092e-05
  86 85.5 0.201004 8.72413e-05
  87 86.5 0.199492 8.65851e-05
  88 87.5 0.197772 8.58385e-05
  89 88.5 0.19851 8.61589e-05
  90 89.5 0.197386 8.5671e-05
  91 90.5 0.20217 8.77474e-05
  92 91.5 0.20546 8.91753e-05
  93 92.5 0.201678 8.75339e-05
  94 93.5 0.199332 8.65156e-05
  95 94.5 0.198246 8.60443e-05
  96 95.5 0.197476 8.57101e-05
  97 96.5 0.197 8.55035e-05
  98 97.5 0.200898 8.71953e-05
  99 98.5 0.196418 8.52509e-05
  100 99.5 0.197672 8.57951e-05
  101 100.5 0.199518 8.65964e-05
  102 101.5 0.20197 8.76606e-05
  103 102.5 0.200284 8.69288e-05
  104 103.5 0.202164 8.77448e-05
  105 104.5 0.20063 8.7079e-05
  106 105.5 0.201784 8.75799e-05
  107 106.5 0.200854 8.71762e-05
  108 107.5 0.199612 8.66372e-05
  109 108.5 0.1998 8.67188e-05
  110 109.5 0.202928 8.80764e-05
  111 110.5 0.20458 8.87934e-05
  112 111.5 0.201764 8.75712e-05
  113 112.5 0.200172 8.68802e-05
  114 113.5 0.198966 8.63568e-05
  115 114.5 0.20147 8.74436e-05
  116 115.5 0.200408 8.69826e-05
  117 116.5 0.199012 8.63767e-05
  118 117.5 0.200182 8.68845e-05
  119 118.5 0.200512 8.70278e-05
  120 119.5 0.19896 8.63542e-05
  121 120.5 0.197236 8.56059e-05
  122 121.5 0.19638 8.52344e-05
  123 122.5 0.197536 8.57361e-05
  124 123.5 0.199952 8.67847e-05
  125 124.5 0.203036 8.81233e-05
  126 125.5 0.198006 8.59401e-05
  127 126.5 0.19538 8.48003e-05
  128 127.5 0.196078 8.51033e-05
  129 128.5 0.196556 8.53108e-05
  130 129.5 0.197284 8.56267e-05
  131 130.5 0.19613 8.51259e-05
  132 131.5 0.196998 8.55026e-05
  133 132.5 0.199048 8.63924e-05
  134 133.5 0.199226 8.64696e-05
  135 134.5 0.197904 8.58958e-05
  136 135.5 0.19434 8.4349e-05
  137 136.5 0.19352 8.39931e-05
  138 137.5 0.193838 8.41311e-05
  139 138.5 0.197212 8.55955e-05
  140 139.5 0.193476 8.3974e-05
  141 140.5 0.192218 8.3428e-05
  142 141.5 0.194096 8.42431e-05
  143 142.5 0.195114 8.46849e-05
  144 143.5 0.19321 8.38585e-05
  145 144.5 0.195754 8.49627e-05
  146 145.5 0.196022 8.5079e-05
  147 146.5 0.193376 8.39306e-05
  148 147.5 0.195924 8.50365e-05
  149 148.5 0.195558 8.48776e-05
  150 149.5 0.192124 8.33872e-05
  151 150.5 0.190108 8.25122e-05
  152 151.5 0.190812 8.28177e-05
  153 152.5 0.189468 8.22344e-05
  154 153.5 0.190974 8.2888e-05
  155 154.5 0.191296 8.30278e-05
  156 155.5 0.190054 8.24887e-05
  157 156.5 0.187456 8.13611e-05
  158 157.5 0.189436 8.22205e-05
  159 158.5 0.189744 8.23542e-05
  160 159.5 0.189094 8.2072e-05
  161 160.5 0.188892 8.19844e-05
  162 161.5 0.189078 8.20651e-05
  163 162.5 0.189466 8.22335e-05
  164 163.5 0.188694 8.18984e-05
  165 164.5 0.188582 8.18498e-05
  166 165.5 0.190768 8.27986e-05
  167 166.5 0.19258 8.35851e-05
  168 167.5 0.190832 8.28264e-05
  169 168.5 0.190954 8.28793e-05
  170 169.5 0.189704 8.23368e-05
  171 170.5 0.187168 8.12361e-05
  172 171.5 0.188224 8.16944e-05
  173 172.5 0.189276 8.2151e-05
  174 173.5 0.189118 8.20825e-05
  175 174.5 0.188238 8.17005e-05
  176 175.5 0.188776 8.1934e-05
  177 176.5 0.187484 8.13733e-05
  178 177.5 0.186738 8.10495e-05
  179 178.5 0.185498 8.05113e-05
  180 179.5 0.18664 8.10069e-05
  181 180.5 0.186336 8.0875e-05
  182 181.5 0.19031 8.25998e-05
  183 182.5 0.189548 8.22691e-05
  184 183.5 0.185386 8.04627e-05
  185 184.5 0.187126 8.12179e-05
  186 185.5 0.185706 8.06016e-05
  187 186.5 0.18498 8.02865e-05
  188 187.5 0.187416 8.13437e-05
  189 188.5 0.188262 8.17109e-05
  190 189.5 0.188236 8.16997e-05
  191 190.5 0.188662 8.18845e-05
  192 191.5 0.190988 8.28941e-05
  193 192.5 0.190984 8.28924e-05
  194 193.5 0.189884 8.24149e-05
  195 194.5 0.189266 8.21467e-05
  196 195.5 0.18735 8.13151e-05
  197 196.5 0.188416 8.17778e-05
  198 197.5 0.188856 8.19687e-05
  199 198.5 0.190088 8.25035e-05
  200 199.5 0.190998 8.28984e-05
  201 200.5 0.19334 8.39149e-05
  202 201.5 0.194286 8.43255e-05
  203 202.5 0.195582 8.4888e-05
  204 203.5 0.195784 8.49757e-05
  205 204.5 0.197448 8.56979e-05
  206 205.5 0.195858 8.50078e-05
  207 206.5 0.19663 8.53429e-05
  208 207.5 0.201474 8.74453e-05
  209 208.5 0.206718 8.97214e-05
  210 209.5 0.216644 9.40295e-05
  211 210.5 0.226834 9.84523e-05
  212 211.5 0.24335 0.000105621
  213 212.5 0.269156 0.000116821
  214 213.5 0.308234 0.000133782
  215 214.5 0.360156 0.000156318
  216 215.5 0.436088 0.000189274
  217 216.5 0.556162 0.00024139
  218 217.5 0.74232 0.000322187
  219 218.5 1.02639 0.000445482
  220 219.5 1.49798 0.000650164
  221 220.5 2.24597 0.000974815
  222 221.5 3.38422 0.00146885
  223 222.5 5.07925 0.00220453
  224 223.5 7.41883 0.00321998
  225 224.5 10.4609 0.00454032
  226 225.5 13.9732 0.00606476
  227 226.5 17.831 0.00773916
  228 227.5 21.6635 0.00940256
  229 228.5 25.1276 0.0109061
  230 229.5 27.9997 0.0121527
  231 230.5 30.2494 0.0131291
  232 231.5 31.9025 0.0138466
  233 232.5 33.1162 0.0143733
  234 233.5 33.9324 0.0147276
  235 234.5 34.5142 0.0149801
  236 235.5 34.8681 0.0151337
  237 236.5 35.1518 0.0152568
  238 237.5 35.3248 0.0153319
  239 238.5 35.486 0.0154019
  240 239.5 35.5501 0.0154297
  241 240.5 35.6043 0.0154532
  242 241.5 35.6533 0.0154745
  243 242.5 35.7017 0.0154955
  244 243.5 35.69 0.0154905
  245 244.5 35.7453 0.0155144
  246 245.5 35.7556 0.0155189
  247 246.5 35.715 0.0155013
  248 247.5 35.7534 0.015518
  249 248.5 35.76 0.0155209
  250 249.5 35.7155 0.0155015
  251 250.5 35.741 0.0155126
  252 251.5 35.7635 0.0155223
  253 252.5 35.7601 0.0155209
  254 253.5 35.7239 0.0155052
  255 254.5 35.781 0.01553
  256 255.5 35.7596 0.0155207
  257 256.5 35.7917 0.0155346
  258 257.5 35.7972 0.015537
  259 258.5 35.8114 0.0155431
  260 259.5 35.8085 0.0155419
  261 260.5 35.8407 0.0155559
  262 261.5 35.8513 0.0155604
  263 262.5 35.8016 0.0155389
  264 263.5 35.844 0.0155573
  265 264.5 35.8826 0.015574
  266 265.5 35.8215 0.0155475
  267 266.5 35.8353 0.0155535
  268 267.5 35.8279 0.0155503
  269 268.5 35.817 0.0155456
  270 269.5 35.8287 0.0155506
  271 270.5 35.8298 0.0155511
  272 271.5 35.8168 0.0155455
  273 272.5 35.8264 0.0155496
  274 273.5 35.8218 0.0155477
  275 274.5 35.7897 0.0155337
  276 275.5 35.7877 0.0155329
  277 276.5 35.7654 0.0155232
  278 277.5 35.7752 0.0155274
  279 278.5 35.7478 0.0155156
  280 279.5 35.7494 0.0155162
  281 280.5 35.7643 0.0155227
  282 281.5 35.7508 0.0155168
  283 282.5 35.7327 0.015509
  284 283.5 35.7238 0.0155051
  285 284.5 35.7603 0.0155209
  286 285.5 35.7311 0.0155083
  287 286.5 35.7362 0.0155105
  288 287.5 35.7886 0.0155332
  289 288.5 35.7388 0.0155116
  290 289.5 35.7381 0.0155113
  291 290.5 35.7672 0.015524
  292 291.5 35.795 0.015536
  293 292.5 35.7629 0.0155221
  294 293.5 35.7856 0.0155319
  295 294.5 35.7818 0.0155303
  296 295.5 35.809 0.0155421
  297 296.5 35.7924 0.0155349
  298 297.5 35.8388 0.015555
  299 298.5 35.8016 0.0155389
  300 299.5 35.8053 0.0155405
  301 300.5 35.8052 0.0155404
  302 301.5 35.7588 0.0155203
  303 302.5 35.8159 0.0155451
  304 303.5 35.7804 0.0155297
  305 304.5 35.7456 0.0155146
  306 305.5 35.763 0.0155221
  307 306.5 35.766 0.0155234
  308 307.5 35.7397 0.015512
  309 308.5 35.737 0.0155109
  310 309.5 35.7448 0.0155142
  311 310.5 35.7281 0.015507
  312 311.5 35.761 0.0155213
  313 312.5 35.7548 0.0155186
  314 313.5 35.736 0.0155104
  315 314.5 35.7565 0.0155193
  316 315.5 35.7858 0.015532
  317 316.5 35.7369 0.0155108
  318 317.5 35.7295 0.0155076
  319 318.5 35.7729 0.0155264
  320 319.5 35.7492 0.0155161
  321 320.5 35.7386 0.0155115
  322 321.5 35.7683 0.0155245
  323 322.5 35.7601 0.0155209
  324 323.5 35.7753 0.0155275
  325 324.5 35.7516 0.0155172
  326 325.5 35.793 0.0155352
  327 326.5 35.772 0.015526
  328 327.5 35.7643 0.0155227
  329 328.5 35.8059 0.0155408
  330 329.5 35.7811 0.01553
  331 330.5 35.7718 0.015526
  332 331.5 35.8197 0.0155467
  333 332.5 35.7803 0.0155296
  334 333.5 35.7663 0.0155236
  335 334.5 35.7844 0.0155314
  336 335.5 35.7948 0.0155359
  337 336.5 35.7403 0.0155123
  338 337.5 35.7525 0.0155176
  339 338.5 35.7657 0.0155233
  340 339.5 35.7576 0.0155198
  341 340.5 35.7084 0.0154984
  342 341.5 35.7549 0.0155186
  343 342.5 35.7688 0.0155246
  344 343.5 35.7231 0.0155048
  345 344.5 35.7843 0.0155314
  346 345.5 35.7848 0.0155316
  347 346.5 35.7675 0.0155241
  348 347.5 35.8039 0.0155399
  349 348.5 35.7905 0.0155341
  350 349.5 35.7986 0.0155376
  351 350.5 35.7967 0.0155368
  352 351.5 35.8079 0.0155416
  353 352.5 35.7787 0.015529
  354 353.5 35.7822 0.0155305
  355 354.5 35.7508 0.0155168
  356 355.5 35.7951 0.0155361
  357 356.5 35.7851 0.0155317
  358 357.5 35.7604 0.015521
  359 358.5 35.7675 0.0155241
  360 359.5 35.7917 0.0155346
  361 360.5 35.7731 0.0155265
  362 361.5 35.7542 0.0155183
  363 362.5 35.7848 0.0155316
  364 363.5 35.7688 0.0155246
  365 364.5 35.7763 0.0155279
  366 365.5 35.7371 0.0155109
  367 366.5 35.7557 0.015519
  368 367.5 35.7634 0.0155223
  369 368.5 35.7197 0.0155034
  370 369.5 35.7049 0.0154969
  371 370.5 35.6926 0.0154916
  372 371.5 35.6782 0.0154853
  373 372.5 35.5964 0.0154498
  374 373.5 35.5049 0.0154101
  375 374.5 35.4191 0.0153729
  376 375.5 35.3104 0.0153257
  377 376.5 35.0884 0.0152293
  378 377.5 34.7498 0.0150824
  379 378.5 34.3573 0.014912
  380 379.5 33.7237 0.014637
  381 380.5 32.7658 0.0142213
  382 381.5 31.3925 0.0136252
  383 382.5 29.5097 0.012808
  384 383.5 26.924 0.0116858
  385 384.5 23.7626 0.0103136
  386 385.5 20.0851 0.0087175
  387 386.5 16.2132 0.007037
  388 387.5 12.4956 0.00542342
  389 388.5 9.25499 0.00401692
  390 389.5 6.66501 0.0028928
  391 390.5 4.73784 0.00205635
  392 391.5 3.38206 0.00146791
  393 392.5 2.50077 0.0010854
  394 393.5 1.93438 0.000839576
  395 394.5 1.57797 0.000684881
  396 395.5 1.35392 0.000587641
  397 396.5 1.21753 0.00052844
  398 397.5 1.13978 0.000494694
  399 398.5 1.09009 0.00047313
  400 399.5 1.0507 0.000456035
  401 400.5 1.03067 0.000447339
  402 401.5 1.03009 0.000447088
  403 402.5 1.02123 0.00044324
  404 403.5 1.00705 0.000437088
  405 404.5 0.996992 0.000432722
  406 405.5 0.984494 0.000427298
  407 406.5 0.964442 0.000418595
  408 407.5 0.963796 0.000418314
  409 408.5 0.96011 0.000416714
  410 409.5 0.964394 0.000418574
  411 410.5 0.952604 0.000413457
  412 411.5 0.9456 0.000410417
  413 412.5 0.937474 0.00040689
  414 413.5 0.938012 0.000407123
  415 414.5 0.936794 0.000406595
  416 415.5 0.943334 0.000409433
  417 416.5 0.958322 0.000415938
  418 417.5 0.953024 0.000413639
  419 418.5 0.956522 0.000415157
  420 419.5 0.960546 0.000416904
  421 420.5 0.95923 0.000416332
  422 421.5 0.962776 0.000417872
  423 422.5 0.952024 0.000413205
  424 423.5 0.95863 0.000416072
  425 424.5 0.967096 0.000419747
  426 425.5 0.972164 0.000421946
  427 426.5 0.9726 0.000422135
  428 427.5 0.984452 0.00042728
  429 428.5 0.990816 0.000430042
  430 429.5 0.986542 0.000428187
  431 430.5 0.98693 0.000428355
  432 431.5 0.991404 0.000430297
  433 432.5 0.980738 0.000425668
  434 433.5 0.979804 0.000425262
  435 434.5 0.988842 0.000429185
  436 435.5 1.00436 0.000435919
  437 436.5 1.00401 0.000435767
  438 437.5 1.01194 0.000439208
  439 438.5 1.01098 0.000438795
  440 439.5 1.01949 0.000442489
  441 440.5 1.0113 0.000438931
  442 441.5 1.02066 0.000442996
  443 442.5 1.0205 0.000442926
  444 443.5 1.02342 0.000444193
  445 444.5 1.0324 0.000448089
  446 445.5 1.03026 0.000447162
  447 446.5 1.03359 0.000448609
  448 447.5 1.03304 0.00044837
  449 448.5 1.03425 0.000448895
  450 449.5 1.04729 0.000454551
  451 450.5 1.04429 0.000453249
  452 451.5 1.03494 0.000449192
  453 452.5 1.03998 0.000451381
  454 453.5 1.04267 0.000452548
  455 454.5 1.04684 0.000454359
  456 455.5 1.04229 0.000452383
  457 456.5 1.02926 0.000446727
  458 457.5 1.03404 0.000448804
  459 458.5 1.03697 0.000450072
  460 459.5 1.04502 0.000453569
  461 460.5 1.05132 0.000456303
  462 461.5 1.05354 0.000457266
  463 462.5 1.04878 0.000455201
  464 463.5 1.0544 0.000457639
  465 464.5 1.06005 0.000460092
  466 465.5 1.06693 0.000463078
  467 466.5 1.07364 0.000465991
  468 467.5 1.0846 0.000470746
  469 468.5 1.08269 0.000469916
  470 469.5 1.08714 0.000471848
  471 470.5 1.08448 0.000470695
  472 471.5 1.08873 0.000472541
  473 472.5 1.09122 0.000473619
  474 473.5 1.09123 0.000473625
  475 474.5 1.09992 0.000477394
  476 475.5 1.09755 0.000476366
  477 476.5 1.10149 0.000478076
  478 477.5 1.10345 0.00047893
  479 478.5 1.10867 0.000481192
  480 479.5 1.10243 0.000478486
40000000 480 5898.999999999995
  1 0.5 1.08018 0.000468828
  2 1.5 1.06907 0.000464004
  3 2.5 1.07041 0.000464589
  4 3.5 1.06569 0.000462539
  5 4.5 1.06139 0.000460671
  6 5.5 1.05751 0.000458988
  7 6.5 1.06077 0.000460405
  8 7.5 1.05717 0.000458843
  9 8.5 1.04706 0.000454451
  10 9.5 1.03784 0.000450451
  11 10.5 1.03391 0.000448745
  12 11.5 1.03454 0.00044902
  13 12.5 1.03499 0.000449213
  14 13.5 1.03523 0.000449319
  15 14.5 1.03773 0.000450405
  16 15.5 1.03355 0.000448588
  17 16.5 1.03339 0.000448521
  18 17.5 1.03558 0.000449471
  19 18.5 1.03132 0.000447622
  20 19.5 1.01274 0.000439559
  21 20.5 1.01374 0.00043999
  22 21.5 1.01408 0.000440139
  23 22.5 1.01945 0.000442468
  24 23.5 1.01443 0.00044029
  25 24.5 1.00622 0.000436729
  26 25.5 1.0093 0.000438062
  27 26.5 1.02085 0.000443078
  28 27.5 1.01881 0.000442194
  29 28.5 1.0244 0.000444618
  30 29.5 1.0249 0.000444837
  31 30.5 1.02787 0.000446125
  32 31.5 1.023 0.00044401
  33 32.5 1.01833 0.000441982
  34 33.5 1.01861 0.000442103
  35 34.5 1.02011 0.000442758
  36 35.5 1.01592 0.000440938
  37 36.5 1.00537 0.000436359
  38 37.5 1.00172 0.000434773
  39 38.5 0.990054 0.000429711
  40 39.5 1.00324 0.000435432
  41 40.5 1.00571 0.000436504
  42 41.5 1.00265 0.000435178
  43 42.5 1.00643 0.000436819
  44 43.5 1.01362 0.000439938
  45 44.5 1.00837 0.000437661
  46 45.5 1.02132 0.00044328
  47 46.5 1.02929 0.00044674
  48 47.5 1.04107 0.000451855
  49 48.5 1.04499 0.000453554
  50 49.5 1.05279 0.000456939
  51 50.5 1.0445 0.00045334
  52 51.5 1.05167 0.000456456
  53 52.5 1.05969 0.000459937
  54 53.5 1.06787 0.000463484
  55 54.5 1.08172 0.000469496
  56 55.5 1.09875 0.00047689
  57 56.5 1.11513 0.000483997
  58 57.5 1.13555 0.000492862
  59 58.5 1.17143 0.000508434
  60 59.5 1.20229 0.000521827
  61 60.5 1.24117 0.000538704
  62 61.5 1.27546 0.000553583
  63 62.5 1.30926 0.000568257
  64 63.5 1.34097 0.000582017
  65 64.5 1.35966 0.000590129
  66 65.5 1.35439 0.000587842
  67 66.5 1.32689 0.000575906
  68 67.5 1.2739 0.00055291
  69 68.5 1.20075 0.00052116
  70 69.5 1.09873 0.000476878
  71 70.5 0.968854 0.00042051
  72 71.5 0.836872 0.000363226
  73 72.5 0.713968 0.000309882
  74 73.5 0.598002 0.000259549
  75 74.5 0.50577 0.000219518
  76 75.5 0.424496 0.000184243
  77 76.5 0.363008 0.000157556
  78 77.5 0.316202 0.00013724
  79 78.5 0.281522 0.000122188
  80 79.5 0.257542 0.00011178
  81 80.5 0.239502 0.000103951
  82 81.5 0.226184 9.81701e-05
  83 82.5 0.22 9.54861e-05
  84 83.5 0.211918 9.19783e-05
  85 84.5 0.202474 8.78793e-05
  86 85.5 0.198534 8.61693e-05
  87 86.5 0.198186 8.60182e-05
  88 87.5 0.199916 8.67691e-05
  89 88.5 0.197742 8.58255e-05
  90 89.5 0.199054 8.6395e-05
  91 90.5 0.195302 8.47665e-05
  92 91.5 0.197956 8.59184e-05
  93 92.5 0.198582 8.61901e-05
  94 93.5 0.199298 8.65009e-05
  95 94.5 0.202358 8.7829e-05
  96 95.5 0.200776 8.71424e-05
  97 96.5 0.197288 8.56285e-05
  98 97.5 0.200944 8.72153e-05
  99 98.5 0.200964 8.7224e-05
  100 99.5 0.200422 8.69887e-05
  101 100.5 0.19891 8.63325e-05
  102 101.5 0.195744 8.49583e-05
  103 102.5 0.193262 8.38811e-05
  104 103.5 0.198498 8.61536e-05
  105 104.5 0.200654 8.70894e-05
  106 105.5 0.19937 8.65321e-05
  107 106.5 0.194486 8.44123e-05
  108 107.5 0.198548 8.61753e-05
  109 108.5 0.196744 8.53924e-05
  110 109.5 0.195876 8.50156e-05
  111 110.5 0.197224 8.56007e-05
  112 111.5 0.195658 8.4921e-05
  113 112.5 0.192004 8.33351e-05
  114 113.5 0.191532 8.31302e-05
  115 114.5 0.196854 8.54401e-05
  116 115.5 0.198546 8.61745e-05
  117 116.5 0.196472 8.52743e-05
  118 117.5 0.193296 8.38958e-05
  119 118.5 0.193078 8.38012e-05
  120 119.5 0.19409 8.42405e-05
  121 120.5 0.195534 8.48672e-05
  122 121.5 0.194894 8.45894e-05
  123 122.5 0.195484 8.48455e-05
  124 123.5 0.196542 8.53047e-05
  125 124.5 0.194864 8.45764e-05
  126 125.5 0.193242 8.38724e-05
  127 126.5 0.193752 8.40937e-05
  128 127.5 0.196424 8.52535e-05
  129 128.5 0.191292 8.3026e-05
  130 129.5 0.192492 8.35469e-05
  131 130.5 0.191274 8.30182e-05
  132 131.5 0.194054 8.42248e-05
  133 132.5 0.193654 8.40512e-05
  134 133.5 0.195304 8.47674e-05
  135 134.5 0.197386 8.5671e-05
  136 135.5 0.196226 8.51675e-05
  137 136.5 0.19503 8.46484e-05
  138 137.5 0.197426 8.56884e-05
  139 138.5 0.19622 8.51649e-05
  140 139.5 0.199392 8.65417e-05
  141 140.5 0.19725 8.5612e-05
  142 141.5 0.196472 8.52743e-05
  143 142.5 0.196818 8.54245e-05
  144 143.5 0.195718 8.4947e-05
  145 144.5 0.197888 8.58889e-05
  146 145.5 0.196448 8.52639e-05
  147 146.5 0.195688 8.4934e-05
  148 147.5 0.195348 8.47865e-05
  149 148.5 0.19623 8.51693e-05
  150 149.5 0.197134 8.55616e-05
  151 150.5 0.1975 8.57205e-05
  152 151.5 0.198792 8.62812e-05
  153 152.5 0.193754 8.40946e-05
  154 153.5 0.194164 8.42726e-05
  155 154.5 0.19392 8.41667e-05
  156 155.5 0.196112 8.51181e-05
  157 156.5 0.194936 8.46076e-05
  158 157.5 0.19721 8.55946e-05
  159 158.5 0.194512 8.44236e-05
  160 159.5 0.195604 8.48976e-05
  161 160.5 0.198498 8.61536e-05
  162 161.5 0.196782 8.54089e-05
  163 162.5 0.196106 8.51155e-05
  164 163.5 0.195544 8.48715e-05
  165 164.5 0.194484 8.44115e-05
  166 165.5 0.194866 8.45773e-05
  167 166.5 0.193572 8.40156e-05
  168 167.5 0.193032 8.37812e-05
  169 168.5 0.19762 8.57726e-05
  170 169.5 0.1965 8.52865e-05
  171 170.5 0.196074 8.51016e-05
  172 171.5 0.197532 8.57344e-05
  173 172.5 0.20071 8.71137e-05
  174 173.5 0.199752 8.66979e-05
  175 174.5 0.194848 8.45694e-05
  176 175.5 0.19403 8.42144e-05
  177 176.5 0.194328 8.43438e-05
  178 177.5 0.197536 8.57361e-05
  179 178.5 0.196606 8.53325e-05
  180 179.5 0.20001 8.68099e-05
  181 180.5 0.200956 8.72205e-05
  182 181.5 0.198774 8.62734e-05
  183 182.5 0.200624 8.70764e-05
  184 183.5 0.197212 8.55955e-05
  185 184.5 0.197972 8.59253e-05
  186 185.5 0.19782 8.58594e-05
  187 186.5 0.201432 8.74271e-05
  188 187.5 0.201962 8.76571e-05
  189 188.5 0.202674 8.79661e-05
  190 189.5 0.204782 8.88811e-05
  191 190.5 0.207808 9.01944e-05
  192 191.5 0.201006 8.72422e-05
  193 192.5 0.201668 8.75295e-05
  194 193.5 0.202678 8.79679e-05
  195 194.5 0.200954 8.72196e-05
  196 195.5 0.198674 8.623e-05
  197 196.5 0.19892 8.63368e-05
  198 197.5 0.197316 8.56406e-05
  199 198.5 0.198746 8.62613e-05
  200 199.5 0.197774 8.58394e-05
  201 200.5 0.1973 8.56337e-05
  202 201.5 0.197754 8.58307e-05
  203 202.5 0.20017 8.68793e-05
  204 203.5 0.198552 8.61771e-05
  205 204.5 0.199736 8.6691e-05
  206 205.5 0.2004 8.69792e-05
  207 206.5 0.205284 8.9099e-05
  208 207.5 0.20929 9.08377e-05
  209 208.5 0.207534 9.00755e-05
  210 209.5 0.210186 9.12266e-05
  211 210.5 0.218252 9.47274e-05
  212 211.5 0.226496 9.83056e-05
  213 212.5 0.239692 0.000104033
  214 213.5 0.255936 0.000111083
  215 214.5 0.285746 0.000124022
  216 215.5 0.3251 0.000141102
  217 216.5 0.387886 0.000168353
  218 217.5 0.475148 0.000206227
  219 218.5 0.61551 0.000267148
  220 219.5 0.83568 0.000362708
  221 220.5 1.17453 0.000509778
  222 221.5 1.72151 0.000747183
  223 222.5 2.57723 0.00111859
  224 223.5 3.85644 0.0016738
  225 224.5 5.69214 0.00247055
  226 225.5 8.17631 0.00354875
  227 226.5 11.32 0.00491321
  228 227.5 14.9201 0.00647573
  229 228.5 18.7293 0.00812903
  230 229.5 22.4609 0.00974867
  231 230.5 25.7816 0.0111899
  232 231.5 28.4788 0.0123606
  233 232.5 30.6037 0.0132829
  234 233.5 32.1677 0.0139617
  235 234.5 33.2702 0.0144402
  236 235.5 34.011 0.0147617
  237 236.5 34.5879 0.0150121
  238 237.5 34.9188 0.0151557
  239 238.5 35.1539 0.0152578
  240 239.5 35.326 0.0153325
  241 240.5 35.4079 0.015368
  242 241.5 35.5334 0.0154225
  243 242.5 35.5683 0.0154376
  244 243.5 35.5891 0.0154467
  245 244.5 35.6567 0.015476
  246 245.5 35.6498 0.015473
  247 246.5 35.6627 0.0154786
  248 247.5 35.7044 0.0154967
  249 248.5 35.6788 0.0154856
  250 249.5 35.704 0.0154965
  251 250.5 35.7246 0.0155055
  252 251.5 35.7056 0.0154972
  253 252.5 35.7296 0.0155077
  254 253.5 35.7313 0.0155084
  255 254.5 35.7086 0.0154985
  256 255.5 35.7211 0.0155039
  257 256.5 35.7237 0.0155051
  258 257.5 35.7331 0.0155092
  259 258.5 35.6917 0.0154912
  260 259.5 35.7787 0.015529
  261 260.5 35.6953 0.0154927
  262 261.5 35.7331 0.0155092
  263 262.5 35.7256 0.0155059
  264 263.5 35.7299 0.0155078
  265 264.5 35.7005 0.015495
  266 265.5 35.7157 0.0155016
  267 266.5 35.7449 0.0155143
  268 267.5 35.7133 0.0155005
  269 268.5 35.6821 0.015487
  270 269.5 35.7155 0.0155015
  271 270.5 35.6988 0.0154943
  272 271.5 35.7258 0.015506
  273 272.5 35.6747 0.0154838
  274 273.5 35.7165 0.015502
  275 274.5 35.6894 0.0154902
  276 275.5 35.7262 0.0155062
  277 276.5 35.7111 0.0154996
  278 277.5 35.7299 0.0155078
  279 278.5 35.6762 0.0154845
  280 279.5 35.7379 0.0155112
  281 280.5 35.7462 0.0155148
  282 281.5 35.6794 0.0154859
  283 282.5 35.7168 0.0155021
  284 283.5 35.7718 0.015526
  285 284.5 35.7123 0.0155001
  286 285.5 35.6903 0.0154906
  287 286.5 35.7513 0.0155171
  288 287.5 35.758 0.01552
  289 288.5 35.7366 0.0155107
  290 289.5 35.6872 0.0154893
  291 290.5 35.7514 0.0155171
  292 291.5 35.7431 0.0155135
  293 292.5 35.6881 0.0154896
  294 293.5 35.706 0.0154974
  295 294.5 35.7137 0.0155007
  296 295.5 35.7136 0.0155007
  297 296.5 35.7263 0.0155062
  298 297.5 35.6873 0.0154893
  299 298.5 35.7138 0.0155008
  300 299.5 35.736 0.0155104
  301 300.5 35.7169 0.0155021
  302 301.5 35.7501 0.0155165
  303 302.5 35.7217 0.0155042
  304 303.5 35.7086 0.0154985
  305 304.5 35.7148 0.0155012
  306 305.5 35.7124 0.0155002
  307 306.5 35.7267 0.0155064
  308 307.5 35.7141 0.0155009
  309 308.5 35.7088 0.0154986
  310 309.5 35.7269 0.0155065
  311 310.5 35.7223 0.0155045
  312 311.5 35.7306 0.0155081
  313 312.5 35.6982 0.015494
  314 313.5 35.7252 0.0155057
  315 314.5 35.7718 0.0155259
  316 315.5 35.7221 0.0155044
  317 316.5 35.7367 0.0155107
  318 317.5 35.7163 0.0155019
  319 318.5 35.784 0.0155312
  320 319.5 35.7265 0.0155063
  321 320.5 35.7202 0.0155036
  322 321.5 35.7367 0.0155107
  323 322.5 35.7415 0.0155128
  324 323.5 35.7002 0.0154949
  325 324.5 35.7089 0.0154987
  326 325.5 35.7582 0.0155201
  327 326.5 35.7373 0.015511
  328 327.5 35.6793 0.0154858
  329 328.5 35.7474 0.0155154
  330 329.5 35.7969 0.0155369
  331 330.5 35.6972 0.0154936
  332 331.5 35.6986 0.0154942
  333 332.5 35.8128 0.0155437
  334 333.5 35.7762 0.0155279
  335 334.5 35.702 0.0154957
  336 335.5 35.751 0.0155169
  337 336.5 35.7908 0.0155342
  338 337.5 35.7175 0.0155024
  339 338.5 35.7349 0.0155099
  340 339.5 35.753 0.0155178
  341 340.5 35.7823 0.0155305
  342 341.5 35.7283 0.0155071
  343 342.5 35.7295 0.0155076
  344 343.5 35.7832 0.0155309
  345 344.5 35.7537 0.0155181
  346 345.5 35.7388 0.0155116
  347 346.5 35.7656 0.0155233
  348 347.5 35.7378 0.0155112
  349 348.5 35.748 0.0155156
  350 349.5 35.75 0.0155165
  351 350.5 35.7413 0.0155127
  352 351.5 35.7583 0.0155201
  353 352.5 35.7789 0.015529
  354 353.5 35.7636 0.0155224
  355 354.5 35.7617 0.0155216
  356 355.5 35.8091 0.0155421
  357 356.5 35.7822 0.0155305
  358 357.5 35.7514 0.0155171
  359 358.5 35.8056 0.0155406
  360 359.5 35.7747 0.0155272
  361 360.5 35.7538 0.0155181
  362 361.5 35.7227 0.0155046
  363 362.5 35.7855 0.0155319
  364 363.5 35.7536 0.0155181
  365 364.5 35.7275 0.0155067
  366 365.5 35.7653 0.0155231
  367 366.5 35.7282 0.015507
  368 367.5 35.6865 0.0154889
  369 368.5 35.728 0.0155069
  370 369.5 35.7054 0.0154971
  371 370.5 35.6774 0.015485
  372 371.5 35.6443 0.0154706
  373 372.5 35.6476 0.0154721
  374 373.5 35.614 0.0154575
  375 374.5 35.5596 0.0154338
  376 375.5 35.492 0.0154045
  377 376.5 35.3657 0.0153497
  378 377.5 35.2604 0.015304
  379 378.5 35.0426 0.0152095
  380 379.5 34.6922 0.0150574
  381 380.5 34.2527 0.0148666
  382 381.5 33.546 0.0145599
  383 382.5 32.4801 0.0140973
  384 383.5 31.0242 0.0134654
  385 384.5 29.0188 0.012595
  386 385.5 26.3889 0.0114535
  387 386.5 23.2024 0.0100705
  388 387.5 19.6155 0.00851366
  389 388.5 15.9094 0.00690512
  390 389.5 12.3099 0.00534284
  391 390.5 9.19408 0.00399048
  392 391.5 6.66619 0.00289331
  393 392.5 4.7557 0.0020641
  394 393.5 3.41456 0.00148201
  395 394.5 2.53921 0.00110209
  396 395.5 1.96975 0.000854928
  397 396.5 1.60741 0.000697661
  398 397.5 1.37778 0.000597993
  399 398.5 1.23467 0.000535882
  400 399.5 1.14914 0.000498758
  401 400.5 1.09185 0.000473894
  402 401.5 1.07087 0.000464788
  403 402.5 1.05149 0.000456378
  404 403.5 1.04029 0.000451514
  405 404.5 1.02543 0.000445065
  406 405.5 1.0231 0.000444052
  407 406.5 1.0149 0.000440494
  408 407.5 1.01549 0.000440751
  409 408.5 1.01504 0.000440554
  410 409.5 0.999804 0.000433943
  411 410.5 1.00036 0.000434182
  412 411.5 1.0007 0.000434332
  413 412.5 0.995222 0.000431954
  414 413.5 0.99059 0.000429944
  415 414.5 0.98925 0.000429362
  416 415.5 0.991136 0.000430181
  417 416.5 1.00141 0.000434641
  418 417.5 1.01289 0.000439622
  419 418.5 1.02121 0.000443232
  420 419.5 1.01301 0.000439674
  421 420.5 1.01183 0.000439163
  422 421.5 1.01288 0.000439618
  423 422.5 1.01642 0.000441155
  424 423.5 1.01391 0.000440065
  425 424.5 1.01002 0.000438378
  426 425.5 1.0102 0.000438454
  427 426.5 1.01222 0.000439332
  428 427.5 1.01332 0.000439807
  429 428.5 1.00727 0.000437181
  430 429.5 1.01827 0.000441959
  431 430.5 1.03058 0.000447302
  432 431.5 1.02575 0.000445205
  433 432.5 1.0227 0.00044388
  434 433.5 1.02479 0.000444786
  435 434.5 1.02807 0.000446209
  436 435.5 1.03772 0.000450401
  437 436.5 1.04932 0.000455435
  438 437.5 1.04321 0.000452782
  439 438.5 1.04829 0.000454988
  440 439.5 1.04802 0.000454872
  441 440.5 1.04746 0.000454626
  442 441.5 1.04961 0.000455561
  443 442.5 1.05117 0.000456235
  444 443.5 1.04958 0.000455548
  445 444.5 1.06018 0.000460148
  446 445.5 1.06598 0.000462664
  447 446.5 1.06833 0.000463687
  448 447.5 1.06849 0.000463753
  449 448.5 1.06939 0.000464147
  450 449.5 1.07447 0.000466351
  451 450.5 1.08059 0.000469004
  452 451.5 1.07022 0.000464504
  453 452.5 1.06605 0.000462694
  454 453.5 1.0827 0.000469923
  455 454.5 1.0883 0.000472353
  456 455.5 1.08903 0.000472668
  457 456.5 1.09684 0.000476061
  458 457.5 1.09858 0.000476814
  459 458.5 1.09887 0.000476939
  460 459.5 1.10111 0.000477914
  461 460.5 1.09982 0.000477353
  462 461.5 1.10567 0.000479891
  463 462.5 1.11207 0.000482671
  464 463.5 1.11182 0.000482561
  465 464.5 1.11181 0.000482556
  466 465.5 1.11934 0.000485824
  467 466.5 1.11135 0.000482355
  468 467.5 1.1058 0.000479947
  469 468.5 1.10706 0.000480496
  470 469.5 1.10628 0.000480156
  471 470.5 1.10431 0.000479302
  472 471.5 1.08876 0.00047255
  473 472.5 1.07978 0.000468653
  474 473.5 1.08479 0.000470829
  475 474.5 1.08127 0.000469301
  476 475.5 1.08374 0.000470375
  477 476.5 1.07836 0.000468037
  478 477.5 1.08449 0.000470698
  479 478.5 1.08172 0.000469496
  480 479.5 1.08202 0.000469626
50000000 480 5899.0000000000055
  1 0.5 0.970588 0.000421262
  2 1.5 0.970716 0.000421318
  3 2.5 0.982318 0.000426353
  4 3.5 0.974294 0.000422871
  5 4.5 0.96748 0.000419913
  6 5.5 0.97097 0.000421428
  7 6.5 0.96633 0.000419414
  8 7.5 0.95897 0.00041622
  9 8.5 0.954376 0.000414226
  10 9.5 0.948102 0.000411503
  11 10.5 0.937946 0.000407095
  12 11.5 0.94594 0.000410564
  13 12.5 0.94664 0.000410868
  14 13.5 0.938148 0.000407182
  15 14.5 0.942662 0.000409141
  16 15.5 0.937732 0.000407002
  17 16.5 0.942768 0.000409187
  18 17.5 0.951636 0.000413036
  19 18.5 0.960086 0.000416704
  20 19.5 0.97141 0.000421619
  21 20.5 0.980086 0.000425385
  22 21.5 0.979598 0.000425173
  23 22.5 0.974636 0.000423019
  24 23.5 0.970618 0.000421275
  25 24.5 0.98172 0.000426094
  26 25.5 0.987114 0.000428435
  27 26.5 0.984976 0.000427507
  28 27.5 0.985504 0.000427736
  29 28.5 0.988196 0.000428905
  30 29.5 0.983 0.000426649
  31 30.5 0.980878 0.000425728
  32 31.5 0.982162 0.000426286
  33 32.5 0.979024 0.000424924
  34 33.5 0.990942 0.000430096
  35 34.5 0.988664 0.000429108
  36 35.5 0.978288 0.000424604
  37 36.5 0.968484 0.000420349
  38 37.5 0.971008 0.000421444
  39 38.5 0.968554 0.000420379
  40 39.5 0.964718 0.000418714
  41 40.5 0.972306 0.000422008
  42 41.5 0.969672 0.000420865
  43 42.5 0.973568 0.000422556
  44 43.5 0.968938 0.000420546
  45 44.5 0.973648 0.00042259
  46 45.5 0.97444 0.000422934
  47 46.5 0.979542 0.000425148
  48 47.5 0.981826 0.00042614
  49 48.5 0.994008 0.000431427
  50 49.5 1.00855 0.000437739
  51 50.5 1.02675 0.000445636
  52 51.5 1.02067 0.000443001
  53 52.5 1.02579 0.00044522
  54 53.5 1.05067 0.00045602
  55 54.5 1.056 0.000458332
  56 55.5 1.07441 0.000466322
  57 56.5 1.09334 0.00047454
  58 57.5 1.11424 0.000483611
  59 58.5 1.14268 0.000495953
  60 59.5 1.16949 0.000507592
  61 60.5 1.19591 0.000519058
  62 61.5 1.22909 0.00053346
  63 62.5 1.26076 0.000547207
  64 63.5 1.27872 0.000555001
  65 64.5 1.2838 0.000557203
  66 65.5 1.25887 0.000546384
  67 66.5 1.22026 0.000529625
  68 67.5 1.15733 0.000502312
  69 68.5 1.06629 0.000462801
  70 69.5 0.948866 0.000411834
  71 70.5 0.827118 0.000358992
  72 71.5 0.711104 0.000308639
  73 72.5 0.602026 0.000261296
  74 73.5 0.499276 0.0002167
  75 74.5 0.421588 0.000182981
  76 75.5 0.356956 0.000154929
  77 76.5 0.308942 0.000134089
  78 77.5 0.27491 0.000119319
  79 78.5 0.249648 0.000108354
  80 79.5 0.233712 0.000101438
  81 80.5 0.220076 9.55191e-05
  82 81.5 0.211506 9.17995e-05
  83 82.5 0.206082 8.94453e-05
  84 83.5 0.201254 8.73498e-05
  85 84.5 0.197024 8.55139e-05
  86 85.5 0.197068 8.5533e-05
  87 86.5 0.19627 8.51866e-05
  88 87.5 0.19543 8.4822e-05
  89 88.5 0.192266 8.34488e-05
  90 89.5 0.191894 8.32873e-05
  91 90.5 0.192242 8.34384e-05
  92 91.5 0.19108 8.2934e-05
  93 92.5 0.190664 8.27535e-05
  94 93.5 0.19157 8.31467e-05
  95 94.5 0.19289 8.37196e-05
  96 95.5 0.192476 8.35399e-05
  97 96.5 0.192626 8.3605e-05
  98 97.5 0.19076 8.27951e-05
  99 98.5 0.1925 8.35503e-05
  100 99.5 0.193976 8.4191e-05
  101 100.5 0.195004 8.46372e-05
  102 101.5 0.191174 8.29748e-05
  103 102.5 0.194338 8.43481e-05
  104 103.5 0.195396 8.48073e-05
  105 104.5 0.194332 8.43455e-05
  106 105.5 0.194658 8.4487e-05
  107 106.5 0.19477 8.45356e-05
  108 107.5 0.191256 8.30104e-05
  109 108.5 0.191048 8.29201e-05
  110 109.5 0.1912 8.29861e-05
  111 110.5 0.193978 8.41918e-05
  112 111.5 0.195644 8.49149e-05
  113 112.5 0.193342 8.39158e-05
  114 113.5 0.188934 8.20026e-05
  115 114.5 0.191072 8.29306e-05
  116 115.5 0.193614 8.40339e-05
  117 116.5 0.19341 8.39453e-05
  118 117.5 0.19433 8.43446e-05
  119 118.5 0.195544 8.48715e-05
  120 119.5 0.195106 8.46814e-05
  121 120.5 0.194446 8.4395e-05
  122 121.5 0.198556 8.61788e-05
  123 122.5 0.195994 8.50668e-05
  124 123.5 0.198588 8.61927e-05
  125 124.5 0.199996 8.68038e-05
  126 125.5 0.198222 8.60339e-05
  127 126.5 0.197934 8.59089e-05
  128 127.5 0.196892 8.54566e-05
  129 128.5 0.198678 8.62318e-05
  130 129.5 0.19659 8.53255e-05
  131 130.5 0.19531 8.477e-05
  132 131.5 0.194446 8.4395e-05
  133 132.5 0.19674 8.53906e-05
  134 133.5 0.196724 8.53837e-05
  135 134.5 0.19459 8.44575e-05
  136 135.5 0.194958 8.46172e-05
  137 136.5 0.19677 8.54036e-05
  138 137.5 0.196718 8.53811e-05
  139 138.5 0.193264 8.38819e-05
  140 139.5 0.196278 8.51901e-05
  141 140.5 0.19848 8.61458e-05
  142 141.5 0.194254 8.43116e-05
  143 142.5 0.193612 8.4033e-05
  144 143.5 0.192372 8.34948e-05
  145 144.5 0.195526 8.48637e-05
  146 145.5 0.195986 8.50634e-05
  147 146.5 0.196638 8.53464e-05
  148 147.5 0.199124 8.64253e-05
  149 148.5 0.196458 8.52682e-05
  150 149.5 0.194042 8.42196e-05
  151 150.5 0.197896 8.58924e-05
  152 151.5 0.197238 8.56068e-05
  153 152.5 0.19724 8.56076e-05
  154 153.5 0.194756 8.45295e-05
  155 154.5 0.198288 8.60625e-05
  156 155.5 0.198072 8.59687e-05
  157 156.5 0.19769 8.5803e-05
  158 157.5 0.197236 8.56059e-05
  159 158.5 0.194066 8.423e-05
  160 159.5 0.194384 8.43681e-05
  161 160.5 0.193634 8.40425e-05
  162 161.5 0.193186 8.38481e-05
  163 162.5 0.194972 8.46233e-05
  164 163.5 0.193756 8.40955e-05
  165 164.5 0.19497 8.46224e-05
  166 165.5 0.196524 8.52969e-05
  167 166.5 0.196 8.50694e-05
  168 167.5 0.19485 8.45703e-05
  169 168.5 0.194974 8.46241e-05
  170 169.5 0.195524 8.48628e-05
  171 170.5 0.19714 8.55642e-05
  172 171.5 0.19547 8.48394e-05
  173 172.5 0.19343 8.3954e-05
  174 173.5 0.192576 8.35833e-05
  175 174.5 0.191866 8.32752e-05
  176 175.5 0.190214 8.25582e-05
  177 176.5 0.191136 8.29583e-05
  178 177.5 0.189044 8.20503e-05
  179 178.5 0.192558 8.35755e-05
  180 179.5 0.18945 8.22266e-05
  181 180.5 0.193544 8.40035e-05
  182 181.5 0.192088 8.33715e-05
  183 182.5 0.1926 8.35937e-05
  184 183.5 0.195114 8.46849e-05
  185 184.5 0.192342 8.34818e-05
  186 185.5 0.192794 8.3678e-05
  187 186.5 0.191058 8.29245e-05
  188 187.5 0.19144 8.30903e-05
  189 188.5 0.191964 8.33177e-05
  190 189.5 0.190786 8.28064e-05
  191 190.5 0.19151 8.31207e-05
  192 191.5 0.191016 8.29062e-05
  193 192.5 0.190022 8.24748e-05
  194 193.5 0.189236 8.21337e-05
  195 194.5 0.187442 8.1355e-05
  196 195.5 0.18819 8.16797e-05
  197 196.5 0.188436 8.17865e-05
  198 197.5 0.187928 8.1566e-05
  199 198.5 0.187588 8.14184e-05
  200 199.5 0.188156 8.16649e-05
  201 200.5 0.189 8.20313e-05
  202 201.5 0.189576 8.22812e-05
  203 202.5 0.191034 8.29141e-05
  204 203.5 0.191446 8.30929e-05
  205 204.5 0.192276 8.34531e-05
  206 205.5 0.1955 8.48524e-05
  207 206.5 0.196308 8.52031e-05
  208 207.5 0.201048 8.72604e-05
  209 208.5 0.205344 8.9125e-05
  210 209.5 0.208836 9.06406e-05
  211 210.5 0.21545 9.35113e-05
  212 211.5 0.226266 9.82057e-05
  213 212.5 0.242842 0.0001054
  214 213.5 0.263952 0.000114562
  215 214.5 0.293506 0.00012739
  216 215.5 0.337222 0.000146364
  217 216.5 0.397916 0.000172707
  218 217.5 0.501646 0.000217728
  219 218.5 0.641352 0.000278365
  220 219.5 0.854902 0.000371051
  221 220.5 1.18109 0.000512626
  222 221.5 1.70081 0.000738197
  223 222.5 2.49322 0.00108213
  224 223.5 3.70318 0.00160728
  225 224.5 5.43398 0.0023585
  226 225.5 7.84051 0.003403
  227 226.5 10.9053 0.0047332
  228 227.5 14.5308 0.00630679
  229 228.5 18.3481 0.00796358
  230 229.5 22.0935 0.00958917
  231 230.5 25.4647 0.0110524
  232 231.5 28.2697 0.0122698
  233 232.5 30.4512 0.0132167
  234 233.5 32.0535 0.0139121
  235 234.5 33.1863 0.0144038
  236 235.5 33.9613 0.0147401
  237 236.5 34.51 0.0149783
  238 237.5 34.8187 0.0151123
  239 238.5 35.1102 0.0152388
  240 239.5 35.2771 0.0153112
  241 240.5 35.4267 0.0153762
  242 241.5 35.4623 0.0153916
  243 242.5 35.5897 0.0154469
  244 243.5 35.5875 0.015446
  245 244.5 35.6307 0.0154647
  246 245.5 35.6425 0.0154698
  247 246.5 35.6494 0.0154728
  248 247.5 35.6547 0.0154751
  249 248.5 35.6882 0.0154897
  250 249.5 35.6399 0.0154687
  251 250.5 35.6722 0.0154827
  252 251.5 35.6918 0.0154912
  253 252.5 35.6737 0.0154834
  254 253.5 35.6385 0.0154681
  255 254.5 35.6692 0.0154814
  256 255.5 35.6717 0.0154825
  257 256.5 35.6138 0.0154574
  258 257.5 35.6131 0.0154571
  259 258.5 35.6456 0.0154712
  260 259.5 35.6156 0.0154582
  261 260.5 35.5498 0.0154296
  262 261.5 35.6323 0.0154654
  263 262.5 35.664 0.0154792
  264 263.5 35.5969 0.0154501
  265 264.5 35.5985 0.0154507
  266 265.5 35.6639 0.0154791
  267 266.5 35.6467 0.0154717
  268 267.5 35.6332 0.0154658
  269 268.5 35.6453 0.015471
  270 269.5 35.6482 0.0154723
  271 270.5 35.6617 0.0154782
  272 271.5 35.636 0.015467
  273 272.5 35.6673 0.0154806
  274 273.5 35.6304 0.0154646
  275 274.5 35.6916 0.0154912
  276 275.5 35.6635 0.015479
  277 276.5 35.6196 0.0154599
  278 277.5 35.6367 0.0154673
  279 278.5 35.6354 0.0154667
  280 279.5 35.6251 0.0154623
  281 280.5 35.6025 0.0154525
  282 281.5 35.5919 0.0154479
  283 282.5 35.6057 0.0154538
  284 283.5 35.6289 0.0154639
  285 284.5 35.5688 0.0154378
  286 285.5 35.5901 0.0154471
  287 286.5 35.6353 0.0154667
  288 287.5 35.5993 0.0154511
  289 288.5 35.5373 0.0154242
  290 289.5 35.6042 0.0154532
  291 290.5 35.6332 0.0154658
  292 291.5 35.5635 0.0154356
  293 292.5 35.5826 0.0154439
  294 293.5 35.6339 0.0154661
  295 294.5 35.6277 0.0154634
  296 295.5 35.5832 0.0154441
  297 296.5 35.6272 0.0154632
  298 297.5 35.6329 0.0154657
  299 298.5 35.6119 0.0154566
  300 299.5 35.5516 0.0154304
  301 300.5 35.6185 0.0154594
  302 301.5 35.5804 0.0154429
  303 302.5 35.5852 0.015445
  304 303.5 35.627 0.0154631
  305 304.5 35.6319 0.0154652
  306 305.5 35.6215 0.0154607
  307 306.5 35.6306 0.0154647
  308 307.5 35.6056 0.0154538
  309 308.5 35.6564 0.0154759
  310 309.5 35.67 0.0154818
  311 310.5 35.6231 0.0154614
  312 311.5 35.639 0.0154683
  313 312.5 35.6672 0.0154806
  314 313.5 35.703 0.0154961
  315 314.5 35.6553 0.0154754
  316 315.5 35.6573 0.0154762
  317 316.5 35.6849 0.0154883
  318 317.5 35.6942 0.0154923
  319 318.5 35.6725 0.0154829
  320 319.5 35.6722 0.0154827
  321 320.5 35.7073 0.015498
  322 321.5 35.7032 0.0154962
  323 322.5 35.6463 0.0154715
  324 323.5 35.6971 0.0154935
  325 324.5 35.7032 0.0154962
  326 325.5 35.6826 0.0154872
  327 326.5 35.6673 0.0154806
  328 327.5 35.7151 0.0155013
  329 328.5 35.6617 0.0154782
  330 329.5 35.6947 0.0154925
  331 330.5 35.6798 0.015486
  332 331.5 35.7232 0.0155048
  333 332.5 35.6942 0.0154923
  334 333.5 35.6955 0.0154928
  335 334.5 35.6692 0.0154814
  336 335.5 35.6739 0.0154835
  337 336.5 35.6693 0.0154815
  338 337.5 35.6741 0.0154836
  339 338.5 35.7076 0.0154981
  340 339.5 35.6856 0.0154885
  341 340.5 35.6792 0.0154858
  342 341.5 35.6843 0.015488
  343 342.5 35.6723 0.0154828
  344 343.5 35.673 0.0154831
  345 344.5 35.7209 0.0155038
  346 345.5 35.7127 0.0155003
  347 346.5 35.7001 0.0154949
  348 347.5 35.7351 0.01551
  349 348.5 35.7148 0.0155012
  350 349.5 35.7234 0.0155049
  351 350.5 35.7123 0.0155001
  352 351.5 35.7676 0.0155241
  353 352.5 35.7326 0.015509
  354 353.5 35.702 0.0154957
  355 354.5 35.7742 0.015527
  356 355.5 35.7811 0.01553
  357 356.5 35.7031 0.0154961
  358 357.5 35.7534 0.015518
  359 358.5 35.7402 0.0155122
  360 359.5 35.7565 0.0155193
  361 360.5 35.7147 0.0155012
  362 361.5 35.7444 0.0155141
  363 362.5 35.7486 0.0155159
  364 363.5 35.7341 0.0155096
  365 364.5 35.76 0.0155208
  366 365.5 35.7377 0.0155112
  367 366.5 35.7139 0.0155008
  368 367.5 35.7206 0.0155037
  369 368.5 35.714 0.0155009
  370 369.5 35.6935 0.015492
  371 370.5 35.6909 0.0154909
  372 371.5 35.676 0.0154844
  373 372.5 35.6674 0.0154807
  374 373.5 35.606 0.015454
  375 374.5 35.5708 0.0154387
  376 375.5 35.5342 0.0154228
  377 376.5 35.4348 0.0153797
  378 377.5 35.3074 0.0153244
  379 378.5 35.1985 0.0152771
  380 379.5 34.9368 0.0151635
  381 380.5 34.5753 0.0150066
  382 381.5 34.0903 0.0147961
  383 382.5 33.405 0.0144987
  384 383.5 32.1996 0.0139755
  385 384.5 30.5975 0.0132801
  386 385.5 28.4057 0.0123289
  387 386.5 25.6073 0.0111143
  388 387.5 22.1339 0.00960673
  389 388.5 18.312 0.00794792
  390 389.5 14.4595 0.00627581
  391 390.5 10.9484 0.00475191
  392 391.5 7.93965 0.00344603
  393 392.5 5.62741 0.00244245
  394 393.5 3.97486 0.0017252
  395 394.5 2.8768 0.00124861
  396 395.5 2.15344 0.000934652
  397 396.5 1.72001 0.000746532
  398 397.5 1.4562 0.000632031
  399 398.5 1.28305 0.00055688
  400 399.5 1.1733 0.000509246
  401 400.5 1.10741 0.000480648
  402 401.5 1.07386 0.000466083
  403 402.5 1.04717 0.0004545
  404 403.5 1.03427 0.000448904
  405 404.5 1.00433 0.000435905
  406 405.5 0.99445 0.000431619
  407 406.5 0.987238 0.000428489
  408 407.5 0.991952 0.000430535
  409 408.5 0.99901 0.000433598
  410 409.5 0.99642 0.000432474
  411 410.5 0.99736 0.000432882
  412 411.5 0.99907 0.000433624
  413 412.5 1.00306 0.000435358
  414 413.5 0.996736 0.000432611
  415 414.5 0.997872 0.000433104
  416 415.5 0.996434 0.00043248
  417 416.5 1.00132 0.000434602
  418 417.5 0.999716 0.000433905
  419 418.5 0.998574 0.000433409
  420 419.5 0.99946 0.000433793
  421 420.5 1.00793 0.00043747
  422 421.5 1.00564 0.000436474
  423 422.5 1.00299 0.000435325
  424 423.5 1.00231 0.000435032
  425 424.5 0.997156 0.000432793
  426 425.5 1.00267 0.000435187
  427 426.5 1.00841 0.000437679
  428 427.5 1.00868 0.000437796
  429 428.5 1.01215 0.0004393
  430 429.5 1.00772 0.00043738
  431 430.5 1.01406 0.000440128
  432 431.5 1.01532 0.000440675
  433 432.5 1.01647 0.000441174
  434 433.5 1.0104 0.00043854
  435 434.5 1.00904 0.00043795
  436 435.5 1.00337 0.000435492
  437 436.5 1.01023 0.000438469
  438 437.5 1.00719 0.000437149
  439 438.5 0.992146 0.000430619
  440 439.5 0.985766 0.00042785
  441 440.5 0.989252 0.000429363
  442 441.5 0.994398 0.000431596
  443 442.5 0.989886 0.000429638
  444 443.5 0.9926 0.000430816
  445 444.5 0.993572 0.000431238
  446 445.5 0.996036 0.000432307
  447 446.5 0.998624 0.000433431
  448 447.5 0.997132 0.000432783
  449 448.5 0.99046 0.000429887
  450 449.5 0.982848 0.000426583
  451 450.5 0.994402 0.000431598
  452 451.5 1.00246 0.000435095
  453 452.5 1.00284 0.00043526
  454 453.5 0.995758 0.000432187
  455 454.5 0.984944 0.000427493
  456 455.5 0.978758 0.000424808
  457 456.5 0.98159 0.000426037
  458 457.5 0.97911 0.000424961
  459 458.5 0.966352 0.000419424
  460 459.5 0.958014 0.000415805
  461 460.5 0.96458 0.000418655
  462 461.5 0.965112 0.000418885
  463 462.5 0.971876 0.000421821
  464 463.5 0.975466 0.000423379
  465 464.5 0.981198 0.000425867
  466 465.5 0.976198 0.000423697
  467 466.5 0.967486 0.000419916
  468 467.5 0.971768 0.000421774
  469 468.5 0.976132 0.000423668
  470 469.5 0.977858 0.000424418
  471 470.5 0.973354 0.000422463
  472 471.5 0.976116 0.000423661
  473 472.5 0.97467 0.000423034
  474 473.5 0.969292 0.0004207
  475 474.5 0.965562 0.000419081
  476 475.5 0.970634 0.000421282
  477 476.5 0.975352 0.00042333
  478 477.5 0.961222 0.000417197
  479 478.5 0.971812 0.000421793
  480 479.5 0.967834 0.000420067
