# Chunk-averaged data for fix tensor3 and group c2
# Timestep Number-of-chunks Total-count
# Chunk Coord1 Ncount density/number
20000000 480 6341
  1 0.5 0.02637 1.14453e-05
  2 1.5 0.025404 1.1026e-05
  3 2.5 0.02393 1.03863e-05
  4 3.5 0.02329 1.01085e-05
  5 4.5 0.022376 9.71181e-06
  6 5.5 0.023858 1.0355e-05
  7 6.5 0.023346 1.01328e-05
  8 7.5 0.023754 1.03099e-05
  9 8.5 0.022674 9.84115e-06
  10 9.5 0.022192 9.63194e-06
  11 10.5 0.02192 9.51389e-06
  12 11.5 0.021064 9.14236e-06
  13 12.5 0.021402 9.28906e-06
  14 13.5 0.021058 9.13976e-06
  15 14.5 0.02117 9.18837e-06
  16 15.5 0.021988 9.5434e-06
  17 16.5 0.02148 9.32292e-06
  18 17.5 0.021366 9.27344e-06
  19 18.5 0.021188 9.19618e-06
  20 19.5 0.022384 9.71528e-06
  21 20.5 0.022838 9.91233e-06
  22 21.5 0.022242 9.65365e-06
  23 22.5 0.02374 1.03038e-05
  24 23.5 0.022304 9.68056e-06
  25 24.5 0.021564 9.35938e-06
  26 25.5 0.021296 9.24306e-06
  27 26.5 0.02029 8.80642e-06
  28 27.5 0.02068 8.97569e-06
  29 28.5 0.02046 8.88021e-06
  30 29.5 0.019396 8.4184e-06
  31 30.5 0.020968 9.10069e-06
  32 31.5 0.02128 9.23611e-06
  33 32.5 0.022342 9.69705e-06
  34 33.5 0.022852 9.9184e-06
  35 34.5 0.02187 9.49219e-06
  36 35.5 0.022054 9.57205e-06
  37 36.5 0.023416 1.01632e-05
  38 37.5 0.023872 1.03611e-05
  39 38.5 0.023718 1.02943e-05
  40 39.5 0.023938 1.03898e-05
  41 40.5 0.023162 1.0053e-05
  42 41.5 0.023524 1.02101e-05
  43 42.5 0.023036 9.99826e-06
  44 43.5 0.023768 1.0316e-05
  45 44.5 0.02561 1.11155e-05
  46 45.5 0.024912 1.08125e-05
  47 46.5 0.024874 1.0796e-05
  48 47.5 0.025584 1.11042e-05
  49 48.5 0.025812 1.12031e-05
  50 49.5 0.026336 1.14306e-05
  51 50.5 0.027516 1.19427e-05
  52 51.5 0.027202 1.18064e-05
  53 52.5 0.02697 1.17057e-05
  54 53.5 0.026536 1.15174e-05
  55 54.5 0.025042 1.08689e-05
  56 55.5 0.02399 1.04123e-05
  57 56.5 0.02401 1.0421e-05
  58 57.5 0.021494 9.32899e-06
  59 58.5 0.019726 8.56163e-06
  60 59.5 0.018684 8.10938e-06
  61 60.5 0.017126 7.43316e-06
  62 61.5 0.015874 6.88976e-06
  63 62.5 0.01418 6.15451e-06
  64 63.5 0.013038 5.65885e-06
  65 64.5 0.011704 5.07986e-06
  66 65.5 0.011702 5.07899e-06
  67 66.5 0.011154 4.84115e-06
  68 67.5 0.011178 4.85156e-06
  69 68.5 0.010754 4.66753e-06
  70 69.5 0.01062 4.60938e-06
  71 70.5 0.010842 4.70573e-06
  72 71.5 0.010354 4.49392e-06
  73 72.5 0.009832 4.26736e-06
  74 73.5 0.009862 4.28038e-06
  75 74.5 0.009682 4.20226e-06
  76 75.5 0.009538 4.13976e-06
  77 76.5 0.009506 4.12587e-06
  78 77.5 0.009206 3.99566e-06
  79 78.5 0.009296 4.03472e-06
  80 79.5 0.008986 3.90017e-06
  81 80.5 0.009838 4.26997e-06
  82 81.5 0.010322 4.48003e-06
  83 82.5 0.010526 4.56858e-06
  84 83.5 0.010494 4.55469e-06
  85 84.5 0.009806 4.25608e-06
  86 85.5 0.009968 4.32639e-06
  87 86.5 0.010312 4.47569e-06
  88 87.5 0.010322 4.48003e-06
  89 88.5 0.010258 4.45226e-06
  90 89.5 0.010658 4.62587e-06
  91 90.5 0.00968 4.20139e-06
  92 91.5 0.010186 4.42101e-06
  93 92.5 0.010314 4.47656e-06
  94 93.5 0.009866 4.28212e-06
  95 94.5 0.009612 4.17187e-06
  96 95.5 0.00937 4.06684e-06
  97 96.5 0.009736 4.22569e-06
  98 97.5 0.009528 4.13542e-06
  99 98.5 0.010186 4.42101e-06
  100 99.5 0.01 4.34028e-06
  101 100.5 0.01017 4.41406e-06
  102 101.5 0.010244 4.44618e-06
  103 102.5 0.010576 4.59028e-06
  104 103.5 0.009132 3.96354e-06
  105 104.5 0.009062 3.93316e-06
  106 105.5 0.009422 4.08941e-06
  107 106.5 0.009742 4.2283e-06
  108 107.5 0.009826 4.26476e-06
  109 108.5 0.010094 4.38108e-06
  110 109.5 0.010366 4.49913e-06
  111 110.5 0.010246 4.44705e-06
  112 111.5 0.010226 4.43837e-06
  113 112.5 0.009916 4.30382e-06
  114 113.5 0.009556 4.14757e-06
  115 114.5 0.009544 4.14236e-06
  116 115.5 0.009398 4.07899e-06
  117 116.5 0.009626 4.17795e-06
  118 117.5 0.00912 3.95833e-06
  119 118.5 0.00819 3.55469e-06
  120 119.5 0.008626 3.74392e-06
  121 120.5 0.009078 3.9401e-06
  122 121.5 0.009432 4.09375e-06
  123 122.5 0.00945 4.10156e-06
  124 123.5 0.009908 4.30035e-06
  125 124.5 0.009908 4.30035e-06
  126 125.5 0.010288 4.46528e-06
  127 126.5 0.00943 4.09288e-06
  128 127.5 0.009096 3.94792e-06
  129 128.5 0.009504 4.125e-06
  130 129.5 0.009674 4.19878e-06
  131 130.5 0.008722 3.78559e-06
  132 131.5 0.00912 3.95833e-06
  133 132.5 0.009842 4.2717e-06
  134 133.5 0.009282 4.02865e-06
  135 134.5 0.009246 4.01302e-06
  136 135.5 0.009374 4.06858e-06
  137 136.5 0.008386 3.63976e-06
  138 137.5 0.008986 3.90017e-06
  139 138.5 0.009302 4.03733e-06
  140 139.5 0.009888 4.29167e-06
  141 140.5 0.010386 4.50781e-06
  142 141.5 0.010118 4.39149e-06
  143 142.5 0.01032 4.47917e-06
  144 143.5 0.009986 4.3342e-06
  145 144.5 0.010122 4.39323e-06
  146 145.5 0.009054 3.92969e-06
  147 146.5 0.009632 4.18056e-06
  148 147.5 0.009654 4.1901e-06
  149 148.5 0.009712 4.21528e-06
  150 149.5 0.009822 4.26302e-06
  151 150.5 0.008808 3.82292e-06
  152 151.5 0.00863 3.74566e-06
  153 152.5 0.00888 3.85417e-06
  154 153.5 0.009254 4.01649e-06
  155 154.5 0.00936 4.0625e-06
  156 155.5 0.009876 4.28646e-06
  157 156.5 0.009142 3.96788e-06
  158 157.5 0.009358 4.06163e-06
  159 158.5 0.009544 4.14236e-06
  160 159.5 0.008934 3.8776e-06
  161 160.5 0.009506 4.12587e-06
  162 161.5 0.008954 3.88628e-06
  163 162.5 0.008846 3.83941e-06
  164 163.5 0.008942 3.88108e-06
  165 164.5 0.010028 4.35243e-06
  166 165.5 0.009898 4.29601e-06
  167 166.5 0.008908 3.86632e-06
  168 167.5 0.00944 4.09722e-06
  169 168.5 0.008712 3.78125e-06
  170 169.5 0.009576 4.15625e-06
  171 170.5 0.00951 4.1276e-06
  172 171.5 0.00906 3.93229e-06
  173 172.5 0.008674 3.76476e-06
  174 173.5 0.008654 3.75608e-06
  175 174.5 0.009614 4.17274e-06
  176 175.5 0.010286 4.46441e-06
  177 176.5 0.009064 3.93403e-06
  178 177.5 0.009278 4.02691e-06
  179 178.5 0.00947 4.11024e-06
  180 179.5 0.009582 4.15885e-06
  181 180.5 0.009176 3.98264e-06
  182 181.5 0.009048 3.92708e-06
  183 182.5 0.008768 3.80556e-06
  184 183.5 0.008868 3.84896e-06
  185 184.5 0.00911 3.95399e-06
  186 185.5 0.008486 3.68316e-06
  187 186.5 0.009896 4.29514e-06
  188 187.5 0.009926 4.30816e-06
  189 188.5 0.010042 4.35851e-06
  190 189.5 0.010032 4.35417e-06
  191 190.5 0.009896 4.29514e-06
  192 191.5 0.010202 4.42795e-06
  193 192.5 0.009706 4.21267e-06
  194 193.5 0.009788 4.24826e-06
  195 194.5 0.010354 4.49392e-06
  196 195.5 0.010632 4.61458e-06
  197 196.5 0.01083 4.70052e-06
  198 197.5 0.010834 4.70226e-06
  199 198.5 0.0117 5.07812e-06
  200 199.5 0.01088 4.72222e-06
  201 200.5 0.011534 5.00608e-06
  202 201.5 0.012408 5.38542e-06
  203 202.5 0.011858 5.1467e-06
  204 203.5 0.012994 5.63976e-06
  205 204.5 0.014162 6.1467e-06
  206 205.5 0.015788 6.85243e-06
  207 206.5 0.016506 7.16406e-06
  208 207.5 0.018086 7.84983e-06
  209 208.5 0.022954 9.96267e-06
  210 209.5 0.029458 1.27856e-05
  211 210.5 0.045806 1.98811e-05
  212 211.5 0.092294 4.00582e-05
  213 212.5 0.243926 0.000105871
  214 213.5 0.730182 0.000316919
  215 214.5 2.11122 0.00091633
  216 215.5 5.33155 0.00231404
  217 216.5 11.2111 0.00486592
  218 217.5 19.2147 0.00833974
  219 218.5 27.1738 0.0117942
  220 219.5 32.8123 0.0142415
  221 220.5 35.935 0.0155968
  222 221.5 37.6558 0.0163437
  223 222.5 38.7415 0.0168149
  224 223.5 39.2506 0.0170359
  225 224.5 39.5577 0.0171691
  226 225.5 39.7922 0.0172709
  227 226.5 39.9363 0.0173335
  228 227.5 39.9735 0.0173496
  229 228.5 40.0792 0.0173955
  230 229.5 40.1058 0.017407
  231 230.5 40.1171 0.0174119
  232 231.5 40.1179 0.0174123
  233 232.5 40.1971 0.0174467
  234 233.5 40.1682 0.0174341
  235 234.5 40.1478 0.0174252
  236 235.5 40.2001 0.017448
  237 236.5 40.1517 0.0174269
  238 237.5 40.2025 0.017449
  239 238.5 40.1429 0.0174231
  240 239.5 40.2134 0.0174537
  241 240.5 40.1749 0.017437
  242 241.5 40.1442 0.0174237
  243 242.5 40.1873 0.0174424
  244 243.5 40.2184 0.0174559
  245 244.5 40.1536 0.0174278
  246 245.5 40.1354 0.0174199
  247 246.5 40.231 0.0174614
  248 247.5 40.1684 0.0174342
  249 248.5 40.1363 0.0174203
  250 249.5 40.1591 0.0174302
  251 250.5 40.24 0.0174653
  252 251.5 40.0971 0.0174033
  253 252.5 40.1245 0.0174152
  254 253.5 40.2583 0.0174732
  255 254.5 40.1531 0.0174276
  256 255.5 40.0772 0.0173946
  257 256.5 40.2258 0.0174591
  258 257.5 40.2333 0.0174624
  259 258.5 40.0491 0.0173824
  260 259.5 40.1645 0.0174325
  261 260.5 40.2328 0.0174622
  262 261.5 40.148 0.0174254
  263 262.5 40.0797 0.0173957
  264 263.5 40.2568 0.0174726
  265 264.5 40.1867 0.0174421
  266 265.5 40.0884 0.0173995
  267 266.5 40.1699 0.0174349
  268 267.5 40.2198 0.0174565
  269 268.5 40.1503 0.0174263
  270 269.5 40.1074 0.0174077
  271 270.5 40.1923 0.0174446
  272 271.5 40.1993 0.0174476
  273 272.5 40.1397 0.0174218
  274 273.5 40.12 0.0174132
  275 274.5 40.196 0.0174462
  276 275.5 40.1867 0.0174421
  277 276.5 40.1107 0.0174092
  278 277.5 40.1689 0.0174344
  279 278.5 40.21 0.0174523
  280 279.5 40.1608 0.0174309
  281 280.5 40.1333 0.017419
  282 281.5 40.1953 0.0174459
  283 282.5 40.1985 0.0174473
  284 283.5 40.1872 0.0174424
  285 284.5 40.156 0.0174288
  286 285.5 40.2029 0.0174492
  287 286.5 40.1887 0.017443
  288 287.5 40.1531 0.0174275
  289 288.5 40.1806 0.0174395
  290 289.5 40.2038 0.0174496
  291 290.5 40.1684 0.0174342
  292 291.5 40.1475 0.0174251
  293 292.5 40.1856 0.0174417
  294 293.5 40.1873 0.0174424
  295 294.5 40.1638 0.0174322
  296 295.5 40.1591 0.0174302
  297 296.5 40.2023 0.0174489
  298 297.5 40.1606 0.0174308
  299 298.5 40.158 0.0174297
  300 299.5 40.1457 0.0174244
  301 300.5 40.2033 0.0174494
  302 301.5 40.1438 0.0174235
  303 302.5 40.153 0.0174275
  304 303.5 40.1899 0.0174435
  305 304.5 40.1852 0.0174415
  306 305.5 40.1127 0.01741
  307 306.5 40.1705 0.0174351
  308 307.5 40.172 0.0174358
  309 308.5 40.1664 0.0174333
  310 309.5 40.1465 0.0174247
  311 310.5 40.1715 0.0174356
  312 311.5 40.1275 0.0174165
  313 312.5 40.1692 0.0174346
  314 313.5 40.153 0.0174275
  315 314.5 40.1643 0.0174324
  316 315.5 40.1385 0.0174212
  317 316.5 40.19 0.0174436
  318 317.5 40.1404 0.0174221
  319 318.5 40.1795 0.017439
  320 319.5 40.1638 0.0174322
  321 320.5 40.187 0.0174423
  322 321.5 40.154 0.0174279
  323 322.5 40.1838 0.0174409
  324 323.5 40.1367 0.0174204
  325 324.5 40.1771 0.017438
  326 325.5 40.1994 0.0174476
  327 326.5 40.1062 0.0174072
  328 327.5 40.2036 0.0174495
  329 328.5 40.1618 0.0174314
  330 329.5 40.1689 0.0174344
  331 330.5 40.1585 0.0174299
  332 331.5 40.1633 0.017432
  333 332.5 40.1621 0.0174315
  334 333.5 40.2143 0.0174541
  335 334.5 40.164 0.0174323
  336 335.5 40.1613 0.0174311
  337 336.5 40.1919 0.0174444
  338 337.5 40.1871 0.0174423
  339 338.5 40.1492 0.0174259
  340 339.5 40.2082 0.0174515
  341 340.5 40.1785 0.0174386
  342 341.5 40.1589 0.0174301
  343 342.5 40.1644 0.0174325
  344 343.5 40.2193 0.0174563
  345 344.5 40.16 0.0174306
  346 345.5 40.1334 0.017419
  347 346.5 40.2104 0.0174524
  348 347.5 40.2392 0.0174649
  349 348.5 40.1084 0.0174082
  350 349.5 40.221 0.017457
  351 350.5 40.245 0.0174674
  352 351.5 40.1369 0.0174205
  353 352.5 40.1534 0.0174277
  354 353.5 40.2717 0.017479
  355 354.5 40.1606 0.0174308
  356 355.5 40.1169 0.0174118
  357 356.5 40.2449 0.0174674
  358 357.5 40.2199 0.0174566
  359 358.5 40.1012 0.017405
  360 359.5 40.1722 0.0174359
  361 360.5 40.2039 0.0174496
  362 361.5 40.1116 0.0174096
  363 362.5 40.1059 0.0174071
  364 363.5 40.1693 0.0174346
  365 364.5 40.0408 0.0173788
  366 365.5 39.9831 0.0173538
  367 366.5 39.9955 0.0173591
  368 367.5 39.8589 0.0172999
  369 368.5 39.6368 0.0172035
  370 369.5 39.4035 0.0171022
  371 370.5 39.0522 0.0169497
  372 371.5 38.1587 0.0165619
  373 372.5 36.7328 0.015943
  374 373.5 34.2082 0.0148473
  375 374.5 29.4125 0.0127658
  376 375.5 21.867 0.00949086
  377 376.5 13.4625 0.00584308
  378 377.5 6.71575 0.00291482
  379 378.5 2.75862 0.00119732
  380 379.5 0.972416 0.000422056
  381 380.5 0.322484 0.000139967
  382 381.5 0.11517 4.9987e-05
  383 382.5 0.057144 2.48021e-05
  384 383.5 0.037982 1.64852e-05
  385 384.5 0.031138 1.35148e-05
  386 385.5 0.029606 1.28498e-05
  387 386.5 0.028758 1.24818e-05
  388 387.5 0.026914 1.16814e-05
  389 388.5 0.025852 1.12205e-05
  390 389.5 0.026944 1.16944e-05
  391 390.5 0.024272 1.05347e-05
  392 391.5 0.02362 1.02517e-05
  393 392.5 0.02381 1.03342e-05
  394 393.5 0.02427 1.05339e-05
  395 394.5 0.023946 1.03932e-05
  396 395.5 0.022876 9.92882e-06
  397 396.5 0.022444 9.74132e-06
  398 397.5 0.022688 9.84722e-06
  399 398.5 0.022144 9.61111e-06
  400 399.5 0.022622 9.81858e-06
  401 400.5 0.022808 9.89931e-06
  402 401.5 0.024024 1.04271e-05
  403 402.5 0.025878 1.12318e-05
  404 403.5 0.026884 1.16684e-05
  405 404.5 0.026864 1.16597e-05
  406 405.5 0.027328 1.18611e-05
  407 406.5 0.025606 1.11137e-05
  408 407.5 0.025228 1.09497e-05
  409 408.5 0.026062 1.13116e-05
  410 409.5 0.027404 1.18941e-05
  411 410.5 0.027036 1.17344e-05
  412 411.5 0.026776 1.16215e-05
  413 412.5 0.027672 1.20104e-05
  414 413.5 0.0257 1.11545e-05
  415 414.5 0.025462 1.10512e-05
  416 415.5 0.025864 1.12257e-05
  417 416.5 0.026252 1.13941e-05
  418 417.5 0.027176 1.17951e-05
  419 418.5 0.027972 1.21406e-05
  420 419.5 0.028432 1.23403e-05
  421 420.5 0.030576 1.32708e-05
  422 421.5 0.031824 1.38125e-05
  423 422.5 0.030784 1.33611e-05
  424 423.5 0.030098 1.30634e-05
  425 424.5 0.02881 1.25043e-05
  426 425.5 0.028668 1.24427e-05
  427 426.5 0.02801 1.21571e-05
  428 427.5 0.027388 1.18872e-05
  429 428.5 0.026818 1.16398e-05
  430 429.5 0.027606 1.19818e-05
  431 430.5 0.02822 1.22483e-05
  432 431.5 0.028144 1.22153e-05
  433 432.5 0.02752 1.19444e-05
  434 433.5 0.027976 1.21424e-05
  435 434.5 0.028324 1.22934e-05
  436 435.5 0.027884 1.21024e-05
  437 436.5 0.027598 1.19783e-05
  438 437.5 0.028972 1.25747e-05
  439 438.5 0.027914 1.21155e-05
  440 439.5 0.02826 1.22656e-05
  441 440.5 0.02761 1.19835e-05
  442 441.5 0.028164 1.2224e-05
  443 442.5 0.028404 1.23281e-05
  444 443.5 0.028412 1.23316e-05
  445 444.5 0.028212 1.22448e-05
  446 445.5 0.028 1.21528e-05
  447 446.5 0.027724 1.2033e-05
  448 447.5 0.029066 1.26155e-05
  449 448.5 0.027318 1.18568e-05
  450 449.5 0.02779 1.20616e-05
  451 450.5 0.027536 1.19514e-05
  452 451.5 0.028252 1.22622e-05
  453 452.5 0.02963 1.28602e-05
  454 453.5 0.030622 1.32908e-05
  455 454.5 0.029622 1.28568e-05
  456 455.5 0.029526 1.28151e-05
  457 456.5 0.029194 1.2671e-05
  458 457.5 0.03002 1.30295e-05
  459 458.5 0.030728 1.33368e-05
  460 459.5 0.030192 1.31042e-05
  461 460.5 0.029362 1.27439e-05
  462 461.5 0.028488 1.23646e-05
  463 462.5 0.026556 1.1526e-05
  464 463.5 0.025674 1.11432e-05
  465 464.5 0.025544 1.10868e-05
  466 465.5 0.025886 1.12352e-05
  467 466.5 0.025748 1.11753e-05
  468 467.5 0.024878 1.07977e-05
  469 468.5 0.024414 1.05964e-05
  470 469.5 0.024388 1.05851e-05
  471 470.5 0.02653 1.15148e-05
  472 471.5 0.026164 1.13559e-05
  473 472.5 0.02695 1.1697e-05
  474 473.5 0.025604 1.11128e-05
  475 474.5 0.026406 1.14609e-05
  476 475.5 0.026978 1.17092e-05
  477 476.5 0.028448 1.23472e-05
  478 477.5 0.027754 1.2046e-05
  479 478.5 0.02774 1.20399e-05
  480 479.5 0.027112 1.17674e-05
30000000 480 6341.000000000007
  1 0.5 0.02041 8.85851e-06
  2 1.5 0.019298 8.37587e-06
  3 2.5 0.019146 8.3099e-06
  4 3.5 0.019564 8.49132e-06
  5 4.5 0.019424 8.43056e-06
  6 5.5 0.018862 8.18663e-06
  7 6.5 0.01766 7.66493e-06
  8 7.5 0.018134 7.87066e-06
  9 8.5 0.017776 7.71528e-06
  10 9.5 0.017848 7.74653e-06
  11 10.5 0.018338 7.9592e-06
  12 11.5 0.019096 8.28819e-06
  13 12.5 0.018426 7.9974e-06
  14 13.5 0.019734 8.5651e-06
  15 14.5 0.020426 8.86545e-06
  16 15.5 0.022326 9.6901e-06
  17 16.5 0.022138 9.60851e-06
  18 17.5 0.022308 9.68229e-06
  19 18.5 0.02326 1.00955e-05
  20 19.5 0.02258 9.80035e-06
  21 20.5 0.02298 9.97396e-06
  22 21.5 0.02273 9.86545e-06
  23 22.5 0.022278 9.66927e-06
  24 23.5 0.02301 9.98698e-06
  25 24.5 0.023006 9.98524e-06
  26 25.5 0.022838 9.91233e-06
  27 26.5 0.023244 1.00885e-05
  28 27.5 0.02212 9.60069e-06
  29 28.5 0.022654 9.83247e-06
  30 29.5 0.024392 1.05868e-05
  31 30.5 0.023296 1.01111e-05
  32 31.5 0.02286 9.92188e-06
  33 32.5 0.02255 9.78733e-06
  34 33.5 0.022844 9.91493e-06
  35 34.5 0.022538 9.78212e-06
  36 35.5 0.022468 9.75174e-06
  37 36.5 0.022522 9.77517e-06
  38 37.5 0.022372 9.71007e-06
  39 38.5 0.023552 1.02222e-05
  40 39.5 0.023864 1.03576e-05
  41 40.5 0.023428 1.01684e-05
  42 41.5 0.023198 1.00686e-05
  43 42.5 0.023658 1.02682e-05
  44 43.5 0.024052 1.04392e-05
  45 44.5 0.02486 1.07899e-05
  46 45.5 0.026238 1.1388e-05
  47 46.5 0.02717 1.17925e-05
  48 47.5 0.02725 1.18273e-05
  49 48.5 0.027948 1.21302e-05
  50 49.5 0.028194 1.2237e-05
  51 50.5 0.028694 1.2454e-05
  52 51.5 0.02763 1.19922e-05
  53 52.5 0.027078 1.17526e-05
  54 53.5 0.026644 1.15642e-05
  55 54.5 0.025822 1.12075e-05
  56 55.5 0.024548 1.06545e-05
  57 56.5 0.02354 1.0217e-05
  58 57.5 0.022306 9.68142e-06
  59 58.5 0.021016 9.12153e-06
  60 59.5 0.019406 8.42274e-06
  61 60.5 0.016982 7.37066e-06
  62 61.5 0.015394 6.68142e-06
  63 62.5 0.014668 6.36632e-06
  64 63.5 0.013156 5.71007e-06
  65 64.5 0.01245 5.40365e-06
  66 65.5 0.011408 4.95139e-06
  67 66.5 0.011658 5.0599e-06
  68 67.5 0.010632 4.61458e-06
  69 68.5 0.01056 4.58333e-06
  70 69.5 0.010962 4.75781e-06
  71 70.5 0.010676 4.63368e-06
  72 71.5 0.010794 4.6849e-06
  73 72.5 0.011178 4.85156e-06
  74 73.5 0.011616 5.04167e-06
  75 74.5 0.011052 4.79687e-06
  76 75.5 0.010818 4.69531e-06
  77 76.5 0.010238 4.44358e-06
  78 77.5 0.01037 4.50087e-06
  79 78.5 0.009928 4.30903e-06
  80 79.5 0.009566 4.15191e-06
  81 80.5 0.009542 4.14149e-06
  82 81.5 0.00955 4.14497e-06
  83 82.5 0.009924 4.30729e-06
  84 83.5 0.009846 4.27344e-06
  85 84.5 0.009274 4.02517e-06
  86 85.5 0.009382 4.07205e-06
  87 86.5 0.009272 4.02431e-06
  88 87.5 0.009044 3.92535e-06
  89 88.5 0.00881 3.82378e-06
  90 89.5 0.009642 4.1849e-06
  91 90.5 0.009954 4.32031e-06
  92 91.5 0.011014 4.78038e-06
  93 92.5 0.010376 4.50347e-06
  94 93.5 0.01073 4.65712e-06
  95 94.5 0.010672 4.63194e-06
  96 95.5 0.010866 4.71615e-06
  97 96.5 0.010568 4.58681e-06
  98 97.5 0.010448 4.53472e-06
  99 98.5 0.010762 4.67101e-06
  100 99.5 0.010482 4.54948e-06
  101 100.5 0.009934 4.31163e-06
  102 101.5 0.009656 4.19097e-06
  103 102.5 0.009282 4.02865e-06
  104 103.5 0.010048 4.36111e-06
  105 104.5 0.010652 4.62326e-06
  106 105.5 0.01097 4.76128e-06
  107 106.5 0.010112 4.38889e-06
  108 107.5 0.010112 4.38889e-06
  109 108.5 0.009744 4.22917e-06
  110 109.5 0.01029 4.46615e-06
  111 110.5 0.009982 4.33247e-06
  112 111.5 0.010098 4.38281e-06
  113 112.5 0.01057 4.58767e-06
  114 113.5 0.01039 4.50955e-06
  115 114.5 0.010632 4.61458e-06
  116 115.5 0.010826 4.69878e-06
  117 116.5 0.010764 4.67188e-06
  118 117.5 0.010636 4.61632e-06
  119 118.5 0.010488 4.55208e-06
  120 119.5 0.011074 4.80642e-06
  121 120.5 0.011132 4.8316e-06
  122 121.5 0.011742 5.09635e-06
  123 122.5 0.011192 4.85764e-06
  124 123.5 0.01089 4.72656e-06
  125 124.5 0.010996 4.77257e-06
  126 125.5 0.010888 4.72569e-06
  127 126.5 0.010682 4.63628e-06
  128 127.5 0.01023 4.4401e-06
  129 128.5 0.010398 4.51302e-06
  130 129.5 0.010274 4.4592e-06
  131 130.5 0.010346 4.49045e-06
  132 131.5 0.010346 4.49045e-06
  133 132.5 0.010088 4.37847e-06
  134 133.5 0.010268 4.4566e-06
  135 134.5 0.00984 4.27083e-06
  136 135.5 0.010216 4.43403e-06
  137 136.5 0.010716 4.65104e-06
  138 137.5 0.010772 4.67535e-06
  139 138.5 0.010494 4.55469e-06
  140 139.5 0.01041 4.51823e-06
  141 140.5 0.010008 4.34375e-06
  142 141.5 0.01022 4.43576e-06
  143 142.5 0.010726 4.65538e-06
  144 143.5 0.010216 4.43403e-06
  145 144.5 0.009724 4.22049e-06
  146 145.5 0.009472 4.11111e-06
  147 146.5 0.010024 4.35069e-06
  148 147.5 0.00973 4.22309e-06
  149 148.5 0.01009 4.37934e-06
  150 149.5 0.010004 4.34201e-06
  151 150.5 0.010294 4.46788e-06
  152 151.5 0.00979 4.24913e-06
  153 152.5 0.010016 4.34722e-06
  154 153.5 0.009954 4.32031e-06
  155 154.5 0.010386 4.50781e-06
  156 155.5 0.010554 4.58073e-06
  157 156.5 0.010414 4.51997e-06
  158 157.5 0.010734 4.65885e-06
  159 158.5 0.010764 4.67188e-06
  160 159.5 0.010832 4.70139e-06
  161 160.5 0.010652 4.62326e-06
  162 161.5 0.0112 4.86111e-06
  163 162.5 0.010804 4.68924e-06
  164 163.5 0.010272 4.45833e-06
  165 164.5 0.0104 4.51389e-06
  166 165.5 0.01079 4.68316e-06
  167 166.5 0.010428 4.52604e-06
  168 167.5 0.010152 4.40625e-06
  169 168.5 0.01006 4.36632e-06
  170 169.5 0.01055 4.57899e-06
  171 170.5 0.010118 4.39149e-06
  172 171.5 0.009534 4.13802e-06
  173 172.5 0.009376 4.06944e-06
  174 173.5 0.009976 4.32986e-06
  175 174.5 0.010202 4.42795e-06
  176 175.5 0.010832 4.70139e-06
  177 176.5 0.011466 4.97656e-06
  178 177.5 0.010732 4.65799e-06
  179 178.5 0.010436 4.52951e-06
  180 179.5 0.010848 4.70833e-06
  181 180.5 0.01059 4.59635e-06
  182 181.5 0.010984 4.76736e-06
  183 182.5 0.011054 4.79774e-06
  184 183.5 0.010334 4.48524e-06
  185 184.5 0.010102 4.38455e-06
  186 185.5 0.010366 4.49913e-06
  187 186.5 0.010248 4.44792e-06
  188 187.5 0.009906 4.29948e-06
  189 188.5 0.010006 4.34288e-06
  190 189.5 0.010142 4.40191e-06
  191 190.5 0.009914 4.30295e-06
  192 191.5 0.009306 4.03906e-06
  193 192.5 0.009606 4.16927e-06
  194 193.5 0.00986 4.27951e-06
  195 194.5 0.009298 4.03559e-06
  196 195.5 0.009186 3.98698e-06
  197 196.5 0.009104 3.95139e-06
  198 197.5 0.009442 4.09809e-06
  199 198.5 0.009176 3.98264e-06
  200 199.5 0.010682 4.63628e-06
  201 200.5 0.011118 4.82552e-06
  202 201.5 0.011912 5.17014e-06
  203 202.5 0.012082 5.24392e-06
  204 203.5 0.013688 5.94097e-06
  205 204.5 0.01509 6.54948e-06
  206 205.5 0.016644 7.22396e-06
  207 206.5 0.017832 7.73958e-06
  208 207.5 0.021058 9.13976e-06
  209 208.5 0.02617 1.13585e-05
  210 209.5 0.032734 1.42075e-05
  211 210.5 0.05027 2.18186e-05
  212 211.5 0.10465 4.5421e-05
  213 212.5 0.282964 0.000122814
  214 213.5 0.841192 0.000365101
  215 214.5 2.40674 0.00104459
  216 215.5 5.96732 0.00258998
  217 216.5 12.3115 0.00534352
  218 217.5 20.561 0.00892404
  219 218.5 28.3497 0.0123045
  220 219.5 33.5661 0.0145686
  221 220.5 36.2707 0.0157425
  222 221.5 37.8607 0.0164326
  223 222.5 38.8869 0.016878
  224 223.5 39.3492 0.0170786
  225 224.5 39.5001 0.0171441
  226 225.5 39.8433 0.0172931
  227 226.5 39.9999 0.0173611
  228 227.5 39.9455 0.0173375
  229 228.5 40.029 0.0173737
  230 229.5 40.1675 0.0174338
  231 230.5 40.1331 0.0174189
  232 231.5 40.0593 0.0173868
  233 232.5 40.2062 0.0174506
  234 233.5 40.2052 0.0174502
  235 234.5 40.1239 0.0174149
  236 235.5 40.1432 0.0174233
  237 236.5 40.2604 0.0174741
  238 237.5 40.1486 0.0174256
  239 238.5 40.1261 0.0174158
  240 239.5 40.222 0.0174575
  241 240.5 40.2045 0.0174499
  242 241.5 40.0828 0.0173971
  243 242.5 40.2059 0.0174505
  244 243.5 40.21 0.0174522
  245 244.5 40.1431 0.0174232
  246 245.5 40.1198 0.0174131
  247 246.5 40.228 0.0174601
  248 247.5 40.2115 0.0174529
  249 248.5 40.0969 0.0174032
  250 249.5 40.2153 0.0174545
  251 250.5 40.2387 0.0174647
  252 251.5 40.0972 0.0174033
  253 252.5 40.1641 0.0174323
  254 253.5 40.2713 0.0174788
  255 254.5 40.1235 0.0174147
  256 255.5 40.1357 0.01742
  257 256.5 40.2624 0.017475
  258 257.5 40.1876 0.0174426
  259 258.5 40.1529 0.0174275
  260 259.5 40.1608 0.0174309
  261 260.5 40.2267 0.0174595
  262 261.5 40.1806 0.0174395
  263 262.5 40.1549 0.0174283
  264 263.5 40.1872 0.0174424
  265 264.5 40.2234 0.0174581
  266 265.5 40.1491 0.0174258
  267 266.5 40.1793 0.017439
  268 267.5 40.1999 0.0174479
  269 268.5 40.1857 0.0174417
  270 269.5 40.1684 0.0174342
  271 270.5 40.1618 0.0174313
  272 271.5 40.1906 0.0174438
  273 272.5 40.2009 0.0174483
  274 273.5 40.1621 0.0174315
  275 274.5 40.1641 0.0174323
  276 275.5 40.2209 0.017457
  277 276.5 40.1832 0.0174406
  278 277.5 40.1647 0.0174326
  279 278.5 40.164 0.0174323
  280 279.5 40.2161 0.0174549
  281 280.5 40.1893 0.0174433
  282 281.5 40.134 0.0174193
  283 282.5 40.2053 0.0174502
  284 283.5 40.1997 0.0174478
  285 284.5 40.1582 0.0174298
  286 285.5 40.1569 0.0174292
  287 286.5 40.221 0.0174571
  288 287.5 40.1918 0.0174443
  289 288.5 40.0976 0.0174035
  290 289.5 40.244 0.017467
  291 290.5 40.2044 0.0174498
  292 291.5 40.1447 0.0174239
  293 292.5 40.1578 0.0174296
  294 293.5 40.2602 0.017474
  295 294.5 40.1646 0.0174326
  296 295.5 40.1121 0.0174098
  297 296.5 40.2225 0.0174577
  298 297.5 40.2485 0.017469
  299 298.5 40.127 0.0174162
  300 299.5 40.1375 0.0174208
  301 300.5 40.2722 0.0174792
  302 301.5 40.1691 0.0174345
  303 302.5 40.116 0.0174115
  304 303.5 40.2289 0.0174605
  305 304.5 40.2338 0.0174626
  306 305.5 40.1113 0.0174094
  307 306.5 40.1833 0.0174407
  308 307.5 40.2238 0.0174582
  309 308.5 40.1683 0.0174342
  310 309.5 40.1478 0.0174253
  311 310.5 40.2278 0.01746
  312 311.5 40.1783 0.0174385
  313 312.5 40.1747 0.0174369
  314 313.5 40.1906 0.0174438
  315 314.5 40.1888 0.0174431
  316 315.5 40.1468 0.0174248
  317 316.5 40.2371 0.017464
  318 317.5 40.1545 0.0174282
  319 318.5 40.162 0.0174314
  320 319.5 40.2066 0.0174508
  321 320.5 40.1787 0.0174387
  322 321.5 40.1834 0.0174407
  323 322.5 40.171 0.0174353
  324 323.5 40.2276 0.0174599
  325 324.5 40.1548 0.0174283
  326 325.5 40.1759 0.0174375
  327 326.5 40.2141 0.017454
  328 327.5 40.1898 0.0174435
  329 328.5 40.1564 0.017429
  330 329.5 40.2154 0.0174546
  331 330.5 40.1864 0.017442
  332 331.5 40.1957 0.017446
  333 332.5 40.1751 0.0174371
  334 333.5 40.2298 0.0174608
  335 334.5 40.2165 0.0174551
  336 335.5 40.1663 0.0174333
  337 336.5 40.2232 0.017458
  338 337.5 40.239 0.0174649
  339 338.5 40.1566 0.0174291
  340 339.5 40.1994 0.0174476
  341 340.5 40.2399 0.0174652
  342 341.5 40.1481 0.0174254
  343 342.5 40.2148 0.0174544
  344 343.5 40.2385 0.0174646
  345 344.5 40.1679 0.017434
  346 345.5 40.1783 0.0174385
  347 346.5 40.2488 0.0174691
  348 347.5 40.1725 0.017436
  349 348.5 40.173 0.0174362
  350 349.5 40.2222 0.0174575
  351 350.5 40.2308 0.0174613
  352 351.5 40.1704 0.0174351
  353 352.5 40.1734 0.0174364
  354 353.5 40.2353 0.0174632
  355 354.5 40.1794 0.017439
  356 355.5 40.1842 0.0174411
  357 356.5 40.2147 0.0174543
  358 357.5 40.1918 0.0174443
  359 358.5 40.1572 0.0174293
  360 359.5 40.2037 0.0174495
  361 360.5 40.2195 0.0174564
  362 361.5 40.1299 0.0174175
  363 362.5 40.1176 0.0174121
  364 363.5 40.1988 0.0174474
  365 364.5 40.0878 0.0173992
  366 365.5 39.9448 0.0173372
  367 366.5 40.0529 0.0173841
  368 367.5 39.882 0.0173099
  369 368.5 39.5457 0.0171639
  370 369.5 39.4138 0.0171067
  371 370.5 39.0008 0.0169274
  372 371.5 37.9747 0.0164821
  373 372.5 36.4109 0.0158033
  374 373.5 33.6162 0.0145904
  375 374.5 28.1679 0.0122256
  376 375.5 20.1083 0.00872756
  377 376.5 11.7419 0.00509633
  378 377.5 5.57734 0.00242072
  379 378.5 2.17506 0.000944035
  380 379.5 0.737318 0.000320016
  381 380.5 0.242382 0.000105201
  382 381.5 0.090692 3.93628e-05
  383 382.5 0.047134 2.04575e-05
  384 383.5 0.034136 1.4816e-05
  385 384.5 0.02985 1.29557e-05
  386 385.5 0.027328 1.18611e-05
  387 386.5 0.024362 1.05738e-05
  388 387.5 0.024894 1.08047e-05
  389 388.5 0.024838 1.07804e-05
  390 389.5 0.023814 1.03359e-05
  391 390.5 0.02382 1.03385e-05
  392 391.5 0.025198 1.09366e-05
  393 392.5 0.025264 1.09653e-05
  394 393.5 0.025672 1.11424e-05
  395 394.5 0.024096 1.04583e-05
  396 395.5 0.02441 1.05946e-05
  397 396.5 0.024762 1.07474e-05
  398 397.5 0.026096 1.13264e-05
  399 398.5 0.026494 1.14991e-05
  400 399.5 0.0255 1.10677e-05
  401 400.5 0.024824 1.07743e-05
  402 401.5 0.024738 1.0737e-05
  403 402.5 0.02551 1.1072e-05
  404 403.5 0.025598 1.11102e-05
  405 404.5 0.025432 1.10382e-05
  406 405.5 0.02451 1.0638e-05
  407 406.5 0.024524 1.06441e-05
  408 407.5 0.025782 1.11901e-05
  409 408.5 0.026476 1.14913e-05
  410 409.5 0.025434 1.10391e-05
  411 410.5 0.025978 1.12752e-05
  412 411.5 0.02704 1.17361e-05
  413 412.5 0.026624 1.15556e-05
  414 413.5 0.025876 1.12309e-05
  415 414.5 0.026688 1.15833e-05
  416 415.5 0.025746 1.11745e-05
  417 416.5 0.02493 1.08203e-05
  418 417.5 0.02432 1.05556e-05
  419 418.5 0.024444 1.06094e-05
  420 419.5 0.024406 1.05929e-05
  421 420.5 0.023994 1.04141e-05
  422 421.5 0.02282 9.90451e-06
  423 422.5 0.02449 1.06293e-05
  424 423.5 0.026044 1.13038e-05
  425 424.5 0.026122 1.13377e-05
  426 425.5 0.026538 1.15182e-05
  427 426.5 0.026582 1.15373e-05
  428 427.5 0.026462 1.14852e-05
  429 428.5 0.025854 1.12214e-05
  430 429.5 0.023986 1.04106e-05
  431 430.5 0.022642 9.82726e-06
  432 431.5 0.023012 9.98785e-06
  433 432.5 0.022696 9.85069e-06
  434 433.5 0.023122 1.00356e-05
  435 434.5 0.025704 1.11563e-05
  436 435.5 0.02581 1.12023e-05
  437 436.5 0.025134 1.09089e-05
  438 437.5 0.024594 1.06745e-05
  439 438.5 0.023626 1.02543e-05
  440 439.5 0.024352 1.05694e-05
  441 440.5 0.026062 1.13116e-05
  442 441.5 0.025682 1.11467e-05
  443 442.5 0.025612 1.11163e-05
  444 443.5 0.02664 1.15625e-05
  445 444.5 0.027462 1.19193e-05
  446 445.5 0.026696 1.15868e-05
  447 446.5 0.025656 1.11354e-05
  448 447.5 0.02394 1.03906e-05
  449 448.5 0.02542 1.1033e-05
  450 449.5 0.024224 1.05139e-05
  451 450.5 0.023112 1.00312e-05
  452 451.5 0.021402 9.28906e-06
  453 452.5 0.020806 9.03038e-06
  454 453.5 0.019676 8.53993e-06
  455 454.5 0.019636 8.52257e-06
  456 455.5 0.020094 8.72135e-06
  457 456.5 0.020162 8.75087e-06
  458 457.5 0.020494 8.89497e-06
  459 458.5 0.020136 8.73958e-06
  460 459.5 0.020192 8.76389e-06
  461 460.5 0.020622 8.95052e-06
  462 461.5 0.019978 8.67101e-06
  463 462.5 0.02045 8.87587e-06
  464 463.5 0.02033 8.82378e-06
  465 464.5 0.020666 8.96962e-06
  466 465.5 0.01935 8.39844e-06
  467 466.5 0.019474 8.45226e-06
  468 467.5 0.01978 8.58507e-06
  469 468.5 0.018954 8.22656e-06
  470 469.5 0.019246 8.3533e-06
  471 470.5 0.019946 8.65712e-06
  472 471.5 0.019266 8.36198e-06
  473 472.5 0.01909 8.28559e-06
  474 473.5 0.019372 8.40799e-06
  475 474.5 0.019762 8.57726e-06
  476 475.5 0.019692 8.54687e-06
  477 476.5 0.018812 8.16493e-06
  478 477.5 0.019192 8.32986e-06
  479 478.5 0.019378 8.41059e-06
  480 479.5 0.019974 8.66927e-06
40000000 480 6341.000000000004
  1 0.5 0.024634 1.06918e-05
  2 1.5 0.025208 1.0941e-05
  3 2.5 0.024672 1.07083e-05
  4 3.5 0.02508 1.08854e-05
  5 4.5 0.027074 1.17509e-05
  6 5.5 0.027536 1.19514e-05
  7 6.5 0.02764 1.19965e-05
  8 7.5 0.027198 1.18047e-05
  9 8.5 0.025116 1.0901e-05
  10 9.5 0.02337 1.01432e-05
  11 10.5 0.02304 1e-05
  12 11.5 0.022696 9.85069e-06
  13 12.5 0.022582 9.80122e-06
  14 13.5 0.023958 1.03984e-05
  15 14.5 0.02501 1.0855e-05
  16 15.5 0.023726 1.02977e-05
  17 16.5 0.023884 1.03663e-05
  18 17.5 0.024184 1.04965e-05
  19 18.5 0.02406 1.04427e-05
  20 19.5 0.024696 1.07187e-05
  21 20.5 0.025278 1.09714e-05
  22 21.5 0.025114 1.09002e-05
  23 22.5 0.026298 1.14141e-05
  24 23.5 0.026566 1.15304e-05
  25 24.5 0.02755 1.19575e-05
  26 25.5 0.03044 1.32118e-05
  27 26.5 0.029752 1.29132e-05
  28 27.5 0.029602 1.28481e-05
  29 28.5 0.032508 1.41094e-05
  30 29.5 0.032346 1.40391e-05
  31 30.5 0.032354 1.40425e-05
  32 31.5 0.033352 1.44757e-05
  33 32.5 0.032818 1.42439e-05
  34 33.5 0.036762 1.59557e-05
  35 34.5 0.035624 1.54618e-05
  36 35.5 0.036528 1.58542e-05
  37 36.5 0.037234 1.61606e-05
  38 37.5 0.038532 1.6724e-05
  39 38.5 0.037266 1.61745e-05
  40 39.5 0.036376 1.57882e-05
  41 40.5 0.036364 1.5783e-05
  42 41.5 0.03512 1.52431e-05
  43 42.5 0.035098 1.52335e-05
  44 43.5 0.03517 1.52648e-05
  45 44.5 0.035076 1.5224e-05
  46 45.5 0.034256 1.48681e-05
  47 46.5 0.033422 1.45061e-05
  48 47.5 0.033982 1.47491e-05
  49 48.5 0.033404 1.44983e-05
  50 49.5 0.033122 1.43759e-05
  51 50.5 0.031576 1.37049e-05
  52 51.5 0.030392 1.3191e-05
  53 52.5 0.029554 1.28273e-05
  54 53.5 0.030046 1.30408e-05
  55 54.5 0.029246 1.26936e-05
  56 55.5 0.02813 1.22092e-05
  57 56.5 0.026452 1.14809e-05
  58 57.5 0.02373 1.02995e-05
  59 58.5 0.022008 9.55208e-06
  60 59.5 0.020572 8.92882e-06
  61 60.5 0.019136 8.30556e-06
  62 61.5 0.018168 7.88542e-06
  63 62.5 0.018712 8.12153e-06
  64 63.5 0.017404 7.55382e-06
  65 64.5 0.016014 6.95052e-06
  66 65.5 0.0152 6.59722e-06
  67 66.5 0.013914 6.03906e-06
  68 67.5 0.013642 5.92101e-06
  69 68.5 0.013554 5.88281e-06
  70 69.5 0.013116 5.69271e-06
  71 70.5 0.01305 5.66406e-06
  72 71.5 0.012604 5.47049e-06
  73 72.5 0.012426 5.39323e-06
  74 73.5 0.012638 5.48524e-06
  75 74.5 0.012138 5.26823e-06
  76 75.5 0.012042 5.22656e-06
  77 76.5 0.011894 5.16233e-06
  78 77.5 0.012232 5.30903e-06
  79 78.5 0.01132 4.91319e-06
  80 79.5 0.011742 5.09635e-06
  81 80.5 0.012348 5.35937e-06
  82 81.5 0.011404 4.94965e-06
  83 82.5 0.0114 4.94792e-06
  84 83.5 0.010938 4.7474e-06
  85 84.5 0.010678 4.63455e-06
  86 85.5 0.010848 4.70833e-06
  87 86.5 0.010314 4.47656e-06
  88 87.5 0.011068 4.80382e-06
  89 88.5 0.010734 4.65885e-06
  90 89.5 0.011048 4.79514e-06
  91 90.5 0.011174 4.84983e-06
  92 91.5 0.011312 4.90972e-06
  93 92.5 0.01144 4.96528e-06
  94 93.5 0.01158 5.02604e-06
  95 94.5 0.010954 4.75434e-06
  96 95.5 0.01117 4.84809e-06
  97 96.5 0.01188 5.15625e-06
  98 97.5 0.011652 5.05729e-06
  99 98.5 0.012102 5.2526e-06
  100 99.5 0.012098 5.25087e-06
  101 100.5 0.01208 5.24306e-06
  102 101.5 0.012504 5.42708e-06
  103 102.5 0.01243 5.39497e-06
  104 103.5 0.011774 5.11024e-06
  105 104.5 0.012576 5.45833e-06
  106 105.5 0.012094 5.24913e-06
  107 106.5 0.011884 5.15799e-06
  108 107.5 0.012114 5.25781e-06
  109 108.5 0.011794 5.11892e-06
  110 109.5 0.011616 5.04167e-06
  111 110.5 0.011822 5.13108e-06
  112 111.5 0.012284 5.3316e-06
  113 112.5 0.011162 4.84462e-06
  114 113.5 0.011682 5.07031e-06
  115 114.5 0.012404 5.38368e-06
  116 115.5 0.012048 5.22917e-06
  117 116.5 0.011606 5.03733e-06
  118 117.5 0.011368 4.93403e-06
  119 118.5 0.011618 5.04253e-06
  120 119.5 0.011744 5.09722e-06
  121 120.5 0.011172 4.84896e-06
  122 121.5 0.012002 5.2092e-06
  123 122.5 0.011576 5.02431e-06
  124 123.5 0.012184 5.28819e-06
  125 124.5 0.011712 5.08333e-06
  126 125.5 0.011256 4.88542e-06
  127 126.5 0.011324 4.91493e-06
  128 127.5 0.01099 4.76997e-06
  129 128.5 0.010718 4.65191e-06
  130 129.5 0.01114 4.83507e-06
  131 130.5 0.010814 4.69358e-06
  132 131.5 0.010114 4.38976e-06
  133 132.5 0.010578 4.59115e-06
  134 133.5 0.01006 4.36632e-06
  135 134.5 0.010184 4.42014e-06
  136 135.5 0.010074 4.3724e-06
  137 136.5 0.00963 4.17969e-06
  138 137.5 0.0102 4.42708e-06
  139 138.5 0.010782 4.67969e-06
  140 139.5 0.010592 4.59722e-06
  141 140.5 0.00981 4.25781e-06
  142 141.5 0.010684 4.63715e-06
  143 142.5 0.011 4.77431e-06
  144 143.5 0.010422 4.52344e-06
  145 144.5 0.010646 4.62066e-06
  146 145.5 0.010378 4.50434e-06
  147 146.5 0.009872 4.28472e-06
  148 147.5 0.010862 4.71441e-06
  149 148.5 0.010902 4.73177e-06
  150 149.5 0.01041 4.51823e-06
  151 150.5 0.010642 4.61892e-06
  152 151.5 0.01055 4.57899e-06
  153 152.5 0.009696 4.20833e-06
  154 153.5 0.00964 4.18403e-06
  155 154.5 0.009628 4.17882e-06
  156 155.5 0.01017 4.41406e-06
  157 156.5 0.01047 4.54427e-06
  158 157.5 0.01018 4.4184e-06
  159 158.5 0.009876 4.28646e-06
  160 159.5 0.009476 4.11285e-06
  161 160.5 0.009708 4.21354e-06
  162 161.5 0.01018 4.4184e-06
  163 162.5 0.010586 4.59462e-06
  164 163.5 0.011064 4.80208e-06
  165 164.5 0.010542 4.57552e-06
  166 165.5 0.010746 4.66406e-06
  167 166.5 0.010562 4.5842e-06
  168 167.5 0.010278 4.46094e-06
  169 168.5 0.01027 4.45747e-06
  170 169.5 0.010056 4.36458e-06
  171 170.5 0.009972 4.32813e-06
  172 171.5 0.010174 4.4158e-06
  173 172.5 0.010256 4.45139e-06
  174 173.5 0.010192 4.42361e-06
  175 174.5 0.010946 4.75087e-06
  176 175.5 0.011806 5.12413e-06
  177 176.5 0.010794 4.6849e-06
  178 177.5 0.010948 4.75174e-06
  179 178.5 0.01134 4.92188e-06
  180 179.5 0.011184 4.85417e-06
  181 180.5 0.011058 4.79948e-06
  182 181.5 0.01059 4.59635e-06
  183 182.5 0.010772 4.67535e-06
  184 183.5 0.010134 4.39844e-06
  185 184.5 0.010132 4.39757e-06
  186 185.5 0.009444 4.09896e-06
  187 186.5 0.010384 4.50694e-06
  188 187.5 0.00997 4.32726e-06
  189 188.5 0.010336 4.48611e-06
  190 189.5 0.009932 4.31076e-06
  191 190.5 0.009916 4.30382e-06
  192 191.5 0.010486 4.55122e-06
  193 192.5 0.01035 4.49219e-06
  194 193.5 0.009972 4.32813e-06
  195 194.5 0.01041 4.51823e-06
  196 195.5 0.010774 4.67622e-06
  197 196.5 0.010704 4.64583e-06
  198 197.5 0.01152 5e-06
  199 198.5 0.0128 5.55556e-06
  200 199.5 0.013752 5.96875e-06
  201 200.5 0.01558 6.76215e-06
  202 201.5 0.016102 6.98872e-06
  203 202.5 0.016568 7.19097e-06
  204 203.5 0.017172 7.45312e-06
  205 204.5 0.018444 8.00521e-06
  206 205.5 0.02107 9.14497e-06
  207 206.5 0.023434 1.0171e-05
  208 207.5 0.024972 1.08385e-05
  209 208.5 0.032198 1.39748e-05
  210 209.5 0.048246 2.09401e-05
  211 210.5 0.098854 4.29054e-05
  212 211.5 0.268026 0.000116331
  213 212.5 0.76856 0.000333576
  214 213.5 2.07493 0.000900578
  215 214.5 4.89715 0.0021255
  216 215.5 9.78147 0.00424543
  217 216.5 16.5426 0.00717995
  218 217.5 23.9113 0.0103782
  219 218.5 30.2344 0.0131226
  220 219.5 34.5546 0.0149977
  221 220.5 36.9068 0.0160186
  222 221.5 38.2178 0.0165876
  223 222.5 39.0215 0.0169364
  224 223.5 39.4851 0.0171376
  225 224.5 39.6581 0.0172127
  226 225.5 39.8529 0.0172973
  227 226.5 39.9954 0.0173591
  228 227.5 39.9955 0.0173592
  229 228.5 40.0715 0.0173921
  230 229.5 40.1198 0.0174131
  231 230.5 40.1542 0.017428
  232 231.5 40.0812 0.0173963
  233 232.5 40.1842 0.0174411
  234 233.5 40.1847 0.0174413
  235 234.5 40.128 0.0174167
  236 235.5 40.1553 0.0174285
  237 236.5 40.2124 0.0174533
  238 237.5 40.1784 0.0174385
  239 238.5 40.1425 0.017423
  240 239.5 40.241 0.0174657
  241 240.5 40.1439 0.0174235
  242 241.5 40.1765 0.0174377
  243 242.5 40.2122 0.0174532
  244 243.5 40.2143 0.0174541
  245 244.5 40.1077 0.0174079
  246 245.5 40.2128 0.0174535
  247 246.5 40.2396 0.0174651
  248 247.5 40.1206 0.0174135
  249 248.5 40.1624 0.0174316
  250 249.5 40.2579 0.017473
  251 250.5 40.1622 0.0174315
  252 251.5 40.119 0.0174128
  253 252.5 40.2088 0.0174517
  254 253.5 40.2394 0.017465
  255 254.5 40.0972 0.0174033
  256 255.5 40.1946 0.0174456
  257 256.5 40.2396 0.0174651
  258 257.5 40.1543 0.0174281
  259 258.5 40.1278 0.0174166
  260 259.5 40.2349 0.017463
  261 260.5 40.1862 0.0174419
  262 261.5 40.1229 0.0174144
  263 262.5 40.1898 0.0174435
  264 263.5 40.2165 0.0174551
  265 264.5 40.1611 0.017431
  266 265.5 40.1433 0.0174233
  267 266.5 40.2085 0.0174516
  268 267.5 40.2001 0.0174479
  269 268.5 40.1516 0.0174269
  270 269.5 40.1699 0.0174349
  271 270.5 40.2334 0.0174624
  272 271.5 40.1568 0.0174292
  273 272.5 40.1552 0.0174285
  274 273.5 40.2104 0.0174524
  275 274.5 40.2298 0.0174608
  276 275.5 40.1464 0.0174247
  277 276.5 40.1357 0.01742
  278 277.5 40.25 0.0174696
  279 278.5 40.1959 0.0174461
  280 279.5 40.085 0.017398
  281 280.5 40.2479 0.0174687
  282 281.5 40.2474 0.0174685
  283 282.5 40.0792 0.0173955
  284 283.5 40.1859 0.0174418
  285 284.5 40.2879 0.0174861
  286 285.5 40.1151 0.0174111
  287 286.5 40.1227 0.0174144
  288 287.5 40.2755 0.0174807
  289 288.5 40.2051 0.0174501
  290 289.5 40.0722 0.0173924
  291 290.5 40.221 0.017457
  292 291.5 40.2624 0.017475
  293 292.5 40.089 0.0173997
  294 293.5 40.144 0.0174236
  295 294.5 40.2863 0.0174854
  296 295.5 40.1325 0.0174186
  297 296.5 40.1205 0.0174134
  298 297.5 40.2039 0.0174496
  299 298.5 40.2377 0.0174643
  300 299.5 40.0779 0.0173949
  301 300.5 40.1837 0.0174408
  302 301.5 40.2129 0.0174535
  303 302.5 40.177 0.0174379
  304 303.5 40.1415 0.0174225
  305 304.5 40.1748 0.017437
  306 305.5 40.1958 0.0174461
  307 306.5 40.1619 0.0174314
  308 307.5 40.1448 0.017424
  309 308.5 40.1906 0.0174438
  310 309.5 40.2 0.0174479
  311 310.5 40.1547 0.0174283
  312 311.5 40.1683 0.0174342
  313 312.5 40.2139 0.0174539
  314 313.5 40.1854 0.0174416
  315 314.5 40.1669 0.0174335
  316 315.5 40.1821 0.0174402
  317 316.5 40.2067 0.0174508
  318 317.5 40.1977 0.0174469
  319 318.5 40.1861 0.0174419
  320 319.5 40.144 0.0174236
  321 320.5 40.2132 0.0174537
  322 321.5 40.1842 0.0174411
  323 322.5 40.1724 0.0174359
  324 323.5 40.1492 0.0174259
  325 324.5 40.2173 0.0174554
  326 325.5 40.2067 0.0174508
  327 326.5 40.1423 0.0174229
  328 327.5 40.1804 0.0174394
  329 328.5 40.2292 0.0174606
  330 329.5 40.16 0.0174306
  331 330.5 40.1235 0.0174147
  332 331.5 40.2394 0.017465
  333 332.5 40.201 0.0174483
  334 333.5 40.1191 0.0174128
  335 334.5 40.1824 0.0174403
  336 335.5 40.2581 0.0174731
  337 336.5 40.1288 0.017417
  338 337.5 40.1695 0.0174347
  339 338.5 40.1996 0.0174478
  340 339.5 40.179 0.0174388
  341 340.5 40.1918 0.0174443
  342 341.5 40.1742 0.0174367
  343 342.5 40.1815 0.0174399
  344 343.5 40.1981 0.0174471
  345 344.5 40.1776 0.0174382
  346 345.5 40.1401 0.0174219
  347 346.5 40.2053 0.0174502
  348 347.5 40.2043 0.0174498
  349 348.5 40.1578 0.0174296
  350 349.5 40.1471 0.017425
  351 350.5 40.2623 0.017475
  352 351.5 40.1541 0.017428
  353 352.5 40.1496 0.017426
  354 353.5 40.1655 0.0174329
  355 354.5 40.2437 0.0174669
  356 355.5 40.1404 0.0174221
  357 356.5 40.1302 0.0174176
  358 357.5 40.2333 0.0174624
  359 358.5 40.1832 0.0174406
  360 359.5 40.0815 0.0173965
  361 360.5 40.1872 0.0174423
  362 361.5 40.1619 0.0174314
  363 362.5 40.1123 0.0174098
  364 363.5 40.0195 0.0173696
  365 364.5 40.0775 0.0173948
  366 365.5 39.9909 0.0173572
  367 366.5 39.8322 0.0172883
  368 367.5 39.707 0.0172339
  369 368.5 39.4819 0.0171363
  370 369.5 39.0051 0.0169293
  371 370.5 38.2226 0.0165897
  372 371.5 36.8368 0.0159882
  373 372.5 34.2938 0.0148845
  374 373.5 29.9043 0.0129793
  375 374.5 23.7461 0.0103065
  376 375.5 16.4534 0.00714124
  377 376.5 9.59306 0.00416365
  378 377.5 4.63181 0.00201033
  379 378.5 1.86542 0.000809646
  380 379.5 0.651854 0.000282923
  381 380.5 0.218408 9.47951e-05
  382 381.5 0.0828 3.59375e-05
  383 382.5 0.043456 1.88611e-05
  384 383.5 0.032718 1.42005e-05
  385 384.5 0.028138 1.22127e-05
  386 385.5 0.027796 1.20642e-05
  387 386.5 0.026774 1.16207e-05
  388 387.5 0.025358 1.10061e-05
  389 388.5 0.02461 1.06814e-05
  390 389.5 0.025186 1.09314e-05
  391 390.5 0.024804 1.07656e-05
  392 391.5 0.024706 1.07231e-05
  393 392.5 0.024474 1.06224e-05
  394 393.5 0.023842 1.03481e-05
  395 394.5 0.02512 1.09028e-05
  396 395.5 0.024854 1.07873e-05
  397 396.5 0.024686 1.07144e-05
  398 397.5 0.025904 1.12431e-05
  399 398.5 0.026748 1.16094e-05
  400 399.5 0.026084 1.13212e-05
  401 400.5 0.02592 1.125e-05
  402 401.5 0.02737 1.18793e-05
  403 402.5 0.028182 1.22318e-05
  404 403.5 0.028496 1.23681e-05
  405 404.5 0.027184 1.17986e-05
  406 405.5 0.027082 1.17543e-05
  407 406.5 0.0257 1.11545e-05
  408 407.5 0.0261 1.13281e-05
  409 408.5 0.026792 1.16285e-05
  410 409.5 0.026892 1.16719e-05
  411 410.5 0.02804 1.21701e-05
  412 411.5 0.029956 1.30017e-05
  413 412.5 0.03073 1.33377e-05
  414 413.5 0.030566 1.32665e-05
  415 414.5 0.029496 1.28021e-05
  416 415.5 0.030412 1.31997e-05
  417 416.5 0.030868 1.33976e-05
  418 417.5 0.03165 1.3737e-05
  419 418.5 0.030794 1.33655e-05
  420 419.5 0.030166 1.30929e-05
  421 420.5 0.02958 1.28385e-05
  422 421.5 0.030108 1.30677e-05
  423 422.5 0.030128 1.30764e-05
  424 423.5 0.030116 1.30712e-05
  425 424.5 0.030256 1.31319e-05
  426 425.5 0.02845 1.23481e-05
  427 426.5 0.02875 1.24783e-05
  428 427.5 0.029398 1.27595e-05
  429 428.5 0.029478 1.27943e-05
  430 429.5 0.02994 1.29948e-05
  431 430.5 0.030044 1.30399e-05
  432 431.5 0.029442 1.27786e-05
  433 432.5 0.02918 1.26649e-05
  434 433.5 0.029056 1.26111e-05
  435 434.5 0.027954 1.21328e-05
  436 435.5 0.026726 1.15998e-05
  437 436.5 0.026112 1.13333e-05
  438 437.5 0.02671 1.15929e-05
  439 438.5 0.027418 1.19002e-05
  440 439.5 0.027068 1.17483e-05
  441 440.5 0.028686 1.24505e-05
  442 441.5 0.029158 1.26554e-05
  443 442.5 0.028054 1.21762e-05
  444 443.5 0.026986 1.17127e-05
  445 444.5 0.02656 1.15278e-05
  446 445.5 0.026836 1.16476e-05
  447 446.5 0.027354 1.18724e-05
  448 447.5 0.026256 1.13958e-05
  449 448.5 0.028122 1.22057e-05
  450 449.5 0.0281 1.21962e-05
  451 450.5 0.0266 1.15451e-05
  452 451.5 0.026576 1.15347e-05
  453 452.5 0.026254 1.1395e-05
  454 453.5 0.025602 1.1112e-05
  455 454.5 0.024584 1.06701e-05
  456 455.5 0.023232 1.00833e-05
  457 456.5 0.022746 9.8724e-06
  458 457.5 0.023122 1.00356e-05
  459 458.5 0.024304 1.05486e-05
  460 459.5 0.023198 1.00686e-05
  461 460.5 0.023438 1.01727e-05
  462 461.5 0.02383 1.03429e-05
  463 462.5 0.024658 1.07023e-05
  464 463.5 0.023394 1.01536e-05
  465 464.5 0.023294 1.01102e-05
  466 465.5 0.024832 1.07778e-05
  467 466.5 0.026004 1.12865e-05
  468 467.5 0.025514 1.10738e-05
  469 468.5 0.026728 1.16007e-05
  470 469.5 0.02787 1.20964e-05
  471 470.5 0.027474 1.19245e-05
  472 471.5 0.029058 1.2612e-05
  473 472.5 0.028406 1.2329e-05
  474 473.5 0.027758 1.20477e-05
  475 474.5 0.02705 1.17405e-05
  476 475.5 0.027024 1.17292e-05
  477 476.5 0.02438 1.05816e-05
  478 477.5 0.024048 1.04375e-05
  479 478.5 0.024008 1.04201e-05
  480 479.5 0.02602 1.12934e-05
50000000 480 6341.000000000002
  1 0.5 0.025604 1.11128e-05
  2 1.5 0.025722 1.11641e-05
  3 2.5 0.024506 1.06363e-05
  4 3.5 0.024666 1.07057e-05
  5 4.5 0.024384 1.05833e-05
  6 5.5 0.024424 1.06007e-05
  7 6.5 0.022986 9.97656e-06
  8 7.5 0.023178 1.00599e-05
  9 8.5 0.023408 1.01597e-05
  10 9.5 0.023672 1.02743e-05
  11 10.5 0.024314 1.0553e-05
  12 11.5 0.023426 1.01675e-05
  13 12.5 0.022436 9.73785e-06
  14 13.5 0.022064 9.57639e-06
  15 14.5 0.022494 9.76302e-06
  16 15.5 0.020512 8.90278e-06
  17 16.5 0.01974 8.56771e-06
  18 17.5 0.020364 8.83854e-06
  19 18.5 0.021564 9.35938e-06
  20 19.5 0.02195 9.52691e-06
  21 20.5 0.021722 9.42795e-06
  22 21.5 0.022122 9.60156e-06
  23 22.5 0.021178 9.19184e-06
  24 23.5 0.022346 9.69878e-06
  25 24.5 0.023048 1.00035e-05
  26 25.5 0.02119 9.19705e-06
  27 26.5 0.020416 8.86111e-06
  28 27.5 0.019568 8.49306e-06
  29 28.5 0.01914 8.30729e-06
  30 29.5 0.01757 7.62587e-06
  31 30.5 0.017248 7.48611e-06
  32 31.5 0.019662 8.53385e-06
  33 32.5 0.020332 8.82465e-06
  34 33.5 0.021782 9.45399e-06
  35 34.5 0.022912 9.94444e-06
  36 35.5 0.023396 1.01545e-05
  37 36.5 0.023578 1.02335e-05
  38 37.5 0.023358 1.0138e-05
  39 38.5 0.02304 1e-05
  40 39.5 0.023742 1.03047e-05
  41 40.5 0.023624 1.02535e-05
  42 41.5 0.022656 9.83333e-06
  43 42.5 0.023468 1.01858e-05
  44 43.5 0.02362 1.02517e-05
  45 44.5 0.023496 1.01979e-05
  46 45.5 0.02363 1.02561e-05
  47 46.5 0.023936 1.03889e-05
  48 47.5 0.025276 1.09705e-05
  49 48.5 0.025034 1.08655e-05
  50 49.5 0.024472 1.06215e-05
  51 50.5 0.02449 1.06293e-05
  52 51.5 0.025698 1.11536e-05
  53 52.5 0.024666 1.07057e-05
  54 53.5 0.023722 1.0296e-05
  55 54.5 0.02452 1.06424e-05
  56 55.5 0.022162 9.61892e-06
  57 56.5 0.020492 8.8941e-06
  58 57.5 0.018666 8.10156e-06
  59 58.5 0.017908 7.77257e-06
  60 59.5 0.016536 7.17708e-06
  61 60.5 0.01566 6.79688e-06
  62 61.5 0.013336 5.78819e-06
  63 62.5 0.012338 5.35503e-06
  64 63.5 0.01186 5.14757e-06
  65 64.5 0.009958 4.32205e-06
  66 65.5 0.009754 4.23351e-06
  67 66.5 0.010052 4.36285e-06
  68 67.5 0.0098 4.25347e-06
  69 68.5 0.009452 4.10243e-06
  70 69.5 0.009922 4.30642e-06
  71 70.5 0.009412 4.08507e-06
  72 71.5 0.008844 3.83854e-06
  73 72.5 0.008616 3.73958e-06
  74 73.5 0.008342 3.62066e-06
  75 74.5 0.008932 3.87674e-06
  76 75.5 0.008716 3.78299e-06
  77 76.5 0.008222 3.56858e-06
  78 77.5 0.007936 3.44444e-06
  79 78.5 0.007378 3.20226e-06
  80 79.5 0.00821 3.56337e-06
  81 80.5 0.008304 3.60417e-06
  82 81.5 0.008442 3.66406e-06
  83 82.5 0.008388 3.64062e-06
  84 83.5 0.008728 3.78819e-06
  85 84.5 0.00885 3.84115e-06
  86 85.5 0.008486 3.68316e-06
  87 86.5 0.00906 3.93229e-06
  88 87.5 0.00903 3.91927e-06
  89 88.5 0.008634 3.7474e-06
  90 89.5 0.007688 3.33681e-06
  91 90.5 0.008136 3.53125e-06
  92 91.5 0.00864 3.75e-06
  93 92.5 0.008574 3.72135e-06
  94 93.5 0.008322 3.61198e-06
  95 94.5 0.008524 3.69965e-06
  96 95.5 0.00842 3.65451e-06
  97 96.5 0.008584 3.72569e-06
  98 97.5 0.007764 3.36979e-06
  99 98.5 0.0078 3.38542e-06
  100 99.5 0.00838 3.63715e-06
  101 100.5 0.008326 3.61372e-06
  102 101.5 0.008494 3.68663e-06
  103 102.5 0.008192 3.55556e-06
  104 103.5 0.008742 3.79427e-06
  105 104.5 0.008276 3.59201e-06
  106 105.5 0.008308 3.6059e-06
  107 106.5 0.008022 3.48177e-06
  108 107.5 0.008598 3.73177e-06
  109 108.5 0.008242 3.57726e-06
  110 109.5 0.007682 3.3342e-06
  111 110.5 0.007756 3.36632e-06
  112 111.5 0.007876 3.4184e-06
  113 112.5 0.007914 3.4349e-06
  114 113.5 0.007784 3.37847e-06
  115 114.5 0.007666 3.32726e-06
  116 115.5 0.007032 3.05208e-06
  117 116.5 0.007022 3.04774e-06
  118 117.5 0.007616 3.30556e-06
  119 118.5 0.007678 3.33247e-06
  120 119.5 0.008008 3.47569e-06
  121 120.5 0.007664 3.32639e-06
  122 121.5 0.007516 3.26215e-06
  123 122.5 0.007622 3.30816e-06
  124 123.5 0.008072 3.50347e-06
  125 124.5 0.007726 3.3533e-06
  126 125.5 0.008016 3.47917e-06
  127 126.5 0.008444 3.66493e-06
  128 127.5 0.007828 3.39757e-06
  129 128.5 0.007978 3.46267e-06
  130 129.5 0.008378 3.63628e-06
  131 130.5 0.007958 3.45399e-06
  132 131.5 0.008142 3.53385e-06
  133 132.5 0.00826 3.58507e-06
  134 133.5 0.008196 3.55729e-06
  135 134.5 0.00828 3.59375e-06
  136 135.5 0.007758 3.36719e-06
  137 136.5 0.008154 3.53906e-06
  138 137.5 0.008012 3.47743e-06
  139 138.5 0.008118 3.52344e-06
  140 139.5 0.008094 3.51302e-06
  141 140.5 0.007668 3.32813e-06
  142 141.5 0.008046 3.49219e-06
  143 142.5 0.008104 3.51736e-06
  144 143.5 0.008574 3.72135e-06
  145 144.5 0.008856 3.84375e-06
  146 145.5 0.00858 3.72396e-06
  147 146.5 0.00837 3.63281e-06
  148 147.5 0.008302 3.6033e-06
  149 148.5 0.008684 3.7691e-06
  150 149.5 0.00848 3.68056e-06
  151 150.5 0.00881 3.82378e-06
  152 151.5 0.008086 3.50955e-06
  153 152.5 0.008384 3.63889e-06
  154 153.5 0.008966 3.89149e-06
  155 154.5 0.008494 3.68663e-06
  156 155.5 0.008016 3.47917e-06
  157 156.5 0.008128 3.52778e-06
  158 157.5 0.008532 3.70312e-06
  159 158.5 0.008856 3.84375e-06
  160 159.5 0.008984 3.89931e-06
  161 160.5 0.008714 3.78212e-06
  162 161.5 0.008784 3.8125e-06
  163 162.5 0.008964 3.89062e-06
  164 163.5 0.009126 3.96094e-06
  165 164.5 0.008402 3.6467e-06
  166 165.5 0.008526 3.70052e-06
  167 166.5 0.008708 3.77951e-06
  168 167.5 0.008488 3.68403e-06
  169 168.5 0.00834 3.61979e-06
  170 169.5 0.008464 3.67361e-06
  171 170.5 0.00755 3.27691e-06
  172 171.5 0.00778 3.37674e-06
  173 172.5 0.007582 3.2908e-06
  174 173.5 0.007284 3.16146e-06
  175 174.5 0.007666 3.32726e-06
  176 175.5 0.008024 3.48264e-06
  177 176.5 0.008022 3.48177e-06
  178 177.5 0.007752 3.36458e-06
  179 178.5 0.007646 3.31858e-06
  180 179.5 0.00843 3.65885e-06
  181 180.5 0.008018 3.48003e-06
  182 181.5 0.007972 3.46007e-06
  183 182.5 0.00807 3.5026e-06
  184 183.5 0.007496 3.25347e-06
  185 184.5 0.008054 3.49566e-06
  186 185.5 0.007856 3.40972e-06
  187 186.5 0.007322 3.17795e-06
  188 187.5 0.008146 3.53559e-06
  189 188.5 0.00793 3.44184e-06
  190 189.5 0.007586 3.29253e-06
  191 190.5 0.00841 3.65017e-06
  192 191.5 0.00838 3.63715e-06
  193 192.5 0.008302 3.6033e-06
  194 193.5 0.00856 3.71528e-06
  195 194.5 0.008444 3.66493e-06
  196 195.5 0.009588 4.16146e-06
  197 196.5 0.009628 4.17882e-06
  198 197.5 0.009148 3.97049e-06
  199 198.5 0.009462 4.10677e-06
  200 199.5 0.010002 4.34115e-06
  201 200.5 0.01033 4.48351e-06
  202 201.5 0.010512 4.5625e-06
  203 202.5 0.011884 5.15799e-06
  204 203.5 0.012478 5.4158e-06
  205 204.5 0.013694 5.94358e-06
  206 205.5 0.016846 7.31163e-06
  207 206.5 0.018402 7.98698e-06
  208 207.5 0.020094 8.72135e-06
  209 208.5 0.02519 1.09332e-05
  210 209.5 0.034382 1.49227e-05
  211 210.5 0.055476 2.40781e-05
  212 211.5 0.123566 5.36311e-05
  213 212.5 0.342746 0.000148761
  214 213.5 1.01604 0.00044099
  215 214.5 2.7929 0.00121219
  216 215.5 6.62387 0.00287494
  217 216.5 13.1274 0.00569768
  218 217.5 21.3292 0.00925748
  219 218.5 28.7988 0.0124995
  220 219.5 33.7013 0.0146273
  221 220.5 36.4117 0.0158037
  222 221.5 37.9961 0.0164913
  223 222.5 38.9146 0.01689
  224 223.5 39.2696 0.0170441
  225 224.5 39.623 0.0171975
  226 225.5 39.8801 0.0173091
  227 226.5 39.8906 0.0173136
  228 227.5 39.9964 0.0173595
  229 228.5 40.0756 0.0173939
  230 229.5 40.0986 0.0174039
  231 230.5 40.1154 0.0174112
  232 231.5 40.1563 0.0174289
  233 232.5 40.1283 0.0174168
  234 233.5 40.176 0.0174375
  235 234.5 40.1593 0.0174303
  236 235.5 40.1709 0.0174353
  237 236.5 40.1438 0.0174235
  238 237.5 40.2459 0.0174679
  239 238.5 40.1511 0.0174267
  240 239.5 40.1495 0.017426
  241 240.5 40.2021 0.0174488
  242 241.5 40.2302 0.017461
  243 242.5 40.1189 0.0174127
  244 243.5 40.1285 0.0174169
  245 244.5 40.2735 0.0174798
  246 245.5 40.1379 0.017421
  247 246.5 40.1295 0.0174173
  248 247.5 40.2126 0.0174534
  249 248.5 40.2264 0.0174594
  250 249.5 40.1003 0.0174047
  251 250.5 40.1934 0.017445
  252 251.5 40.2238 0.0174583
  253 252.5 40.1449 0.017424
  254 253.5 40.1547 0.0174283
  255 254.5 40.197 0.0174466
  256 255.5 40.2013 0.0174485
  257 256.5 40.1491 0.0174258
  258 257.5 40.1744 0.0174368
  259 258.5 40.2053 0.0174502
  260 259.5 40.176 0.0174375
  261 260.5 40.1753 0.0174372
  262 261.5 40.2036 0.0174495
  263 262.5 40.1862 0.0174419
  264 263.5 40.1663 0.0174333
  265 264.5 40.1981 0.0174471
  266 265.5 40.1647 0.0174326
  267 266.5 40.1934 0.017445
  268 267.5 40.1915 0.0174442
  269 268.5 40.1444 0.0174238
  270 269.5 40.2014 0.0174485
  271 270.5 40.1989 0.0174474
  272 271.5 40.1572 0.0174293
  273 272.5 40.1839 0.0174409
  274 273.5 40.2184 0.0174559
  275 274.5 40.1548 0.0174283
  276 275.5 40.1758 0.0174374
  277 276.5 40.2279 0.01746
  278 277.5 40.1564 0.017429
  279 278.5 40.197 0.0174466
  280 279.5 40.1866 0.0174421
  281 280.5 40.1978 0.017447
  282 281.5 40.2116 0.017453
  283 282.5 40.1405 0.0174221
  284 283.5 40.2408 0.0174656
  285 284.5 40.1887 0.017443
  286 285.5 40.1687 0.0174343
  287 286.5 40.1593 0.0174303
  288 287.5 40.2381 0.0174644
  289 288.5 40.1866 0.0174421
  290 289.5 40.1581 0.0174297
  291 290.5 40.2025 0.017449
  292 291.5 40.2157 0.0174547
  293 292.5 40.1713 0.0174354
  294 293.5 40.1688 0.0174344
  295 294.5 40.2259 0.0174591
  296 295.5 40.191 0.017444
  297 296.5 40.1766 0.0174378
  298 297.5 40.2048 0.01745
  299 298.5 40.194 0.0174453
  300 299.5 40.1874 0.0174424
  301 300.5 40.2358 0.0174635
  302 301.5 40.1845 0.0174412
  303 302.5 40.1858 0.0174417
  304 303.5 40.2065 0.0174507
  305 304.5 40.2219 0.0174574
  306 305.5 40.157 0.0174293
  307 306.5 40.2046 0.0174499
  308 307.5 40.2118 0.017453
  309 308.5 40.194 0.0174453
  310 309.5 40.1792 0.0174389
  311 310.5 40.1968 0.0174465
  312 311.5 40.2241 0.0174584
  313 312.5 40.1703 0.017435
  314 313.5 40.1794 0.017439
  315 314.5 40.2323 0.0174619
  316 315.5 40.2013 0.0174485
  317 316.5 40.1567 0.0174291
  318 317.5 40.208 0.0174514
  319 318.5 40.2376 0.0174642
  320 319.5 40.1283 0.0174168
  321 320.5 40.2367 0.0174638
  322 321.5 40.2047 0.0174499
  323 322.5 40.1943 0.0174454
  324 323.5 40.1985 0.0174473
  325 324.5 40.2099 0.0174522
  326 325.5 40.1635 0.0174321
  327 326.5 40.2172 0.0174554
  328 327.5 40.2114 0.0174529
  329 328.5 40.1431 0.0174232
  330 329.5 40.2102 0.0174523
  331 330.5 40.2074 0.0174511
  332 331.5 40.1729 0.0174361
  333 332.5 40.1802 0.0174393
  334 333.5 40.2164 0.017455
  335 334.5 40.1853 0.0174415
  336 335.5 40.1719 0.0174357
  337 336.5 40.2085 0.0174516
  338 337.5 40.2002 0.017448
  339 338.5 40.1743 0.0174368
  340 339.5 40.1983 0.0174472
  341 340.5 40.1931 0.0174449
  342 341.5 40.2247 0.0174587
  343 342.5 40.1691 0.0174345
  344 343.5 40.2324 0.017462
  345 344.5 40.1625 0.0174317
  346 345.5 40.2292 0.0174606
  347 346.5 40.1874 0.0174424
  348 347.5 40.1977 0.0174469
  349 348.5 40.1634 0.017432
  350 349.5 40.2628 0.0174752
  351 350.5 40.1685 0.0174342
  352 351.5 40.1802 0.0174393
  353 352.5 40.198 0.0174471
  354 353.5 40.2229 0.0174579
  355 354.5 40.1759 0.0174375
  356 355.5 40.1588 0.0174301
  357 356.5 40.2232 0.017458
  358 357.5 40.1897 0.0174435
  359 358.5 40.1361 0.0174202
  360 359.5 40.1985 0.0174473
  361 360.5 40.1945 0.0174455
  362 361.5 40.1287 0.017417
  363 362.5 40.1018 0.0174053
  364 363.5 40.1732 0.0174363
  365 364.5 40.067 0.0173902
  366 365.5 39.9825 0.0173535
  367 366.5 39.9984 0.0173604
  368 367.5 39.8578 0.0172994
  369 368.5 39.5458 0.017164
  370 369.5 39.3639 0.017085
  371 370.5 38.9052 0.0168859
  372 371.5 37.7785 0.0163969
  373 372.5 36.1142 0.0156746
  374 373.5 33.1025 0.0143674
  375 374.5 27.4277 0.0119044
  376 375.5 19.3808 0.0084118
  377 376.5 11.252 0.00488368
  378 377.5 5.26859 0.00228671
  379 378.5 2.05093 0.000890159
  380 379.5 0.692422 0.00030053
  381 380.5 0.22717 9.85981e-05
  382 381.5 0.08701 3.77648e-05
  383 382.5 0.044036 1.91128e-05
  384 383.5 0.030172 1.30955e-05
  385 384.5 0.024948 1.08281e-05
  386 385.5 0.02255 9.78733e-06
  387 386.5 0.02075 9.00608e-06
  388 387.5 0.019138 8.30642e-06
  389 388.5 0.019022 8.25608e-06
  390 389.5 0.019444 8.43924e-06
  391 390.5 0.01832 7.95139e-06
  392 391.5 0.01784 7.74306e-06
  393 392.5 0.01803 7.82552e-06
  394 393.5 0.02 8.68056e-06
  395 394.5 0.01964 8.52431e-06
  396 395.5 0.019016 8.25347e-06
  397 396.5 0.01864 8.09028e-06
  398 397.5 0.017888 7.76389e-06
  399 398.5 0.018484 8.02257e-06
  400 399.5 0.018698 8.11545e-06
  401 400.5 0.018872 8.19097e-06
  402 401.5 0.019892 8.63368e-06
  403 402.5 0.02035 8.83247e-06
  404 403.5 0.021324 9.25521e-06
  405 404.5 0.020998 9.11372e-06
  406 405.5 0.021398 9.28733e-06
  407 406.5 0.019924 8.64757e-06
  408 407.5 0.01959 8.5026e-06
  409 408.5 0.019978 8.67101e-06
  410 409.5 0.02066 8.96701e-06
  411 410.5 0.020994 9.11198e-06
  412 411.5 0.02188 9.49653e-06
  413 412.5 0.022506 9.76823e-06
  414 413.5 0.022478 9.75608e-06
  415 414.5 0.022244 9.65451e-06
  416 415.5 0.02186 9.48785e-06
  417 416.5 0.021742 9.43663e-06
  418 417.5 0.021722 9.42795e-06
  419 418.5 0.022228 9.64757e-06
  420 419.5 0.022268 9.66493e-06
  421 420.5 0.022334 9.69358e-06
  422 421.5 0.021564 9.35938e-06
  423 422.5 0.021762 9.44531e-06
  424 423.5 0.021486 9.32552e-06
  425 424.5 0.022334 9.69358e-06
  426 425.5 0.021862 9.48872e-06
  427 426.5 0.021054 9.13802e-06
  428 427.5 0.019608 8.51042e-06
  429 428.5 0.0205 8.89757e-06
  430 429.5 0.02108 9.14931e-06
  431 430.5 0.02118 9.19271e-06
  432 431.5 0.02135 9.26649e-06
  433 432.5 0.020864 9.05556e-06
  434 433.5 0.020922 9.08073e-06
  435 434.5 0.01954 8.4809e-06
  436 435.5 0.019336 8.39236e-06
  437 436.5 0.01912 8.29861e-06
  438 437.5 0.020412 8.85938e-06
  439 438.5 0.021246 9.22135e-06
  440 439.5 0.021496 9.32986e-06
  441 440.5 0.02068 8.97569e-06
  442 441.5 0.020476 8.88715e-06
  443 442.5 0.020286 8.80469e-06
  444 443.5 0.020908 9.07465e-06
  445 444.5 0.021388 9.28299e-06
  446 445.5 0.021924 9.51562e-06
  447 446.5 0.022262 9.66233e-06
  448 447.5 0.022012 9.55382e-06
  449 448.5 0.022502 9.76649e-06
  450 449.5 0.022562 9.79253e-06
  451 450.5 0.023084 1.00191e-05
  452 451.5 0.022474 9.75434e-06
  453 452.5 0.021218 9.2092e-06
  454 453.5 0.020816 9.03472e-06
  455 454.5 0.020992 9.11111e-06
  456 455.5 0.019866 8.6224e-06
  457 456.5 0.020402 8.85503e-06
  458 457.5 0.021306 9.2474e-06
  459 458.5 0.021024 9.125e-06
  460 459.5 0.021048 9.13542e-06
  461 460.5 0.021284 9.23785e-06
  462 461.5 0.021522 9.34115e-06
  463 462.5 0.023254 1.00929e-05
  464 463.5 0.02413 1.04731e-05
  465 464.5 0.024152 1.04826e-05
  466 465.5 0.024292 1.05434e-05
  467 466.5 0.02353 1.02127e-05
  468 467.5 0.023464 1.0184e-05
  469 468.5 0.024002 1.04175e-05
  470 469.5 0.023206 1.0072e-05
  471 470.5 0.02386 1.03559e-05
  472 471.5 0.023704 1.02882e-05
  473 472.5 0.02561 1.11155e-05
  474 473.5 0.026374 1.1447e-05
  475 474.5 0.026574 1.15339e-05
  476 475.5 0.026808 1.16354e-05
  477 476.5 0.026634 1.15599e-05
  478 477.5 0.025486 1.10616e-05
  479 478.5 0.02479 1.07595e-05
  480 479.5 0.0254 1.10243e-05
