# Chunk-averaged data for fix tensor3 and group c2
# Timestep Number-of-chunks Total-count
# Chunk Coord1 Ncount density/number
20000000 480 6299
  1 0.5 3.38979 0.00147126
  2 1.5 3.3679 0.00146176
  3 2.5 3.37202 0.00146355
  4 3.5 3.40252 0.00147679
  5 4.5 3.43571 0.00149119
  6 5.5 3.41602 0.00148265
  7 6.5 3.39233 0.00147237
  8 7.5 3.37119 0.00146319
  9 8.5 3.34722 0.00145279
  10 9.5 3.35857 0.00145771
  11 10.5 3.36672 0.00146125
  12 11.5 3.35546 0.00145636
  13 12.5 3.36497 0.00146049
  14 13.5 3.3436 0.00145122
  15 14.5 3.31583 0.00143916
  16 15.5 3.32144 0.0014416
  17 16.5 3.33246 0.00144638
  18 17.5 3.27376 0.0014209
  19 18.5 3.27328 0.00142069
  20 19.5 3.24073 0.00140657
  21 20.5 3.22578 0.00140008
  22 21.5 3.21396 0.00139495
  23 22.5 3.19798 0.00138801
  24 23.5 3.2213 0.00139813
  25 24.5 3.20826 0.00139247
  26 25.5 3.22501 0.00139974
  27 26.5 3.26408 0.0014167
  28 27.5 3.25406 0.00141235
  29 28.5 3.2185 0.00139692
  30 29.5 3.19498 0.00138671
  31 30.5 3.15677 0.00137012
  32 31.5 3.13909 0.00136245
  33 32.5 3.12992 0.00135847
  34 33.5 3.11878 0.00135364
  35 34.5 3.1283 0.00135777
  36 35.5 3.12128 0.00135472
  37 36.5 3.12653 0.001357
  38 37.5 3.12269 0.00135534
  39 38.5 3.13885 0.00136235
  40 39.5 3.14817 0.00136639
  41 40.5 3.14964 0.00136703
  42 41.5 3.16421 0.00137335
  43 42.5 3.15558 0.00136961
  44 43.5 3.16242 0.00137258
  45 44.5 3.17878 0.00137968
  46 45.5 3.18748 0.00138345
  47 46.5 3.20719 0.00139201
  48 47.5 3.20602 0.0013915
  49 48.5 3.2184 0.00139687
  50 49.5 3.19328 0.00138597
  51 50.5 3.18646 0.00138301
  52 51.5 3.25538 0.00141293
  53 52.5 3.29182 0.00142874
  54 53.5 3.31613 0.00143929
  55 54.5 3.33786 0.00144873
  56 55.5 3.34136 0.00145024
  57 56.5 3.33535 0.00144764
  58 57.5 3.35531 0.0014563
  59 58.5 3.38403 0.00146876
  60 59.5 3.36561 0.00146077
  61 60.5 3.35192 0.00145483
  62 61.5 3.33656 0.00144816
  63 62.5 3.28957 0.00142777
  64 63.5 3.23847 0.00140559
  65 64.5 3.26487 0.00141704
  66 65.5 3.25358 0.00141214
  67 66.5 3.30685 0.00143526
  68 67.5 3.35664 0.00145687
  69 68.5 3.39005 0.00147137
  70 69.5 3.47804 0.00150957
  71 70.5 3.61382 0.0015685
  72 71.5 3.75906 0.00163154
  73 72.5 4.00974 0.00174034
  74 73.5 4.34523 0.00188595
  75 74.5 4.73082 0.00205331
  76 75.5 5.14334 0.00223235
  77 76.5 5.45474 0.00236751
  78 77.5 5.35382 0.0023237
  79 78.5 4.51512 0.00195969
  80 79.5 3.08416 0.00133861
  81 80.5 1.69166 0.000734226
  82 81.5 0.754826 0.000327615
  83 82.5 0.284622 0.000123534
  84 83.5 0.101754 4.41641e-05
  85 84.5 0.037644 1.63385e-05
  86 85.5 0.01818 7.89063e-06
  87 86.5 0.012014 5.21441e-06
  88 87.5 0.00987 4.28385e-06
  89 88.5 0.008388 3.64062e-06
  90 89.5 0.00761 3.30295e-06
  91 90.5 0.007192 3.12153e-06
  92 91.5 0.00693 3.00781e-06
  93 92.5 0.00737 3.19878e-06
  94 93.5 0.006998 3.03733e-06
  95 94.5 0.006666 2.89323e-06
  96 95.5 0.0071 3.0816e-06
  97 96.5 0.0066 2.86458e-06
  98 97.5 0.006512 2.82639e-06
  99 98.5 0.006624 2.875e-06
  100 99.5 0.00677 2.93837e-06
  101 100.5 0.00689 2.99045e-06
  102 101.5 0.006918 3.0026e-06
  103 102.5 0.006974 3.02691e-06
  104 103.5 0.006904 2.99653e-06
  105 104.5 0.006812 2.9566e-06
  106 105.5 0.007018 3.04601e-06
  107 106.5 0.007472 3.24306e-06
  108 107.5 0.007418 3.21962e-06
  109 108.5 0.007568 3.28472e-06
  110 109.5 0.007716 3.34896e-06
  111 110.5 0.00759 3.29427e-06
  112 111.5 0.007266 3.15365e-06
  113 112.5 0.006968 3.02431e-06
  114 113.5 0.006876 2.98438e-06
  115 114.5 0.007038 3.05469e-06
  116 115.5 0.007362 3.19531e-06
  117 116.5 0.007352 3.19097e-06
  118 117.5 0.007094 3.07899e-06
  119 118.5 0.007048 3.05903e-06
  120 119.5 0.00704 3.05556e-06
  121 120.5 0.006944 3.01389e-06
  122 121.5 0.00706 3.06424e-06
  123 122.5 0.0069 2.99479e-06
  124 123.5 0.006862 2.9783e-06
  125 124.5 0.006968 3.02431e-06
  126 125.5 0.007104 3.08333e-06
  127 126.5 0.007116 3.08854e-06
  128 127.5 0.007238 3.14149e-06
  129 128.5 0.007134 3.09635e-06
  130 129.5 0.00705 3.0599e-06
  131 130.5 0.007092 3.07813e-06
  132 131.5 0.007092 3.07813e-06
  133 132.5 0.007716 3.34896e-06
  134 133.5 0.00843 3.65885e-06
  135 134.5 0.008876 3.85243e-06
  136 135.5 0.006504 2.82292e-06
  137 136.5 0.006534 2.83594e-06
  138 137.5 0.006442 2.79601e-06
  139 138.5 0.006366 2.76302e-06
  140 139.5 0.006446 2.79774e-06
  141 140.5 0.00666 2.89062e-06
  142 141.5 0.006532 2.83507e-06
  143 142.5 0.006528 2.83333e-06
  144 143.5 0.006478 2.81163e-06
  145 144.5 0.006506 2.82378e-06
  146 145.5 0.0063 2.73437e-06
  147 146.5 0.006424 2.78819e-06
  148 147.5 0.006324 2.74479e-06
  149 148.5 0.006276 2.72396e-06
  150 149.5 0.006244 2.71007e-06
  151 150.5 0.006214 2.69705e-06
  152 151.5 0.006492 2.81771e-06
  153 152.5 0.006474 2.8099e-06
  154 153.5 0.00665 2.88628e-06
  155 154.5 0.00656 2.84722e-06
  156 155.5 0.00644 2.79514e-06
  157 156.5 0.006334 2.74913e-06
  158 157.5 0.00637 2.76476e-06
  159 158.5 0.006388 2.77257e-06
  160 159.5 0.006454 2.80122e-06
  161 160.5 0.006622 2.87413e-06
  162 161.5 0.00663 2.8776e-06
  163 162.5 0.006662 2.89149e-06
  164 163.5 0.006558 2.84635e-06
  165 164.5 0.006666 2.89323e-06
  166 165.5 0.006746 2.92795e-06
  167 166.5 0.006816 2.95833e-06
  168 167.5 0.00677 2.93837e-06
  169 168.5 0.01157 5.0217e-06
  170 169.5 0.007218 3.13281e-06
  171 170.5 0.00725 3.1467e-06
  172 171.5 0.007532 3.2691e-06
  173 172.5 0.007436 3.22743e-06
  174 173.5 0.00727 3.15538e-06
  175 174.5 0.007434 3.22656e-06
  176 175.5 0.007306 3.17101e-06
  177 176.5 0.007516 3.26215e-06
  178 177.5 0.007372 3.19965e-06
  179 178.5 0.007542 3.27344e-06
  180 179.5 0.007596 3.29688e-06
  181 180.5 0.00758 3.28993e-06
  182 181.5 0.007674 3.33073e-06
  183 182.5 0.00776 3.36806e-06
  184 183.5 0.007806 3.38802e-06
  185 184.5 0.008042 3.49045e-06
  186 185.5 0.00793 3.44184e-06
  187 186.5 0.007602 3.29948e-06
  188 187.5 0.007626 3.3099e-06
  189 188.5 0.007886 3.42274e-06
  190 189.5 0.008138 3.53212e-06
  191 190.5 0.00826 3.58507e-06
  192 191.5 0.00822 3.56771e-06
  193 192.5 0.00832 3.61111e-06
  194 193.5 0.008558 3.71441e-06
  195 194.5 0.008308 3.6059e-06
  196 195.5 0.008558 3.71441e-06
  197 196.5 0.008116 3.52257e-06
  198 197.5 0.007956 3.45312e-06
  199 198.5 0.007582 3.2908e-06
  200 199.5 0.00741 3.21615e-06
  201 200.5 0.007448 3.23264e-06
  202 201.5 0.007426 3.22309e-06
  203 202.5 0.007382 3.20399e-06
  204 203.5 0.007198 3.12413e-06
  205 204.5 0.007254 3.14844e-06
  206 205.5 0.00727 3.15538e-06
  207 206.5 0.007294 3.1658e-06
  208 207.5 0.007224 3.13542e-06
  209 208.5 0.007188 3.11979e-06
  210 209.5 0.007138 3.09809e-06
  211 210.5 0.007126 3.09288e-06
  212 211.5 0.007214 3.13108e-06
  213 212.5 0.007312 3.17361e-06
  214 213.5 0.007384 3.20486e-06
  215 214.5 0.007204 3.12674e-06
  216 215.5 0.007188 3.11979e-06
  217 216.5 0.007212 3.13021e-06
  218 217.5 0.007148 3.10243e-06
  219 218.5 0.007228 3.13715e-06
  220 219.5 0.00725 3.1467e-06
  221 220.5 0.007008 3.04167e-06
  222 221.5 0.007024 3.04861e-06
  223 222.5 0.006932 3.00868e-06
  224 223.5 0.00693 3.00781e-06
  225 224.5 0.006856 2.97569e-06
  226 225.5 0.006794 2.94878e-06
  227 226.5 0.007024 3.04861e-06
  228 227.5 0.007264 3.15278e-06
  229 228.5 0.007612 3.30382e-06
  230 229.5 0.007658 3.32378e-06
  231 230.5 0.00774 3.35938e-06
  232 231.5 0.007554 3.27865e-06
  233 232.5 0.009044 3.92535e-06
  234 233.5 0.009838 4.26997e-06
  235 234.5 0.013816 5.99653e-06
  236 235.5 0.024426 1.06016e-05
  237 236.5 0.064662 2.80651e-05
  238 237.5 0.203168 8.81806e-05
  239 238.5 0.675574 0.000293218
  240 239.5 2.04069 0.000885717
  241 240.5 5.12983 0.00222649
  242 241.5 10.409 0.0045178
  243 242.5 16.9655 0.00736351
  244 243.5 22.7527 0.0098753
  245 244.5 26.7445 0.0116078
  246 245.5 29.7721 0.0129219
  247 246.5 32.3094 0.0140232
  248 247.5 33.9157 0.0147204
  249 248.5 34.8299 0.0151171
  250 249.5 35.6285 0.0154638
  251 250.5 36.3286 0.0157676
  252 251.5 36.6136 0.0158913
  253 252.5 36.7572 0.0159536
  254 253.5 37.0678 0.0160884
  255 254.5 37.2097 0.01615
  256 255.5 37.1885 0.0161409
  257 256.5 37.2769 0.0161792
  258 257.5 37.3919 0.0162291
  259 258.5 37.3419 0.0162074
  260 259.5 37.3448 0.0162087
  261 260.5 37.4303 0.0162458
  262 261.5 37.3725 0.0162207
  263 262.5 37.3072 0.0161923
  264 263.5 37.3847 0.016226
  265 264.5 37.3516 0.0162117
  266 265.5 37.2616 0.0161726
  267 266.5 37.4508 0.0162547
  268 267.5 37.3457 0.0162091
  269 268.5 37.3727 0.0162208
  270 269.5 37.4034 0.0162341
  271 270.5 37.5446 0.0162954
  272 271.5 37.4065 0.0162354
  273 272.5 37.425 0.0162435
  274 273.5 37.5338 0.0162907
  275 274.5 37.4984 0.0162754
  276 275.5 37.3509 0.0162113
  277 276.5 37.47 0.016263
  278 277.5 37.4758 0.0162655
  279 278.5 37.3004 0.0161894
  280 279.5 37.2886 0.0161843
  281 280.5 37.47 0.016263
  282 281.5 37.2625 0.016173
  283 282.5 37.2152 0.0161524
  284 283.5 37.3091 0.0161932
  285 284.5 37.3103 0.0161937
  286 285.5 37.1415 0.0161204
  287 286.5 37.2815 0.0161812
  288 287.5 37.293 0.0161862
  289 288.5 37.2503 0.0161677
  290 289.5 37.2022 0.0161468
  291 290.5 37.283 0.0161819
  292 291.5 37.3042 0.016191
  293 292.5 37.2782 0.0161798
  294 293.5 37.3313 0.0162028
  295 294.5 37.4712 0.0162635
  296 295.5 37.4186 0.0162407
  297 296.5 37.4694 0.0162627
  298 297.5 37.5564 0.0163005
  299 298.5 37.512 0.0162812
  300 299.5 37.4309 0.016246
  301 300.5 37.5552 0.0163
  302 301.5 37.4945 0.0162736
  303 302.5 37.3167 0.0161965
  304 303.5 37.3717 0.0162204
  305 304.5 37.4056 0.0162351
  306 305.5 37.2335 0.0161604
  307 306.5 37.2984 0.0161886
  308 307.5 37.3094 0.0161933
  309 308.5 37.2407 0.0161635
  310 309.5 37.1391 0.0161194
  311 310.5 37.2274 0.0161577
  312 311.5 37.2424 0.0161642
  313 312.5 37.1316 0.0161161
  314 313.5 37.231 0.0161593
  315 314.5 37.2649 0.016174
  316 315.5 37.1164 0.0161095
  317 316.5 37.081 0.0160942
  318 317.5 37.2386 0.0161626
  319 318.5 37.2017 0.0161466
  320 319.5 37.1329 0.0161167
  321 320.5 37.1802 0.0161372
  322 321.5 37.2966 0.0161878
  323 322.5 37.2376 0.0161622
  324 323.5 37.1137 0.0161084
  325 324.5 37.1721 0.0161337
  326 325.5 37.1861 0.0161398
  327 326.5 37.1316 0.0161161
  328 327.5 37.1043 0.0161043
  329 328.5 37.1577 0.0161275
  330 329.5 37.0964 0.0161009
  331 330.5 37.0575 0.016084
  332 331.5 37.1587 0.0161279
  333 332.5 37.1534 0.0161256
  334 333.5 37.0895 0.0160979
  335 334.5 37.1787 0.0161366
  336 335.5 37.2115 0.0161508
  337 336.5 37.1529 0.0161254
  338 337.5 37.1198 0.016111
  339 338.5 37.1854 0.0161395
  340 339.5 37.1868 0.0161401
  341 340.5 37.0571 0.0160838
  342 341.5 37.1173 0.01611
  343 342.5 37.1947 0.0161435
  344 343.5 37.1006 0.0161027
  345 344.5 37.0416 0.0160771
  346 345.5 37.1859 0.0161397
  347 346.5 37.1635 0.01613
  348 347.5 37.0546 0.0160827
  349 348.5 37.1005 0.0161026
  350 349.5 37.1878 0.0161405
  351 350.5 37.0549 0.0160829
  352 351.5 37.0281 0.0160712
  353 352.5 37.1415 0.0161204
  354 353.5 37.1002 0.0161025
  355 354.5 36.9498 0.0160372
  356 355.5 37.0405 0.0160766
  357 356.5 37.1616 0.0161292
  358 357.5 37.009 0.0160629
  359 358.5 37.1028 0.0161037
  360 359.5 37.2618 0.0161727
  361 360.5 37.2355 0.0161613
  362 361.5 37.164 0.0161302
  363 362.5 37.321 0.0161983
  364 363.5 37.2842 0.0161824
  365 364.5 37.205 0.016148
  366 365.5 37.2166 0.016153
  367 366.5 37.2966 0.0161877
  368 367.5 37.2463 0.0161659
  369 368.5 37.2799 0.0161805
  370 369.5 37.2616 0.0161726
  371 370.5 37.1973 0.0161447
  372 371.5 37.2203 0.0161547
  373 372.5 37.2203 0.0161546
  374 373.5 37.1793 0.0161369
  375 374.5 37.1045 0.0161044
  376 375.5 37.1028 0.0161036
  377 376.5 37.073 0.0160907
  378 377.5 37.013 0.0160647
  379 378.5 37.0262 0.0160704
  380 379.5 37.0251 0.0160699
  381 380.5 36.9664 0.0160444
  382 381.5 36.9219 0.0160251
  383 382.5 36.8677 0.0160016
  384 383.5 36.7953 0.0159702
  385 384.5 36.6518 0.0159079
  386 385.5 36.5652 0.0158703
  387 386.5 36.4003 0.0157987
  388 387.5 36.1619 0.0156953
  389 388.5 35.8568 0.0155628
  390 389.5 35.5263 0.0154194
  391 390.5 34.8727 0.0151357
  392 391.5 34.1179 0.0148081
  393 392.5 33.1146 0.0143726
  394 393.5 31.6793 0.0137497
  395 394.5 29.9207 0.0129864
  396 395.5 27.8737 0.012098
  397 396.5 25.4008 0.0110246
  398 397.5 22.6826 0.00984488
  399 398.5 19.874 0.00862589
  400 399.5 16.9824 0.00737083
  401 400.5 14.2355 0.00617859
  402 401.5 11.8463 0.00514162
  403 402.5 9.80447 0.00425541
  404 403.5 8.12774 0.00352766
  405 404.5 6.77697 0.00294139
  406 405.5 5.79736 0.00251622
  407 406.5 5.04864 0.00219125
  408 407.5 4.52024 0.00196191
  409 408.5 4.11412 0.00178564
  410 409.5 3.79706 0.00164803
  411 410.5 3.55286 0.00154204
  412 411.5 3.38188 0.00146783
  413 412.5 3.27324 0.00142068
  414 413.5 3.16466 0.00137355
  415 414.5 3.12042 0.00135435
  416 415.5 3.09083 0.0013415
  417 416.5 3.07428 0.00133432
  418 417.5 3.02235 0.00131178
  419 418.5 3.00675 0.00130501
  420 419.5 2.9782 0.00129262
  421 420.5 2.96059 0.00128498
  422 421.5 2.97703 0.00129211
  423 422.5 2.9785 0.00129275
  424 423.5 2.99768 0.00130108
  425 424.5 2.96871 0.0012885
  426 425.5 2.98724 0.00129655
  427 426.5 2.96045 0.00128492
  428 427.5 2.91957 0.00126718
  429 428.5 2.95007 0.00128041
  430 429.5 2.95612 0.00128304
  431 430.5 2.95394 0.00128209
  432 431.5 2.94133 0.00127662
  433 432.5 2.93591 0.00127427
  434 433.5 2.95282 0.00128161
  435 434.5 2.96335 0.00128618
  436 435.5 2.97578 0.00129157
  437 436.5 3.00821 0.00130565
  438 437.5 2.97739 0.00129227
  439 438.5 2.99654 0.00130058
  440 439.5 3.0028 0.0013033
  441 440.5 2.96178 0.00128549
  442 441.5 2.92761 0.00127066
  443 442.5 2.92713 0.00127045
  444 443.5 2.91717 0.00126613
  445 444.5 2.91837 0.00126665
  446 445.5 2.95045 0.00128058
  447 446.5 2.9674 0.00128793
  448 447.5 2.96324 0.00128613
  449 448.5 2.97574 0.00129155
  450 449.5 3.03102 0.00131555
  451 450.5 3.06139 0.00132873
  452 451.5 3.13738 0.00136171
  453 452.5 3.173 0.00137717
  454 453.5 3.17876 0.00137967
  455 454.5 3.17322 0.00137727
  456 455.5 3.09426 0.001343
  457 456.5 3.0996 0.00134531
  458 457.5 3.10019 0.00134557
  459 458.5 3.10697 0.00134851
  460 459.5 3.10191 0.00134632
  461 460.5 3.11195 0.00135067
  462 461.5 3.09933 0.00134519
  463 462.5 3.09449 0.00134309
  464 463.5 3.09183 0.00134194
  465 464.5 3.09367 0.00134274
  466 465.5 3.09817 0.00134469
  467 466.5 3.1123 0.00135083
  468 467.5 3.15088 0.00136757
  469 468.5 3.14547 0.00136522
  470 469.5 3.162 0.0013724
  471 470.5 3.20161 0.00138959
  472 471.5 3.2299 0.00140187
  473 472.5 3.25136 0.00141118
  474 473.5 3.25777 0.00141396
  475 474.5 3.29676 0.00143088
  476 475.5 3.28867 0.00142738
  477 476.5 3.33575 0.00144781
  478 477.5 3.38422 0.00146884
  479 478.5 3.37041 0.00146285
  480 479.5 3.40168 0.00147642
30000000 480 6299
  1 0.5 3.09377 0.00134278
  2 1.5 3.10044 0.00134568
  3 2.5 3.10432 0.00134736
  4 3.5 3.10125 0.00134603
  5 4.5 3.09604 0.00134377
  6 5.5 3.08257 0.00133792
  7 6.5 3.08727 0.00133996
  8 7.5 3.08508 0.00133901
  9 8.5 3.11117 0.00135033
  10 9.5 3.15173 0.00136794
  11 10.5 3.17601 0.00137848
  12 11.5 3.16429 0.00137339
  13 12.5 3.13968 0.00136271
  14 13.5 3.12307 0.0013555
  15 14.5 3.13106 0.00135897
  16 15.5 3.13525 0.00136079
  17 16.5 3.12314 0.00135553
  18 17.5 3.09151 0.0013418
  19 18.5 3.06386 0.0013298
  20 19.5 3.0648 0.00133021
  21 20.5 3.06839 0.00133176
  22 21.5 3.07338 0.00133393
  23 22.5 3.06286 0.00132937
  24 23.5 3.05983 0.00132805
  25 24.5 3.07743 0.00133569
  26 25.5 3.08284 0.00133804
  27 26.5 3.06701 0.00133117
  28 27.5 3.05633 0.00132653
  29 28.5 3.04708 0.00132252
  30 29.5 3.05528 0.00132608
  31 30.5 3.06548 0.0013305
  32 31.5 3.0412 0.00131996
  33 32.5 3.01363 0.001308
  34 33.5 3.00295 0.00130336
  35 34.5 2.99419 0.00129956
  36 35.5 2.98562 0.00129584
  37 36.5 2.97906 0.00129299
  38 37.5 2.98373 0.00129502
  39 38.5 2.97548 0.00129144
  40 39.5 2.9545 0.00128234
  41 40.5 2.92846 0.00127103
  42 41.5 2.92443 0.00126929
  43 42.5 2.95814 0.00128392
  44 43.5 2.95849 0.00128407
  45 44.5 2.94643 0.00127883
  46 45.5 2.91485 0.00126512
  47 46.5 2.91214 0.00126395
  48 47.5 2.89384 0.00125601
  49 48.5 2.89623 0.00125704
  50 49.5 2.85278 0.00123819
  51 50.5 2.83781 0.00123169
  52 51.5 2.81274 0.00122081
  53 52.5 2.81203 0.0012205
  54 53.5 2.83513 0.00123053
  55 54.5 2.85311 0.00123833
  56 55.5 2.86152 0.00124198
  57 56.5 2.87904 0.00124958
  58 57.5 2.93701 0.00127474
  59 58.5 2.9599 0.00128468
  60 59.5 2.95629 0.00128311
  61 60.5 2.94055 0.00127628
  62 61.5 2.9658 0.00128724
  63 62.5 2.9933 0.00129917
  64 63.5 3.00792 0.00130552
  65 64.5 3.0067 0.00130499
  66 65.5 3.0493 0.00132348
  67 66.5 3.08971 0.00134102
  68 67.5 3.15828 0.00137078
  69 68.5 3.25846 0.00141426
  70 69.5 3.36331 0.00145977
  71 70.5 3.5118 0.00152422
  72 71.5 3.74316 0.00162463
  73 72.5 4.0351 0.00175134
  74 73.5 4.36965 0.00189655
  75 74.5 4.72301 0.00204992
  76 75.5 5.08181 0.00220564
  77 76.5 5.15261 0.00223638
  78 77.5 4.57546 0.00198588
  79 78.5 3.34918 0.00145364
  80 79.5 1.94367 0.000843607
  81 80.5 0.917228 0.000398102
  82 81.5 0.35813 0.000155438
  83 82.5 0.123736 5.37049e-05
  84 83.5 0.046126 2.002e-05
  85 84.5 0.021144 9.17708e-06
  86 85.5 0.012428 5.3941e-06
  87 86.5 0.009084 3.94271e-06
  88 87.5 0.00792 3.4375e-06
  89 88.5 0.007914 3.4349e-06
  90 89.5 0.006866 2.98003e-06
  91 90.5 0.006584 2.85764e-06
  92 91.5 0.00665 2.88628e-06
  93 92.5 0.007052 3.06076e-06
  94 93.5 0.007108 3.08507e-06
  95 94.5 0.007148 3.10243e-06
  96 95.5 0.006594 2.86198e-06
  97 96.5 0.006788 2.94618e-06
  98 97.5 0.00675 2.92969e-06
  99 98.5 0.00684 2.96875e-06
  100 99.5 0.006866 2.98003e-06
  101 100.5 0.007072 3.06944e-06
  102 101.5 0.006984 3.03125e-06
  103 102.5 0.00688 2.98611e-06
  104 103.5 0.006794 2.94878e-06
  105 104.5 0.00662 2.87326e-06
  106 105.5 0.006634 2.87934e-06
  107 106.5 0.006776 2.94097e-06
  108 107.5 0.007014 3.04427e-06
  109 108.5 0.006914 3.00087e-06
  110 109.5 0.007106 3.0842e-06
  111 110.5 0.006888 2.98958e-06
  112 111.5 0.006982 3.03038e-06
  113 112.5 0.007108 3.08507e-06
  114 113.5 0.00704 3.05556e-06
  115 114.5 0.007026 3.04948e-06
  116 115.5 0.006972 3.02604e-06
  117 116.5 0.007046 3.05816e-06
  118 117.5 0.006884 2.98785e-06
  119 118.5 0.00646 2.80382e-06
  120 119.5 0.006388 2.77257e-06
  121 120.5 0.00634 2.75174e-06
  122 121.5 0.00611 2.65191e-06
  123 122.5 0.00605 2.62587e-06
  124 123.5 0.006122 2.65712e-06
  125 124.5 0.006128 2.65972e-06
  126 125.5 0.006168 2.67708e-06
  127 126.5 0.00617 2.67795e-06
  128 127.5 0.006228 2.70313e-06
  129 128.5 0.006142 2.6658e-06
  130 129.5 0.007564 3.28299e-06
  131 130.5 0.006152 2.67014e-06
  132 131.5 0.010596 4.59896e-06
  133 132.5 0.00781 3.38976e-06
  134 133.5 0.007634 3.31337e-06
  135 134.5 0.00663 2.8776e-06
  136 135.5 0.006542 2.83941e-06
  137 136.5 0.006566 2.84983e-06
  138 137.5 0.00687 2.98177e-06
  139 138.5 0.006778 2.94184e-06
  140 139.5 0.006754 2.93142e-06
  141 140.5 0.00677 2.93837e-06
  142 141.5 0.006528 2.83333e-06
  143 142.5 0.006568 2.85069e-06
  144 143.5 0.00645 2.79948e-06
  145 144.5 0.006442 2.79601e-06
  146 145.5 0.006472 2.80903e-06
  147 146.5 0.00696 3.02083e-06
  148 147.5 0.00705 3.0599e-06
  149 148.5 0.006724 2.9184e-06
  150 149.5 0.006694 2.90538e-06
  151 150.5 0.006438 2.79427e-06
  152 151.5 0.00643 2.7908e-06
  153 152.5 0.006526 2.83247e-06
  154 153.5 0.006426 2.78906e-06
  155 154.5 0.006396 2.77604e-06
  156 155.5 0.006694 2.90538e-06
  157 156.5 0.006676 2.89757e-06
  158 157.5 0.006662 2.89149e-06
  159 158.5 0.006514 2.82726e-06
  160 159.5 0.006406 2.78038e-06
  161 160.5 0.006394 2.77517e-06
  162 161.5 0.006538 2.83767e-06
  163 162.5 0.00657 2.85156e-06
  164 163.5 0.006336 2.75e-06
  165 164.5 0.006244 2.71007e-06
  166 165.5 0.006218 2.69878e-06
  167 166.5 0.006328 2.74653e-06
  168 167.5 0.006254 2.71441e-06
  169 168.5 0.006224 2.70139e-06
  170 169.5 0.006202 2.69184e-06
  171 170.5 0.006226 2.70226e-06
  172 171.5 0.006152 2.67014e-06
  173 172.5 0.006178 2.68142e-06
  174 173.5 0.00611 2.65191e-06
  175 174.5 0.006246 2.71094e-06
  176 175.5 0.006258 2.71615e-06
  177 176.5 0.006452 2.80035e-06
  178 177.5 0.00651 2.82552e-06
  179 178.5 0.006504 2.82292e-06
  180 179.5 0.006486 2.8151e-06
  181 180.5 0.006594 2.86198e-06
  182 181.5 0.006456 2.80208e-06
  183 182.5 0.006476 2.81076e-06
  184 183.5 0.006716 2.91493e-06
  185 184.5 0.006658 2.88976e-06
  186 185.5 0.006352 2.75694e-06
  187 186.5 0.00639 2.77344e-06
  188 187.5 0.006384 2.77083e-06
  189 188.5 0.00641 2.78212e-06
  190 189.5 0.006364 2.76215e-06
  191 190.5 0.006342 2.7526e-06
  192 191.5 0.006622 2.87413e-06
  193 192.5 0.006728 2.92014e-06
  194 193.5 0.00652 2.82986e-06
  195 194.5 0.006562 2.84809e-06
  196 195.5 0.006572 2.85243e-06
  197 196.5 0.006568 2.85069e-06
  198 197.5 0.006698 2.90712e-06
  199 198.5 0.006644 2.88368e-06
  200 199.5 0.00657 2.85156e-06
  201 200.5 0.006624 2.875e-06
  202 201.5 0.006632 2.87847e-06
  203 202.5 0.006872 2.98264e-06
  204 203.5 0.00687 2.98177e-06
  205 204.5 0.006902 2.99566e-06
  206 205.5 0.006856 2.97569e-06
  207 206.5 0.006754 2.93142e-06
  208 207.5 0.006806 2.95399e-06
  209 208.5 0.0068 2.95139e-06
  210 209.5 0.006792 2.94792e-06
  211 210.5 0.006828 2.96354e-06
  212 211.5 0.006838 2.96788e-06
  213 212.5 0.006884 2.98785e-06
  214 213.5 0.006904 2.99653e-06
  215 214.5 0.006826 2.96267e-06
  216 215.5 0.00713 3.09462e-06
  217 216.5 0.007084 3.07465e-06
  218 217.5 0.007114 3.08767e-06
  219 218.5 0.007298 3.16753e-06
  220 219.5 0.007186 3.11892e-06
  221 220.5 0.00703 3.05122e-06
  222 221.5 0.008532 3.70312e-06
  223 222.5 0.007036 3.05382e-06
  224 223.5 0.006826 2.96267e-06
  225 224.5 0.00664 2.88194e-06
  226 225.5 0.006396 2.77604e-06
  227 226.5 0.006748 2.92882e-06
  228 227.5 0.007398 3.21094e-06
  229 228.5 0.007472 3.24306e-06
  230 229.5 0.007386 3.20573e-06
  231 230.5 0.007796 3.38368e-06
  232 231.5 0.008058 3.4974e-06
  233 232.5 0.008816 3.82639e-06
  234 233.5 0.012392 5.37847e-06
  235 234.5 0.019586 8.50087e-06
  236 235.5 0.045504 1.975e-05
  237 236.5 0.139008 6.03333e-05
  238 237.5 0.470246 0.0002041
  239 238.5 1.47427 0.000639876
  240 239.5 3.91725 0.00170019
  241 240.5 8.51031 0.00369371
  242 241.5 14.6892 0.00637551
  243 242.5 20.5822 0.00893323
  244 243.5 24.8819 0.0107994
  245 244.5 28.099 0.0121958
  246 245.5 30.7934 0.0133652
  247 246.5 32.735 0.0142079
  248 247.5 33.9692 0.0147436
  249 248.5 34.892 0.0151441
  250 249.5 35.6957 0.0154929
  251 250.5 36.1669 0.0156974
  252 251.5 36.3849 0.0157921
  253 252.5 36.6786 0.0159195
  254 253.5 36.8801 0.016007
  255 254.5 36.9935 0.0160562
  256 255.5 36.9485 0.0160367
  257 256.5 37.1212 0.0161116
  258 257.5 37.1576 0.0161274
  259 258.5 37.1392 0.0161195
  260 259.5 37.1542 0.016126
  261 260.5 37.2716 0.0161769
  262 261.5 37.2576 0.0161708
  263 262.5 37.3065 0.0161921
  264 263.5 37.2969 0.0161879
  265 264.5 37.3251 0.0162001
  266 265.5 37.3069 0.0161922
  267 266.5 37.3131 0.0161949
  268 267.5 37.2895 0.0161847
  269 268.5 37.3915 0.0162289
  270 269.5 37.3482 0.0162102
  271 270.5 37.3969 0.0162313
  272 271.5 37.4578 0.0162577
  273 272.5 37.5051 0.0162783
  274 273.5 37.5067 0.0162789
  275 274.5 37.5087 0.0162798
  276 275.5 37.582 0.0163116
  277 276.5 37.5711 0.0163069
  278 277.5 37.5122 0.0162813
  279 278.5 37.5 0.016276
  280 279.5 37.5419 0.0162942
  281 280.5 37.4433 0.0162514
  282 281.5 37.3564 0.0162137
  283 282.5 37.3843 0.0162258
  284 283.5 37.4147 0.016239
  285 284.5 37.3796 0.0162238
  286 285.5 37.3249 0.0162
  287 286.5 37.3721 0.0162205
  288 287.5 37.2432 0.0161646
  289 288.5 37.2721 0.0161771
  290 289.5 37.1952 0.0161438
  291 290.5 37.1693 0.0161325
  292 291.5 37.1497 0.016124
  293 292.5 37.0596 0.0160849
  294 293.5 37.0532 0.0160821
  295 294.5 37.0692 0.0160891
  296 295.5 37.0443 0.0160782
  297 296.5 37.0335 0.0160735
  298 297.5 37.1102 0.0161069
  299 298.5 37.0951 0.0161003
  300 299.5 37.0627 0.0160862
  301 300.5 37.064 0.0160868
  302 301.5 37.0395 0.0160762
  303 302.5 37.0322 0.016073
  304 303.5 37.0427 0.0160776
  305 304.5 37.0404 0.0160766
  306 305.5 37.0106 0.0160636
  307 306.5 37.0448 0.0160785
  308 307.5 37.0867 0.0160967
  309 308.5 37.1532 0.0161255
  310 309.5 37.0454 0.0160787
  311 310.5 37.1456 0.0161222
  312 311.5 37.1738 0.0161345
  313 312.5 37.1296 0.0161153
  314 313.5 37.0896 0.0160979
  315 314.5 37.1451 0.016122
  316 315.5 37.236 0.0161615
  317 316.5 37.1795 0.0161369
  318 317.5 37.1333 0.0161169
  319 318.5 37.1954 0.0161438
  320 319.5 37.2209 0.0161549
  321 320.5 37.0567 0.0160836
  322 321.5 37.1196 0.0161109
  323 322.5 37.1913 0.0161421
  324 323.5 37.1144 0.0161087
  325 324.5 37.012 0.0160642
  326 325.5 37.2476 0.0161665
  327 326.5 37.1863 0.0161399
  328 327.5 37.0816 0.0160945
  329 328.5 37.2085 0.0161495
  330 329.5 37.2545 0.0161695
  331 330.5 37.0656 0.0160875
  332 331.5 37.1008 0.0161028
  333 332.5 37.1681 0.016132
  334 333.5 37.1489 0.0161237
  335 334.5 37.101 0.0161029
  336 335.5 37.0665 0.0160879
  337 336.5 37.1752 0.0161351
  338 337.5 37.052 0.0160816
  339 338.5 36.9545 0.0160393
  340 339.5 37.0023 0.01606
  341 340.5 37.0262 0.0160704
  342 341.5 36.8644 0.0160002
  343 342.5 36.8899 0.0160112
  344 343.5 37.0235 0.0160692
  345 344.5 36.8637 0.0159999
  346 345.5 36.8625 0.0159994
  347 346.5 36.9435 0.0160345
  348 347.5 36.9247 0.0160264
  349 348.5 36.7741 0.015961
  350 349.5 36.8711 0.0160031
  351 350.5 36.9259 0.0160269
  352 351.5 36.7608 0.0159552
  353 352.5 36.7958 0.0159704
  354 353.5 36.853 0.0159952
  355 354.5 36.8052 0.0159745
  356 355.5 36.7389 0.0159457
  357 356.5 36.842 0.0159905
  358 357.5 36.8988 0.0160151
  359 358.5 36.8062 0.0159749
  360 359.5 36.781 0.015964
  361 360.5 36.8373 0.0159884
  362 361.5 36.8291 0.0159849
  363 362.5 36.7183 0.0159368
  364 363.5 36.7745 0.0159611
  365 364.5 36.7276 0.0159408
  366 365.5 36.6982 0.0159281
  367 366.5 36.7001 0.0159288
  368 367.5 36.7322 0.0159428
  369 368.5 36.6773 0.0159189
  370 369.5 36.6441 0.0159046
  371 370.5 36.6876 0.0159234
  372 371.5 36.708 0.0159323
  373 372.5 36.5989 0.015885
  374 373.5 36.6073 0.0158886
  375 374.5 36.662 0.0159123
  376 375.5 36.6409 0.0159032
  377 376.5 36.5612 0.0158686
  378 377.5 36.641 0.0159032
  379 378.5 36.6537 0.0159087
  380 379.5 36.5728 0.0158736
  381 380.5 36.5978 0.0158844
  382 381.5 36.6132 0.0158911
  383 382.5 36.5163 0.0158491
  384 383.5 36.4082 0.0158022
  385 384.5 36.3621 0.0157821
  386 385.5 36.3402 0.0157726
  387 386.5 36.188 0.0157066
  388 387.5 35.8961 0.0155799
  389 388.5 35.7838 0.0155312
  390 389.5 35.5129 0.0154136
  391 390.5 34.915 0.0151541
  392 391.5 34.1483 0.0148213
  393 392.5 33.3805 0.0144881
  394 393.5 32.0752 0.0139215
  395 394.5 30.4637 0.0132221
  396 395.5 28.5834 0.012406
  397 396.5 26.3504 0.0114368
  398 397.5 23.708 0.0102899
  399 398.5 20.9642 0.00909904
  400 399.5 18.1442 0.0078751
  401 400.5 15.3569 0.00666534
  402 401.5 12.8502 0.00557736
  403 402.5 10.7451 0.00466365
  404 403.5 8.88818 0.00385772
  405 404.5 7.32282 0.00317831
  406 405.5 6.14368 0.00266653
  407 406.5 5.26407 0.00228475
  408 407.5 4.60453 0.00199849
  409 408.5 4.13933 0.00179658
  410 409.5 3.80474 0.00165136
  411 410.5 3.56869 0.00154891
  412 411.5 3.38948 0.00147113
  413 412.5 3.31293 0.0014379
  414 413.5 3.26535 0.00141725
  415 414.5 3.2205 0.00139779
  416 415.5 3.19169 0.00138528
  417 416.5 3.18355 0.00138175
  418 417.5 3.16154 0.0013722
  419 418.5 3.17881 0.00137969
  420 419.5 3.22509 0.00139978
  421 420.5 3.22759 0.00140087
  422 421.5 3.20562 0.00139133
  423 422.5 3.18699 0.00138324
  424 423.5 3.22735 0.00140076
  425 424.5 3.23031 0.00140205
  426 425.5 3.19395 0.00138626
  427 426.5 3.14073 0.00136316
  428 427.5 3.09855 0.00134486
  429 428.5 3.10012 0.00134554
  430 429.5 3.12347 0.00135567
  431 430.5 3.16595 0.00137411
  432 431.5 3.19846 0.00138822
  433 432.5 3.21831 0.00139684
  434 433.5 3.2524 0.00141163
  435 434.5 3.30479 0.00143437
  436 435.5 3.3474 0.00145286
  437 436.5 3.37956 0.00146682
  438 437.5 3.4097 0.0014799
  439 438.5 3.41006 0.00148006
  440 439.5 3.44402 0.0014948
  441 440.5 3.46699 0.00150477
  442 441.5 3.47154 0.00150674
  443 442.5 3.48847 0.00151409
  444 443.5 3.50584 0.00152163
  445 444.5 3.49321 0.00151615
  446 445.5 3.52108 0.00152824
  447 446.5 3.55463 0.00154281
  448 447.5 3.55414 0.0015426
  449 448.5 3.55126 0.00154134
  450 449.5 3.5198 0.00152769
  451 450.5 3.53077 0.00153245
  452 451.5 3.56641 0.00154792
  453 452.5 3.54565 0.00153891
  454 453.5 3.50293 0.00152037
  455 454.5 3.48078 0.00151076
  456 455.5 3.47729 0.00150924
  457 456.5 3.42819 0.00148793
  458 457.5 3.40627 0.00147841
  459 458.5 3.3789 0.00146653
  460 459.5 3.37417 0.00146448
  461 460.5 3.40478 0.00147777
  462 461.5 3.43039 0.00148888
  463 462.5 3.42627 0.0014871
  464 463.5 3.39337 0.00147282
  465 464.5 3.37573 0.00146516
  466 465.5 3.37607 0.00146531
  467 466.5 3.36809 0.00146184
  468 467.5 3.33525 0.00144759
  469 468.5 3.33189 0.00144613
  470 469.5 3.28259 0.00142474
  471 470.5 3.25831 0.0014142
  472 471.5 3.21942 0.00139732
  473 472.5 3.18631 0.00138295
  474 473.5 3.17336 0.00137733
  475 474.5 3.17973 0.00138009
  476 475.5 3.19849 0.00138823
  477 476.5 3.19034 0.0013847
  478 477.5 3.16918 0.00137551
  479 478.5 3.13243 0.00135956
  480 479.5 3.10688 0.00134847
40000000 480 6299
  1 0.5 3.19777 0.00138792
  2 1.5 3.18026 0.00138032
  3 2.5 3.14454 0.00136482
  4 3.5 3.15079 0.00136753
  5 4.5 3.11495 0.00135198
  6 5.5 3.07845 0.00133613
  7 6.5 3.05271 0.00132496
  8 7.5 3.00709 0.00130516
  9 8.5 2.99554 0.00130015
  10 9.5 3.00771 0.00130543
  11 10.5 3.02988 0.00131505
  12 11.5 3.00798 0.00130555
  13 12.5 3.00555 0.00130449
  14 13.5 3.03063 0.00131538
  15 14.5 3.07963 0.00133665
  16 15.5 3.09635 0.0013439
  17 16.5 3.11104 0.00135028
  18 17.5 3.11323 0.00135123
  19 18.5 3.12576 0.00135667
  20 19.5 3.10691 0.00134849
  21 20.5 3.09148 0.00134179
  22 21.5 3.03855 0.00131882
  23 22.5 3.02068 0.00131106
  24 23.5 3.02605 0.00131339
  25 24.5 3.02363 0.00131234
  26 25.5 3.02063 0.00131104
  27 26.5 3.0186 0.00131015
  28 27.5 3.01263 0.00130756
  29 28.5 3.00077 0.00130242
  30 29.5 2.99907 0.00130168
  31 30.5 3.00898 0.00130598
  32 31.5 2.95762 0.00128369
  33 32.5 2.93394 0.00127341
  34 33.5 2.9196 0.00126719
  35 34.5 2.92093 0.00126777
  36 35.5 2.92123 0.0012679
  37 36.5 2.95151 0.00128104
  38 37.5 2.94645 0.00127884
  39 38.5 2.89125 0.00125488
  40 39.5 2.91152 0.00126368
  41 40.5 2.93126 0.00127225
  42 41.5 2.90032 0.00125882
  43 42.5 2.87959 0.00124982
  44 43.5 2.89829 0.00125794
  45 44.5 2.90738 0.00126188
  46 45.5 2.90766 0.001262
  47 46.5 2.94966 0.00128024
  48 47.5 2.95721 0.00128351
  49 48.5 2.95092 0.00128078
  50 49.5 2.9418 0.00127682
  51 50.5 2.93883 0.00127553
  52 51.5 2.94687 0.00127903
  53 52.5 2.98731 0.00129658
  54 53.5 2.97633 0.00129181
  55 54.5 2.94942 0.00128013
  56 55.5 2.93934 0.00127576
  57 56.5 2.93111 0.00127218
  58 57.5 2.9014 0.00125929
  59 58.5 2.89454 0.00125631
  60 59.5 2.92334 0.00126881
  61 60.5 2.95888 0.00128423
  62 61.5 2.98061 0.00129367
  63 62.5 3.01605 0.00130905
  64 63.5 3.07793 0.00133591
  65 64.5 3.12837 0.0013578
  66 65.5 3.16108 0.001372
  67 66.5 3.21639 0.001396
  68 67.5 3.29218 0.0014289
  69 68.5 3.40689 0.00147869
  70 69.5 3.58305 0.00155514
  71 70.5 3.77828 0.00163988
  72 71.5 4.04723 0.00175661
  73 72.5 4.40818 0.00191327
  74 73.5 4.78903 0.00207857
  75 74.5 5.13745 0.0022298
  76 75.5 5.48664 0.00238136
  77 76.5 5.5272 0.00239896
  78 77.5 4.86955 0.00211352
  79 78.5 3.59051 0.00155838
  80 79.5 2.13572 0.00092696
  81 80.5 1.03165 0.000447766
  82 81.5 0.41784 0.000181354
  83 82.5 0.151034 6.5553e-05
  84 83.5 0.053638 2.32804e-05
  85 84.5 0.02318 1.00608e-05
  86 85.5 0.012944 5.61806e-06
  87 86.5 0.009712 4.21528e-06
  88 87.5 0.008208 3.5625e-06
  89 88.5 0.008084 3.50868e-06
  90 89.5 0.007722 3.35156e-06
  91 90.5 0.007808 3.38889e-06
  92 91.5 0.008162 3.54253e-06
  93 92.5 0.008374 3.63455e-06
  94 93.5 0.008018 3.48003e-06
  95 94.5 0.00712 3.09028e-06
  96 95.5 0.006618 2.8724e-06
  97 96.5 0.006854 2.97483e-06
  98 97.5 0.006776 2.94097e-06
  99 98.5 0.007002 3.03906e-06
  100 99.5 0.007018 3.04601e-06
  101 100.5 0.007154 3.10503e-06
  102 101.5 0.007178 3.11545e-06
  103 102.5 0.007234 3.13976e-06
  104 103.5 0.007276 3.15799e-06
  105 104.5 0.007148 3.10243e-06
  106 105.5 0.007194 3.1224e-06
  107 106.5 0.006988 3.03299e-06
  108 107.5 0.00703 3.05122e-06
  109 108.5 0.007036 3.05382e-06
  110 109.5 0.00707 3.06858e-06
  111 110.5 0.007204 3.12674e-06
  112 111.5 0.008042 3.49045e-06
  113 112.5 0.006872 2.98264e-06
  114 113.5 0.006744 2.92708e-06
  115 114.5 0.006704 2.90972e-06
  116 115.5 0.006728 2.92014e-06
  117 116.5 0.006538 2.83767e-06
  118 117.5 0.006408 2.78125e-06
  119 118.5 0.006406 2.78038e-06
  120 119.5 0.006434 2.79253e-06
  121 120.5 0.006374 2.76649e-06
  122 121.5 0.006376 2.76736e-06
  123 122.5 0.006412 2.78299e-06
  124 123.5 0.006416 2.78472e-06
  125 124.5 0.00637 2.76476e-06
  126 125.5 0.006346 2.75434e-06
  127 126.5 0.006278 2.72483e-06
  128 127.5 0.006378 2.76823e-06
  129 128.5 0.006446 2.79774e-06
  130 129.5 0.006434 2.79253e-06
  131 130.5 0.006258 2.71615e-06
  132 131.5 0.006046 2.62413e-06
  133 132.5 0.005966 2.58941e-06
  134 133.5 0.005978 2.59462e-06
  135 134.5 0.0061 2.64757e-06
  136 135.5 0.006068 2.63368e-06
  137 136.5 0.006026 2.61545e-06
  138 137.5 0.005988 2.59896e-06
  139 138.5 0.005958 2.58594e-06
  140 139.5 0.005924 2.57118e-06
  141 140.5 0.005904 2.5625e-06
  142 141.5 0.005952 2.58333e-06
  143 142.5 0.005918 2.56858e-06
  144 143.5 0.005984 2.59722e-06
  145 144.5 0.005944 2.57986e-06
  146 145.5 0.006066 2.63281e-06
  147 146.5 0.00668 2.89931e-06
  148 147.5 0.006198 2.6901e-06
  149 148.5 0.006384 2.77083e-06
  150 149.5 0.006438 2.79427e-06
  151 150.5 0.006436 2.7934e-06
  152 151.5 0.006628 2.87674e-06
  153 152.5 0.006938 3.01128e-06
  154 153.5 0.00707 3.06858e-06
  155 154.5 0.007388 3.2066e-06
  156 155.5 0.006928 3.00694e-06
  157 156.5 0.00676 2.93403e-06
  158 157.5 0.006648 2.88542e-06
  159 158.5 0.006618 2.8724e-06
  160 159.5 0.006862 2.9783e-06
  161 160.5 0.006902 2.99566e-06
  162 161.5 0.00695 3.01649e-06
  163 162.5 0.007216 3.13194e-06
  164 163.5 0.006588 2.85938e-06
  165 164.5 0.006348 2.75521e-06
  166 165.5 0.006352 2.75694e-06
  167 166.5 0.006336 2.75e-06
  168 167.5 0.006316 2.74132e-06
  169 168.5 0.00624 2.70833e-06
  170 169.5 0.006208 2.69444e-06
  171 170.5 0.006316 2.74132e-06
  172 171.5 0.006234 2.70573e-06
  173 172.5 0.006308 2.73785e-06
  174 173.5 0.006702 2.90885e-06
  175 174.5 0.006626 2.87587e-06
  176 175.5 0.006588 2.85938e-06
  177 176.5 0.006578 2.85503e-06
  178 177.5 0.006552 2.84375e-06
  179 178.5 0.006578 2.85503e-06
  180 179.5 0.006612 2.86979e-06
  181 180.5 0.006612 2.86979e-06
  182 181.5 0.006642 2.88281e-06
  183 182.5 0.006614 2.87066e-06
  184 183.5 0.006552 2.84375e-06
  185 184.5 0.006432 2.79167e-06
  186 185.5 0.006408 2.78125e-06
  187 186.5 0.00643 2.7908e-06
  188 187.5 0.006512 2.82639e-06
  189 188.5 0.006618 2.8724e-06
  190 189.5 0.006668 2.8941e-06
  191 190.5 0.006748 2.92882e-06
  192 191.5 0.006814 2.95747e-06
  193 192.5 0.006792 2.94792e-06
  194 193.5 0.00674 2.92535e-06
  195 194.5 0.006492 2.81771e-06
  196 195.5 0.00714 3.09896e-06
  197 196.5 0.006972 3.02604e-06
  198 197.5 0.006942 3.01302e-06
  199 198.5 0.006894 2.99219e-06
  200 199.5 0.006876 2.98438e-06
  201 200.5 0.00646 2.80382e-06
  202 201.5 0.006242 2.7092e-06
  203 202.5 0.006246 2.71094e-06
  204 203.5 0.006344 2.75347e-06
  205 204.5 0.006566 2.84983e-06
  206 205.5 0.006764 2.93576e-06
  207 206.5 0.007074 3.07031e-06
  208 207.5 0.007052 3.06076e-06
  209 208.5 0.006766 2.93663e-06
  210 209.5 0.006748 2.92882e-06
  211 210.5 0.006734 2.92274e-06
  212 211.5 0.006754 2.93142e-06
  213 212.5 0.006744 2.92708e-06
  214 213.5 0.00692 3.00347e-06
  215 214.5 0.006684 2.90104e-06
  216 215.5 0.006346 2.75434e-06
  217 216.5 0.00634 2.75174e-06
  218 217.5 0.00638 2.7691e-06
  219 218.5 0.006552 2.84375e-06
  220 219.5 0.006502 2.82205e-06
  221 220.5 0.006412 2.78299e-06
  222 221.5 0.006388 2.77257e-06
  223 222.5 0.006332 2.74826e-06
  224 223.5 0.006876 2.98438e-06
  225 224.5 0.007372 3.19965e-06
  226 225.5 0.007476 3.24479e-06
  227 226.5 0.007752 3.36458e-06
  228 227.5 0.007344 3.1875e-06
  229 228.5 0.007192 3.12153e-06
  230 229.5 0.007502 3.25608e-06
  231 230.5 0.007694 3.33941e-06
  232 231.5 0.007898 3.42795e-06
  233 232.5 0.008982 3.89844e-06
  234 233.5 0.011854 5.14497e-06
  235 234.5 0.021476 9.32118e-06
  236 235.5 0.050184 2.17813e-05
  237 236.5 0.14843 6.44227e-05
  238 237.5 0.48498 0.000210495
  239 238.5 1.48559 0.000644788
  240 239.5 3.86335 0.0016768
  241 240.5 8.19047 0.00355489
  242 241.5 13.9844 0.00606961
  243 242.5 19.6281 0.00851912
  244 243.5 23.8811 0.0103651
  245 244.5 27.0473 0.0117393
  246 245.5 29.8041 0.0129358
  247 246.5 31.8806 0.013837
  248 247.5 33.1177 0.014374
  249 248.5 34.202 0.0148446
  250 249.5 35.1587 0.0152598
  251 250.5 35.6484 0.0154724
  252 251.5 35.8848 0.015575
  253 252.5 36.3518 0.0157777
  254 253.5 36.5485 0.0158631
  255 254.5 36.6608 0.0159118
  256 255.5 36.7105 0.0159334
  257 256.5 36.9124 0.016021
  258 257.5 36.8939 0.016013
  259 258.5 36.8955 0.0160137
  260 259.5 36.9361 0.0160313
  261 260.5 36.9275 0.0160276
  262 261.5 36.9415 0.0160336
  263 262.5 36.876 0.0160052
  264 263.5 37.0087 0.0160628
  265 264.5 37.0292 0.0160717
  266 265.5 36.9692 0.0160456
  267 266.5 36.9561 0.01604
  268 267.5 36.9767 0.0160489
  269 268.5 36.9838 0.016052
  270 269.5 36.9368 0.0160316
  271 270.5 36.9534 0.0160388
  272 271.5 37.0305 0.0160723
  273 272.5 37.0464 0.0160792
  274 273.5 37.0749 0.0160915
  275 274.5 37.152 0.016125
  276 275.5 37.1596 0.0161283
  277 276.5 37.1329 0.0161167
  278 277.5 37.1632 0.0161298
  279 278.5 37.1358 0.016118
  280 279.5 37.1348 0.0161175
  281 280.5 37.1537 0.0161257
  282 281.5 37.1716 0.0161335
  283 282.5 37.1604 0.0161286
  284 283.5 37.1541 0.0161259
  285 284.5 37.1363 0.0161182
  286 285.5 37.0848 0.0160958
  287 286.5 37.0974 0.0161013
  288 287.5 37.1024 0.0161035
  289 288.5 37.117 0.0161098
  290 289.5 37.0679 0.0160885
  291 290.5 37.0223 0.0160687
  292 291.5 37.0211 0.0160682
  293 292.5 37.0585 0.0160844
  294 293.5 37.0204 0.0160679
  295 294.5 37.0118 0.0160642
  296 295.5 37.1033 0.0161039
  297 296.5 37.1206 0.0161114
  298 297.5 37.0598 0.016085
  299 298.5 37.0582 0.0160843
  300 299.5 37.1243 0.016113
  301 300.5 37.0236 0.0160693
  302 301.5 36.9158 0.0160225
  303 302.5 37.0002 0.0160591
  304 303.5 36.9916 0.0160554
  305 304.5 36.9431 0.0160343
  306 305.5 36.9037 0.0160172
  307 306.5 36.9276 0.0160276
  308 307.5 36.9269 0.0160273
  309 308.5 36.8664 0.016001
  310 309.5 36.8635 0.0159998
  311 310.5 36.825 0.0159831
  312 311.5 36.8128 0.0159778
  313 312.5 36.6798 0.01592
  314 313.5 36.7947 0.0159699
  315 314.5 36.7956 0.0159703
  316 315.5 36.7301 0.0159419
  317 316.5 36.8016 0.0159729
  318 317.5 36.8668 0.0160012
  319 318.5 36.779 0.0159631
  320 319.5 36.7314 0.0159424
  321 320.5 36.8084 0.0159759
  322 321.5 36.7508 0.0159509
  323 322.5 36.7049 0.015931
  324 323.5 36.7715 0.0159598
  325 324.5 36.8005 0.0159724
  326 325.5 36.7073 0.015932
  327 326.5 36.703 0.0159301
  328 327.5 36.7864 0.0159663
  329 328.5 36.7368 0.0159448
  330 329.5 36.6319 0.0158993
  331 330.5 36.7217 0.0159382
  332 331.5 36.7433 0.0159476
  333 332.5 36.6786 0.0159195
  334 333.5 36.712 0.015934
  335 334.5 36.8139 0.0159782
  336 335.5 36.7256 0.0159399
  337 336.5 36.7665 0.0159577
  338 337.5 36.79 0.0159679
  339 338.5 36.8359 0.0159878
  340 339.5 36.7926 0.015969
  341 340.5 36.7878 0.0159669
  342 341.5 36.7863 0.0159663
  343 342.5 36.779 0.0159631
  344 343.5 36.7212 0.015938
  345 344.5 36.75 0.0159505
  346 345.5 36.7838 0.0159652
  347 346.5 36.7774 0.0159624
  348 347.5 36.8544 0.0159958
  349 348.5 36.8874 0.0160101
  350 349.5 36.7818 0.0159643
  351 350.5 36.8012 0.0159727
  352 351.5 36.9055 0.016018
  353 352.5 36.8094 0.0159763
  354 353.5 36.8206 0.0159811
  355 354.5 36.878 0.0160061
  356 355.5 36.961 0.0160421
  357 356.5 36.8648 0.0160003
  358 357.5 36.9266 0.0160272
  359 358.5 37.0467 0.0160793
  360 359.5 36.9629 0.0160429
  361 360.5 36.9553 0.0160396
  362 361.5 37.0112 0.0160639
  363 362.5 36.9831 0.0160517
  364 363.5 36.9503 0.0160375
  365 364.5 36.9793 0.0160501
  366 365.5 36.9508 0.0160377
  367 366.5 36.9554 0.0160397
  368 367.5 36.9733 0.0160474
  369 368.5 36.9688 0.0160455
  370 369.5 36.99 0.0160547
  371 370.5 36.9876 0.0160537
  372 371.5 37.0335 0.0160736
  373 372.5 37.0328 0.0160732
  374 373.5 36.9716 0.0160467
  375 374.5 37.0698 0.0160893
  376 375.5 36.9993 0.0160587
  377 376.5 36.9794 0.0160501
  378 377.5 36.9953 0.016057
  379 378.5 37.0235 0.0160692
  380 379.5 36.8961 0.0160139
  381 380.5 36.8727 0.0160038
  382 381.5 36.9242 0.0160261
  383 382.5 36.7543 0.0159524
  384 383.5 36.6291 0.0158981
  385 384.5 36.6486 0.0159065
  386 385.5 36.5175 0.0158496
  387 386.5 36.3092 0.0157592
  388 387.5 36.2203 0.0157206
  389 388.5 35.9925 0.0156217
  390 389.5 35.6226 0.0154612
  391 390.5 35.3063 0.0153239
  392 391.5 34.8464 0.0151243
  393 392.5 34.0716 0.014788
  394 393.5 33.0871 0.0143607
  395 394.5 31.9555 0.0138696
  396 395.5 30.4376 0.0132108
  397 396.5 28.5324 0.0123839
  398 397.5 26.4764 0.0114915
  399 398.5 24.0752 0.0104493
  400 399.5 21.4601 0.00931426
  401 400.5 18.7429 0.00813494
  402 401.5 16.0508 0.00696648
  403 402.5 13.4739 0.00584805
  404 403.5 11.2547 0.00488485
  405 404.5 9.30228 0.00403745
  406 405.5 7.74828 0.00336297
  407 406.5 6.49727 0.00281999
  408 407.5 5.57677 0.00242047
  409 408.5 4.89552 0.00212479
  410 409.5 4.36483 0.00189446
  411 410.5 3.95448 0.00171636
  412 411.5 3.66519 0.0015908
  413 412.5 3.48811 0.00151394
  414 413.5 3.3429 0.00145091
  415 414.5 3.24285 0.00140749
  416 415.5 3.1689 0.00137539
  417 416.5 3.10282 0.00134671
  418 417.5 3.04388 0.00132113
  419 418.5 3.05449 0.00132573
  420 419.5 3.05048 0.00132399
  421 420.5 3.03131 0.00131567
  422 421.5 3.0337 0.00131671
  423 422.5 3.02216 0.0013117
  424 423.5 3.00152 0.00130274
  425 424.5 3.03062 0.00131537
  426 425.5 3.05423 0.00132562
  427 426.5 3.02081 0.00131112
  428 427.5 3.02859 0.00131449
  429 428.5 3.02654 0.0013136
  430 429.5 3.07659 0.00133533
  431 430.5 3.07259 0.00133359
  432 431.5 3.0919 0.00134197
  433 432.5 3.11512 0.00135205
  434 433.5 3.12889 0.00135803
  435 434.5 3.11849 0.00135351
  436 435.5 3.16086 0.0013719
  437 436.5 3.1427 0.00136402
  438 437.5 3.12867 0.00135793
  439 438.5 3.11722 0.00135296
  440 439.5 3.12595 0.00135675
  441 440.5 3.10778 0.00134886
  442 441.5 3.09625 0.00134386
  443 442.5 3.07179 0.00133324
  444 443.5 3.02166 0.00131148
  445 444.5 3.01482 0.00130852
  446 445.5 2.97536 0.00129139
  447 446.5 2.98755 0.00129668
  448 447.5 3.0168 0.00130938
  449 448.5 3.02337 0.00131223
  450 449.5 3.04376 0.00132108
  451 450.5 3.04205 0.00132033
  452 451.5 3.0246 0.00131276
  453 452.5 3.00103 0.00130253
  454 453.5 2.97789 0.00129249
  455 454.5 3.01484 0.00130853
  456 455.5 3.00976 0.00130632
  457 456.5 3.00498 0.00130425
  458 457.5 2.98897 0.0012973
  459 458.5 2.99619 0.00130043
  460 459.5 3.01951 0.00131055
  461 460.5 2.99151 0.0012984
  462 461.5 2.99746 0.00130098
  463 462.5 3.04826 0.00132303
  464 463.5 3.08119 0.00133732
  465 464.5 3.11032 0.00134997
  466 465.5 3.13924 0.00136252
  467 466.5 3.16424 0.00137337
  468 467.5 3.17978 0.00138011
  469 468.5 3.18574 0.0013827
  470 469.5 3.20529 0.00139119
  471 470.5 3.23793 0.00140535
  472 471.5 3.25307 0.00141192
  473 472.5 3.2785 0.00142296
  474 473.5 3.29108 0.00142842
  475 474.5 3.29432 0.00142983
  476 475.5 3.25648 0.0014134
  477 476.5 3.21953 0.00139737
  478 477.5 3.19167 0.00138527
  479 478.5 3.20895 0.00139277
  480 479.5 3.20741 0.00139211
50000000 480 6299
  1 0.5 2.97949 0.00129318
  2 1.5 2.92696 0.00127038
  3 2.5 2.92581 0.00126988
  4 3.5 2.95052 0.00128061
  5 4.5 2.98893 0.00129728
  6 5.5 3.04375 0.00132107
  7 6.5 3.08515 0.00133904
  8 7.5 3.12809 0.00135768
  9 8.5 3.15509 0.0013694
  10 9.5 3.15416 0.00136899
  11 10.5 3.15004 0.00136721
  12 11.5 3.19383 0.00138621
  13 12.5 3.18691 0.00138321
  14 13.5 3.18652 0.00138304
  15 14.5 3.16754 0.0013748
  16 15.5 3.12731 0.00135734
  17 16.5 3.06774 0.00133148
  18 17.5 3.06349 0.00132964
  19 18.5 3.03697 0.00131813
  20 19.5 3.03412 0.00131689
  21 20.5 3.06139 0.00132873
  22 21.5 3.10335 0.00134694
  23 22.5 3.09142 0.00134176
  24 23.5 3.11037 0.00134999
  25 24.5 3.12117 0.00135468
  26 25.5 3.08206 0.0013377
  27 26.5 3.05606 0.00132641
  28 27.5 3.09074 0.00134147
  29 28.5 3.08061 0.00133707
  30 29.5 3.08029 0.00133693
  31 30.5 3.06278 0.00132933
  32 31.5 3.06585 0.00133067
  33 32.5 3.03852 0.0013188
  34 33.5 3.00915 0.00130605
  35 34.5 3.00318 0.00130346
  36 35.5 2.97985 0.00129334
  37 36.5 2.93622 0.0012744
  38 37.5 2.90874 0.00126247
  39 38.5 2.90353 0.00126021
  40 39.5 2.87162 0.00124636
  41 40.5 2.84119 0.00123316
  42 41.5 2.87747 0.0012489
  43 42.5 2.87286 0.0012469
  44 43.5 2.8513 0.00123755
  45 44.5 2.87127 0.00124621
  46 45.5 2.88968 0.0012542
  47 46.5 2.90943 0.00126278
  48 47.5 2.90602 0.00126129
  49 48.5 2.89054 0.00125457
  50 49.5 2.86445 0.00124325
  51 50.5 2.84831 0.00123625
  52 51.5 2.84474 0.00123469
  53 52.5 2.82379 0.0012256
  54 53.5 2.82679 0.00122691
  55 54.5 2.85547 0.00123936
  56 55.5 2.86464 0.00124334
  57 56.5 2.86557 0.00124374
  58 57.5 2.88519 0.00125225
  59 58.5 2.92986 0.00127164
  60 59.5 2.92892 0.00127123
  61 60.5 2.89408 0.00125611
  62 61.5 2.90337 0.00126014
  63 62.5 2.92877 0.00127117
  64 63.5 2.95166 0.0012811
  65 64.5 2.98603 0.00129602
  66 65.5 3.01336 0.00130788
  67 66.5 3.09372 0.00134276
  68 67.5 3.2007 0.00138919
  69 68.5 3.37711 0.00146576
  70 69.5 3.54675 0.00153939
  71 70.5 3.7483 0.00162687
  72 71.5 4.03075 0.00174946
  73 72.5 4.4083 0.00191333
  74 73.5 4.75885 0.00206547
  75 74.5 5.08888 0.00220871
  76 75.5 5.25107 0.00227911
  77 76.5 4.94044 0.00214429
  78 77.5 3.9027 0.00169388
  79 78.5 2.52191 0.00109458
  80 79.5 1.32213 0.000573843
  81 80.5 0.564508 0.000245012
  82 81.5 0.209944 9.11215e-05
  83 82.5 0.076172 3.30608e-05
  84 83.5 0.030902 1.34123e-05
  85 84.5 0.016178 7.0217e-06
  86 85.5 0.011218 4.86892e-06
  87 86.5 0.00951 4.1276e-06
  88 87.5 0.008618 3.74045e-06
  89 88.5 0.007738 3.35851e-06
  90 89.5 0.007338 3.1849e-06
  91 90.5 0.007228 3.13715e-06
  92 91.5 0.006958 3.01997e-06
  93 92.5 0.00695 3.01649e-06
  94 93.5 0.00683 2.96441e-06
  95 94.5 0.007056 3.0625e-06
  96 95.5 0.00713 3.09462e-06
  97 96.5 0.006852 2.97396e-06
  98 97.5 0.007084 3.07465e-06
  99 98.5 0.007144 3.10069e-06
  100 99.5 0.007218 3.13281e-06
  101 100.5 0.007314 3.17448e-06
  102 101.5 0.007488 3.25e-06
  103 102.5 0.007514 3.26128e-06
  104 103.5 0.007656 3.32292e-06
  105 104.5 0.007594 3.29601e-06
  106 105.5 0.007568 3.28472e-06
  107 106.5 0.007524 3.26563e-06
  108 107.5 0.007582 3.2908e-06
  109 108.5 0.007332 3.18229e-06
  110 109.5 0.00721 3.12934e-06
  111 110.5 0.007358 3.19358e-06
  112 111.5 0.007498 3.25434e-06
  113 112.5 0.00733 3.18142e-06
  114 113.5 0.007274 3.15712e-06
  115 114.5 0.007272 3.15625e-06
  116 115.5 0.007282 3.16059e-06
  117 116.5 0.007264 3.15278e-06
  118 117.5 0.007312 3.17361e-06
  119 118.5 0.007262 3.15191e-06
  120 119.5 0.007416 3.21875e-06
  121 120.5 0.007646 3.31858e-06
  122 121.5 0.007662 3.32552e-06
  123 122.5 0.007682 3.3342e-06
  124 123.5 0.007668 3.32813e-06
  125 124.5 0.007656 3.32292e-06
  126 125.5 0.007662 3.32552e-06
  127 126.5 0.007656 3.32292e-06
  128 127.5 0.007738 3.35851e-06
  129 128.5 0.008022 3.48177e-06
  130 129.5 0.00803 3.48524e-06
  131 130.5 0.008236 3.57465e-06
  132 131.5 0.008222 3.56858e-06
  133 132.5 0.00824 3.57639e-06
  134 133.5 0.008036 3.48785e-06
  135 134.5 0.008278 3.59288e-06
  136 135.5 0.007796 3.38368e-06
  137 136.5 0.007392 3.20833e-06
  138 137.5 0.007608 3.30208e-06
  139 138.5 0.007718 3.34983e-06
  140 139.5 0.007672 3.32986e-06
  141 140.5 0.007836 3.40104e-06
  142 141.5 0.007764 3.36979e-06
  143 142.5 0.00786 3.41146e-06
  144 143.5 0.008208 3.5625e-06
  145 144.5 0.009136 3.96528e-06
  146 145.5 0.008158 3.5408e-06
  147 146.5 0.008102 3.51649e-06
  148 147.5 0.008092 3.51215e-06
  149 148.5 0.007934 3.44358e-06
  150 149.5 0.007964 3.4566e-06
  151 150.5 0.008194 3.55642e-06
  152 151.5 0.008522 3.69878e-06
  153 152.5 0.008546 3.7092e-06
  154 153.5 0.008504 3.69097e-06
  155 154.5 0.008274 3.59115e-06
  156 155.5 0.008256 3.58333e-06
  157 156.5 0.008258 3.5842e-06
  158 157.5 0.007974 3.46094e-06
  159 158.5 0.007898 3.42795e-06
  160 159.5 0.007932 3.44271e-06
  161 160.5 0.00795 3.45052e-06
  162 161.5 0.008022 3.48177e-06
  163 162.5 0.007852 3.40799e-06
  164 163.5 0.007678 3.33247e-06
  165 164.5 0.00764 3.31597e-06
  166 165.5 0.007654 3.32205e-06
  167 166.5 0.007642 3.31684e-06
  168 167.5 0.007656 3.32292e-06
  169 168.5 0.007592 3.29514e-06
  170 169.5 0.00759 3.29427e-06
  171 170.5 0.007504 3.25694e-06
  172 171.5 0.007598 3.29774e-06
  173 172.5 0.007606 3.30122e-06
  174 173.5 0.00764 3.31597e-06
  175 174.5 0.00757 3.28559e-06
  176 175.5 0.007654 3.32205e-06
  177 176.5 0.007408 3.21528e-06
  178 177.5 0.007468 3.24132e-06
  179 178.5 0.007394 3.2092e-06
  180 179.5 0.007366 3.19705e-06
  181 180.5 0.007232 3.13889e-06
  182 181.5 0.007276 3.15799e-06
  183 182.5 0.00733 3.18142e-06
  184 183.5 0.007418 3.21962e-06
  185 184.5 0.007624 3.30903e-06
  186 185.5 0.007568 3.28472e-06
  187 186.5 0.007538 3.2717e-06
  188 187.5 0.007538 3.2717e-06
  189 188.5 0.007456 3.23611e-06
  190 189.5 0.007442 3.23003e-06
  191 190.5 0.00745 3.23351e-06
  192 191.5 0.007378 3.20226e-06
  193 192.5 0.00746 3.23785e-06
  194 193.5 0.00739 3.20747e-06
  195 194.5 0.00741 3.21615e-06
  196 195.5 0.007512 3.26042e-06
  197 196.5 0.007434 3.22656e-06
  198 197.5 0.00747 3.24219e-06
  199 198.5 0.008118 3.52344e-06
  200 199.5 0.007876 3.4184e-06
  201 200.5 0.00762 3.30729e-06
  202 201.5 0.007686 3.33594e-06
  203 202.5 0.007678 3.33247e-06
  204 203.5 0.007776 3.375e-06
  205 204.5 0.007664 3.32639e-06
  206 205.5 0.00764 3.31597e-06
  207 206.5 0.00743 3.22483e-06
  208 207.5 0.007346 3.18837e-06
  209 208.5 0.00737 3.19878e-06
  210 209.5 0.007494 3.2526e-06
  211 210.5 0.007444 3.2309e-06
  212 211.5 0.007532 3.2691e-06
  213 212.5 0.00814 3.53299e-06
  214 213.5 0.008172 3.54688e-06
  215 214.5 0.00774 3.35938e-06
  216 215.5 0.007412 3.21701e-06
  217 216.5 0.00744 3.22917e-06
  218 217.5 0.00751 3.25955e-06
  219 218.5 0.007642 3.31684e-06
  220 219.5 0.007886 3.42274e-06
  221 220.5 0.007668 3.32813e-06
  222 221.5 0.007244 3.1441e-06
  223 222.5 0.007172 3.11285e-06
  224 223.5 0.00719 3.12066e-06
  225 224.5 0.007698 3.34115e-06
  226 225.5 0.00864 3.75e-06
  227 226.5 0.008062 3.49913e-06
  228 227.5 0.007468 3.24132e-06
  229 228.5 0.007362 3.19531e-06
  230 229.5 0.007132 3.09549e-06
  231 230.5 0.007674 3.33073e-06
  232 231.5 0.009548 4.1441e-06
  233 232.5 0.011606 5.03733e-06
  234 233.5 0.018606 8.07552e-06
  235 234.5 0.041524 1.80226e-05
  236 235.5 0.116318 5.04852e-05
  237 236.5 0.360872 0.000156628
  238 237.5 1.10013 0.000477487
  239 238.5 2.91766 0.00126635
  240 239.5 6.41238 0.00278315
  241 240.5 11.5831 0.00502738
  242 241.5 17.2192 0.00747359
  243 242.5 21.8996 0.00950505
  244 243.5 25.4634 0.0110518
  245 244.5 28.3636 0.0123106
  246 245.5 30.7206 0.0133336
  247 246.5 32.3814 0.0140544
  248 247.5 33.6202 0.0145921
  249 248.5 34.4929 0.0149709
  250 249.5 35.2265 0.0152893
  251 250.5 35.6989 0.0154943
  252 251.5 35.9929 0.0156219
  253 252.5 36.2538 0.0157351
  254 253.5 36.458 0.0158238
  255 254.5 36.4512 0.0158208
  256 255.5 36.4748 0.0158311
  257 256.5 36.5015 0.0158427
  258 257.5 36.6118 0.0158905
  259 258.5 36.4054 0.015801
  260 259.5 36.5 0.015842
  261 260.5 36.5818 0.0158775
  262 261.5 36.5133 0.0158478
  263 262.5 36.5074 0.0158452
  264 263.5 36.623 0.0158954
  265 264.5 36.6588 0.0159109
  266 265.5 36.6068 0.0158884
  267 266.5 36.6681 0.015915
  268 267.5 36.7814 0.0159641
  269 268.5 36.7067 0.0159317
  270 269.5 36.8037 0.0159738
  271 270.5 36.799 0.0159718
  272 271.5 36.8023 0.0159732
  273 272.5 36.7583 0.0159541
  274 273.5 36.812 0.0159774
  275 274.5 36.7699 0.0159592
  276 275.5 36.6611 0.0159119
  277 276.5 36.7498 0.0159504
  278 277.5 36.6624 0.0159125
  279 278.5 36.6241 0.0158959
  280 279.5 36.6307 0.0158987
  281 280.5 36.6906 0.0159248
  282 281.5 36.6903 0.0159246
  283 282.5 36.6534 0.0159086
  284 283.5 36.7801 0.0159636
  285 284.5 36.7661 0.0159575
  286 285.5 36.7569 0.0159535
  287 286.5 36.7452 0.0159484
  288 287.5 36.7975 0.0159711
  289 288.5 36.7287 0.0159413
  290 289.5 36.6431 0.0159041
  291 290.5 36.6494 0.0159069
  292 291.5 36.6398 0.0159027
  293 292.5 36.5309 0.0158554
  294 293.5 36.5136 0.0158479
  295 294.5 36.6299 0.0158984
  296 295.5 36.5412 0.0158599
  297 296.5 36.4714 0.0158296
  298 297.5 36.5271 0.0158538
  299 298.5 36.5662 0.0158708
  300 299.5 36.51 0.0158464
  301 300.5 36.5394 0.0158591
  302 301.5 36.5828 0.0158779
  303 302.5 36.4939 0.0158394
  304 303.5 36.4468 0.0158189
  305 304.5 36.5975 0.0158843
  306 305.5 36.5138 0.015848
  307 306.5 36.4849 0.0158355
  308 307.5 36.4869 0.0158363
  309 308.5 36.5519 0.0158645
  310 309.5 36.5025 0.0158431
  311 310.5 36.4888 0.0158371
  312 311.5 36.5794 0.0158765
  313 312.5 36.6039 0.0158871
  314 313.5 36.528 0.0158542
  315 314.5 36.5204 0.0158509
  316 315.5 36.6018 0.0158862
  317 316.5 36.4742 0.0158308
  318 317.5 36.441 0.0158164
  319 318.5 36.4965 0.0158405
  320 319.5 36.4642 0.0158265
  321 320.5 36.4243 0.0158092
  322 321.5 36.5052 0.0158443
  323 322.5 36.5115 0.015847
  324 323.5 36.4315 0.0158123
  325 324.5 36.4991 0.0158416
  326 325.5 36.6033 0.0158868
  327 326.5 36.6484 0.0159064
  328 327.5 36.5674 0.0158712
  329 328.5 36.6103 0.0158899
  330 329.5 36.71 0.0159332
  331 330.5 36.6765 0.0159186
  332 331.5 36.5851 0.0158789
  333 332.5 36.7407 0.0159465
  334 333.5 36.7262 0.0159402
  335 334.5 36.6152 0.015892
  336 335.5 36.742 0.015947
  337 336.5 36.7423 0.0159472
  338 337.5 36.7287 0.0159413
  339 338.5 36.7242 0.0159393
  340 339.5 36.8936 0.0160129
  341 340.5 36.8488 0.0159934
  342 341.5 36.8428 0.0159908
  343 342.5 36.9673 0.0160448
  344 343.5 36.8635 0.0159998
  345 344.5 36.8297 0.0159851
  346 345.5 36.8483 0.0159932
  347 346.5 36.8411 0.0159901
  348 347.5 36.7318 0.0159426
  349 348.5 36.7579 0.015954
  350 349.5 36.7611 0.0159553
  351 350.5 36.76 0.0159549
  352 351.5 36.7515 0.0159512
  353 352.5 36.8321 0.0159861
  354 353.5 36.8374 0.0159885
  355 354.5 36.7301 0.0159419
  356 355.5 36.6966 0.0159274
  357 356.5 36.7378 0.0159452
  358 357.5 36.6508 0.0159074
  359 358.5 36.606 0.015888
  360 359.5 36.6348 0.0159005
  361 360.5 36.766 0.0159574
  362 361.5 36.6721 0.0159167
  363 362.5 36.6195 0.0158939
  364 363.5 36.6556 0.0159096
  365 364.5 36.6209 0.0158945
  366 365.5 36.5541 0.0158655
  367 366.5 36.4969 0.0158406
  368 367.5 36.4997 0.0158419
  369 368.5 36.4795 0.0158331
  370 369.5 36.467 0.0158277
  371 370.5 36.4301 0.0158117
  372 371.5 36.42 0.0158073
  373 372.5 36.4604 0.0158248
  374 373.5 36.5291 0.0158546
  375 374.5 36.5137 0.0158479
  376 375.5 36.5279 0.0158541
  377 376.5 36.5762 0.0158751
  378 377.5 36.6251 0.0158963
  379 378.5 36.6573 0.0159103
  380 379.5 36.6766 0.0159187
  381 380.5 36.6731 0.0159172
  382 381.5 36.7136 0.0159347
  383 382.5 36.7156 0.0159356
  384 383.5 36.7261 0.0159401
  385 384.5 36.7032 0.0159302
  386 385.5 36.7672 0.015958
  387 386.5 36.6826 0.0159213
  388 387.5 36.4944 0.0158396
  389 388.5 36.3732 0.015787
  390 389.5 36.0704 0.0156556
  391 390.5 35.6896 0.0154903
  392 391.5 35.2991 0.0153208
  393 392.5 34.7345 0.0150757
  394 393.5 33.869 0.0147001
  395 394.5 32.802 0.014237
  396 395.5 31.4007 0.0136288
  397 396.5 29.6742 0.0128794
  398 397.5 27.6185 0.0119872
  399 398.5 25.1929 0.0109344
  400 399.5 22.5475 0.00978624
  401 400.5 19.8574 0.00861868
  402 401.5 17.1728 0.00745345
  403 402.5 14.6349 0.00635194
  404 403.5 12.3154 0.00534525
  405 404.5 10.3235 0.00448068
  406 405.5 8.68387 0.00376904
  407 406.5 7.36284 0.00319568
  408 407.5 6.35438 0.00275798
  409 408.5 5.59799 0.00242968
  410 409.5 4.99504 0.00216798
  411 410.5 4.51797 0.00196092
  412 411.5 4.20045 0.00182311
  413 412.5 4.00419 0.00173793
  414 413.5 3.81921 0.00165764
  415 414.5 3.68577 0.00159973
  416 415.5 3.5876 0.00155712
  417 416.5 3.5679 0.00154857
  418 417.5 3.53165 0.00153284
  419 418.5 3.49367 0.00151635
  420 419.5 3.44634 0.00149581
  421 420.5 3.36893 0.00146221
  422 421.5 3.30273 0.00143348
  423 422.5 3.23828 0.0014055
  424 423.5 3.18458 0.0013822
  425 424.5 3.18509 0.00138242
  426 425.5 3.15581 0.00136971
  427 426.5 3.11895 0.00135371
  428 427.5 3.1188 0.00135365
  429 428.5 3.10349 0.001347
  430 429.5 3.1218 0.00135495
  431 430.5 3.1171 0.00135291
  432 431.5 3.12914 0.00135813
  433 432.5 3.12344 0.00135566
  434 433.5 3.11817 0.00135337
  435 434.5 3.14922 0.00136685
  436 435.5 3.15465 0.0013692
  437 436.5 3.1461 0.0013655
  438 437.5 3.12644 0.00135696
  439 438.5 3.16579 0.00137404
  440 439.5 3.20272 0.00139007
  441 440.5 3.17355 0.00137741
  442 441.5 3.14857 0.00136657
  443 442.5 3.16573 0.00137401
  444 443.5 3.17285 0.0013771
  445 444.5 3.19132 0.00138512
  446 445.5 3.18792 0.00138364
  447 446.5 3.1742 0.00137769
  448 447.5 3.17167 0.00137659
  449 448.5 3.16579 0.00137404
  450 449.5 3.15701 0.00137023
  451 450.5 3.14403 0.0013646
  452 451.5 3.12959 0.00135833
  453 452.5 3.11032 0.00134997
  454 453.5 3.07324 0.00133387
  455 454.5 3.01724 0.00130957
  456 455.5 3.01279 0.00130763
  457 456.5 2.97616 0.00129173
  458 457.5 2.94595 0.00127863
  459 458.5 2.93204 0.00127259
  460 459.5 2.9411 0.00127652
  461 460.5 2.93754 0.00127497
  462 461.5 2.95062 0.00128065
  463 462.5 2.97493 0.0012912
  464 463.5 2.97722 0.0012922
  465 464.5 2.95516 0.00128262
  466 465.5 2.9759 0.00129162
  467 466.5 3.01922 0.00131043
  468 467.5 2.97828 0.00129266
  469 468.5 2.9861 0.00129605
  470 469.5 3.01987 0.00131071
  471 470.5 3.03593 0.00131768
  472 471.5 2.98772 0.00129675
  473 472.5 2.98968 0.00129761
  474 473.5 2.99122 0.00129827
  475 474.5 2.95338 0.00128185
  476 475.5 2.94602 0.00127865
  477 476.5 2.95097 0.0012808
  478 477.5 2.96384 0.00128639
  479 478.5 2.96204 0.00128561
  480 479.5 2.95621 0.00128308
