# Chunk-averaged data for fix tensor2 and group c1
# Timestep Number-of-chunks Total-count
# Chunk Coord1 Ncount density/number
20000000 480 5290
  1 0.5 29.6804 0.0128821
  2 1.5 29.6938 0.0128879
  3 2.5 29.6989 0.0128902
  4 3.5 29.6443 0.0128665
  5 4.5 29.6575 0.0128722
  6 5.5 29.6673 0.0128764
  7 6.5 29.6338 0.0128619
  8 7.5 29.6444 0.0128665
  9 8.5 29.6791 0.0128815
  10 9.5 29.6689 0.0128771
  11 10.5 29.6234 0.0128574
  12 11.5 29.6204 0.0128561
  13 12.5 29.6713 0.0128782
  14 13.5 29.645 0.0128668
  15 14.5 29.6291 0.0128599
  16 15.5 29.6438 0.0128663
  17 16.5 29.6774 0.0128808
  18 17.5 29.6462 0.0128673
  19 18.5 29.6421 0.0128655
  20 19.5 29.6695 0.0128774
  21 20.5 29.6741 0.0128794
  22 21.5 29.6648 0.0128753
  23 22.5 29.6471 0.0128677
  24 23.5 29.6344 0.0128622
  25 24.5 29.6379 0.0128637
  26 25.5 29.6195 0.0128557
  27 26.5 29.6051 0.0128494
  28 27.5 29.6132 0.012853
  29 28.5 29.6283 0.0128595
  30 29.5 29.6134 0.012853
  31 30.5 29.6025 0.0128483
  32 31.5 29.6279 0.0128593
  33 32.5 29.6542 0.0128708
  34 33.5 29.6051 0.0128494
  35 34.5 29.5836 0.0128401
  36 35.5 29.5891 0.0128425
  37 36.5 29.5882 0.0128421
  38 37.5 29.5658 0.0128324
  39 38.5 29.5527 0.0128267
  40 39.5 29.5593 0.0128295
  41 40.5 29.5331 0.0128182
  42 41.5 29.5208 0.0128128
  43 42.5 29.5587 0.0128293
  44 43.5 29.5418 0.012822
  45 44.5 29.5435 0.0128227
  46 45.5 29.5342 0.0128186
  47 46.5 29.5377 0.0128202
  48 47.5 29.5279 0.0128159
  49 48.5 29.4749 0.0127929
  50 49.5 29.4542 0.012784
  51 50.5 29.4331 0.0127748
  52 51.5 29.3639 0.0127447
  53 52.5 29.259 0.0126992
  54 53.5 29.2211 0.0126828
  55 54.5 29.1249 0.012641
  56 55.5 29.0002 0.0125869
  57 56.5 28.8328 0.0125142
  58 57.5 28.6412 0.0124311
  59 58.5 28.383 0.012319
  60 59.5 28.0378 0.0121692
  61 60.5 27.5934 0.0119763
  62 61.5 26.9897 0.0117143
  63 62.5 26.2542 0.0113951
  64 63.5 25.2688 0.0109674
  65 64.5 24.0548 0.0104405
  66 65.5 22.5915 0.00980536
  67 66.5 20.7759 0.00901731
  68 67.5 18.722 0.00812586
  69 68.5 16.4899 0.00715707
  70 69.5 14.1292 0.00613245
  71 70.5 11.7401 0.00509552
  72 71.5 9.501 0.0041237
  73 72.5 7.49498 0.00325303
  74 73.5 5.77973 0.00250856
  75 74.5 4.39467 0.00190741
  76 75.5 3.33649 0.00144813
  77 76.5 2.55043 0.00110696
  78 77.5 1.998 0.000867186
  79 78.5 1.60453 0.000696411
  80 79.5 1.33055 0.000577496
  81 80.5 1.17085 0.00050818
  82 81.5 1.05777 0.000459102
  83 82.5 0.983424 0.000426833
  84 83.5 0.927702 0.000402648
  85 84.5 0.895064 0.000388483
  86 85.5 0.873988 0.000379335
  87 86.5 0.864714 0.00037531
  88 87.5 0.858156 0.000372464
  89 88.5 0.850102 0.000368968
  90 89.5 0.845232 0.000366854
  91 90.5 0.8384 0.000363889
  92 91.5 0.834066 0.000362008
  93 92.5 0.834596 0.000362238
  94 93.5 0.829518 0.000360034
  95 94.5 0.824826 0.000357997
  96 95.5 0.830698 0.000360546
  97 96.5 0.83341 0.000361723
  98 97.5 0.833166 0.000361617
  99 98.5 0.82961 0.000360074
  100 99.5 0.83276 0.000361441
  101 100.5 0.831254 0.000360787
  102 101.5 0.831546 0.000360914
  103 102.5 0.832072 0.000361142
  104 103.5 0.837048 0.000363302
  105 104.5 0.841234 0.000365119
  106 105.5 0.8382 0.000363802
  107 106.5 0.83884 0.00036408
  108 107.5 0.832884 0.000361495
  109 108.5 0.836026 0.000362859
  110 109.5 0.831914 0.000361074
  111 110.5 0.834038 0.000361996
  112 111.5 0.83189 0.000361063
  113 112.5 0.830352 0.000360396
  114 113.5 0.828204 0.000359464
  115 114.5 0.831072 0.000360708
  116 115.5 0.831814 0.00036103
  117 116.5 0.835254 0.000362523
  118 117.5 0.835662 0.000362701
  119 118.5 0.841944 0.000365427
  120 119.5 0.847354 0.000367775
  121 120.5 0.845032 0.000366767
  122 121.5 0.840308 0.000364717
  123 122.5 0.839624 0.00036442
  124 123.5 0.83742 0.000363464
  125 124.5 0.836298 0.000362977
  126 125.5 0.84015 0.000364648
  127 126.5 0.843912 0.000366281
  128 127.5 0.85041 0.000369102
  129 128.5 0.857912 0.000372358
  130 129.5 0.855318 0.000371232
  131 130.5 0.852084 0.000369828
  132 131.5 0.844624 0.00036659
  133 132.5 0.844036 0.000366335
  134 133.5 0.8461 0.000367231
  135 134.5 0.840142 0.000364645
  136 135.5 0.834504 0.000362198
  137 136.5 0.841034 0.000365032
  138 137.5 0.844144 0.000366382
  139 138.5 0.847662 0.000367909
  140 139.5 0.84502 0.000366762
  141 140.5 0.843576 0.000366135
  142 141.5 0.848022 0.000368065
  143 142.5 0.851426 0.000369543
  144 143.5 0.854026 0.000370671
  145 144.5 0.85315 0.000370291
  146 145.5 0.84491 0.000366714
  147 146.5 0.844804 0.000366668
  148 147.5 0.840342 0.000364732
  149 148.5 0.84401 0.000366324
  150 149.5 0.84507 0.000366784
  151 150.5 0.84527 0.000366871
  152 151.5 0.837566 0.000363527
  153 152.5 0.829218 0.000359904
  154 153.5 0.835322 0.000362553
  155 154.5 0.838294 0.000363843
  156 155.5 0.840704 0.000364889
  157 156.5 0.840556 0.000364825
  158 157.5 0.841798 0.000365364
  159 158.5 0.842938 0.000365859
  160 159.5 0.835942 0.000362822
  161 160.5 0.844264 0.000366434
  162 161.5 0.850588 0.000369179
  163 162.5 0.848626 0.000368327
  164 163.5 0.850756 0.000369252
  165 164.5 0.853978 0.00037065
  166 165.5 0.846922 0.000367588
  167 166.5 0.85225 0.0003699
  168 167.5 0.85024 0.000369028
  169 168.5 0.839348 0.0003643
  170 169.5 0.8385 0.000363932
  171 170.5 0.838982 0.000364141
  172 171.5 0.838226 0.000363813
  173 172.5 0.838706 0.000364022
  174 173.5 0.836946 0.000363258
  175 174.5 0.832542 0.000361346
  176 175.5 0.838634 0.00036399
  177 176.5 0.8393 0.00036428
  178 177.5 0.841426 0.000365202
  179 178.5 0.837814 0.000363635
  180 179.5 0.839572 0.000364398
  181 180.5 0.843696 0.000366187
  182 181.5 0.839386 0.000364317
  183 182.5 0.83866 0.000364002
  184 183.5 0.839304 0.000364281
  185 184.5 0.832092 0.000361151
  186 185.5 0.837436 0.00036347
  187 186.5 0.83451 0.000362201
  188 187.5 0.837688 0.00036358
  189 188.5 0.83176 0.000361007
  190 189.5 0.837876 0.000363661
  191 190.5 0.84091 0.000364978
  192 191.5 0.842806 0.000365801
  193 192.5 0.841748 0.000365342
  194 193.5 0.84002 0.000364592
  195 194.5 0.845182 0.000366832
  196 195.5 0.845286 0.000366878
  197 196.5 0.844264 0.000366434
  198 197.5 0.848074 0.000368088
  199 198.5 0.846698 0.00036749
  200 199.5 0.839602 0.000364411
  201 200.5 0.837734 0.0003636
  202 201.5 0.838102 0.00036376
  203 202.5 0.84519 0.000366836
  204 203.5 0.844568 0.000366566
  205 204.5 0.847872 0.000368
  206 205.5 0.846674 0.00036748
  207 206.5 0.855104 0.000371139
  208 207.5 0.862168 0.000374205
  209 208.5 0.88213 0.000382869
  210 209.5 0.899668 0.000390481
  211 210.5 0.933912 0.000405344
  212 211.5 0.975942 0.000423586
  213 212.5 1.04762 0.000454696
  214 213.5 1.14076 0.00049512
  215 214.5 1.28748 0.000558801
  216 215.5 1.52034 0.000659868
  217 216.5 1.8458 0.000801128
  218 217.5 2.3118 0.00100338
  219 218.5 2.94783 0.00127944
  220 219.5 3.80566 0.00165176
  221 220.5 4.87379 0.00211536
  222 221.5 6.13036 0.00266075
  223 222.5 7.51688 0.00326253
  224 223.5 8.94796 0.00388366
  225 224.5 10.2792 0.00446146
  226 225.5 11.3954 0.0049459
  227 226.5 12.1762 0.00528481
  228 227.5 12.4994 0.00542507
  229 228.5 12.3137 0.00534449
  230 229.5 11.7594 0.00510389
  231 230.5 10.8854 0.00472457
  232 231.5 9.78058 0.00424505
  233 232.5 8.61537 0.00373931
  234 233.5 7.49847 0.00325455
  235 234.5 6.44346 0.00279664
  236 235.5 5.52799 0.0023993
  237 236.5 4.78604 0.00207728
  238 237.5 4.16965 0.00180974
  239 238.5 3.67685 0.00159586
  240 239.5 3.31356 0.00143818
  241 240.5 3.02024 0.00131087
  242 241.5 2.79904 0.00121486
  243 242.5 2.63444 0.00114342
  244 243.5 2.52246 0.00109482
  245 244.5 2.43879 0.0010585
  246 245.5 2.38824 0.00103656
  247 246.5 2.34252 0.00101672
  248 247.5 2.30083 0.000998625
  249 248.5 2.28128 0.000990141
  250 249.5 2.26528 0.000983193
  251 250.5 2.25244 0.000977622
  252 251.5 2.25273 0.000977747
  253 252.5 2.2282 0.000967099
  254 253.5 2.20054 0.000955096
  255 254.5 2.19615 0.000953192
  256 255.5 2.17898 0.000945738
  257 256.5 2.16554 0.000939905
  258 257.5 2.16865 0.000941254
  259 258.5 2.17523 0.000944112
  260 259.5 2.17564 0.000944286
  261 260.5 2.16536 0.000939826
  262 261.5 2.17866 0.0009456
  263 262.5 2.17088 0.00094222
  264 263.5 2.16733 0.000940681
  265 264.5 2.17226 0.000942822
  266 265.5 2.17147 0.000942477
  267 266.5 2.17002 0.000941851
  268 267.5 2.16608 0.000940141
  269 268.5 2.1522 0.000934115
  270 269.5 2.16538 0.000939834
  271 270.5 2.19225 0.000951497
  272 271.5 2.20287 0.000956105
  273 272.5 2.19792 0.00095396
  274 273.5 2.20198 0.000955719
  275 274.5 2.20192 0.000955693
  276 275.5 2.19414 0.000952319
  277 276.5 2.19895 0.000954405
  278 277.5 2.20593 0.000957434
  279 278.5 2.21909 0.000963147
  280 279.5 2.21765 0.000962521
  281 280.5 2.23133 0.00096846
  282 281.5 2.23078 0.000968221
  283 282.5 2.24198 0.000973082
  284 283.5 2.2293 0.000967577
  285 284.5 2.22689 0.000966534
  286 285.5 2.22431 0.000965411
  287 286.5 2.22752 0.000966806
  288 287.5 2.24541 0.000974569
  289 288.5 2.25193 0.000977401
  290 289.5 2.22178 0.000964313
  291 290.5 2.20433 0.00095674
  292 291.5 2.18718 0.000949298
  293 292.5 2.19134 0.000951101
  294 293.5 2.19932 0.000954566
  295 294.5 2.19332 0.000951964
  296 295.5 2.17481 0.00094393
  297 296.5 2.16303 0.000938815
  298 297.5 2.15884 0.000936997
  299 298.5 2.1656 0.000939929
  300 299.5 2.16114 0.000937993
  301 300.5 2.15739 0.000936369
  302 301.5 2.15023 0.000933261
  303 302.5 2.1513 0.000933722
  304 303.5 2.1512 0.000933682
  305 304.5 2.1445 0.000930773
  306 305.5 2.10717 0.000914571
  307 306.5 2.08965 0.000906965
  308 307.5 2.07341 0.000899918
  309 308.5 2.04432 0.000887292
  310 309.5 2.03107 0.000881542
  311 310.5 2.03362 0.000882648
  312 311.5 2.02183 0.00087753
  313 312.5 2.01949 0.000876515
  314 313.5 2.02094 0.000877143
  315 314.5 2.01569 0.000874865
  316 315.5 2.01462 0.0008744
  317 316.5 2.02816 0.000880276
  318 317.5 2.01575 0.000874891
  319 318.5 1.99861 0.000867451
  320 319.5 1.97956 0.000859183
  321 320.5 1.96681 0.00085365
  322 321.5 1.94533 0.000844327
  323 322.5 1.93632 0.000840415
  324 323.5 1.94119 0.00084253
  325 324.5 1.94261 0.000843147
  326 325.5 1.93933 0.000841724
  327 326.5 1.9464 0.00084479
  328 327.5 1.94617 0.000844694
  329 328.5 1.93343 0.000839161
  330 329.5 1.93105 0.000838129
  331 330.5 1.94606 0.000844644
  332 331.5 1.95165 0.00084707
  333 332.5 1.97243 0.000856089
  334 333.5 1.98556 0.000861788
  335 334.5 1.98492 0.000861511
  336 335.5 1.98607 0.000862009
  337 336.5 1.99274 0.000864904
  338 337.5 2.00146 0.000868688
  339 338.5 1.99163 0.000864424
  340 339.5 1.99214 0.000864645
  341 340.5 2.00799 0.000871522
  342 341.5 2.01078 0.000872736
  343 342.5 2.01283 0.000873622
  344 343.5 1.97642 0.000857819
  345 344.5 1.96581 0.000853215
  346 345.5 1.95685 0.000849326
  347 346.5 1.95268 0.000847516
  348 347.5 1.92703 0.000836385
  349 348.5 1.89998 0.000824643
  350 349.5 1.89833 0.000823927
  351 350.5 1.88582 0.000818497
  352 351.5 1.87708 0.000814703
  353 352.5 1.87031 0.000811766
  354 353.5 1.86932 0.000811335
  355 354.5 1.8829 0.000817232
  356 355.5 1.89386 0.000821987
  357 356.5 1.89467 0.000822339
  358 357.5 1.89927 0.000824335
  359 358.5 1.90256 0.000825764
  360 359.5 1.90485 0.000826756
  361 360.5 1.92095 0.000833747
  362 361.5 1.93258 0.000838792
  363 362.5 1.93182 0.000838464
  364 363.5 1.95345 0.000847852
  365 364.5 1.96594 0.000853271
  366 365.5 1.96676 0.000853629
  367 366.5 1.97545 0.000857401
  368 367.5 1.98309 0.000860718
  369 368.5 1.98527 0.000861662
  370 369.5 1.97995 0.000859352
  371 370.5 2.00658 0.000870911
  372 371.5 2.03232 0.000882082
  373 372.5 2.05567 0.000892217
  374 373.5 2.08182 0.000903566
  375 374.5 2.12329 0.000921569
  376 375.5 2.16614 0.000940166
  377 376.5 2.23342 0.000969365
  378 377.5 2.34845 0.00101929
  379 378.5 2.50428 0.00108693
  380 379.5 2.70113 0.00117237
  381 380.5 2.97994 0.00129338
  382 381.5 3.34803 0.00145314
  383 382.5 3.84285 0.0016679
  384 383.5 4.51075 0.00195779
  385 384.5 5.40911 0.0023477
  386 385.5 6.50612 0.00282384
  387 386.5 7.84666 0.00340567
  388 387.5 9.47599 0.00411284
  389 388.5 11.2975 0.00490343
  390 389.5 13.2767 0.00576247
  391 390.5 15.3758 0.00667352
  392 391.5 17.4909 0.00759154
  393 392.5 19.4997 0.00846342
  394 393.5 21.306 0.00924739
  395 394.5 22.9987 0.00998206
  396 395.5 24.4218 0.0105997
  397 396.5 25.5685 0.0110974
  398 397.5 26.5144 0.011508
  399 398.5 27.2224 0.0118153
  400 399.5 27.8229 0.0120759
  401 400.5 28.2599 0.0122656
  402 401.5 28.6034 0.0124147
  403 402.5 28.8698 0.0125303
  404 403.5 29.0875 0.0126248
  405 404.5 29.199 0.0126732
  406 405.5 29.3256 0.0127281
  407 406.5 29.4329 0.0127747
  408 407.5 29.4306 0.0127737
  409 408.5 29.4926 0.0128006
  410 409.5 29.5393 0.0128209
  411 410.5 29.5542 0.0128273
  412 411.5 29.5205 0.0128127
  413 412.5 29.5368 0.0128198
  414 413.5 29.6028 0.0128484
  415 414.5 29.6012 0.0128478
  416 415.5 29.5819 0.0128394
  417 416.5 29.6392 0.0128642
  418 417.5 29.6389 0.0128641
  419 418.5 29.5771 0.0128373
  420 419.5 29.6228 0.0128571
  421 420.5 29.6598 0.0128732
  422 421.5 29.6041 0.012849
  423 422.5 29.5815 0.0128392
  424 423.5 29.6581 0.0128724
  425 424.5 29.6251 0.0128581
  426 425.5 29.6245 0.0128578
  427 426.5 29.6109 0.0128519
  428 427.5 29.6263 0.0128586
  429 428.5 29.6074 0.0128504
  430 429.5 29.6528 0.0128702
  431 430.5 29.6597 0.0128731
  432 431.5 29.6691 0.0128772
  433 432.5 29.6313 0.0128608
  434 433.5 29.6138 0.0128532
  435 434.5 29.6419 0.0128654
  436 435.5 29.6166 0.0128544
  437 436.5 29.5609 0.0128303
  438 437.5 29.5726 0.0128353
  439 438.5 29.5898 0.0128428
  440 439.5 29.564 0.0128316
  441 440.5 29.5611 0.0128303
  442 441.5 29.6022 0.0128482
  443 442.5 29.5983 0.0128465
  444 443.5 29.5783 0.0128378
  445 444.5 29.5777 0.0128375
  446 445.5 29.604 0.012849
  447 446.5 29.576 0.0128368
  448 447.5 29.5763 0.0128369
  449 448.5 29.6156 0.012854
  450 449.5 29.5824 0.0128396
  451 450.5 29.5261 0.0128152
  452 451.5 29.5364 0.0128196
  453 452.5 29.5814 0.0128392
  454 453.5 29.5416 0.0128219
  455 454.5 29.5553 0.0128278
  456 455.5 29.5722 0.0128352
  457 456.5 29.5793 0.0128382
  458 457.5 29.597 0.0128459
  459 458.5 29.5781 0.0128377
  460 459.5 29.6072 0.0128503
  461 460.5 29.5996 0.012847
  462 461.5 29.6291 0.0128598
  463 462.5 29.6245 0.0128578
  464 463.5 29.6444 0.0128665
  465 464.5 29.6758 0.0128801
  466 465.5 29.691 0.0128867
  467 466.5 29.6846 0.0128839
  468 467.5 29.6722 0.0128786
  469 468.5 29.654 0.0128707
  470 469.5 29.6959 0.0128888
  471 470.5 29.6809 0.0128824
  472 471.5 29.6897 0.0128862
  473 472.5 29.6568 0.0128719
  474 473.5 29.6763 0.0128803
  475 474.5 29.7049 0.0128927
  476 475.5 29.665 0.0128754
  477 476.5 29.6333 0.0128617
  478 477.5 29.6922 0.0128872
  479 478.5 29.697 0.0128893
  480 479.5 29.69 0.0128863
30000000 480 5290
  1 0.5 29.9467 0.0129977
  2 1.5 29.9323 0.0129915
  3 2.5 29.9195 0.0129859
  4 3.5 29.9444 0.0129967
  5 4.5 29.9245 0.012988
  6 5.5 29.9227 0.0129873
  7 6.5 29.903 0.0129787
  8 7.5 29.8851 0.012971
  9 8.5 29.8941 0.0129749
  10 9.5 29.8895 0.0129729
  11 10.5 29.8818 0.0129695
  12 11.5 29.8972 0.0129762
  13 12.5 29.9071 0.0129805
  14 13.5 29.8773 0.0129676
  15 14.5 29.8778 0.0129678
  16 15.5 29.8573 0.0129589
  17 16.5 29.8667 0.012963
  18 17.5 29.853 0.012957
  19 18.5 29.8128 0.0129396
  20 19.5 29.7954 0.012932
  21 20.5 29.8483 0.012955
  22 21.5 29.8368 0.01295
  23 22.5 29.8075 0.0129373
  24 23.5 29.7893 0.0129294
  25 24.5 29.8337 0.0129486
  26 25.5 29.831 0.0129475
  27 26.5 29.7816 0.012926
  28 27.5 29.8174 0.0129416
  29 28.5 29.8756 0.0129668
  30 29.5 29.8332 0.0129484
  31 30.5 29.8327 0.0129482
  32 31.5 29.8873 0.0129719
  33 32.5 29.8901 0.0129731
  34 33.5 29.8727 0.0129656
  35 34.5 29.8584 0.0129594
  36 35.5 29.927 0.0129891
  37 36.5 29.8973 0.0129762
  38 37.5 29.8797 0.0129686
  39 38.5 29.8957 0.0129756
  40 39.5 29.904 0.0129792
  41 40.5 29.8464 0.0129541
  42 41.5 29.8234 0.0129442
  43 42.5 29.8461 0.012954
  44 43.5 29.8356 0.0129495
  45 44.5 29.8062 0.0129367
  46 45.5 29.7991 0.0129336
  47 46.5 29.8612 0.0129606
  48 47.5 29.8029 0.0129353
  49 48.5 29.7903 0.0129298
  50 49.5 29.8125 0.0129394
  51 50.5 29.8357 0.0129495
  52 51.5 29.774 0.0129227
  53 52.5 29.7697 0.0129209
  54 53.5 29.7708 0.0129213
  55 54.5 29.7801 0.0129254
  56 55.5 29.738 0.0129071
  57 56.5 29.6633 0.0128747
  58 57.5 29.6697 0.0128775
  59 58.5 29.636 0.0128628
  60 59.5 29.4769 0.0127938
  61 60.5 29.4172 0.0127679
  62 61.5 29.3001 0.012717
  63 62.5 29.113 0.0126358
  64 63.5 28.8511 0.0125222
  65 64.5 28.5958 0.0124114
  66 65.5 28.1922 0.0122362
  67 66.5 27.6284 0.0119915
  68 67.5 26.9918 0.0117152
  69 68.5 26.1401 0.0113455
  70 69.5 25.0558 0.0108749
  71 70.5 23.7567 0.0103111
  72 71.5 22.2623 0.00966245
  73 72.5 20.4596 0.00888002
  74 73.5 18.4641 0.00801393
  75 74.5 16.3337 0.0070893
  76 75.5 14.1276 0.00613177
  77 76.5 11.9047 0.00516699
  78 77.5 9.75386 0.00423345
  79 78.5 7.77149 0.00337304
  80 79.5 6.04732 0.0026247
  81 80.5 4.61687 0.00200385
  82 81.5 3.49073 0.00151507
  83 82.5 2.64841 0.00114948
  84 83.5 2.04159 0.000886105
  85 84.5 1.628 0.000706595
  86 85.5 1.34679 0.000584545
  87 86.5 1.16111 0.000503953
  88 87.5 1.04675 0.000454318
  89 88.5 0.963218 0.000418063
  90 89.5 0.907608 0.000393927
  91 90.5 0.875032 0.000379788
  92 91.5 0.854534 0.000370891
  93 92.5 0.84322 0.000365981
  94 93.5 0.829948 0.00036022
  95 94.5 0.816862 0.000354541
  96 95.5 0.812734 0.000352749
  97 96.5 0.808104 0.00035074
  98 97.5 0.808052 0.000350717
  99 98.5 0.802838 0.000348454
  100 99.5 0.800276 0.000347342
  101 100.5 0.799608 0.000347052
  102 101.5 0.798708 0.000346661
  103 102.5 0.80204 0.000348108
  104 103.5 0.798638 0.000346631
  105 104.5 0.801384 0.000347823
  106 105.5 0.80133 0.000347799
  107 106.5 0.79633 0.000345629
  108 107.5 0.800446 0.000347416
  109 108.5 0.800022 0.000347232
  110 109.5 0.798484 0.000346564
  111 110.5 0.799156 0.000346856
  112 111.5 0.798616 0.000346622
  113 112.5 0.809434 0.000351317
  114 113.5 0.809804 0.000351477
  115 114.5 0.814144 0.000353361
  116 115.5 0.805134 0.000349451
  117 116.5 0.808914 0.000351091
  118 117.5 0.807796 0.000350606
  119 118.5 0.810706 0.000351869
  120 119.5 0.806778 0.000350164
  121 120.5 0.802816 0.000348444
  122 121.5 0.804368 0.000349118
  123 122.5 0.803838 0.000348888
  124 123.5 0.796628 0.000345759
  125 124.5 0.802368 0.00034825
  126 125.5 0.800648 0.000347503
  127 126.5 0.798858 0.000346727
  128 127.5 0.795546 0.000345289
  129 128.5 0.791002 0.000343317
  130 129.5 0.794606 0.000344881
  131 130.5 0.794304 0.00034475
  132 131.5 0.794542 0.000344853
  133 132.5 0.800928 0.000347625
  134 133.5 0.798156 0.000346422
  135 134.5 0.802846 0.000348457
  136 135.5 0.805164 0.000349464
  137 136.5 0.800594 0.00034748
  138 137.5 0.804678 0.000349253
  139 138.5 0.800438 0.000347412
  140 139.5 0.803174 0.0003486
  141 140.5 0.8076 0.000350521
  142 141.5 0.804378 0.000349122
  143 142.5 0.801794 0.000348001
  144 143.5 0.801016 0.000347663
  145 144.5 0.799386 0.000346956
  146 145.5 0.800462 0.000347423
  147 146.5 0.800704 0.000347528
  148 147.5 0.80029 0.000347348
  149 148.5 0.796822 0.000345843
  150 149.5 0.803392 0.000348694
  151 150.5 0.80384 0.000348889
  152 151.5 0.810162 0.000351633
  153 152.5 0.807456 0.000350458
  154 153.5 0.809904 0.000351521
  155 154.5 0.804222 0.000349055
  156 155.5 0.803422 0.000348707
  157 156.5 0.80271 0.000348398
  158 157.5 0.80785 0.000350629
  159 158.5 0.811012 0.000352002
  160 159.5 0.811322 0.000352136
  161 160.5 0.814864 0.000353674
  162 161.5 0.810462 0.000351763
  163 162.5 0.80572 0.000349705
  164 163.5 0.811148 0.000352061
  165 164.5 0.80991 0.000351523
  166 165.5 0.810014 0.000351569
  167 166.5 0.809356 0.000351283
  168 167.5 0.809722 0.000351442
  169 168.5 0.805948 0.000349804
  170 169.5 0.80366 0.000348811
  171 170.5 0.808164 0.000350766
  172 171.5 0.804692 0.000349259
  173 172.5 0.800692 0.000347523
  174 173.5 0.805538 0.000349626
  175 174.5 0.804934 0.000349364
  176 175.5 0.808694 0.000350996
  177 176.5 0.806032 0.00034984
  178 177.5 0.809426 0.000351313
  179 178.5 0.80469 0.000349258
  180 179.5 0.804706 0.000349265
  181 180.5 0.800356 0.000347377
  182 181.5 0.798096 0.000346396
  183 182.5 0.78971 0.000342756
  184 183.5 0.79584 0.000345417
  185 184.5 0.79372 0.000344497
  186 185.5 0.795918 0.000345451
  187 186.5 0.805428 0.000349578
  188 187.5 0.806016 0.000349833
  189 188.5 0.807332 0.000350405
  190 189.5 0.809182 0.000351207
  191 190.5 0.807686 0.000350558
  192 191.5 0.810344 0.000351712
  193 192.5 0.809188 0.00035121
  194 193.5 0.80369 0.000348824
  195 194.5 0.804412 0.000349137
  196 195.5 0.80195 0.000348069
  197 196.5 0.804408 0.000349135
  198 197.5 0.810812 0.000351915
  199 198.5 0.80344 0.000348715
  200 199.5 0.802482 0.000348299
  201 200.5 0.80281 0.000348442
  202 201.5 0.808412 0.000350873
  203 202.5 0.804736 0.000349278
  204 203.5 0.806152 0.000349892
  205 204.5 0.801468 0.000347859
  206 205.5 0.800356 0.000347377
  207 206.5 0.796566 0.000345732
  208 207.5 0.804852 0.000349328
  209 208.5 0.807948 0.000350672
  210 209.5 0.806224 0.000349924
  211 210.5 0.805014 0.000349398
  212 211.5 0.809812 0.000351481
  213 212.5 0.816036 0.000354182
  214 213.5 0.825692 0.000358373
  215 214.5 0.846776 0.000367524
  216 215.5 0.863644 0.000374845
  217 216.5 0.88927 0.000385968
  218 217.5 0.941808 0.000408771
  219 218.5 1.01947 0.00044248
  220 219.5 1.13502 0.000492628
  221 220.5 1.30373 0.000565857
  222 221.5 1.54629 0.000671133
  223 222.5 1.89309 0.000821653
  224 223.5 2.38385 0.00103466
  225 224.5 3.00867 0.00130585
  226 225.5 3.77722 0.00163942
  227 226.5 4.6899 0.00203555
  228 227.5 5.69315 0.00247099
  229 228.5 6.71013 0.00291238
  230 229.5 7.67403 0.00333074
  231 230.5 8.52906 0.00370185
  232 231.5 9.17521 0.0039823
  233 232.5 9.48288 0.00411583
  234 233.5 9.45475 0.00410362
  235 234.5 9.1012 0.00395017
  236 235.5 8.4537 0.00366914
  237 236.5 7.59582 0.0032968
  238 237.5 6.67377 0.0028966
  239 238.5 5.81766 0.00252503
  240 239.5 5.02297 0.00218011
  241 240.5 4.34959 0.00188784
  242 241.5 3.81058 0.0016539
  243 242.5 3.38976 0.00147125
  244 243.5 3.06064 0.0013284
  245 244.5 2.79144 0.00121156
  246 245.5 2.59988 0.00112842
  247 246.5 2.46295 0.00106899
  248 247.5 2.37373 0.00103026
  249 248.5 2.30455 0.00100024
  250 249.5 2.25416 0.000978368
  251 250.5 2.20835 0.000958487
  252 251.5 2.18406 0.000947941
  253 252.5 2.17169 0.000942576
  254 253.5 2.14888 0.000932674
  255 254.5 2.16573 0.000939988
  256 255.5 2.16894 0.000941382
  257 256.5 2.14762 0.000932126
  258 257.5 2.15664 0.000936043
  259 258.5 2.17735 0.000945032
  260 259.5 2.19198 0.000951378
  261 260.5 2.18038 0.000946345
  262 261.5 2.18148 0.000946823
  263 262.5 2.18046 0.00094638
  264 263.5 2.17904 0.000945766
  265 264.5 2.18682 0.000949141
  266 265.5 2.19268 0.000951684
  267 266.5 2.19392 0.000952223
  268 267.5 2.19462 0.000952525
  269 268.5 2.19893 0.000954397
  270 269.5 2.18842 0.000949834
  271 270.5 2.17866 0.000945599
  272 271.5 2.17026 0.000941955
  273 272.5 2.15964 0.000937344
  274 273.5 2.15255 0.000934267
  275 274.5 2.13918 0.000928463
  276 275.5 2.14622 0.000931517
  277 276.5 2.15309 0.000934502
  278 277.5 2.15874 0.000936955
  279 278.5 2.1557 0.000935635
  280 279.5 2.15335 0.000934612
  281 280.5 2.12559 0.000922563
  282 281.5 2.10562 0.000913897
  283 282.5 2.10493 0.000913598
  284 283.5 2.10509 0.000913667
  285 284.5 2.10545 0.000913826
  286 285.5 2.11094 0.000916205
  287 286.5 2.11155 0.000916472
  288 287.5 2.10099 0.000911887
  289 288.5 2.10296 0.000912741
  290 289.5 2.10008 0.000911495
  291 290.5 2.08985 0.000907053
  292 291.5 2.0642 0.000895919
  293 292.5 2.05685 0.000892731
  294 293.5 2.04364 0.000886995
  295 294.5 2.04541 0.000887765
  296 295.5 2.02693 0.000879744
  297 296.5 2.01786 0.000875807
  298 297.5 2.02334 0.000878184
  299 298.5 2.0216 0.000877431
  300 299.5 2.00974 0.000872285
  301 300.5 2.01014 0.000872456
  302 301.5 2.02832 0.000880347
  303 302.5 2.03627 0.000883796
  304 303.5 2.02768 0.00088007
  305 304.5 2.02797 0.000880195
  306 305.5 2.0228 0.000877953
  307 306.5 2.01992 0.000876702
  308 307.5 2.01625 0.000875107
  309 308.5 2.01505 0.000874586
  310 309.5 2.02028 0.000876857
  311 310.5 2.00454 0.000870027
  312 311.5 2.00541 0.000870403
  313 312.5 1.99537 0.000866048
  314 313.5 1.99979 0.000867964
  315 314.5 2.01671 0.000875309
  316 315.5 2.02767 0.000880067
  317 316.5 2.02705 0.000879798
  318 317.5 2.04581 0.000887937
  319 318.5 2.06681 0.000897052
  320 319.5 2.07406 0.000900199
  321 320.5 2.08302 0.000904089
  322 321.5 2.10257 0.000912575
  323 322.5 2.11324 0.000917204
  324 323.5 2.10907 0.000915395
  325 324.5 2.12059 0.000920393
  326 325.5 2.1208 0.000920488
  327 326.5 2.12048 0.000920345
  328 327.5 2.11994 0.000920115
  329 328.5 2.10073 0.000911775
  330 329.5 2.08767 0.000906109
  331 330.5 2.07555 0.000900845
  332 331.5 2.07997 0.000902766
  333 332.5 2.07604 0.000901058
  334 333.5 2.08778 0.000906155
  335 334.5 2.0953 0.000909419
  336 335.5 2.08818 0.00090633
  337 336.5 2.08744 0.000906008
  338 337.5 2.10395 0.000913174
  339 338.5 2.11807 0.000919302
  340 339.5 2.13972 0.000928699
  341 340.5 2.15174 0.000933914
  342 341.5 2.14942 0.00093291
  343 342.5 2.1584 0.000936804
  344 343.5 2.16341 0.000938979
  345 344.5 2.17333 0.000943285
  346 345.5 2.17913 0.000945801
  347 346.5 2.18998 0.000950514
  348 347.5 2.19406 0.000952284
  349 348.5 2.19825 0.000954102
  350 349.5 2.20494 0.000957005
  351 350.5 2.20362 0.000956432
  352 351.5 2.20824 0.000958437
  353 352.5 2.20649 0.000957679
  354 353.5 2.20789 0.000958286
  355 354.5 2.22223 0.000964511
  356 355.5 2.22798 0.000967006
  357 356.5 2.20852 0.00095856
  358 357.5 2.19265 0.00095167
  359 358.5 2.21022 0.000959295
  360 359.5 2.21485 0.000961306
  361 360.5 2.20653 0.000957697
  362 361.5 2.20768 0.000958195
  363 362.5 2.20789 0.000958286
  364 363.5 2.21172 0.000959947
  365 364.5 2.21652 0.000962031
  366 365.5 2.18652 0.000949009
  367 366.5 2.17677 0.00094478
  368 367.5 2.19405 0.000952278
  369 368.5 2.19435 0.00095241
  370 369.5 2.18654 0.000949017
  371 370.5 2.17929 0.000945871
  372 371.5 2.17246 0.000942907
  373 372.5 2.17764 0.000945158
  374 373.5 2.19341 0.000951999
  375 374.5 2.20183 0.000955655
  376 375.5 2.22089 0.00096393
  377 376.5 2.23318 0.00096926
  378 377.5 2.24821 0.000975785
  379 378.5 2.28112 0.00099007
  380 379.5 2.30374 0.000999889
  381 380.5 2.36037 0.00102446
  382 381.5 2.43287 0.00105593
  383 382.5 2.51841 0.00109306
  384 383.5 2.65651 0.001153
  385 384.5 2.85778 0.00124036
  386 385.5 3.11808 0.00135333
  387 386.5 3.46387 0.00150341
  388 387.5 3.93407 0.0017075
  389 388.5 4.55484 0.00197693
  390 389.5 5.36533 0.0023287
  391 390.5 6.37583 0.00276729
  392 391.5 7.64701 0.00331902
  393 392.5 9.14195 0.00396786
  394 393.5 10.8729 0.00471915
  395 394.5 12.7464 0.00553231
  396 395.5 14.7158 0.00638705
  397 396.5 16.7549 0.00727207
  398 397.5 18.7139 0.00812234
  399 398.5 20.5528 0.00892048
  400 399.5 22.2254 0.00964643
  401 400.5 23.7102 0.0102909
  402 401.5 24.9645 0.0108353
  403 402.5 25.9097 0.0112455
  404 403.5 26.7614 0.0116152
  405 404.5 27.4426 0.0119109
  406 405.5 27.8908 0.0121054
  407 406.5 28.228 0.0122517
  408 407.5 28.5431 0.0123885
  409 408.5 28.7966 0.0124985
  410 409.5 28.8963 0.0125418
  411 410.5 29.0369 0.0126028
  412 411.5 29.1496 0.0126517
  413 412.5 29.2165 0.0126808
  414 413.5 29.2798 0.0127083
  415 414.5 29.3486 0.0127381
  416 415.5 29.4011 0.0127609
  417 416.5 29.4095 0.0127645
  418 417.5 29.4446 0.0127798
  419 418.5 29.511 0.0128086
  420 419.5 29.4655 0.0127888
  421 420.5 29.4598 0.0127864
  422 421.5 29.4975 0.0128027
  423 422.5 29.5179 0.0128116
  424 423.5 29.4669 0.0127894
  425 424.5 29.4305 0.0127736
  426 425.5 29.4765 0.0127936
  427 426.5 29.4652 0.0127887
  428 427.5 29.4271 0.0127722
  429 428.5 29.4242 0.0127709
  430 429.5 29.4765 0.0127936
  431 430.5 29.418 0.0127682
  432 431.5 29.4499 0.0127821
  433 432.5 29.5012 0.0128043
  434 433.5 29.4703 0.0127909
  435 434.5 29.4428 0.012779
  436 435.5 29.5347 0.0128189
  437 436.5 29.5285 0.0128162
  438 437.5 29.4879 0.0127986
  439 438.5 29.5501 0.0128255
  440 439.5 29.5514 0.0128261
  441 440.5 29.5163 0.0128109
  442 441.5 29.5831 0.0128399
  443 442.5 29.574 0.0128359
  444 443.5 29.6147 0.0128536
  445 444.5 29.626 0.0128585
  446 445.5 29.6568 0.0128719
  447 446.5 29.6539 0.0128706
  448 447.5 29.6755 0.01288
  449 448.5 29.7198 0.0128992
  450 449.5 29.7035 0.0128921
  451 450.5 29.7277 0.0129027
  452 451.5 29.7291 0.0129032
  453 452.5 29.8087 0.0129378
  454 453.5 29.7738 0.0129227
  455 454.5 29.766 0.0129193
  456 455.5 29.8404 0.0129516
  457 456.5 29.8344 0.012949
  458 457.5 29.7942 0.0129315
  459 458.5 29.8112 0.0129389
  460 459.5 29.8541 0.0129575
  461 460.5 29.8342 0.0129489
  462 461.5 29.8614 0.0129607
  463 462.5 29.8825 0.0129698
  464 463.5 29.8707 0.0129647
  465 464.5 29.9114 0.0129824
  466 465.5 29.9044 0.0129793
  467 466.5 29.91 0.0129818
  468 467.5 29.944 0.0129965
  469 468.5 29.9472 0.0129979
  470 469.5 29.9163 0.0129845
  471 470.5 29.9383 0.0129941
  472 471.5 29.9636 0.013005
  473 472.5 29.97 0.0130078
  474 473.5 29.9497 0.012999
  475 474.5 29.9314 0.012991
  476 475.5 29.9338 0.0129921
  477 476.5 29.8982 0.0129767
  478 477.5 29.9065 0.0129803
  479 478.5 29.9122 0.0129827
  480 479.5 29.9071 0.0129805
40000000 480 5290
  1 0.5 29.6128 0.0128528
  2 1.5 29.6156 0.012854
  3 2.5 29.6991 0.0128902
  4 3.5 29.6344 0.0128621
  5 4.5 29.5995 0.012847
  6 5.5 29.638 0.0128637
  7 6.5 29.6171 0.0128546
  8 7.5 29.5923 0.0128439
  9 8.5 29.5625 0.0128309
  10 9.5 29.5661 0.0128325
  11 10.5 29.5149 0.0128103
  12 11.5 29.5075 0.0128071
  13 12.5 29.5129 0.0128094
  14 13.5 29.4703 0.0127909
  15 14.5 29.445 0.0127799
  16 15.5 29.4746 0.0127928
  17 16.5 29.4821 0.012796
  18 17.5 29.4539 0.0127838
  19 18.5 29.4569 0.0127851
  20 19.5 29.5135 0.0128097
  21 20.5 29.4488 0.0127816
  22 21.5 29.4735 0.0127923
  23 22.5 29.4911 0.0128
  24 23.5 29.53 0.0128168
  25 24.5 29.49 0.0127995
  26 25.5 29.5193 0.0128122
  27 26.5 29.5474 0.0128244
  28 27.5 29.5226 0.0128136
  29 28.5 29.523 0.0128138
  30 29.5 29.5451 0.0128234
  31 30.5 29.5048 0.0128059
  32 31.5 29.5151 0.0128104
  33 32.5 29.4808 0.0127955
  34 33.5 29.5083 0.0128074
  35 34.5 29.4598 0.0127864
  36 35.5 29.4994 0.0128035
  37 36.5 29.5148 0.0128102
  38 37.5 29.4883 0.0127987
  39 38.5 29.4923 0.0128005
  40 39.5 29.4856 0.0127976
  41 40.5 29.4319 0.0127743
  42 41.5 29.4732 0.0127922
  43 42.5 29.4736 0.0127924
  44 43.5 29.4607 0.0127868
  45 44.5 29.4456 0.0127802
  46 45.5 29.4574 0.0127853
  47 46.5 29.4425 0.0127789
  48 47.5 29.4974 0.0128027
  49 48.5 29.4471 0.0127809
  50 49.5 29.4912 0.0128
  51 50.5 29.4768 0.0127937
  52 51.5 29.4725 0.0127919
  53 52.5 29.4567 0.012785
  54 53.5 29.4436 0.0127793
  55 54.5 29.453 0.0127834
  56 55.5 29.4229 0.0127704
  57 56.5 29.4292 0.0127731
  58 57.5 29.3836 0.0127533
  59 58.5 29.409 0.0127643
  60 59.5 29.3221 0.0127266
  61 60.5 29.2886 0.0127121
  62 61.5 29.2309 0.012687
  63 62.5 29.1715 0.0126613
  64 63.5 29.0174 0.0125943
  65 64.5 28.8901 0.0125391
  66 65.5 28.763 0.0124839
  67 66.5 28.525 0.0123806
  68 67.5 28.247 0.01226
  69 68.5 27.9248 0.0121201
  70 69.5 27.501 0.0119362
  71 70.5 26.8487 0.0116531
  72 71.5 26.0748 0.0113172
  73 72.5 25.1296 0.0109069
  74 73.5 23.8384 0.0103465
  75 74.5 22.2981 0.00967802
  76 75.5 20.4631 0.00888155
  77 76.5 18.3574 0.00796764
  78 77.5 15.9725 0.00693253
  79 78.5 13.4978 0.0058584
  80 79.5 11.0762 0.00480739
  81 80.5 8.78174 0.00381152
  82 81.5 6.76541 0.00293637
  83 82.5 5.12531 0.00222453
  84 83.5 3.84632 0.00166941
  85 84.5 2.8916 0.00125504
  86 85.5 2.20629 0.000957589
  87 86.5 1.74518 0.000757455
  88 87.5 1.43494 0.000622806
  89 88.5 1.22724 0.000532657
  90 89.5 1.10001 0.000477437
  91 90.5 1.00738 0.000437229
  92 91.5 0.95401 0.000414067
  93 92.5 0.91092 0.000395365
  94 93.5 0.889494 0.000386065
  95 94.5 0.864184 0.00037508
  96 95.5 0.846484 0.000367398
  97 96.5 0.843296 0.000366014
  98 97.5 0.836114 0.000362897
  99 98.5 0.830856 0.000360615
  100 99.5 0.824408 0.000357816
  101 100.5 0.829058 0.000359834
  102 101.5 0.833542 0.00036178
  103 102.5 0.829376 0.000359972
  104 103.5 0.822612 0.000357036
  105 104.5 0.834554 0.00036222
  106 105.5 0.83502 0.000362422
  107 106.5 0.83154 0.000360911
  108 107.5 0.828194 0.000359459
  109 108.5 0.831768 0.00036101
  110 109.5 0.832642 0.00036139
  111 110.5 0.833546 0.000361782
  112 111.5 0.83902 0.000364158
  113 112.5 0.842396 0.000365623
  114 113.5 0.845674 0.000367046
  115 114.5 0.84337 0.000366046
  116 115.5 0.84785 0.00036799
  117 116.5 0.84061 0.000364848
  118 117.5 0.84136 0.000365174
  119 118.5 0.840004 0.000364585
  120 119.5 0.834358 0.000362135
  121 120.5 0.83642 0.00036303
  122 121.5 0.836154 0.000362914
  123 122.5 0.829406 0.000359985
  124 123.5 0.82774 0.000359262
  125 124.5 0.82904 0.000359826
  126 125.5 0.825778 0.000358411
  127 126.5 0.828098 0.000359418
  128 127.5 0.826898 0.000358897
  129 128.5 0.829438 0.000359999
  130 129.5 0.824966 0.000358058
  131 130.5 0.82998 0.000360234
  132 131.5 0.823624 0.000357476
  133 132.5 0.829066 0.000359838
  134 133.5 0.832186 0.000361192
  135 134.5 0.825144 0.000358135
  136 135.5 0.825102 0.000358117
  137 136.5 0.823846 0.000357572
  138 137.5 0.830788 0.000360585
  139 138.5 0.825956 0.000358488
  140 139.5 0.827354 0.000359095
  141 140.5 0.82774 0.000359262
  142 141.5 0.83156 0.00036092
  143 142.5 0.827578 0.000359192
  144 143.5 0.822194 0.000356855
  145 144.5 0.823302 0.000357336
  146 145.5 0.829238 0.000359912
  147 146.5 0.822574 0.00035702
  148 147.5 0.82722 0.000359036
  149 148.5 0.83091 0.000360638
  150 149.5 0.827118 0.000358992
  151 150.5 0.82408 0.000357674
  152 151.5 0.823546 0.000357442
  153 152.5 0.825288 0.000358198
  154 153.5 0.830912 0.000360639
  155 154.5 0.823406 0.000357381
  156 155.5 0.818964 0.000355453
  157 156.5 0.825748 0.000358398
  158 157.5 0.824514 0.000357862
  159 158.5 0.819964 0.000355887
  160 159.5 0.819294 0.000355596
  161 160.5 0.81877 0.000355369
  162 161.5 0.820106 0.000355949
  163 162.5 0.819128 0.000355524
  164 163.5 0.819258 0.000355581
  165 164.5 0.825178 0.00035815
  166 165.5 0.825814 0.000358426
  167 166.5 0.819316 0.000355606
  168 167.5 0.82797 0.000359362
  169 168.5 0.83007 0.000360273
  170 169.5 0.8264 0.000358681
  171 170.5 0.824972 0.000358061
  172 171.5 0.828352 0.000359528
  173 172.5 0.83032 0.000360382
  174 173.5 0.831696 0.000360979
  175 174.5 0.83147 0.000360881
  176 175.5 0.826528 0.000358736
  177 176.5 0.82476 0.000357969
  178 177.5 0.82633 0.00035865
  179 178.5 0.826208 0.000358597
  180 179.5 0.820494 0.000356117
  181 180.5 0.82388 0.000357587
  182 181.5 0.827498 0.000359157
  183 182.5 0.820112 0.000355951
  184 183.5 0.822194 0.000356855
  185 184.5 0.826842 0.000358872
  186 185.5 0.827394 0.000359112
  187 186.5 0.822652 0.000357054
  188 187.5 0.822822 0.000357128
  189 188.5 0.818328 0.000355177
  190 189.5 0.822308 0.000356905
  191 190.5 0.81671 0.000354475
  192 191.5 0.826614 0.000358773
  193 192.5 0.822276 0.000356891
  194 193.5 0.823546 0.000357442
  195 194.5 0.826738 0.000358827
  196 195.5 0.828922 0.000359775
  197 196.5 0.824062 0.000357666
  198 197.5 0.820846 0.00035627
  199 198.5 0.815448 0.000353927
  200 199.5 0.813206 0.000352954
  201 200.5 0.819014 0.000355475
  202 201.5 0.823692 0.000357505
  203 202.5 0.826848 0.000358875
  204 203.5 0.826288 0.000358632
  205 204.5 0.824506 0.000357859
  206 205.5 0.824026 0.00035765
  207 206.5 0.82663 0.00035878
  208 207.5 0.827714 0.000359251
  209 208.5 0.824038 0.000357655
  210 209.5 0.823886 0.000357589
  211 210.5 0.817954 0.000355015
  212 211.5 0.822102 0.000356815
  213 212.5 0.825158 0.000358141
  214 213.5 0.833396 0.000361717
  215 214.5 0.832124 0.000361165
  216 215.5 0.836168 0.00036292
  217 216.5 0.840722 0.000364897
  218 217.5 0.85462 0.000370929
  219 218.5 0.868338 0.000376883
  220 219.5 0.900546 0.000390862
  221 220.5 0.938266 0.000407234
  222 221.5 0.986436 0.000428141
  223 222.5 1.06853 0.000463773
  224 223.5 1.20565 0.000523285
  225 224.5 1.4044 0.000609549
  226 225.5 1.69827 0.000737098
  227 226.5 2.13464 0.000926493
  228 227.5 2.7577 0.00119692
  229 228.5 3.59809 0.00156167
  230 229.5 4.67362 0.00202848
  231 230.5 5.98754 0.00259876
  232 231.5 7.43743 0.00322805
  233 232.5 8.87649 0.00385264
  234 233.5 10.1413 0.00440159
  235 234.5 11.0357 0.00478982
  236 235.5 11.4768 0.00498124
  237 236.5 11.3647 0.00493259
  238 237.5 10.837 0.00470357
  239 238.5 9.98092 0.004332
  240 239.5 8.90973 0.00386707
  241 240.5 7.77535 0.00337472
  242 241.5 6.69936 0.00290771
  243 242.5 5.73828 0.00249057
  244 243.5 4.93064 0.00214003
  245 244.5 4.27154 0.00185397
  246 245.5 3.75262 0.00162874
  247 246.5 3.3677 0.00146168
  248 247.5 3.06285 0.00132936
  249 248.5 2.83452 0.00123026
  250 249.5 2.66604 0.00115714
  251 250.5 2.54745 0.00110566
  252 251.5 2.44171 0.00105977
  253 252.5 2.36583 0.00102684
  254 253.5 2.3187 0.00100638
  255 254.5 2.30653 0.0010011
  256 255.5 2.2934 0.0009954
  257 256.5 2.27282 0.000986468
  258 257.5 2.27046 0.000985443
  259 258.5 2.26197 0.000981758
  260 259.5 2.27088 0.000985626
  261 260.5 2.27524 0.000987516
  262 261.5 2.2779 0.000988672
  263 262.5 2.27511 0.00098746
  264 263.5 2.26453 0.00098287
  265 264.5 2.27462 0.000987247
  266 265.5 2.28153 0.000990247
  267 266.5 2.27779 0.000988625
  268 267.5 2.27232 0.000986252
  269 268.5 2.26979 0.000985151
  270 269.5 2.26178 0.000981674
  271 270.5 2.2862 0.000992276
  272 271.5 2.29043 0.00099411
  273 272.5 2.30167 0.00099899
  274 273.5 2.32467 0.00100897
  275 274.5 2.30871 0.00100204
  276 275.5 2.30818 0.00100181
  277 276.5 2.31651 0.00100543
  278 277.5 2.3119 0.00100343
  279 278.5 2.32495 0.00100909
  280 279.5 2.33388 0.00101297
  281 280.5 2.31015 0.00100267
  282 281.5 2.31024 0.00100271
  283 282.5 2.30338 0.00099973
  284 283.5 2.31402 0.00100435
  285 284.5 2.32209 0.00100785
  286 285.5 2.30083 0.000998624
  287 286.5 2.27806 0.000988742
  288 287.5 2.28612 0.00099224
  289 288.5 2.28099 0.000990011
  290 289.5 2.28619 0.000992268
  291 290.5 2.27991 0.000989543
  292 291.5 2.27266 0.000986399
  293 292.5 2.26579 0.000983415
  294 293.5 2.24782 0.000975616
  295 294.5 2.23112 0.000968369
  296 295.5 2.21195 0.000960048
  297 296.5 2.1985 0.00095421
  298 297.5 2.19482 0.000952613
  299 298.5 2.19101 0.000950957
  300 299.5 2.19133 0.000951096
  301 300.5 2.19319 0.000951904
  302 301.5 2.19479 0.000952599
  303 302.5 2.19307 0.000951854
  304 303.5 2.20266 0.000956016
  305 304.5 2.19874 0.000954313
  306 305.5 2.20581 0.000957385
  307 306.5 2.20655 0.000957706
  308 307.5 2.21809 0.000962711
  309 308.5 2.23952 0.000972012
  310 309.5 2.23331 0.00096932
  311 310.5 2.2224 0.000964582
  312 311.5 2.22837 0.000967175
  313 312.5 2.22251 0.00096463
  314 313.5 2.18959 0.000950343
  315 314.5 2.17253 0.00094294
  316 315.5 2.1589 0.000937024
  317 316.5 2.14972 0.000933039
  318 317.5 2.14239 0.000929856
  319 318.5 2.15148 0.000933802
  320 319.5 2.16698 0.000940531
  321 320.5 2.17127 0.000942391
  322 321.5 2.16139 0.000938102
  323 322.5 2.16217 0.000938444
  324 323.5 2.14837 0.000932453
  325 324.5 2.14701 0.000931862
  326 325.5 2.15405 0.000934919
  327 326.5 2.15826 0.000936743
  328 327.5 2.17355 0.000943383
  329 328.5 2.19127 0.000951071
  330 329.5 2.20274 0.00095605
  331 330.5 2.21285 0.000960438
  332 331.5 2.2014 0.000955467
  333 332.5 2.22444 0.00096547
  334 333.5 2.23059 0.000968136
  335 334.5 2.23203 0.000968762
  336 335.5 2.23986 0.000972161
  337 336.5 2.23792 0.000971319
  338 337.5 2.24804 0.000975714
  339 338.5 2.25502 0.000978742
  340 339.5 2.27811 0.000988761
  341 340.5 2.29462 0.000995931
  342 341.5 2.30351 0.000999786
  343 342.5 2.29835 0.000997547
  344 343.5 2.30089 0.000998648
  345 344.5 2.2918 0.000994706
  346 345.5 2.27918 0.000989227
  347 346.5 2.29623 0.000996628
  348 347.5 2.29381 0.000995576
  349 348.5 2.27219 0.000986194
  350 349.5 2.2707 0.000985547
  351 350.5 2.26802 0.000984383
  352 351.5 2.24249 0.000973304
  353 352.5 2.23305 0.000969205
  354 353.5 2.23803 0.000971366
  355 354.5 2.2415 0.000972872
  356 355.5 2.2479 0.000975649
  357 356.5 2.27237 0.000986273
  358 357.5 2.28907 0.000993521
  359 358.5 2.28066 0.000989872
  360 359.5 2.26214 0.000981832
  361 360.5 2.24999 0.000976559
  362 361.5 2.24373 0.00097384
  363 362.5 2.23391 0.000969581
  364 363.5 2.23841 0.000971532
  365 364.5 2.25236 0.000977585
  366 365.5 2.2501 0.000976607
  367 366.5 2.25386 0.00097824
  368 367.5 2.24837 0.000975856
  369 368.5 2.24472 0.00097427
  370 369.5 2.24004 0.000972238
  371 370.5 2.2534 0.000978036
  372 371.5 2.2645 0.000982854
  373 372.5 2.24805 0.000975717
  374 373.5 2.24729 0.000975386
  375 374.5 2.24794 0.00097567
  376 375.5 2.23055 0.00096812
  377 376.5 2.22594 0.00096612
  378 377.5 2.2263 0.000966274
  379 378.5 2.24312 0.000973576
  380 379.5 2.25643 0.000979355
  381 380.5 2.25473 0.000978617
  382 381.5 2.27647 0.00098805
  383 382.5 2.29743 0.000997148
  384 383.5 2.32995 0.00101126
  385 384.5 2.37486 0.00103076
  386 385.5 2.44836 0.00106266
  387 386.5 2.57034 0.0011156
  388 387.5 2.73257 0.00118601
  389 388.5 2.95444 0.00128231
  390 389.5 3.25995 0.00141491
  391 390.5 3.66611 0.00159119
  392 391.5 4.24494 0.00184242
  393 392.5 5.03658 0.00218602
  394 393.5 6.01106 0.00260897
  395 394.5 7.2732 0.00315677
  396 395.5 8.7388 0.00379288
  397 396.5 10.4695 0.00454403
  398 397.5 12.4201 0.00539065
  399 398.5 14.5223 0.00630308
  400 399.5 16.6622 0.00723185
  401 400.5 18.7265 0.00812784
  402 401.5 20.6957 0.00898252
  403 402.5 22.497 0.00976434
  404 403.5 23.9804 0.0104082
  405 404.5 25.2191 0.0109458
  406 405.5 26.2565 0.0113961
  407 406.5 27.037 0.0117348
  408 407.5 27.651 0.0120013
  409 408.5 28.1031 0.0121975
  410 409.5 28.5111 0.0123746
  411 410.5 28.7415 0.0124746
  412 411.5 28.9221 0.012553
  413 412.5 29.1097 0.0126344
  414 413.5 29.2304 0.0126868
  415 414.5 29.2791 0.0127079
  416 415.5 29.3686 0.0127468
  417 416.5 29.3957 0.0127586
  418 417.5 29.3543 0.0127406
  419 418.5 29.4024 0.0127615
  420 419.5 29.4222 0.01277
  421 420.5 29.4248 0.0127712
  422 421.5 29.4667 0.0127894
  423 422.5 29.4617 0.0127872
  424 423.5 29.4914 0.0128001
  425 424.5 29.5215 0.0128132
  426 425.5 29.5361 0.0128195
  427 426.5 29.5512 0.012826
  428 427.5 29.5737 0.0128358
  429 428.5 29.6048 0.0128493
  430 429.5 29.5443 0.012823
  431 430.5 29.5844 0.0128405
  432 431.5 29.5931 0.0128442
  433 432.5 29.5939 0.0128446
  434 433.5 29.5474 0.0128244
  435 434.5 29.6164 0.0128543
  436 435.5 29.5819 0.0128394
  437 436.5 29.5477 0.0128245
  438 437.5 29.619 0.0128555
  439 438.5 29.6047 0.0128493
  440 439.5 29.5805 0.0128388
  441 440.5 29.6062 0.0128499
  442 441.5 29.5716 0.0128349
  443 442.5 29.5862 0.0128412
  444 443.5 29.6128 0.0128528
  445 444.5 29.6006 0.0128475
  446 445.5 29.553 0.0128268
  447 446.5 29.6232 0.0128573
  448 447.5 29.6393 0.0128643
  449 448.5 29.6424 0.0128656
  450 449.5 29.6448 0.0128667
  451 450.5 29.6471 0.0128676
  452 451.5 29.674 0.0128794
  453 452.5 29.6805 0.0128822
  454 453.5 29.6607 0.0128736
  455 454.5 29.6821 0.0128829
  456 455.5 29.7005 0.0128908
  457 456.5 29.669 0.0128772
  458 457.5 29.6789 0.0128815
  459 458.5 29.6955 0.0128887
  460 459.5 29.7134 0.0128964
  461 460.5 29.6753 0.0128799
  462 461.5 29.6821 0.0128829
  463 462.5 29.687 0.012885
  464 463.5 29.7095 0.0128947
  465 464.5 29.6889 0.0128858
  466 465.5 29.6969 0.0128893
  467 466.5 29.6829 0.0128832
  468 467.5 29.634 0.012862
  469 468.5 29.6734 0.0128791
  470 469.5 29.6497 0.0128688
  471 470.5 29.6182 0.0128551
  472 471.5 29.6373 0.0128634
  473 472.5 29.6487 0.0128684
  474 473.5 29.6041 0.012849
  475 474.5 29.5578 0.0128289
  476 475.5 29.5967 0.0128458
  477 476.5 29.5642 0.0128317
  478 477.5 29.5984 0.0128465
  479 478.5 29.628 0.0128594
  480 479.5 29.6513 0.0128695
50000000 480 5290
  1 0.5 29.5788 0.012838
  2 1.5 29.5787 0.012838
  3 2.5 29.5477 0.0128245
  4 3.5 29.5372 0.0128199
  5 4.5 29.5507 0.0128258
  6 5.5 29.5523 0.0128265
  7 6.5 29.5536 0.0128271
  8 7.5 29.5275 0.0128158
  9 8.5 29.5381 0.0128203
  10 9.5 29.5326 0.012818
  11 10.5 29.5315 0.0128175
  12 11.5 29.5222 0.0128135
  13 12.5 29.528 0.012816
  14 13.5 29.5151 0.0128104
  15 14.5 29.5006 0.0128041
  16 15.5 29.482 0.012796
  17 16.5 29.5097 0.012808
  18 17.5 29.4861 0.0127978
  19 18.5 29.4917 0.0128002
  20 19.5 29.4546 0.0127841
  21 20.5 29.4458 0.0127803
  22 21.5 29.4381 0.0127769
  23 22.5 29.4121 0.0127657
  24 23.5 29.4067 0.0127633
  25 24.5 29.4305 0.0127736
  26 25.5 29.3748 0.0127495
  27 26.5 29.3673 0.0127462
  28 27.5 29.3498 0.0127386
  29 28.5 29.3271 0.0127288
  30 29.5 29.3395 0.0127341
  31 30.5 29.3121 0.0127223
  32 31.5 29.3041 0.0127188
  33 32.5 29.294 0.0127144
  34 33.5 29.2662 0.0127024
  35 34.5 29.2901 0.0127127
  36 35.5 29.2821 0.0127092
  37 36.5 29.2905 0.0127129
  38 37.5 29.2718 0.0127048
  39 38.5 29.3131 0.0127227
  40 39.5 29.2958 0.0127152
  41 40.5 29.3238 0.0127274
  42 41.5 29.2962 0.0127153
  43 42.5 29.2924 0.0127137
  44 43.5 29.3179 0.0127248
  45 44.5 29.3006 0.0127173
  46 45.5 29.2871 0.0127114
  47 46.5 29.3085 0.0127207
  48 47.5 29.3214 0.0127263
  49 48.5 29.2935 0.0127142
  50 49.5 29.3047 0.012719
  51 50.5 29.318 0.0127248
  52 51.5 29.3067 0.0127199
  53 52.5 29.3191 0.0127253
  54 53.5 29.3369 0.012733
  55 54.5 29.364 0.0127448
  56 55.5 29.2623 0.0127007
  57 56.5 29.3373 0.0127332
  58 57.5 29.3278 0.0127291
  59 58.5 29.2334 0.0126881
  60 59.5 29.1679 0.0126597
  61 60.5 29.1519 0.0126527
  62 61.5 29.0613 0.0126134
  63 62.5 28.9466 0.0125636
  64 63.5 28.8585 0.0125254
  65 64.5 28.6726 0.0124447
  66 65.5 28.5072 0.0123729
  67 66.5 28.2715 0.0122706
  68 67.5 27.9683 0.012139
  69 68.5 27.5309 0.0119492
  70 69.5 27.0311 0.0117322
  71 70.5 26.3682 0.0114445
  72 71.5 25.492 0.0110643
  73 72.5 24.4273 0.0106021
  74 73.5 23.1215 0.0100354
  75 74.5 21.5729 0.00936323
  76 75.5 19.8128 0.00859931
  77 76.5 17.8309 0.00773912
  78 77.5 15.7475 0.00683485
  79 78.5 13.6033 0.00590421
  80 79.5 11.5047 0.00499337
  81 80.5 9.45521 0.00410382
  82 81.5 7.64513 0.0033182
  83 82.5 6.04293 0.0026228
  84 83.5 4.70596 0.00204252
  85 84.5 3.60369 0.0015641
  86 85.5 2.77845 0.00120593
  87 86.5 2.16968 0.000941701
  88 87.5 1.74598 0.000757804
  89 88.5 1.44848 0.00062868
  90 89.5 1.23921 0.000537851
  91 90.5 1.10505 0.000479623
  92 91.5 1.01529 0.000440664
  93 92.5 0.952912 0.00041359
  94 93.5 0.915496 0.000397351
  95 94.5 0.895912 0.000388851
  96 95.5 0.874118 0.000379391
  97 96.5 0.862606 0.000374395
  98 97.5 0.850832 0.000369285
  99 98.5 0.845292 0.00036688
  100 99.5 0.837862 0.000363655
  101 100.5 0.830836 0.000360606
  102 101.5 0.831726 0.000360992
  103 102.5 0.832754 0.000361438
  104 103.5 0.823408 0.000357382
  105 104.5 0.825286 0.000358197
  106 105.5 0.819812 0.000355821
  107 106.5 0.820274 0.000356022
  108 107.5 0.814358 0.000353454
  109 108.5 0.82121 0.000356428
  110 109.5 0.82629 0.000358633
  111 110.5 0.82702 0.00035895
  112 111.5 0.827806 0.000359291
  113 112.5 0.823602 0.000357466
  114 113.5 0.829966 0.000360228
  115 114.5 0.825666 0.000358362
  116 115.5 0.82751 0.000359162
  117 116.5 0.826496 0.000358722
  118 117.5 0.823372 0.000357366
  119 118.5 0.825556 0.000358314
  120 119.5 0.828912 0.000359771
  121 120.5 0.830716 0.000360554
  122 121.5 0.83847 0.000363919
  123 122.5 0.84269 0.000365751
  124 123.5 0.840494 0.000364798
  125 124.5 0.842056 0.000365476
  126 125.5 0.842366 0.00036561
  127 126.5 0.84144 0.000365208
  128 127.5 0.845238 0.000366857
  129 128.5 0.84662 0.000367457
  130 129.5 0.842742 0.000365773
  131 130.5 0.841966 0.000365437
  132 131.5 0.836402 0.000363022
  133 132.5 0.833242 0.00036165
  134 133.5 0.82736 0.000359097
  135 134.5 0.828218 0.00035947
  136 135.5 0.828846 0.000359742
  137 136.5 0.82354 0.000357439
  138 137.5 0.829242 0.000359914
  139 138.5 0.832818 0.000361466
  140 139.5 0.827978 0.000359365
  141 140.5 0.820442 0.000356095
  142 141.5 0.824748 0.000357964
  143 142.5 0.823876 0.000357585
  144 143.5 0.82961 0.000360074
  145 144.5 0.8266 0.000358767
  146 145.5 0.831884 0.000361061
  147 146.5 0.83236 0.000361267
  148 147.5 0.839206 0.000364239
  149 148.5 0.839598 0.000364409
  150 149.5 0.844178 0.000366397
  151 150.5 0.842738 0.000365772
  152 151.5 0.835712 0.000362722
  153 152.5 0.843838 0.000366249
  154 153.5 0.84992 0.000368889
  155 154.5 0.843922 0.000366286
  156 155.5 0.837474 0.000363487
  157 156.5 0.835252 0.000362523
  158 157.5 0.841704 0.000365323
  159 158.5 0.839542 0.000364385
  160 159.5 0.839916 0.000364547
  161 160.5 0.835144 0.000362476
  162 161.5 0.840406 0.00036476
  163 162.5 0.836098 0.00036289
  164 163.5 0.839046 0.000364169
  165 164.5 0.831938 0.000361084
  166 165.5 0.83285 0.00036148
  167 166.5 0.836506 0.000363067
  168 167.5 0.829398 0.000359982
  169 168.5 0.827518 0.000359166
  170 169.5 0.825504 0.000358292
  171 170.5 0.825408 0.00035825
  172 171.5 0.824822 0.000357996
  173 172.5 0.831638 0.000360954
  174 173.5 0.836204 0.000362936
  175 174.5 0.834454 0.000362176
  176 175.5 0.835974 0.000362836
  177 176.5 0.834496 0.000362194
  178 177.5 0.841448 0.000365212
  179 178.5 0.841204 0.000365106
  180 179.5 0.840784 0.000364924
  181 180.5 0.84092 0.000364983
  182 181.5 0.846564 0.000367432
  183 182.5 0.837316 0.000363418
  184 183.5 0.835544 0.000362649
  185 184.5 0.835662 0.000362701
  186 185.5 0.836646 0.000363128
  187 186.5 0.83562 0.000362682
  188 187.5 0.835156 0.000362481
  189 188.5 0.844624 0.00036659
  190 189.5 0.845828 0.000367113
  191 190.5 0.837622 0.000363551
  192 191.5 0.834034 0.000361994
  193 192.5 0.827756 0.000359269
  194 193.5 0.830108 0.00036029
  195 194.5 0.8336 0.000361806
  196 195.5 0.833074 0.000361577
  197 196.5 0.83239 0.00036128
  198 197.5 0.832146 0.000361174
  199 198.5 0.835966 0.000362832
  200 199.5 0.847078 0.000367655
  201 200.5 0.85306 0.000370252
  202 201.5 0.85693 0.000371931
  203 202.5 0.8531 0.000370269
  204 203.5 0.848974 0.000368478
  205 204.5 0.843068 0.000365915
  206 205.5 0.841626 0.000365289
  207 206.5 0.842262 0.000365565
  208 207.5 0.838732 0.000364033
  209 208.5 0.845804 0.000367102
  210 209.5 0.841064 0.000365045
  211 210.5 0.854514 0.000370883
  212 211.5 0.857562 0.000372206
  213 212.5 0.861572 0.000373946
  214 213.5 0.868908 0.00037713
  215 214.5 0.872936 0.000378878
  216 215.5 0.885134 0.000384173
  217 216.5 0.891654 0.000387003
  218 217.5 0.906606 0.000393492
  219 218.5 0.926182 0.000401989
  220 219.5 0.963344 0.000418118
  221 220.5 1.02758 0.000445998
  222 221.5 1.12549 0.000488495
  223 222.5 1.25877 0.000546342
  224 223.5 1.45566 0.000631799
  225 224.5 1.74201 0.000756079
  226 225.5 2.15731 0.000936332
  227 226.5 2.72384 0.00118222
  228 227.5 3.47671 0.00150899
  229 228.5 4.40987 0.00191401
  230 229.5 5.52974 0.00240006
  231 230.5 6.79811 0.00295057
  232 231.5 8.1246 0.0035263
  233 232.5 9.39318 0.0040769
  234 233.5 10.5727 0.00458884
  235 234.5 11.4625 0.00497505
  236 235.5 12.0215 0.00521767
  237 236.5 12.1729 0.00528338
  238 237.5 11.8911 0.00516108
  239 238.5 11.2301 0.00487418
  240 239.5 10.3317 0.00448427
  241 240.5 9.23102 0.00400652
  242 241.5 8.08342 0.00350843
  243 242.5 6.98819 0.00303307
  244 243.5 5.98926 0.0025995
  245 244.5 5.12861 0.00222596
  246 245.5 4.42567 0.00192086
  247 246.5 3.86857 0.00167907
  248 247.5 3.42389 0.00148606
  249 248.5 3.10425 0.00134733
  250 249.5 2.84393 0.00123435
  251 250.5 2.63818 0.00114504
  252 251.5 2.52199 0.00109461
  253 252.5 2.42516 0.00105259
  254 253.5 2.36606 0.00102693
  255 254.5 2.29353 0.000995457
  256 255.5 2.21882 0.00096303
  257 256.5 2.17359 0.000943397
  258 257.5 2.15597 0.000935752
  259 258.5 2.13982 0.000928741
  260 259.5 2.1081 0.000914974
  261 260.5 2.08641 0.000905562
  262 261.5 2.0885 0.000906466
  263 262.5 2.07127 0.00089899
  264 263.5 2.06108 0.000894565
  265 264.5 2.05893 0.000893635
  266 265.5 2.05124 0.000890295
  267 266.5 2.03934 0.00088513
  268 267.5 2.0298 0.000880988
  269 268.5 2.02749 0.000879989
  270 269.5 2.02522 0.000879002
  271 270.5 2.01836 0.000876023
  272 271.5 2.01835 0.000876018
  273 272.5 2.0204 0.000876911
  274 273.5 2.02371 0.000878345
  275 274.5 2.04141 0.00088603
  276 275.5 2.03593 0.000883651
  277 276.5 2.04279 0.000886629
  278 277.5 2.06269 0.000895263
  279 278.5 2.05599 0.000892359
  280 279.5 2.0887 0.000906554
  281 280.5 2.11504 0.000917984
  282 281.5 2.1352 0.000926738
  283 282.5 2.14523 0.000931088
  284 283.5 2.14869 0.00093259
  285 284.5 2.16191 0.000938331
  286 285.5 2.16342 0.000938985
  287 286.5 2.15316 0.000934532
  288 287.5 2.15132 0.000933734
  289 288.5 2.17187 0.00094265
  290 289.5 2.16665 0.000940385
  291 290.5 2.17397 0.000943562
  292 291.5 2.19096 0.000950938
  293 292.5 2.19235 0.000951539
  294 293.5 2.18466 0.000948201
  295 294.5 2.17164 0.000942554
  296 295.5 2.16854 0.000941205
  297 296.5 2.16448 0.000939444
  298 297.5 2.16499 0.000939666
  299 298.5 2.16342 0.000938984
  300 299.5 2.14822 0.000932389
  301 300.5 2.15963 0.000937339
  302 301.5 2.15891 0.000937027
  303 302.5 2.14036 0.000928975
  304 303.5 2.14578 0.00093133
  305 304.5 2.13007 0.00092451
  306 305.5 2.1189 0.000919661
  307 306.5 2.12684 0.000923107
  308 307.5 2.14303 0.000930133
  309 308.5 2.13079 0.000924823
  310 309.5 2.12904 0.000924062
  311 310.5 2.12977 0.000924379
  312 311.5 2.13611 0.000927133
  313 312.5 2.13073 0.000924798
  314 313.5 2.13359 0.000926036
  315 314.5 2.13986 0.00092876
  316 315.5 2.14113 0.000929309
  317 316.5 2.14882 0.000932647
  318 317.5 2.172 0.000942708
  319 318.5 2.19731 0.000953695
  320 319.5 2.19001 0.000950526
  321 320.5 2.17635 0.000944595
  322 321.5 2.18083 0.000946539
  323 322.5 2.18935 0.00095024
  324 323.5 2.20178 0.000955633
  325 324.5 2.21499 0.000961368
  326 325.5 2.21091 0.000959597
  327 326.5 2.19899 0.000954424
  328 327.5 2.2093 0.000958897
  329 328.5 2.21186 0.00096001
  330 329.5 2.21935 0.000963258
  331 330.5 2.20996 0.000959186
  332 331.5 2.21617 0.00096188
  333 332.5 2.22503 0.000965723
  334 333.5 2.20033 0.000955005
  335 334.5 2.19798 0.000953985
  336 335.5 2.2048 0.000956945
  337 336.5 2.20571 0.000957339
  338 337.5 2.20291 0.000956123
  339 338.5 2.21557 0.00096162
  340 339.5 2.24634 0.000974972
  341 340.5 2.27611 0.000987894
  342 341.5 2.28183 0.000990378
  343 342.5 2.28986 0.000993864
  344 343.5 2.27651 0.00098807
  345 344.5 2.28202 0.000990459
  346 345.5 2.29865 0.000997676
  347 346.5 2.29769 0.000997261
  348 347.5 2.27738 0.000988448
  349 348.5 2.28264 0.000990731
  350 349.5 2.27771 0.000988591
  351 350.5 2.26484 0.000983002
  352 351.5 2.26746 0.00098414
  353 352.5 2.2572 0.000979688
  354 353.5 2.26056 0.000981145
  355 354.5 2.25228 0.000977552
  356 355.5 2.24617 0.000974899
  357 356.5 2.23108 0.000968351
  358 357.5 2.22145 0.000964169
  359 358.5 2.22294 0.000964818
  360 359.5 2.20639 0.000957635
  361 360.5 2.20207 0.000955759
  362 361.5 2.19332 0.00095196
  363 362.5 2.18886 0.000950025
  364 363.5 2.17049 0.000942053
  365 364.5 2.1542 0.000934981
  366 365.5 2.15158 0.000933844
  367 366.5 2.15161 0.000933857
  368 367.5 2.13498 0.000926641
  369 368.5 2.12355 0.00092168
  370 369.5 2.12237 0.000921167
  371 370.5 2.13057 0.000924725
  372 371.5 2.12198 0.000920997
  373 372.5 2.10201 0.000912331
  374 373.5 2.10991 0.000915761
  375 374.5 2.11061 0.000916062
  376 375.5 2.13105 0.000924935
  377 376.5 2.13868 0.000928247
  378 377.5 2.13593 0.000927054
  379 378.5 2.13278 0.000925686
  380 379.5 2.16408 0.00093927
  381 380.5 2.17768 0.000945173
  382 381.5 2.19549 0.000952903
  383 382.5 2.2441 0.000974001
  384 383.5 2.29409 0.000995699
  385 384.5 2.36918 0.00102829
  386 385.5 2.44821 0.00106259
  387 386.5 2.55035 0.00110692
  388 387.5 2.69609 0.00117018
  389 388.5 2.90582 0.00126121
  390 389.5 3.18033 0.00138035
  391 390.5 3.57406 0.00155124
  392 391.5 4.08929 0.00177486
  393 392.5 4.79686 0.00208197
  394 393.5 5.7189 0.00248216
  395 394.5 6.8783 0.00298537
  396 395.5 8.34072 0.0036201
  397 396.5 10.0263 0.00435168
  398 397.5 11.9508 0.00518696
  399 398.5 14.0276 0.00608835
  400 399.5 16.2031 0.00703258
  401 400.5 18.3452 0.00796232
  402 401.5 20.3894 0.00884957
  403 402.5 22.2112 0.00964028
  404 403.5 23.7603 0.0103126
  405 404.5 25.0494 0.0108722
  406 405.5 26.0843 0.0113213
  407 406.5 26.9339 0.0116901
  408 407.5 27.5598 0.0119617
  409 408.5 28.0524 0.0121755
  410 409.5 28.4473 0.0123469
  411 410.5 28.7402 0.012474
  412 411.5 28.9677 0.0125728
  413 412.5 29.1028 0.0126314
  414 413.5 29.2161 0.0126806
  415 414.5 29.2918 0.0127135
  416 415.5 29.365 0.0127452
  417 416.5 29.4086 0.0127641
  418 417.5 29.4351 0.0127756
  419 418.5 29.4875 0.0127984
  420 419.5 29.5087 0.0128076
  421 420.5 29.5176 0.0128115
  422 421.5 29.5495 0.0128253
  423 422.5 29.5619 0.0128307
  424 423.5 29.5453 0.0128235
  425 424.5 29.5462 0.0128239
  426 425.5 29.5968 0.0128458
  427 426.5 29.5933 0.0128443
  428 427.5 29.5299 0.0128168
  429 428.5 29.6118 0.0128523
  430 429.5 29.6178 0.0128549
  431 430.5 29.5991 0.0128468
  432 431.5 29.5485 0.0128249
  433 432.5 29.6355 0.0128626
  434 433.5 29.6069 0.0128502
  435 434.5 29.5617 0.0128306
  436 435.5 29.5944 0.0128448
  437 436.5 29.5933 0.0128443
  438 437.5 29.596 0.0128455
  439 438.5 29.5601 0.0128299
  440 439.5 29.6303 0.0128604
  441 440.5 29.639 0.0128642
  442 441.5 29.5997 0.0128471
  443 442.5 29.6486 0.0128683
  444 443.5 29.6898 0.0128862
  445 444.5 29.645 0.0128667
  446 445.5 29.651 0.0128694
  447 446.5 29.6872 0.0128851
  448 447.5 29.6943 0.0128881
  449 448.5 29.6382 0.0128638
  450 449.5 29.658 0.0128724
  451 450.5 29.6574 0.0128722
  452 451.5 29.6615 0.0128739
  453 452.5 29.64 0.0128646
  454 453.5 29.6557 0.0128714
  455 454.5 29.6602 0.0128733
  456 455.5 29.6794 0.0128817
  457 456.5 29.6437 0.0128662
  458 457.5 29.6492 0.0128686
  459 458.5 29.7156 0.0128974
  460 459.5 29.7152 0.0128972
  461 460.5 29.6383 0.0128638
  462 461.5 29.6867 0.0128849
  463 462.5 29.7186 0.0128987
  464 463.5 29.7064 0.0128934
  465 464.5 29.6654 0.0128756
  466 465.5 29.6982 0.0128899
  467 466.5 29.7248 0.0129014
  468 467.5 29.6696 0.0128774
  469 468.5 29.6777 0.0128809
  470 469.5 29.6831 0.0128833
  471 470.5 29.6599 0.0128732
  472 471.5 29.6835 0.0128835
  473 472.5 29.6483 0.0128682
  474 473.5 29.6649 0.0128754
  475 474.5 29.6401 0.0128646
  476 475.5 29.6115 0.0128522
  477 476.5 29.6083 0.0128508
  478 477.5 29.6307 0.0128606
  479 478.5 29.5731 0.0128355
  480 479.5 29.6144 0.0128535
