# Chunk-averaged data for fix tensor3 and group c2
# Timestep Number-of-chunks Total-count
# Chunk Coord1 Ncount density/number
20000000 480 5736
  1 0.5 2.49347 0.00108223
  2 1.5 2.5048 0.00108715
  3 2.5 2.50694 0.00108808
  4 3.5 2.52889 0.00109761
  5 4.5 2.53647 0.0011009
  6 5.5 2.53799 0.00110156
  7 6.5 2.54934 0.00110649
  8 7.5 2.53427 0.00109994
  9 8.5 2.52536 0.00109607
  10 9.5 2.53972 0.00110231
  11 10.5 2.53435 0.00109998
  12 11.5 2.53156 0.00109877
  13 12.5 2.54758 0.00110572
  14 13.5 2.5552 0.00110903
  15 14.5 2.5318 0.00109887
  16 15.5 2.52614 0.00109641
  17 16.5 2.52013 0.00109381
  18 17.5 2.52064 0.00109403
  19 18.5 2.51058 0.00108966
  20 19.5 2.50508 0.00108728
  21 20.5 2.51788 0.00109283
  22 21.5 2.51449 0.00109136
  23 22.5 2.5241 0.00109553
  24 23.5 2.53723 0.00110123
  25 24.5 2.55967 0.00111097
  26 25.5 2.56243 0.00111216
  27 26.5 2.56169 0.00111184
  28 27.5 2.56955 0.00111526
  29 28.5 2.57176 0.00111622
  30 29.5 2.56408 0.00111288
  31 30.5 2.55537 0.0011091
  32 31.5 2.55754 0.00111005
  33 32.5 2.55954 0.00111091
  34 33.5 2.56067 0.0011114
  35 34.5 2.57375 0.00111708
  36 35.5 2.57679 0.0011184
  37 36.5 2.59023 0.00112423
  38 37.5 2.59533 0.00112644
  39 38.5 2.60455 0.00113045
  40 39.5 2.61854 0.00113652
  41 40.5 2.61277 0.00113402
  42 41.5 2.59769 0.00112747
  43 42.5 2.61449 0.00113476
  44 43.5 2.59967 0.00112833
  45 44.5 2.59195 0.00112498
  46 45.5 2.59433 0.00112601
  47 46.5 2.58587 0.00112234
  48 47.5 2.60129 0.00112903
  49 48.5 2.61866 0.00113657
  50 49.5 2.64444 0.00114776
  51 50.5 2.65087 0.00115055
  52 51.5 2.68505 0.00116539
  53 52.5 2.72557 0.00118297
  54 53.5 2.75363 0.00119515
  55 54.5 2.77583 0.00120479
  56 55.5 2.80813 0.00121881
  57 56.5 2.86019 0.0012414
  58 57.5 2.9013 0.00125924
  59 58.5 2.97103 0.00128951
  60 59.5 3.04699 0.00132248
  61 60.5 3.11754 0.0013531
  62 61.5 3.21508 0.00139543
  63 62.5 3.30578 0.0014348
  64 63.5 3.37397 0.0014644
  65 64.5 3.42413 0.00148617
  66 65.5 3.4848 0.0015125
  67 66.5 3.48079 0.00151076
  68 67.5 3.37538 0.00146501
  69 68.5 3.20553 0.00139129
  70 69.5 2.97572 0.00129155
  71 70.5 2.65246 0.00115124
  72 71.5 2.29781 0.000997314
  73 72.5 1.92356 0.00083488
  74 73.5 1.57092 0.000681822
  75 74.5 1.26126 0.000547424
  76 75.5 1.01399 0.0004401
  77 76.5 0.812382 0.000352596
  78 77.5 0.659844 0.000286391
  79 78.5 0.551228 0.000239248
  80 79.5 0.475732 0.000206481
  81 80.5 0.423516 0.000183818
  82 81.5 0.384204 0.000166755
  83 82.5 0.359468 0.000156019
  84 83.5 0.348256 0.000151153
  85 84.5 0.336452 0.00014603
  86 85.5 0.32865 0.000142643
  87 86.5 0.322738 0.000140077
  88 87.5 0.319668 0.000138745
  89 88.5 0.321364 0.000139481
  90 89.5 0.319652 0.000138738
  91 90.5 0.315296 0.000136847
  92 91.5 0.313944 0.00013626
  93 92.5 0.312786 0.000135758
  94 93.5 0.312742 0.000135739
  95 94.5 0.31067 0.000134839
  96 95.5 0.314266 0.0001364
  97 96.5 0.319054 0.000138478
  98 97.5 0.31685 0.000137522
  99 98.5 0.317216 0.000137681
  100 99.5 0.315772 0.000137054
  101 100.5 0.315596 0.000136977
  102 101.5 0.319282 0.000138577
  103 102.5 0.319014 0.000138461
  104 103.5 0.318828 0.00013838
  105 104.5 0.31583 0.000137079
  106 105.5 0.314918 0.000136683
  107 106.5 0.31387 0.000136228
  108 107.5 0.314306 0.000136418
  109 108.5 0.319064 0.000138483
  110 109.5 0.318304 0.000138153
  111 110.5 0.317632 0.000137861
  112 111.5 0.319422 0.000138638
  113 112.5 0.316478 0.00013736
  114 113.5 0.315134 0.000136777
  115 114.5 0.317076 0.00013762
  116 115.5 0.314856 0.000136656
  117 116.5 0.314376 0.000136448
  118 117.5 0.312604 0.000135679
  119 118.5 0.31625 0.000137261
  120 119.5 0.313238 0.000135954
  121 120.5 0.316912 0.000137549
  122 121.5 0.315304 0.000136851
  123 122.5 0.31783 0.000137947
  124 123.5 0.322008 0.00013976
  125 124.5 0.322622 0.000140027
  126 125.5 0.320478 0.000139096
  127 126.5 0.320242 0.000138994
  128 127.5 0.323596 0.00014045
  129 128.5 0.32191 0.000139718
  130 129.5 0.31901 0.000138459
  131 130.5 0.32035 0.000139041
  132 131.5 0.320766 0.000139221
  133 132.5 0.318934 0.000138426
  134 133.5 0.323548 0.000140429
  135 134.5 0.321922 0.000139723
  136 135.5 0.319704 0.00013876
  137 136.5 0.321496 0.000139538
  138 137.5 0.325498 0.000141275
  139 138.5 0.321622 0.000139593
  140 139.5 0.320566 0.000139135
  141 140.5 0.31683 0.000137513
  142 141.5 0.316866 0.000137529
  143 142.5 0.316856 0.000137524
  144 143.5 0.31582 0.000137075
  145 144.5 0.314858 0.000136657
  146 145.5 0.316658 0.000137438
  147 146.5 0.316256 0.000137264
  148 147.5 0.315006 0.000136721
  149 148.5 0.316752 0.000137479
  150 149.5 0.312218 0.000135511
  151 150.5 0.31136 0.000135139
  152 151.5 0.313056 0.000135875
  153 152.5 0.318134 0.000138079
  154 153.5 0.314174 0.00013636
  155 154.5 0.314344 0.000136434
  156 155.5 0.314492 0.000136498
  157 156.5 0.311178 0.00013506
  158 157.5 0.311986 0.000135411
  159 158.5 0.308908 0.000134075
  160 159.5 0.309886 0.000134499
  161 160.5 0.31291 0.000135812
  162 161.5 0.311332 0.000135127
  163 162.5 0.313638 0.000136128
  164 163.5 0.317168 0.00013766
  165 164.5 0.313008 0.000135854
  166 165.5 0.31789 0.000137973
  167 166.5 0.31396 0.000136267
  168 167.5 0.312686 0.000135714
  169 168.5 0.310952 0.000134962
  170 169.5 0.309292 0.000134241
  171 170.5 0.306326 0.000132954
  172 171.5 0.307032 0.00013326
  173 172.5 0.30534 0.000132526
  174 173.5 0.308296 0.000133809
  175 174.5 0.30834 0.000133828
  176 175.5 0.30904 0.000134132
  177 176.5 0.306524 0.00013304
  178 177.5 0.310524 0.000134776
  179 178.5 0.310152 0.000134615
  180 179.5 0.314494 0.000136499
  181 180.5 0.317018 0.000137595
  182 181.5 0.31809 0.00013806
  183 182.5 0.319424 0.000138639
  184 183.5 0.317212 0.000137679
  185 184.5 0.318174 0.000138096
  186 185.5 0.316494 0.000137367
  187 186.5 0.318036 0.000138036
  188 187.5 0.319754 0.000138782
  189 188.5 0.31527 0.000136836
  190 189.5 0.315106 0.000136765
  191 190.5 0.318918 0.000138419
  192 191.5 0.31811 0.000138069
  193 192.5 0.321216 0.000139417
  194 193.5 0.318684 0.000138318
  195 194.5 0.318178 0.000138098
  196 195.5 0.31222 0.000135512
  197 196.5 0.313762 0.000136181
  198 197.5 0.315402 0.000136893
  199 198.5 0.316536 0.000137385
  200 199.5 0.318414 0.000138201
  201 200.5 0.31777 0.000137921
  202 201.5 0.319914 0.000138852
  203 202.5 0.320264 0.000139003
  204 203.5 0.322012 0.000139762
  205 204.5 0.319014 0.000138461
  206 205.5 0.3232 0.000140278
  207 206.5 0.325968 0.000141479
  208 207.5 0.32564 0.000141337
  209 208.5 0.330548 0.000143467
  210 209.5 0.339284 0.000147259
  211 210.5 0.347536 0.00015084
  212 211.5 0.358712 0.000155691
  213 212.5 0.387968 0.000168389
  214 213.5 0.422826 0.000183518
  215 214.5 0.476108 0.000206644
  216 215.5 0.558774 0.000242523
  217 216.5 0.67176 0.000291562
  218 217.5 0.83842 0.000363898
  219 218.5 1.08253 0.00046985
  220 219.5 1.42605 0.000618946
  221 220.5 1.88804 0.000819461
  222 221.5 2.51736 0.0010926
  223 222.5 3.34681 0.00145261
  224 223.5 4.39701 0.00190843
  225 224.5 5.71234 0.00247931
  226 225.5 7.29812 0.00316759
  227 226.5 9.1425 0.0039681
  228 227.5 11.177 0.00485113
  229 228.5 13.4144 0.00582224
  230 229.5 15.772 0.00684546
  231 230.5 18.1006 0.00785617
  232 231.5 20.3484 0.00883177
  233 232.5 22.4492 0.00974359
  234 233.5 24.3828 0.0105828
  235 234.5 26.0586 0.0113102
  236 235.5 27.4146 0.0118987
  237 236.5 28.5758 0.0124027
  238 237.5 29.5736 0.0128358
  239 238.5 30.2877 0.0131457
  240 239.5 30.8246 0.0133788
  241 240.5 31.3244 0.0135957
  242 241.5 31.7224 0.0137684
  243 242.5 31.8997 0.0138454
  244 243.5 32.0966 0.0139308
  245 244.5 32.3186 0.0140272
  246 245.5 32.3617 0.0140459
  247 246.5 32.403 0.0140638
  248 247.5 32.538 0.0141224
  249 248.5 32.5805 0.0141408
  250 249.5 32.57 0.0141363
  251 250.5 32.5871 0.0141437
  252 251.5 32.6528 0.0141722
  253 252.5 32.6464 0.0141694
  254 253.5 32.6884 0.0141877
  255 254.5 32.6969 0.0141914
  256 255.5 32.7289 0.0142053
  257 256.5 32.7297 0.0142056
  258 257.5 32.7173 0.0142002
  259 258.5 32.7837 0.014229
  260 259.5 32.7117 0.0141978
  261 260.5 32.7714 0.0142237
  262 261.5 32.7302 0.0142058
  263 262.5 32.7462 0.0142128
  264 263.5 32.74 0.0142101
  265 264.5 32.7552 0.0142166
  266 265.5 32.7394 0.0142098
  267 266.5 32.7423 0.0142111
  268 267.5 32.7449 0.0142122
  269 268.5 32.7642 0.0142206
  270 269.5 32.7569 0.0142174
  271 270.5 32.7091 0.0141967
  272 271.5 32.7133 0.0141985
  273 272.5 32.7094 0.0141968
  274 273.5 32.6963 0.0141911
  275 274.5 32.6899 0.0141883
  276 275.5 32.7471 0.0142131
  277 276.5 32.7228 0.0142026
  278 277.5 32.6963 0.0141911
  279 278.5 32.6921 0.0141893
  280 279.5 32.7218 0.0142022
  281 280.5 32.6765 0.0141825
  282 281.5 32.6437 0.0141683
  283 282.5 32.6775 0.014183
  284 283.5 32.6725 0.0141808
  285 284.5 32.6614 0.014176
  286 285.5 32.6544 0.0141729
  287 286.5 32.6793 0.0141837
  288 287.5 32.6687 0.0141791
  289 288.5 32.6387 0.0141661
  290 289.5 32.6573 0.0141742
  291 290.5 32.7295 0.0142055
  292 291.5 32.7154 0.0141994
  293 292.5 32.693 0.0141897
  294 293.5 32.6903 0.0141885
  295 294.5 32.717 0.0142001
  296 295.5 32.7206 0.0142016
  297 296.5 32.7264 0.0142042
  298 297.5 32.7451 0.0142123
  299 298.5 32.7442 0.0142119
  300 299.5 32.718 0.0142005
  301 300.5 32.7849 0.0142295
  302 301.5 32.7577 0.0142177
  303 302.5 32.732 0.0142066
  304 303.5 32.7505 0.0142146
  305 304.5 32.7715 0.0142237
  306 305.5 32.7754 0.0142254
  307 306.5 32.8248 0.0142469
  308 307.5 32.8636 0.0142637
  309 308.5 32.8409 0.0142539
  310 309.5 32.889 0.0142747
  311 310.5 32.9376 0.0142958
  312 311.5 32.9075 0.0142828
  313 312.5 32.9179 0.0142873
  314 313.5 32.9257 0.0142907
  315 314.5 32.9463 0.0142996
  316 315.5 32.9338 0.0142942
  317 316.5 32.9405 0.0142971
  318 317.5 32.9508 0.0143015
  319 318.5 32.9069 0.0142825
  320 319.5 32.9637 0.0143072
  321 320.5 33.0532 0.014346
  322 321.5 32.9928 0.0143198
  323 322.5 32.983 0.0143156
  324 323.5 33.0832 0.014359
  325 324.5 33.0151 0.0143295
  326 325.5 32.9728 0.0143111
  327 326.5 33.051 0.0143451
  328 327.5 33.0457 0.0143428
  329 328.5 33.0318 0.0143367
  330 329.5 33.019 0.0143312
  331 330.5 33.0257 0.0143341
  332 331.5 33.0435 0.0143418
  333 332.5 32.9949 0.0143207
  334 333.5 32.9497 0.0143011
  335 334.5 33.0016 0.0143236
  336 335.5 33.0182 0.0143308
  337 336.5 32.9495 0.014301
  338 337.5 32.9402 0.014297
  339 338.5 32.9927 0.0143198
  340 339.5 32.9632 0.0143069
  341 340.5 32.9468 0.0142998
  342 341.5 32.9566 0.0143041
  343 342.5 32.9613 0.0143061
  344 343.5 33.0162 0.0143299
  345 344.5 32.9697 0.0143098
  346 345.5 32.9949 0.0143207
  347 346.5 33.0794 0.0143574
  348 347.5 33.0371 0.014339
  349 348.5 33.0417 0.014341
  350 349.5 33.1047 0.0143684
  351 350.5 33.1277 0.0143783
  352 351.5 33.0835 0.0143591
  353 352.5 33.1046 0.0143683
  354 353.5 33.145 0.0143858
  355 354.5 33.1003 0.0143665
  356 355.5 33.0921 0.0143629
  357 356.5 33.0906 0.0143622
  358 357.5 33.1142 0.0143725
  359 358.5 33.0709 0.0143537
  360 359.5 33.0517 0.0143453
  361 360.5 33.0962 0.0143647
  362 361.5 33.0722 0.0143543
  363 362.5 33.001 0.0143233
  364 363.5 33.0207 0.0143319
  365 364.5 33.0508 0.014345
  366 365.5 32.9913 0.0143191
  367 366.5 32.9416 0.0142976
  368 367.5 33.0187 0.014331
  369 368.5 33.0018 0.0143237
  370 369.5 32.9389 0.0142964
  371 370.5 32.9169 0.0142868
  372 371.5 32.9281 0.0142917
  373 372.5 32.8416 0.0142542
  374 373.5 32.7674 0.0142219
  375 374.5 32.7449 0.0142122
  376 375.5 32.6782 0.0141832
  377 376.5 32.4961 0.0141042
  378 377.5 32.3389 0.014036
  379 378.5 32.1246 0.013943
  380 379.5 31.815 0.0138086
  381 380.5 31.3766 0.0136183
  382 381.5 30.8774 0.0134016
  383 382.5 30.181 0.0130994
  384 383.5 29.2831 0.0127097
  385 384.5 28.1468 0.0122165
  386 385.5 26.7292 0.0116012
  387 386.5 25.1061 0.0108968
  388 387.5 23.1909 0.0100655
  389 388.5 21.0675 0.00914388
  390 389.5 18.817 0.0081671
  391 390.5 16.5282 0.00717368
  392 391.5 14.2076 0.00616649
  393 392.5 12.1082 0.0052553
  394 393.5 10.2204 0.00443594
  395 394.5 8.52753 0.00370119
  396 395.5 7.14931 0.003103
  397 396.5 6.04344 0.00262302
  398 397.5 5.18046 0.00224846
  399 398.5 4.50205 0.00195401
  400 399.5 3.98409 0.00172921
  401 400.5 3.60194 0.00156334
  402 401.5 3.31716 0.00143974
  403 402.5 3.10374 0.00134711
  404 403.5 2.93701 0.00127474
  405 404.5 2.82172 0.00122471
  406 405.5 2.76202 0.0011988
  407 406.5 2.70596 0.00117446
  408 407.5 2.66064 0.00115479
  409 408.5 2.62595 0.00113974
  410 409.5 2.61059 0.00113307
  411 410.5 2.61786 0.00113622
  412 411.5 2.60005 0.0011285
  413 412.5 2.58812 0.00112332
  414 413.5 2.59469 0.00112617
  415 414.5 2.57162 0.00111615
  416 415.5 2.55288 0.00110802
  417 416.5 2.54393 0.00110413
  418 417.5 2.54803 0.00110592
  419 418.5 2.55711 0.00110986
  420 419.5 2.55723 0.00110991
  421 420.5 2.55074 0.00110709
  422 421.5 2.55239 0.00110781
  423 422.5 2.55317 0.00110815
  424 423.5 2.54976 0.00110666
  425 424.5 2.54942 0.00110652
  426 425.5 2.55115 0.00110727
  427 426.5 2.55376 0.0011084
  428 427.5 2.55306 0.0011081
  429 428.5 2.55142 0.00110739
  430 429.5 2.52796 0.00109721
  431 430.5 2.52551 0.00109614
  432 431.5 2.52709 0.00109683
  433 432.5 2.52968 0.00109795
  434 433.5 2.5477 0.00110577
  435 434.5 2.56354 0.00111265
  436 435.5 2.57341 0.00111693
  437 436.5 2.59849 0.00112782
  438 437.5 2.6183 0.00113642
  439 438.5 2.6121 0.00113372
  440 439.5 2.60419 0.00113029
  441 440.5 2.60249 0.00112955
  442 441.5 2.59534 0.00112645
  443 442.5 2.59845 0.0011278
  444 443.5 2.60442 0.00113039
  445 444.5 2.61006 0.00113284
  446 445.5 2.59735 0.00112732
  447 446.5 2.59732 0.00112731
  448 447.5 2.59008 0.00112417
  449 448.5 2.58586 0.00112234
  450 449.5 2.59559 0.00112656
  451 450.5 2.614 0.00113455
  452 451.5 2.62219 0.0011381
  453 452.5 2.61913 0.00113678
  454 453.5 2.61139 0.00113342
  455 454.5 2.59258 0.00112525
  456 455.5 2.59708 0.00112721
  457 456.5 2.59103 0.00112458
  458 457.5 2.58373 0.00112141
  459 458.5 2.57149 0.0011161
  460 459.5 2.56331 0.00111255
  461 460.5 2.56289 0.00111237
  462 461.5 2.56174 0.00111186
  463 462.5 2.55667 0.00110966
  464 463.5 2.53777 0.00110146
  465 464.5 2.51913 0.00109337
  466 465.5 2.50727 0.00108822
  467 466.5 2.51792 0.00109285
  468 467.5 2.50836 0.0010887
  469 468.5 2.51252 0.0010905
  470 469.5 2.50955 0.00108921
  471 470.5 2.51177 0.00109018
  472 471.5 2.48732 0.00107957
  473 472.5 2.48941 0.00108047
  474 473.5 2.51186 0.00109022
  475 474.5 2.5139 0.0010911
  476 475.5 2.50524 0.00108735
  477 476.5 2.49818 0.00108428
  478 477.5 2.51283 0.00109064
  479 478.5 2.50531 0.00108738
  480 479.5 2.49966 0.00108492
30000000 480 5736
  1 0.5 2.30288 0.000999512
  2 1.5 2.30955 0.00100241
  3 2.5 2.3061 0.00100091
  4 3.5 2.29227 0.00099491
  5 4.5 2.30428 0.00100012
  6 5.5 2.32422 0.00100877
  7 6.5 2.32545 0.00100931
  8 7.5 2.33446 0.00101322
  9 8.5 2.33711 0.00101437
  10 9.5 2.33388 0.00101297
  11 10.5 2.33841 0.00101493
  12 11.5 2.34095 0.00101604
  13 12.5 2.34601 0.00101823
  14 13.5 2.33799 0.00101475
  15 14.5 2.3416 0.00101632
  16 15.5 2.35669 0.00102287
  17 16.5 2.37573 0.00103113
  18 17.5 2.37653 0.00103148
  19 18.5 2.3977 0.00104067
  20 19.5 2.39223 0.0010383
  21 20.5 2.39741 0.00104054
  22 21.5 2.39821 0.00104089
  23 22.5 2.40309 0.00104301
  24 23.5 2.42209 0.00105125
  25 24.5 2.4306 0.00105495
  26 25.5 2.42058 0.0010506
  27 26.5 2.42101 0.00105078
  28 27.5 2.41073 0.00104632
  29 28.5 2.40658 0.00104452
  30 29.5 2.38179 0.00103376
  31 30.5 2.37478 0.00103072
  32 31.5 2.38177 0.00103376
  33 32.5 2.37548 0.00103102
  34 33.5 2.35999 0.0010243
  35 34.5 2.35543 0.00102232
  36 35.5 2.35757 0.00102325
  37 36.5 2.34361 0.00101719
  38 37.5 2.34321 0.00101702
  39 38.5 2.34762 0.00101893
  40 39.5 2.37506 0.00103084
  41 40.5 2.38458 0.00103497
  42 41.5 2.40881 0.00104549
  43 42.5 2.41097 0.00104643
  44 43.5 2.42423 0.00105218
  45 44.5 2.4178 0.00104939
  46 45.5 2.4012 0.00104219
  47 46.5 2.40842 0.00104532
  48 47.5 2.41155 0.00104668
  49 48.5 2.41322 0.0010474
  50 49.5 2.40633 0.00104441
  51 50.5 2.4133 0.00104744
  52 51.5 2.40293 0.00104294
  53 52.5 2.41565 0.00104846
  54 53.5 2.42298 0.00105164
  55 54.5 2.42942 0.00105444
  56 55.5 2.42275 0.00105154
  57 56.5 2.44229 0.00106002
  58 57.5 2.44216 0.00105997
  59 58.5 2.47072 0.00107236
  60 59.5 2.49274 0.00108192
  61 60.5 2.52075 0.00109408
  62 61.5 2.5587 0.00111055
  63 62.5 2.59666 0.00112702
  64 63.5 2.64954 0.00114998
  65 64.5 2.71101 0.00117665
  66 65.5 2.77777 0.00120563
  67 66.5 2.87275 0.00124686
  68 67.5 2.97635 0.00129182
  69 68.5 3.0722 0.00133342
  70 69.5 3.14043 0.00136303
  71 70.5 3.17252 0.00137696
  72 71.5 3.17808 0.00137937
  73 72.5 3.15261 0.00136832
  74 73.5 3.06959 0.00133229
  75 74.5 2.9272 0.00127049
  76 75.5 2.72867 0.00118432
  77 76.5 2.46602 0.00107032
  78 77.5 2.17209 0.000942747
  79 78.5 1.85903 0.000806869
  80 79.5 1.55494 0.000674889
  81 80.5 1.2708 0.000551562
  82 81.5 1.02429 0.00044457
  83 82.5 0.824152 0.000357705
  84 83.5 0.672656 0.000291951
  85 84.5 0.561568 0.000243736
  86 85.5 0.47745 0.000207227
  87 86.5 0.418508 0.000181644
  88 87.5 0.384696 0.000166969
  89 88.5 0.365378 0.000158584
  90 89.5 0.344034 0.00014932
  91 90.5 0.332128 0.000144153
  92 91.5 0.323166 0.000140263
  93 92.5 0.322598 0.000140016
  94 93.5 0.318026 0.000138032
  95 94.5 0.314384 0.000136451
  96 95.5 0.313586 0.000136105
  97 96.5 0.314078 0.000136319
  98 97.5 0.3061 0.000132856
  99 98.5 0.305348 0.00013253
  100 99.5 0.308192 0.000133764
  101 100.5 0.309414 0.000134294
  102 101.5 0.309468 0.000134318
  103 102.5 0.308756 0.000134009
  104 103.5 0.309066 0.000134143
  105 104.5 0.312162 0.000135487
  106 105.5 0.31172 0.000135295
  107 106.5 0.312428 0.000135602
  108 107.5 0.311686 0.00013528
  109 108.5 0.311286 0.000135107
  110 109.5 0.313142 0.000135912
  111 110.5 0.311648 0.000135264
  112 111.5 0.31081 0.0001349
  113 112.5 0.308748 0.000134005
  114 113.5 0.307354 0.0001334
  115 114.5 0.310838 0.000134912
  116 115.5 0.313936 0.000136257
  117 116.5 0.30809 0.00013372
  118 117.5 0.30747 0.000133451
  119 118.5 0.305094 0.000132419
  120 119.5 0.304844 0.000132311
  121 120.5 0.305356 0.000132533
  122 121.5 0.303508 0.000131731
  123 122.5 0.30014 0.000130269
  124 123.5 0.304496 0.00013216
  125 124.5 0.30401 0.000131949
  126 125.5 0.296328 0.000128615
  127 126.5 0.303846 0.000131878
  128 127.5 0.300674 0.000130501
  129 128.5 0.302212 0.000131168
  130 129.5 0.301018 0.00013065
  131 130.5 0.302018 0.000131084
  132 131.5 0.306204 0.000132901
  133 132.5 0.305868 0.000132755
  134 133.5 0.304506 0.000132164
  135 134.5 0.30669 0.000133112
  136 135.5 0.305818 0.000132734
  137 136.5 0.308792 0.000134024
  138 137.5 0.30321 0.000131602
  139 138.5 0.30872 0.000133993
  140 139.5 0.306152 0.000132878
  141 140.5 0.30559 0.000132635
  142 141.5 0.309442 0.000134306
  143 142.5 0.30729 0.000133372
  144 143.5 0.308436 0.00013387
  145 144.5 0.310486 0.00013476
  146 145.5 0.31071 0.000134857
  147 146.5 0.308316 0.000133818
  148 147.5 0.306272 0.000132931
  149 148.5 0.312042 0.000135435
  150 149.5 0.308398 0.000133853
  151 150.5 0.307718 0.000133558
  152 151.5 0.306758 0.000133141
  153 152.5 0.307496 0.000133462
  154 153.5 0.309408 0.000134292
  155 154.5 0.31029 0.000134674
  156 155.5 0.307458 0.000133445
  157 156.5 0.305634 0.000132654
  158 157.5 0.306618 0.000133081
  159 158.5 0.313856 0.000136222
  160 159.5 0.317006 0.000137589
  161 160.5 0.317052 0.000137609
  162 161.5 0.315518 0.000136944
  163 162.5 0.317738 0.000137907
  164 163.5 0.316126 0.000137207
  165 164.5 0.317192 0.00013767
  166 165.5 0.314768 0.000136618
  167 166.5 0.316124 0.000137207
  168 167.5 0.317318 0.000137725
  169 168.5 0.31072 0.000134861
  170 169.5 0.309914 0.000134511
  171 170.5 0.311896 0.000135372
  172 171.5 0.314012 0.00013629
  173 172.5 0.311798 0.000135329
  174 173.5 0.314972 0.000136707
  175 174.5 0.313184 0.000135931
  176 175.5 0.311278 0.000135103
  177 176.5 0.308686 0.000133978
  178 177.5 0.30728 0.000133368
  179 178.5 0.313588 0.000136106
  180 179.5 0.317618 0.000137855
  181 180.5 0.315004 0.00013672
  182 181.5 0.314834 0.000136647
  183 182.5 0.315926 0.000137121
  184 183.5 0.315588 0.000136974
  185 184.5 0.316412 0.000137332
  186 185.5 0.315034 0.000136734
  187 186.5 0.315154 0.000136786
  188 187.5 0.313696 0.000136153
  189 188.5 0.313886 0.000136235
  190 189.5 0.320182 0.000138968
  191 190.5 0.321538 0.000139556
  192 191.5 0.317594 0.000137845
  193 192.5 0.317712 0.000137896
  194 193.5 0.314168 0.000136358
  195 194.5 0.314284 0.000136408
  196 195.5 0.316604 0.000137415
  197 196.5 0.317282 0.000137709
  198 197.5 0.313446 0.000136044
  199 198.5 0.316678 0.000137447
  200 199.5 0.313918 0.000136249
  201 200.5 0.311964 0.000135401
  202 201.5 0.318428 0.000138207
  203 202.5 0.312746 0.00013574
  204 203.5 0.31342 0.000136033
  205 204.5 0.316302 0.000137284
  206 205.5 0.316558 0.000137395
  207 206.5 0.319016 0.000138462
  208 207.5 0.312118 0.000135468
  209 208.5 0.313734 0.000136169
  210 209.5 0.317668 0.000137877
  211 210.5 0.317688 0.000137885
  212 211.5 0.322234 0.000139859
  213 212.5 0.322912 0.000140153
  214 213.5 0.332012 0.000144102
  215 214.5 0.3327 0.000144401
  216 215.5 0.339086 0.000147173
  217 216.5 0.349782 0.000151815
  218 217.5 0.36958 0.000160408
  219 218.5 0.395534 0.000171673
  220 219.5 0.444598 0.000192968
  221 220.5 0.512018 0.00022223
  222 221.5 0.623344 0.000270549
  223 222.5 0.788316 0.000342151
  224 223.5 1.03209 0.000447954
  225 224.5 1.36361 0.000591845
  226 225.5 1.85301 0.000804257
  227 226.5 2.52537 0.00109608
  228 227.5 3.42671 0.00148729
  229 228.5 4.582 0.00198872
  230 229.5 6.05158 0.00262655
  231 230.5 7.81671 0.00339267
  232 231.5 9.86304 0.00428084
  233 232.5 12.1687 0.00528156
  234 233.5 14.6512 0.00635905
  235 234.5 17.2239 0.00747565
  236 235.5 19.7402 0.00856782
  237 236.5 22.0645 0.00957661
  238 237.5 24.1876 0.0104981
  239 238.5 26.039 0.0113016
  240 239.5 27.5216 0.0119451
  241 240.5 28.7654 0.012485
  242 241.5 29.7379 0.0129071
  243 242.5 30.525 0.0132487
  244 243.5 31.035 0.01347
  245 244.5 31.5223 0.0136816
  246 245.5 31.9058 0.013848
  247 246.5 32.1238 0.0139426
  248 247.5 32.2861 0.0140131
  249 248.5 32.4279 0.0140746
  250 249.5 32.5539 0.0141293
  251 250.5 32.5653 0.0141342
  252 251.5 32.6724 0.0141807
  253 252.5 32.7303 0.0142059
  254 253.5 32.7032 0.0141941
  255 254.5 32.7128 0.0141983
  256 255.5 32.736 0.0142083
  257 256.5 32.745 0.0142123
  258 257.5 32.7299 0.0142057
  259 258.5 32.7539 0.0142161
  260 259.5 32.7111 0.0141975
  261 260.5 32.6948 0.0141905
  262 261.5 32.7316 0.0142064
  263 262.5 32.7337 0.0142074
  264 263.5 32.7171 0.0142002
  265 264.5 32.716 0.0141997
  266 265.5 32.7451 0.0142123
  267 266.5 32.7083 0.0141963
  268 267.5 32.7014 0.0141933
  269 268.5 32.7354 0.0142081
  270 269.5 32.7291 0.0142053
  271 270.5 32.7279 0.0142048
  272 271.5 32.7376 0.014209
  273 272.5 32.7441 0.0142119
  274 273.5 32.7827 0.0142286
  275 274.5 32.7672 0.0142219
  276 275.5 32.7354 0.0142081
  277 276.5 32.792 0.0142326
  278 277.5 32.7469 0.0142131
  279 278.5 32.7569 0.0142174
  280 279.5 32.7701 0.0142231
  281 280.5 32.7855 0.0142298
  282 281.5 32.8247 0.0142468
  283 282.5 32.7938 0.0142334
  284 283.5 32.8305 0.0142493
  285 284.5 32.8457 0.0142559
  286 285.5 32.806 0.0142387
  287 286.5 32.8024 0.0142372
  288 287.5 32.8237 0.0142464
  289 288.5 32.8401 0.0142535
  290 289.5 32.8069 0.0142391
  291 290.5 32.8438 0.0142551
  292 291.5 32.8744 0.0142684
  293 292.5 32.8737 0.0142681
  294 293.5 32.8829 0.0142721
  295 294.5 32.9363 0.0142953
  296 295.5 32.91 0.0142839
  297 296.5 32.8936 0.0142767
  298 297.5 32.9605 0.0143058
  299 298.5 32.9498 0.0143011
  300 299.5 32.9308 0.0142929
  301 300.5 32.9102 0.014284
  302 301.5 32.9494 0.014301
  303 302.5 32.9484 0.0143005
  304 303.5 32.8829 0.0142721
  305 304.5 32.9119 0.0142847
  306 305.5 32.942 0.0142978
  307 306.5 32.9592 0.0143052
  308 307.5 32.8743 0.0142684
  309 308.5 32.9709 0.0143103
  310 309.5 32.965 0.0143077
  311 310.5 32.9026 0.0142807
  312 311.5 32.9329 0.0142938
  313 312.5 33.0166 0.0143301
  314 313.5 32.962 0.0143064
  315 314.5 32.877 0.0142695
  316 315.5 32.9306 0.0142928
  317 316.5 32.9565 0.0143041
  318 317.5 32.8542 0.0142596
  319 318.5 32.8741 0.0142683
  320 319.5 32.8748 0.0142686
  321 320.5 32.856 0.0142604
  322 321.5 32.8068 0.0142391
  323 322.5 32.7861 0.0142301
  324 323.5 32.8385 0.0142528
  325 324.5 32.7985 0.0142355
  326 325.5 32.7512 0.0142149
  327 326.5 32.8019 0.0142369
  328 327.5 32.8365 0.0142519
  329 328.5 32.7899 0.0142317
  330 329.5 32.832 0.01425
  331 330.5 32.8217 0.0142455
  332 331.5 32.8694 0.0142662
  333 332.5 32.8213 0.0142454
  334 333.5 32.827 0.0142478
  335 334.5 32.846 0.0142561
  336 335.5 32.8159 0.014243
  337 336.5 32.7994 0.0142359
  338 337.5 32.8291 0.0142487
  339 338.5 32.7724 0.0142241
  340 339.5 32.7709 0.0142235
  341 340.5 32.7194 0.0142011
  342 341.5 32.7846 0.0142294
  343 342.5 32.7414 0.0142107
  344 343.5 32.7187 0.0142008
  345 344.5 32.7 0.0141927
  346 345.5 32.7057 0.0141952
  347 346.5 32.6828 0.0141853
  348 347.5 32.68 0.014184
  349 348.5 32.685 0.0141862
  350 349.5 32.6516 0.0141717
  351 350.5 32.672 0.0141806
  352 351.5 32.6728 0.0141809
  353 352.5 32.6718 0.0141805
  354 353.5 32.6445 0.0141686
  355 354.5 32.6528 0.0141722
  356 355.5 32.6361 0.014165
  357 356.5 32.6637 0.014177
  358 357.5 32.6607 0.0141756
  359 358.5 32.6535 0.0141725
  360 359.5 32.6702 0.0141798
  361 360.5 32.6399 0.0141666
  362 361.5 32.6708 0.01418
  363 362.5 32.6362 0.014165
  364 363.5 32.6892 0.014188
  365 364.5 32.6623 0.0141763
  366 365.5 32.6646 0.0141773
  367 366.5 32.6731 0.014181
  368 367.5 32.7367 0.0142087
  369 368.5 32.6589 0.0141749
  370 369.5 32.6496 0.0141708
  371 370.5 32.7262 0.0142041
  372 371.5 32.7037 0.0141943
  373 372.5 32.6345 0.0141643
  374 373.5 32.6828 0.0141853
  375 374.5 32.6765 0.0141825
  376 375.5 32.6143 0.0141555
  377 376.5 32.5614 0.0141325
  378 377.5 32.6044 0.0141512
  379 378.5 32.5159 0.0141128
  380 379.5 32.4369 0.0140785
  381 380.5 32.3618 0.0140459
  382 381.5 32.2969 0.0140178
  383 382.5 32.0957 0.0139304
  384 383.5 31.898 0.0138446
  385 384.5 31.608 0.0137187
  386 385.5 31.2146 0.013548
  387 386.5 30.7382 0.0133412
  388 387.5 30.0877 0.0130589
  389 388.5 29.2241 0.0126841
  390 389.5 28.1972 0.0122384
  391 390.5 26.9087 0.0116791
  392 391.5 25.3454 0.0110006
  393 392.5 23.5297 0.0102126
  394 393.5 21.5567 0.00935619
  395 394.5 19.3802 0.00841156
  396 395.5 17.161 0.00744834
  397 396.5 14.979 0.0065013
  398 397.5 12.9034 0.00560043
  399 398.5 10.9439 0.00474998
  400 399.5 9.23414 0.00400787
  401 400.5 7.80033 0.00338556
  402 401.5 6.59093 0.00286065
  403 402.5 5.6208 0.00243958
  404 403.5 4.8822 0.00211901
  405 404.5 4.31737 0.00187386
  406 405.5 3.8885 0.00168772
  407 406.5 3.58864 0.00155757
  408 407.5 3.35147 0.00145463
  409 408.5 3.16858 0.00137525
  410 409.5 3.05224 0.00132476
  411 410.5 2.96218 0.00128567
  412 411.5 2.8886 0.00125373
  413 412.5 2.83556 0.00123071
  414 413.5 2.79251 0.00121203
  415 414.5 2.74993 0.00119354
  416 415.5 2.71937 0.00118028
  417 416.5 2.68658 0.00116605
  418 417.5 2.65625 0.00115289
  419 418.5 2.65235 0.00115119
  420 419.5 2.65546 0.00115254
  421 420.5 2.64969 0.00115004
  422 421.5 2.636 0.0011441
  423 422.5 2.64746 0.00114907
  424 423.5 2.65735 0.00115336
  425 424.5 2.66966 0.00115871
  426 425.5 2.68289 0.00116445
  427 426.5 2.68451 0.00116515
  428 427.5 2.67961 0.00116303
  429 428.5 2.70307 0.00117321
  430 429.5 2.70155 0.00117255
  431 430.5 2.68943 0.00116729
  432 431.5 2.65821 0.00115374
  433 432.5 2.66869 0.00115829
  434 433.5 2.67063 0.00115913
  435 434.5 2.65542 0.00115253
  436 435.5 2.63492 0.00114363
  437 436.5 2.61544 0.00113517
  438 437.5 2.61588 0.00113537
  439 438.5 2.61595 0.00113539
  440 439.5 2.62231 0.00113816
  441 440.5 2.60236 0.0011295
  442 441.5 2.58397 0.00112152
  443 442.5 2.56944 0.00111521
  444 443.5 2.55732 0.00110995
  445 444.5 2.53871 0.00110187
  446 445.5 2.52772 0.0010971
  447 446.5 2.49728 0.00108389
  448 447.5 2.48757 0.00107967
  449 448.5 2.49403 0.00108248
  450 449.5 2.48172 0.00107713
  451 450.5 2.45905 0.00106729
  452 451.5 2.44738 0.00106223
  453 452.5 2.43383 0.00105635
  454 453.5 2.43451 0.00105664
  455 454.5 2.42066 0.00105064
  456 455.5 2.39754 0.0010406
  457 456.5 2.39521 0.00103959
  458 457.5 2.38936 0.00103705
  459 458.5 2.39138 0.00103792
  460 459.5 2.38634 0.00103574
  461 460.5 2.38896 0.00103688
  462 461.5 2.38329 0.00103441
  463 462.5 2.35553 0.00102236
  464 463.5 2.35071 0.00102027
  465 464.5 2.32847 0.00101062
  466 465.5 2.32371 0.00100856
  467 466.5 2.31928 0.00100663
  468 467.5 2.29802 0.000997406
  469 468.5 2.28664 0.000992465
  470 469.5 2.28634 0.000992334
  471 470.5 2.28139 0.000990188
  472 471.5 2.28178 0.000990356
  473 472.5 2.28195 0.000990431
  474 473.5 2.26895 0.000984786
  475 474.5 2.28227 0.00099057
  476 475.5 2.30416 0.00100007
  477 476.5 2.3167 0.00100551
  478 477.5 2.31461 0.0010046
  479 478.5 2.31259 0.00100373
  480 479.5 2.30717 0.00100138
40000000 480 5736
  1 0.5 2.57553 0.00111785
  2 1.5 2.55522 0.00110904
  3 2.5 2.55181 0.00110755
  4 3.5 2.55329 0.0011082
  5 4.5 2.56339 0.00111258
  6 5.5 2.57003 0.00111547
  7 6.5 2.58451 0.00112175
  8 7.5 2.59706 0.0011272
  9 8.5 2.60905 0.0011324
  10 9.5 2.62722 0.00114028
  11 10.5 2.65067 0.00115046
  12 11.5 2.65873 0.00115396
  13 12.5 2.67393 0.00116056
  14 13.5 2.67726 0.00116201
  15 14.5 2.68074 0.00116352
  16 15.5 2.6953 0.00116983
  17 16.5 2.69358 0.00116909
  18 17.5 2.69287 0.00116878
  19 18.5 2.67288 0.0011601
  20 19.5 2.66902 0.00115843
  21 20.5 2.66395 0.00115623
  22 21.5 2.66401 0.00115625
  23 22.5 2.64179 0.00114661
  24 23.5 2.63643 0.00114428
  25 24.5 2.62648 0.00113996
  26 25.5 2.62084 0.00113752
  27 26.5 2.6042 0.0011303
  28 27.5 2.59558 0.00112655
  29 28.5 2.60028 0.00112859
  30 29.5 2.60924 0.00113248
  31 30.5 2.61899 0.00113672
  32 31.5 2.634 0.00114323
  33 32.5 2.63616 0.00114417
  34 33.5 2.64651 0.00114866
  35 34.5 2.64552 0.00114823
  36 35.5 2.64554 0.00114824
  37 36.5 2.63034 0.00114164
  38 37.5 2.63624 0.0011442
  39 38.5 2.64854 0.00114954
  40 39.5 2.65922 0.00115418
  41 40.5 2.6673 0.00115768
  42 41.5 2.65682 0.00115313
  43 42.5 2.66319 0.0011559
  44 43.5 2.66576 0.00115701
  45 44.5 2.67312 0.00116021
  46 45.5 2.67268 0.00116002
  47 46.5 2.67142 0.00115947
  48 47.5 2.67149 0.0011595
  49 48.5 2.65113 0.00115067
  50 49.5 2.6546 0.00115217
  51 50.5 2.65991 0.00115448
  52 51.5 2.66546 0.00115688
  53 52.5 2.66157 0.00115519
  54 53.5 2.67937 0.00116292
  55 54.5 2.68238 0.00116423
  56 55.5 2.67885 0.0011627
  57 56.5 2.67793 0.00116229
  58 57.5 2.68742 0.00116641
  59 58.5 2.70236 0.0011729
  60 59.5 2.71529 0.00117851
  61 60.5 2.7405 0.00118945
  62 61.5 2.76492 0.00120005
  63 62.5 2.78255 0.0012077
  64 63.5 2.8159 0.00122218
  65 64.5 2.87408 0.00124743
  66 65.5 2.93187 0.00127251
  67 66.5 2.98691 0.0012964
  68 67.5 3.04162 0.00132015
  69 68.5 3.11347 0.00135133
  70 69.5 3.21731 0.0013964
  71 70.5 3.31338 0.0014381
  72 71.5 3.43823 0.00149229
  73 72.5 3.55415 0.0015426
  74 73.5 3.65606 0.00158683
  75 74.5 3.68086 0.0015976
  76 75.5 3.6611 0.00158902
  77 76.5 3.56953 0.00154928
  78 77.5 3.35684 0.00145696
  79 78.5 3.06127 0.00132868
  80 79.5 2.69877 0.00117134
  81 80.5 2.30857 0.00100199
  82 81.5 1.89624 0.00082302
  83 82.5 1.5214 0.000660332
  84 83.5 1.21019 0.000525255
  85 84.5 0.96099 0.000417096
  86 85.5 0.76757 0.000333147
  87 86.5 0.625932 0.000271672
  88 87.5 0.525838 0.000228228
  89 88.5 0.457382 0.000198516
  90 89.5 0.4106 0.000178212
  91 90.5 0.3779 0.000164019
  92 91.5 0.35622 0.000154609
  93 92.5 0.346172 0.000150248
  94 93.5 0.335216 0.000145493
  95 94.5 0.331006 0.000143666
  96 95.5 0.32887 0.000142739
  97 96.5 0.327806 0.000142277
  98 97.5 0.326546 0.00014173
  99 98.5 0.327294 0.000142055
  100 99.5 0.324876 0.000141005
  101 100.5 0.318286 0.000138145
  102 101.5 0.320552 0.000139128
  103 102.5 0.315776 0.000137056
  104 103.5 0.320294 0.000139016
  105 104.5 0.321072 0.000139354
  106 105.5 0.321016 0.00013933
  107 106.5 0.323428 0.000140377
  108 107.5 0.326152 0.000141559
  109 108.5 0.3284 0.000142535
  110 109.5 0.326826 0.000141852
  111 110.5 0.323794 0.000140536
  112 111.5 0.325582 0.000141312
  113 112.5 0.322978 0.000140181
  114 113.5 0.325924 0.00014146
  115 114.5 0.322418 0.000139938
  116 115.5 0.31643 0.000137339
  117 116.5 0.314954 0.000136699
  118 117.5 0.316674 0.000137445
  119 118.5 0.315318 0.000136857
  120 119.5 0.317508 0.000137807
  121 120.5 0.319792 0.000138799
  122 121.5 0.324406 0.000140801
  123 122.5 0.322342 0.000139905
  124 123.5 0.316942 0.000137562
  125 124.5 0.313006 0.000135853
  126 125.5 0.310324 0.000134689
  127 126.5 0.31477 0.000136619
  128 127.5 0.31147 0.000135187
  129 128.5 0.314136 0.000136344
  130 129.5 0.319006 0.000138457
  131 130.5 0.314538 0.000136518
  132 131.5 0.316306 0.000137286
  133 132.5 0.318656 0.000138306
  134 133.5 0.318112 0.000138069
  135 134.5 0.314278 0.000136405
  136 135.5 0.312162 0.000135487
  137 136.5 0.310616 0.000134816
  138 137.5 0.314134 0.000136343
  139 138.5 0.316462 0.000137353
  140 139.5 0.31485 0.000136654
  141 140.5 0.318176 0.000138097
  142 141.5 0.315236 0.000136821
  143 142.5 0.315428 0.000136905
  144 143.5 0.314114 0.000136334
  145 144.5 0.316342 0.000137301
  146 145.5 0.31622 0.000137248
  147 146.5 0.31377 0.000136185
  148 147.5 0.315458 0.000136918
  149 148.5 0.320376 0.000139052
  150 149.5 0.31619 0.000137235
  151 150.5 0.31605 0.000137174
  152 151.5 0.317392 0.000137757
  153 152.5 0.31303 0.000135864
  154 153.5 0.31458 0.000136536
  155 154.5 0.318198 0.000138107
  156 155.5 0.317036 0.000137602
  157 156.5 0.31275 0.000135742
  158 157.5 0.314884 0.000136668
  159 158.5 0.310326 0.00013469
  160 159.5 0.311252 0.000135092
  161 160.5 0.316522 0.000137379
  162 161.5 0.311572 0.000135231
  163 162.5 0.318996 0.000138453
  164 163.5 0.318218 0.000138115
  165 164.5 0.315086 0.000136756
  166 165.5 0.313654 0.000136135
  167 166.5 0.317114 0.000137636
  168 167.5 0.3187 0.000138325
  169 168.5 0.31699 0.000137582
  170 169.5 0.320164 0.00013896
  171 170.5 0.32064 0.000139167
  172 171.5 0.321622 0.000139593
  173 172.5 0.322192 0.00013984
  174 173.5 0.321728 0.000139639
  175 174.5 0.32066 0.000139175
  176 175.5 0.321414 0.000139503
  177 176.5 0.31609 0.000137192
  178 177.5 0.319074 0.000138487
  179 178.5 0.315568 0.000136965
  180 179.5 0.320758 0.000139218
  181 180.5 0.316882 0.000137536
  182 181.5 0.316226 0.000137251
  183 182.5 0.319302 0.000138586
  184 183.5 0.316722 0.000137466
  185 184.5 0.31797 0.000138008
  186 185.5 0.322746 0.000140081
  187 186.5 0.321348 0.000139474
  188 187.5 0.323768 0.000140524
  189 188.5 0.319594 0.000138713
  190 189.5 0.321528 0.000139552
  191 190.5 0.323814 0.000140544
  192 191.5 0.322786 0.000140098
  193 192.5 0.32444 0.000140816
  194 193.5 0.324542 0.00014086
  195 194.5 0.322482 0.000139966
  196 195.5 0.321234 0.000139424
  197 196.5 0.32235 0.000139909
  198 197.5 0.319416 0.000138635
  199 198.5 0.317988 0.000138016
  200 199.5 0.316962 0.00013757
  201 200.5 0.319028 0.000138467
  202 201.5 0.318154 0.000138088
  203 202.5 0.317284 0.00013771
  204 203.5 0.320024 0.000138899
  205 204.5 0.325988 0.000141488
  206 205.5 0.32638 0.000141658
  207 206.5 0.32969 0.000143095
  208 207.5 0.325484 0.000141269
  209 208.5 0.32406 0.000140651
  210 209.5 0.322892 0.000140144
  211 210.5 0.321952 0.000139736
  212 211.5 0.324862 0.000140999
  213 212.5 0.324114 0.000140674
  214 213.5 0.326002 0.000141494
  215 214.5 0.323158 0.00014026
  216 215.5 0.327714 0.000142237
  217 216.5 0.334614 0.000145232
  218 217.5 0.341444 0.000148196
  219 218.5 0.34226 0.00014855
  220 219.5 0.348452 0.000151238
  221 220.5 0.364608 0.00015825
  222 221.5 0.386176 0.000167611
  223 222.5 0.424506 0.000184247
  224 223.5 0.473404 0.00020547
  225 224.5 0.546816 0.000237333
  226 225.5 0.663586 0.000288015
  227 226.5 0.849856 0.000368861
  228 227.5 1.11446 0.000483706
  229 228.5 1.50782 0.000654435
  230 229.5 2.08657 0.000905631
  231 230.5 2.88943 0.00125409
  232 231.5 3.97955 0.00172724
  233 232.5 5.41091 0.00234848
  234 233.5 7.11143 0.00308656
  235 234.5 9.15243 0.00397241
  236 235.5 11.4423 0.00496627
  237 236.5 13.9255 0.00604407
  238 237.5 16.409 0.00712194
  239 238.5 18.8695 0.00818987
  240 239.5 21.2394 0.0092185
  241 240.5 23.3478 0.0101336
  242 241.5 25.2338 0.0109522
  243 242.5 26.8615 0.0116586
  244 243.5 28.183 0.0122322
  245 244.5 29.1879 0.0126684
  246 245.5 30.0274 0.0130327
  247 246.5 30.7014 0.0133252
  248 247.5 31.2044 0.0135436
  249 248.5 31.5425 0.0136903
  250 249.5 31.822 0.0138117
  251 250.5 32.0882 0.0139272
  252 251.5 32.2313 0.0139893
  253 252.5 32.3326 0.0140332
  254 253.5 32.4719 0.0140937
  255 254.5 32.5094 0.01411
  256 255.5 32.5231 0.0141159
  257 256.5 32.5579 0.014131
  258 257.5 32.596 0.0141476
  259 258.5 32.5787 0.0141401
  260 259.5 32.5779 0.0141397
  261 260.5 32.591 0.0141454
  262 261.5 32.6286 0.0141617
  263 262.5 32.5867 0.0141435
  264 263.5 32.605 0.0141515
  265 264.5 32.6021 0.0141502
  266 265.5 32.608 0.0141528
  267 266.5 32.5867 0.0141435
  268 267.5 32.5951 0.0141472
  269 268.5 32.6301 0.0141624
  270 269.5 32.5958 0.0141475
  271 270.5 32.5749 0.0141384
  272 271.5 32.5994 0.014149
  273 272.5 32.5494 0.0141273
  274 273.5 32.5324 0.0141199
  275 274.5 32.576 0.0141389
  276 275.5 32.5733 0.0141377
  277 276.5 32.5523 0.0141286
  278 277.5 32.5358 0.0141214
  279 278.5 32.5472 0.0141264
  280 279.5 32.5158 0.0141127
  281 280.5 32.5643 0.0141338
  282 281.5 32.5424 0.0141243
  283 282.5 32.5289 0.0141184
  284 283.5 32.5448 0.0141254
  285 284.5 32.5473 0.0141264
  286 285.5 32.5363 0.0141216
  287 286.5 32.5845 0.0141426
  288 287.5 32.5918 0.0141457
  289 288.5 32.5726 0.0141374
  290 289.5 32.5778 0.0141396
  291 290.5 32.601 0.0141497
  292 291.5 32.5835 0.0141421
  293 292.5 32.5865 0.0141435
  294 293.5 32.6622 0.0141763
  295 294.5 32.6176 0.014157
  296 295.5 32.6458 0.0141692
  297 296.5 32.7133 0.0141985
  298 297.5 32.7093 0.0141968
  299 298.5 32.6686 0.0141791
  300 299.5 32.6934 0.0141899
  301 300.5 32.7064 0.0141955
  302 301.5 32.6876 0.0141873
  303 302.5 32.6801 0.0141841
  304 303.5 32.7185 0.0142008
  305 304.5 32.6746 0.0141817
  306 305.5 32.6823 0.014185
  307 306.5 32.6579 0.0141744
  308 307.5 32.6773 0.0141829
  309 308.5 32.647 0.0141697
  310 309.5 32.6386 0.0141661
  311 310.5 32.6629 0.0141766
  312 311.5 32.6651 0.0141776
  313 312.5 32.6489 0.0141705
  314 313.5 32.7047 0.0141948
  315 314.5 32.7239 0.0142031
  316 315.5 32.7324 0.0142068
  317 316.5 32.7222 0.0142023
  318 317.5 32.761 0.0142192
  319 318.5 32.7803 0.0142275
  320 319.5 32.7227 0.0142026
  321 320.5 32.7146 0.014199
  322 321.5 32.7514 0.014215
  323 322.5 32.7475 0.0142133
  324 323.5 32.763 0.01422
  325 324.5 32.7617 0.0142195
  326 325.5 32.7442 0.0142119
  327 326.5 32.746 0.0142127
  328 327.5 32.7325 0.0142068
  329 328.5 32.7029 0.014194
  330 329.5 32.6968 0.0141913
  331 330.5 32.6786 0.0141834
  332 331.5 32.6862 0.0141867
  333 332.5 32.6684 0.014179
  334 333.5 32.6737 0.0141813
  335 334.5 32.6279 0.0141614
  336 335.5 32.6411 0.0141671
  337 336.5 32.6451 0.0141689
  338 337.5 32.6253 0.0141603
  339 338.5 32.5979 0.0141484
  340 339.5 32.62 0.014158
  341 340.5 32.5779 0.0141397
  342 341.5 32.5619 0.0141328
  343 342.5 32.5692 0.0141359
  344 343.5 32.6064 0.0141521
  345 344.5 32.5576 0.0141309
  346 345.5 32.5713 0.0141369
  347 346.5 32.6387 0.0141661
  348 347.5 32.6154 0.014156
  349 348.5 32.5492 0.0141272
  350 349.5 32.6074 0.0141525
  351 350.5 32.7046 0.0141947
  352 351.5 32.6066 0.0141522
  353 352.5 32.6149 0.0141558
  354 353.5 32.6847 0.0141861
  355 354.5 32.6666 0.0141782
  356 355.5 32.584 0.0141424
  357 356.5 32.6229 0.0141592
  358 357.5 32.6397 0.0141666
  359 358.5 32.5996 0.0141491
  360 359.5 32.5937 0.0141466
  361 360.5 32.6939 0.0141901
  362 361.5 32.6528 0.0141722
  363 362.5 32.6475 0.0141699
  364 363.5 32.6837 0.0141857
  365 364.5 32.6748 0.0141818
  366 365.5 32.6376 0.0141656
  367 366.5 32.6456 0.0141691
  368 367.5 32.6809 0.0141844
  369 368.5 32.6807 0.0141844
  370 369.5 32.643 0.014168
  371 370.5 32.6553 0.0141733
  372 371.5 32.6488 0.0141705
  373 372.5 32.6538 0.0141727
  374 373.5 32.6661 0.014178
  375 374.5 32.6743 0.0141816
  376 375.5 32.6546 0.014173
  377 376.5 32.6654 0.0141777
  378 377.5 32.6871 0.0141871
  379 378.5 32.6493 0.0141707
  380 379.5 32.592 0.0141458
  381 380.5 32.5943 0.0141468
  382 381.5 32.5884 0.0141443
  383 382.5 32.5287 0.0141184
  384 383.5 32.436 0.0140781
  385 384.5 32.3538 0.0140425
  386 385.5 32.2511 0.0139979
  387 386.5 32.0549 0.0139127
  388 387.5 31.7615 0.0137854
  389 388.5 31.4737 0.0136604
  390 389.5 31.0528 0.0134778
  391 390.5 30.4307 0.0132078
  392 391.5 29.6767 0.0128805
  393 392.5 28.6136 0.0124191
  394 393.5 27.3421 0.0118672
  395 394.5 25.846 0.0112179
  396 395.5 24.0335 0.0104312
  397 396.5 21.998 0.00954774
  398 397.5 19.7451 0.00856994
  399 398.5 17.4375 0.00756834
  400 399.5 15.1265 0.00656532
  401 400.5 12.9077 0.00560228
  402 401.5 10.8323 0.00470151
  403 402.5 9.03853 0.00392297
  404 403.5 7.5548 0.00327899
  405 404.5 6.34702 0.00275478
  406 405.5 5.42313 0.00235379
  407 406.5 4.67932 0.00203095
  408 407.5 4.12987 0.00179248
  409 408.5 3.73393 0.00162063
  410 409.5 3.43917 0.0014927
  411 410.5 3.21272 0.00139441
  412 411.5 3.05947 0.0013279
  413 412.5 2.94133 0.00127662
  414 413.5 2.85924 0.00124099
  415 414.5 2.7863 0.00120933
  416 415.5 2.7538 0.00119522
  417 416.5 2.75039 0.00119375
  418 417.5 2.73553 0.0011873
  419 418.5 2.73972 0.00118912
  420 419.5 2.74212 0.00119015
  421 420.5 2.71183 0.00117701
  422 421.5 2.69546 0.0011699
  423 422.5 2.68585 0.00116573
  424 423.5 2.69172 0.00116828
  425 424.5 2.65444 0.0011521
  426 425.5 2.62956 0.0011413
  427 426.5 2.6244 0.00113906
  428 427.5 2.60341 0.00112995
  429 428.5 2.60399 0.0011302
  430 429.5 2.60444 0.0011304
  431 430.5 2.60976 0.00113271
  432 431.5 2.61884 0.00113665
  433 432.5 2.61026 0.00113293
  434 433.5 2.60868 0.00113224
  435 434.5 2.60363 0.00113005
  436 435.5 2.63025 0.0011416
  437 436.5 2.61766 0.00113614
  438 437.5 2.60561 0.00113091
  439 438.5 2.59566 0.00112659
  440 439.5 2.60365 0.00113006
  441 440.5 2.61049 0.00113302
  442 441.5 2.60422 0.00113031
  443 442.5 2.5997 0.00112834
  444 443.5 2.59132 0.00112471
  445 444.5 2.60259 0.0011296
  446 445.5 2.61346 0.00113432
  447 446.5 2.58725 0.00112294
  448 447.5 2.57035 0.0011156
  449 448.5 2.56205 0.001112
  450 449.5 2.55862 0.00111051
  451 450.5 2.56112 0.0011116
  452 451.5 2.55922 0.00111077
  453 452.5 2.54244 0.00110349
  454 453.5 2.5388 0.00110191
  455 454.5 2.55335 0.00110822
  456 455.5 2.53717 0.0011012
  457 456.5 2.53822 0.00110166
  458 457.5 2.54728 0.00110559
  459 458.5 2.54418 0.00110424
  460 459.5 2.53047 0.0010983
  461 460.5 2.53644 0.00110089
  462 461.5 2.5398 0.00110234
  463 462.5 2.53692 0.00110109
  464 463.5 2.54354 0.00110397
  465 464.5 2.53549 0.00110047
  466 465.5 2.54399 0.00110416
  467 466.5 2.54995 0.00110675
  468 467.5 2.56376 0.00111274
  469 468.5 2.57272 0.00111663
  470 469.5 2.5778 0.00111884
  471 470.5 2.57578 0.00111796
  472 471.5 2.58711 0.00112288
  473 472.5 2.60204 0.00112936
  474 473.5 2.60569 0.00113094
  475 474.5 2.61455 0.00113479
  476 475.5 2.63659 0.00114435
  477 476.5 2.62009 0.00113719
  478 477.5 2.59324 0.00112554
  479 478.5 2.58621 0.00112249
  480 479.5 2.57468 0.00111748
50000000 480 5736
  1 0.5 2.60274 0.00112966
  2 1.5 2.61184 0.00113361
  3 2.5 2.64112 0.00114632
  4 3.5 2.64675 0.00114876
  5 4.5 2.64396 0.00114755
  6 5.5 2.62427 0.00113901
  7 6.5 2.64118 0.00114634
  8 7.5 2.63503 0.00114368
  9 8.5 2.64523 0.0011481
  10 9.5 2.6455 0.00114822
  11 10.5 2.64579 0.00114835
  12 11.5 2.64088 0.00114621
  13 12.5 2.64602 0.00114844
  14 13.5 2.65369 0.00115177
  15 14.5 2.65592 0.00115274
  16 15.5 2.66387 0.0011562
  17 16.5 2.65832 0.00115378
  18 17.5 2.65998 0.0011545
  19 18.5 2.67395 0.00116057
  20 19.5 2.68425 0.00116504
  21 20.5 2.68538 0.00116553
  22 21.5 2.70285 0.00117311
  23 22.5 2.71826 0.0011798
  24 23.5 2.72528 0.00118285
  25 24.5 2.7171 0.0011793
  26 25.5 2.75134 0.00119416
  27 26.5 2.75726 0.00119673
  28 27.5 2.772 0.00120313
  29 28.5 2.77705 0.00120532
  30 29.5 2.7766 0.00120512
  31 30.5 2.79754 0.00121421
  32 31.5 2.80878 0.00121909
  33 32.5 2.82192 0.00122479
  34 33.5 2.83297 0.00122959
  35 34.5 2.83796 0.00123175
  36 35.5 2.83634 0.00123105
  37 36.5 2.82843 0.00122762
  38 37.5 2.83024 0.0012284
  39 38.5 2.83347 0.00122981
  40 39.5 2.81522 0.00122188
  41 40.5 2.80437 0.00121718
  42 41.5 2.81452 0.00122158
  43 42.5 2.81968 0.00122382
  44 43.5 2.80632 0.00121802
  45 44.5 2.81717 0.00122273
  46 45.5 2.8062 0.00121797
  47 46.5 2.81094 0.00122003
  48 47.5 2.80871 0.00121906
  49 48.5 2.8018 0.00121606
  50 49.5 2.82069 0.00122426
  51 50.5 2.81044 0.00121981
  52 51.5 2.78993 0.00121091
  53 52.5 2.76802 0.0012014
  54 53.5 2.77984 0.00120653
  55 54.5 2.77414 0.00120406
  56 55.5 2.76602 0.00120053
  57 56.5 2.75883 0.00119741
  58 57.5 2.77245 0.00120332
  59 58.5 2.79706 0.001214
  60 59.5 2.84034 0.00123279
  61 60.5 2.86246 0.00124239
  62 61.5 2.88568 0.00125247
  63 62.5 2.91501 0.00126519
  64 63.5 2.9595 0.00128451
  65 64.5 3.02419 0.00131258
  66 65.5 3.06737 0.00133132
  67 66.5 3.12589 0.00135672
  68 67.5 3.19251 0.00138564
  69 68.5 3.28422 0.00142544
  70 69.5 3.36294 0.00145961
  71 70.5 3.46548 0.00150411
  72 71.5 3.56118 0.00154565
  73 72.5 3.63937 0.00157959
  74 73.5 3.67211 0.0015938
  75 74.5 3.67999 0.00159722
  76 75.5 3.61945 0.00157094
  77 76.5 3.48771 0.00151376
  78 77.5 3.28979 0.00142786
  79 78.5 3.0508 0.00132413
  80 79.5 2.74214 0.00119017
  81 80.5 2.3927 0.0010385
  82 81.5 2.04667 0.000888311
  83 82.5 1.70481 0.000739936
  84 83.5 1.40764 0.000610957
  85 84.5 1.13934 0.000494507
  86 85.5 0.92561 0.00040174
  87 86.5 0.752314 0.000326525
  88 87.5 0.62428 0.000270955
  89 88.5 0.526896 0.000228688
  90 89.5 0.463094 0.000200996
  91 90.5 0.419964 0.000182276
  92 91.5 0.390878 0.000169652
  93 92.5 0.37136 0.000161181
  94 93.5 0.353446 0.000153405
  95 94.5 0.34854 0.000151276
  96 95.5 0.338406 0.000146878
  97 96.5 0.336484 0.000146043
  98 97.5 0.336152 0.000145899
  99 98.5 0.334256 0.000145076
  100 99.5 0.335122 0.000145452
  101 100.5 0.333108 0.000144578
  102 101.5 0.334764 0.000145297
  103 102.5 0.329668 0.000143085
  104 103.5 0.327312 0.000142062
  105 104.5 0.33135 0.000143815
  106 105.5 0.32642 0.000141675
  107 106.5 0.324766 0.000140957
  108 107.5 0.325078 0.000141093
  109 108.5 0.328968 0.000142781
  110 109.5 0.330998 0.000143662
  111 110.5 0.330198 0.000143315
  112 111.5 0.329354 0.000142949
  113 112.5 0.326464 0.000141694
  114 113.5 0.329596 0.000143054
  115 114.5 0.324766 0.000140957
  116 115.5 0.324176 0.000140701
  117 116.5 0.326894 0.000141881
  118 117.5 0.328984 0.000142788
  119 118.5 0.320858 0.000139261
  120 119.5 0.322678 0.000140051
  121 120.5 0.325144 0.000141122
  122 121.5 0.325306 0.000141192
  123 122.5 0.324764 0.000140957
  124 123.5 0.3294 0.000142969
  125 124.5 0.33091 0.000143624
  126 125.5 0.33192 0.000144062
  127 126.5 0.331868 0.00014404
  128 127.5 0.330434 0.000143418
  129 128.5 0.33259 0.000144353
  130 129.5 0.333906 0.000144924
  131 130.5 0.336804 0.000146182
  132 131.5 0.339792 0.000147479
  133 132.5 0.336946 0.000146244
  134 133.5 0.338202 0.000146789
  135 134.5 0.333692 0.000144832
  136 135.5 0.327406 0.000142103
  137 136.5 0.32733 0.00014207
  138 137.5 0.32854 0.000142595
  139 138.5 0.327096 0.000141969
  140 139.5 0.330168 0.000143302
  141 140.5 0.328508 0.000142582
  142 141.5 0.328102 0.000142405
  143 142.5 0.330736 0.000143549
  144 143.5 0.331958 0.000144079
  145 144.5 0.333022 0.000144541
  146 145.5 0.332638 0.000144374
  147 146.5 0.333102 0.000144576
  148 147.5 0.333574 0.00014478
  149 148.5 0.334714 0.000145275
  150 149.5 0.332612 0.000144363
  151 150.5 0.331484 0.000143873
  152 151.5 0.330002 0.00014323
  153 152.5 0.325342 0.000141207
  154 153.5 0.327876 0.000142307
  155 154.5 0.325134 0.000141117
  156 155.5 0.324274 0.000140744
  157 156.5 0.323322 0.000140331
  158 157.5 0.322798 0.000140103
  159 158.5 0.323764 0.000140523
  160 159.5 0.326442 0.000141685
  161 160.5 0.326444 0.000141686
  162 161.5 0.32373 0.000140508
  163 162.5 0.325816 0.000141413
  164 163.5 0.32247 0.000139961
  165 164.5 0.323024 0.000140201
  166 165.5 0.32252 0.000139983
  167 166.5 0.320718 0.000139201
  168 167.5 0.319598 0.000138714
  169 168.5 0.319816 0.000138809
  170 169.5 0.321046 0.000139343
  171 170.5 0.324108 0.000140672
  172 171.5 0.322688 0.000140056
  173 172.5 0.320314 0.000139025
  174 173.5 0.320982 0.000139315
  175 174.5 0.320176 0.000138965
  176 175.5 0.318746 0.000138345
  177 176.5 0.315654 0.000137003
  178 177.5 0.320336 0.000139035
  179 178.5 0.32241 0.000139935
  180 179.5 0.321736 0.000139642
  181 180.5 0.324744 0.000140948
  182 181.5 0.322078 0.000139791
  183 182.5 0.324152 0.000140691
  184 183.5 0.319454 0.000138652
  185 184.5 0.319134 0.000138513
  186 185.5 0.323576 0.000140441
  187 186.5 0.324648 0.000140906
  188 187.5 0.325382 0.000141225
  189 188.5 0.323966 0.00014061
  190 189.5 0.324674 0.000140918
  191 190.5 0.326986 0.000141921
  192 191.5 0.325322 0.000141199
  193 192.5 0.32737 0.000142088
  194 193.5 0.325802 0.000141407
  195 194.5 0.32959 0.000143051
  196 195.5 0.330652 0.000143512
  197 196.5 0.322962 0.000140174
  198 197.5 0.322072 0.000139788
  199 198.5 0.326404 0.000141668
  200 199.5 0.324248 0.000140733
  201 200.5 0.3266 0.000141753
  202 201.5 0.326094 0.000141534
  203 202.5 0.32627 0.00014161
  204 203.5 0.325892 0.000141446
  205 204.5 0.325334 0.000141204
  206 205.5 0.323848 0.000140559
  207 206.5 0.3232 0.000140278
  208 207.5 0.325808 0.00014141
  209 208.5 0.329244 0.000142901
  210 209.5 0.33148 0.000143872
  211 210.5 0.329324 0.000142936
  212 211.5 0.327262 0.000142041
  213 212.5 0.32684 0.000141858
  214 213.5 0.327524 0.000142155
  215 214.5 0.332496 0.000144313
  216 215.5 0.332176 0.000144174
  217 216.5 0.341306 0.000148136
  218 217.5 0.344682 0.000149602
  219 218.5 0.355504 0.000154299
  220 219.5 0.372754 0.000161786
  221 220.5 0.390738 0.000169591
  222 221.5 0.425938 0.000184869
  223 222.5 0.470692 0.000204293
  224 223.5 0.539504 0.00023416
  225 224.5 0.635198 0.000275694
  226 225.5 0.767724 0.000333214
  227 226.5 0.969312 0.000420708
  228 227.5 1.24481 0.000540283
  229 228.5 1.62725 0.000706272
  230 229.5 2.12904 0.000924064
  231 230.5 2.80658 0.00121813
  232 231.5 3.65695 0.00158722
  233 232.5 4.7314 0.00205356
  234 233.5 6.05004 0.00262589
  235 234.5 7.63157 0.00331231
  236 235.5 9.47605 0.00411287
  237 236.5 11.5706 0.00502194
  238 237.5 13.8581 0.00601478
  239 238.5 16.2398 0.00704851
  240 239.5 18.6302 0.00808604
  241 240.5 20.9205 0.00908006
  242 241.5 23.001 0.00998309
  243 242.5 24.9018 0.0108081
  244 243.5 26.5583 0.011527
  245 244.5 27.8849 0.0121028
  246 245.5 29.0105 0.0125914
  247 246.5 29.8983 0.0129767
  248 247.5 30.5937 0.0132785
  249 248.5 31.0951 0.0134961
  250 249.5 31.5087 0.0136757
  251 250.5 31.8741 0.0138343
  252 251.5 32.0886 0.0139274
  253 252.5 32.235 0.0139909
  254 253.5 32.3218 0.0140285
  255 254.5 32.4819 0.014098
  256 255.5 32.611 0.0141541
  257 256.5 32.6261 0.0141607
  258 257.5 32.6902 0.0141884
  259 258.5 32.7643 0.0142206
  260 259.5 32.7805 0.0142276
  261 260.5 32.7688 0.0142226
  262 261.5 32.8334 0.0142506
  263 262.5 32.8678 0.0142655
  264 263.5 32.8176 0.0142438
  265 264.5 32.8921 0.0142761
  266 265.5 32.8879 0.0142743
  267 266.5 32.8445 0.0142554
  268 267.5 32.9331 0.0142939
  269 268.5 32.9568 0.0143042
  270 269.5 32.8806 0.0142711
  271 270.5 32.9087 0.0142833
  272 271.5 32.9449 0.014299
  273 272.5 32.9218 0.014289
  274 273.5 32.8931 0.0142765
  275 274.5 32.922 0.0142891
  276 275.5 32.9203 0.0142883
  277 276.5 32.8765 0.0142693
  278 277.5 32.8906 0.0142754
  279 278.5 32.8792 0.0142705
  280 279.5 32.8736 0.0142681
  281 280.5 32.7978 0.0142352
  282 281.5 32.8036 0.0142377
  283 282.5 32.7999 0.0142361
  284 283.5 32.7854 0.0142298
  285 284.5 32.7624 0.0142198
  286 285.5 32.7696 0.0142229
  287 286.5 32.7794 0.0142272
  288 287.5 32.7435 0.0142116
  289 288.5 32.7499 0.0142144
  290 289.5 32.7518 0.0142152
  291 290.5 32.7592 0.0142184
  292 291.5 32.7034 0.0141942
  293 292.5 32.7029 0.014194
  294 293.5 32.7645 0.0142207
  295 294.5 32.717 0.0142001
  296 295.5 32.7418 0.0142109
  297 296.5 32.763 0.0142201
  298 297.5 32.7681 0.0142223
  299 298.5 32.7281 0.0142049
  300 299.5 32.7463 0.0142128
  301 300.5 32.7709 0.0142235
  302 301.5 32.7629 0.01422
  303 302.5 32.782 0.0142283
  304 303.5 32.7773 0.0142262
  305 304.5 32.7585 0.0142181
  306 305.5 32.8119 0.0142413
  307 306.5 32.7854 0.0142298
  308 307.5 32.7798 0.0142273
  309 308.5 32.7622 0.0142197
  310 309.5 32.7972 0.0142349
  311 310.5 32.7849 0.0142296
  312 311.5 32.7782 0.0142267
  313 312.5 32.7584 0.014218
  314 313.5 32.7629 0.01422
  315 314.5 32.7913 0.0142324
  316 315.5 32.7962 0.0142345
  317 316.5 32.7149 0.0141992
  318 317.5 32.7431 0.0142114
  319 318.5 32.7412 0.0142106
  320 319.5 32.701 0.0141931
  321 320.5 32.7123 0.014198
  322 321.5 32.7497 0.0142143
  323 322.5 32.7306 0.014206
  324 323.5 32.6592 0.014175
  325 324.5 32.7237 0.014203
  326 325.5 32.6888 0.0141879
  327 326.5 32.7049 0.0141949
  328 327.5 32.6723 0.0141807
  329 328.5 32.6905 0.0141886
  330 329.5 32.6742 0.0141815
  331 330.5 32.6865 0.0141868
  332 331.5 32.6707 0.01418
  333 332.5 32.7071 0.0141958
  334 333.5 32.6779 0.0141831
  335 334.5 32.7017 0.0141934
  336 335.5 32.688 0.0141875
  337 336.5 32.689 0.0141879
  338 337.5 32.7051 0.0141949
  339 338.5 32.7013 0.0141933
  340 339.5 32.634 0.0141641
  341 340.5 32.5967 0.0141479
  342 341.5 32.617 0.0141567
  343 342.5 32.6073 0.0141525
  344 343.5 32.603 0.0141506
  345 344.5 32.6015 0.01415
  346 345.5 32.5989 0.0141488
  347 346.5 32.6007 0.0141496
  348 347.5 32.5931 0.0141463
  349 348.5 32.6173 0.0141568
  350 349.5 32.6361 0.014165
  351 350.5 32.6357 0.0141648
  352 351.5 32.6322 0.0141633
  353 352.5 32.6549 0.0141731
  354 353.5 32.6433 0.0141681
  355 354.5 32.67 0.0141797
  356 355.5 32.6667 0.0141783
  357 356.5 32.6532 0.0141724
  358 357.5 32.7094 0.0141968
  359 358.5 32.7142 0.0141989
  360 359.5 32.6823 0.014185
  361 360.5 32.6969 0.0141914
  362 361.5 32.7419 0.0142109
  363 362.5 32.7488 0.0142139
  364 363.5 32.719 0.014201
  365 364.5 32.7774 0.0142263
  366 365.5 32.7782 0.0142266
  367 366.5 32.7747 0.0142251
  368 367.5 32.7835 0.0142289
  369 368.5 32.8174 0.0142437
  370 369.5 32.8057 0.0142386
  371 370.5 32.8195 0.0142446
  372 371.5 32.8019 0.0142369
  373 372.5 32.8399 0.0142534
  374 373.5 32.8433 0.0142549
  375 374.5 32.8383 0.0142528
  376 375.5 32.7908 0.0142321
  377 376.5 32.7769 0.0142261
  378 377.5 32.8389 0.014253
  379 378.5 32.7542 0.0142162
  380 379.5 32.7313 0.0142063
  381 380.5 32.7242 0.0142032
  382 381.5 32.6501 0.014171
  383 382.5 32.5932 0.0141464
  384 383.5 32.5462 0.014126
  385 384.5 32.4014 0.0140631
  386 385.5 32.2393 0.0139927
  387 386.5 32.1057 0.0139348
  388 387.5 31.8713 0.013833
  389 388.5 31.5344 0.0136868
  390 389.5 31.1177 0.013506
  391 390.5 30.5757 0.0132707
  392 391.5 29.8764 0.0129672
  393 392.5 28.9273 0.0125553
  394 393.5 27.7121 0.0120278
  395 394.5 26.2786 0.0114056
  396 395.5 24.5123 0.010639
  397 396.5 22.4749 0.00975471
  398 397.5 20.2666 0.00879627
  399 398.5 17.9263 0.00778051
  400 399.5 15.5389 0.00674431
  401 400.5 13.247 0.00574958
  402 401.5 11.1056 0.00482016
  403 402.5 9.2653 0.0040214
  404 403.5 7.71325 0.00334777
  405 404.5 6.46798 0.00280728
  406 405.5 5.50877 0.00239096
  407 406.5 4.75466 0.00206365
  408 407.5 4.16546 0.00180793
  409 408.5 3.74342 0.00162475
  410 409.5 3.44524 0.00149533
  411 410.5 3.17991 0.00138017
  412 411.5 3.02588 0.00131332
  413 412.5 2.92726 0.00127051
  414 413.5 2.83569 0.00123077
  415 414.5 2.77705 0.00120532
  416 415.5 2.74622 0.00119194
  417 416.5 2.70821 0.00117544
  418 417.5 2.67659 0.00116172
  419 418.5 2.66983 0.00115878
  420 419.5 2.64331 0.00114727
  421 420.5 2.62139 0.00113776
  422 421.5 2.60836 0.0011321
  423 422.5 2.60613 0.00113113
  424 423.5 2.61114 0.00113331
  425 424.5 2.60901 0.00113238
  426 425.5 2.60776 0.00113184
  427 426.5 2.59594 0.00112671
  428 427.5 2.58817 0.00112334
  429 428.5 2.59156 0.00112481
  430 429.5 2.5892 0.00112378
  431 430.5 2.57178 0.00111622
  432 431.5 2.56994 0.00111543
  433 432.5 2.5851 0.001122
  434 433.5 2.59452 0.00112609
  435 434.5 2.60072 0.00112878
  436 435.5 2.6073 0.00113164
  437 436.5 2.60046 0.00112867
  438 437.5 2.59539 0.00112647
  439 438.5 2.60302 0.00112978
  440 439.5 2.60386 0.00113015
  441 440.5 2.57684 0.00111842
  442 441.5 2.57517 0.0011177
  443 442.5 2.5488 0.00110625
  444 443.5 2.53855 0.0011018
  445 444.5 2.5324 0.00109913
  446 445.5 2.53282 0.00109931
  447 446.5 2.53553 0.00110049
  448 447.5 2.53387 0.00109977
  449 448.5 2.54846 0.0011061
  450 449.5 2.55587 0.00110932
  451 450.5 2.55465 0.00110879
  452 451.5 2.56825 0.00111469
  453 452.5 2.56943 0.0011152
  454 453.5 2.55194 0.00110761
  455 454.5 2.55945 0.00111087
  456 455.5 2.55856 0.00111049
  457 456.5 2.54037 0.00110259
  458 457.5 2.53835 0.00110171
  459 458.5 2.5376 0.00110139
  460 459.5 2.52348 0.00109526
  461 460.5 2.52437 0.00109565
  462 461.5 2.53971 0.00110231
  463 462.5 2.54655 0.00110527
  464 463.5 2.53742 0.00110131
  465 464.5 2.51948 0.00109352
  466 465.5 2.52909 0.00109769
  467 466.5 2.52982 0.00109801
  468 467.5 2.53667 0.00110098
  469 468.5 2.53954 0.00110223
  470 469.5 2.55071 0.00110708
  471 470.5 2.55085 0.00110714
  472 471.5 2.55005 0.00110679
  473 472.5 2.54378 0.00110407
  474 473.5 2.56333 0.00111256
  475 474.5 2.57417 0.00111726
  476 475.5 2.59137 0.00112473
  477 476.5 2.5909 0.00112452
  478 477.5 2.58751 0.00112305
  479 478.5 2.59729 0.0011273
  480 479.5 2.60194 0.00112931
