# Chunk-averaged data for fix tensor2 and group c1
# Timestep Number-of-chunks Total-count
# Chunk Coord1 Ncount density/number
20000000 480 5582.000000000003
  1 0.5 33.693 0.0146237
  2 1.5 33.6923 0.0146234
  3 2.5 33.6793 0.0146178
  4 3.5 33.6669 0.0146124
  5 4.5 33.7141 0.0146328
  6 5.5 33.6915 0.014623
  7 6.5 33.6576 0.0146083
  8 7.5 33.7084 0.0146304
  9 8.5 33.6717 0.0146145
  10 9.5 33.6646 0.0146114
  11 10.5 33.676 0.0146163
  12 11.5 33.6899 0.0146223
  13 12.5 33.6847 0.0146201
  14 13.5 33.6637 0.014611
  15 14.5 33.6898 0.0146223
  16 15.5 33.6567 0.0146079
  17 16.5 33.6738 0.0146153
  18 17.5 33.655 0.0146072
  19 18.5 33.6408 0.0146011
  20 19.5 33.6677 0.0146127
  21 20.5 33.6588 0.0146088
  22 21.5 33.6545 0.014607
  23 22.5 33.593 0.0145803
  24 23.5 33.6495 0.0146048
  25 24.5 33.6565 0.0146078
  26 25.5 33.6376 0.0145997
  27 26.5 33.6319 0.0145972
  28 27.5 33.6548 0.0146071
  29 28.5 33.6293 0.014596
  30 29.5 33.6168 0.0145906
  31 30.5 33.6176 0.014591
  32 31.5 33.6244 0.0145939
  33 32.5 33.5849 0.0145768
  34 33.5 33.5681 0.0145695
  35 34.5 33.5888 0.0145785
  36 35.5 33.585 0.0145768
  37 36.5 33.5611 0.0145664
  38 37.5 33.5578 0.014565
  39 38.5 33.5832 0.0145761
  40 39.5 33.5457 0.0145598
  41 40.5 33.5578 0.014565
  42 41.5 33.5911 0.0145794
  43 42.5 33.5904 0.0145792
  44 43.5 33.5494 0.0145614
  45 44.5 33.5566 0.0145645
  46 45.5 33.6105 0.0145879
  47 46.5 33.5667 0.0145689
  48 47.5 33.5856 0.0145771
  49 48.5 33.5578 0.014565
  50 49.5 33.6166 0.0145906
  51 50.5 33.5961 0.0145817
  52 51.5 33.5747 0.0145724
  53 52.5 33.5336 0.0145545
  54 53.5 33.5873 0.0145778
  55 54.5 33.5416 0.014558
  56 55.5 33.4824 0.0145323
  57 56.5 33.4774 0.0145301
  58 57.5 33.4785 0.0145306
  59 58.5 33.3717 0.0144842
  60 59.5 33.2657 0.0144383
  61 60.5 33.1903 0.0144055
  62 61.5 32.9948 0.0143207
  63 62.5 32.7495 0.0142142
  64 63.5 32.4097 0.0140667
  65 64.5 31.9524 0.0138682
  66 65.5 31.2935 0.0135822
  67 66.5 30.2746 0.01314
  68 67.5 28.99 0.0125825
  69 68.5 27.1307 0.0117755
  70 69.5 24.6411 0.0106949
  71 70.5 21.6137 0.00938095
  72 71.5 18.067 0.00784159
  73 72.5 14.2367 0.00617912
  74 73.5 10.5798 0.00459194
  75 74.5 7.41521 0.00321841
  76 75.5 4.95717 0.00215155
  77 76.5 3.21377 0.00139487
  78 77.5 2.07865 0.00090219
  79 78.5 1.38562 0.000601398
  80 79.5 0.971054 0.000421464
  81 80.5 0.735512 0.000319233
  82 81.5 0.609312 0.000264458
  83 82.5 0.539188 0.000234023
  84 83.5 0.497424 0.000215896
  85 84.5 0.473696 0.000205597
  86 85.5 0.454342 0.000197197
  87 86.5 0.443642 0.000192553
  88 87.5 0.43548 0.00018901
  89 88.5 0.429674 0.00018649
  90 89.5 0.43193 0.00018747
  91 90.5 0.428896 0.000186153
  92 91.5 0.42728 0.000185451
  93 92.5 0.430334 0.000186777
  94 93.5 0.428918 0.000186162
  95 94.5 0.427192 0.000185413
  96 95.5 0.42465 0.00018431
  97 96.5 0.427306 0.000185463
  98 97.5 0.426838 0.00018526
  99 98.5 0.42574 0.000184783
  100 99.5 0.428272 0.000185882
  101 100.5 0.42589 0.000184848
  102 101.5 0.423972 0.000184016
  103 102.5 0.42309 0.000183633
  104 103.5 0.422504 0.000183378
  105 104.5 0.4306 0.000186892
  106 105.5 0.428312 0.000185899
  107 106.5 0.425376 0.000184625
  108 107.5 0.425592 0.000184719
  109 108.5 0.42553 0.000184692
  110 109.5 0.42756 0.000185573
  111 110.5 0.427438 0.00018552
  112 111.5 0.428976 0.000186187
  113 112.5 0.42654 0.00018513
  114 113.5 0.427642 0.000185609
  115 114.5 0.427584 0.000185583
  116 115.5 0.424818 0.000184383
  117 116.5 0.420432 0.000182479
  118 117.5 0.418724 0.000181738
  119 118.5 0.420362 0.000182449
  120 119.5 0.41811 0.000181471
  121 120.5 0.418342 0.000181572
  122 121.5 0.419912 0.000182253
  123 122.5 0.421524 0.000182953
  124 123.5 0.420802 0.00018264
  125 124.5 0.420068 0.000182321
  126 125.5 0.421802 0.000183074
  127 126.5 0.42476 0.000184358
  128 127.5 0.42183 0.000183086
  129 128.5 0.42384 0.000183958
  130 129.5 0.43041 0.00018681
  131 130.5 0.428354 0.000185918
  132 131.5 0.428402 0.000185938
  133 132.5 0.428512 0.000185986
  134 133.5 0.43049 0.000186845
  135 134.5 0.433416 0.000188115
  136 135.5 0.432362 0.000187657
  137 136.5 0.42869 0.000186063
  138 137.5 0.427256 0.000185441
  139 138.5 0.425706 0.000184768
  140 139.5 0.424808 0.000184378
  141 140.5 0.426198 0.000184982
  142 141.5 0.424944 0.000184438
  143 142.5 0.425562 0.000184706
  144 143.5 0.424218 0.000184122
  145 144.5 0.428342 0.000185912
  146 145.5 0.42429 0.000184154
  147 146.5 0.424698 0.000184331
  148 147.5 0.427528 0.000185559
  149 148.5 0.426272 0.000185014
  150 149.5 0.426404 0.000185071
  151 150.5 0.424788 0.00018437
  152 151.5 0.425884 0.000184845
  153 152.5 0.423014 0.0001836
  154 153.5 0.425756 0.00018479
  155 154.5 0.426008 0.000184899
  156 155.5 0.423746 0.000183918
  157 156.5 0.42859 0.00018602
  158 157.5 0.427732 0.000185648
  159 158.5 0.430444 0.000186825
  160 159.5 0.432376 0.000187663
  161 160.5 0.429162 0.000186268
  162 161.5 0.434342 0.000188516
  163 162.5 0.43358 0.000188186
  164 163.5 0.431184 0.000187146
  165 164.5 0.42596 0.000184878
  166 165.5 0.430152 0.000186698
  167 166.5 0.428858 0.000186136
  168 167.5 0.437634 0.000189945
  169 168.5 0.436934 0.000189641
  170 169.5 0.434262 0.000188482
  171 170.5 0.435558 0.000189044
  172 171.5 0.436286 0.00018936
  173 172.5 0.434082 0.000188404
  174 173.5 0.433814 0.000188287
  175 174.5 0.433032 0.000187948
  176 175.5 0.432462 0.000187701
  177 176.5 0.428928 0.000186167
  178 177.5 0.427954 0.000185744
  179 178.5 0.431266 0.000187181
  180 179.5 0.43036 0.000186788
  181 180.5 0.430668 0.000186922
  182 181.5 0.429032 0.000186212
  183 182.5 0.430636 0.000186908
  184 183.5 0.429958 0.000186614
  185 184.5 0.428612 0.00018603
  186 185.5 0.427224 0.000185427
  187 186.5 0.432168 0.000187573
  188 187.5 0.42787 0.000185707
  189 188.5 0.436478 0.000189444
  190 189.5 0.43441 0.000188546
  191 190.5 0.437476 0.000189877
  192 191.5 0.43216 0.000187569
  193 192.5 0.429688 0.000186497
  194 193.5 0.427684 0.000185627
  195 194.5 0.429098 0.00018624
  196 195.5 0.428248 0.000185872
  197 196.5 0.425762 0.000184793
  198 197.5 0.428612 0.00018603
  199 198.5 0.431316 0.000187203
  200 199.5 0.433654 0.000188218
  201 200.5 0.42894 0.000186172
  202 201.5 0.424772 0.000184363
  203 202.5 0.427858 0.000185702
  204 203.5 0.427204 0.000185418
  205 204.5 0.427838 0.000185694
  206 205.5 0.42217 0.000183234
  207 206.5 0.422996 0.000183592
  208 207.5 0.427248 0.000185438
  209 208.5 0.427224 0.000185427
  210 209.5 0.43463 0.000188641
  211 210.5 0.43692 0.000189635
  212 211.5 0.436028 0.000189248
  213 212.5 0.436594 0.000189494
  214 213.5 0.434344 0.000188517
  215 214.5 0.436874 0.000189615
  216 215.5 0.437484 0.00018988
  217 216.5 0.4447 0.000193012
  218 217.5 0.463126 0.00020101
  219 218.5 0.481068 0.000208797
  220 219.5 0.512042 0.00022224
  221 220.5 0.562288 0.000244049
  222 221.5 0.650022 0.000282128
  223 222.5 0.806452 0.000350023
  224 223.5 1.06706 0.000463135
  225 224.5 1.52503 0.000661906
  226 225.5 2.2563 0.000979297
  227 226.5 3.41205 0.00148093
  228 227.5 5.01742 0.0021777
  229 228.5 7.03226 0.0030522
  230 229.5 9.13974 0.0039669
  231 230.5 10.8575 0.00471247
  232 231.5 11.7178 0.00508586
  233 232.5 11.3953 0.00494586
  234 233.5 10.0248 0.00435103
  235 234.5 8.06784 0.00350167
  236 235.5 5.99049 0.00260004
  237 236.5 4.20481 0.001825
  238 237.5 2.91129 0.00126358
  239 238.5 2.03021 0.000881169
  240 239.5 1.47088 0.000638401
  241 240.5 1.12953 0.000490247
  242 241.5 0.925248 0.000401583
  243 242.5 0.795044 0.000345071
  244 243.5 0.728844 0.000316339
  245 244.5 0.680224 0.000295236
  246 245.5 0.649242 0.000281789
  247 246.5 0.626988 0.00027213
  248 247.5 0.611176 0.000265267
  249 248.5 0.608758 0.000264218
  250 249.5 0.605058 0.000262612
  251 250.5 0.602528 0.000261514
  252 251.5 0.607154 0.000263522
  253 252.5 0.596224 0.000258778
  254 253.5 0.594286 0.000257937
  255 254.5 0.588942 0.000255617
  256 255.5 0.585032 0.00025392
  257 256.5 0.584268 0.000253589
  258 257.5 0.581804 0.000252519
  259 258.5 0.579258 0.000251414
  260 259.5 0.58598 0.000254332
  261 260.5 0.587246 0.000254881
  262 261.5 0.57863 0.000251141
  263 262.5 0.58369 0.000253338
  264 263.5 0.580088 0.000251774
  265 264.5 0.569708 0.000247269
  266 265.5 0.562476 0.00024413
  267 266.5 0.563308 0.000244491
  268 267.5 0.558648 0.000242469
  269 268.5 0.56273 0.00024424
  270 269.5 0.548588 0.000238102
  271 270.5 0.544744 0.000236434
  272 271.5 0.54007 0.000234405
  273 272.5 0.547576 0.000237663
  274 273.5 0.558762 0.000242518
  275 274.5 0.561316 0.000243627
  276 275.5 0.566146 0.000245723
  277 276.5 0.576488 0.000250212
  278 277.5 0.58053 0.000251966
  279 278.5 0.575088 0.000249604
  280 279.5 0.562688 0.000244222
  281 280.5 0.57258 0.000248516
  282 281.5 0.573212 0.00024879
  283 282.5 0.579638 0.000251579
  284 283.5 0.580766 0.000252069
  285 284.5 0.56913 0.000247018
  286 285.5 0.567762 0.000246424
  287 286.5 0.571554 0.00024807
  288 287.5 0.56902 0.00024697
  289 288.5 0.565384 0.000245392
  290 289.5 0.56967 0.000247253
  291 290.5 0.57642 0.000250182
  292 291.5 0.574562 0.000249376
  293 292.5 0.574838 0.000249496
  294 293.5 0.572882 0.000248647
  295 294.5 0.576898 0.00025039
  296 295.5 0.585362 0.000254063
  297 296.5 0.580224 0.000251833
  298 297.5 0.5736 0.000248958
  299 298.5 0.570698 0.000247699
  300 299.5 0.558964 0.000242606
  301 300.5 0.55399 0.000240447
  302 301.5 0.557192 0.000241837
  303 302.5 0.554956 0.000240866
  304 303.5 0.55844 0.000242378
  305 304.5 0.566482 0.000245869
  306 305.5 0.558892 0.000242575
  307 306.5 0.562868 0.0002443
  308 307.5 0.562784 0.000244264
  309 308.5 0.56089 0.000243442
  310 309.5 0.55859 0.000242444
  311 310.5 0.569002 0.000246963
  312 311.5 0.570704 0.000247701
  313 312.5 0.57734 0.000250582
  314 313.5 0.577916 0.000250832
  315 314.5 0.576762 0.000250331
  316 315.5 0.582516 0.000252828
  317 316.5 0.579832 0.000251663
  318 317.5 0.578022 0.000250878
  319 318.5 0.576538 0.000250234
  320 319.5 0.586122 0.000254393
  321 320.5 0.58338 0.000253203
  322 321.5 0.587172 0.000254849
  323 322.5 0.59137 0.000256671
  324 323.5 0.592236 0.000257047
  325 324.5 0.602156 0.000261352
  326 325.5 0.602818 0.00026164
  327 326.5 0.590802 0.000256424
  328 327.5 0.58707 0.000254805
  329 328.5 0.5857 0.00025421
  330 329.5 0.603304 0.000261851
  331 330.5 0.60298 0.00026171
  332 331.5 0.589838 0.000256006
  333 332.5 0.597376 0.000259278
  334 333.5 0.601142 0.000260912
  335 334.5 0.592902 0.000257336
  336 335.5 0.588614 0.000255475
  337 336.5 0.591854 0.000256881
  338 337.5 0.587636 0.00025505
  339 338.5 0.593196 0.000257464
  340 339.5 0.587926 0.000255176
  341 340.5 0.591354 0.000256664
  342 341.5 0.586664 0.000254628
  343 342.5 0.596324 0.000258821
  344 343.5 0.60105 0.000260872
  345 344.5 0.594052 0.000257835
  346 345.5 0.581276 0.00025229
  347 346.5 0.584302 0.000253603
  348 347.5 0.581706 0.000252477
  349 348.5 0.574782 0.000249471
  350 349.5 0.575506 0.000249786
  351 350.5 0.572266 0.000248379
  352 351.5 0.565798 0.000245572
  353 352.5 0.579094 0.000251343
  354 353.5 0.580124 0.00025179
  355 354.5 0.59057 0.000256324
  356 355.5 0.597222 0.000259211
  357 356.5 0.598756 0.000259877
  358 357.5 0.595478 0.000258454
  359 358.5 0.580998 0.000252169
  360 359.5 0.583368 0.000253198
  361 360.5 0.586358 0.000254496
  362 361.5 0.580568 0.000251983
  363 362.5 0.562096 0.000243965
  364 363.5 0.560774 0.000243391
  365 364.5 0.562178 0.000244001
  366 365.5 0.569632 0.000247236
  367 366.5 0.569826 0.00024732
  368 367.5 0.572366 0.000248423
  369 368.5 0.588122 0.000255261
  370 369.5 0.596592 0.000258937
  371 370.5 0.601824 0.000261208
  372 371.5 0.621394 0.000269702
  373 372.5 0.626488 0.000271913
  374 373.5 0.61531 0.000267062
  375 374.5 0.613812 0.000266411
  376 375.5 0.618616 0.000268497
  377 376.5 0.621384 0.000269698
  378 377.5 0.622226 0.000270063
  379 378.5 0.625788 0.000271609
  380 379.5 0.630472 0.000273642
  381 380.5 0.631802 0.00027422
  382 381.5 0.642882 0.000279029
  383 382.5 0.684038 0.000296891
  384 383.5 0.751138 0.000326015
  385 384.5 0.860458 0.000373463
  386 385.5 1.06286 0.000461309
  387 386.5 1.41048 0.000612189
  388 387.5 2.0291 0.000880687
  389 388.5 3.06063 0.0013284
  390 389.5 4.69321 0.00203698
  391 390.5 7.15238 0.00310433
  392 391.5 10.4916 0.00455366
  393 392.5 14.5081 0.00629692
  394 393.5 18.8038 0.00816137
  395 394.5 22.8238 0.00990618
  396 395.5 26.2211 0.0113807
  397 396.5 28.8328 0.0125142
  398 397.5 30.6066 0.0132841
  399 398.5 31.7262 0.0137701
  400 399.5 32.4602 0.0140886
  401 400.5 32.9019 0.0142803
  402 401.5 33.163 0.0143937
  403 402.5 33.3406 0.0144708
  404 403.5 33.4437 0.0145155
  405 404.5 33.5359 0.0145555
  406 405.5 33.5158 0.0145468
  407 406.5 33.6053 0.0145856
  408 407.5 33.6312 0.0145969
  409 408.5 33.6462 0.0146034
  410 409.5 33.635 0.0145985
  411 410.5 33.6336 0.0145979
  412 411.5 33.6332 0.0145978
  413 412.5 33.6361 0.014599
  414 413.5 33.6585 0.0146087
  415 414.5 33.6493 0.0146047
  416 415.5 33.6362 0.0145991
  417 416.5 33.6629 0.0146106
  418 417.5 33.6721 0.0146146
  419 418.5 33.6578 0.0146084
  420 419.5 33.7021 0.0146276
  421 420.5 33.7009 0.0146271
  422 421.5 33.6732 0.0146151
  423 422.5 33.7394 0.0146438
  424 423.5 33.7134 0.0146326
  425 424.5 33.6972 0.0146255
  426 425.5 33.6957 0.0146249
  427 426.5 33.7347 0.0146418
  428 427.5 33.7176 0.0146344
  429 428.5 33.6856 0.0146205
  430 429.5 33.7531 0.0146498
  431 430.5 33.7745 0.0146591
  432 431.5 33.6894 0.0146221
  433 432.5 33.7013 0.0146273
  434 433.5 33.7241 0.0146372
  435 434.5 33.696 0.014625
  436 435.5 33.6849 0.0146202
  437 436.5 33.7097 0.0146309
  438 437.5 33.7163 0.0146338
  439 438.5 33.6557 0.0146075
  440 439.5 33.7 0.0146268
  441 440.5 33.7015 0.0146274
  442 441.5 33.6864 0.0146208
  443 442.5 33.7324 0.0146408
  444 443.5 33.6917 0.0146232
  445 444.5 33.687 0.0146211
  446 445.5 33.7005 0.014627
  447 446.5 33.677 0.0146167
  448 447.5 33.6364 0.0145991
  449 448.5 33.7005 0.014627
  450 449.5 33.6885 0.0146218
  451 450.5 33.6621 0.0146103
  452 451.5 33.6734 0.0146152
  453 452.5 33.7017 0.0146275
  454 453.5 33.6676 0.0146127
  455 454.5 33.6634 0.0146108
  456 455.5 33.6991 0.0146263
  457 456.5 33.6906 0.0146227
  458 457.5 33.6581 0.0146086
  459 458.5 33.7018 0.0146275
  460 459.5 33.6473 0.0146039
  461 460.5 33.6409 0.0146011
  462 461.5 33.6607 0.0146097
  463 462.5 33.6683 0.014613
  464 463.5 33.6556 0.0146075
  465 464.5 33.6406 0.014601
  466 465.5 33.6782 0.0146173
  467 466.5 33.6559 0.0146076
  468 467.5 33.6777 0.0146171
  469 468.5 33.6528 0.0146062
  470 469.5 33.6573 0.0146082
  471 470.5 33.6602 0.0146094
  472 471.5 33.6625 0.0146104
  473 472.5 33.6509 0.0146054
  474 473.5 33.6322 0.0145973
  475 474.5 33.7179 0.0146345
  476 475.5 33.6476 0.014604
  477 476.5 33.628 0.0145955
  478 477.5 33.7115 0.0146317
  479 478.5 33.6918 0.0146232
  480 479.5 33.6204 0.0145922
30000000 480 5582.000000000001
  1 0.5 33.6329 0.0145976
  2 1.5 33.6604 0.0146095
  3 2.5 33.6878 0.0146214
  4 3.5 33.6865 0.0146209
  5 4.5 33.6455 0.0146031
  6 5.5 33.6668 0.0146123
  7 6.5 33.6811 0.0146185
  8 7.5 33.6709 0.0146141
  9 8.5 33.6444 0.0146026
  10 9.5 33.6649 0.0146115
  11 10.5 33.6653 0.0146117
  12 11.5 33.6743 0.0146156
  13 12.5 33.6354 0.0145987
  14 13.5 33.6518 0.0146058
  15 14.5 33.6703 0.0146139
  16 15.5 33.642 0.0146016
  17 16.5 33.6243 0.0145939
  18 17.5 33.6337 0.014598
  19 18.5 33.6118 0.0145884
  20 19.5 33.6173 0.0145908
  21 20.5 33.616 0.0145903
  22 21.5 33.6312 0.0145969
  23 22.5 33.6004 0.0145835
  24 23.5 33.6014 0.0145839
  25 24.5 33.6154 0.01459
  26 25.5 33.6442 0.0146025
  27 26.5 33.6301 0.0145964
  28 27.5 33.6 0.0145833
  29 28.5 33.6109 0.0145881
  30 29.5 33.6348 0.0145984
  31 30.5 33.6377 0.0145997
  32 31.5 33.6046 0.0145853
  33 32.5 33.6096 0.0145875
  34 33.5 33.6283 0.0145956
  35 34.5 33.6509 0.0146054
  36 35.5 33.6368 0.0145993
  37 36.5 33.6267 0.0145949
  38 37.5 33.6721 0.0146146
  39 38.5 33.6856 0.0146205
  40 39.5 33.6258 0.0145945
  41 40.5 33.6532 0.0146064
  42 41.5 33.6809 0.0146184
  43 42.5 33.6681 0.0146129
  44 43.5 33.6507 0.0146053
  45 44.5 33.6524 0.0146061
  46 45.5 33.6418 0.0146015
  47 46.5 33.667 0.0146124
  48 47.5 33.6604 0.0146096
  49 48.5 33.6341 0.0145981
  50 49.5 33.6496 0.0146049
  51 50.5 33.631 0.0145968
  52 51.5 33.6445 0.0146027
  53 52.5 33.6634 0.0146108
  54 53.5 33.5798 0.0145746
  55 54.5 33.575 0.0145725
  56 55.5 33.6264 0.0145948
  57 56.5 33.54 0.0145573
  58 57.5 33.4518 0.014519
  59 58.5 33.446 0.0145165
  60 59.5 33.4518 0.014519
  61 60.5 33.2654 0.0144381
  62 61.5 33.1498 0.0143879
  63 62.5 32.9933 0.01432
  64 63.5 32.7257 0.0142038
  65 64.5 32.3103 0.0140236
  66 65.5 31.8106 0.0138067
  67 66.5 31.063 0.0134822
  68 67.5 29.9363 0.0129932
  69 68.5 28.4809 0.0123615
  70 69.5 26.3905 0.0114542
  71 70.5 23.8199 0.0103385
  72 71.5 20.571 0.00892841
  73 72.5 16.9211 0.00734425
  74 73.5 13.1929 0.00572607
  75 74.5 9.7144 0.00421632
  76 75.5 6.74241 0.00292639
  77 76.5 4.46993 0.00194007
  78 77.5 2.89336 0.0012558
  79 78.5 1.87898 0.000815528
  80 79.5 1.26146 0.000547509
  81 80.5 0.902706 0.000391799
  82 81.5 0.701578 0.000304504
  83 82.5 0.583278 0.000253159
  84 83.5 0.522152 0.000226628
  85 84.5 0.480396 0.000208505
  86 85.5 0.458604 0.000199047
  87 86.5 0.439614 0.000190805
  88 87.5 0.434748 0.000188693
  89 88.5 0.428362 0.000185921
  90 89.5 0.428306 0.000185897
  91 90.5 0.42483 0.000184388
  92 91.5 0.419096 0.000181899
  93 92.5 0.42812 0.000185816
  94 93.5 0.426114 0.000184945
  95 94.5 0.423148 0.000183658
  96 95.5 0.4224 0.000183333
  97 96.5 0.420924 0.000182693
  98 97.5 0.42486 0.000184401
  99 98.5 0.427304 0.000185462
  100 99.5 0.426256 0.000185007
  101 100.5 0.425616 0.000184729
  102 101.5 0.425188 0.000184543
  103 102.5 0.42024 0.000182396
  104 103.5 0.41732 0.000181128
  105 104.5 0.417324 0.00018113
  106 105.5 0.414272 0.000179806
  107 106.5 0.415392 0.000180292
  108 107.5 0.418834 0.000181786
  109 108.5 0.417888 0.000181375
  110 109.5 0.417874 0.000181369
  111 110.5 0.419708 0.000182165
  112 111.5 0.41449 0.0001799
  113 112.5 0.417138 0.000181049
  114 113.5 0.414464 0.000179889
  115 114.5 0.413604 0.000179516
  116 115.5 0.416112 0.000180604
  117 116.5 0.419702 0.000182162
  118 117.5 0.417622 0.00018126
  119 118.5 0.41836 0.00018158
  120 119.5 0.42176 0.000183056
  121 120.5 0.42132 0.000182865
  122 121.5 0.414532 0.000179918
  123 122.5 0.415224 0.000180219
  124 123.5 0.41427 0.000179805
  125 124.5 0.420256 0.000182403
  126 125.5 0.41929 0.000181984
  127 126.5 0.418498 0.00018164
  128 127.5 0.422156 0.000183227
  129 128.5 0.429592 0.000186455
  130 129.5 0.42646 0.000185095
  131 130.5 0.42336 0.00018375
  132 131.5 0.423138 0.000183654
  133 132.5 0.421564 0.00018297
  134 133.5 0.419916 0.000182255
  135 134.5 0.414794 0.000180032
  136 135.5 0.41669 0.000180855
  137 136.5 0.417258 0.000181102
  138 137.5 0.4171 0.000181033
  139 138.5 0.415668 0.000180411
  140 139.5 0.416216 0.000180649
  141 140.5 0.41738 0.000181155
  142 141.5 0.418572 0.000181672
  143 142.5 0.418768 0.000181757
  144 143.5 0.4203 0.000182422
  145 144.5 0.41822 0.000181519
  146 145.5 0.4195 0.000182075
  147 146.5 0.419528 0.000182087
  148 147.5 0.42018 0.00018237
  149 148.5 0.417584 0.000181243
  150 149.5 0.415022 0.000180131
  151 150.5 0.414478 0.000179895
  152 151.5 0.419988 0.000182286
  153 152.5 0.416428 0.000180741
  154 153.5 0.414296 0.000179816
  155 154.5 0.412966 0.000179239
  156 155.5 0.41449 0.0001799
  157 156.5 0.41564 0.000180399
  158 157.5 0.41877 0.000181758
  159 158.5 0.420638 0.000182569
  160 159.5 0.420218 0.000182386
  161 160.5 0.414102 0.000179732
  162 161.5 0.41406 0.000179714
  163 162.5 0.413596 0.000179512
  164 163.5 0.412712 0.000179128
  165 164.5 0.416966 0.000180975
  166 165.5 0.4132 0.00017934
  167 166.5 0.413134 0.000179312
  168 167.5 0.408784 0.000177424
  169 168.5 0.4115 0.000178602
  170 169.5 0.413672 0.000179545
  171 170.5 0.411802 0.000178734
  172 171.5 0.414094 0.000179728
  173 172.5 0.414738 0.000180008
  174 173.5 0.41776 0.000181319
  175 174.5 0.417134 0.000181048
  176 175.5 0.419056 0.000181882
  177 176.5 0.414808 0.000180038
  178 177.5 0.41428 0.000179809
  179 178.5 0.417708 0.000181297
  180 179.5 0.421242 0.000182831
  181 180.5 0.414666 0.000179977
  182 181.5 0.416188 0.000180637
  183 182.5 0.415424 0.000180306
  184 183.5 0.410708 0.000178259
  185 184.5 0.411176 0.000178462
  186 185.5 0.413172 0.000179328
  187 186.5 0.412364 0.000178977
  188 187.5 0.413416 0.000179434
  189 188.5 0.416348 0.000180707
  190 189.5 0.412304 0.000178951
  191 190.5 0.408398 0.000177256
  192 191.5 0.413186 0.000179334
  193 192.5 0.411224 0.000178483
  194 193.5 0.40994 0.000177925
  195 194.5 0.412708 0.000179127
  196 195.5 0.411698 0.000178688
  197 196.5 0.416766 0.000180888
  198 197.5 0.42098 0.000182717
  199 198.5 0.415892 0.000180509
  200 199.5 0.414966 0.000180107
  201 200.5 0.420734 0.00018261
  202 201.5 0.425376 0.000184625
  203 202.5 0.423914 0.00018399
  204 203.5 0.420666 0.000182581
  205 204.5 0.423072 0.000183625
  206 205.5 0.418134 0.000181482
  207 206.5 0.423708 0.000183901
  208 207.5 0.419786 0.000182199
  209 208.5 0.423206 0.000183683
  210 209.5 0.420098 0.000182334
  211 210.5 0.429044 0.000186217
  212 211.5 0.431288 0.000187191
  213 212.5 0.427686 0.000185628
  214 213.5 0.431052 0.000187089
  215 214.5 0.432558 0.000187742
  216 215.5 0.434032 0.000188382
  217 216.5 0.43976 0.000190868
  218 217.5 0.450438 0.000195503
  219 218.5 0.462528 0.00020075
  220 219.5 0.482748 0.000209526
  221 220.5 0.51594 0.000223932
  222 221.5 0.579824 0.00025166
  223 222.5 0.682516 0.000296231
  224 223.5 0.86206 0.000374158
  225 224.5 1.18567 0.000514614
  226 225.5 1.72575 0.000749023
  227 226.5 2.56679 0.00111406
  228 227.5 3.79402 0.00164671
  229 228.5 5.42779 0.00235581
  230 229.5 7.30539 0.00317074
  231 230.5 9.11689 0.00395699
  232 231.5 10.3498 0.00449209
  233 232.5 10.605 0.00460287
  234 233.5 9.77092 0.00424085
  235 234.5 8.16595 0.00354425
  236 235.5 6.24482 0.00271043
  237 236.5 4.47777 0.00194348
  238 237.5 3.09981 0.0013454
  239 238.5 2.12582 0.000922664
  240 239.5 1.51383 0.000657043
  241 240.5 1.16085 0.000503842
  242 241.5 0.939732 0.00040787
  243 242.5 0.812238 0.000352534
  244 243.5 0.736888 0.00031983
  245 244.5 0.695052 0.000301672
  246 245.5 0.661376 0.000287056
  247 246.5 0.651034 0.000282567
  248 247.5 0.638124 0.000276964
  249 248.5 0.613304 0.000266191
  250 249.5 0.59471 0.000258121
  251 250.5 0.589842 0.000256008
  252 251.5 0.587842 0.00025514
  253 252.5 0.58745 0.00025497
  254 253.5 0.58271 0.000252912
  255 254.5 0.585684 0.000254203
  256 255.5 0.586448 0.000254535
  257 256.5 0.571184 0.00024791
  258 257.5 0.570258 0.000247508
  259 258.5 0.560102 0.0002431
  260 259.5 0.563198 0.000244444
  261 260.5 0.56525 0.000245334
  262 261.5 0.565386 0.000245393
  263 262.5 0.569956 0.000247377
  264 263.5 0.565866 0.000245602
  265 264.5 0.559368 0.000242781
  266 265.5 0.567846 0.000246461
  267 266.5 0.554732 0.000240769
  268 267.5 0.549646 0.000238562
  269 268.5 0.541474 0.000235015
  270 269.5 0.537012 0.000233078
  271 270.5 0.54239 0.000235412
  272 271.5 0.53656 0.000232882
  273 272.5 0.532936 0.000231309
  274 273.5 0.532146 0.000230966
  275 274.5 0.536264 0.000232753
  276 275.5 0.544966 0.00023653
  277 276.5 0.543854 0.000236048
  278 277.5 0.531616 0.000230736
  279 278.5 0.51877 0.000225161
  280 279.5 0.511948 0.0002222
  281 280.5 0.510648 0.000221635
  282 281.5 0.519606 0.000225523
  283 282.5 0.529434 0.000229789
  284 283.5 0.536838 0.000233003
  285 284.5 0.521788 0.00022647
  286 285.5 0.520212 0.000225786
  287 286.5 0.52306 0.000227023
  288 287.5 0.521876 0.000226509
  289 288.5 0.527242 0.000228838
  290 289.5 0.533 0.000231337
  291 290.5 0.528442 0.000229359
  292 291.5 0.517696 0.000224694
  293 292.5 0.516254 0.000224069
  294 293.5 0.514644 0.00022337
  295 294.5 0.510756 0.000221682
  296 295.5 0.511912 0.000222184
  297 296.5 0.520626 0.000225966
  298 297.5 0.516544 0.000224194
  299 298.5 0.50444 0.000218941
  300 299.5 0.509016 0.000220927
  301 300.5 0.508348 0.000220637
  302 301.5 0.504968 0.00021917
  303 302.5 0.50412 0.000218802
  304 303.5 0.504996 0.000219182
  305 304.5 0.505054 0.000219207
  306 305.5 0.50411 0.000218798
  307 306.5 0.50811 0.000220534
  308 307.5 0.49338 0.000214141
  309 308.5 0.484854 0.00021044
  310 309.5 0.49124 0.000213212
  311 310.5 0.504606 0.000219013
  312 311.5 0.50981 0.000221272
  313 312.5 0.50424 0.000218854
  314 313.5 0.505298 0.000219313
  315 314.5 0.51073 0.000221671
  316 315.5 0.51955 0.000225499
  317 316.5 0.510682 0.00022165
  318 317.5 0.506944 0.000220028
  319 318.5 0.509488 0.000221132
  320 319.5 0.514796 0.000223436
  321 320.5 0.515466 0.000223727
  322 321.5 0.519296 0.000225389
  323 322.5 0.523216 0.00022709
  324 323.5 0.524474 0.000227636
  325 324.5 0.525346 0.000228015
  326 325.5 0.51669 0.000224258
  327 326.5 0.517146 0.000224456
  328 327.5 0.524066 0.000227459
  329 328.5 0.521348 0.00022628
  330 329.5 0.524598 0.00022769
  331 330.5 0.542234 0.000235345
  332 331.5 0.537934 0.000233478
  333 332.5 0.524226 0.000227529
  334 333.5 0.530942 0.000230444
  335 334.5 0.5293 0.000229731
  336 335.5 0.513656 0.000222941
  337 336.5 0.510448 0.000221549
  338 337.5 0.506768 0.000219951
  339 338.5 0.502292 0.000218009
  340 339.5 0.502614 0.000218148
  341 340.5 0.507904 0.000220444
  342 341.5 0.5171 0.000224436
  343 342.5 0.508698 0.000220789
  344 343.5 0.50488 0.000219132
  345 344.5 0.516658 0.000224244
  346 345.5 0.529712 0.00022991
  347 346.5 0.530186 0.000230115
  348 347.5 0.529724 0.000229915
  349 348.5 0.525824 0.000228222
  350 349.5 0.539354 0.000234095
  351 350.5 0.536044 0.000232658
  352 351.5 0.535892 0.000232592
  353 352.5 0.537808 0.000233424
  354 353.5 0.533302 0.000231468
  355 354.5 0.52973 0.000229918
  356 355.5 0.526914 0.000228695
  357 356.5 0.526168 0.000228372
  358 357.5 0.530448 0.000230229
  359 358.5 0.53171 0.000230777
  360 359.5 0.536048 0.00023266
  361 360.5 0.540316 0.000234512
  362 361.5 0.537402 0.000233247
  363 362.5 0.522976 0.000226986
  364 363.5 0.53154 0.000230703
  365 364.5 0.542996 0.000235675
  366 365.5 0.552764 0.000239915
  367 366.5 0.545526 0.000236773
  368 367.5 0.546238 0.000237082
  369 368.5 0.556932 0.000241724
  370 369.5 0.573312 0.000248833
  371 370.5 0.567608 0.000246358
  372 371.5 0.56584 0.00024559
  373 372.5 0.570302 0.000247527
  374 373.5 0.561122 0.000243543
  375 374.5 0.568662 0.000246815
  376 375.5 0.58121 0.000252261
  377 376.5 0.583866 0.000253414
  378 377.5 0.59095 0.000256489
  379 378.5 0.603172 0.000261793
  380 379.5 0.625186 0.000271348
  381 380.5 0.631434 0.00027406
  382 381.5 0.64125 0.00027832
  383 382.5 0.68184 0.000295937
  384 383.5 0.759082 0.000329463
  385 384.5 0.884008 0.000383684
  386 385.5 1.07531 0.000466715
  387 386.5 1.39822 0.000606866
  388 387.5 1.98265 0.000860526
  389 388.5 2.92579 0.00126988
  390 389.5 4.44365 0.00192867
  391 390.5 6.71603 0.00291495
  392 391.5 9.84911 0.00427479
  393 392.5 13.6475 0.0059234
  394 393.5 17.8272 0.00773749
  395 394.5 21.9225 0.00951497
  396 395.5 25.4153 0.0110309
  397 396.5 28.1702 0.0122266
  398 397.5 30.1369 0.0130803
  399 398.5 31.402 0.0136294
  400 399.5 32.2686 0.0140055
  401 400.5 32.7547 0.0142164
  402 401.5 33.0807 0.014358
  403 402.5 33.2646 0.0144378
  404 403.5 33.4347 0.0145116
  405 404.5 33.4534 0.0145197
  406 405.5 33.5263 0.0145513
  407 406.5 33.5543 0.0145635
  408 407.5 33.5918 0.0145798
  409 408.5 33.5944 0.0145809
  410 409.5 33.5912 0.0145795
  411 410.5 33.6577 0.0146084
  412 411.5 33.6473 0.0146039
  413 412.5 33.5906 0.0145793
  414 413.5 33.595 0.0145812
  415 414.5 33.624 0.0145937
  416 415.5 33.6005 0.0145835
  417 416.5 33.5567 0.0145645
  418 417.5 33.5953 0.0145813
  419 418.5 33.6087 0.0145871
  420 419.5 33.5647 0.014568
  421 420.5 33.5665 0.0145688
  422 421.5 33.6144 0.0145896
  423 422.5 33.62 0.014592
  424 423.5 33.5988 0.0145828
  425 424.5 33.6471 0.0146038
  426 425.5 33.6823 0.0146191
  427 426.5 33.6747 0.0146158
  428 427.5 33.6181 0.0145912
  429 428.5 33.6399 0.0146007
  430 429.5 33.677 0.0146167
  431 430.5 33.6559 0.0146076
  432 431.5 33.6093 0.0145874
  433 432.5 33.6688 0.0146132
  434 433.5 33.6706 0.014614
  435 434.5 33.6718 0.0146145
  436 435.5 33.6444 0.0146026
  437 436.5 33.698 0.0146259
  438 437.5 33.6758 0.0146162
  439 438.5 33.6669 0.0146124
  440 439.5 33.6684 0.014613
  441 440.5 33.6789 0.0146176
  442 441.5 33.675 0.0146159
  443 442.5 33.7023 0.0146277
  444 443.5 33.718 0.0146346
  445 444.5 33.6433 0.0146021
  446 445.5 33.7136 0.0146326
  447 446.5 33.7149 0.0146332
  448 447.5 33.6726 0.0146149
  449 448.5 33.6995 0.0146265
  450 449.5 33.6947 0.0146244
  451 450.5 33.6758 0.0146162
  452 451.5 33.697 0.0146255
  453 452.5 33.7196 0.0146352
  454 453.5 33.7087 0.0146305
  455 454.5 33.6847 0.0146201
  456 455.5 33.7145 0.014633
  457 456.5 33.7043 0.0146286
  458 457.5 33.7033 0.0146282
  459 458.5 33.723 0.0146367
  460 459.5 33.7003 0.0146269
  461 460.5 33.7245 0.0146374
  462 461.5 33.7077 0.0146301
  463 462.5 33.7192 0.0146351
  464 463.5 33.7397 0.014644
  465 464.5 33.6802 0.0146181
  466 465.5 33.7426 0.0146452
  467 466.5 33.6882 0.0146216
  468 467.5 33.685 0.0146202
  469 468.5 33.7114 0.0146317
  470 469.5 33.7183 0.0146347
  471 470.5 33.6945 0.0146244
  472 471.5 33.7244 0.0146373
  473 472.5 33.7205 0.0146356
  474 473.5 33.6711 0.0146142
  475 474.5 33.7264 0.0146382
  476 475.5 33.6833 0.0146195
  477 476.5 33.6878 0.0146214
  478 477.5 33.6525 0.0146061
  479 478.5 33.6889 0.0146219
  480 479.5 33.7091 0.0146307
40000000 480 5582
  1 0.5 33.5422 0.0145582
  2 1.5 33.535 0.0145551
  3 2.5 33.5667 0.0145689
  4 3.5 33.5222 0.0145496
  5 4.5 33.5333 0.0145544
  6 5.5 33.538 0.0145564
  7 6.5 33.5423 0.0145583
  8 7.5 33.526 0.0145512
  9 8.5 33.5576 0.0145649
  10 9.5 33.5274 0.0145518
  11 10.5 33.5599 0.0145659
  12 11.5 33.5643 0.0145678
  13 12.5 33.5778 0.0145737
  14 13.5 33.5187 0.0145481
  15 14.5 33.589 0.0145786
  16 15.5 33.593 0.0145803
  17 16.5 33.5584 0.0145653
  18 17.5 33.5641 0.0145678
  19 18.5 33.5992 0.014583
  20 19.5 33.575 0.0145725
  21 20.5 33.5533 0.0145631
  22 21.5 33.5725 0.0145714
  23 22.5 33.5699 0.0145703
  24 23.5 33.5544 0.0145635
  25 24.5 33.5712 0.0145708
  26 25.5 33.5739 0.014572
  27 26.5 33.5802 0.0145747
  28 27.5 33.5501 0.0145617
  29 28.5 33.5791 0.0145742
  30 29.5 33.5638 0.0145676
  31 30.5 33.5753 0.0145726
  32 31.5 33.5656 0.0145684
  33 32.5 33.5783 0.0145739
  34 33.5 33.573 0.0145716
  35 34.5 33.6109 0.0145881
  36 35.5 33.5798 0.0145746
  37 36.5 33.5927 0.0145802
  38 37.5 33.6073 0.0145865
  39 38.5 33.5738 0.014572
  40 39.5 33.6285 0.0145957
  41 40.5 33.6125 0.0145888
  42 41.5 33.5796 0.0145745
  43 42.5 33.6117 0.0145884
  44 43.5 33.6215 0.0145927
  45 44.5 33.5991 0.014583
  46 45.5 33.5685 0.0145697
  47 46.5 33.6121 0.0145886
  48 47.5 33.606 0.0145859
  49 48.5 33.6048 0.0145854
  50 49.5 33.6067 0.0145862
  51 50.5 33.6047 0.0145854
  52 51.5 33.5726 0.0145714
  53 52.5 33.563 0.0145673
  54 53.5 33.6578 0.0146084
  55 54.5 33.5774 0.0145735
  56 55.5 33.5603 0.0145661
  57 56.5 33.5622 0.0145669
  58 57.5 33.5792 0.0145743
  59 58.5 33.4608 0.0145229
  60 59.5 33.3771 0.0144866
  61 60.5 33.3622 0.0144801
  62 61.5 33.2263 0.0144211
  63 62.5 33.0198 0.0143315
  64 63.5 32.8051 0.0142383
  65 64.5 32.4975 0.0141048
  66 65.5 31.9722 0.0138768
  67 66.5 31.3069 0.0135881
  68 67.5 30.3475 0.0131716
  69 68.5 28.9587 0.0125689
  70 69.5 27.0487 0.0117399
  71 70.5 24.5195 0.0106421
  72 71.5 21.367 0.00927389
  73 72.5 17.6641 0.00766671
  74 73.5 13.786 0.00598351
  75 74.5 10.0615 0.00436698
  76 75.5 6.92055 0.00300371
  77 76.5 4.56995 0.00198349
  78 77.5 2.93341 0.00127318
  79 78.5 1.88518 0.000818219
  80 79.5 1.25943 0.000546629
  81 80.5 0.899192 0.000390274
  82 81.5 0.692818 0.000300702
  83 82.5 0.576716 0.000250311
  84 83.5 0.511802 0.000222136
  85 84.5 0.475956 0.000206578
  86 85.5 0.451914 0.000196143
  87 86.5 0.438976 0.000190528
  88 87.5 0.427644 0.000185609
  89 88.5 0.418934 0.000181829
  90 89.5 0.413446 0.000179447
  91 90.5 0.410548 0.000178189
  92 91.5 0.410772 0.000178286
  93 92.5 0.410118 0.000178003
  94 93.5 0.412318 0.000178957
  95 94.5 0.41223 0.000178919
  96 95.5 0.413002 0.000179254
  97 96.5 0.414046 0.000179707
  98 97.5 0.414856 0.000180059
  99 98.5 0.410866 0.000178327
  100 99.5 0.412802 0.000179168
  101 100.5 0.412988 0.000179248
  102 101.5 0.406826 0.000176574
  103 102.5 0.411072 0.000178417
  104 103.5 0.411124 0.000178439
  105 104.5 0.41445 0.000179883
  106 105.5 0.413032 0.000179267
  107 106.5 0.411396 0.000178557
  108 107.5 0.408598 0.000177343
  109 108.5 0.408838 0.000177447
  110 109.5 0.406582 0.000176468
  111 110.5 0.408494 0.000177298
  112 111.5 0.4124 0.000178993
  113 112.5 0.41519 0.000180204
  114 113.5 0.409564 0.000177762
  115 114.5 0.411578 0.000178636
  116 115.5 0.410368 0.000178111
  117 116.5 0.413854 0.000179624
  118 117.5 0.414746 0.000180011
  119 118.5 0.413422 0.000179437
  120 119.5 0.413434 0.000179442
  121 120.5 0.412302 0.000178951
  122 121.5 0.411758 0.000178714
  123 122.5 0.412386 0.000178987
  124 123.5 0.40871 0.000177391
  125 124.5 0.401986 0.000174473
  126 125.5 0.402448 0.000174674
  127 126.5 0.40643 0.000176402
  128 127.5 0.407762 0.00017698
  129 128.5 0.40834 0.000177231
  130 129.5 0.41111 0.000178433
  131 130.5 0.408468 0.000177286
  132 131.5 0.409154 0.000177584
  133 132.5 0.407254 0.00017676
  134 133.5 0.409048 0.000177538
  135 134.5 0.410152 0.000178017
  136 135.5 0.416776 0.000180892
  137 136.5 0.41354 0.000179488
  138 137.5 0.413834 0.000179615
  139 138.5 0.409572 0.000177766
  140 139.5 0.40841 0.000177261
  141 140.5 0.408276 0.000177203
  142 141.5 0.409012 0.000177523
  143 142.5 0.406464 0.000176417
  144 143.5 0.41224 0.000178924
  145 144.5 0.411136 0.000178444
  146 145.5 0.409392 0.000177688
  147 146.5 0.405774 0.000176117
  148 147.5 0.408324 0.000177224
  149 148.5 0.411546 0.000178622
  150 149.5 0.408988 0.000177512
  151 150.5 0.411012 0.000178391
  152 151.5 0.411604 0.000178648
  153 152.5 0.41014 0.000178012
  154 153.5 0.407982 0.000177076
  155 154.5 0.4102 0.000178038
  156 155.5 0.413294 0.000179381
  157 156.5 0.41055 0.00017819
  158 157.5 0.415922 0.000180522
  159 158.5 0.416214 0.000180648
  160 159.5 0.414972 0.000180109
  161 160.5 0.416184 0.000180635
  162 161.5 0.41057 0.000178199
  163 162.5 0.41258 0.000179071
  164 163.5 0.417114 0.000181039
  165 164.5 0.417248 0.000181097
  166 165.5 0.418044 0.000181443
  167 166.5 0.419898 0.000182247
  168 167.5 0.420988 0.00018272
  169 168.5 0.41492 0.000180087
  170 169.5 0.416192 0.000180639
  171 170.5 0.410696 0.000178253
  172 171.5 0.40898 0.000177509
  173 172.5 0.411704 0.000178691
  174 173.5 0.412978 0.000179244
  175 174.5 0.413946 0.000179664
  176 175.5 0.411196 0.00017847
  177 176.5 0.407816 0.000177003
  178 177.5 0.41 0.000177951
  179 178.5 0.414478 0.000179895
  180 179.5 0.415486 0.000180332
  181 180.5 0.414314 0.000179824
  182 181.5 0.421506 0.000182945
  183 182.5 0.426702 0.000185201
  184 183.5 0.416236 0.000180658
  185 184.5 0.41927 0.000181975
  186 185.5 0.420746 0.000182615
  187 186.5 0.421334 0.000182871
  188 187.5 0.422258 0.000183272
  189 188.5 0.418072 0.000181455
  190 189.5 0.414118 0.000179739
  191 190.5 0.414982 0.000180114
  192 191.5 0.414378 0.000179852
  193 192.5 0.412098 0.000178862
  194 193.5 0.417898 0.000181379
  195 194.5 0.416844 0.000180922
  196 195.5 0.413258 0.000179365
  197 196.5 0.416418 0.000180737
  198 197.5 0.409876 0.000177898
  199 198.5 0.4121 0.000178863
  200 199.5 0.409852 0.000177887
  201 200.5 0.410384 0.000178118
  202 201.5 0.412782 0.000179159
  203 202.5 0.410342 0.0001781
  204 203.5 0.41092 0.000178351
  205 204.5 0.411428 0.000178571
  206 205.5 0.411188 0.000178467
  207 206.5 0.411432 0.000178573
  208 207.5 0.413666 0.000179543
  209 208.5 0.412976 0.000179243
  210 209.5 0.413272 0.000179372
  211 210.5 0.410042 0.00017797
  212 211.5 0.411868 0.000178762
  213 212.5 0.40963 0.000177791
  214 213.5 0.408496 0.000177299
  215 214.5 0.412626 0.000179091
  216 215.5 0.416422 0.000180739
  217 216.5 0.420852 0.000182661
  218 217.5 0.427024 0.00018534
  219 218.5 0.435762 0.000189133
  220 219.5 0.454678 0.000197343
  221 220.5 0.479352 0.000208052
  222 221.5 0.520488 0.000225906
  223 222.5 0.607932 0.000263859
  224 223.5 0.750922 0.000325921
  225 224.5 0.996908 0.000432686
  226 225.5 1.41703 0.00061503
  227 226.5 2.13337 0.000925942
  228 227.5 3.23811 0.00140543
  229 228.5 4.76946 0.00207008
  230 229.5 6.63666 0.00288049
  231 230.5 8.47429 0.00367808
  232 231.5 9.76124 0.00423665
  233 232.5 10.0579 0.00436539
  234 233.5 9.24591 0.00401298
  235 234.5 7.65172 0.00332106
  236 235.5 5.81107 0.00252217
  237 236.5 4.12742 0.00179141
  238 237.5 2.8409 0.00123303
  239 238.5 1.97166 0.000855754
  240 239.5 1.42511 0.000618536
  241 240.5 1.09599 0.000475688
  242 241.5 0.896216 0.000388983
  243 242.5 0.781068 0.000339005
  244 243.5 0.715912 0.000310726
  245 244.5 0.672734 0.000291985
  246 245.5 0.64249 0.000278859
  247 246.5 0.614084 0.00026653
  248 247.5 0.597796 0.00025946
  249 248.5 0.592968 0.000257365
  250 249.5 0.576968 0.00025042
  251 250.5 0.572342 0.000248412
  252 251.5 0.56742 0.000246276
  253 252.5 0.565128 0.000245281
  254 253.5 0.568682 0.000246824
  255 254.5 0.584518 0.000253697
  256 255.5 0.593284 0.000257502
  257 256.5 0.592732 0.000257262
  258 257.5 0.59385 0.000257747
  259 258.5 0.592206 0.000257034
  260 259.5 0.585292 0.000254033
  261 260.5 0.579634 0.000251577
  262 261.5 0.56629 0.000245786
  263 262.5 0.57185 0.000248199
  264 263.5 0.572236 0.000248366
  265 264.5 0.565392 0.000245396
  266 265.5 0.565702 0.00024553
  267 266.5 0.568334 0.000246673
  268 267.5 0.569496 0.000247177
  269 268.5 0.5869 0.000254731
  270 269.5 0.59349 0.000257591
  271 270.5 0.59242 0.000257127
  272 271.5 0.578596 0.000251127
  273 272.5 0.553452 0.000240214
  274 273.5 0.546072 0.00023701
  275 274.5 0.54966 0.000238568
  276 275.5 0.55192 0.000239549
  277 276.5 0.54381 0.000236029
  278 277.5 0.538178 0.000233584
  279 278.5 0.527154 0.000228799
  280 279.5 0.521946 0.000226539
  281 280.5 0.530898 0.000230424
  282 281.5 0.528442 0.000229359
  283 282.5 0.528836 0.00022953
  284 283.5 0.5377 0.000233377
  285 284.5 0.547658 0.000237699
  286 285.5 0.556832 0.000241681
  287 286.5 0.552884 0.000239967
  288 287.5 0.555776 0.000241222
  289 288.5 0.552566 0.000239829
  290 289.5 0.559288 0.000242747
  291 290.5 0.565588 0.000245481
  292 291.5 0.581634 0.000252445
  293 292.5 0.58973 0.000255959
  294 293.5 0.578418 0.000251049
  295 294.5 0.563144 0.00024442
  296 295.5 0.567822 0.000246451
  297 296.5 0.567774 0.00024643
  298 297.5 0.569692 0.000247262
  299 298.5 0.580562 0.00025198
  300 299.5 0.583346 0.000253188
  301 300.5 0.589634 0.000255918
  302 301.5 0.59009 0.000256115
  303 302.5 0.584944 0.000253882
  304 303.5 0.581762 0.000252501
  305 304.5 0.578094 0.000250909
  306 305.5 0.574674 0.000249424
  307 306.5 0.576162 0.00025007
  308 307.5 0.57764 0.000250712
  309 308.5 0.572502 0.000248482
  310 309.5 0.570006 0.000247398
  311 310.5 0.564332 0.000244936
  312 311.5 0.565552 0.000245465
  313 312.5 0.563474 0.000244563
  314 313.5 0.5631 0.000244401
  315 314.5 0.569274 0.000247081
  316 315.5 0.574562 0.000249376
  317 316.5 0.572214 0.000248357
  318 317.5 0.571778 0.000248168
  319 318.5 0.56957 0.000247209
  320 319.5 0.56561 0.00024549
  321 320.5 0.565366 0.000245385
  322 321.5 0.571154 0.000247897
  323 322.5 0.57103 0.000247843
  324 323.5 0.572958 0.00024868
  325 324.5 0.571056 0.000247854
  326 325.5 0.575936 0.000249972
  327 326.5 0.570458 0.000247595
  328 327.5 0.572564 0.000248509
  329 328.5 0.56887 0.000246905
  330 329.5 0.570252 0.000247505
  331 330.5 0.562032 0.000243937
  332 331.5 0.562466 0.000244126
  333 332.5 0.554626 0.000240723
  334 333.5 0.553246 0.000240124
  335 334.5 0.56685 0.000246029
  336 335.5 0.572484 0.000248474
  337 336.5 0.565392 0.000245396
  338 337.5 0.571746 0.000248154
  339 338.5 0.57528 0.000249688
  340 339.5 0.57318 0.000248776
  341 340.5 0.563242 0.000244463
  342 341.5 0.560432 0.000243243
  343 342.5 0.555186 0.000240966
  344 343.5 0.542034 0.000235258
  345 344.5 0.541144 0.000234872
  346 345.5 0.533086 0.000231374
  347 346.5 0.543554 0.000235918
  348 347.5 0.548168 0.00023792
  349 348.5 0.55025 0.000238824
  350 349.5 0.553392 0.000240188
  351 350.5 0.545644 0.000236825
  352 351.5 0.543792 0.000236021
  353 352.5 0.553884 0.000240401
  354 353.5 0.557896 0.000242142
  355 354.5 0.559688 0.00024292
  356 355.5 0.558602 0.000242449
  357 356.5 0.55357 0.000240265
  358 357.5 0.547862 0.000237787
  359 358.5 0.548056 0.000237872
  360 359.5 0.547264 0.000237528
  361 360.5 0.552334 0.000239728
  362 361.5 0.536288 0.000232764
  363 362.5 0.533468 0.00023154
  364 363.5 0.531626 0.00023074
  365 364.5 0.531254 0.000230579
  366 365.5 0.543932 0.000236082
  367 366.5 0.538938 0.000233914
  368 367.5 0.532624 0.000231174
  369 368.5 0.536214 0.000232732
  370 369.5 0.54837 0.000238008
  371 370.5 0.555714 0.000241195
  372 371.5 0.564522 0.000245018
  373 372.5 0.567506 0.000246313
  374 373.5 0.576044 0.000250019
  375 374.5 0.576518 0.000250225
  376 375.5 0.578082 0.000250904
  377 376.5 0.598818 0.000259904
  378 377.5 0.611612 0.000265457
  379 378.5 0.609454 0.00026452
  380 379.5 0.617034 0.00026781
  381 380.5 0.639326 0.000277485
  382 381.5 0.665004 0.00028863
  383 382.5 0.698802 0.000303299
  384 383.5 0.753606 0.000327086
  385 384.5 0.86918 0.000377248
  386 385.5 1.07948 0.000468524
  387 386.5 1.42649 0.000619138
  388 387.5 2.00982 0.000872318
  389 388.5 3.02112 0.00131125
  390 389.5 4.64066 0.00201418
  391 390.5 7.04051 0.00305578
  392 391.5 10.3428 0.00448905
  393 392.5 14.3156 0.00621338
  394 393.5 18.5975 0.00807184
  395 394.5 22.7081 0.00985592
  396 395.5 26.1588 0.0113537
  397 396.5 28.7343 0.0124715
  398 397.5 30.5246 0.0132485
  399 398.5 31.7102 0.0137631
  400 399.5 32.4638 0.0140902
  401 400.5 32.9181 0.0142874
  402 401.5 33.1499 0.014388
  403 402.5 33.3575 0.0144781
  404 403.5 33.4388 0.0145134
  405 404.5 33.5163 0.014547
  406 405.5 33.5737 0.0145719
  407 406.5 33.6114 0.0145883
  408 407.5 33.5879 0.0145781
  409 408.5 33.6755 0.0146161
  410 409.5 33.6903 0.0146225
  411 410.5 33.6416 0.0146014
  412 411.5 33.6853 0.0146203
  413 412.5 33.698 0.0146259
  414 413.5 33.6886 0.0146218
  415 414.5 33.6765 0.0146165
  416 415.5 33.705 0.0146289
  417 416.5 33.6981 0.0146259
  418 417.5 33.697 0.0146254
  419 418.5 33.6934 0.0146239
  420 419.5 33.7062 0.0146294
  421 420.5 33.6943 0.0146243
  422 421.5 33.7032 0.0146281
  423 422.5 33.6503 0.0146052
  424 423.5 33.6778 0.0146171
  425 424.5 33.6813 0.0146186
  426 425.5 33.6357 0.0145988
  427 426.5 33.6411 0.0146012
  428 427.5 33.6351 0.0145986
  429 428.5 33.6206 0.0145923
  430 429.5 33.5994 0.0145831
  431 430.5 33.6076 0.0145866
  432 431.5 33.6538 0.0146067
  433 432.5 33.6206 0.0145923
  434 433.5 33.5496 0.0145615
  435 434.5 33.623 0.0145933
  436 435.5 33.6368 0.0145993
  437 436.5 33.5784 0.014574
  438 437.5 33.5903 0.0145791
  439 438.5 33.6077 0.0145867
  440 439.5 33.6256 0.0145944
  441 440.5 33.5743 0.0145722
  442 441.5 33.6163 0.0145904
  443 442.5 33.6287 0.0145958
  444 443.5 33.5742 0.0145721
  445 444.5 33.5908 0.0145793
  446 445.5 33.6061 0.014586
  447 446.5 33.5993 0.014583
  448 447.5 33.6029 0.0145846
  449 448.5 33.6002 0.0145834
  450 449.5 33.6122 0.0145886
  451 450.5 33.5971 0.0145821
  452 451.5 33.5695 0.0145701
  453 452.5 33.5767 0.0145732
  454 453.5 33.5795 0.0145744
  455 454.5 33.5712 0.0145708
  456 455.5 33.5447 0.0145593
  457 456.5 33.5923 0.01458
  458 457.5 33.5992 0.014583
  459 458.5 33.5641 0.0145677
  460 459.5 33.5837 0.0145762
  461 460.5 33.5982 0.0145825
  462 461.5 33.6159 0.0145902
  463 462.5 33.5732 0.0145717
  464 463.5 33.5843 0.0145765
  465 464.5 33.6205 0.0145922
  466 465.5 33.5969 0.014582
  467 466.5 33.5656 0.0145684
  468 467.5 33.624 0.0145938
  469 468.5 33.5882 0.0145782
  470 469.5 33.5791 0.0145743
  471 470.5 33.6036 0.0145849
  472 471.5 33.5795 0.0145744
  473 472.5 33.5933 0.0145804
  474 473.5 33.559 0.0145655
  475 474.5 33.5595 0.0145657
  476 475.5 33.5758 0.0145728
  477 476.5 33.5668 0.0145689
  478 477.5 33.5552 0.0145639
  479 478.5 33.5504 0.0145618
  480 479.5 33.5472 0.0145604
50000000 480 5582.000000000003
  1 0.5 33.6396 0.0146005
  2 1.5 33.6362 0.014599
  3 2.5 33.6429 0.014602
  4 3.5 33.6348 0.0145985
  5 4.5 33.6608 0.0146097
  6 5.5 33.6631 0.0146107
  7 6.5 33.6487 0.0146045
  8 7.5 33.6394 0.0146005
  9 8.5 33.6814 0.0146187
  10 9.5 33.5991 0.0145829
  11 10.5 33.5986 0.0145827
  12 11.5 33.6292 0.014596
  13 12.5 33.6256 0.0145945
  14 13.5 33.6021 0.0145842
  15 14.5 33.6406 0.0146009
  16 15.5 33.5885 0.0145783
  17 16.5 33.5868 0.0145776
  18 17.5 33.6171 0.0145908
  19 18.5 33.629 0.0145959
  20 19.5 33.6129 0.0145889
  21 20.5 33.5921 0.0145799
  22 21.5 33.6425 0.0146018
  23 22.5 33.6325 0.0145974
  24 23.5 33.5985 0.0145827
  25 24.5 33.5798 0.0145746
  26 25.5 33.6298 0.0145963
  27 26.5 33.6239 0.0145937
  28 27.5 33.6119 0.0145885
  29 28.5 33.6227 0.0145932
  30 29.5 33.6352 0.0145986
  31 30.5 33.6201 0.0145921
  32 31.5 33.6297 0.0145962
  33 32.5 33.6213 0.0145926
  34 33.5 33.598 0.0145825
  35 34.5 33.6197 0.0145919
  36 35.5 33.5872 0.0145778
  37 36.5 33.5852 0.0145769
  38 37.5 33.6054 0.0145857
  39 38.5 33.6236 0.0145936
  40 39.5 33.5963 0.0145817
  41 40.5 33.5839 0.0145763
  42 41.5 33.6256 0.0145945
  43 42.5 33.6033 0.0145848
  44 43.5 33.5825 0.0145758
  45 44.5 33.5772 0.0145734
  46 45.5 33.6293 0.014596
  47 46.5 33.5734 0.0145718
  48 47.5 33.5483 0.0145609
  49 48.5 33.565 0.0145682
  50 49.5 33.5745 0.0145723
  51 50.5 33.5552 0.0145639
  52 51.5 33.535 0.0145551
  53 52.5 33.5474 0.0145605
  54 53.5 33.5502 0.0145617
  55 54.5 33.5161 0.0145469
  56 55.5 33.4654 0.0145249
  57 56.5 33.478 0.0145304
  58 57.5 33.4758 0.0145294
  59 58.5 33.3747 0.0144856
  60 59.5 33.3163 0.0144602
  61 60.5 33.2351 0.014425
  62 61.5 33.1334 0.0143808
  63 62.5 32.9038 0.0142812
  64 63.5 32.6544 0.0141729
  65 64.5 32.2403 0.0139932
  66 65.5 31.6723 0.0137467
  67 66.5 30.8684 0.0133978
  68 67.5 29.6671 0.0128763
  69 68.5 28.0417 0.0121709
  70 69.5 25.8248 0.0112087
  71 70.5 22.9199 0.00994788
  72 71.5 19.4167 0.00842738
  73 72.5 15.6101 0.00677523
  74 73.5 11.7301 0.00509118
  75 74.5 8.30426 0.00360428
  76 75.5 5.58418 0.00242369
  77 76.5 3.6246 0.00157318
  78 77.5 2.31157 0.00100328
  79 78.5 1.51238 0.000656417
  80 79.5 1.03762 0.000450355
  81 80.5 0.77278 0.000335408
  82 81.5 0.62855 0.000272808
  83 82.5 0.547668 0.000237703
  84 83.5 0.495102 0.000214888
  85 84.5 0.466736 0.000202576
  86 85.5 0.44798 0.000194436
  87 86.5 0.435164 0.000188873
  88 87.5 0.43143 0.000187253
  89 88.5 0.421708 0.000183033
  90 89.5 0.421574 0.000182975
  91 90.5 0.417164 0.000181061
  92 91.5 0.41474 0.000180009
  93 92.5 0.416476 0.000180762
  94 93.5 0.416858 0.000180928
  95 94.5 0.411354 0.000178539
  96 95.5 0.414278 0.000179808
  97 96.5 0.41114 0.000178446
  98 97.5 0.40853 0.000177313
  99 98.5 0.408952 0.000177497
  100 99.5 0.40818 0.000177161
  101 100.5 0.404894 0.000175735
  102 101.5 0.408294 0.000177211
  103 102.5 0.40917 0.000177591
  104 103.5 0.408102 0.000177128
  105 104.5 0.40866 0.00017737
  106 105.5 0.408664 0.000177372
  107 106.5 0.408218 0.000177178
  108 107.5 0.410764 0.000178283
  109 108.5 0.40722 0.000176745
  110 109.5 0.409452 0.000177714
  111 110.5 0.406918 0.000176614
  112 111.5 0.40557 0.000176029
  113 112.5 0.402278 0.0001746
  114 113.5 0.405896 0.00017617
  115 114.5 0.409474 0.000177723
  116 115.5 0.411052 0.000178408
  117 116.5 0.411038 0.000178402
  118 117.5 0.415012 0.000180127
  119 118.5 0.415708 0.000180429
  120 119.5 0.41461 0.000179952
  121 120.5 0.415408 0.000180299
  122 121.5 0.415468 0.000180325
  123 122.5 0.416558 0.000180798
  124 123.5 0.41997 0.000182279
  125 124.5 0.416644 0.000180835
  126 125.5 0.415294 0.000180249
  127 126.5 0.418018 0.000181431
  128 127.5 0.42013 0.000182348
  129 128.5 0.420064 0.000182319
  130 129.5 0.421634 0.000183001
  131 130.5 0.423928 0.000183997
  132 131.5 0.418858 0.000181796
  133 132.5 0.418022 0.000181433
  134 133.5 0.412862 0.000179194
  135 134.5 0.411624 0.000178656
  136 135.5 0.408998 0.000177516
  137 136.5 0.410118 0.000178003
  138 137.5 0.416192 0.000180639
  139 138.5 0.41134 0.000178533
  140 139.5 0.415202 0.000180209
  141 140.5 0.410598 0.000178211
  142 141.5 0.40846 0.000177283
  143 142.5 0.40779 0.000176992
  144 143.5 0.410694 0.000178253
  145 144.5 0.414562 0.000179931
  146 145.5 0.411392 0.000178556
  147 146.5 0.41324 0.000179358
  148 147.5 0.411888 0.000178771
  149 148.5 0.4135 0.00017947
  150 149.5 0.415034 0.000180136
  151 150.5 0.417238 0.000181093
  152 151.5 0.415496 0.000180337
  153 152.5 0.414484 0.000179898
  154 153.5 0.413426 0.000179438
  155 154.5 0.410784 0.000178292
  156 155.5 0.407154 0.000176716
  157 156.5 0.408246 0.00017719
  158 157.5 0.407436 0.000176839
  159 158.5 0.40898 0.000177509
  160 159.5 0.411952 0.000178799
  161 160.5 0.41721 0.000181081
  162 161.5 0.418778 0.000181761
  163 162.5 0.41513 0.000180178
  164 163.5 0.409664 0.000177806
  165 164.5 0.416684 0.000180852
  166 165.5 0.416734 0.000180874
  167 166.5 0.415758 0.000180451
  168 167.5 0.419708 0.000182165
  169 168.5 0.416958 0.000180971
  170 169.5 0.419886 0.000182242
  171 170.5 0.420806 0.000182641
  172 171.5 0.421894 0.000183114
  173 172.5 0.41892 0.000181823
  174 173.5 0.415002 0.000180122
  175 174.5 0.412468 0.000179023
  176 175.5 0.418412 0.000181602
  177 176.5 0.418458 0.000181622
  178 177.5 0.419502 0.000182076
  179 178.5 0.416848 0.000180924
  180 179.5 0.423116 0.000183644
  181 180.5 0.420988 0.00018272
  182 181.5 0.42519 0.000184544
  183 182.5 0.417136 0.000181049
  184 183.5 0.41191 0.00017878
  185 184.5 0.413516 0.000179477
  186 185.5 0.41446 0.000179887
  187 186.5 0.415292 0.000180248
  188 187.5 0.417928 0.000181392
  189 188.5 0.412072 0.000178851
  190 189.5 0.411628 0.000178658
  191 190.5 0.41392 0.000179653
  192 191.5 0.41653 0.000180786
  193 192.5 0.417862 0.000181364
  194 193.5 0.418794 0.000181768
  195 194.5 0.418894 0.000181812
  196 195.5 0.41634 0.000180703
  197 196.5 0.417202 0.000181077
  198 197.5 0.416668 0.000180845
  199 198.5 0.413074 0.000179286
  200 199.5 0.417814 0.000181343
  201 200.5 0.416896 0.000180944
  202 201.5 0.418592 0.000181681
  203 202.5 0.422618 0.000183428
  204 203.5 0.419154 0.000181924
  205 204.5 0.411982 0.000178812
  206 205.5 0.413818 0.000179609
  207 206.5 0.41697 0.000180977
  208 207.5 0.42136 0.000182882
  209 208.5 0.420944 0.000182701
  210 209.5 0.423202 0.000183681
  211 210.5 0.421832 0.000183087
  212 211.5 0.419416 0.000182038
  213 212.5 0.418272 0.000181542
  214 213.5 0.420524 0.000182519
  215 214.5 0.42812 0.000185816
  216 215.5 0.427216 0.000185424
  217 216.5 0.436292 0.000189363
  218 217.5 0.441998 0.000191839
  219 218.5 0.45376 0.000196944
  220 219.5 0.474282 0.000205852
  221 220.5 0.507452 0.000220248
  222 221.5 0.570914 0.000247793
  223 222.5 0.687138 0.000298237
  224 223.5 0.88927 0.000385968
  225 224.5 1.23329 0.000535281
  226 225.5 1.81162 0.000786295
  227 226.5 2.75097 0.001194
  228 227.5 4.15953 0.00180535
  229 228.5 6.00123 0.0026047
  230 229.5 8.03017 0.00348532
  231 230.5 9.82835 0.00426578
  232 231.5 10.7955 0.00468555
  233 232.5 10.5932 0.00459773
  234 233.5 9.34126 0.00405437
  235 234.5 7.48928 0.00325055
  236 235.5 5.54511 0.00240673
  237 236.5 3.87924 0.0016837
  238 237.5 2.66277 0.00115572
  239 238.5 1.84051 0.000798832
  240 239.5 1.34805 0.000585091
  241 240.5 1.03911 0.000451003
  242 241.5 0.86513 0.00037549
  243 242.5 0.770408 0.000334378
  244 243.5 0.701462 0.000304454
  245 244.5 0.65119 0.000282635
  246 245.5 0.6259 0.000271658
  247 246.5 0.606154 0.000263088
  248 247.5 0.593734 0.000257697
  249 248.5 0.58271 0.000252912
  250 249.5 0.577082 0.00025047
  251 250.5 0.572648 0.000248545
  252 251.5 0.571504 0.000248049
  253 252.5 0.568072 0.000246559
  254 253.5 0.562132 0.000243981
  255 254.5 0.555712 0.000241194
  256 255.5 0.561932 0.000243894
  257 256.5 0.56273 0.00024424
  258 257.5 0.56124 0.000243594
  259 258.5 0.55306 0.000240043
  260 259.5 0.54632 0.000237118
  261 260.5 0.549832 0.000238642
  262 261.5 0.538738 0.000233827
  263 262.5 0.540146 0.000234438
  264 263.5 0.53256 0.000231146
  265 264.5 0.535614 0.000232471
  266 265.5 0.536854 0.00023301
  267 266.5 0.531464 0.00023067
  268 267.5 0.530648 0.000230316
  269 268.5 0.536182 0.000232718
  270 269.5 0.539804 0.00023429
  271 270.5 0.548192 0.000237931
  272 271.5 0.558596 0.000242446
  273 272.5 0.565514 0.000245449
  274 273.5 0.577798 0.00025078
  275 274.5 0.577936 0.00025084
  276 275.5 0.57663 0.000250273
  277 276.5 0.573394 0.000248869
  278 277.5 0.565074 0.000245258
  279 278.5 0.560514 0.000243279
  280 279.5 0.551732 0.000239467
  281 280.5 0.55072 0.000239028
  282 281.5 0.549704 0.000238587
  283 282.5 0.54512 0.000236597
  284 283.5 0.552102 0.000239628
  285 284.5 0.560398 0.000243228
  286 285.5 0.562644 0.000244203
  287 286.5 0.557636 0.00024203
  288 287.5 0.552534 0.000239815
  289 288.5 0.551142 0.000239211
  290 289.5 0.552066 0.000239612
  291 290.5 0.560402 0.00024323
  292 291.5 0.546576 0.000237229
  293 292.5 0.551324 0.00023929
  294 293.5 0.54618 0.000237057
  295 294.5 0.544364 0.000236269
  296 295.5 0.558672 0.000242479
  297 296.5 0.572022 0.000248273
  298 297.5 0.567988 0.000246523
  299 298.5 0.564702 0.000245096
  300 299.5 0.575026 0.000249577
  301 300.5 0.571986 0.000248258
  302 301.5 0.566494 0.000245874
  303 302.5 0.562434 0.000244112
  304 303.5 0.547632 0.000237687
  305 304.5 0.53298 0.000231328
  306 305.5 0.540572 0.000234623
  307 306.5 0.541868 0.000235186
  308 307.5 0.540894 0.000234763
  309 308.5 0.532368 0.000231063
  310 309.5 0.533472 0.000231542
  311 310.5 0.542442 0.000235435
  312 311.5 0.539766 0.000234273
  313 312.5 0.539908 0.000234335
  314 313.5 0.547878 0.000237794
  315 314.5 0.554796 0.000240797
  316 315.5 0.561648 0.000243771
  317 316.5 0.565478 0.000245433
  318 317.5 0.571718 0.000248141
  319 318.5 0.570136 0.000247455
  320 319.5 0.565332 0.00024537
  321 320.5 0.566574 0.000245909
  322 321.5 0.564592 0.000245049
  323 322.5 0.572474 0.00024847
  324 323.5 0.574768 0.000249465
  325 324.5 0.57502 0.000249575
  326 325.5 0.575178 0.000249643
  327 326.5 0.579956 0.000251717
  328 327.5 0.584562 0.000253716
  329 328.5 0.581406 0.000252346
  330 329.5 0.580752 0.000252063
  331 330.5 0.58749 0.000254987
  332 331.5 0.59032 0.000256215
  333 332.5 0.593734 0.000257697
  334 333.5 0.611788 0.000265533
  335 334.5 0.598584 0.000259802
  336 335.5 0.588876 0.000255589
  337 336.5 0.583252 0.000253148
  338 337.5 0.581544 0.000252406
  339 338.5 0.582418 0.000252786
  340 339.5 0.587086 0.000254812
  341 340.5 0.600028 0.000260429
  342 341.5 0.606086 0.000263058
  343 342.5 0.612034 0.00026564
  344 343.5 0.61126 0.000265304
  345 344.5 0.607218 0.000263549
  346 345.5 0.610876 0.000265137
  347 346.5 0.613188 0.000266141
  348 347.5 0.61427 0.00026661
  349 348.5 0.62834 0.000272717
  350 349.5 0.634652 0.000275457
  351 350.5 0.631588 0.000274127
  352 351.5 0.62592 0.000271667
  353 352.5 0.6269 0.000272092
  354 353.5 0.626136 0.00027176
  355 354.5 0.64167 0.000278503
  356 355.5 0.647044 0.000280835
  357 356.5 0.657436 0.000285345
  358 357.5 0.652868 0.000283363
  359 358.5 0.655708 0.000284595
  360 359.5 0.651442 0.000282744
  361 360.5 0.643234 0.000279181
  362 361.5 0.639514 0.000277567
  363 362.5 0.637666 0.000276765
  364 363.5 0.636302 0.000276173
  365 364.5 0.633332 0.000274884
  366 365.5 0.638064 0.000276938
  367 366.5 0.639352 0.000277497
  368 367.5 0.645094 0.000279989
  369 368.5 0.65036 0.000282274
  370 369.5 0.66037 0.000286619
  371 370.5 0.677534 0.000294069
  372 371.5 0.67296 0.000292083
  373 372.5 0.652894 0.000283374
  374 373.5 0.650948 0.00028253
  375 374.5 0.650312 0.000282253
  376 375.5 0.645612 0.000280214
  377 376.5 0.633882 0.000275122
  378 377.5 0.628062 0.000272596
  379 378.5 0.625414 0.000271447
  380 379.5 0.627996 0.000272568
  381 380.5 0.647876 0.000281196
  382 381.5 0.691416 0.000300094
  383 382.5 0.736968 0.000319865
  384 383.5 0.808276 0.000350814
  385 384.5 0.938372 0.00040728
  386 385.5 1.16298 0.000504764
  387 386.5 1.53632 0.000666807
  388 387.5 2.1986 0.000954253
  389 388.5 3.29965 0.00143214
  390 389.5 5.04211 0.00218842
  391 390.5 7.60538 0.00330094
  392 391.5 11.0389 0.00479118
  393 392.5 15.0934 0.00655096
  394 393.5 19.39 0.00841581
  395 394.5 23.3526 0.0101357
  396 395.5 26.5737 0.0115337
  397 396.5 29.0442 0.012606
  398 397.5 30.706 0.0133273
  399 398.5 31.7584 0.013784
  400 399.5 32.4732 0.0140943
  401 400.5 32.9382 0.0142961
  402 401.5 33.1249 0.0143771
  403 402.5 33.278 0.0144436
  404 403.5 33.4273 0.0145084
  405 404.5 33.4998 0.0145399
  406 405.5 33.5098 0.0145442
  407 406.5 33.5316 0.0145537
  408 407.5 33.5977 0.0145823
  409 408.5 33.5975 0.0145822
  410 409.5 33.6222 0.014593
  411 410.5 33.5999 0.0145833
  412 411.5 33.6614 0.01461
  413 412.5 33.6424 0.0146017
  414 413.5 33.6208 0.0145923
  415 414.5 33.6134 0.0145891
  416 415.5 33.6764 0.0146165
  417 416.5 33.6512 0.0146055
  418 417.5 33.6 0.0145833
  419 418.5 33.6432 0.0146021
  420 419.5 33.6567 0.0146079
  421 420.5 33.6454 0.014603
  422 421.5 33.5888 0.0145785
  423 422.5 33.6361 0.014599
  424 423.5 33.6482 0.0146042
  425 424.5 33.598 0.0145825
  426 425.5 33.5804 0.0145748
  427 426.5 33.6489 0.0146045
  428 427.5 33.6101 0.0145877
  429 428.5 33.5789 0.0145742
  430 429.5 33.6248 0.0145941
  431 430.5 33.6398 0.0146006
  432 431.5 33.6024 0.0145844
  433 432.5 33.5998 0.0145832
  434 433.5 33.6251 0.0145942
  435 434.5 33.5953 0.0145813
  436 435.5 33.5861 0.0145773
  437 436.5 33.5883 0.0145783
  438 437.5 33.6106 0.0145879
  439 438.5 33.5848 0.0145767
  440 439.5 33.6279 0.0145954
  441 440.5 33.5679 0.0145694
  442 441.5 33.5823 0.0145757
  443 442.5 33.6203 0.0145922
  444 443.5 33.6646 0.0146114
  445 444.5 33.6184 0.0145913
  446 445.5 33.5825 0.0145758
  447 446.5 33.6649 0.0146115
  448 447.5 33.6149 0.0145898
  449 448.5 33.5817 0.0145754
  450 449.5 33.6126 0.0145888
  451 450.5 33.647 0.0146038
  452 451.5 33.6168 0.0145906
  453 452.5 33.6037 0.0145849
  454 453.5 33.6507 0.0146053
  455 454.5 33.6993 0.0146264
  456 455.5 33.6218 0.0145928
  457 456.5 33.6441 0.0146025
  458 457.5 33.6534 0.0146065
  459 458.5 33.6929 0.0146236
  460 459.5 33.6193 0.0145917
  461 460.5 33.6352 0.0145986
  462 461.5 33.6928 0.0146236
  463 462.5 33.6514 0.0146056
  464 463.5 33.6066 0.0145862
  465 464.5 33.6607 0.0146097
  466 465.5 33.6819 0.0146189
  467 466.5 33.6138 0.0145893
  468 467.5 33.6338 0.014598
  469 468.5 33.6785 0.0146174
  470 469.5 33.6423 0.0146017
  471 470.5 33.6182 0.0145912
  472 471.5 33.6784 0.0146173
  473 472.5 33.6449 0.0146028
  474 473.5 33.6149 0.0145898
  475 474.5 33.6368 0.0145993
  476 475.5 33.6498 0.0146049
  477 476.5 33.6199 0.014592
  478 477.5 33.6116 0.0145884
  479 478.5 33.6297 0.0145962
  480 479.5 33.61 0.0145877
