# Chunk-averaged data for fix tensor3 and group c2
# Timestep Number-of-chunks Total-count
# Chunk Coord1 Ncount density/number
20000000 480 6768.000000000003
  1 0.5 0 0
  2 1.5 0 0
  3 2.5 0 0
  4 3.5 0 0
  5 4.5 0 0
  6 5.5 0 0
  7 6.5 0 0
  8 7.5 0 0
  9 8.5 0 0
  10 9.5 0 0
  11 10.5 0 0
  12 11.5 0 0
  13 12.5 0 0
  14 13.5 0 0
  15 14.5 0 0
  16 15.5 0 0
  17 16.5 0 0
  18 17.5 0 0
  19 18.5 0 0
  20 19.5 0 0
  21 20.5 0 0
  22 21.5 0 0
  23 22.5 0 0
  24 23.5 0 0
  25 24.5 0 0
  26 25.5 0 0
  27 26.5 0 0
  28 27.5 0 0
  29 28.5 0 0
  30 29.5 0 0
  31 30.5 0 0
  32 31.5 0 0
  33 32.5 0 0
  34 33.5 0 0
  35 34.5 0 0
  36 35.5 0 0
  37 36.5 0 0
  38 37.5 0 0
  39 38.5 0 0
  40 39.5 0 0
  41 40.5 0 0
  42 41.5 0 0
  43 42.5 0 0
  44 43.5 0 0
  45 44.5 0 0
  46 45.5 0 0
  47 46.5 0 0
  48 47.5 0 0
  49 48.5 0 0
  50 49.5 0 0
  51 50.5 0 0
  52 51.5 0 0
  53 52.5 0 0
  54 53.5 0 0
  55 54.5 0 0
  56 55.5 0 0
  57 56.5 0 0
  58 57.5 0 0
  59 58.5 0 0
  60 59.5 0 0
  61 60.5 0 0
  62 61.5 0 0
  63 62.5 0 0
  64 63.5 0 0
  65 64.5 0 0
  66 65.5 0 0
  67 66.5 0 0
  68 67.5 0 0
  69 68.5 0 0
  70 69.5 0 0
  71 70.5 0 0
  72 71.5 0 0
  73 72.5 0 0
  74 73.5 0 0
  75 74.5 0 0
  76 75.5 0 0
  77 76.5 0 0
  78 77.5 0 0
  79 78.5 0 0
  80 79.5 0 0
  81 80.5 0 0
  82 81.5 0 0
  83 82.5 0 0
  84 83.5 0 0
  85 84.5 0 0
  86 85.5 0 0
  87 86.5 0 0
  88 87.5 0 0
  89 88.5 0 0
  90 89.5 0 0
  91 90.5 0 0
  92 91.5 0 0
  93 92.5 0 0
  94 93.5 0 0
  95 94.5 0 0
  96 95.5 0 0
  97 96.5 0 0
  98 97.5 0 0
  99 98.5 0 0
  100 99.5 0 0
  101 100.5 0 0
  102 101.5 0 0
  103 102.5 0 0
  104 103.5 0 0
  105 104.5 0 0
  106 105.5 0 0
  107 106.5 0 0
  108 107.5 0 0
  109 108.5 0 0
  110 109.5 0 0
  111 110.5 0 0
  112 111.5 0 0
  113 112.5 0 0
  114 113.5 0 0
  115 114.5 0 0
  116 115.5 0 0
  117 116.5 0 0
  118 117.5 0 0
  119 118.5 0 0
  120 119.5 0 0
  121 120.5 0 0
  122 121.5 0 0
  123 122.5 0 0
  124 123.5 0 0
  125 124.5 0 0
  126 125.5 0 0
  127 126.5 0 0
  128 127.5 0 0
  129 128.5 0 0
  130 129.5 0 0
  131 130.5 0 0
  132 131.5 0 0
  133 132.5 0 0
  134 133.5 0 0
  135 134.5 0 0
  136 135.5 0 0
  137 136.5 0 0
  138 137.5 0 0
  139 138.5 0 0
  140 139.5 0 0
  141 140.5 0 0
  142 141.5 0 0
  143 142.5 0 0
  144 143.5 0 0
  145 144.5 0 0
  146 145.5 0 0
  147 146.5 0 0
  148 147.5 0 0
  149 148.5 0 0
  150 149.5 0 0
  151 150.5 0 0
  152 151.5 0 0
  153 152.5 0 0
  154 153.5 0 0
  155 154.5 0 0
  156 155.5 0 0
  157 156.5 0 0
  158 157.5 0 0
  159 158.5 0 0
  160 159.5 0 0
  161 160.5 0 0
  162 161.5 0 0
  163 162.5 0 0
  164 163.5 0 0
  165 164.5 0 0
  166 165.5 0 0
  167 166.5 0 0
  168 167.5 0 0
  169 168.5 0 0
  170 169.5 0 0
  171 170.5 0 0
  172 171.5 0 0
  173 172.5 0 0
  174 173.5 0 0
  175 174.5 0 0
  176 175.5 0 0
  177 176.5 0 0
  178 177.5 0 0
  179 178.5 0 0
  180 179.5 0 0
  181 180.5 0 0
  182 181.5 0 0
  183 182.5 0 0
  184 183.5 0 0
  185 184.5 0 0
  186 185.5 0 0
  187 186.5 0 0
  188 187.5 0 0
  189 188.5 0 0
  190 189.5 0 0
  191 190.5 0 0
  192 191.5 0 0
  193 192.5 0 0
  194 193.5 0 0
  195 194.5 0 0
  196 195.5 0 0
  197 196.5 0 0
  198 197.5 0 0
  199 198.5 0 0
  200 199.5 1.2e-05 5.20833e-09
  201 200.5 5.4e-05 2.34375e-08
  202 201.5 0.00017 7.37847e-08
  203 202.5 0.000914 3.96701e-07
  204 203.5 0.009532 4.13715e-06
  205 204.5 0.129156 5.60573e-05
  206 205.5 0.772422 0.000335253
  207 206.5 2.1961 0.000953169
  208 207.5 6.19739 0.00268984
  209 208.5 12.8844 0.00559218
  210 209.5 23.2967 0.0101114
  211 210.5 33.1503 0.0143882
  212 211.5 39.6635 0.0172151
  213 212.5 42.9151 0.0186264
  214 213.5 44.5872 0.0193521
  215 214.5 44.9827 0.0195238
  216 215.5 45.5661 0.019777
  217 216.5 45.4286 0.0197173
  218 217.5 45.793 0.0198754
  219 218.5 45.623 0.0198017
  220 219.5 45.8775 0.0199121
  221 220.5 45.7127 0.0198406
  222 221.5 45.945 0.0199414
  223 222.5 45.7485 0.0198561
  224 223.5 45.9632 0.0199493
  225 224.5 45.7844 0.0198717
  226 225.5 45.9597 0.0199478
  227 226.5 45.811 0.0198833
  228 227.5 45.9391 0.0199388
  229 228.5 45.8329 0.0198927
  230 229.5 45.9327 0.0199361
  231 230.5 45.8448 0.0198979
  232 231.5 45.9225 0.0199316
  233 232.5 45.853 0.0199015
  234 233.5 45.9032 0.0199233
  235 234.5 45.8671 0.0199076
  236 235.5 45.8965 0.0199203
  237 236.5 45.88 0.0199132
  238 237.5 45.8744 0.0199108
  239 238.5 45.9063 0.0199246
  240 239.5 45.8485 0.0198995
  241 240.5 45.9301 0.0199349
  242 241.5 45.8308 0.0198918
  243 242.5 45.944 0.019941
  244 243.5 45.812 0.0198837
  245 244.5 45.9621 0.0199488
  246 245.5 45.7942 0.0198759
  247 246.5 45.9751 0.0199545
  248 247.5 45.7861 0.0198724
  249 248.5 45.9826 0.0199577
  250 249.5 45.7801 0.0198698
  251 250.5 45.9914 0.0199615
  252 251.5 45.7819 0.0198706
  253 252.5 45.9802 0.0199567
  254 253.5 45.7816 0.0198705
  255 254.5 45.9886 0.0199603
  256 255.5 45.7842 0.0198716
  257 256.5 45.9881 0.0199601
  258 257.5 45.7724 0.0198665
  259 258.5 45.9973 0.0199641
  260 259.5 45.7745 0.0198674
  261 260.5 45.9528 0.0199448
  262 261.5 45.7988 0.019878
  263 262.5 45.9194 0.0199303
  264 263.5 45.8394 0.0198956
  265 264.5 45.8005 0.0198787
  266 265.5 45.822 0.019888
  267 266.5 45.7175 0.0198427
  268 267.5 45.6512 0.0198139
  269 268.5 45.4651 0.0197331
  270 269.5 45.4419 0.019723
  271 270.5 44.9461 0.0195079
  272 271.5 44.3046 0.0192294
  273 272.5 43.7817 0.0190025
  274 273.5 43.6587 0.0189491
  275 274.5 42.6145 0.0184959
  276 275.5 42.0549 0.018253
  277 276.5 41.8504 0.0181642
  278 277.5 41.3098 0.0179296
  279 278.5 41.9126 0.0181913
  280 279.5 42.2637 0.0183436
  281 280.5 43.3716 0.0188245
  282 281.5 44.0937 0.0191379
  283 282.5 44.7226 0.0194109
  284 283.5 44.7417 0.0194191
  285 284.5 45.0998 0.0195746
  286 285.5 44.9209 0.0194969
  287 286.5 45.2185 0.0196261
  288 287.5 45.183 0.0196107
  289 288.5 45.3151 0.019668
  290 289.5 45.0638 0.0195589
  291 290.5 45.2397 0.0196353
  292 291.5 45.3555 0.0196855
  293 292.5 45.3287 0.0196739
  294 293.5 45.1472 0.0195951
  295 294.5 45.1752 0.0196073
  296 295.5 45.4393 0.0197219
  297 296.5 45.3202 0.0196702
  298 297.5 45.2132 0.0196238
  299 298.5 45.1158 0.0195815
  300 299.5 45.4711 0.0197357
  301 300.5 45.3148 0.0196679
  302 301.5 45.2574 0.019643
  303 302.5 45.0906 0.0195706
  304 303.5 45.4554 0.0197289
  305 304.5 45.3448 0.0196809
  306 305.5 45.2612 0.0196446
  307 306.5 45.1162 0.0195817
  308 307.5 45.3887 0.0197
  309 308.5 45.4029 0.0197061
  310 309.5 45.2528 0.019641
  311 310.5 45.1606 0.0196009
  312 311.5 45.2937 0.0196587
  313 312.5 45.4737 0.0197368
  314 313.5 45.2229 0.019628
  315 314.5 45.2169 0.0196254
  316 315.5 45.2299 0.019631
  317 316.5 45.49 0.0197439
  318 317.5 45.2262 0.0196294
  319 318.5 45.2455 0.0196378
  320 319.5 45.2043 0.0196199
  321 320.5 45.471 0.0197357
  322 321.5 45.2594 0.0196438
  323 322.5 45.2355 0.0196335
  324 323.5 45.2304 0.0196313
  325 324.5 45.4068 0.0197078
  326 325.5 45.3242 0.019672
  327 326.5 45.1974 0.0196169
  328 327.5 45.2755 0.0196508
  329 328.5 45.3312 0.019675
  330 329.5 45.378 0.0196953
  331 330.5 45.1672 0.0196038
  332 331.5 45.3193 0.0196699
  333 332.5 45.276 0.019651
  334 333.5 45.3989 0.0197044
  335 334.5 45.1613 0.0196012
  336 335.5 45.3325 0.0196756
  337 336.5 45.2698 0.0196484
  338 337.5 45.3697 0.0196917
  339 338.5 45.2094 0.0196221
  340 339.5 45.2891 0.0196567
  341 340.5 45.3123 0.0196668
  342 341.5 45.2942 0.019659
  343 342.5 45.2663 0.0196468
  344 343.5 45.2316 0.0196318
  345 344.5 45.3502 0.0196833
  346 345.5 45.2212 0.0196272
  347 346.5 45.2878 0.0196561
  348 347.5 45.1838 0.019611
  349 348.5 45.3499 0.0196831
  350 349.5 45.1351 0.0195899
  351 350.5 45.2088 0.0196219
  352 351.5 45.0688 0.0195611
  353 352.5 45.177 0.0196081
  354 353.5 44.8715 0.0194755
  355 354.5 44.6516 0.01938
  356 355.5 43.8384 0.0190271
  357 356.5 41.8407 0.01816
  358 357.5 36.5207 0.015851
  359 358.5 27.6573 0.012004
  360 359.5 17.4078 0.00755548
  361 360.5 7.92454 0.00343947
  362 361.5 2.40354 0.0010432
  363 362.5 0.421186 0.000182806
  364 363.5 0.040918 1.77595e-05
  365 364.5 0.00425 1.84462e-06
  366 365.5 0.000576 2.5e-07
  367 366.5 0.000174 7.55208e-08
  368 367.5 0.0001 4.34028e-08
  369 368.5 4.8e-05 2.08333e-08
  370 369.5 6e-06 2.60417e-09
  371 370.5 0 0
  372 371.5 0 0
  373 372.5 0 0
  374 373.5 0 0
  375 374.5 0 0
  376 375.5 0 0
  377 376.5 0 0
  378 377.5 0 0
  379 378.5 0 0
  380 379.5 0 0
  381 380.5 0 0
  382 381.5 0 0
  383 382.5 0 0
  384 383.5 0 0
  385 384.5 0 0
  386 385.5 0 0
  387 386.5 0 0
  388 387.5 0 0
  389 388.5 0 0
  390 389.5 0 0
  391 390.5 0 0
  392 391.5 0 0
  393 392.5 0 0
  394 393.5 0 0
  395 394.5 0 0
  396 395.5 0 0
  397 396.5 0 0
  398 397.5 0 0
  399 398.5 0 0
  400 399.5 0 0
  401 400.5 0 0
  402 401.5 0 0
  403 402.5 0 0
  404 403.5 0 0
  405 404.5 0 0
  406 405.5 0 0
  407 406.5 0 0
  408 407.5 0 0
  409 408.5 0 0
  410 409.5 0 0
  411 410.5 0 0
  412 411.5 0 0
  413 412.5 0 0
  414 413.5 0 0
  415 414.5 0 0
  416 415.5 0 0
  417 416.5 0 0
  418 417.5 0 0
  419 418.5 0 0
  420 419.5 0 0
  421 420.5 0 0
  422 421.5 0 0
  423 422.5 0 0
  424 423.5 0 0
  425 424.5 0 0
  426 425.5 0 0
  427 426.5 0 0
  428 427.5 0 0
  429 428.5 0 0
  430 429.5 0 0
  431 430.5 0 0
  432 431.5 0 0
  433 432.5 0 0
  434 433.5 0 0
  435 434.5 0 0
  436 435.5 0 0
  437 436.5 0 0
  438 437.5 0 0
  439 438.5 0 0
  440 439.5 0 0
  441 440.5 0 0
  442 441.5 0 0
  443 442.5 0 0
  444 443.5 0 0
  445 444.5 0 0
  446 445.5 0 0
  447 446.5 0 0
  448 447.5 0 0
  449 448.5 0 0
  450 449.5 0 0
  451 450.5 0 0
  452 451.5 0 0
  453 452.5 0 0
  454 453.5 0 0
  455 454.5 0 0
  456 455.5 0 0
  457 456.5 0 0
  458 457.5 0 0
  459 458.5 0 0
  460 459.5 0 0
  461 460.5 0 0
  462 461.5 0 0
  463 462.5 0 0
  464 463.5 0 0
  465 464.5 0 0
  466 465.5 0 0
  467 466.5 0 0
  468 467.5 0 0
  469 468.5 0 0
  470 469.5 0 0
  471 470.5 0 0
  472 471.5 0 0
  473 472.5 0 0
  474 473.5 0 0
  475 474.5 0 0
  476 475.5 0 0
  477 476.5 0 0
  478 477.5 0 0
  479 478.5 0 0
  480 479.5 0 0
30000000 480 6768.000000000005
  1 0.5 0 0
  2 1.5 0 0
  3 2.5 0 0
  4 3.5 0 0
  5 4.5 0 0
  6 5.5 0 0
  7 6.5 0 0
  8 7.5 0 0
  9 8.5 0 0
  10 9.5 0 0
  11 10.5 0 0
  12 11.5 0 0
  13 12.5 0 0
  14 13.5 0 0
  15 14.5 0 0
  16 15.5 0 0
  17 16.5 0 0
  18 17.5 0 0
  19 18.5 0 0
  20 19.5 0 0
  21 20.5 0 0
  22 21.5 0 0
  23 22.5 0 0
  24 23.5 0 0
  25 24.5 0 0
  26 25.5 0 0
  27 26.5 0 0
  28 27.5 0 0
  29 28.5 0 0
  30 29.5 0 0
  31 30.5 0 0
  32 31.5 0 0
  33 32.5 0 0
  34 33.5 0 0
  35 34.5 0 0
  36 35.5 0 0
  37 36.5 0 0
  38 37.5 0 0
  39 38.5 0 0
  40 39.5 0 0
  41 40.5 0 0
  42 41.5 0 0
  43 42.5 0 0
  44 43.5 0 0
  45 44.5 0 0
  46 45.5 0 0
  47 46.5 0 0
  48 47.5 0 0
  49 48.5 0 0
  50 49.5 0 0
  51 50.5 0 0
  52 51.5 0 0
  53 52.5 0 0
  54 53.5 0 0
  55 54.5 0 0
  56 55.5 0 0
  57 56.5 0 0
  58 57.5 0 0
  59 58.5 0 0
  60 59.5 0 0
  61 60.5 0 0
  62 61.5 0 0
  63 62.5 0 0
  64 63.5 0 0
  65 64.5 0 0
  66 65.5 0 0
  67 66.5 0 0
  68 67.5 0 0
  69 68.5 0 0
  70 69.5 0 0
  71 70.5 0 0
  72 71.5 0 0
  73 72.5 0 0
  74 73.5 0 0
  75 74.5 0 0
  76 75.5 0 0
  77 76.5 0 0
  78 77.5 0 0
  79 78.5 0 0
  80 79.5 0 0
  81 80.5 0 0
  82 81.5 0 0
  83 82.5 0 0
  84 83.5 0 0
  85 84.5 0 0
  86 85.5 0 0
  87 86.5 0 0
  88 87.5 0 0
  89 88.5 0 0
  90 89.5 0 0
  91 90.5 0 0
  92 91.5 0 0
  93 92.5 0 0
  94 93.5 0 0
  95 94.5 0 0
  96 95.5 0 0
  97 96.5 0 0
  98 97.5 0 0
  99 98.5 0 0
  100 99.5 0 0
  101 100.5 0 0
  102 101.5 0 0
  103 102.5 0 0
  104 103.5 0 0
  105 104.5 0 0
  106 105.5 0 0
  107 106.5 0 0
  108 107.5 0 0
  109 108.5 0 0
  110 109.5 0 0
  111 110.5 0 0
  112 111.5 0 0
  113 112.5 0 0
  114 113.5 0 0
  115 114.5 0 0
  116 115.5 0 0
  117 116.5 0 0
  118 117.5 0 0
  119 118.5 0 0
  120 119.5 0 0
  121 120.5 0 0
  122 121.5 0 0
  123 122.5 0 0
  124 123.5 0 0
  125 124.5 0 0
  126 125.5 0 0
  127 126.5 0 0
  128 127.5 0 0
  129 128.5 0 0
  130 129.5 0 0
  131 130.5 0 0
  132 131.5 0 0
  133 132.5 0 0
  134 133.5 0 0
  135 134.5 0 0
  136 135.5 0 0
  137 136.5 0 0
  138 137.5 0 0
  139 138.5 0 0
  140 139.5 0 0
  141 140.5 0 0
  142 141.5 0 0
  143 142.5 0 0
  144 143.5 0 0
  145 144.5 0 0
  146 145.5 0 0
  147 146.5 0 0
  148 147.5 0 0
  149 148.5 0 0
  150 149.5 0 0
  151 150.5 0 0
  152 151.5 0 0
  153 152.5 0 0
  154 153.5 0 0
  155 154.5 0 0
  156 155.5 0 0
  157 156.5 0 0
  158 157.5 0 0
  159 158.5 0 0
  160 159.5 0 0
  161 160.5 0 0
  162 161.5 0 0
  163 162.5 0 0
  164 163.5 0 0
  165 164.5 0 0
  166 165.5 0 0
  167 166.5 0 0
  168 167.5 0 0
  169 168.5 0 0
  170 169.5 0 0
  171 170.5 0 0
  172 171.5 0 0
  173 172.5 0 0
  174 173.5 0 0
  175 174.5 0 0
  176 175.5 0 0
  177 176.5 0 0
  178 177.5 0 0
  179 178.5 0 0
  180 179.5 0 0
  181 180.5 0 0
  182 181.5 0 0
  183 182.5 0 0
  184 183.5 0 0
  185 184.5 0 0
  186 185.5 2e-06 8.68056e-10
  187 186.5 4.8e-05 2.08333e-08
  188 187.5 5.8e-05 2.51736e-08
  189 188.5 0.000124 5.38194e-08
  190 189.5 0.000202 8.76736e-08
  191 190.5 0.000182 7.89931e-08
  192 191.5 0.000152 6.59722e-08
  193 192.5 0.000148 6.42361e-08
  194 193.5 9e-05 3.90625e-08
  195 194.5 0.000132 5.72917e-08
  196 195.5 0.000224 9.72222e-08
  197 196.5 0.000178 7.72569e-08
  198 197.5 0.000238 1.03299e-07
  199 198.5 0.000454 1.97049e-07
  200 199.5 0.00072 3.125e-07
  201 200.5 0.002952 1.28125e-06
  202 201.5 0.017598 7.63802e-06
  203 202.5 0.226584 9.83438e-05
  204 203.5 1.41385 0.000613651
  205 204.5 5.79713 0.00251612
  206 205.5 15.5573 0.00675231
  207 206.5 23.9132 0.010379
  208 207.5 31.3222 0.0135947
  209 208.5 35.868 0.0155677
  210 209.5 41.1186 0.0178466
  211 210.5 42.7151 0.0185395
  212 211.5 45.6716 0.0198228
  213 212.5 44.5904 0.0193535
  214 213.5 46.0875 0.0200033
  215 214.5 45.1173 0.0195822
  216 215.5 46.1412 0.0200266
  217 216.5 45.4019 0.0197057
  218 217.5 46.1043 0.0200105
  219 218.5 45.57 0.0197786
  220 219.5 46.0496 0.0199868
  221 220.5 45.7254 0.0198461
  222 221.5 45.9414 0.0199399
  223 222.5 45.8592 0.0199041
  224 223.5 45.8344 0.0198934
  225 224.5 45.9768 0.0199552
  226 225.5 45.717 0.0198424
  227 226.5 46.1084 0.0200123
  228 227.5 45.6052 0.0197939
  229 228.5 46.2102 0.0200565
  230 229.5 45.4941 0.0197457
  231 230.5 46.3058 0.020098
  232 231.5 45.4172 0.0197123
  233 232.5 46.3771 0.020129
  234 233.5 45.3516 0.0196838
  235 234.5 46.4293 0.0201516
  236 235.5 45.3022 0.0196624
  237 236.5 46.4689 0.0201688
  238 237.5 45.2718 0.0196492
  239 238.5 46.4948 0.02018
  240 239.5 45.2543 0.0196416
  241 240.5 46.4987 0.0201817
  242 241.5 45.2585 0.0196435
  243 242.5 46.4962 0.0201806
  244 243.5 45.2654 0.0196464
  245 244.5 46.4738 0.0201709
  246 245.5 45.3004 0.0196616
  247 246.5 46.4311 0.0201524
  248 247.5 45.354 0.0196849
  249 248.5 46.3676 0.0201248
  250 249.5 45.4331 0.0197192
  251 250.5 46.2815 0.0200875
  252 251.5 45.5186 0.0197563
  253 252.5 46.1901 0.0200478
  254 253.5 45.6009 0.019792
  255 254.5 46.1172 0.0200161
  256 255.5 45.6834 0.0198279
  257 256.5 46.0386 0.019982
  258 257.5 45.7192 0.0198434
  259 258.5 45.9915 0.0199616
  260 259.5 45.7887 0.0198736
  261 260.5 45.8406 0.0198961
  262 261.5 45.844 0.0198976
  263 262.5 45.7247 0.0198458
  264 263.5 45.91 0.0199262
  265 264.5 45.335 0.0196766
  266 265.5 45.9729 0.0199535
  267 266.5 45.0524 0.019554
  268 267.5 45.1985 0.0196174
  269 268.5 44.083 0.0191332
  270 269.5 44.6348 0.0193728
  271 270.5 42.9464 0.0186399
  272 271.5 43.1592 0.0187323
  273 272.5 42.4112 0.0184076
  274 273.5 41.9111 0.0181906
  275 274.5 41.3466 0.0179456
  276 275.5 42.2588 0.0183415
  277 276.5 42.6944 0.0185306
  278 277.5 42.8268 0.018588
  279 278.5 43.8733 0.0190422
  280 279.5 44.5264 0.0193257
  281 280.5 44.8604 0.0194706
  282 281.5 44.4675 0.0193001
  283 282.5 45.1326 0.0195888
  284 283.5 45.2877 0.0196561
  285 284.5 45.295 0.0196593
  286 285.5 44.894 0.0194853
  287 286.5 45.1755 0.0196074
  288 287.5 45.4827 0.0197408
  289 288.5 45.3358 0.019677
  290 289.5 45.0554 0.0195553
  291 290.5 45.1321 0.0195886
  292 291.5 45.5215 0.0197576
  293 292.5 45.3655 0.0196899
  294 293.5 45.1159 0.0195816
  295 294.5 45.1149 0.0195811
  296 295.5 45.4957 0.0197464
  297 296.5 45.4067 0.0197078
  298 297.5 45.14 0.019592
  299 298.5 45.1301 0.0195877
  300 299.5 45.431 0.0197183
  301 300.5 45.46 0.0197309
  302 301.5 45.1364 0.0195905
  303 302.5 45.165 0.0196029
  304 303.5 45.3661 0.0196902
  305 304.5 45.5069 0.0197513
  306 305.5 45.1253 0.0195856
  307 306.5 45.1936 0.0196153
  308 307.5 45.3278 0.0196735
  309 308.5 45.5152 0.0197549
  310 309.5 45.1503 0.0195965
  311 310.5 45.1825 0.0196105
  312 311.5 45.3351 0.0196767
  313 312.5 45.4823 0.0197406
  314 313.5 45.1978 0.0196171
  315 314.5 45.1481 0.0195955
  316 315.5 45.3625 0.0196886
  317 316.5 45.4319 0.0197187
  318 317.5 45.2612 0.0196446
  319 318.5 45.1065 0.0195775
  320 319.5 45.4013 0.0197054
  321 320.5 45.3843 0.0196981
  322 321.5 45.3001 0.0196615
  323 322.5 45.0875 0.0195692
  324 323.5 45.4039 0.0197065
  325 324.5 45.3813 0.0196968
  326 325.5 45.2967 0.01966
  327 326.5 45.0992 0.0195743
  328 327.5 45.3767 0.0196947
  329 328.5 45.4115 0.0197099
  330 329.5 45.2653 0.0196464
  331 330.5 45.1354 0.01959
  332 331.5 45.3277 0.0196735
  333 332.5 45.4696 0.0197351
  334 333.5 45.2093 0.0196221
  335 334.5 45.1818 0.0196101
  336 335.5 45.2694 0.0196482
  337 336.5 45.5141 0.0197544
  338 337.5 45.1823 0.0196104
  339 338.5 45.188 0.0196128
  340 339.5 45.2418 0.0196362
  341 340.5 45.5185 0.0197563
  342 341.5 45.1922 0.0196147
  343 342.5 45.1417 0.0195928
  344 343.5 45.2414 0.019636
  345 344.5 45.4568 0.0197295
  346 345.5 45.2286 0.0196305
  347 346.5 45.0051 0.0195335
  348 347.5 45.2188 0.0196262
  349 348.5 45.2713 0.019649
  350 349.5 45.1427 0.0195932
  351 350.5 44.6254 0.0193687
  352 351.5 44.7448 0.0194205
  353 352.5 43.8432 0.0190292
  354 353.5 41.6438 0.0180746
  355 354.5 34.9625 0.0151747
  356 355.5 25.8157 0.0112047
  357 356.5 17.6112 0.00764376
  358 357.5 10.9302 0.00474402
  359 358.5 6.51833 0.00282914
  360 359.5 3.13675 0.00136143
  361 360.5 0.986374 0.000428114
  362 361.5 0.102402 4.44453e-05
  363 362.5 0.007456 3.23611e-06
  364 363.5 0.00125 5.42535e-07
  365 364.5 0.000508 2.20486e-07
  366 365.5 0.00039 1.69271e-07
  367 366.5 0.000682 2.96007e-07
  368 367.5 0.000634 2.75174e-07
  369 368.5 0.00064 2.77778e-07
  370 369.5 0.000568 2.46528e-07
  371 370.5 0.000394 1.71007e-07
  372 371.5 0.000632 2.74306e-07
  373 372.5 0.000674 2.92535e-07
  374 373.5 0.000606 2.63021e-07
  375 374.5 0.000414 1.79688e-07
  376 375.5 0.0003 1.30208e-07
  377 376.5 0.00049 2.12674e-07
  378 377.5 0.000586 2.5434e-07
  379 378.5 0.000618 2.68229e-07
  380 379.5 0.00088 3.81944e-07
  381 380.5 0.001036 4.49653e-07
  382 381.5 0.0013 5.64236e-07
  383 382.5 0.001198 5.19965e-07
  384 383.5 0.001088 4.72222e-07
  385 384.5 0.001184 5.13889e-07
  386 385.5 0.001298 5.63368e-07
  387 386.5 0.001034 4.48785e-07
  388 387.5 0.00093 4.03646e-07
  389 388.5 0.000818 3.55035e-07
  390 389.5 0.000742 3.22049e-07
  391 390.5 0.000652 2.82986e-07
  392 391.5 0.000674 2.92535e-07
  393 392.5 0.000952 4.13194e-07
  394 393.5 0.00116 5.03472e-07
  395 394.5 0.001122 4.86979e-07
  396 395.5 0.00095 4.12326e-07
  397 396.5 0.0008 3.47222e-07
  398 397.5 0.000536 2.32639e-07
  399 398.5 0.000528 2.29167e-07
  400 399.5 0.000468 2.03125e-07
  401 400.5 0.000524 2.27431e-07
  402 401.5 0.000638 2.7691e-07
  403 402.5 0.000694 3.01215e-07
  404 403.5 0.000372 1.61458e-07
  405 404.5 0.000214 9.28819e-08
  406 405.5 0.000202 8.76736e-08
  407 406.5 0.00028 1.21528e-07
  408 407.5 0.000192 8.33333e-08
  409 408.5 0.00022 9.54861e-08
  410 409.5 0.000216 9.375e-08
  411 410.5 0.00019 8.24653e-08
  412 411.5 0.000122 5.29514e-08
  413 412.5 7.8e-05 3.38542e-08
  414 413.5 7.2e-05 3.125e-08
  415 414.5 3e-05 1.30208e-08
  416 415.5 6e-05 2.60417e-08
  417 416.5 4.4e-05 1.90972e-08
  418 417.5 4e-05 1.73611e-08
  419 418.5 9.8e-05 4.25347e-08
  420 419.5 0.000192 8.33333e-08
  421 420.5 0.000134 5.81597e-08
  422 421.5 0.000268 1.16319e-07
  423 422.5 0.000318 1.38021e-07
  424 423.5 0.000216 9.375e-08
  425 424.5 0.00024 1.04167e-07
  426 425.5 0.000236 1.02431e-07
  427 426.5 0.000258 1.11979e-07
  428 427.5 0.000276 1.19792e-07
  429 428.5 0.00038 1.64931e-07
  430 429.5 0.00025 1.08507e-07
  431 430.5 0.000158 6.85764e-08
  432 431.5 0.000186 8.07292e-08
  433 432.5 0.000218 9.46181e-08
  434 433.5 0.000344 1.49306e-07
  435 434.5 0.000432 1.875e-07
  436 435.5 0.00043 1.86632e-07
  437 436.5 0.000506 2.19618e-07
  438 437.5 0.00036 1.5625e-07
  439 438.5 0.00029 1.25868e-07
  440 439.5 0.000224 9.72222e-08
  441 440.5 0.000134 5.81597e-08
  442 441.5 8.4e-05 3.64583e-08
  443 442.5 4.6e-05 1.99653e-08
  444 443.5 0 0
  445 444.5 0 0
  446 445.5 0 0
  447 446.5 0 0
  448 447.5 0 0
  449 448.5 0 0
  450 449.5 0 0
  451 450.5 0 0
  452 451.5 0 0
  453 452.5 0 0
  454 453.5 0 0
  455 454.5 0 0
  456 455.5 0 0
  457 456.5 0 0
  458 457.5 0 0
  459 458.5 0 0
  460 459.5 0 0
  461 460.5 0 0
  462 461.5 0 0
  463 462.5 0 0
  464 463.5 0 0
  465 464.5 0 0
  466 465.5 0 0
  467 466.5 0 0
  468 467.5 0 0
  469 468.5 0 0
  470 469.5 0 0
  471 470.5 0 0
  472 471.5 0 0
  473 472.5 0 0
  474 473.5 0 0
  475 474.5 0 0
  476 475.5 0 0
  477 476.5 0 0
  478 477.5 0 0
  479 478.5 0 0
  480 479.5 0 0
40000000 480 6768.000000000003
  1 0.5 0 0
  2 1.5 0 0
  3 2.5 0 0
  4 3.5 0 0
  5 4.5 0 0
  6 5.5 0 0
  7 6.5 0 0
  8 7.5 0 0
  9 8.5 0 0
  10 9.5 0 0
  11 10.5 0 0
  12 11.5 0 0
  13 12.5 0 0
  14 13.5 0 0
  15 14.5 0 0
  16 15.5 0 0
  17 16.5 0 0
  18 17.5 0 0
  19 18.5 0 0
  20 19.5 0 0
  21 20.5 0 0
  22 21.5 0 0
  23 22.5 0 0
  24 23.5 0 0
  25 24.5 0 0
  26 25.5 0 0
  27 26.5 0 0
  28 27.5 0 0
  29 28.5 0 0
  30 29.5 0 0
  31 30.5 0 0
  32 31.5 0 0
  33 32.5 0 0
  34 33.5 0 0
  35 34.5 0 0
  36 35.5 0 0
  37 36.5 0 0
  38 37.5 0 0
  39 38.5 0 0
  40 39.5 0 0
  41 40.5 0 0
  42 41.5 0 0
  43 42.5 0 0
  44 43.5 0 0
  45 44.5 0 0
  46 45.5 0 0
  47 46.5 0 0
  48 47.5 0 0
  49 48.5 0 0
  50 49.5 0 0
  51 50.5 0 0
  52 51.5 0 0
  53 52.5 0 0
  54 53.5 0 0
  55 54.5 0 0
  56 55.5 0 0
  57 56.5 0 0
  58 57.5 0 0
  59 58.5 0 0
  60 59.5 0 0
  61 60.5 0 0
  62 61.5 0 0
  63 62.5 0 0
  64 63.5 0 0
  65 64.5 0 0
  66 65.5 0 0
  67 66.5 0 0
  68 67.5 0 0
  69 68.5 0 0
  70 69.5 0 0
  71 70.5 0 0
  72 71.5 0 0
  73 72.5 0 0
  74 73.5 0 0
  75 74.5 0 0
  76 75.5 0 0
  77 76.5 0 0
  78 77.5 0 0
  79 78.5 0 0
  80 79.5 0 0
  81 80.5 0 0
  82 81.5 0 0
  83 82.5 0 0
  84 83.5 0 0
  85 84.5 0 0
  86 85.5 0 0
  87 86.5 0 0
  88 87.5 0 0
  89 88.5 0 0
  90 89.5 0 0
  91 90.5 0 0
  92 91.5 0 0
  93 92.5 0 0
  94 93.5 0 0
  95 94.5 0 0
  96 95.5 0 0
  97 96.5 0 0
  98 97.5 0 0
  99 98.5 0 0
  100 99.5 0 0
  101 100.5 0 0
  102 101.5 0 0
  103 102.5 0 0
  104 103.5 0 0
  105 104.5 0 0
  106 105.5 0 0
  107 106.5 0 0
  108 107.5 0 0
  109 108.5 0 0
  110 109.5 0 0
  111 110.5 0 0
  112 111.5 0 0
  113 112.5 0 0
  114 113.5 0 0
  115 114.5 0 0
  116 115.5 0 0
  117 116.5 0 0
  118 117.5 0 0
  119 118.5 0 0
  120 119.5 0 0
  121 120.5 0 0
  122 121.5 0 0
  123 122.5 0 0
  124 123.5 0 0
  125 124.5 0 0
  126 125.5 0 0
  127 126.5 0 0
  128 127.5 0 0
  129 128.5 0 0
  130 129.5 0 0
  131 130.5 0 0
  132 131.5 0 0
  133 132.5 0 0
  134 133.5 0 0
  135 134.5 0 0
  136 135.5 0 0
  137 136.5 0 0
  138 137.5 0 0
  139 138.5 0 0
  140 139.5 0 0
  141 140.5 0 0
  142 141.5 0 0
  143 142.5 0 0
  144 143.5 0 0
  145 144.5 0 0
  146 145.5 0 0
  147 146.5 0 0
  148 147.5 0 0
  149 148.5 0 0
  150 149.5 0 0
  151 150.5 0 0
  152 151.5 0 0
  153 152.5 0 0
  154 153.5 0 0
  155 154.5 0 0
  156 155.5 0 0
  157 156.5 0 0
  158 157.5 0 0
  159 158.5 0 0
  160 159.5 0 0
  161 160.5 0 0
  162 161.5 0 0
  163 162.5 0 0
  164 163.5 0 0
  165 164.5 0 0
  166 165.5 0 0
  167 166.5 0 0
  168 167.5 0 0
  169 168.5 0 0
  170 169.5 0 0
  171 170.5 0 0
  172 171.5 0 0
  173 172.5 0 0
  174 173.5 0 0
  175 174.5 0 0
  176 175.5 0 0
  177 176.5 0 0
  178 177.5 0 0
  179 178.5 0 0
  180 179.5 0 0
  181 180.5 8e-05 3.47222e-08
  182 181.5 0.000154 6.68403e-08
  183 182.5 0.00019 8.24653e-08
  184 183.5 0.000116 5.03472e-08
  185 184.5 0.000156 6.77083e-08
  186 185.5 0.000284 1.23264e-07
  187 186.5 0.000258 1.11979e-07
  188 187.5 0.000178 7.72569e-08
  189 188.5 0.000108 4.6875e-08
  190 189.5 0.000132 5.72917e-08
  191 190.5 0.000212 9.20139e-08
  192 191.5 0.000268 1.16319e-07
  193 192.5 0.000264 1.14583e-07
  194 193.5 0.000144 6.25e-08
  195 194.5 0.000116 5.03472e-08
  196 195.5 0.000214 9.28819e-08
  197 196.5 0.000238 1.03299e-07
  198 197.5 0.00033 1.43229e-07
  199 198.5 0.000412 1.78819e-07
  200 199.5 0.0005 2.17014e-07
  201 200.5 0.001662 7.21354e-07
  202 201.5 0.024342 1.05651e-05
  203 202.5 0.366242 0.000158959
  204 203.5 1.84876 0.000802413
  205 204.5 7.46279 0.00323906
  206 205.5 21.3558 0.00926902
  207 206.5 32.3617 0.0140459
  208 207.5 39.9174 0.0173253
  209 208.5 43.9137 0.0190598
  210 209.5 43.8992 0.0190535
  211 210.5 45.6512 0.0198139
  212 211.5 44.8927 0.0194847
  213 212.5 46.073 0.0199969
  214 213.5 45.1346 0.0195897
  215 214.5 46.2768 0.0200854
  216 215.5 45.1669 0.0196037
  217 216.5 46.441 0.0201567
  218 217.5 45.1882 0.019613
  219 218.5 46.5027 0.0201835
  220 219.5 45.2076 0.0196214
  221 220.5 46.5224 0.020192
  222 221.5 45.2311 0.0196315
  223 222.5 46.496 0.0201805
  224 223.5 45.2887 0.0196565
  225 224.5 46.4383 0.0201555
  226 225.5 45.3453 0.0196811
  227 226.5 46.3815 0.0201309
  228 227.5 45.4107 0.0197095
  229 228.5 46.3133 0.0201013
  230 229.5 45.4734 0.0197367
  231 230.5 46.2371 0.0200682
  232 231.5 45.5577 0.0197733
  233 232.5 46.1529 0.0200317
  234 233.5 45.6498 0.0198133
  235 234.5 46.0524 0.019988
  236 235.5 45.7602 0.0198612
  237 236.5 45.94 0.0199392
  238 237.5 45.8685 0.0199082
  239 238.5 45.8341 0.0198933
  240 239.5 45.9776 0.0199555
  241 240.5 45.7255 0.0198461
  242 241.5 46.0839 0.0200017
  243 242.5 45.6243 0.0198022
  244 243.5 46.1784 0.0200427
  245 244.5 45.5323 0.0197623
  246 245.5 46.2695 0.0200822
  247 246.5 45.4439 0.0197239
  248 247.5 46.3539 0.0201189
  249 248.5 45.377 0.0196949
  250 249.5 46.4107 0.0201435
  251 250.5 45.3248 0.0196722
  252 251.5 46.4591 0.0201645
  253 252.5 45.2931 0.0196584
  254 253.5 46.4889 0.0201775
  255 254.5 45.2754 0.0196508
  256 255.5 46.5003 0.0201824
  257 256.5 45.2754 0.0196508
  258 257.5 46.5172 0.0201898
  259 258.5 45.2777 0.0196518
  260 259.5 46.493 0.0201793
  261 260.5 45.3333 0.0196759
  262 261.5 46.4362 0.0201546
  263 262.5 45.361 0.0196879
  264 263.5 46.3766 0.0201287
  265 264.5 45.4624 0.019732
  266 265.5 46.1977 0.0200511
  267 266.5 45.462 0.0197318
  268 267.5 46.1244 0.0200193
  269 268.5 45.4246 0.0197155
  270 269.5 45.4342 0.0197197
  271 270.5 45.231 0.0196315
  272 271.5 45.1163 0.0195817
  273 272.5 44.5813 0.0193495
  274 273.5 43.3231 0.0188034
  275 274.5 43.8362 0.0190261
  276 275.5 41.3309 0.0179387
  277 276.5 41.5669 0.0180412
  278 277.5 40.0044 0.017363
  279 278.5 41.3417 0.0179434
  280 279.5 43.05 0.0186849
  281 280.5 43.3472 0.0188139
  282 281.5 43.9003 0.019054
  283 282.5 44.4478 0.0192916
  284 283.5 45.3005 0.0196617
  285 284.5 45.0932 0.0195717
  286 285.5 44.8661 0.0194731
  287 286.5 44.9964 0.0195297
  288 287.5 45.401 0.0197053
  289 288.5 45.4341 0.0197197
  290 289.5 44.9655 0.0195163
  291 290.5 45.152 0.0195972
  292 291.5 45.3743 0.0196937
  293 292.5 45.5471 0.0197687
  294 293.5 44.9842 0.0195244
  295 294.5 45.1871 0.0196125
  296 295.5 45.3576 0.0196865
  297 296.5 45.5778 0.019782
  298 297.5 45.0395 0.0195484
  299 298.5 45.1443 0.0195939
  300 299.5 45.3864 0.0196989
  301 300.5 45.5509 0.0197703
  302 301.5 45.1277 0.0195867
  303 302.5 45.0717 0.0195624
  304 303.5 45.4217 0.0197143
  305 304.5 45.5034 0.0197497
  306 305.5 45.2119 0.0196232
  307 306.5 45.0175 0.0195388
  308 307.5 45.4405 0.0197224
  309 308.5 45.4722 0.0197362
  310 309.5 45.2746 0.0196504
  311 310.5 44.9896 0.0195268
  312 311.5 45.426 0.0197161
  313 312.5 45.4692 0.0197349
  314 313.5 45.3071 0.0196645
  315 314.5 44.9967 0.0195298
  316 315.5 45.3788 0.0196957
  317 316.5 45.4959 0.0197465
  318 317.5 45.3007 0.0196618
  319 318.5 45.0305 0.0195445
  320 319.5 45.3208 0.0196705
  321 320.5 45.5336 0.0197628
  322 321.5 45.2837 0.0196544
  323 322.5 45.0736 0.0195632
  324 323.5 45.2628 0.0196453
  325 324.5 45.5658 0.0197768
  326 325.5 45.2664 0.0196469
  327 326.5 45.1048 0.0195767
  328 327.5 45.2239 0.0196284
  329 328.5 45.5763 0.0197814
  330 329.5 45.2756 0.0196509
  331 330.5 45.1029 0.0195759
  332 331.5 45.2152 0.0196247
  333 332.5 45.5602 0.0197744
  334 333.5 45.3052 0.0196637
  335 334.5 45.0746 0.0195636
  336 335.5 45.2332 0.0196324
  337 336.5 45.5291 0.0197609
  338 337.5 45.3311 0.019675
  339 338.5 45.047 0.0195516
  340 339.5 45.2367 0.019634
  341 340.5 45.4946 0.0197459
  342 341.5 45.3595 0.0196873
  343 342.5 45.0096 0.0195354
  344 343.5 45.2156 0.0196248
  345 344.5 45.4465 0.0197251
  346 345.5 45.352 0.019684
  347 346.5 44.923 0.0194978
  348 347.5 45.1103 0.0195791
  349 348.5 45.2858 0.0196553
  350 349.5 45.1596 0.0196005
  351 350.5 44.564 0.019342
  352 351.5 44.3846 0.0192641
  353 352.5 43.7493 0.0189884
  354 353.5 40.575 0.0176107
  355 354.5 31.7801 0.0137935
  356 355.5 19.0608 0.0082729
  357 356.5 7.0584 0.00306354
  358 357.5 1.53576 0.000666563
  359 358.5 0.23791 0.00010326
  360 359.5 0.018622 8.08247e-06
  361 360.5 0.001758 7.63021e-07
  362 361.5 0.000548 2.37847e-07
  363 362.5 0.000194 8.42014e-08
  364 363.5 0.000162 7.03125e-08
  365 364.5 0.000242 1.05035e-07
  366 365.5 0.000234 1.01562e-07
  367 366.5 0.000246 1.06771e-07
  368 367.5 0.00029 1.25868e-07
  369 368.5 0.000476 2.06597e-07
  370 369.5 0.000632 2.74306e-07
  371 370.5 0.000496 2.15278e-07
  372 371.5 0.000984 4.27083e-07
  373 372.5 0.000856 3.71528e-07
  374 373.5 0.000862 3.74132e-07
  375 374.5 0.001022 4.43576e-07
  376 375.5 0.00107 4.6441e-07
  377 376.5 0.000796 3.45486e-07
  378 377.5 0.000794 3.44618e-07
  379 378.5 0.000882 3.82812e-07
  380 379.5 0.000946 4.1059e-07
  381 380.5 0.000926 4.0191e-07
  382 381.5 0.001046 4.53993e-07
  383 382.5 0.000922 4.00174e-07
  384 383.5 0.000876 3.80208e-07
  385 384.5 0.000776 3.36806e-07
  386 385.5 0.000634 2.75174e-07
  387 386.5 0.000676 2.93403e-07
  388 387.5 0.000538 2.33507e-07
  389 388.5 0.00059 2.56076e-07
  390 389.5 0.000908 3.94097e-07
  391 390.5 0.000898 3.89757e-07
  392 391.5 0.00123 5.33854e-07
  393 392.5 0.00155 6.72743e-07
  394 393.5 0.00164 7.11806e-07
  395 394.5 0.001812 7.86458e-07
  396 395.5 0.00133 5.77257e-07
  397 396.5 0.001014 4.40104e-07
  398 397.5 0.000844 3.66319e-07
  399 398.5 0.000986 4.27951e-07
  400 399.5 0.001014 4.40104e-07
  401 400.5 0.000896 3.88889e-07
  402 401.5 0.000896 3.88889e-07
  403 402.5 0.000922 4.00174e-07
  404 403.5 0.000752 3.26389e-07
  405 404.5 0.000774 3.35938e-07
  406 405.5 0.00065 2.82118e-07
  407 406.5 0.000666 2.89062e-07
  408 407.5 0.000684 2.96875e-07
  409 408.5 0.000702 3.04687e-07
  410 409.5 0.000734 3.18576e-07
  411 410.5 0.000574 2.49132e-07
  412 411.5 0.000608 2.63889e-07
  413 412.5 0.000554 2.40451e-07
  414 413.5 0.000562 2.43924e-07
  415 414.5 0.000506 2.19618e-07
  416 415.5 0.000444 1.92708e-07
  417 416.5 0.00051 2.21354e-07
  418 417.5 0.000522 2.26563e-07
  419 418.5 0.000466 2.02257e-07
  420 419.5 0.000346 1.50174e-07
  421 420.5 0.000262 1.13715e-07
  422 421.5 0.000276 1.19792e-07
  423 422.5 0.000214 9.28819e-08
  424 423.5 0.000106 4.60069e-08
  425 424.5 7.4e-05 3.21181e-08
  426 425.5 3.2e-05 1.38889e-08
  427 426.5 8e-06 3.47222e-09
  428 427.5 8e-06 3.47222e-09
  429 428.5 2.2e-05 9.54861e-09
  430 429.5 1e-05 4.34028e-09
  431 430.5 0 0
  432 431.5 0 0
  433 432.5 0 0
  434 433.5 0 0
  435 434.5 0 0
  436 435.5 0 0
  437 436.5 0 0
  438 437.5 0 0
  439 438.5 0 0
  440 439.5 0 0
  441 440.5 0 0
  442 441.5 0 0
  443 442.5 0 0
  444 443.5 0 0
  445 444.5 0 0
  446 445.5 0 0
  447 446.5 0 0
  448 447.5 0 0
  449 448.5 0 0
  450 449.5 0 0
  451 450.5 0 0
  452 451.5 0 0
  453 452.5 0 0
  454 453.5 0 0
  455 454.5 0 0
  456 455.5 0 0
  457 456.5 0 0
  458 457.5 0 0
  459 458.5 0 0
  460 459.5 0 0
  461 460.5 0 0
  462 461.5 0 0
  463 462.5 0 0
  464 463.5 0 0
  465 464.5 0 0
  466 465.5 0 0
  467 466.5 0 0
  468 467.5 0 0
  469 468.5 0 0
  470 469.5 0 0
  471 470.5 0 0
  472 471.5 0 0
  473 472.5 0 0
  474 473.5 0 0
  475 474.5 0 0
  476 475.5 0 0
  477 476.5 0 0
  478 477.5 0 0
  479 478.5 0 0
  480 479.5 0 0
50000000 480 6768.000000000002
  1 0.5 0 0
  2 1.5 0 0
  3 2.5 0 0
  4 3.5 0 0
  5 4.5 0 0
  6 5.5 0 0
  7 6.5 0 0
  8 7.5 0 0
  9 8.5 0 0
  10 9.5 0 0
  11 10.5 0 0
  12 11.5 0 0
  13 12.5 0 0
  14 13.5 0 0
  15 14.5 0 0
  16 15.5 0 0
  17 16.5 0 0
  18 17.5 0 0
  19 18.5 0 0
  20 19.5 0 0
  21 20.5 0 0
  22 21.5 0 0
  23 22.5 0 0
  24 23.5 0 0
  25 24.5 0 0
  26 25.5 0 0
  27 26.5 0 0
  28 27.5 0 0
  29 28.5 0 0
  30 29.5 0 0
  31 30.5 0 0
  32 31.5 0 0
  33 32.5 0 0
  34 33.5 0 0
  35 34.5 0 0
  36 35.5 0 0
  37 36.5 0 0
  38 37.5 0 0
  39 38.5 0 0
  40 39.5 0 0
  41 40.5 0 0
  42 41.5 0 0
  43 42.5 0 0
  44 43.5 0 0
  45 44.5 0 0
  46 45.5 0 0
  47 46.5 0 0
  48 47.5 0 0
  49 48.5 0 0
  50 49.5 0 0
  51 50.5 0 0
  52 51.5 0 0
  53 52.5 0 0
  54 53.5 0 0
  55 54.5 0 0
  56 55.5 0 0
  57 56.5 0 0
  58 57.5 0 0
  59 58.5 0 0
  60 59.5 0 0
  61 60.5 0 0
  62 61.5 0 0
  63 62.5 0 0
  64 63.5 0 0
  65 64.5 0 0
  66 65.5 0 0
  67 66.5 0 0
  68 67.5 0 0
  69 68.5 0 0
  70 69.5 0 0
  71 70.5 0 0
  72 71.5 0 0
  73 72.5 0 0
  74 73.5 0 0
  75 74.5 0 0
  76 75.5 0 0
  77 76.5 0 0
  78 77.5 0 0
  79 78.5 0 0
  80 79.5 0 0
  81 80.5 0 0
  82 81.5 0 0
  83 82.5 0 0
  84 83.5 0 0
  85 84.5 0 0
  86 85.5 0 0
  87 86.5 0 0
  88 87.5 0 0
  89 88.5 0 0
  90 89.5 0 0
  91 90.5 0 0
  92 91.5 0 0
  93 92.5 0 0
  94 93.5 0 0
  95 94.5 0 0
  96 95.5 0 0
  97 96.5 0 0
  98 97.5 0 0
  99 98.5 0 0
  100 99.5 0 0
  101 100.5 0 0
  102 101.5 0 0
  103 102.5 0 0
  104 103.5 0 0
  105 104.5 0 0
  106 105.5 0 0
  107 106.5 0 0
  108 107.5 0 0
  109 108.5 0 0
  110 109.5 0 0
  111 110.5 0 0
  112 111.5 0 0
  113 112.5 0 0
  114 113.5 0 0
  115 114.5 0 0
  116 115.5 0 0
  117 116.5 0 0
  118 117.5 0 0
  119 118.5 0 0
  120 119.5 0 0
  121 120.5 0 0
  122 121.5 0 0
  123 122.5 0 0
  124 123.5 0 0
  125 124.5 0 0
  126 125.5 0 0
  127 126.5 0 0
  128 127.5 0 0
  129 128.5 0 0
  130 129.5 0 0
  131 130.5 0 0
  132 131.5 0 0
  133 132.5 0 0
  134 133.5 0 0
  135 134.5 0 0
  136 135.5 0 0
  137 136.5 0 0
  138 137.5 0 0
  139 138.5 0 0
  140 139.5 0 0
  141 140.5 0 0
  142 141.5 0 0
  143 142.5 0 0
  144 143.5 0 0
  145 144.5 0 0
  146 145.5 0 0
  147 146.5 0 0
  148 147.5 0 0
  149 148.5 0 0
  150 149.5 0 0
  151 150.5 0 0
  152 151.5 0 0
  153 152.5 0 0
  154 153.5 0 0
  155 154.5 0 0
  156 155.5 0 0
  157 156.5 0 0
  158 157.5 0 0
  159 158.5 0 0
  160 159.5 0 0
  161 160.5 0 0
  162 161.5 0 0
  163 162.5 0 0
  164 163.5 0 0
  165 164.5 0 0
  166 165.5 0 0
  167 166.5 0 0
  168 167.5 0 0
  169 168.5 0 0
  170 169.5 0 0
  171 170.5 0 0
  172 171.5 0 0
  173 172.5 0 0
  174 173.5 0 0
  175 174.5 0 0
  176 175.5 0 0
  177 176.5 0 0
  178 177.5 0 0
  179 178.5 0 0
  180 179.5 0 0
  181 180.5 0 0
  182 181.5 0 0
  183 182.5 0 0
  184 183.5 0 0
  185 184.5 0 0
  186 185.5 0 0
  187 186.5 0 0
  188 187.5 0 0
  189 188.5 0 0
  190 189.5 0 0
  191 190.5 0 0
  192 191.5 0 0
  193 192.5 0 0
  194 193.5 0 0
  195 194.5 1e-05 4.34028e-09
  196 195.5 3.6e-05 1.5625e-08
  197 196.5 0.000228 9.89583e-08
  198 197.5 0.0015 6.51042e-07
  199 198.5 0.021686 9.41233e-06
  200 199.5 0.228402 9.91328e-05
  201 200.5 1.34435 0.000583484
  202 201.5 6.00088 0.00260455
  203 202.5 15.6206 0.00677976
  204 203.5 26.1594 0.0113539
  205 204.5 36.9329 0.0160299
  206 205.5 40.6755 0.0176543
  207 206.5 44.2558 0.0192082
  208 207.5 44.3712 0.0192583
  209 208.5 45.6515 0.019814
  210 209.5 45.1505 0.0195966
  211 210.5 45.8755 0.0199113
  212 211.5 45.5166 0.0197555
  213 212.5 45.8396 0.0198957
  214 213.5 45.7853 0.0198721
  215 214.5 45.7408 0.0198528
  216 215.5 46.0108 0.01997
  217 216.5 45.6363 0.0198074
  218 217.5 46.1658 0.0200373
  219 218.5 45.5359 0.0197639
  220 219.5 46.268 0.0200816
  221 220.5 45.4487 0.019726
  222 221.5 46.3583 0.0201208
  223 222.5 45.3783 0.0196955
  224 223.5 46.4266 0.0201504
  225 224.5 45.3055 0.0196638
  226 225.5 46.4893 0.0201776
  227 226.5 45.2627 0.0196453
  228 227.5 46.5184 0.0201903
  229 228.5 45.2299 0.019631
  230 229.5 46.5418 0.0202004
  231 230.5 45.2183 0.019626
  232 231.5 46.5366 0.0201982
  233 232.5 45.2407 0.0196357
  234 233.5 46.5048 0.0201844
  235 234.5 45.2758 0.0196509
  236 235.5 46.4613 0.0201655
  237 236.5 45.3396 0.0196786
  238 237.5 46.3892 0.0201342
  239 238.5 45.4178 0.0197126
  240 239.5 46.3061 0.0200981
  241 240.5 45.5113 0.0197532
  242 241.5 46.2051 0.0200543
  243 242.5 45.6064 0.0197944
  244 243.5 46.1006 0.0200089
  245 244.5 45.716 0.019842
  246 245.5 45.9992 0.0199649
  247 246.5 45.8125 0.0198839
  248 247.5 45.9084 0.0199255
  249 248.5 45.9051 0.0199241
  250 249.5 45.8246 0.0198892
  251 250.5 45.9837 0.0199582
  252 251.5 45.7602 0.0198612
  253 252.5 46.0482 0.0199862
  254 253.5 45.7034 0.0198365
  255 254.5 46.1308 0.0200221
  256 255.5 45.6311 0.0198052
  257 256.5 46.1968 0.0200507
  258 257.5 45.5815 0.0197836
  259 258.5 46.2707 0.0200827
  260 259.5 45.4638 0.0197326
  261 260.5 46.3748 0.0201279
  262 261.5 45.3834 0.0196977
  263 262.5 46.3888 0.020134
  264 263.5 45.2357 0.0196336
  265 264.5 46.465 0.0201671
  266 265.5 45.0716 0.0195623
  267 266.5 45.9883 0.0199602
  268 267.5 44.9289 0.0195004
  269 268.5 45.6522 0.0198143
  270 269.5 44.1054 0.019143
  271 270.5 44.3597 0.0192533
  272 271.5 43.4414 0.0188548
  273 272.5 42.3611 0.0183859
  274 273.5 41.4768 0.0180021
  275 274.5 40.499 0.0175777
  276 275.5 41.134 0.0178533
  277 276.5 42.1975 0.0183149
  278 277.5 43.2301 0.0187631
  279 278.5 43.3862 0.0188308
  280 279.5 44.4131 0.0192765
  281 280.5 44.8995 0.0194876
  282 281.5 45.0728 0.0195628
  283 282.5 44.986 0.0195252
  284 283.5 44.9312 0.0195014
  285 284.5 45.3666 0.0196904
  286 285.5 45.2275 0.01963
  287 286.5 45.2643 0.019646
  288 287.5 45.0105 0.0195358
  289 288.5 45.4127 0.0197104
  290 289.5 45.3196 0.0196699
  291 290.5 45.2756 0.0196509
  292 291.5 45.0983 0.0195739
  293 292.5 45.3315 0.0196751
  294 293.5 45.4378 0.0197213
  295 294.5 45.2071 0.0196212
  296 295.5 45.2051 0.0196203
  297 296.5 45.2328 0.0196323
  298 297.5 45.5252 0.0197592
  299 298.5 45.1593 0.0196004
  300 299.5 45.261 0.0196445
  301 300.5 45.1776 0.0196083
  302 301.5 45.548 0.0197691
  303 302.5 45.1765 0.0196078
  304 303.5 45.2527 0.0196409
  305 304.5 45.1855 0.0196117
  306 305.5 45.5066 0.0197511
  307 306.5 45.2558 0.0196423
  308 307.5 45.1894 0.0196134
  309 308.5 45.2495 0.0196396
  310 309.5 45.4221 0.0197145
  311 310.5 45.3562 0.0196858
  312 311.5 45.1166 0.0195819
  313 312.5 45.3108 0.0196661
  314 313.5 45.343 0.0196801
  315 314.5 45.4248 0.0197156
  316 315.5 45.0802 0.019566
  317 316.5 45.3377 0.0196778
  318 317.5 45.3161 0.0196684
  319 318.5 45.4293 0.0197176
  320 319.5 45.1098 0.0195789
  321 320.5 45.2946 0.0196591
  322 321.5 45.3573 0.0196863
  323 322.5 45.3732 0.0196932
  324 323.5 45.181 0.0196098
  325 324.5 45.2203 0.0196269
  326 325.5 45.421 0.019714
  327 326.5 45.303 0.0196628
  328 327.5 45.2562 0.0196425
  329 328.5 45.1604 0.0196009
  330 329.5 45.4623 0.0197319
  331 330.5 45.2703 0.0196486
  332 331.5 45.276 0.019651
  333 332.5 45.1429 0.0195933
  334 333.5 45.4488 0.019726
  335 334.5 45.2959 0.0196597
  336 335.5 45.2311 0.0196315
  337 336.5 45.1863 0.0196121
  338 337.5 45.3814 0.0196968
  339 338.5 45.3571 0.0196863
  340 339.5 45.1402 0.0195921
  341 340.5 45.2295 0.0196309
  342 341.5 45.2896 0.019657
  343 342.5 45.3724 0.0196929
  344 343.5 45.0465 0.0195514
  345 344.5 45.1682 0.0196042
  346 345.5 45.1466 0.0195949
  347 346.5 45.1943 0.0196156
  348 347.5 44.7737 0.019433
  349 348.5 44.6025 0.0193587
  350 349.5 44.1357 0.0191561
  351 350.5 42.0355 0.0182446
  352 351.5 35.1429 0.015253
  353 352.5 24.5512 0.0106559
  354 353.5 12.7239 0.00552252
  355 354.5 4.69621 0.00203828
  356 355.5 1.07835 0.000468035
  357 356.5 0.131144 5.69201e-05
  358 357.5 0.012724 5.52257e-06
  359 358.5 0.001426 6.18924e-07
  360 359.5 0.0003 1.30208e-07
  361 360.5 0.000202 8.76736e-08
  362 361.5 0.000178 7.72569e-08
  363 362.5 0.000126 5.46875e-08
  364 363.5 0.000204 8.85417e-08
  365 364.5 0.000204 8.85417e-08
  366 365.5 0.00019 8.24653e-08
  367 366.5 0.000206 8.94097e-08
  368 367.5 0.00024 1.04167e-07
  369 368.5 0.00014 6.07639e-08
  370 369.5 6.6e-05 2.86458e-08
  371 370.5 0.00016 6.94444e-08
  372 371.5 5.8e-05 2.51736e-08
  373 372.5 9.8e-05 4.25347e-08
  374 373.5 0.00015 6.51042e-08
  375 374.5 0.000178 7.72569e-08
  376 375.5 0.000328 1.42361e-07
  377 376.5 0.000298 1.2934e-07
  378 377.5 0.000282 1.22396e-07
  379 378.5 0.00025 1.08507e-07
  380 379.5 0.000352 1.52778e-07
  381 380.5 0.00026 1.12847e-07
  382 381.5 0.000244 1.05903e-07
  383 382.5 0.0001 4.34028e-08
  384 383.5 4.4e-05 1.90972e-08
  385 384.5 4e-06 1.73611e-09
  386 385.5 0 0
  387 386.5 0 0
  388 387.5 0 0
  389 388.5 0 0
  390 389.5 0 0
  391 390.5 0 0
  392 391.5 0 0
  393 392.5 0 0
  394 393.5 0 0
  395 394.5 0 0
  396 395.5 0 0
  397 396.5 0 0
  398 397.5 0 0
  399 398.5 0 0
  400 399.5 0 0
  401 400.5 0 0
  402 401.5 0 0
  403 402.5 0 0
  404 403.5 0 0
  405 404.5 0 0
  406 405.5 0 0
  407 406.5 0 0
  408 407.5 0 0
  409 408.5 0 0
  410 409.5 0 0
  411 410.5 0 0
  412 411.5 0 0
  413 412.5 0 0
  414 413.5 0 0
  415 414.5 0 0
  416 415.5 0 0
  417 416.5 0 0
  418 417.5 0 0
  419 418.5 0 0
  420 419.5 0 0
  421 420.5 0 0
  422 421.5 0 0
  423 422.5 0 0
  424 423.5 0 0
  425 424.5 0 0
  426 425.5 0 0
  427 426.5 0 0
  428 427.5 0 0
  429 428.5 0 0
  430 429.5 0 0
  431 430.5 0 0
  432 431.5 0 0
  433 432.5 0 0
  434 433.5 0 0
  435 434.5 0 0
  436 435.5 0 0
  437 436.5 0 0
  438 437.5 0 0
  439 438.5 0 0
  440 439.5 0 0
  441 440.5 0 0
  442 441.5 0 0
  443 442.5 0 0
  444 443.5 0 0
  445 444.5 0 0
  446 445.5 0 0
  447 446.5 0 0
  448 447.5 0 0
  449 448.5 0 0
  450 449.5 0 0
  451 450.5 0 0
  452 451.5 0 0
  453 452.5 0 0
  454 453.5 0 0
  455 454.5 0 0
  456 455.5 0 0
  457 456.5 0 0
  458 457.5 0 0
  459 458.5 0 0
  460 459.5 0 0
  461 460.5 0 0
  462 461.5 0 0
  463 462.5 0 0
  464 463.5 0 0
  465 464.5 0 0
  466 465.5 0 0
  467 466.5 0 0
  468 467.5 0 0
  469 468.5 0 0
  470 469.5 0 0
  471 470.5 0 0
  472 471.5 0 0
  473 472.5 0 0
  474 473.5 0 0
  475 474.5 0 0
  476 475.5 0 0
  477 476.5 0 0
  478 477.5 0 0
  479 478.5 0 0
  480 479.5 0 0
