# Chunk-averaged data for fix tensor2 and group c1
# Timestep Number-of-chunks Total-count
# Chunk Coord1 Ncount density/number
20000000 480 5491
  1 0.5 33.1512 0.0143886
  2 1.5 33.1203 0.0143751
  3 2.5 33.1348 0.0143814
  4 3.5 33.1463 0.0143864
  5 4.5 33.1454 0.014386
  6 5.5 33.1395 0.0143835
  7 6.5 33.1434 0.0143852
  8 7.5 33.1228 0.0143762
  9 8.5 33.1212 0.0143755
  10 9.5 33.1048 0.0143684
  11 10.5 33.1118 0.0143715
  12 11.5 33.126 0.0143776
  13 12.5 33.0971 0.0143651
  14 13.5 33.1114 0.0143713
  15 14.5 33.0998 0.0143662
  16 15.5 33.1361 0.014382
  17 16.5 33.0616 0.0143497
  18 17.5 33.1251 0.0143772
  19 18.5 33.1472 0.0143868
  20 19.5 33.1103 0.0143708
  21 20.5 33.0879 0.014361
  22 21.5 33.1733 0.0143981
  23 22.5 33.1432 0.0143851
  24 23.5 33.0969 0.014365
  25 24.5 33.1079 0.0143697
  26 25.5 33.1598 0.0143923
  27 26.5 33.0749 0.0143554
  28 27.5 33.0647 0.014351
  29 28.5 33.1155 0.014373
  30 29.5 33.1015 0.014367
  31 30.5 33.0728 0.0143545
  32 31.5 33.0929 0.0143632
  33 32.5 33.0723 0.0143543
  34 33.5 33.076 0.0143559
  35 34.5 33.0729 0.0143546
  36 35.5 33.0606 0.0143492
  37 36.5 33.0778 0.0143567
  38 37.5 33.0746 0.0143553
  39 38.5 33.0607 0.0143492
  40 39.5 33.0725 0.0143544
  41 40.5 33.0554 0.014347
  42 41.5 33.0517 0.0143454
  43 42.5 33.0875 0.0143609
  44 43.5 33.0749 0.0143554
  45 44.5 33.058 0.0143481
  46 45.5 33.078 0.0143568
  47 46.5 33.0667 0.0143519
  48 47.5 33.0999 0.0143663
  49 48.5 33.066 0.0143516
  50 49.5 33.0336 0.0143375
  51 50.5 33.0983 0.0143656
  52 51.5 33.0785 0.014357
  53 52.5 33.0227 0.0143328
  54 53.5 32.9898 0.0143185
  55 54.5 33.0175 0.0143305
  56 55.5 32.977 0.0143129
  57 56.5 32.9283 0.0142918
  58 57.5 32.865 0.0142643
  59 58.5 32.8067 0.014239
  60 59.5 32.6843 0.0141859
  61 60.5 32.5415 0.0141239
  62 61.5 32.3237 0.0140294
  63 62.5 32.0455 0.0139086
  64 63.5 31.6256 0.0137264
  65 64.5 31.0502 0.0134767
  66 65.5 30.2438 0.0131266
  67 66.5 29.1302 0.0126433
  68 67.5 27.5907 0.0119751
  69 68.5 25.5256 0.0110788
  70 69.5 22.9449 0.00995873
  71 70.5 19.799 0.00859331
  72 71.5 16.3196 0.00708314
  73 72.5 12.8052 0.00555783
  74 73.5 9.57359 0.0041552
  75 74.5 6.83795 0.00296786
  76 75.5 4.71445 0.0020462
  77 76.5 3.21892 0.0013971
  78 77.5 2.21153 0.000959865
  79 78.5 1.575 0.000683595
  80 79.5 1.18454 0.000514125
  81 80.5 0.954938 0.00041447
  82 81.5 0.815324 0.000353873
  83 82.5 0.722288 0.000313493
  84 83.5 0.673782 0.00029244
  85 84.5 0.642022 0.000278655
  86 85.5 0.62347 0.000270603
  87 86.5 0.621462 0.000269732
  88 87.5 0.611224 0.000265288
  89 88.5 0.603442 0.000261911
  90 89.5 0.604976 0.000262576
  91 90.5 0.603368 0.000261878
  92 91.5 0.601828 0.00026121
  93 92.5 0.601568 0.000261097
  94 93.5 0.598352 0.000259701
  95 94.5 0.60008 0.000260451
  96 95.5 0.601774 0.000261187
  97 96.5 0.599582 0.000260235
  98 97.5 0.597708 0.000259422
  99 98.5 0.592522 0.000257171
  100 99.5 0.5937 0.000257682
  101 100.5 0.59285 0.000257313
  102 101.5 0.593514 0.000257602
  103 102.5 0.59153 0.00025674
  104 103.5 0.590818 0.000256431
  105 104.5 0.58799 0.000255204
  106 105.5 0.587414 0.000254954
  107 106.5 0.591328 0.000256653
  108 107.5 0.598282 0.000259671
  109 108.5 0.601992 0.000261281
  110 109.5 0.600258 0.000260529
  111 110.5 0.596898 0.00025907
  112 111.5 0.593198 0.000257464
  113 112.5 0.590704 0.000256382
  114 113.5 0.596304 0.000258812
  115 114.5 0.594998 0.000258246
  116 115.5 0.589124 0.000255696
  117 116.5 0.59493 0.000258216
  118 117.5 0.592954 0.000257359
  119 118.5 0.593386 0.000257546
  120 119.5 0.592404 0.00025712
  121 120.5 0.586134 0.000254398
  122 121.5 0.586648 0.000254622
  123 122.5 0.589456 0.00025584
  124 123.5 0.587436 0.000254964
  125 124.5 0.59303 0.000257391
  126 125.5 0.589438 0.000255832
  127 126.5 0.592216 0.000257038
  128 127.5 0.59407 0.000257843
  129 128.5 0.590496 0.000256292
  130 129.5 0.590576 0.000256326
  131 130.5 0.595258 0.000258359
  132 131.5 0.592708 0.000257252
  133 132.5 0.59125 0.000256619
  134 133.5 0.591234 0.000256612
  135 134.5 0.592206 0.000257034
  136 135.5 0.59017 0.00025615
  137 136.5 0.588452 0.000255405
  138 137.5 0.596444 0.000258873
  139 138.5 0.59473 0.000258129
  140 139.5 0.593626 0.00025765
  141 140.5 0.594562 0.000258056
  142 141.5 0.586848 0.000254708
  143 142.5 0.58342 0.00025322
  144 143.5 0.585036 0.000253922
  145 144.5 0.58444 0.000253663
  146 145.5 0.583348 0.000253189
  147 146.5 0.586886 0.000254725
  148 147.5 0.589946 0.000256053
  149 148.5 0.58359 0.000253294
  150 149.5 0.586634 0.000254615
  151 150.5 0.586072 0.000254372
  152 151.5 0.581454 0.000252367
  153 152.5 0.586072 0.000254372
  154 153.5 0.586178 0.000254418
  155 154.5 0.58891 0.000255603
  156 155.5 0.592718 0.000257256
  157 156.5 0.592002 0.000256945
  158 157.5 0.59229 0.00025707
  159 158.5 0.587036 0.00025479
  160 159.5 0.582274 0.000252723
  161 160.5 0.579254 0.000251412
  162 161.5 0.57979 0.000251645
  163 162.5 0.579176 0.000251378
  164 163.5 0.577154 0.000250501
  165 164.5 0.58019 0.000251819
  166 165.5 0.579608 0.000251566
  167 166.5 0.58487 0.00025385
  168 167.5 0.584154 0.000253539
  169 168.5 0.576664 0.000250288
  170 169.5 0.579356 0.000251457
  171 170.5 0.581376 0.000252333
  172 171.5 0.582738 0.000252924
  173 172.5 0.579894 0.00025169
  174 173.5 0.578618 0.000251136
  175 174.5 0.584516 0.000253696
  176 175.5 0.588784 0.000255549
  177 176.5 0.588632 0.000255483
  178 177.5 0.586692 0.000254641
  179 178.5 0.593546 0.000257615
  180 179.5 0.588104 0.000255253
  181 180.5 0.591578 0.000256761
  182 181.5 0.587308 0.000254908
  183 182.5 0.589148 0.000255707
  184 183.5 0.591252 0.00025662
  185 184.5 0.595308 0.00025838
  186 185.5 0.59422 0.000257908
  187 186.5 0.595316 0.000258384
  188 187.5 0.595752 0.000258573
  189 188.5 0.590374 0.000256239
  190 189.5 0.595408 0.000258424
  191 190.5 0.590118 0.000256128
  192 191.5 0.593112 0.000257427
  193 192.5 0.589236 0.000255745
  194 193.5 0.59037 0.000256237
  195 194.5 0.591248 0.000256618
  196 195.5 0.58779 0.000255117
  197 196.5 0.592048 0.000256965
  198 197.5 0.590206 0.000256166
  199 198.5 0.589494 0.000255857
  200 199.5 0.590942 0.000256485
  201 200.5 0.588024 0.000255219
  202 201.5 0.586858 0.000254713
  203 202.5 0.583478 0.000253246
  204 203.5 0.586682 0.000254636
  205 204.5 0.595252 0.000258356
  206 205.5 0.593036 0.000257394
  207 206.5 0.592942 0.000257353
  208 207.5 0.595988 0.000258675
  209 208.5 0.59209 0.000256984
  210 209.5 0.597322 0.000259254
  211 210.5 0.597288 0.00025924
  212 211.5 0.595108 0.000258293
  213 212.5 0.599472 0.000260188
  214 213.5 0.606246 0.000263128
  215 214.5 0.614522 0.00026672
  216 215.5 0.62574 0.000271589
  217 216.5 0.642434 0.000278834
  218 217.5 0.662892 0.000287714
  219 218.5 0.706518 0.000306648
  220 219.5 0.77128 0.000334757
  221 220.5 0.873894 0.000379294
  222 221.5 1.04679 0.000454334
  223 222.5 1.33818 0.000580808
  224 223.5 1.8191 0.000789538
  225 224.5 2.56426 0.00111296
  226 225.5 3.67028 0.00159301
  227 226.5 5.12771 0.00222557
  228 227.5 6.84822 0.00297232
  229 228.5 8.48357 0.00368211
  230 229.5 9.59295 0.00416361
  231 230.5 9.68544 0.00420375
  232 231.5 8.70453 0.00377801
  233 232.5 7.0137 0.00304414
  234 233.5 5.08863 0.00220861
  235 234.5 3.39603 0.00147397
  236 235.5 2.18509 0.000948391
  237 236.5 1.40243 0.000608695
  238 237.5 0.942242 0.000408959
  239 238.5 0.673762 0.000292431
  240 239.5 0.528352 0.000229319
  241 240.5 0.451792 0.00019609
  242 241.5 0.396998 0.000172308
  243 242.5 0.37247 0.000161662
  244 243.5 0.35377 0.000153546
  245 244.5 0.343598 0.000149131
  246 245.5 0.336082 0.000145869
  247 246.5 0.33566 0.000145686
  248 247.5 0.33654 0.000146068
  249 248.5 0.334344 0.000145115
  250 249.5 0.330472 0.000143434
  251 250.5 0.327046 0.000141947
  252 251.5 0.340938 0.000147977
  253 252.5 0.34 0.000147569
  254 253.5 0.335338 0.000145546
  255 254.5 0.334854 0.000145336
  256 255.5 0.330656 0.000143514
  257 256.5 0.328856 0.000142733
  258 257.5 0.32275 0.000140082
  259 258.5 0.321094 0.000139364
  260 259.5 0.323538 0.000140424
  261 260.5 0.32103 0.000139336
  262 261.5 0.33012 0.000143281
  263 262.5 0.326366 0.000141652
  264 263.5 0.329878 0.000143176
  265 264.5 0.32773 0.000142244
  266 265.5 0.335356 0.000145554
  267 266.5 0.33872 0.000147014
  268 267.5 0.3394 0.000147309
  269 268.5 0.343266 0.000148987
  270 269.5 0.348172 0.000151116
  271 270.5 0.352512 0.000153
  272 271.5 0.349638 0.000151753
  273 272.5 0.355082 0.000154115
  274 273.5 0.357602 0.000155209
  275 274.5 0.34924 0.00015158
  276 275.5 0.3489 0.000151432
  277 276.5 0.35248 0.000152986
  278 277.5 0.345552 0.000149979
  279 278.5 0.341742 0.000148326
  280 279.5 0.33808 0.000146736
  281 280.5 0.339718 0.000147447
  282 281.5 0.335896 0.000145788
  283 282.5 0.327908 0.000142321
  284 283.5 0.327954 0.000142341
  285 284.5 0.329796 0.000143141
  286 285.5 0.325316 0.000141196
  287 286.5 0.322134 0.000139815
  288 287.5 0.330334 0.000143374
  289 288.5 0.333504 0.00014475
  290 289.5 0.318532 0.000138252
  291 290.5 0.31282 0.000135773
  292 291.5 0.317354 0.00013774
  293 292.5 0.319084 0.000138491
  294 293.5 0.329076 0.000142828
  295 294.5 0.32523 0.000141159
  296 295.5 0.324094 0.000140666
  297 296.5 0.322828 0.000140116
  298 297.5 0.323226 0.000140289
  299 298.5 0.33246 0.000144297
  300 299.5 0.335148 0.000145464
  301 300.5 0.33315 0.000144596
  302 301.5 0.341566 0.000148249
  303 302.5 0.345812 0.000150092
  304 303.5 0.343762 0.000149202
  305 304.5 0.333752 0.000144858
  306 305.5 0.334492 0.000145179
  307 306.5 0.331582 0.000143916
  308 307.5 0.324436 0.000140814
  309 308.5 0.325086 0.000141096
  310 309.5 0.324554 0.000140865
  311 310.5 0.321316 0.00013946
  312 311.5 0.3202 0.000138976
  313 312.5 0.31956 0.000138698
  314 313.5 0.322988 0.000140186
  315 314.5 0.323702 0.000140496
  316 315.5 0.320098 0.000138931
  317 316.5 0.322818 0.000140112
  318 317.5 0.322728 0.000140073
  319 318.5 0.321038 0.000139339
  320 319.5 0.3198 0.000138802
  321 320.5 0.319838 0.000138819
  322 321.5 0.32125 0.000139431
  323 322.5 0.329576 0.000143045
  324 323.5 0.340222 0.000147666
  325 324.5 0.340218 0.000147664
  326 325.5 0.341946 0.000148414
  327 326.5 0.335824 0.000145757
  328 327.5 0.33336 0.000144687
  329 328.5 0.339992 0.000147566
  330 329.5 0.329866 0.000143171
  331 330.5 0.326542 0.000141728
  332 331.5 0.323236 0.000140293
  333 332.5 0.318292 0.000138148
  334 333.5 0.325828 0.000141418
  335 334.5 0.334452 0.000145161
  336 335.5 0.326686 0.000141791
  337 336.5 0.334384 0.000145132
  338 337.5 0.335862 0.000145773
  339 338.5 0.33972 0.000147448
  340 339.5 0.33671 0.000146141
  341 340.5 0.342434 0.000148626
  342 341.5 0.340298 0.000147699
  343 342.5 0.33207 0.000144128
  344 343.5 0.337598 0.000146527
  345 344.5 0.341572 0.000148252
  346 345.5 0.341912 0.000148399
  347 346.5 0.34274 0.000148759
  348 347.5 0.335182 0.000145478
  349 348.5 0.324318 0.000140763
  350 349.5 0.320314 0.000139025
  351 350.5 0.328162 0.000142431
  352 351.5 0.332158 0.000144166
  353 352.5 0.328188 0.000142443
  354 353.5 0.328164 0.000142432
  355 354.5 0.325074 0.000141091
  356 355.5 0.32415 0.00014069
  357 356.5 0.324038 0.000140641
  358 357.5 0.32309 0.00014023
  359 358.5 0.315926 0.000137121
  360 359.5 0.305326 0.00013252
  361 360.5 0.296956 0.000128887
  362 361.5 0.296272 0.00012859
  363 362.5 0.294868 0.000127981
  364 363.5 0.287568 0.000124813
  365 364.5 0.290228 0.000125967
  366 365.5 0.288354 0.000125154
  367 366.5 0.287394 0.000124737
  368 367.5 0.289944 0.000125844
  369 368.5 0.291866 0.000126678
  370 369.5 0.289444 0.000125627
  371 370.5 0.281052 0.000121984
  372 371.5 0.282824 0.000122753
  373 372.5 0.291748 0.000126627
  374 373.5 0.296756 0.0001288
  375 374.5 0.302624 0.000131347
  376 375.5 0.309634 0.00013439
  377 376.5 0.31666 0.000137439
  378 377.5 0.326158 0.000141562
  379 378.5 0.342644 0.000148717
  380 379.5 0.363702 0.000157857
  381 380.5 0.37103 0.000161037
  382 381.5 0.397144 0.000172372
  383 382.5 0.44616 0.000193646
  384 383.5 0.530592 0.000230292
  385 384.5 0.688382 0.000298777
  386 385.5 1.00619 0.000436715
  387 386.5 1.60709 0.000697521
  388 387.5 2.70949 0.00117599
  389 388.5 4.56682 0.00198213
  390 389.5 7.40623 0.00321451
  391 390.5 11.2684 0.00489079
  392 391.5 15.7849 0.00685109
  393 392.5 20.384 0.00884723
  394 393.5 24.4218 0.0105997
  395 394.5 27.5362 0.0119515
  396 395.5 29.6581 0.0128724
  397 396.5 30.9892 0.0134502
  398 397.5 31.7853 0.0137957
  399 398.5 32.253 0.0139987
  400 399.5 32.5754 0.0141386
  401 400.5 32.7492 0.0142141
  402 401.5 32.8239 0.0142465
  403 402.5 32.9099 0.0142838
  404 403.5 32.9724 0.0143109
  405 404.5 32.9729 0.0143112
  406 405.5 32.9826 0.0143153
  407 406.5 33.033 0.0143372
  408 407.5 33.0277 0.014335
  409 408.5 33.0217 0.0143323
  410 409.5 33.0376 0.0143392
  411 410.5 33.0522 0.0143456
  412 411.5 33.0535 0.0143461
  413 412.5 33.0637 0.0143506
  414 413.5 33.0942 0.0143638
  415 414.5 33.0451 0.0143425
  416 415.5 33.0906 0.0143622
  417 416.5 33.1182 0.0143742
  418 417.5 33.0481 0.0143438
  419 418.5 33.0764 0.0143561
  420 419.5 33.1077 0.0143697
  421 420.5 33.0737 0.0143549
  422 421.5 33.0396 0.0143401
  423 422.5 33.0855 0.01436
  424 423.5 33.081 0.0143581
  425 424.5 33.0807 0.0143579
  426 425.5 33.0705 0.0143535
  427 426.5 33.0943 0.0143638
  428 427.5 33.0881 0.0143612
  429 428.5 33.0918 0.0143628
  430 429.5 33.086 0.0143602
  431 430.5 33.1073 0.0143695
  432 431.5 33.1087 0.0143701
  433 432.5 33.1208 0.0143753
  434 433.5 33.1161 0.0143733
  435 434.5 33.0944 0.0143639
  436 435.5 33.1134 0.0143721
  437 436.5 33.1373 0.0143825
  438 437.5 33.0994 0.0143661
  439 438.5 33.0846 0.0143596
  440 439.5 33.0947 0.014364
  441 440.5 33.1614 0.014393
  442 441.5 33.0711 0.0143538
  443 442.5 33.0981 0.0143655
  444 443.5 33.0822 0.0143586
  445 444.5 33.0914 0.0143626
  446 445.5 33.059 0.0143485
  447 446.5 33.1035 0.0143678
  448 447.5 33.0771 0.0143564
  449 448.5 33.0652 0.0143512
  450 449.5 33.0617 0.0143497
  451 450.5 33.0838 0.0143593
  452 451.5 33.0633 0.0143504
  453 452.5 33.0591 0.0143486
  454 453.5 33.0664 0.0143518
  455 454.5 33.0661 0.0143516
  456 455.5 33.0663 0.0143517
  457 456.5 33.0919 0.0143628
  458 457.5 33.0533 0.014346
  459 458.5 33.0651 0.0143512
  460 459.5 33.0869 0.0143606
  461 460.5 33.1213 0.0143756
  462 461.5 33.0424 0.0143413
  463 462.5 33.0709 0.0143537
  464 463.5 33.1087 0.0143701
  465 464.5 33.0672 0.0143521
  466 465.5 33.0598 0.0143489
  467 466.5 33.0906 0.0143622
  468 467.5 33.1038 0.014368
  469 468.5 33.0942 0.0143638
  470 469.5 33.1081 0.0143698
  471 470.5 33.1379 0.0143828
  472 471.5 33.0834 0.0143591
  473 472.5 33.0959 0.0143645
  474 473.5 33.1345 0.0143813
  475 474.5 33.1057 0.0143688
  476 475.5 33.0978 0.0143654
  477 476.5 33.1243 0.0143769
  478 477.5 33.1478 0.0143871
  479 478.5 33.089 0.0143615
  480 479.5 33.127 0.0143781
30000000 480 5491.000000000002
  1 0.5 33.1067 0.0143692
  2 1.5 33.0985 0.0143657
  3 2.5 33.1133 0.0143721
  4 3.5 33.1609 0.0143928
  5 4.5 33.0879 0.014361
  6 5.5 33.1127 0.0143718
  7 6.5 33.0879 0.0143611
  8 7.5 33.1016 0.014367
  9 8.5 33.0591 0.0143486
  10 9.5 33.0778 0.0143567
  11 10.5 33.0658 0.0143515
  12 11.5 33.0863 0.0143604
  13 12.5 33.0752 0.0143556
  14 13.5 33.0457 0.0143427
  15 14.5 33.044 0.014342
  16 15.5 33.1049 0.0143685
  17 16.5 33.0856 0.0143601
  18 17.5 33.0617 0.0143497
  19 18.5 33.0549 0.0143468
  20 19.5 33.0887 0.0143614
  21 20.5 33.0956 0.0143644
  22 21.5 33.0505 0.0143448
  23 22.5 33.0577 0.0143479
  24 23.5 33.1248 0.0143771
  25 24.5 33.0744 0.0143552
  26 25.5 33.0701 0.0143533
  27 26.5 33.1055 0.0143687
  28 27.5 33.0985 0.0143657
  29 28.5 33.0493 0.0143443
  30 29.5 33.0763 0.014356
  31 30.5 33.0962 0.0143647
  32 31.5 33.0545 0.0143466
  33 32.5 33.0848 0.0143597
  34 33.5 33.0631 0.0143503
  35 34.5 33.0884 0.0143613
  36 35.5 33.0815 0.0143583
  37 36.5 33.0745 0.0143552
  38 37.5 33.0788 0.0143571
  39 38.5 33.0747 0.0143554
  40 39.5 33.0506 0.0143449
  41 40.5 33.0511 0.0143451
  42 41.5 33.0717 0.014354
  43 42.5 33.0745 0.0143553
  44 43.5 33.0458 0.0143428
  45 44.5 33.0487 0.0143441
  46 45.5 33.0716 0.014354
  47 46.5 33.0466 0.0143431
  48 47.5 33.0572 0.0143478
  49 48.5 33.0249 0.0143337
  50 49.5 33.026 0.0143342
  51 50.5 33.0529 0.0143459
  52 51.5 33.0193 0.0143313
  53 52.5 33.0075 0.0143262
  54 53.5 33.0057 0.0143254
  55 54.5 32.9767 0.0143128
  56 55.5 32.9654 0.0143079
  57 56.5 32.8644 0.014264
  58 57.5 32.8005 0.0142363
  59 58.5 32.7701 0.0142232
  60 59.5 32.586 0.0141432
  61 60.5 32.4217 0.0140719
  62 61.5 32.1831 0.0139684
  63 62.5 31.8023 0.0138031
  64 63.5 31.3402 0.0136025
  65 64.5 30.7276 0.0133366
  66 65.5 29.7213 0.0128999
  67 66.5 28.4268 0.012338
  68 67.5 26.6456 0.0115649
  69 68.5 24.4146 0.0105966
  70 69.5 21.5674 0.00936084
  71 70.5 18.2778 0.00793307
  72 71.5 14.8115 0.00642859
  73 72.5 11.4118 0.00495305
  74 73.5 8.37266 0.00363397
  75 74.5 5.90895 0.00256465
  76 75.5 4.0546 0.00175981
  77 76.5 2.77007 0.00120229
  78 77.5 1.91303 0.000830306
  79 78.5 1.39418 0.000605112
  80 79.5 1.07112 0.000464895
  81 80.5 0.882916 0.00038321
  82 81.5 0.771116 0.000334686
  83 82.5 0.703124 0.000305175
  84 83.5 0.663588 0.000288016
  85 84.5 0.643154 0.000279147
  86 85.5 0.615586 0.000267181
  87 86.5 0.604036 0.000262168
  88 87.5 0.599642 0.000260261
  89 88.5 0.594664 0.000258101
  90 89.5 0.595002 0.000258247
  91 90.5 0.59249 0.000257157
  92 91.5 0.589722 0.000255956
  93 92.5 0.586372 0.000254502
  94 93.5 0.586378 0.000254504
  95 94.5 0.591034 0.000256525
  96 95.5 0.58946 0.000255842
  97 96.5 0.591006 0.000256513
  98 97.5 0.588086 0.000255246
  99 98.5 0.594328 0.000257955
  100 99.5 0.59158 0.000256762
  101 100.5 0.59217 0.000257018
  102 101.5 0.587156 0.000254842
  103 102.5 0.589656 0.000255927
  104 103.5 0.589274 0.000255761
  105 104.5 0.584498 0.000253688
  106 105.5 0.586718 0.000254652
  107 106.5 0.587258 0.000254886
  108 107.5 0.594288 0.000257937
  109 108.5 0.592032 0.000256958
  110 109.5 0.588636 0.000255484
  111 110.5 0.591154 0.000256577
  112 111.5 0.588352 0.000255361
  113 112.5 0.588704 0.000255514
  114 113.5 0.589778 0.00025598
  115 114.5 0.591198 0.000256596
  116 115.5 0.59 0.000256076
  117 116.5 0.58647 0.000254544
  118 117.5 0.58559 0.000254162
  119 118.5 0.588682 0.000255504
  120 119.5 0.592022 0.000256954
  121 120.5 0.593732 0.000257696
  122 121.5 0.593946 0.000257789
  123 122.5 0.595612 0.000258512
  124 123.5 0.59318 0.000257457
  125 124.5 0.59497 0.000258234
  126 125.5 0.590232 0.000256177
  127 126.5 0.588086 0.000255246
  128 127.5 0.594828 0.000258172
  129 128.5 0.592312 0.00025708
  130 129.5 0.58969 0.000255942
  131 130.5 0.596698 0.000258984
  132 131.5 0.59832 0.000259687
  133 132.5 0.603886 0.000262103
  134 133.5 0.59643 0.000258867
  135 134.5 0.596394 0.000258852
  136 135.5 0.60232 0.000261424
  137 136.5 0.599078 0.000260016
  138 137.5 0.597024 0.000259125
  139 138.5 0.598468 0.000259752
  140 139.5 0.596954 0.000259095
  141 140.5 0.596522 0.000258907
  142 141.5 0.592708 0.000257252
  143 142.5 0.591686 0.000256808
  144 143.5 0.591758 0.000256839
  145 144.5 0.590758 0.000256405
  146 145.5 0.594286 0.000257937
  147 146.5 0.597228 0.000259214
  148 147.5 0.599716 0.000260293
  149 148.5 0.596058 0.000258706
  150 149.5 0.593226 0.000257477
  151 150.5 0.593556 0.00025762
  152 151.5 0.589566 0.000255888
  153 152.5 0.590874 0.000256456
  154 153.5 0.593078 0.000257412
  155 154.5 0.591762 0.000256841
  156 155.5 0.586306 0.000254473
  157 156.5 0.587194 0.000254859
  158 157.5 0.592714 0.000257254
  159 158.5 0.593002 0.000257379
  160 159.5 0.588678 0.000255503
  161 160.5 0.588664 0.000255497
  162 161.5 0.589714 0.000255952
  163 162.5 0.589762 0.000255973
  164 163.5 0.586452 0.000254536
  165 164.5 0.588098 0.000255251
  166 165.5 0.59089 0.000256463
  167 166.5 0.5871 0.000254818
  168 167.5 0.583176 0.000253115
  169 168.5 0.592204 0.000257033
  170 169.5 0.588782 0.000255548
  171 170.5 0.596264 0.000258795
  172 171.5 0.59602 0.000258689
  173 172.5 0.592612 0.00025721
  174 173.5 0.59232 0.000257083
  175 174.5 0.58785 0.000255143
  176 175.5 0.58911 0.00025569
  177 176.5 0.59206 0.00025697
  178 177.5 0.591026 0.000256522
  179 178.5 0.590866 0.000256452
  180 179.5 0.592284 0.000257068
  181 180.5 0.591718 0.000256822
  182 181.5 0.588224 0.000255306
  183 182.5 0.589646 0.000255923
  184 183.5 0.590188 0.000256158
  185 184.5 0.589758 0.000255971
  186 185.5 0.589682 0.000255938
  187 186.5 0.588902 0.0002556
  188 187.5 0.58604 0.000254358
  189 188.5 0.586216 0.000254434
  190 189.5 0.579664 0.00025159
  191 190.5 0.583358 0.000253194
  192 191.5 0.588088 0.000255247
  193 192.5 0.590968 0.000256497
  194 193.5 0.59118 0.000256589
  195 194.5 0.588552 0.000255448
  196 195.5 0.586682 0.000254636
  197 196.5 0.585644 0.000254186
  198 197.5 0.59615 0.000258746
  199 198.5 0.596648 0.000258962
  200 199.5 0.597828 0.000259474
  201 200.5 0.59022 0.000256172
  202 201.5 0.588342 0.000255357
  203 202.5 0.5875 0.000254991
  204 203.5 0.59085 0.000256445
  205 204.5 0.587028 0.000254786
  206 205.5 0.584074 0.000253504
  207 206.5 0.58706 0.0002548
  208 207.5 0.582618 0.000252872
  209 208.5 0.58863 0.000255482
  210 209.5 0.584442 0.000253664
  211 210.5 0.588076 0.000255241
  212 211.5 0.591442 0.000256702
  213 212.5 0.598686 0.000259846
  214 213.5 0.601056 0.000260875
  215 214.5 0.611158 0.00026526
  216 215.5 0.620862 0.000269471
  217 216.5 0.645842 0.000280313
  218 217.5 0.674092 0.000292575
  219 218.5 0.721194 0.000313018
  220 219.5 0.79638 0.000345651
  221 220.5 0.919998 0.000399305
  222 221.5 1.13296 0.000491734
  223 222.5 1.48929 0.000646392
  224 223.5 2.03358 0.000882628
  225 224.5 2.86476 0.00124338
  226 225.5 4.07945 0.0017706
  227 226.5 5.60453 0.00243252
  228 227.5 7.30562 0.00317084
  229 228.5 8.72577 0.00378722
  230 229.5 9.45364 0.00410314
  231 230.5 9.14241 0.00396806
  232 231.5 7.87506 0.00341799
  233 232.5 6.09113 0.00264372
  234 233.5 4.3068 0.00186927
  235 234.5 2.86109 0.00124179
  236 235.5 1.84604 0.000801233
  237 236.5 1.2209 0.000529903
  238 237.5 0.852884 0.000370175
  239 238.5 0.640604 0.00027804
  240 239.5 0.522498 0.000226779
  241 240.5 0.446586 0.000193831
  242 241.5 0.4154 0.000180295
  243 242.5 0.397856 0.000172681
  244 243.5 0.38039 0.0001651
  245 244.5 0.369554 0.000160397
  246 245.5 0.361858 0.000157056
  247 246.5 0.359654 0.0001561
  248 247.5 0.357532 0.000155179
  249 248.5 0.361878 0.000157065
  250 249.5 0.364406 0.000158162
  251 250.5 0.361336 0.00015683
  252 251.5 0.355046 0.0001541
  253 252.5 0.344842 0.000149671
  254 253.5 0.34508 0.000149774
  255 254.5 0.3442 0.000149392
  256 255.5 0.349672 0.000151767
  257 256.5 0.346296 0.000150302
  258 257.5 0.334328 0.000145108
  259 258.5 0.335386 0.000145567
  260 259.5 0.339878 0.000147516
  261 260.5 0.34361 0.000149136
  262 261.5 0.346256 0.000150285
  263 262.5 0.348064 0.000151069
  264 263.5 0.355354 0.000154234
  265 264.5 0.354986 0.000154074
  266 265.5 0.356854 0.000154885
  267 266.5 0.354134 0.000153704
  268 267.5 0.353362 0.000153369
  269 268.5 0.345598 0.000149999
  270 269.5 0.342354 0.000148591
  271 270.5 0.341652 0.000148286
  272 271.5 0.343194 0.000148956
  273 272.5 0.34725 0.000150716
  274 273.5 0.337882 0.00014665
  275 274.5 0.330288 0.000143354
  276 275.5 0.32231 0.000139891
  277 276.5 0.312544 0.000135653
  278 277.5 0.310814 0.000134902
  279 278.5 0.31374 0.000136172
  280 279.5 0.319594 0.000138713
  281 280.5 0.330598 0.000143489
  282 281.5 0.332254 0.000144207
  283 282.5 0.329978 0.00014322
  284 283.5 0.335038 0.000145416
  285 284.5 0.331496 0.000143878
  286 285.5 0.330204 0.000143318
  287 286.5 0.331384 0.00014383
  288 287.5 0.32974 0.000143116
  289 288.5 0.329352 0.000142948
  290 289.5 0.324838 0.000140989
  291 290.5 0.319456 0.000138653
  292 291.5 0.323982 0.000140617
  293 292.5 0.318288 0.000138146
  294 293.5 0.318814 0.000138374
  295 294.5 0.321106 0.000139369
  296 295.5 0.32154 0.000139557
  297 296.5 0.315884 0.000137102
  298 297.5 0.318784 0.000138361
  299 298.5 0.310298 0.000134678
  300 299.5 0.31092 0.000134948
  301 300.5 0.315286 0.000136843
  302 301.5 0.30531 0.000132513
  303 302.5 0.299668 0.000130064
  304 303.5 0.289528 0.000125663
  305 304.5 0.289166 0.000125506
  306 305.5 0.298452 0.000129536
  307 306.5 0.309262 0.000134228
  308 307.5 0.319146 0.000138518
  309 308.5 0.330062 0.000143256
  310 309.5 0.327806 0.000142277
  311 310.5 0.32348 0.000140399
  312 311.5 0.316262 0.000137266
  313 312.5 0.316522 0.000137379
  314 313.5 0.315976 0.000137142
  315 314.5 0.31583 0.000137079
  316 315.5 0.317244 0.000137693
  317 316.5 0.313336 0.000135997
  318 317.5 0.32306 0.000140217
  319 318.5 0.322502 0.000139975
  320 319.5 0.326934 0.000141898
  321 320.5 0.323698 0.000140494
  322 321.5 0.323776 0.000140528
  323 322.5 0.331836 0.000144026
  324 323.5 0.337674 0.00014656
  325 324.5 0.33777 0.000146602
  326 325.5 0.3454 0.000149913
  327 326.5 0.336182 0.000145912
  328 327.5 0.330642 0.000143508
  329 328.5 0.3262 0.00014158
  330 329.5 0.333578 0.000144782
  331 330.5 0.329538 0.000143029
  332 331.5 0.333958 0.000144947
  333 332.5 0.336496 0.000146049
  334 333.5 0.337178 0.000146345
  335 334.5 0.333532 0.000144762
  336 335.5 0.33004 0.000143247
  337 336.5 0.329476 0.000143002
  338 337.5 0.33598 0.000145825
  339 338.5 0.343298 0.000149001
  340 339.5 0.340984 0.000147997
  341 340.5 0.349742 0.000151798
  342 341.5 0.354272 0.000153764
  343 342.5 0.348868 0.000151418
  344 343.5 0.347536 0.00015084
  345 344.5 0.346508 0.000150394
  346 345.5 0.352102 0.000152822
  347 346.5 0.350224 0.000152007
  348 347.5 0.34173 0.00014832
  349 348.5 0.331378 0.000143827
  350 349.5 0.326666 0.000141782
  351 350.5 0.334372 0.000145127
  352 351.5 0.332898 0.000144487
  353 352.5 0.338872 0.00014708
  354 353.5 0.338242 0.000146806
  355 354.5 0.338864 0.000147076
  356 355.5 0.342058 0.000148463
  357 356.5 0.34372 0.000149184
  358 357.5 0.348868 0.000151418
  359 358.5 0.3541 0.000153689
  360 359.5 0.35595 0.000154492
  361 360.5 0.355832 0.000154441
  362 361.5 0.362084 0.000157155
  363 362.5 0.34854 0.000151276
  364 363.5 0.344062 0.000149332
  365 364.5 0.342036 0.000148453
  366 365.5 0.336512 0.000146056
  367 366.5 0.316544 0.000137389
  368 367.5 0.312002 0.000135418
  369 368.5 0.301432 0.00013083
  370 369.5 0.297668 0.000129196
  371 370.5 0.298592 0.000129597
  372 371.5 0.304366 0.000132103
  373 372.5 0.300476 0.000130415
  374 373.5 0.300374 0.000130371
  375 374.5 0.303976 0.000131934
  376 375.5 0.309312 0.00013425
  377 376.5 0.31385 0.00013622
  378 377.5 0.315844 0.000137085
  379 378.5 0.32415 0.00014069
  380 379.5 0.337904 0.00014666
  381 380.5 0.36055 0.000156489
  382 381.5 0.408586 0.000177338
  383 382.5 0.490108 0.00021272
  384 383.5 0.60868 0.000264184
  385 384.5 0.840254 0.000364694
  386 385.5 1.28702 0.000558602
  387 386.5 2.09731 0.000910292
  388 387.5 3.50626 0.00152182
  389 388.5 5.78476 0.00251075
  390 389.5 9.10193 0.00395049
  391 390.5 13.2661 0.00575786
  392 391.5 17.9393 0.00778616
  393 392.5 22.3137 0.00968477
  394 393.5 25.9471 0.0112618
  395 394.5 28.5669 0.0123988
  396 395.5 30.3683 0.0131807
  397 396.5 31.4347 0.0136435
  398 397.5 32.0389 0.0139058
  399 398.5 32.4597 0.0140884
  400 399.5 32.7414 0.0142107
  401 400.5 32.821 0.0142452
  402 401.5 32.9092 0.0142835
  403 402.5 32.9671 0.0143087
  404 403.5 33.0676 0.0143523
  405 404.5 33.0481 0.0143438
  406 405.5 33.0973 0.0143651
  407 406.5 33.096 0.0143646
  408 407.5 33.1155 0.0143731
  409 408.5 33.1398 0.0143836
  410 409.5 33.1198 0.0143749
  411 410.5 33.1156 0.0143731
  412 411.5 33.1499 0.014388
  413 412.5 33.1219 0.0143758
  414 413.5 33.1571 0.0143911
  415 414.5 33.1141 0.0143725
  416 415.5 33.107 0.0143693
  417 416.5 33.1259 0.0143776
  418 417.5 33.1231 0.0143764
  419 418.5 33.1314 0.01438
  420 419.5 33.1112 0.0143712
  421 420.5 33.1163 0.0143734
  422 421.5 33.0985 0.0143657
  423 422.5 33.1446 0.0143857
  424 423.5 33.0898 0.0143619
  425 424.5 33.1376 0.0143826
  426 425.5 33.1052 0.0143686
  427 426.5 33.0991 0.0143659
  428 427.5 33.1109 0.014371
  429 428.5 33.0993 0.014366
  430 429.5 33.0917 0.0143627
  431 430.5 33.1035 0.0143678
  432 431.5 33.0983 0.0143656
  433 432.5 33.0532 0.014346
  434 433.5 33.0883 0.0143612
  435 434.5 33.1031 0.0143677
  436 435.5 33.0746 0.0143553
  437 436.5 33.0665 0.0143518
  438 437.5 33.1292 0.014379
  439 438.5 33.0986 0.0143657
  440 439.5 33.0846 0.0143596
  441 440.5 33.0788 0.0143571
  442 441.5 33.0915 0.0143626
  443 442.5 33.0968 0.0143649
  444 443.5 33.0557 0.0143471
  445 444.5 33.118 0.0143741
  446 445.5 33.0402 0.0143404
  447 446.5 33.0905 0.0143622
  448 447.5 33.0736 0.0143549
  449 448.5 33.093 0.0143633
  450 449.5 33.0881 0.0143612
  451 450.5 33.0732 0.0143547
  452 451.5 33.0959 0.0143646
  453 452.5 33.0552 0.0143469
  454 453.5 33.112 0.0143715
  455 454.5 33.0858 0.0143601
  456 455.5 33.1119 0.0143715
  457 456.5 33.0653 0.0143513
  458 457.5 33.1399 0.0143836
  459 458.5 33.1189 0.0143745
  460 459.5 33.1266 0.0143778
  461 460.5 33.0779 0.0143567
  462 461.5 33.1538 0.0143897
  463 462.5 33.1391 0.0143833
  464 463.5 33.0889 0.0143615
  465 464.5 33.0904 0.0143622
  466 465.5 33.1454 0.014386
  467 466.5 33.1157 0.0143731
  468 467.5 33.076 0.0143559
  469 468.5 33.1183 0.0143743
  470 469.5 33.1471 0.0143868
  471 470.5 33.0759 0.0143559
  472 471.5 33.0892 0.0143616
  473 472.5 33.1353 0.0143816
  474 473.5 33.1014 0.0143669
  475 474.5 33.0592 0.0143486
  476 475.5 33.1193 0.0143747
  477 476.5 33.1027 0.0143675
  478 477.5 33.0751 0.0143555
  479 478.5 33.0988 0.0143658
  480 479.5 33.1264 0.0143778
40000000 480 5491.000000000001
  1 0.5 33.139 0.0143832
  2 1.5 33.1558 0.0143905
  3 2.5 33.1307 0.0143797
  4 3.5 33.1276 0.0143783
  5 4.5 33.1241 0.0143768
  6 5.5 33.1455 0.0143861
  7 6.5 33.1162 0.0143733
  8 7.5 33.0647 0.014351
  9 8.5 33.1334 0.0143808
  10 9.5 33.1163 0.0143734
  11 10.5 33.0737 0.0143549
  12 11.5 33.085 0.0143598
  13 12.5 33.1021 0.0143673
  14 13.5 33.1267 0.0143779
  15 14.5 33.0924 0.014363
  16 15.5 33.0991 0.0143659
  17 16.5 33.1507 0.0143883
  18 17.5 33.1369 0.0143823
  19 18.5 33.1269 0.014378
  20 19.5 33.1234 0.0143765
  21 20.5 33.151 0.0143885
  22 21.5 33.1607 0.0143927
  23 22.5 33.1415 0.0143843
  24 23.5 33.1498 0.0143879
  25 24.5 33.1812 0.0144015
  26 25.5 33.1628 0.0143936
  27 26.5 33.1601 0.0143924
  28 27.5 33.154 0.0143898
  29 28.5 33.1742 0.0143985
  30 29.5 33.1229 0.0143763
  31 30.5 33.1661 0.014395
  32 31.5 33.2091 0.0144137
  33 32.5 33.1542 0.0143898
  34 33.5 33.1535 0.0143895
  35 34.5 33.1681 0.0143959
  36 35.5 33.1688 0.0143962
  37 36.5 33.1506 0.0143883
  38 37.5 33.1796 0.0144009
  39 38.5 33.1885 0.0144047
  40 39.5 33.1684 0.014396
  41 40.5 33.183 0.0144024
  42 41.5 33.2171 0.0144171
  43 42.5 33.1644 0.0143943
  44 43.5 33.1768 0.0143997
  45 44.5 33.1983 0.014409
  46 45.5 33.2027 0.0144109
  47 46.5 33.1481 0.0143872
  48 47.5 33.1488 0.0143875
  49 48.5 33.1927 0.0144066
  50 49.5 33.1343 0.0143812
  51 50.5 33.0862 0.0143603
  52 51.5 33.149 0.0143876
  53 52.5 33.1066 0.0143692
  54 53.5 33.015 0.0143294
  55 54.5 33.02 0.0143316
  56 55.5 33.0073 0.0143261
  57 56.5 32.8736 0.0142681
  58 57.5 32.7958 0.0142343
  59 58.5 32.6863 0.0141868
  60 59.5 32.5202 0.0141147
  61 60.5 32.2494 0.0139971
  62 61.5 31.8949 0.0138433
  63 62.5 31.4227 0.0136383
  64 63.5 30.7217 0.0133341
  65 64.5 29.7169 0.012898
  66 65.5 28.3845 0.0123197
  67 66.5 26.5751 0.0115343
  68 67.5 24.1894 0.0104989
  69 68.5 21.2519 0.00922393
  70 69.5 17.9742 0.00780132
  71 70.5 14.4319 0.00626384
  72 71.5 11.0143 0.00478049
  73 72.5 8.0111 0.00347704
  74 73.5 5.61766 0.00243822
  75 74.5 3.82874 0.00166178
  76 75.5 2.61478 0.00113489
  77 76.5 1.81761 0.000788893
  78 77.5 1.33325 0.000578667
  79 78.5 1.03437 0.000448947
  80 79.5 0.865016 0.000375441
  81 80.5 0.75439 0.000327426
  82 81.5 0.692274 0.000300466
  83 82.5 0.651774 0.000282888
  84 83.5 0.633542 0.000274975
  85 84.5 0.623308 0.000270533
  86 85.5 0.616206 0.000267451
  87 86.5 0.609122 0.000264376
  88 87.5 0.612014 0.000265631
  89 88.5 0.607496 0.00026367
  90 89.5 0.60093 0.00026082
  91 90.5 0.59907 0.000260013
  92 91.5 0.59452 0.000258038
  93 92.5 0.595306 0.000258379
  94 93.5 0.593852 0.000257748
  95 94.5 0.596756 0.000259009
  96 95.5 0.597248 0.000259222
  97 96.5 0.597642 0.000259393
  98 97.5 0.600124 0.00026047
  99 98.5 0.594924 0.000258214
  100 99.5 0.596536 0.000258913
  101 100.5 0.601348 0.000261002
  102 101.5 0.596024 0.000258691
  103 102.5 0.59418 0.000257891
  104 103.5 0.593514 0.000257602
  105 104.5 0.589662 0.00025593
  106 105.5 0.593726 0.000257694
  107 106.5 0.593926 0.00025778
  108 107.5 0.59482 0.000258168
  109 108.5 0.596434 0.000258869
  110 109.5 0.597126 0.000259169
  111 110.5 0.59202 0.000256953
  112 111.5 0.593048 0.000257399
  113 112.5 0.586228 0.000254439
  114 113.5 0.590482 0.000256286
  115 114.5 0.591558 0.000256753
  116 115.5 0.59118 0.000256589
  117 116.5 0.592454 0.000257141
  118 117.5 0.59208 0.000256979
  119 118.5 0.592038 0.000256961
  120 119.5 0.592478 0.000257152
  121 120.5 0.590362 0.000256234
  122 121.5 0.58584 0.000254271
  123 122.5 0.587 0.000254774
  124 123.5 0.587606 0.000255037
  125 124.5 0.588556 0.00025545
  126 125.5 0.590052 0.000256099
  127 126.5 0.590954 0.00025649
  128 127.5 0.591294 0.000256638
  129 128.5 0.59442 0.000257995
  130 129.5 0.594944 0.000258222
  131 130.5 0.60026 0.00026053
  132 131.5 0.59667 0.000258971
  133 132.5 0.591008 0.000256514
  134 133.5 0.596442 0.000258872
  135 134.5 0.592254 0.000257055
  136 135.5 0.589292 0.000255769
  137 136.5 0.590142 0.000256138
  138 137.5 0.589384 0.000255809
  139 138.5 0.590516 0.0002563
  140 139.5 0.591286 0.000256635
  141 140.5 0.590952 0.00025649
  142 141.5 0.590886 0.000256461
  143 142.5 0.590162 0.000256147
  144 143.5 0.590024 0.000256087
  145 144.5 0.58935 0.000255794
  146 145.5 0.59425 0.000257921
  147 146.5 0.595098 0.000258289
  148 147.5 0.592956 0.000257359
  149 148.5 0.596626 0.000258952
  150 149.5 0.601568 0.000261097
  151 150.5 0.595006 0.000258249
  152 151.5 0.590658 0.000256362
  153 152.5 0.595056 0.000258271
  154 153.5 0.600062 0.000260444
  155 154.5 0.591416 0.000256691
  156 155.5 0.590608 0.00025634
  157 156.5 0.595258 0.000258359
  158 157.5 0.590402 0.000256251
  159 158.5 0.58856 0.000255451
  160 159.5 0.58768 0.000255069
  161 160.5 0.592448 0.000257139
  162 161.5 0.59271 0.000257253
  163 162.5 0.590898 0.000256466
  164 163.5 0.591404 0.000256686
  165 164.5 0.590038 0.000256093
  166 165.5 0.590162 0.000256147
  167 166.5 0.582898 0.000252994
  168 167.5 0.585366 0.000254065
  169 168.5 0.587918 0.000255173
  170 169.5 0.591722 0.000256824
  171 170.5 0.59539 0.000258416
  172 171.5 0.591322 0.00025665
  173 172.5 0.58748 0.000254983
  174 173.5 0.592386 0.000257112
  175 174.5 0.59452 0.000258038
  176 175.5 0.591484 0.00025672
  177 176.5 0.592382 0.00025711
  178 177.5 0.59294 0.000257352
  179 178.5 0.589388 0.000255811
  180 179.5 0.585796 0.000254252
  181 180.5 0.588994 0.00025564
  182 181.5 0.583606 0.000253301
  183 182.5 0.5852 0.000253993
  184 183.5 0.58857 0.000255456
  185 184.5 0.59179 0.000256853
  186 185.5 0.588742 0.00025553
  187 186.5 0.591962 0.000256928
  188 187.5 0.594906 0.000258206
  189 188.5 0.592638 0.000257221
  190 189.5 0.59432 0.000257951
  191 190.5 0.593548 0.000257616
  192 191.5 0.589744 0.000255965
  193 192.5 0.588784 0.000255549
  194 193.5 0.58972 0.000255955
  195 194.5 0.59609 0.00025872
  196 195.5 0.595428 0.000258432
  197 196.5 0.59232 0.000257083
  198 197.5 0.59345 0.000257574
  199 198.5 0.596566 0.000258926
  200 199.5 0.593308 0.000257512
  201 200.5 0.593484 0.000257589
  202 201.5 0.59254 0.000257179
  203 202.5 0.59136 0.000256667
  204 203.5 0.591422 0.000256694
  205 204.5 0.586604 0.000254602
  206 205.5 0.58545 0.000254102
  207 206.5 0.589266 0.000255758
  208 207.5 0.590366 0.000256235
  209 208.5 0.589082 0.000255678
  210 209.5 0.58387 0.000253416
  211 210.5 0.582272 0.000252722
  212 211.5 0.583228 0.000253137
  213 212.5 0.592218 0.000257039
  214 213.5 0.59882 0.000259905
  215 214.5 0.615786 0.000267268
  216 215.5 0.636798 0.000276388
  217 216.5 0.664386 0.000288362
  218 217.5 0.707674 0.00030715
  219 218.5 0.78635 0.000341298
  220 219.5 0.910808 0.000395316
  221 220.5 1.11302 0.000483082
  222 221.5 1.4663 0.000636414
  223 222.5 2.03499 0.000883244
  224 223.5 2.88866 0.00125376
  225 224.5 4.0999 0.00177947
  226 225.5 5.63712 0.00244666
  227 226.5 7.27589 0.00315794
  228 227.5 8.65026 0.00375445
  229 228.5 9.22885 0.00400558
  230 229.5 8.77679 0.00380937
  231 230.5 7.4285 0.00322418
  232 231.5 5.62421 0.00244106
  233 232.5 3.90533 0.00169502
  234 233.5 2.54937 0.0011065
  235 234.5 1.63096 0.000707882
  236 235.5 1.0742 0.000466234
  237 236.5 0.752054 0.000326412
  238 237.5 0.583526 0.000253266
  239 238.5 0.484156 0.000210137
  240 239.5 0.42509 0.000184501
  241 240.5 0.397218 0.000172404
  242 241.5 0.37976 0.000164826
  243 242.5 0.369708 0.000160464
  244 243.5 0.359168 0.000155889
  245 244.5 0.359456 0.000156014
  246 245.5 0.351934 0.000152749
  247 246.5 0.34227 0.000148555
  248 247.5 0.332666 0.000144386
  249 248.5 0.322586 0.000140011
  250 249.5 0.317064 0.000137615
  251 250.5 0.308664 0.000133969
  252 251.5 0.309376 0.000134278
  253 252.5 0.311606 0.000135246
  254 253.5 0.318542 0.000138256
  255 254.5 0.318132 0.000138078
  256 255.5 0.319334 0.0001386
  257 256.5 0.324262 0.000140739
  258 257.5 0.327656 0.000142212
  259 258.5 0.324778 0.000140963
  260 259.5 0.327978 0.000142352
  261 260.5 0.329406 0.000142971
  262 261.5 0.324114 0.000140674
  263 262.5 0.3254 0.000141233
  264 263.5 0.329136 0.000142854
  265 264.5 0.336136 0.000145892
  266 265.5 0.339504 0.000147354
  267 266.5 0.334218 0.00014506
  268 267.5 0.32695 0.000141905
  269 268.5 0.319306 0.000138588
  270 269.5 0.321602 0.000139584
  271 270.5 0.330384 0.000143396
  272 271.5 0.329104 0.00014284
  273 272.5 0.32699 0.000141923
  274 273.5 0.32729 0.000142053
  275 274.5 0.336318 0.000145971
  276 275.5 0.338742 0.000147023
  277 276.5 0.329052 0.000142818
  278 277.5 0.322256 0.000139868
  279 278.5 0.32274 0.000140078
  280 279.5 0.320058 0.000138914
  281 280.5 0.321612 0.000139589
  282 281.5 0.316564 0.000137398
  283 282.5 0.319942 0.000138864
  284 283.5 0.319334 0.0001386
  285 284.5 0.326638 0.00014177
  286 285.5 0.335006 0.000145402
  287 286.5 0.353572 0.00015346
  288 287.5 0.360658 0.000156536
  289 288.5 0.370666 0.000160879
  290 289.5 0.38534 0.000167248
  291 290.5 0.38352 0.000166458
  292 291.5 0.38105 0.000165386
  293 292.5 0.375492 0.000162974
  294 293.5 0.376676 0.000163488
  295 294.5 0.377258 0.00016374
  296 295.5 0.388638 0.00016868
  297 296.5 0.401778 0.000174383
  298 297.5 0.404092 0.000175387
  299 298.5 0.40953 0.000177747
  300 299.5 0.406428 0.000176401
  301 300.5 0.40732 0.000176788
  302 301.5 0.399118 0.000173228
  303 302.5 0.406256 0.000176326
  304 303.5 0.405012 0.000175786
  305 304.5 0.39853 0.000172973
  306 305.5 0.40203 0.000174492
  307 306.5 0.396168 0.000171948
  308 307.5 0.40066 0.000173898
  309 308.5 0.411222 0.000178482
  310 309.5 0.409476 0.000177724
  311 310.5 0.408606 0.000177346
  312 311.5 0.407048 0.00017667
  313 312.5 0.403616 0.000175181
  314 313.5 0.395508 0.000171661
  315 314.5 0.385804 0.00016745
  316 315.5 0.38424 0.000166771
  317 316.5 0.391208 0.000169795
  318 317.5 0.3945 0.000171224
  319 318.5 0.396872 0.000172253
  320 319.5 0.38938 0.000169002
  321 320.5 0.382668 0.000166089
  322 321.5 0.385016 0.000167108
  323 322.5 0.377208 0.000163719
  324 323.5 0.37557 0.000163008
  325 324.5 0.37955 0.000164735
  326 325.5 0.38558 0.000167352
  327 326.5 0.391928 0.000170108
  328 327.5 0.395124 0.000171495
  329 328.5 0.390626 0.000169543
  330 329.5 0.392328 0.000170281
  331 330.5 0.39686 0.000172248
  332 331.5 0.390294 0.000169398
  333 332.5 0.397726 0.000172624
  334 333.5 0.40608 0.00017625
  335 334.5 0.401786 0.000174386
  336 335.5 0.401906 0.000174438
  337 336.5 0.395714 0.000171751
  338 337.5 0.39433 0.00017115
  339 338.5 0.384176 0.000166743
  340 339.5 0.375726 0.000163076
  341 340.5 0.362062 0.000157145
  342 341.5 0.346386 0.000150341
  343 342.5 0.33283 0.000144457
  344 343.5 0.322648 0.000140038
  345 344.5 0.317102 0.000137631
  346 345.5 0.319638 0.000138732
  347 346.5 0.318788 0.000138363
  348 347.5 0.31435 0.000136437
  349 348.5 0.314522 0.000136511
  350 349.5 0.315168 0.000136792
  351 350.5 0.32292 0.000140156
  352 351.5 0.327936 0.000142333
  353 352.5 0.327306 0.00014206
  354 353.5 0.323768 0.000140524
  355 354.5 0.323558 0.000140433
  356 355.5 0.32098 0.000139314
  357 356.5 0.31738 0.000137752
  358 357.5 0.30936 0.000134271
  359 358.5 0.308006 0.000133683
  360 359.5 0.30614 0.000132873
  361 360.5 0.306394 0.000132984
  362 361.5 0.310312 0.000134684
  363 362.5 0.314204 0.000136373
  364 363.5 0.319094 0.000138496
  365 364.5 0.322454 0.000139954
  366 365.5 0.333876 0.000144911
  367 366.5 0.33511 0.000145447
  368 367.5 0.340106 0.000147615
  369 368.5 0.34415 0.000149371
  370 369.5 0.337902 0.000146659
  371 370.5 0.339518 0.00014736
  372 371.5 0.346494 0.000150388
  373 372.5 0.349156 0.000151543
  374 373.5 0.351162 0.000152414
  375 374.5 0.352068 0.000152807
  376 375.5 0.360398 0.000156423
  377 376.5 0.362656 0.000157403
  378 377.5 0.370812 0.000160943
  379 378.5 0.377546 0.000163865
  380 379.5 0.396502 0.000172093
  381 380.5 0.436158 0.000189305
  382 381.5 0.488186 0.000211886
  383 382.5 0.583216 0.000253132
  384 383.5 0.771804 0.000334984
  385 384.5 1.12633 0.000488859
  386 385.5 1.82478 0.000792007
  387 386.5 3.08986 0.00134109
  388 387.5 5.2071 0.00226003
  389 388.5 8.34195 0.00362064
  390 389.5 12.4488 0.00540312
  391 390.5 17.0886 0.00741691
  392 391.5 21.6764 0.00940816
  393 392.5 25.5196 0.0110762
  394 393.5 28.3166 0.0122902
  395 394.5 30.1782 0.0130982
  396 395.5 31.3022 0.013586
  397 396.5 31.9698 0.0138758
  398 397.5 32.3874 0.014057
  399 398.5 32.6461 0.0141693
  400 399.5 32.7625 0.0142199
  401 400.5 32.9006 0.0142798
  402 401.5 32.9504 0.0143014
  403 402.5 33.0203 0.0143317
  404 403.5 33.0518 0.0143454
  405 404.5 33.0392 0.0143399
  406 405.5 33.0777 0.0143566
  407 406.5 33.1019 0.0143671
  408 407.5 33.1284 0.0143786
  409 408.5 33.1 0.0143663
  410 409.5 33.1262 0.0143777
  411 410.5 33.1294 0.0143791
  412 411.5 33.1191 0.0143746
  413 412.5 33.1341 0.0143811
  414 413.5 33.1148 0.0143727
  415 414.5 33.1773 0.0143999
  416 415.5 33.1225 0.0143761
  417 416.5 33.0972 0.0143651
  418 417.5 33.1398 0.0143836
  419 418.5 33.1564 0.0143908
  420 419.5 33.1224 0.014376
  421 420.5 33.086 0.0143603
  422 421.5 33.173 0.014398
  423 422.5 33.1739 0.0143984
  424 423.5 33.1383 0.014383
  425 424.5 33.151 0.0143884
  426 425.5 33.1879 0.0144045
  427 426.5 33.1903 0.0144055
  428 427.5 33.1467 0.0143866
  429 428.5 33.1614 0.014393
  430 429.5 33.1865 0.0144038
  431 430.5 33.1565 0.0143908
  432 431.5 33.157 0.014391
  433 432.5 33.1664 0.0143951
  434 433.5 33.1921 0.0144063
  435 434.5 33.1712 0.0143972
  436 435.5 33.1388 0.0143832
  437 436.5 33.177 0.0143997
  438 437.5 33.1983 0.014409
  439 438.5 33.2037 0.0144113
  440 439.5 33.1462 0.0143864
  441 440.5 33.1713 0.0143973
  442 441.5 33.1931 0.0144067
  443 442.5 33.2043 0.0144116
  444 443.5 33.1322 0.0143803
  445 444.5 33.1625 0.0143935
  446 445.5 33.1946 0.0144074
  447 446.5 33.1584 0.0143917
  448 447.5 33.1605 0.0143926
  449 448.5 33.1931 0.0144067
  450 449.5 33.1337 0.014381
  451 450.5 33.1731 0.014398
  452 451.5 33.1614 0.014393
  453 452.5 33.1858 0.0144036
  454 453.5 33.1781 0.0144002
  455 454.5 33.1522 0.014389
  456 455.5 33.1809 0.0144015
  457 456.5 33.1735 0.0143982
  458 457.5 33.2019 0.0144106
  459 458.5 33.1477 0.014387
  460 459.5 33.1965 0.0144082
  461 460.5 33.2048 0.0144118
  462 461.5 33.1716 0.0143974
  463 462.5 33.1589 0.0143919
  464 463.5 33.1544 0.0143899
  465 464.5 33.2023 0.0144107
  466 465.5 33.1623 0.0143933
  467 466.5 33.1708 0.014397
  468 467.5 33.1181 0.0143742
  469 468.5 33.1765 0.0143995
  470 469.5 33.1666 0.0143952
  471 470.5 33.1368 0.0143823
  472 471.5 33.1445 0.0143856
  473 472.5 33.1364 0.0143821
  474 473.5 33.1827 0.0144022
  475 474.5 33.1614 0.014393
  476 475.5 33.1575 0.0143913
  477 476.5 33.1485 0.0143874
  478 477.5 33.1538 0.0143897
  479 478.5 33.1394 0.0143834
  480 479.5 33.1359 0.0143819
50000000 480 5491.000000000001
  1 0.5 33.071 0.0143537
  2 1.5 33.1136 0.0143722
  3 2.5 33.0847 0.0143597
  4 3.5 33.0628 0.0143502
  5 4.5 33.062 0.0143498
  6 5.5 33.0714 0.0143539
  7 6.5 33.06 0.014349
  8 7.5 33.0402 0.0143404
  9 8.5 33.0627 0.0143501
  10 9.5 33.0591 0.0143486
  11 10.5 33.064 0.0143507
  12 11.5 33.0416 0.014341
  13 12.5 33.0671 0.014352
  14 13.5 33.091 0.0143624
  15 14.5 33.026 0.0143342
  16 15.5 33.1042 0.0143682
  17 16.5 33.0936 0.0143635
  18 17.5 33.1138 0.0143723
  19 18.5 33.0653 0.0143512
  20 19.5 33.0904 0.0143622
  21 20.5 33.1194 0.0143747
  22 21.5 33.0842 0.0143595
  23 22.5 33.0958 0.0143645
  24 23.5 33.0933 0.0143634
  25 24.5 33.1134 0.0143721
  26 25.5 33.0867 0.0143605
  27 26.5 33.0626 0.0143501
  28 27.5 33.1063 0.0143691
  29 28.5 33.1066 0.0143692
  30 29.5 33.085 0.0143598
  31 30.5 33.1303 0.0143795
  32 31.5 33.1234 0.0143765
  33 32.5 33.1237 0.0143766
  34 33.5 33.1135 0.0143722
  35 34.5 33.1117 0.0143714
  36 35.5 33.1227 0.0143762
  37 36.5 33.1071 0.0143694
  38 37.5 33.1318 0.0143801
  39 38.5 33.0987 0.0143658
  40 39.5 33.1249 0.0143771
  41 40.5 33.1247 0.0143771
  42 41.5 33.0829 0.0143589
  43 42.5 33.1318 0.0143801
  44 43.5 33.1545 0.01439
  45 44.5 33.0996 0.0143661
  46 45.5 33.0953 0.0143643
  47 46.5 33.0841 0.0143594
  48 47.5 33.1148 0.0143727
  49 48.5 33.0906 0.0143622
  50 49.5 33.0703 0.0143534
  51 50.5 33.0494 0.0143444
  52 51.5 33.1008 0.0143667
  53 52.5 33.0199 0.0143316
  54 53.5 32.9768 0.0143129
  55 54.5 32.9914 0.0143192
  56 55.5 32.9054 0.0142818
  57 56.5 32.8455 0.0142559
  58 57.5 32.7372 0.0142089
  59 58.5 32.6182 0.0141572
  60 59.5 32.4305 0.0140758
  61 60.5 32.2186 0.0139838
  62 61.5 31.8695 0.0138322
  63 62.5 31.3735 0.013617
  64 63.5 30.6921 0.0133212
  65 64.5 29.7872 0.0129285
  66 65.5 28.4386 0.0123431
  67 66.5 26.6937 0.0115858
  68 67.5 24.3787 0.010581
  69 68.5 21.5541 0.00935509
  70 69.5 18.2664 0.00792813
  71 70.5 14.7978 0.00642264
  72 71.5 11.3718 0.00493569
  73 72.5 8.36219 0.00362942
  74 73.5 5.90043 0.00256095
  75 74.5 4.04741 0.00175669
  76 75.5 2.76017 0.00119799
  77 76.5 1.9243 0.000835201
  78 77.5 1.3988 0.000607117
  79 78.5 1.07705 0.00046747
  80 79.5 0.886552 0.000384788
  81 80.5 0.776068 0.000336835
  82 81.5 0.707944 0.000307267
  83 82.5 0.669028 0.000290377
  84 83.5 0.64043 0.000277964
  85 84.5 0.629836 0.000273366
  86 85.5 0.613414 0.000266239
  87 86.5 0.608118 0.00026394
  88 87.5 0.604314 0.000262289
  89 88.5 0.601194 0.000260935
  90 89.5 0.595408 0.000258424
  91 90.5 0.597116 0.000259165
  92 91.5 0.600314 0.000260553
  93 92.5 0.600858 0.000260789
  94 93.5 0.59755 0.000259353
  95 94.5 0.596562 0.000258924
  96 95.5 0.600492 0.00026063
  97 96.5 0.596996 0.000259113
  98 97.5 0.594174 0.000257888
  99 98.5 0.591744 0.000256833
  100 99.5 0.592918 0.000257343
  101 100.5 0.59393 0.000257782
  102 101.5 0.592462 0.000257145
  103 102.5 0.596136 0.00025874
  104 103.5 0.60157 0.000261098
  105 104.5 0.59654 0.000258915
  106 105.5 0.58694 0.000254748
  107 106.5 0.592476 0.000257151
  108 107.5 0.59913 0.000260039
  109 108.5 0.597448 0.000259309
  110 109.5 0.599744 0.000260306
  111 110.5 0.601922 0.000261251
  112 111.5 0.601438 0.000261041
  113 112.5 0.59788 0.000259497
  114 113.5 0.598972 0.00025997
  115 114.5 0.600136 0.000260476
  116 115.5 0.591914 0.000256907
  117 116.5 0.592956 0.000257359
  118 117.5 0.58648 0.000254549
  119 118.5 0.588384 0.000255375
  120 119.5 0.588124 0.000255262
  121 120.5 0.592442 0.000257136
  122 121.5 0.59602 0.000258689
  123 122.5 0.597554 0.000259355
  124 123.5 0.597498 0.000259331
  125 124.5 0.597116 0.000259165
  126 125.5 0.595456 0.000258444
  127 126.5 0.597404 0.00025929
  128 127.5 0.594924 0.000258214
  129 128.5 0.596274 0.000258799
  130 129.5 0.593818 0.000257734
  131 130.5 0.59741 0.000259293
  132 131.5 0.592186 0.000257025
  133 132.5 0.593048 0.000257399
  134 133.5 0.587552 0.000255014
  135 134.5 0.591906 0.000256904
  136 135.5 0.592162 0.000257015
  137 136.5 0.59285 0.000257313
  138 137.5 0.59674 0.000259002
  139 138.5 0.59385 0.000257747
  140 139.5 0.588126 0.000255263
  141 140.5 0.587788 0.000255116
  142 141.5 0.587692 0.000255075
  143 142.5 0.589498 0.000255859
  144 143.5 0.590274 0.000256195
  145 144.5 0.59398 0.000257804
  146 145.5 0.5868 0.000254687
  147 146.5 0.584988 0.000253901
  148 147.5 0.589576 0.000255892
  149 148.5 0.585282 0.000254029
  150 149.5 0.585242 0.000254011
  151 150.5 0.585634 0.000254181
  152 151.5 0.585568 0.000254153
  153 152.5 0.588758 0.000255537
  154 153.5 0.585602 0.000254168
  155 154.5 0.58512 0.000253958
  156 155.5 0.58346 0.000253238
  157 156.5 0.586076 0.000254373
  158 157.5 0.579242 0.000251407
  159 158.5 0.576968 0.00025042
  160 159.5 0.582386 0.000252772
  161 160.5 0.585406 0.000254082
  162 161.5 0.58839 0.000255378
  163 162.5 0.589508 0.000255863
  164 163.5 0.581552 0.00025241
  165 164.5 0.584928 0.000253875
  166 165.5 0.586158 0.000254409
  167 166.5 0.588738 0.000255529
  168 167.5 0.59012 0.000256128
  169 168.5 0.588882 0.000255591
  170 169.5 0.588802 0.000255556
  171 170.5 0.592872 0.000257323
  172 171.5 0.591378 0.000256674
  173 172.5 0.593572 0.000257627
  174 173.5 0.591824 0.000256868
  175 174.5 0.593096 0.00025742
  176 175.5 0.584362 0.000253629
  177 176.5 0.58365 0.00025332
  178 177.5 0.583822 0.000253395
  179 178.5 0.585474 0.000254112
  180 179.5 0.582972 0.000253026
  181 180.5 0.585416 0.000254087
  182 181.5 0.590288 0.000256201
  183 182.5 0.588194 0.000255293
  184 183.5 0.583744 0.000253361
  185 184.5 0.58903 0.000255655
  186 185.5 0.592532 0.000257175
  187 186.5 0.586086 0.000254378
  188 187.5 0.58469 0.000253772
  189 188.5 0.579936 0.000251708
  190 189.5 0.584472 0.000253677
  191 190.5 0.58678 0.000254679
  192 191.5 0.586666 0.000254629
  193 192.5 0.59229 0.00025707
  194 193.5 0.591478 0.000256718
  195 194.5 0.594078 0.000257846
  196 195.5 0.597712 0.000259424
  197 196.5 0.5942 0.000257899
  198 197.5 0.593802 0.000257727
  199 198.5 0.591404 0.000256686
  200 199.5 0.585364 0.000254064
  201 200.5 0.582968 0.000253024
  202 201.5 0.587126 0.000254829
  203 202.5 0.584888 0.000253858
  204 203.5 0.585168 0.000253979
  205 204.5 0.583058 0.000253063
  206 205.5 0.584034 0.000253487
  207 206.5 0.58045 0.000251931
  208 207.5 0.592876 0.000257325
  209 208.5 0.585784 0.000254247
  210 209.5 0.585386 0.000254074
  211 210.5 0.589898 0.000256032
  212 211.5 0.595768 0.00025858
  213 212.5 0.598858 0.000259921
  214 213.5 0.606244 0.000263127
  215 214.5 0.623128 0.000270455
  216 215.5 0.63896 0.000277326
  217 216.5 0.669702 0.000290669
  218 217.5 0.72315 0.000313867
  219 218.5 0.804766 0.000349291
  220 219.5 0.944326 0.000409864
  221 220.5 1.17452 0.000509773
  222 221.5 1.53194 0.000664905
  223 222.5 2.10359 0.000913018
  224 223.5 2.96675 0.00128765
  225 224.5 4.20826 0.0018265
  226 225.5 5.76205 0.00250089
  227 226.5 7.46369 0.00323945
  228 227.5 8.88262 0.0038553
  229 228.5 9.52624 0.00413465
  230 229.5 9.14146 0.00396765
  231 230.5 7.79839 0.00338472
  232 231.5 5.94116 0.00257863
  233 232.5 4.10542 0.00178186
  234 233.5 2.68434 0.00116508
  235 234.5 1.72507 0.000748727
  236 235.5 1.13484 0.000492551
  237 236.5 0.793714 0.000344494
  238 237.5 0.594916 0.00025821
  239 238.5 0.491824 0.000213465
  240 239.5 0.431296 0.000187194
  241 240.5 0.397778 0.000172647
  242 241.5 0.36325 0.000157661
  243 242.5 0.345358 0.000149895
  244 243.5 0.34029 0.000147695
  245 244.5 0.343448 0.000149066
  246 245.5 0.33476 0.000145295
  247 246.5 0.33396 0.000144948
  248 247.5 0.322414 0.000139937
  249 248.5 0.318498 0.000138237
  250 249.5 0.323314 0.000140327
  251 250.5 0.324274 0.000140744
  252 251.5 0.329218 0.00014289
  253 252.5 0.326404 0.000141668
  254 253.5 0.3282 0.000142448
  255 254.5 0.33425 0.000145074
  256 255.5 0.33364 0.000144809
  257 256.5 0.33278 0.000144436
  258 257.5 0.331822 0.00014402
  259 258.5 0.336784 0.000146174
  260 259.5 0.338258 0.000146813
  261 260.5 0.33754 0.000146502
  262 261.5 0.343062 0.000148898
  263 262.5 0.348414 0.000151221
  264 263.5 0.343818 0.000149227
  265 264.5 0.345702 0.000150044
  266 265.5 0.349406 0.000151652
  267 266.5 0.3463 0.000150304
  268 267.5 0.345248 0.000149847
  269 268.5 0.340704 0.000147875
  270 269.5 0.340172 0.000147644
  271 270.5 0.341006 0.000148006
  272 271.5 0.347684 0.000150905
  273 272.5 0.352322 0.000152918
  274 273.5 0.355862 0.000154454
  275 274.5 0.353786 0.000153553
  276 275.5 0.361126 0.000156739
  277 276.5 0.361672 0.000156976
  278 277.5 0.371234 0.000161126
  279 278.5 0.360482 0.000156459
  280 279.5 0.354944 0.000154056
  281 280.5 0.349674 0.000151768
  282 281.5 0.338364 0.000146859
  283 282.5 0.32517 0.000141133
  284 283.5 0.323054 0.000140214
  285 284.5 0.313164 0.000135922
  286 285.5 0.304792 0.000132288
  287 286.5 0.3073 0.000133377
  288 287.5 0.310256 0.00013466
  289 288.5 0.302444 0.000131269
  290 289.5 0.306862 0.000133187
  291 290.5 0.3144 0.000136458
  292 291.5 0.307404 0.000133422
  293 292.5 0.298228 0.000129439
  294 293.5 0.306906 0.000133206
  295 294.5 0.30973 0.000134431
  296 295.5 0.31025 0.000134657
  297 296.5 0.320918 0.000139287
  298 297.5 0.327434 0.000142115
  299 298.5 0.32983 0.000143155
  300 299.5 0.330036 0.000143245
  301 300.5 0.33223 0.000144197
  302 301.5 0.340514 0.000147793
  303 302.5 0.346638 0.000150451
  304 303.5 0.338376 0.000146865
  305 304.5 0.334316 0.000145102
  306 305.5 0.332468 0.0001443
  307 306.5 0.328528 0.00014259
  308 307.5 0.328272 0.000142479
  309 308.5 0.335796 0.000145745
  310 309.5 0.333632 0.000144806
  311 310.5 0.335338 0.000145546
  312 311.5 0.33418 0.000145043
  313 312.5 0.33368 0.000144826
  314 313.5 0.327766 0.00014226
  315 314.5 0.328714 0.000142671
  316 315.5 0.332008 0.000144101
  317 316.5 0.329732 0.000143113
  318 317.5 0.322514 0.00013998
  319 318.5 0.32388 0.000140573
  320 319.5 0.3279 0.000142318
  321 320.5 0.339108 0.000147182
  322 321.5 0.334144 0.000145028
  323 322.5 0.332112 0.000144146
  324 323.5 0.320526 0.000139117
  325 324.5 0.321304 0.000139455
  326 325.5 0.319294 0.000138582
  327 326.5 0.31486 0.000136658
  328 327.5 0.317432 0.000137774
  329 328.5 0.317034 0.000137602
  330 329.5 0.310554 0.000134789
  331 330.5 0.308002 0.000133681
  332 331.5 0.309972 0.000134536
  333 332.5 0.312768 0.00013575
  334 333.5 0.318666 0.00013831
  335 334.5 0.320998 0.000139322
  336 335.5 0.324244 0.000140731
  337 336.5 0.313372 0.000136012
  338 337.5 0.321538 0.000139556
  339 338.5 0.330576 0.000143479
  340 339.5 0.33351 0.000144753
  341 340.5 0.337846 0.000146635
  342 341.5 0.336752 0.00014616
  343 342.5 0.342738 0.000148758
  344 343.5 0.35235 0.00015293
  345 344.5 0.362954 0.000157532
  346 345.5 0.365988 0.000158849
  347 346.5 0.37371 0.000162201
  348 347.5 0.371924 0.000161425
  349 348.5 0.37375 0.000162218
  350 349.5 0.371612 0.00016129
  351 350.5 0.373366 0.000162051
  352 351.5 0.365542 0.000158655
  353 352.5 0.354518 0.000153871
  354 353.5 0.34765 0.00015089
  355 354.5 0.345754 0.000150067
  356 355.5 0.341814 0.000148357
  357 356.5 0.339952 0.000147549
  358 357.5 0.33564 0.000145677
  359 358.5 0.341998 0.000148437
  360 359.5 0.349012 0.000151481
  361 360.5 0.346888 0.000150559
  362 361.5 0.350782 0.000152249
  363 362.5 0.350516 0.000152134
  364 363.5 0.347306 0.00015074
  365 364.5 0.341154 0.00014807
  366 365.5 0.331048 0.000143684
  367 366.5 0.32153 0.000139553
  368 367.5 0.310204 0.000134637
  369 368.5 0.314842 0.00013665
  370 369.5 0.31889 0.000138407
  371 370.5 0.321316 0.00013946
  372 371.5 0.32676 0.000141823
  373 372.5 0.336894 0.000146221
  374 373.5 0.340148 0.000147634
  375 374.5 0.344092 0.000149345
  376 375.5 0.3511 0.000152387
  377 376.5 0.346872 0.000150552
  378 377.5 0.356638 0.000154791
  379 378.5 0.382218 0.000165893
  380 379.5 0.407196 0.000176734
  381 380.5 0.442526 0.000192069
  382 381.5 0.499532 0.000216811
  383 382.5 0.619856 0.000269035
  384 383.5 0.844094 0.00036636
  385 384.5 1.24838 0.000541832
  386 385.5 2.00701 0.000871097
  387 386.5 3.39254 0.00147246
  388 387.5 5.63454 0.00244555
  389 388.5 8.9556 0.00388698
  390 389.5 13.1425 0.00570422
  391 390.5 17.7929 0.00772261
  392 391.5 22.1932 0.00963248
  393 392.5 25.8789 0.0112322
  394 393.5 28.5689 0.0123997
  395 394.5 30.3064 0.0131538
  396 395.5 31.4081 0.013632
  397 396.5 32.0368 0.0139049
  398 397.5 32.4016 0.0140632
  399 398.5 32.6213 0.0141585
  400 399.5 32.7953 0.0142341
  401 400.5 32.8822 0.0142718
  402 401.5 32.9127 0.014285
  403 402.5 32.9557 0.0143037
  404 403.5 32.9758 0.0143124
  405 404.5 33.0192 0.0143313
  406 405.5 33.0258 0.0143341
  407 406.5 33.0087 0.0143267
  408 407.5 33.0391 0.0143399
  409 408.5 33.0815 0.0143583
  410 409.5 33.0161 0.0143299
  411 410.5 33.0354 0.0143383
  412 411.5 33.0746 0.0143553
  413 412.5 33.0783 0.0143569
  414 413.5 33.0346 0.0143379
  415 414.5 33.071 0.0143537
  416 415.5 33.1071 0.0143694
  417 416.5 33.0392 0.0143399
  418 417.5 33.0688 0.0143528
  419 418.5 33.1245 0.0143769
  420 419.5 33.1007 0.0143666
  421 420.5 33.0761 0.014356
  422 421.5 33.0523 0.0143456
  423 422.5 33.1639 0.0143941
  424 423.5 33.0791 0.0143573
  425 424.5 33.0539 0.0143463
  426 425.5 33.1271 0.0143781
  427 426.5 33.1408 0.014384
  428 427.5 33.0641 0.0143507
  429 428.5 33.1129 0.0143719
  430 429.5 33.1386 0.0143831
  431 430.5 33.1065 0.0143691
  432 431.5 33.1005 0.0143665
  433 432.5 33.1143 0.0143725
  434 433.5 33.1023 0.0143673
  435 434.5 33.1032 0.0143677
  436 435.5 33.1128 0.0143719
  437 436.5 33.081 0.0143581
  438 437.5 33.1127 0.0143718
  439 438.5 33.0996 0.0143661
  440 439.5 33.0979 0.0143654
  441 440.5 33.0953 0.0143643
  442 441.5 33.1257 0.0143775
  443 442.5 33.1092 0.0143703
  444 443.5 33.1219 0.0143758
  445 444.5 33.1055 0.0143687
  446 445.5 33.1364 0.0143821
  447 446.5 33.0887 0.0143614
  448 447.5 33.1292 0.014379
  449 448.5 33.1359 0.0143819
  450 449.5 33.1527 0.0143892
  451 450.5 33.1206 0.0143752
  452 451.5 33.1616 0.0143931
  453 452.5 33.1359 0.0143819
  454 453.5 33.1292 0.014379
  455 454.5 33.1478 0.014387
  456 455.5 33.1228 0.0143762
  457 456.5 33.1297 0.0143792
  458 457.5 33.1332 0.0143807
  459 458.5 33.1428 0.0143849
  460 459.5 33.1324 0.0143804
  461 460.5 33.1548 0.0143901
  462 461.5 33.1423 0.0143847
  463 462.5 33.1402 0.0143838
  464 463.5 33.1293 0.0143791
  465 464.5 33.1327 0.0143805
  466 465.5 33.1221 0.0143759
  467 466.5 33.105 0.0143685
  468 467.5 33.1212 0.0143755
  469 468.5 33.0855 0.01436
  470 469.5 33.1205 0.0143752
  471 470.5 33.0853 0.01436
  472 471.5 33.0906 0.0143623
  473 472.5 33.1178 0.014374
  474 473.5 33.087 0.0143607
  475 474.5 33.1064 0.0143691
  476 475.5 33.1105 0.0143709
  477 476.5 33.1005 0.0143666
  478 477.5 33.0805 0.0143578
  479 478.5 33.1053 0.0143686
  480 479.5 33.0785 0.014357
