# Chunk-averaged data for fix tensor2 and group c1
# Timestep Number-of-chunks Total-count
# Chunk Coord1 Ncount density/number
20000000 480 5248.999999999999
  1 0.5 29.4925 0.0128005
  2 1.5 29.4774 0.012794
  3 2.5 29.4629 0.0127877
  4 3.5 29.4928 0.0128007
  5 4.5 29.4979 0.0128029
  6 5.5 29.4761 0.0127935
  7 6.5 29.4619 0.0127873
  8 7.5 29.4966 0.0128024
  9 8.5 29.4808 0.0127955
  10 9.5 29.5159 0.0128107
  11 10.5 29.5019 0.0128046
  12 11.5 29.4958 0.012802
  13 12.5 29.4986 0.0128032
  14 13.5 29.5452 0.0128234
  15 14.5 29.5472 0.0128243
  16 15.5 29.5332 0.0128182
  17 16.5 29.5424 0.0128222
  18 17.5 29.5325 0.0128179
  19 18.5 29.5442 0.012823
  20 19.5 29.5094 0.0128079
  21 20.5 29.5051 0.012806
  22 21.5 29.48 0.0127951
  23 22.5 29.5068 0.0128068
  24 23.5 29.4702 0.0127909
  25 24.5 29.4642 0.0127883
  26 25.5 29.4487 0.0127815
  27 26.5 29.445 0.0127799
  28 27.5 29.4776 0.0127941
  29 28.5 29.4493 0.0127818
  30 29.5 29.4239 0.0127708
  31 30.5 29.4517 0.0127829
  32 31.5 29.4539 0.0127838
  33 32.5 29.475 0.012793
  34 33.5 29.4516 0.0127828
  35 34.5 29.4457 0.0127802
  36 35.5 29.4511 0.0127826
  37 36.5 29.4812 0.0127957
  38 37.5 29.4752 0.012793
  39 38.5 29.4661 0.0127891
  40 39.5 29.5057 0.0128063
  41 40.5 29.5217 0.0128132
  42 41.5 29.5532 0.0128269
  43 42.5 29.536 0.0128194
  44 43.5 29.5472 0.0128243
  45 44.5 29.5458 0.0128237
  46 45.5 29.5541 0.0128273
  47 46.5 29.5445 0.0128231
  48 47.5 29.5453 0.0128235
  49 48.5 29.5539 0.0128272
  50 49.5 29.5606 0.0128301
  51 50.5 29.5334 0.0128183
  52 51.5 29.5405 0.0128214
  53 52.5 29.5397 0.0128211
  54 53.5 29.4786 0.0127945
  55 54.5 29.4371 0.0127765
  56 55.5 29.4482 0.0127813
  57 56.5 29.3535 0.0127402
  58 57.5 29.2934 0.0127142
  59 58.5 29.2551 0.0126975
  60 59.5 29.1198 0.0126388
  61 60.5 28.958 0.0125686
  62 61.5 28.7793 0.012491
  63 62.5 28.5525 0.0123926
  64 63.5 28.1793 0.0122306
  65 64.5 27.7615 0.0120493
  66 65.5 27.1751 0.0117947
  67 66.5 26.4856 0.0114955
  68 67.5 25.6474 0.0111317
  69 68.5 24.5528 0.0106566
  70 69.5 23.2009 0.0100698
  71 70.5 21.6468 0.00939532
  72 71.5 19.9059 0.00863973
  73 72.5 17.8524 0.00774846
  74 73.5 15.725 0.00682508
  75 74.5 13.5552 0.00588335
  76 75.5 11.4024 0.00494894
  77 76.5 9.35417 0.00405997
  78 77.5 7.54734 0.00327575
  79 78.5 6.02097 0.00261327
  80 79.5 4.76493 0.00206811
  81 80.5 3.77865 0.00164004
  82 81.5 3.01439 0.00130833
  83 82.5 2.45398 0.00106509
  84 83.5 2.05275 0.000890949
  85 84.5 1.76405 0.000765648
  86 85.5 1.55385 0.000674416
  87 86.5 1.41175 0.00061274
  88 87.5 1.31876 0.00057238
  89 88.5 1.26401 0.000548614
  90 89.5 1.21841 0.000528822
  91 90.5 1.18547 0.000514527
  92 91.5 1.15578 0.000501641
  93 92.5 1.14163 0.000495497
  94 93.5 1.12689 0.000489101
  95 94.5 1.11982 0.000486033
  96 95.5 1.11838 0.000485409
  97 96.5 1.11169 0.000482503
  98 97.5 1.11095 0.000482181
  99 98.5 1.1135 0.000483288
  100 99.5 1.11801 0.000485248
  101 100.5 1.12076 0.000486441
  102 101.5 1.10601 0.00048004
  103 102.5 1.10903 0.000481352
  104 103.5 1.11207 0.000482671
  105 104.5 1.10883 0.000481263
  106 105.5 1.10118 0.000477944
  107 106.5 1.10269 0.000478596
  108 107.5 1.09608 0.000475729
  109 108.5 1.10243 0.000478484
  110 109.5 1.09919 0.000477079
  111 110.5 1.10817 0.000480978
  112 111.5 1.09736 0.000476285
  113 112.5 1.10022 0.000477527
  114 113.5 1.10747 0.000480671
  115 114.5 1.10918 0.000481417
  116 115.5 1.10559 0.000479857
  117 116.5 1.10052 0.000477658
  118 117.5 1.09557 0.000475509
  119 118.5 1.10107 0.000477897
  120 119.5 1.1014 0.000478036
  121 120.5 1.10457 0.000479415
  122 121.5 1.11433 0.000483649
  123 122.5 1.11272 0.000482951
  124 123.5 1.11786 0.000485183
  125 124.5 1.11808 0.000485278
  126 125.5 1.12193 0.000486949
  127 126.5 1.11797 0.00048523
  128 127.5 1.11769 0.000485109
  129 128.5 1.11153 0.000482434
  130 129.5 1.11421 0.000483599
  131 130.5 1.1153 0.00048407
  132 131.5 1.11235 0.000482789
  133 132.5 1.10666 0.000480322
  134 133.5 1.1095 0.000481556
  135 134.5 1.10672 0.000480347
  136 135.5 1.11105 0.000482225
  137 136.5 1.10509 0.00047964
  138 137.5 1.09776 0.000476457
  139 138.5 1.10256 0.000478542
  140 139.5 1.10047 0.000477634
  141 140.5 1.10625 0.000480145
  142 141.5 1.10103 0.000477879
  143 142.5 1.10243 0.000478484
  144 143.5 1.09783 0.00047649
  145 144.5 1.09481 0.000475179
  146 145.5 1.10149 0.000478078
  147 146.5 1.10422 0.000479263
  148 147.5 1.10447 0.000479372
  149 148.5 1.09847 0.000476768
  150 149.5 1.09482 0.000475182
  151 150.5 1.10016 0.0004775
  152 151.5 1.1042 0.000479253
  153 152.5 1.10057 0.000477679
  154 153.5 1.09303 0.000474407
  155 154.5 1.09494 0.000475234
  156 155.5 1.10921 0.00048143
  157 156.5 1.10934 0.000481485
  158 157.5 1.10647 0.00048024
  159 158.5 1.10576 0.000479931
  160 159.5 1.10417 0.000479242
  161 160.5 1.10688 0.000480416
  162 161.5 1.10938 0.000481503
  163 162.5 1.10389 0.000479117
  164 163.5 1.10011 0.000477478
  165 164.5 1.10729 0.000480596
  166 165.5 1.10685 0.000480404
  167 166.5 1.1086 0.000481162
  168 167.5 1.10286 0.000478674
  169 168.5 1.11111 0.000482253
  170 169.5 1.10387 0.000479109
  171 170.5 1.09912 0.000477048
  172 171.5 1.10567 0.000479892
  173 172.5 1.10004 0.000477447
  174 173.5 1.10534 0.000479749
  175 174.5 1.1053 0.000479732
  176 175.5 1.10285 0.000478667
  177 176.5 1.09656 0.000475938
  178 177.5 1.0982 0.00047665
  179 178.5 1.1038 0.000479082
  180 179.5 1.10396 0.000479148
  181 180.5 1.10177 0.000478198
  182 181.5 1.10348 0.000478943
  183 182.5 1.0982 0.000476648
  184 183.5 1.10138 0.000478028
  185 184.5 1.10164 0.000478144
  186 185.5 1.10162 0.000478135
  187 186.5 1.10277 0.000478632
  188 187.5 1.10303 0.000478746
  189 188.5 1.10043 0.000477618
  190 189.5 1.09874 0.000476885
  191 190.5 1.09733 0.000476273
  192 191.5 1.10204 0.000478318
  193 192.5 1.10367 0.000479023
  194 193.5 1.10636 0.00048019
  195 194.5 1.10505 0.000479621
  196 195.5 1.11046 0.000481971
  197 196.5 1.10811 0.000480951
  198 197.5 1.11105 0.000482227
  199 198.5 1.11274 0.000482962
  200 199.5 1.11717 0.000484881
  201 200.5 1.11487 0.000483885
  202 201.5 1.11643 0.00048456
  203 202.5 1.11163 0.000482478
  204 203.5 1.10849 0.000481115
  205 204.5 1.12278 0.000487319
  206 205.5 1.127 0.00048915
  207 206.5 1.12562 0.000488551
  208 207.5 1.12113 0.000486602
  209 208.5 1.13152 0.000491109
  210 209.5 1.144 0.00049653
  211 210.5 1.15641 0.000501913
  212 211.5 1.18066 0.000512439
  213 212.5 1.20707 0.0005239
  214 213.5 1.25333 0.000543979
  215 214.5 1.3041 0.000566016
  216 215.5 1.38431 0.000600827
  217 216.5 1.48286 0.000643603
  218 217.5 1.63156 0.000708142
  219 218.5 1.83371 0.000795881
  220 219.5 2.10331 0.000912896
  221 220.5 2.47187 0.00107286
  222 221.5 2.95015 0.00128045
  223 222.5 3.5469 0.00153945
  224 223.5 4.25555 0.00184703
  225 224.5 5.03201 0.00218403
  226 225.5 5.80048 0.00251757
  227 226.5 6.49886 0.00282069
  228 227.5 7.05533 0.00306221
  229 228.5 7.31286 0.00317399
  230 229.5 7.29119 0.00316458
  231 230.5 6.9724 0.00302621
  232 231.5 6.42 0.00278646
  233 232.5 5.75761 0.00249896
  234 233.5 5.00515 0.00217237
  235 234.5 4.28372 0.00185925
  236 235.5 3.64639 0.00158263
  237 236.5 3.10834 0.0013491
  238 237.5 2.68026 0.00116331
  239 238.5 2.354 0.0010217
  240 239.5 2.11558 0.000918221
  241 240.5 1.92499 0.0008355
  242 241.5 1.79695 0.000779924
  243 242.5 1.70202 0.000738723
  244 243.5 1.63754 0.000710736
  245 244.5 1.58685 0.000688736
  246 245.5 1.54276 0.0006696
  247 246.5 1.51346 0.000656883
  248 247.5 1.49151 0.000647359
  249 248.5 1.48351 0.000643883
  250 249.5 1.46856 0.000637396
  251 250.5 1.45532 0.000631649
  252 251.5 1.45915 0.000633312
  253 252.5 1.4535 0.000630859
  254 253.5 1.45327 0.00063076
  255 254.5 1.46015 0.000633747
  256 255.5 1.45745 0.000632572
  257 256.5 1.45371 0.000630949
  258 257.5 1.44639 0.000627775
  259 258.5 1.43765 0.00062398
  260 259.5 1.4587 0.000633116
  261 260.5 1.4633 0.000635115
  262 261.5 1.45602 0.000631952
  263 262.5 1.45773 0.000632695
  264 263.5 1.45006 0.000629366
  265 264.5 1.44941 0.000629084
  266 265.5 1.44653 0.000627836
  267 266.5 1.43077 0.000620992
  268 267.5 1.43893 0.000624535
  269 268.5 1.44473 0.000627051
  270 269.5 1.44984 0.00062927
  271 270.5 1.45084 0.000629704
  272 271.5 1.45228 0.00063033
  273 272.5 1.44424 0.000626839
  274 273.5 1.44965 0.000629189
  275 274.5 1.4547 0.000631382
  276 275.5 1.45395 0.000631054
  277 276.5 1.4434 0.000626476
  278 277.5 1.42923 0.000620326
  279 278.5 1.42347 0.000617825
  280 279.5 1.41966 0.000616174
  281 280.5 1.40683 0.000610602
  282 281.5 1.41043 0.000612167
  283 282.5 1.41739 0.000615188
  284 283.5 1.42554 0.000618724
  285 284.5 1.41764 0.000615294
  286 285.5 1.416 0.000614582
  287 286.5 1.41001 0.000611982
  288 287.5 1.40806 0.000611136
  289 288.5 1.4175 0.000615236
  290 289.5 1.41197 0.000612836
  291 290.5 1.39966 0.000607491
  292 291.5 1.39218 0.000604243
  293 292.5 1.38304 0.000600277
  294 293.5 1.40284 0.000608873
  295 294.5 1.41878 0.000615791
  296 295.5 1.41482 0.000614073
  297 296.5 1.40631 0.000610378
  298 297.5 1.41115 0.00061248
  299 298.5 1.40928 0.000611668
  300 299.5 1.40401 0.000609378
  301 300.5 1.40042 0.000607821
  302 301.5 1.39497 0.000605457
  303 302.5 1.39522 0.000605564
  304 303.5 1.40027 0.000607757
  305 304.5 1.39505 0.000605491
  306 305.5 1.38181 0.000599742
  307 306.5 1.37802 0.000598101
  308 307.5 1.38155 0.000599632
  309 308.5 1.37918 0.000598604
  310 309.5 1.36816 0.000593819
  311 310.5 1.36282 0.000591501
  312 311.5 1.35909 0.000589885
  313 312.5 1.35906 0.000589872
  314 313.5 1.35613 0.0005886
  315 314.5 1.3521 0.000586848
  316 315.5 1.36458 0.000592264
  317 316.5 1.3708 0.000594964
  318 317.5 1.35875 0.000589734
  319 318.5 1.35918 0.000589924
  320 319.5 1.35748 0.000589185
  321 320.5 1.36573 0.000592764
  322 321.5 1.3733 0.00059605
  323 322.5 1.37668 0.000597517
  324 323.5 1.37257 0.000595733
  325 324.5 1.38061 0.000599223
  326 325.5 1.38543 0.000601317
  327 326.5 1.38974 0.000603184
  328 327.5 1.39412 0.000605087
  329 328.5 1.40364 0.00060922
  330 329.5 1.40905 0.000611565
  331 330.5 1.41656 0.000614828
  332 331.5 1.41487 0.000614092
  333 332.5 1.41619 0.000614666
  334 333.5 1.41533 0.000614293
  335 334.5 1.41187 0.000612792
  336 335.5 1.39833 0.000606913
  337 336.5 1.37776 0.000597987
  338 337.5 1.3757 0.00059709
  339 338.5 1.37139 0.000595223
  340 339.5 1.37101 0.000595055
  341 340.5 1.35876 0.000589741
  342 341.5 1.35412 0.000587727
  343 342.5 1.33878 0.000581068
  344 343.5 1.32304 0.000574234
  345 344.5 1.31901 0.000572487
  346 345.5 1.32343 0.000574406
  347 346.5 1.33038 0.000577424
  348 347.5 1.34257 0.000582714
  349 348.5 1.34119 0.000582112
  350 349.5 1.32611 0.000575568
  351 350.5 1.32916 0.000576892
  352 351.5 1.33114 0.000577753
  353 352.5 1.34076 0.000581925
  354 353.5 1.36584 0.000592813
  355 354.5 1.38368 0.000600556
  356 355.5 1.39669 0.000606203
  357 356.5 1.40394 0.000609348
  358 357.5 1.42618 0.000619003
  359 358.5 1.42892 0.000620192
  360 359.5 1.426 0.000618925
  361 360.5 1.4213 0.000616885
  362 361.5 1.4278 0.000619704
  363 362.5 1.43111 0.000621143
  364 363.5 1.43815 0.000624196
  365 364.5 1.44635 0.000627758
  366 365.5 1.4461 0.000627648
  367 366.5 1.45161 0.000630037
  368 367.5 1.45573 0.000631826
  369 368.5 1.45856 0.000633055
  370 369.5 1.45945 0.00063344
  371 370.5 1.47011 0.000638069
  372 371.5 1.47504 0.000640209
  373 372.5 1.47546 0.000640392
  374 373.5 1.49209 0.00064761
  375 374.5 1.51816 0.000658922
  376 375.5 1.54288 0.000669652
  377 376.5 1.56906 0.000681017
  378 377.5 1.6169 0.000701781
  379 378.5 1.67085 0.000725194
  380 379.5 1.75771 0.000762893
  381 380.5 1.89103 0.000820758
  382 381.5 2.06587 0.000896643
  383 382.5 2.31065 0.00100289
  384 383.5 2.68948 0.00116731
  385 384.5 3.22308 0.00139891
  386 385.5 3.9266 0.00170426
  387 386.5 4.89763 0.00212571
  388 387.5 6.19801 0.00269011
  389 388.5 7.76539 0.0033704
  390 389.5 9.71743 0.00421764
  391 390.5 11.9079 0.00516835
  392 391.5 14.2266 0.00617475
  393 392.5 16.6255 0.00721592
  394 393.5 18.9729 0.00823475
  395 394.5 21.0868 0.00915224
  396 395.5 22.9076 0.00994256
  397 396.5 24.4332 0.0106047
  398 397.5 25.6614 0.0111378
  399 398.5 26.6448 0.0115646
  400 399.5 27.409 0.0118963
  401 400.5 27.9649 0.0121375
  402 401.5 28.3684 0.0123127
  403 402.5 28.6937 0.0124539
  404 403.5 28.9569 0.0125681
  405 404.5 29.1151 0.0126368
  406 405.5 29.2328 0.0126878
  407 406.5 29.3836 0.0127533
  408 407.5 29.464 0.0127882
  409 408.5 29.4698 0.0127907
  410 409.5 29.54 0.0128212
  411 410.5 29.5859 0.0128411
  412 411.5 29.6117 0.0128523
  413 412.5 29.6559 0.0128715
  414 413.5 29.6596 0.0128731
  415 414.5 29.6921 0.0128872
  416 415.5 29.6782 0.0128812
  417 416.5 29.6698 0.0128775
  418 417.5 29.7025 0.0128917
  419 418.5 29.7338 0.0129053
  420 419.5 29.7341 0.0129054
  421 420.5 29.716 0.0128976
  422 421.5 29.7506 0.0129126
  423 422.5 29.7401 0.012908
  424 423.5 29.7536 0.0129139
  425 424.5 29.7468 0.012911
  426 425.5 29.7322 0.0129046
  427 426.5 29.761 0.0129171
  428 427.5 29.7445 0.0129099
  429 428.5 29.7327 0.0129048
  430 429.5 29.7105 0.0128952
  431 430.5 29.736 0.0129063
  432 431.5 29.7271 0.0129024
  433 432.5 29.7275 0.0129026
  434 433.5 29.7379 0.0129071
  435 434.5 29.7674 0.0129199
  436 435.5 29.7735 0.0129225
  437 436.5 29.7465 0.0129108
  438 437.5 29.7468 0.0129109
  439 438.5 29.7584 0.012916
  440 439.5 29.7632 0.0129181
  441 440.5 29.7902 0.0129298
  442 441.5 29.7254 0.0129017
  443 442.5 29.7202 0.0128994
  444 443.5 29.756 0.0129149
  445 444.5 29.7515 0.012913
  446 445.5 29.7007 0.0128909
  447 446.5 29.7229 0.0129005
  448 447.5 29.735 0.0129058
  449 448.5 29.6861 0.0128846
  450 449.5 29.7031 0.012892
  451 450.5 29.6832 0.0128833
  452 451.5 29.7271 0.0129024
  453 452.5 29.6668 0.0128762
  454 453.5 29.6777 0.012881
  455 454.5 29.6765 0.0128804
  456 455.5 29.6858 0.0128845
  457 456.5 29.629 0.0128598
  458 457.5 29.5853 0.0128409
  459 458.5 29.6452 0.0128668
  460 459.5 29.6458 0.0128671
  461 460.5 29.6009 0.0128476
  462 461.5 29.5891 0.0128425
  463 462.5 29.6068 0.0128502
  464 463.5 29.5711 0.0128347
  465 464.5 29.5556 0.0128279
  466 465.5 29.5364 0.0128196
  467 466.5 29.5497 0.0128254
  468 467.5 29.5232 0.0128139
  469 468.5 29.5543 0.0128274
  470 469.5 29.5424 0.0128222
  471 470.5 29.524 0.0128142
  472 471.5 29.558 0.012829
  473 472.5 29.5087 0.0128076
  474 473.5 29.5191 0.0128121
  475 474.5 29.4923 0.0128005
  476 475.5 29.4707 0.0127911
  477 476.5 29.4771 0.0127939
  478 477.5 29.4559 0.0127847
  479 478.5 29.4375 0.0127767
  480 479.5 29.4635 0.012788
30000000 480 5248.999999999999
  1 0.5 29.9841 0.0130139
  2 1.5 29.9808 0.0130125
  3 2.5 29.9761 0.0130105
  4 3.5 29.9813 0.0130127
  5 4.5 29.9616 0.0130042
  6 5.5 29.9844 0.013014
  7 6.5 29.9917 0.0130172
  8 7.5 30.0065 0.0130236
  9 8.5 29.967 0.0130065
  10 9.5 29.9891 0.0130161
  11 10.5 29.9956 0.0130189
  12 11.5 29.9627 0.0130046
  13 12.5 29.9432 0.0129962
  14 13.5 29.9334 0.0129919
  15 14.5 29.9685 0.0130072
  16 15.5 29.918 0.0129853
  17 16.5 29.9402 0.0129949
  18 17.5 29.9443 0.0129967
  19 18.5 29.9553 0.0130014
  20 19.5 29.914 0.0129835
  21 20.5 29.9123 0.0129828
  22 21.5 29.9107 0.0129821
  23 22.5 29.9146 0.0129838
  24 23.5 29.8861 0.0129714
  25 24.5 29.9099 0.0129817
  26 25.5 29.8886 0.0129725
  27 26.5 29.8656 0.0129625
  28 27.5 29.8251 0.0129449
  29 28.5 29.8593 0.0129598
  30 29.5 29.8735 0.0129659
  31 30.5 29.8206 0.012943
  32 31.5 29.8565 0.0129586
  33 32.5 29.8484 0.012955
  34 33.5 29.8569 0.0129587
  35 34.5 29.8263 0.0129454
  36 35.5 29.8632 0.0129615
  37 36.5 29.8466 0.0129543
  38 37.5 29.8806 0.012969
  39 38.5 29.8517 0.0129565
  40 39.5 29.859 0.0129596
  41 40.5 29.8897 0.0129729
  42 41.5 29.9217 0.0129868
  43 42.5 29.8885 0.0129725
  44 43.5 29.865 0.0129622
  45 44.5 29.9015 0.0129781
  46 45.5 29.8955 0.0129755
  47 46.5 29.9246 0.0129881
  48 47.5 29.8995 0.0129772
  49 48.5 29.8668 0.012963
  50 49.5 29.879 0.0129683
  51 50.5 29.8832 0.0129702
  52 51.5 29.8138 0.01294
  53 52.5 29.8154 0.0129407
  54 53.5 29.8068 0.012937
  55 54.5 29.7865 0.0129282
  56 55.5 29.7212 0.0128998
  57 56.5 29.7035 0.0128922
  58 57.5 29.683 0.0128833
  59 58.5 29.582 0.0128394
  60 59.5 29.5352 0.0128191
  61 60.5 29.3906 0.0127564
  62 61.5 29.3196 0.0127255
  63 62.5 29.1334 0.0126447
  64 63.5 28.903 0.0125447
  65 64.5 28.6589 0.0124388
  66 65.5 28.2771 0.012273
  67 66.5 27.7768 0.0120559
  68 67.5 27.1838 0.0117985
  69 68.5 26.4029 0.0114596
  70 69.5 25.4177 0.011032
  71 70.5 24.1961 0.0105018
  72 71.5 22.7651 0.0098807
  73 72.5 21.0007 0.00911491
  74 73.5 18.993 0.0082435
  75 74.5 16.8393 0.00730871
  76 75.5 14.5665 0.00632228
  77 76.5 12.2533 0.00531827
  78 77.5 10.0839 0.00437668
  79 78.5 8.11039 0.00352014
  80 79.5 6.43208 0.0027917
  81 80.5 5.05479 0.00219392
  82 81.5 3.95725 0.00171756
  83 82.5 3.12631 0.00135691
  84 83.5 2.51861 0.00109315
  85 84.5 2.08811 0.000906296
  86 85.5 1.78573 0.000775057
  87 86.5 1.56615 0.000679753
  88 87.5 1.42691 0.00061932
  89 88.5 1.31837 0.000572208
  90 89.5 1.24781 0.000541586
  91 90.5 1.19396 0.000518211
  92 91.5 1.16007 0.000503503
  93 92.5 1.1384 0.000494098
  94 93.5 1.11859 0.000485497
  95 94.5 1.09978 0.000477333
  96 95.5 1.0974 0.000476301
  97 96.5 1.09023 0.000473192
  98 97.5 1.09477 0.000475161
  99 98.5 1.09568 0.000475554
  100 99.5 1.09039 0.000473258
  101 100.5 1.09173 0.000473843
  102 101.5 1.09316 0.000474463
  103 102.5 1.09169 0.000473823
  104 103.5 1.08506 0.000470948
  105 104.5 1.08502 0.000470927
  106 105.5 1.08615 0.000471419
  107 106.5 1.08392 0.000470451
  108 107.5 1.08261 0.000469881
  109 108.5 1.08026 0.000468863
  110 109.5 1.08362 0.000470323
  111 110.5 1.08892 0.000472623
  112 111.5 1.08748 0.000471997
  113 112.5 1.08161 0.000469448
  114 113.5 1.08343 0.000470237
  115 114.5 1.08281 0.000469971
  116 115.5 1.07917 0.000468388
  117 116.5 1.08457 0.000470735
  118 117.5 1.09079 0.000473435
  119 118.5 1.09287 0.000474338
  120 119.5 1.09594 0.000475669
  121 120.5 1.08554 0.000471154
  122 121.5 1.08433 0.000470628
  123 122.5 1.08292 0.000470019
  124 123.5 1.08267 0.000469907
  125 124.5 1.08213 0.000469673
  126 125.5 1.08236 0.000469773
  127 126.5 1.08617 0.000471428
  128 127.5 1.08289 0.000470003
  129 128.5 1.07706 0.000467472
  130 129.5 1.07591 0.000466976
  131 130.5 1.08176 0.000469513
  132 131.5 1.0853 0.000471051
  133 132.5 1.09063 0.000473365
  134 133.5 1.0831 0.000470097
  135 134.5 1.08987 0.000473033
  136 135.5 1.10028 0.000477551
  137 136.5 1.09037 0.000473252
  138 137.5 1.09253 0.00047419
  139 138.5 1.08898 0.000472647
  140 139.5 1.08318 0.00047013
  141 140.5 1.08507 0.000470951
  142 141.5 1.08867 0.000472511
  143 142.5 1.08772 0.000472102
  144 143.5 1.08285 0.000469987
  145 144.5 1.08726 0.000471902
  146 145.5 1.08312 0.000470104
  147 146.5 1.09676 0.000476025
  148 147.5 1.09129 0.00047365
  149 148.5 1.09222 0.000474054
  150 149.5 1.08306 0.000470077
  151 150.5 1.08823 0.00047232
  152 151.5 1.08722 0.000471885
  153 152.5 1.094 0.000474825
  154 153.5 1.0858 0.000471268
  155 154.5 1.08563 0.000471193
  156 155.5 1.09108 0.000473558
  157 156.5 1.09478 0.000475166
  158 157.5 1.08897 0.000472645
  159 158.5 1.09503 0.000475273
  160 159.5 1.08658 0.000471606
  161 160.5 1.0838 0.000470401
  162 161.5 1.08427 0.000470605
  163 162.5 1.08272 0.000469929
  164 163.5 1.0845 0.000470703
  165 164.5 1.08791 0.000472182
  166 165.5 1.09278 0.000474299
  167 166.5 1.09882 0.000476918
  168 167.5 1.09413 0.000474884
  169 168.5 1.08156 0.000469429
  170 169.5 1.08245 0.000469815
  171 170.5 1.08671 0.000471662
  172 171.5 1.07484 0.000466511
  173 172.5 1.07638 0.000467178
  174 173.5 1.07688 0.000467398
  175 174.5 1.07925 0.000468425
  176 175.5 1.08493 0.000470891
  177 176.5 1.08647 0.000471558
  178 177.5 1.07858 0.000468135
  179 178.5 1.08151 0.000469405
  180 179.5 1.08433 0.000470628
  181 180.5 1.07077 0.000464742
  182 181.5 1.07835 0.000468035
  183 182.5 1.07432 0.000466283
  184 183.5 1.07306 0.000465737
  185 184.5 1.07576 0.000466911
  186 185.5 1.08168 0.000469481
  187 186.5 1.08241 0.000469795
  188 187.5 1.07683 0.000467376
  189 188.5 1.07637 0.000467175
  190 189.5 1.0717 0.000465148
  191 190.5 1.0753 0.000466711
  192 191.5 1.08228 0.000469741
  193 192.5 1.07614 0.000467075
  194 193.5 1.08387 0.000470431
  195 194.5 1.08218 0.000469697
  196 195.5 1.08297 0.000470038
  197 196.5 1.07753 0.000467676
  198 197.5 1.06717 0.00046318
  199 198.5 1.06725 0.000463216
  200 199.5 1.07439 0.000466313
  201 200.5 1.06731 0.000463243
  202 201.5 1.07286 0.000465649
  203 202.5 1.0781 0.000467924
  204 203.5 1.07967 0.000468607
  205 204.5 1.08315 0.000470115
  206 205.5 1.07627 0.000467133
  207 206.5 1.08116 0.000469255
  208 207.5 1.08268 0.000469912
  209 208.5 1.08255 0.000469859
  210 209.5 1.08476 0.000470816
  211 210.5 1.08847 0.000472427
  212 211.5 1.09699 0.000476122
  213 212.5 1.10762 0.000480736
  214 213.5 1.12707 0.00048918
  215 214.5 1.15081 0.000499484
  216 215.5 1.18151 0.000512807
  217 216.5 1.23438 0.000535757
  218 217.5 1.30203 0.000565119
  219 218.5 1.40165 0.000608354
  220 219.5 1.53836 0.000667692
  221 220.5 1.71893 0.000746062
  222 221.5 1.97721 0.000858163
  223 222.5 2.33244 0.00101234
  224 223.5 2.78023 0.0012067
  225 224.5 3.31839 0.00144027
  226 225.5 3.99197 0.00173263
  227 226.5 4.72866 0.00205237
  228 227.5 5.45267 0.00236661
  229 228.5 6.03964 0.00262137
  230 229.5 6.43714 0.0027939
  231 230.5 6.60618 0.00286727
  232 231.5 6.46674 0.00280675
  233 232.5 6.06309 0.00263155
  234 233.5 5.49741 0.00238603
  235 234.5 4.84351 0.00210222
  236 235.5 4.17975 0.00181413
  237 236.5 3.5652 0.0015474
  238 237.5 3.04708 0.00132252
  239 238.5 2.62644 0.00113995
  240 239.5 2.29652 0.000996755
  241 240.5 2.02144 0.000877359
  242 241.5 1.84209 0.000799516
  243 242.5 1.69514 0.000735739
  244 243.5 1.59178 0.000690878
  245 244.5 1.51882 0.000659211
  246 245.5 1.47158 0.000638708
  247 246.5 1.45328 0.000630764
  248 247.5 1.43596 0.000623247
  249 248.5 1.41864 0.000615729
  250 249.5 1.42069 0.000616621
  251 250.5 1.42127 0.000616872
  252 251.5 1.38963 0.000603139
  253 252.5 1.37478 0.000596693
  254 253.5 1.3654 0.000592622
  255 254.5 1.3762 0.000597309
  256 255.5 1.39493 0.000605438
  257 256.5 1.39342 0.000604783
  258 257.5 1.38462 0.000600963
  259 258.5 1.3865 0.00060178
  260 259.5 1.38709 0.000602034
  261 260.5 1.37762 0.000597925
  262 261.5 1.38183 0.000599753
  263 262.5 1.38822 0.000602525
  264 263.5 1.37984 0.000598891
  265 264.5 1.37148 0.000595262
  266 265.5 1.37641 0.000597402
  267 266.5 1.37348 0.000596127
  268 267.5 1.38069 0.000599258
  269 268.5 1.38412 0.000600747
  270 269.5 1.3714 0.000595224
  271 270.5 1.36478 0.000592352
  272 271.5 1.3666 0.000593141
  273 272.5 1.36027 0.000590393
  274 273.5 1.37333 0.000596065
  275 274.5 1.38417 0.000600769
  276 275.5 1.38315 0.000600326
  277 276.5 1.39048 0.000603507
  278 277.5 1.37846 0.000598289
  279 278.5 1.37359 0.000596176
  280 279.5 1.3715 0.000595269
  281 280.5 1.37989 0.000598911
  282 281.5 1.37056 0.00059486
  283 282.5 1.36262 0.000591416
  284 283.5 1.34612 0.000584255
  285 284.5 1.34052 0.000581822
  286 285.5 1.35296 0.00058722
  287 286.5 1.35076 0.000586267
  288 287.5 1.34081 0.000581951
  289 288.5 1.33015 0.000577323
  290 289.5 1.33584 0.000579793
  291 290.5 1.34904 0.000585522
  292 291.5 1.33931 0.000581299
  293 292.5 1.35338 0.000587406
  294 293.5 1.35542 0.000588292
  295 294.5 1.3574 0.000589148
  296 295.5 1.36098 0.000590701
  297 296.5 1.37646 0.000597423
  298 297.5 1.38356 0.000600503
  299 298.5 1.38451 0.000600916
  300 299.5 1.3892 0.000602953
  301 300.5 1.38822 0.000602528
  302 301.5 1.39515 0.000605532
  303 302.5 1.41347 0.000613484
  304 303.5 1.42752 0.000619583
  305 304.5 1.44499 0.000627166
  306 305.5 1.46381 0.000635333
  307 306.5 1.46319 0.000635064
  308 307.5 1.45962 0.000633515
  309 308.5 1.45413 0.000631135
  310 309.5 1.46031 0.000633817
  311 310.5 1.46198 0.00063454
  312 311.5 1.46546 0.000636052
  313 312.5 1.45823 0.000632914
  314 313.5 1.45832 0.000632952
  315 314.5 1.45687 0.00063232
  316 315.5 1.45055 0.000629581
  317 316.5 1.43597 0.000623249
  318 317.5 1.44593 0.000627572
  319 318.5 1.45402 0.000631084
  320 319.5 1.44244 0.000626059
  321 320.5 1.44769 0.000628339
  322 321.5 1.45012 0.000629392
  323 322.5 1.46965 0.000637869
  324 323.5 1.46856 0.000637394
  325 324.5 1.46603 0.000636299
  326 325.5 1.47191 0.000638852
  327 326.5 1.47575 0.000640518
  328 327.5 1.47346 0.000639524
  329 328.5 1.4709 0.000638413
  330 329.5 1.47624 0.000640727
  331 330.5 1.47984 0.000642291
  332 331.5 1.4788 0.000641839
  333 332.5 1.48095 0.000642773
  334 333.5 1.48414 0.000644158
  335 334.5 1.46739 0.000636887
  336 335.5 1.46519 0.000635935
  337 336.5 1.45093 0.000629746
  338 337.5 1.44029 0.000625127
  339 338.5 1.43565 0.000623111
  340 339.5 1.44861 0.000628737
  341 340.5 1.4428 0.000626217
  342 341.5 1.43119 0.000621178
  343 342.5 1.42772 0.00061967
  344 343.5 1.42282 0.000617543
  345 344.5 1.43165 0.000621378
  346 345.5 1.42762 0.000619628
  347 346.5 1.43133 0.000621235
  348 347.5 1.44384 0.000626668
  349 348.5 1.45946 0.000633444
  350 349.5 1.48207 0.000643258
  351 350.5 1.49016 0.000646769
  352 351.5 1.47886 0.000641868
  353 352.5 1.48934 0.000646417
  354 353.5 1.48103 0.000642809
  355 354.5 1.47492 0.000640158
  356 355.5 1.45408 0.000631111
  357 356.5 1.42734 0.000619504
  358 357.5 1.41955 0.000616126
  359 358.5 1.41835 0.000615602
  360 359.5 1.41853 0.000615683
  361 360.5 1.42115 0.000616819
  362 361.5 1.4299 0.000620617
  363 362.5 1.43954 0.000624801
  364 363.5 1.43817 0.000624204
  365 364.5 1.42698 0.00061935
  366 365.5 1.42477 0.000618391
  367 366.5 1.41402 0.000613725
  368 367.5 1.41805 0.000615472
  369 368.5 1.42085 0.000616688
  370 369.5 1.41877 0.000615787
  371 370.5 1.42385 0.00061799
  372 371.5 1.42852 0.000620016
  373 372.5 1.4252 0.000618576
  374 373.5 1.42766 0.000619642
  375 374.5 1.44711 0.000628086
  376 375.5 1.45753 0.000632608
  377 376.5 1.46769 0.000637019
  378 377.5 1.48858 0.000646083
  379 378.5 1.52209 0.000660631
  380 379.5 1.55711 0.000675829
  381 380.5 1.5938 0.000691754
  382 381.5 1.66293 0.000721758
  383 382.5 1.76249 0.000764971
  384 383.5 1.90996 0.000828977
  385 384.5 2.10522 0.000913724
  386 385.5 2.41217 0.00104695
  387 386.5 2.84318 0.00123402
  388 387.5 3.44974 0.00149728
  389 388.5 4.28406 0.0018594
  390 389.5 5.42707 0.0023555
  391 390.5 6.85667 0.00297599
  392 391.5 8.6224 0.00374236
  393 392.5 10.7319 0.00465793
  394 393.5 13.0594 0.00566814
  395 394.5 15.4961 0.00672575
  396 395.5 17.9191 0.00777739
  397 396.5 20.2157 0.00877419
  398 397.5 22.2235 0.00964562
  399 398.5 23.9194 0.0103817
  400 399.5 25.3267 0.0109925
  401 400.5 26.4201 0.011467
  402 401.5 27.2821 0.0118412
  403 402.5 27.9466 0.0121296
  404 403.5 28.3894 0.0123218
  405 404.5 28.7679 0.0124861
  406 405.5 29.0078 0.0125902
  407 406.5 29.1936 0.0126708
  408 407.5 29.3491 0.0127383
  409 408.5 29.4647 0.0127885
  410 409.5 29.5213 0.0128131
  411 410.5 29.6498 0.0128689
  412 411.5 29.6525 0.01287
  413 412.5 29.694 0.012888
  414 413.5 29.7544 0.0129143
  415 414.5 29.7848 0.0129274
  416 415.5 29.7706 0.0129213
  417 416.5 29.8136 0.0129399
  418 417.5 29.8096 0.0129382
  419 418.5 29.83 0.0129471
  420 419.5 29.8233 0.0129441
  421 420.5 29.8273 0.0129459
  422 421.5 29.802 0.0129349
  423 422.5 29.8388 0.0129509
  424 423.5 29.8516 0.0129564
  425 424.5 29.8067 0.0129369
  426 425.5 29.8088 0.0129378
  427 426.5 29.8621 0.012961
  428 427.5 29.8539 0.0129574
  429 428.5 29.8429 0.0129527
  430 429.5 29.8628 0.0129613
  431 430.5 29.8798 0.0129686
  432 431.5 29.876 0.012967
  433 432.5 29.8747 0.0129665
  434 433.5 29.9157 0.0129843
  435 434.5 29.8672 0.0129632
  436 435.5 29.9181 0.0129853
  437 436.5 29.8937 0.0129747
  438 437.5 29.8946 0.0129751
  439 438.5 29.8968 0.012976
  440 439.5 29.9261 0.0129888
  441 440.5 29.9086 0.0129812
  442 441.5 29.909 0.0129813
  443 442.5 29.9309 0.0129908
  444 443.5 29.923 0.0129874
  445 444.5 29.8911 0.0129736
  446 445.5 29.8917 0.0129738
  447 446.5 29.9306 0.0129907
  448 447.5 29.9014 0.012978
  449 448.5 29.8754 0.0129667
  450 449.5 29.8871 0.0129718
  451 450.5 29.884 0.0129705
  452 451.5 29.8858 0.0129713
  453 452.5 29.8828 0.01297
  454 453.5 29.8871 0.0129718
  455 454.5 29.8893 0.0129728
  456 455.5 29.9169 0.0129848
  457 456.5 29.9049 0.0129796
  458 457.5 29.8938 0.0129747
  459 458.5 29.9293 0.0129902
  460 459.5 29.9131 0.0129831
  461 460.5 29.9152 0.012984
  462 461.5 29.9114 0.0129824
  463 462.5 29.9295 0.0129902
  464 463.5 29.9328 0.0129917
  465 464.5 29.9203 0.0129862
  466 465.5 29.9508 0.0129995
  467 466.5 29.9605 0.0130037
  468 467.5 29.9484 0.0129985
  469 468.5 29.9609 0.0130039
  470 469.5 29.9826 0.0130133
  471 470.5 29.9626 0.0130046
  472 471.5 29.9586 0.0130029
  473 472.5 29.968 0.013007
  474 473.5 29.996 0.0130191
  475 474.5 29.9701 0.0130078
  476 475.5 29.9535 0.0130006
  477 476.5 29.989 0.0130161
  478 477.5 29.9911 0.013017
  479 478.5 29.9515 0.0129998
  480 479.5 29.9746 0.0130098
40000000 480 5249.000000000001
  1 0.5 29.7826 0.0129265
  2 1.5 29.8045 0.012936
  3 2.5 29.8006 0.0129343
  4 3.5 29.7774 0.0129242
  5 4.5 29.8064 0.0129368
  6 5.5 29.8028 0.0129352
  7 6.5 29.8154 0.0129407
  8 7.5 29.8035 0.0129355
  9 8.5 29.8014 0.0129346
  10 9.5 29.8042 0.0129358
  11 10.5 29.8008 0.0129344
  12 11.5 29.7886 0.0129291
  13 12.5 29.8001 0.0129341
  14 13.5 29.79 0.0129297
  15 14.5 29.7589 0.0129162
  16 15.5 29.8036 0.0129356
  17 16.5 29.8149 0.0129405
  18 17.5 29.7818 0.0129261
  19 18.5 29.7822 0.0129263
  20 19.5 29.829 0.0129466
  21 20.5 29.8101 0.0129384
  22 21.5 29.7667 0.0129196
  23 22.5 29.8219 0.0129435
  24 23.5 29.8073 0.0129372
  25 24.5 29.7659 0.0129192
  26 25.5 29.817 0.0129414
  27 26.5 29.8005 0.0129342
  28 27.5 29.7919 0.0129305
  29 28.5 29.7768 0.0129239
  30 29.5 29.8048 0.0129361
  31 30.5 29.7728 0.0129222
  32 31.5 29.7828 0.0129266
  33 32.5 29.7824 0.0129264
  34 33.5 29.7672 0.0129198
  35 34.5 29.7677 0.01292
  36 35.5 29.7555 0.0129147
  37 36.5 29.7601 0.0129167
  38 37.5 29.7887 0.0129291
  39 38.5 29.7613 0.0129172
  40 39.5 29.7646 0.0129187
  41 40.5 29.7717 0.0129217
  42 41.5 29.7515 0.012913
  43 42.5 29.7482 0.0129116
  44 43.5 29.7647 0.0129187
  45 44.5 29.7351 0.0129059
  46 45.5 29.7343 0.0129055
  47 46.5 29.7586 0.0129161
  48 47.5 29.7418 0.0129088
  49 48.5 29.7482 0.0129115
  50 49.5 29.7592 0.0129163
  51 50.5 29.7599 0.0129166
  52 51.5 29.7504 0.0129125
  53 52.5 29.7646 0.0129187
  54 53.5 29.7338 0.0129053
  55 54.5 29.7038 0.0128923
  56 55.5 29.6657 0.0128757
  57 56.5 29.629 0.0128598
  58 57.5 29.5568 0.0128285
  59 58.5 29.4731 0.0127922
  60 59.5 29.3639 0.0127447
  61 60.5 29.1923 0.0126703
  62 61.5 29.0085 0.0125905
  63 62.5 28.766 0.0124852
  64 63.5 28.426 0.0123377
  65 64.5 27.9796 0.0121439
  66 65.5 27.4501 0.0119141
  67 66.5 26.7384 0.0116052
  68 67.5 25.8319 0.0112118
  69 68.5 24.7161 0.0107275
  70 69.5 23.3623 0.0101399
  71 70.5 21.7271 0.00943016
  72 71.5 19.9022 0.00863809
  73 72.5 17.8527 0.00774857
  74 73.5 15.6289 0.00678338
  75 74.5 13.388 0.00581078
  76 75.5 11.2083 0.0048647
  77 76.5 9.16004 0.00397571
  78 77.5 7.36176 0.00319521
  79 78.5 5.85619 0.00254175
  80 79.5 4.5974 0.0019954
  81 80.5 3.64047 0.00158007
  82 81.5 2.91767 0.00126635
  83 82.5 2.37994 0.00103296
  84 83.5 2.00025 0.000868165
  85 84.5 1.72609 0.000749173
  86 85.5 1.54225 0.000669381
  87 86.5 1.41301 0.000613284
  88 87.5 1.32062 0.000573186
  89 88.5 1.25343 0.000544022
  90 89.5 1.20641 0.000523615
  91 90.5 1.18335 0.000513607
  92 91.5 1.15749 0.000502385
  93 92.5 1.13616 0.000493124
  94 93.5 1.12298 0.000487405
  95 94.5 1.11947 0.000485881
  96 95.5 1.11379 0.000483417
  97 96.5 1.11102 0.000482214
  98 97.5 1.11135 0.000482355
  99 98.5 1.10896 0.000481319
  100 99.5 1.10854 0.000481139
  101 100.5 1.11232 0.00048278
  102 101.5 1.11744 0.000485001
  103 102.5 1.1071 0.00048051
  104 103.5 1.10316 0.000478803
  105 104.5 1.10067 0.00047772
  106 105.5 1.10662 0.000480302
  107 106.5 1.10941 0.000481514
  108 107.5 1.11393 0.000483476
  109 108.5 1.11558 0.000484191
  110 109.5 1.106 0.000480035
  111 110.5 1.11432 0.000483648
  112 111.5 1.11494 0.000483913
  113 112.5 1.1109 0.000482162
  114 113.5 1.1024 0.000478474
  115 114.5 1.10647 0.000480239
  116 115.5 1.10099 0.00047786
  117 116.5 1.09736 0.000476283
  118 117.5 1.09905 0.000477018
  119 118.5 1.10106 0.00047789
  120 119.5 1.10078 0.00047777
  121 120.5 1.1045 0.000479385
  122 121.5 1.09513 0.000475316
  123 122.5 1.0983 0.000476691
  124 123.5 1.0951 0.000475304
  125 124.5 1.10334 0.00047888
  126 125.5 1.10795 0.000480883
  127 126.5 1.10335 0.000478885
  128 127.5 1.10221 0.000478391
  129 128.5 1.10575 0.000479928
  130 129.5 1.1054 0.000479773
  131 130.5 1.10467 0.000479456
  132 131.5 1.10791 0.000480862
  133 132.5 1.11191 0.000482599
  134 133.5 1.10835 0.000481054
  135 134.5 1.10724 0.000480573
  136 135.5 1.10892 0.000481304
  137 136.5 1.1137 0.000483378
  138 137.5 1.12651 0.000488938
  139 138.5 1.12166 0.000486831
  140 139.5 1.12657 0.000488964
  141 140.5 1.12504 0.000488299
  142 141.5 1.1195 0.000485895
  143 142.5 1.11826 0.000485357
  144 143.5 1.11473 0.000483823
  145 144.5 1.10675 0.000480362
  146 145.5 1.10839 0.000481072
  147 146.5 1.10573 0.000479918
  148 147.5 1.10057 0.000477679
  149 148.5 1.10602 0.000480044
  150 149.5 1.09961 0.000477263
  151 150.5 1.09793 0.000476532
  152 151.5 1.09687 0.000476072
  153 152.5 1.10031 0.000477564
  154 153.5 1.10451 0.000479389
  155 154.5 1.10696 0.00048045
  156 155.5 1.10316 0.000478801
  157 156.5 1.1037 0.000479037
  158 157.5 1.10568 0.000479894
  159 158.5 1.10999 0.000481768
  160 159.5 1.11244 0.000482832
  161 160.5 1.0989 0.000476952
  162 161.5 1.09684 0.000476061
  163 162.5 1.10171 0.000478174
  164 163.5 1.10059 0.000477687
  165 164.5 1.09741 0.000476305
  166 165.5 1.10565 0.000479885
  167 166.5 1.10379 0.000479076
  168 167.5 1.10073 0.000477746
  169 168.5 1.10325 0.000478841
  170 169.5 1.09795 0.000476541
  171 170.5 1.10547 0.000479806
  172 171.5 1.1148 0.000483856
  173 172.5 1.11003 0.000481784
  174 173.5 1.11045 0.000481966
  175 174.5 1.11285 0.000483008
  176 175.5 1.11421 0.000483598
  177 176.5 1.11092 0.000482168
  178 177.5 1.11559 0.000484195
  179 178.5 1.11774 0.000485129
  180 179.5 1.11425 0.000483614
  181 180.5 1.11911 0.000485727
  182 181.5 1.10906 0.000481363
  183 182.5 1.10589 0.000479987
  184 183.5 1.10448 0.000479377
  185 184.5 1.10912 0.000481387
  186 185.5 1.10637 0.000480195
  187 186.5 1.10869 0.000481203
  188 187.5 1.10837 0.000481062
  189 188.5 1.1147 0.000483809
  190 189.5 1.11296 0.000483056
  191 190.5 1.11532 0.00048408
  192 191.5 1.10542 0.000479783
  193 192.5 1.1108 0.000482117
  194 193.5 1.11069 0.000482069
  195 194.5 1.11591 0.000484335
  196 195.5 1.11434 0.000483655
  197 196.5 1.10205 0.000478319
  198 197.5 1.10745 0.000480663
  199 198.5 1.10806 0.000480928
  200 199.5 1.10738 0.000480634
  201 200.5 1.10518 0.000479678
  202 201.5 1.10289 0.000478684
  203 202.5 1.09736 0.000476286
  204 203.5 1.09775 0.000476454
  205 204.5 1.10775 0.000480793
  206 205.5 1.10609 0.000480072
  207 206.5 1.11091 0.000482167
  208 207.5 1.10826 0.000481016
  209 208.5 1.11829 0.000485371
  210 209.5 1.12843 0.000489768
  211 210.5 1.13243 0.000491504
  212 211.5 1.14308 0.000496128
  213 212.5 1.1658 0.000505989
  214 213.5 1.19386 0.000518168
  215 214.5 1.23802 0.000537336
  216 215.5 1.29006 0.00055992
  217 216.5 1.38312 0.000600313
  218 217.5 1.5067 0.000653951
  219 218.5 1.68206 0.00073006
  220 219.5 1.91432 0.000830868
  221 220.5 2.23342 0.000969366
  222 221.5 2.65505 0.00115237
  223 222.5 3.18738 0.00138341
  224 223.5 3.80231 0.00165031
  225 224.5 4.49474 0.00195084
  226 225.5 5.16717 0.00224269
  227 226.5 5.78436 0.00251057
  228 227.5 6.25346 0.00271418
  229 228.5 6.49081 0.00281719
  230 229.5 6.47842 0.00281182
  231 230.5 6.22822 0.00270322
  232 231.5 5.76793 0.00250344
  233 232.5 5.17127 0.00224448
  234 233.5 4.5405 0.0019707
  235 234.5 3.89715 0.00169147
  236 235.5 3.32202 0.00144185
  237 236.5 2.85723 0.00124012
  238 237.5 2.49578 0.00108324
  239 238.5 2.22207 0.000964442
  240 239.5 2.00678 0.000871
  241 240.5 1.84048 0.000798819
  242 241.5 1.73184 0.000751668
  243 242.5 1.66164 0.000721197
  244 243.5 1.59006 0.000690131
  245 244.5 1.54526 0.000670687
  246 245.5 1.50292 0.000652311
  247 246.5 1.45934 0.000633395
  248 247.5 1.43604 0.000623283
  249 248.5 1.40757 0.000610925
  250 249.5 1.38731 0.000602129
  251 250.5 1.36917 0.000594258
  252 251.5 1.34413 0.000583389
  253 252.5 1.3511 0.000586414
  254 253.5 1.35347 0.000587445
  255 254.5 1.34578 0.000584105
  256 255.5 1.33391 0.000578952
  257 256.5 1.33601 0.000579865
  258 257.5 1.33238 0.000578291
  259 258.5 1.32897 0.00057681
  260 259.5 1.32632 0.000575661
  261 260.5 1.33493 0.000579398
  262 261.5 1.32944 0.000577015
  263 262.5 1.33559 0.000579683
  264 263.5 1.34584 0.00058413
  265 264.5 1.34883 0.000585429
  266 265.5 1.34233 0.000582607
  267 266.5 1.34329 0.000583023
  268 267.5 1.35274 0.000587128
  269 268.5 1.36462 0.000592284
  270 269.5 1.361 0.000590713
  271 270.5 1.37097 0.000595038
  272 271.5 1.37572 0.000597099
  273 272.5 1.37306 0.000595948
  274 273.5 1.37169 0.00059535
  275 274.5 1.35733 0.00058912
  276 275.5 1.35612 0.000588592
  277 276.5 1.35693 0.000588944
  278 277.5 1.35664 0.00058882
  279 278.5 1.36932 0.000594321
  280 279.5 1.38273 0.000600142
  281 280.5 1.3877 0.000602299
  282 281.5 1.3896 0.000603123
  283 282.5 1.37862 0.000598359
  284 283.5 1.3806 0.000599217
  285 284.5 1.37777 0.00059799
  286 285.5 1.3731 0.000595964
  287 286.5 1.35533 0.000588253
  288 287.5 1.35163 0.000586647
  289 288.5 1.36348 0.000591788
  290 289.5 1.36681 0.000593234
  291 290.5 1.38345 0.000600455
  292 291.5 1.40679 0.000610585
  293 292.5 1.42191 0.000617148
  294 293.5 1.41926 0.000616
  295 294.5 1.42927 0.000620341
  296 295.5 1.45038 0.000629507
  297 296.5 1.44669 0.000627905
  298 297.5 1.44344 0.000626495
  299 298.5 1.45606 0.00063197
  300 299.5 1.45473 0.000631395
  301 300.5 1.45209 0.000630249
  302 301.5 1.45714 0.000632438
  303 302.5 1.45318 0.000630721
  304 303.5 1.43566 0.000623117
  305 304.5 1.43429 0.000622522
  306 305.5 1.42185 0.000617121
  307 306.5 1.41561 0.000614414
  308 307.5 1.41529 0.000614275
  309 308.5 1.41268 0.000613144
  310 309.5 1.41686 0.000614957
  311 310.5 1.42695 0.000619337
  312 311.5 1.42818 0.000619869
  313 312.5 1.43263 0.000621801
  314 313.5 1.44853 0.000628704
  315 314.5 1.44421 0.000626829
  316 315.5 1.44348 0.00062651
  317 316.5 1.43221 0.00062162
  318 317.5 1.43103 0.000621105
  319 318.5 1.43813 0.000624187
  320 319.5 1.44222 0.000625965
  321 320.5 1.44772 0.000628349
  322 321.5 1.44789 0.000628424
  323 322.5 1.44891 0.000628865
  324 323.5 1.4643 0.000635545
  325 324.5 1.46522 0.000635944
  326 325.5 1.4612 0.000634201
  327 326.5 1.46529 0.000635977
  328 327.5 1.45436 0.000631234
  329 328.5 1.45725 0.000632489
  330 329.5 1.45689 0.00063233
  331 330.5 1.45163 0.000630047
  332 331.5 1.44371 0.000626611
  333 332.5 1.4343 0.000622525
  334 333.5 1.42158 0.000617007
  335 334.5 1.41993 0.00061629
  336 335.5 1.40727 0.000610793
  337 336.5 1.39816 0.00060684
  338 337.5 1.38572 0.000601441
  339 338.5 1.38287 0.000600202
  340 339.5 1.38226 0.000599938
  341 340.5 1.391 0.000603734
  342 341.5 1.38349 0.000600475
  343 342.5 1.38426 0.000600807
  344 343.5 1.37113 0.000595108
  345 344.5 1.37182 0.000595406
  346 345.5 1.37262 0.000595756
  347 346.5 1.37126 0.000595163
  348 347.5 1.3551 0.000588153
  349 348.5 1.36322 0.000591677
  350 349.5 1.3772 0.000597742
  351 350.5 1.37374 0.00059624
  352 351.5 1.35861 0.000589675
  353 352.5 1.36039 0.000590445
  354 353.5 1.36945 0.000594378
  355 354.5 1.3864 0.000601738
  356 355.5 1.3885 0.000602646
  357 356.5 1.38263 0.000600098
  358 357.5 1.3796 0.000598785
  359 358.5 1.3919 0.000604124
  360 359.5 1.40646 0.000610441
  361 360.5 1.42177 0.000617089
  362 361.5 1.43415 0.000622463
  363 362.5 1.43817 0.000624207
  364 363.5 1.43261 0.000621792
  365 364.5 1.45036 0.000629497
  366 365.5 1.44606 0.000627632
  367 366.5 1.44144 0.000625627
  368 367.5 1.44049 0.000625211
  369 368.5 1.43908 0.000624601
  370 369.5 1.44163 0.000625706
  371 370.5 1.45233 0.000630351
  372 371.5 1.45291 0.000630604
  373 372.5 1.46259 0.000634805
  374 373.5 1.46932 0.000637724
  375 374.5 1.48541 0.00064471
  376 375.5 1.50822 0.000654608
  377 376.5 1.53024 0.000664165
  378 377.5 1.55974 0.000676971
  379 378.5 1.61779 0.000702165
  380 379.5 1.68347 0.000730671
  381 380.5 1.77545 0.000770596
  382 381.5 1.92026 0.000833448
  383 382.5 2.13051 0.000924701
  384 383.5 2.42674 0.00105327
  385 384.5 2.83179 0.00122908
  386 385.5 3.41499 0.0014822
  387 386.5 4.23768 0.00183927
  388 387.5 5.31834 0.00230831
  389 388.5 6.72718 0.00291978
  390 389.5 8.45747 0.00367078
  391 390.5 10.4901 0.00455299
  392 391.5 12.7404 0.00552969
  393 392.5 15.1389 0.00657071
  394 393.5 17.5611 0.00762199
  395 394.5 19.8351 0.00860899
  396 395.5 21.8116 0.00946685
  397 396.5 23.5707 0.0102303
  398 397.5 25.034 0.0108655
  399 398.5 26.0989 0.0113276
  400 399.5 26.9805 0.0117103
  401 400.5 27.7002 0.0120227
  402 401.5 28.1862 0.0122336
  403 402.5 28.5257 0.0123809
  404 403.5 28.8378 0.0125164
  405 404.5 29.0557 0.012611
  406 405.5 29.1821 0.0126658
  407 406.5 29.3366 0.0127329
  408 407.5 29.4057 0.0127629
  409 408.5 29.4685 0.0127901
  410 409.5 29.5437 0.0128228
  411 410.5 29.5832 0.0128399
  412 411.5 29.6582 0.0128725
  413 412.5 29.6366 0.0128631
  414 413.5 29.6745 0.0128796
  415 414.5 29.7057 0.0128931
  416 415.5 29.7314 0.0129043
  417 416.5 29.7021 0.0128916
  418 417.5 29.7516 0.012913
  419 418.5 29.7196 0.0128991
  420 419.5 29.7663 0.0129194
  421 420.5 29.7985 0.0129334
  422 421.5 29.8157 0.0129408
  423 422.5 29.7764 0.0129238
  424 423.5 29.8188 0.0129422
  425 424.5 29.7908 0.01293
  426 425.5 29.8349 0.0129492
  427 426.5 29.7869 0.0129284
  428 427.5 29.8002 0.0129341
  429 428.5 29.8398 0.0129513
  430 429.5 29.8356 0.0129495
  431 430.5 29.881 0.0129692
  432 431.5 29.8625 0.0129612
  433 432.5 29.8375 0.0129503
  434 433.5 29.8686 0.0129638
  435 434.5 29.8993 0.0129771
  436 435.5 29.9009 0.0129778
  437 436.5 29.866 0.0129627
  438 437.5 29.9063 0.0129802
  439 438.5 29.8582 0.0129593
  440 439.5 29.8845 0.0129707
  441 440.5 29.8852 0.012971
  442 441.5 29.9052 0.0129797
  443 442.5 29.8957 0.0129755
  444 443.5 29.908 0.0129809
  445 444.5 29.9288 0.0129899
  446 445.5 29.9045 0.0129794
  447 446.5 29.9115 0.0129824
  448 447.5 29.8856 0.0129712
  449 448.5 29.895 0.0129753
  450 449.5 29.8676 0.0129634
  451 450.5 29.8476 0.0129547
  452 451.5 29.8381 0.0129506
  453 452.5 29.8835 0.0129703
  454 453.5 29.8635 0.0129616
  455 454.5 29.8529 0.012957
  456 455.5 29.8844 0.0129707
  457 456.5 29.8752 0.0129667
  458 457.5 29.8791 0.0129684
  459 458.5 29.8902 0.0129732
  460 459.5 29.8671 0.0129631
  461 460.5 29.8279 0.0129461
  462 461.5 29.86 0.0129601
  463 462.5 29.8641 0.0129618
  464 463.5 29.8146 0.0129404
  465 464.5 29.8391 0.012951
  466 465.5 29.8528 0.0129569
  467 466.5 29.8568 0.0129587
  468 467.5 29.8134 0.0129398
  469 468.5 29.7596 0.0129165
  470 469.5 29.8162 0.0129411
  471 470.5 29.7951 0.0129319
  472 471.5 29.7948 0.0129318
  473 472.5 29.7882 0.0129289
  474 473.5 29.7619 0.0129175
  475 474.5 29.805 0.0129362
  476 475.5 29.8016 0.0129347
  477 476.5 29.7774 0.0129242
  478 477.5 29.7818 0.0129261
  479 478.5 29.8064 0.0129368
  480 479.5 29.7853 0.0129276
50000000 480 5249.000000000003
  1 0.5 29.6531 0.0128703
  2 1.5 29.6395 0.0128644
  3 2.5 29.6909 0.0128867
  4 3.5 29.6713 0.0128782
  5 4.5 29.6701 0.0128776
  6 5.5 29.6634 0.0128747
  7 6.5 29.6998 0.0128905
  8 7.5 29.6889 0.0128858
  9 8.5 29.7156 0.0128974
  10 9.5 29.698 0.0128897
  11 10.5 29.7493 0.012912
  12 11.5 29.7357 0.0129061
  13 12.5 29.703 0.0128919
  14 13.5 29.7581 0.0129158
  15 14.5 29.7575 0.0129156
  16 15.5 29.751 0.0129128
  17 16.5 29.7474 0.0129112
  18 17.5 29.7747 0.012923
  19 18.5 29.8121 0.0129393
  20 19.5 29.7893 0.0129294
  21 20.5 29.78 0.0129253
  22 21.5 29.7947 0.0129317
  23 22.5 29.7606 0.0129169
  24 23.5 29.802 0.0129349
  25 24.5 29.786 0.0129279
  26 25.5 29.8049 0.0129362
  27 26.5 29.7836 0.0129269
  28 27.5 29.7955 0.0129321
  29 28.5 29.7921 0.0129306
  30 29.5 29.8155 0.0129407
  31 30.5 29.8117 0.0129391
  32 31.5 29.7795 0.0129251
  33 32.5 29.7975 0.0129329
  34 33.5 29.8355 0.0129494
  35 34.5 29.8188 0.0129422
  36 35.5 29.8115 0.012939
  37 36.5 29.8238 0.0129444
  38 37.5 29.8481 0.0129549
  39 38.5 29.8243 0.0129446
  40 39.5 29.7974 0.0129329
  41 40.5 29.7877 0.0129287
  42 41.5 29.8476 0.0129547
  43 42.5 29.782 0.0129262
  44 43.5 29.813 0.0129397
  45 44.5 29.8217 0.0129434
  46 45.5 29.7971 0.0129328
  47 46.5 29.771 0.0129214
  48 47.5 29.8397 0.0129513
  49 48.5 29.8015 0.0129347
  50 49.5 29.7921 0.0129306
  51 50.5 29.7558 0.0129148
  52 51.5 29.7858 0.0129278
  53 52.5 29.744 0.0129097
  54 53.5 29.6873 0.0128851
  55 54.5 29.6502 0.012869
  56 55.5 29.6517 0.0128696
  57 56.5 29.547 0.0128242
  58 57.5 29.4648 0.0127886
  59 58.5 29.357 0.0127417
  60 59.5 29.2591 0.0126993
  61 60.5 29.0201 0.0125955
  62 61.5 28.7916 0.0124963
  63 62.5 28.4858 0.0123636
  64 63.5 28.17 0.0122266
  65 64.5 27.6164 0.0119863
  66 65.5 26.9504 0.0116972
  67 66.5 26.1805 0.011363
  68 67.5 25.1667 0.0109231
  69 68.5 23.8998 0.0103732
  70 69.5 22.4039 0.00972392
  71 70.5 20.6906 0.0089803
  72 71.5 18.7027 0.00811749
  73 72.5 16.5452 0.00718106
  74 73.5 14.2616 0.00618992
  75 74.5 12.0299 0.0052213
  76 75.5 9.89119 0.00429305
  77 76.5 7.97346 0.0034607
  78 77.5 6.32945 0.00274716
  79 78.5 4.96831 0.00215638
  80 79.5 3.90431 0.00169458
  81 80.5 3.10045 0.00134568
  82 81.5 2.50915 0.00108904
  83 82.5 2.07622 0.000901139
  84 83.5 1.77585 0.000770767
  85 84.5 1.56921 0.000681081
  86 85.5 1.42903 0.000620238
  87 86.5 1.33157 0.000577937
  88 87.5 1.27286 0.000552456
  89 88.5 1.21721 0.000528302
  90 89.5 1.17911 0.000511768
  91 90.5 1.16564 0.000505918
  92 91.5 1.1532 0.000500519
  93 92.5 1.13244 0.00049151
  94 93.5 1.12756 0.000489394
  95 94.5 1.12111 0.000486592
  96 95.5 1.11664 0.000484652
  97 96.5 1.11144 0.000482397
  98 97.5 1.11027 0.000481889
  99 98.5 1.10997 0.000481756
  100 99.5 1.1122 0.000482727
  101 100.5 1.11138 0.00048237
  102 101.5 1.11327 0.00048319
  103 102.5 1.10547 0.000479806
  104 103.5 1.10816 0.000480971
  105 104.5 1.1098 0.000481683
  106 105.5 1.11193 0.00048261
  107 106.5 1.1038 0.000479079
  108 107.5 1.10856 0.000481145
  109 108.5 1.1092 0.000481423
  110 109.5 1.10551 0.000479822
  111 110.5 1.11043 0.000481956
  112 111.5 1.10805 0.000480924
  113 112.5 1.10919 0.00048142
  114 113.5 1.10132 0.000478003
  115 114.5 1.10261 0.000478562
  116 115.5 1.09927 0.000477112
  117 116.5 1.10437 0.000479328
  118 117.5 1.11316 0.000483141
  119 118.5 1.11144 0.000482396
  120 119.5 1.11628 0.000484496
  121 120.5 1.11275 0.000482963
  122 121.5 1.11037 0.00048193
  123 122.5 1.11713 0.000484865
  124 123.5 1.11087 0.000482147
  125 124.5 1.12008 0.000486147
  126 125.5 1.12356 0.000487657
  127 126.5 1.12283 0.000487339
  128 127.5 1.11998 0.000486103
  129 128.5 1.12096 0.000486526
  130 129.5 1.1218 0.000486892
  131 130.5 1.12566 0.000488566
  132 131.5 1.1245 0.000488065
  133 132.5 1.1205 0.000486328
  134 133.5 1.11898 0.00048567
  135 134.5 1.10833 0.000481046
  136 135.5 1.11715 0.000484872
  137 136.5 1.11855 0.000485483
  138 137.5 1.12372 0.000487725
  139 138.5 1.11973 0.000485994
  140 139.5 1.10635 0.000480188
  141 140.5 1.11682 0.000484732
  142 141.5 1.12248 0.000487188
  143 142.5 1.11342 0.000483257
  144 143.5 1.11248 0.000482847
  145 144.5 1.10786 0.000480842
  146 145.5 1.10843 0.00048109
  147 146.5 1.10818 0.00048098
  148 147.5 1.1088 0.000481251
  149 148.5 1.10155 0.000478103
  150 149.5 1.10178 0.000478201
  151 150.5 1.10116 0.000477934
  152 151.5 1.09491 0.00047522
  153 152.5 1.10055 0.000477668
  154 153.5 1.09971 0.000477306
  155 154.5 1.10373 0.000479049
  156 155.5 1.10117 0.000477938
  157 156.5 1.11341 0.000483253
  158 157.5 1.10316 0.000478803
  159 158.5 1.11123 0.000482306
  160 159.5 1.1111 0.000482247
  161 160.5 1.10551 0.00047982
  162 161.5 1.10548 0.000479808
  163 162.5 1.10687 0.000480414
  164 163.5 1.10637 0.000480197
  165 164.5 1.11301 0.000483078
  166 165.5 1.11533 0.000484083
  167 166.5 1.11473 0.000483825
  168 167.5 1.12686 0.00048909
  169 168.5 1.12409 0.000487887
  170 169.5 1.11958 0.000485928
  171 170.5 1.1218 0.000486893
  172 171.5 1.11887 0.000485619
  173 172.5 1.11467 0.000483799
  174 173.5 1.11788 0.000485192
  175 174.5 1.12386 0.000487786
  176 175.5 1.1243 0.000487977
  177 176.5 1.12568 0.000488576
  178 177.5 1.1235 0.000487629
  179 178.5 1.11985 0.000486048
  180 179.5 1.11441 0.000483684
  181 180.5 1.12046 0.000486311
  182 181.5 1.1198 0.000486025
  183 182.5 1.11371 0.00048338
  184 183.5 1.11424 0.000483612
  185 184.5 1.11337 0.000483235
  186 185.5 1.11558 0.000484194
  187 186.5 1.11378 0.000483411
  188 187.5 1.11722 0.000484905
  189 188.5 1.11827 0.000485361
  190 189.5 1.11179 0.000482546
  191 190.5 1.1188 0.00048559
  192 191.5 1.12105 0.000486565
  193 192.5 1.11679 0.00048472
  194 193.5 1.11739 0.000484979
  195 194.5 1.1103 0.000481903
  196 195.5 1.11132 0.000482344
  197 196.5 1.10888 0.000481284
  198 197.5 1.11279 0.00048298
  199 198.5 1.11004 0.000481788
  200 199.5 1.10242 0.000478479
  201 200.5 1.10413 0.000479222
  202 201.5 1.10999 0.000481766
  203 202.5 1.11672 0.000484686
  204 203.5 1.10619 0.000480118
  205 204.5 1.10907 0.000481366
  206 205.5 1.11211 0.000482686
  207 206.5 1.12375 0.00048774
  208 207.5 1.12888 0.000489964
  209 208.5 1.14189 0.00049561
  210 209.5 1.15421 0.000500961
  211 210.5 1.16896 0.000507362
  212 211.5 1.18838 0.00051579
  213 212.5 1.22789 0.000532939
  214 213.5 1.27333 0.000552662
  215 214.5 1.33026 0.000577372
  216 215.5 1.40757 0.000610923
  217 216.5 1.5226 0.000660849
  218 217.5 1.6848 0.000731252
  219 218.5 1.90905 0.000828581
  220 219.5 2.21608 0.000961841
  221 220.5 2.6243 0.00113902
  222 221.5 3.16553 0.00137393
  223 222.5 3.81962 0.00165782
  224 223.5 4.56392 0.00198087
  225 224.5 5.3584 0.0023257
  226 225.5 6.1327 0.00266176
  227 226.5 6.78985 0.00294698
  228 227.5 7.2258 0.0031362
  229 228.5 7.40764 0.00321512
  230 229.5 7.28982 0.00316398
  231 230.5 6.86927 0.00298145
  232 231.5 6.2505 0.00271289
  233 232.5 5.531 0.00240061
  234 233.5 4.78305 0.00207598
  235 234.5 4.10232 0.00178052
  236 235.5 3.49958 0.00151891
  237 236.5 3.00047 0.00130229
  238 237.5 2.60535 0.00113079
  239 238.5 2.28947 0.000993692
  240 239.5 2.06029 0.000894222
  241 240.5 1.87565 0.000814083
  242 241.5 1.74618 0.00075789
  243 242.5 1.66356 0.00072203
  244 243.5 1.60427 0.000696299
  245 244.5 1.55623 0.000675446
  246 245.5 1.52781 0.000663111
  247 246.5 1.50524 0.000653315
  248 247.5 1.49618 0.000649385
  249 248.5 1.49901 0.000650611
  250 249.5 1.47667 0.000640916
  251 250.5 1.46271 0.000634855
  252 251.5 1.45472 0.00063139
  253 252.5 1.455 0.000631509
  254 253.5 1.45311 0.000630688
  255 254.5 1.44512 0.000627224
  256 255.5 1.43311 0.000622009
  257 256.5 1.43233 0.000621673
  258 257.5 1.41998 0.00061631
  259 258.5 1.41944 0.000616078
  260 259.5 1.42306 0.000617649
  261 260.5 1.43257 0.000621776
  262 261.5 1.43407 0.000622424
  263 262.5 1.42638 0.000619089
  264 263.5 1.42459 0.000618312
  265 264.5 1.42492 0.000618453
  266 265.5 1.40884 0.000611474
  267 266.5 1.41842 0.000615632
  268 267.5 1.4238 0.000617969
  269 268.5 1.42192 0.000617152
  270 269.5 1.42912 0.000620277
  271 270.5 1.42396 0.000618039
  272 271.5 1.42154 0.000616986
  273 272.5 1.4216 0.000617016
  274 273.5 1.41767 0.000615307
  275 274.5 1.42241 0.000617365
  276 275.5 1.41975 0.000616209
  277 276.5 1.40343 0.000609128
  278 277.5 1.41188 0.000612795
  279 278.5 1.41774 0.000615338
  280 279.5 1.4159 0.00061454
  281 280.5 1.41883 0.000615813
  282 281.5 1.42427 0.000618174
  283 282.5 1.42443 0.000618243
  284 283.5 1.41997 0.000616306
  285 284.5 1.42473 0.000618373
  286 285.5 1.41352 0.000613507
  287 286.5 1.41198 0.00061284
  288 287.5 1.41354 0.000613515
  289 288.5 1.41611 0.000614631
  290 289.5 1.3992 0.000607293
  291 290.5 1.38737 0.000602156
  292 291.5 1.37676 0.000597553
  293 292.5 1.37864 0.000598369
  294 293.5 1.38313 0.000600316
  295 294.5 1.376 0.00059722
  296 295.5 1.36805 0.000593771
  297 296.5 1.36903 0.000594195
  298 297.5 1.35956 0.000590086
  299 298.5 1.36634 0.000593028
  300 299.5 1.38672 0.000601877
  301 300.5 1.39381 0.000604954
  302 301.5 1.39967 0.000607497
  303 302.5 1.40319 0.000609023
  304 303.5 1.39122 0.000603828
  305 304.5 1.39471 0.000605342
  306 305.5 1.40179 0.000608417
  307 306.5 1.40071 0.000607946
  308 307.5 1.38492 0.000601093
  309 308.5 1.37918 0.000598601
  310 309.5 1.37985 0.000598894
  311 310.5 1.38376 0.000600591
  312 311.5 1.37971 0.000598833
  313 312.5 1.38868 0.000602727
  314 313.5 1.38991 0.000603259
  315 314.5 1.40008 0.000607675
  316 315.5 1.39746 0.000606536
  317 316.5 1.39744 0.000606526
  318 317.5 1.38841 0.00060261
  319 318.5 1.38347 0.000600464
  320 319.5 1.37482 0.000596708
  321 320.5 1.37493 0.000596759
  322 321.5 1.38487 0.00060107
  323 322.5 1.3879 0.000602389
  324 323.5 1.39546 0.00060567
  325 324.5 1.39234 0.000604315
  326 325.5 1.38099 0.000599388
  327 326.5 1.36728 0.000593439
  328 327.5 1.36267 0.000591437
  329 328.5 1.35004 0.000585955
  330 329.5 1.36517 0.000592522
  331 330.5 1.36481 0.000592364
  332 331.5 1.36985 0.000594552
  333 332.5 1.37234 0.000595632
  334 333.5 1.37233 0.000595628
  335 334.5 1.37452 0.000596581
  336 335.5 1.36825 0.000593859
  337 336.5 1.3579 0.000589365
  338 337.5 1.36461 0.000592277
  339 338.5 1.36881 0.000594103
  340 339.5 1.3752 0.000596873
  341 340.5 1.38061 0.000599222
  342 341.5 1.37627 0.000597339
  343 342.5 1.36852 0.000593976
  344 343.5 1.37066 0.000594906
  345 344.5 1.38202 0.000599836
  346 345.5 1.37834 0.000598238
  347 346.5 1.38288 0.000600207
  348 347.5 1.38016 0.00059903
  349 348.5 1.37577 0.000597122
  350 349.5 1.36501 0.000592453
  351 350.5 1.3636 0.00059184
  352 351.5 1.35734 0.000589123
  353 352.5 1.36855 0.00059399
  354 353.5 1.35028 0.000586059
  355 354.5 1.34238 0.000582629
  356 355.5 1.33314 0.000578618
  357 356.5 1.34678 0.000584542
  358 357.5 1.33978 0.000581503
  359 358.5 1.33347 0.000578765
  360 359.5 1.33333 0.000578704
  361 360.5 1.34201 0.000582471
  362 361.5 1.33669 0.000580161
  363 362.5 1.33235 0.000578276
  364 363.5 1.33751 0.000580518
  365 364.5 1.34839 0.000585237
  366 365.5 1.35492 0.000588074
  367 366.5 1.35984 0.000590208
  368 367.5 1.35269 0.000587103
  369 368.5 1.36845 0.000593944
  370 369.5 1.37055 0.000594856
  371 370.5 1.36556 0.000592689
  372 371.5 1.36651 0.000593104
  373 372.5 1.38911 0.000602914
  374 373.5 1.40967 0.000611834
  375 374.5 1.41996 0.000616301
  376 375.5 1.44133 0.000625577
  377 376.5 1.48394 0.000644071
  378 377.5 1.51878 0.000659191
  379 378.5 1.58043 0.000685951
  380 379.5 1.65601 0.000718753
  381 380.5 1.7894 0.000776651
  382 381.5 1.97469 0.000857071
  383 382.5 2.23114 0.000968376
  384 383.5 2.60636 0.00113123
  385 384.5 3.0982 0.0013447
  386 385.5 3.80344 0.0016508
  387 386.5 4.77901 0.00207422
  388 387.5 6.03134 0.00261777
  389 388.5 7.61553 0.00330535
  390 389.5 9.51669 0.00413051
  391 390.5 11.7328 0.00509235
  392 391.5 14.1533 0.00614294
  393 392.5 16.5537 0.00718476
  394 393.5 18.8994 0.00820285
  395 394.5 21.0855 0.00915167
  396 395.5 22.9185 0.00994729
  397 396.5 24.4694 0.0106204
  398 397.5 25.744 0.0111736
  399 398.5 26.7666 0.0116175
  400 399.5 27.4726 0.0119239
  401 400.5 28.0306 0.0121661
  402 401.5 28.4431 0.0123451
  403 402.5 28.7939 0.0124974
  404 403.5 28.9974 0.0125857
  405 404.5 29.1532 0.0126533
  406 405.5 29.3168 0.0127243
  407 406.5 29.432 0.0127743
  408 407.5 29.5136 0.0128097
  409 408.5 29.5592 0.0128295
  410 409.5 29.6218 0.0128567
  411 410.5 29.6548 0.012871
  412 411.5 29.6504 0.0128691
  413 412.5 29.6727 0.0128788
  414 413.5 29.7002 0.0128907
  415 414.5 29.7137 0.0128966
  416 415.5 29.7356 0.0129061
  417 416.5 29.7464 0.0129108
  418 417.5 29.7605 0.0129169
  419 418.5 29.7823 0.0129264
  420 419.5 29.7951 0.0129319
  421 420.5 29.7913 0.0129303
  422 421.5 29.7732 0.0129224
  423 422.5 29.7965 0.0129325
  424 423.5 29.7807 0.0129256
  425 424.5 29.8048 0.0129361
  426 425.5 29.7727 0.0129222
  427 426.5 29.8102 0.0129384
  428 427.5 29.7763 0.0129237
  429 428.5 29.7709 0.0129214
  430 429.5 29.783 0.0129267
  431 430.5 29.779 0.0129249
  432 431.5 29.7322 0.0129046
  433 432.5 29.7481 0.0129115
  434 433.5 29.7527 0.0129135
  435 434.5 29.7268 0.0129023
  436 435.5 29.6829 0.0128832
  437 436.5 29.7016 0.0128913
  438 437.5 29.6996 0.0128904
  439 438.5 29.6885 0.0128856
  440 439.5 29.6821 0.0128829
  441 440.5 29.6706 0.0128779
  442 441.5 29.7012 0.0128911
  443 442.5 29.65 0.0128689
  444 443.5 29.655 0.0128711
  445 444.5 29.6987 0.0128901
  446 445.5 29.6516 0.0128696
  447 446.5 29.649 0.0128685
  448 447.5 29.6888 0.0128858
  449 448.5 29.6844 0.0128838
  450 449.5 29.6699 0.0128776
  451 450.5 29.6906 0.0128865
  452 451.5 29.7144 0.0128969
  453 452.5 29.689 0.0128859
  454 453.5 29.6773 0.0128808
  455 454.5 29.7433 0.0129094
  456 455.5 29.6982 0.0128898
  457 456.5 29.6939 0.012888
  458 457.5 29.701 0.0128911
  459 458.5 29.7119 0.0128958
  460 459.5 29.6942 0.0128881
  461 460.5 29.6899 0.0128862
  462 461.5 29.6989 0.0128901
  463 462.5 29.7062 0.0128933
  464 463.5 29.6985 0.01289
  465 464.5 29.7052 0.0128929
  466 465.5 29.7056 0.0128931
  467 466.5 29.6817 0.0128827
  468 467.5 29.6952 0.0128886
  469 468.5 29.6953 0.0128886
  470 469.5 29.6663 0.012876
  471 470.5 29.6702 0.0128777
  472 471.5 29.6915 0.0128869
  473 472.5 29.6831 0.0128833
  474 473.5 29.6341 0.012862
  475 474.5 29.7067 0.0128935
  476 475.5 29.6789 0.0128815
  477 476.5 29.6508 0.0128693
  478 477.5 29.6556 0.0128714
  479 478.5 29.6958 0.0128888
  480 479.5 29.6795 0.0128817
