# Chunk-averaged data for fix tensor2 and group c1
# Timestep Number-of-chunks Total-count
# Chunk Coord1 Ncount density/number
20000000 480 4824.000000000009
  1 0.5 10.9407 0.00474856
  2 1.5 11.8787 0.00515567
  3 2.5 12.8361 0.00557123
  4 3.5 13.8569 0.00601429
  5 4.5 14.873 0.0064553
  6 5.5 15.8804 0.00689255
  7 6.5 16.8914 0.00733133
  8 7.5 17.8894 0.00776448
  9 8.5 18.7961 0.00815805
  10 9.5 19.6675 0.00853624
  11 10.5 20.4794 0.00888864
  12 11.5 21.2333 0.00921584
  13 12.5 21.8452 0.00948144
  14 13.5 22.4319 0.00973605
  15 14.5 22.9821 0.00997487
  16 15.5 23.4059 0.0101588
  17 16.5 23.7641 0.0103143
  18 17.5 24.0924 0.0104568
  19 18.5 24.4003 0.0105904
  20 19.5 24.6336 0.0106917
  21 20.5 24.8248 0.0107747
  22 21.5 25.0046 0.0108527
  23 22.5 25.1391 0.0109111
  24 23.5 25.2282 0.0109497
  25 24.5 25.3481 0.0110018
  26 25.5 25.4296 0.0110372
  27 26.5 25.4894 0.0110631
  28 27.5 25.5389 0.0110846
  29 28.5 25.6035 0.0111126
  30 29.5 25.6079 0.0111145
  31 30.5 25.6371 0.0111272
  32 31.5 25.6817 0.0111466
  33 32.5 25.7001 0.0111546
  34 33.5 25.7004 0.0111547
  35 34.5 25.7326 0.0111687
  36 35.5 25.7202 0.0111633
  37 36.5 25.7477 0.0111752
  38 37.5 25.7471 0.011175
  39 38.5 25.7274 0.0111664
  40 39.5 25.7675 0.0111838
  41 40.5 25.7645 0.0111825
  42 41.5 25.733 0.0111688
  43 42.5 25.7393 0.0111716
  44 43.5 25.739 0.0111715
  45 44.5 25.7253 0.0111655
  46 45.5 25.7535 0.0111777
  47 46.5 25.7531 0.0111776
  48 47.5 25.7439 0.0111736
  49 48.5 25.7533 0.0111777
  50 49.5 25.8009 0.0111983
  51 50.5 25.7307 0.0111678
  52 51.5 25.746 0.0111745
  53 52.5 25.7703 0.011185
  54 53.5 25.7813 0.0111898
  55 54.5 25.7756 0.0111873
  56 55.5 25.7586 0.01118
  57 56.5 25.7925 0.0111947
  58 57.5 25.7595 0.0111803
  59 58.5 25.8034 0.0111994
  60 59.5 25.7581 0.0111797
  61 60.5 25.7807 0.0111895
  62 61.5 25.788 0.0111927
  63 62.5 25.812 0.0112031
  64 63.5 25.8023 0.0111989
  65 64.5 25.7948 0.0111957
  66 65.5 25.78 0.0111892
  67 66.5 25.7839 0.0111909
  68 67.5 25.8262 0.0112093
  69 68.5 25.7834 0.0111907
  70 69.5 25.7693 0.0111846
  71 70.5 25.8046 0.0111999
  72 71.5 25.8016 0.0111986
  73 72.5 25.7872 0.0111924
  74 73.5 25.807 0.0112009
  75 74.5 25.8329 0.0112122
  76 75.5 25.8241 0.0112084
  77 76.5 25.7957 0.0111961
  78 77.5 25.8066 0.0112008
  79 78.5 25.8015 0.0111986
  80 79.5 25.8264 0.0112094
  81 80.5 25.8128 0.0112035
  82 81.5 25.783 0.0111906
  83 82.5 25.7958 0.0111961
  84 83.5 25.8146 0.0112043
  85 84.5 25.806 0.0112005
  86 85.5 25.7807 0.0111895
  87 86.5 25.8111 0.0112027
  88 87.5 25.8097 0.0112021
  89 88.5 25.7957 0.011196
  90 89.5 25.7999 0.0111979
  91 90.5 25.8193 0.0112063
  92 91.5 25.8496 0.0112195
  93 92.5 25.8045 0.0111999
  94 93.5 25.8337 0.0112126
  95 94.5 25.8166 0.0112051
  96 95.5 25.8286 0.0112103
  97 96.5 25.8108 0.0112026
  98 97.5 25.8514 0.0112202
  99 98.5 25.8242 0.0112084
  100 99.5 25.8255 0.011209
  101 100.5 25.8522 0.0112206
  102 101.5 25.8536 0.0112212
  103 102.5 25.8226 0.0112077
  104 103.5 25.822 0.0112075
  105 104.5 25.8583 0.0112232
  106 105.5 25.8204 0.0112068
  107 106.5 25.844 0.011217
  108 107.5 25.8409 0.0112157
  109 108.5 25.8382 0.0112145
  110 109.5 25.8253 0.0112089
  111 110.5 25.8302 0.011211
  112 111.5 25.8385 0.0112146
  113 112.5 25.836 0.0112135
  114 113.5 25.8168 0.0112052
  115 114.5 25.8351 0.0112131
  116 115.5 25.8342 0.0112128
  117 116.5 25.8527 0.0112208
  118 117.5 25.862 0.0112248
  119 118.5 25.8785 0.011232
  120 119.5 25.8484 0.0112189
  121 120.5 25.8835 0.0112342
  122 121.5 25.8431 0.0112166
  123 122.5 25.8839 0.0112343
  124 123.5 25.9115 0.0112463
  125 124.5 25.9045 0.0112433
  126 125.5 25.8587 0.0112234
  127 126.5 25.9045 0.0112433
  128 127.5 25.8599 0.0112239
  129 128.5 25.871 0.0112287
  130 129.5 25.8783 0.0112319
  131 130.5 25.8887 0.0112364
  132 131.5 25.8972 0.0112401
  133 132.5 25.8778 0.0112317
  134 133.5 25.8697 0.0112282
  135 134.5 25.872 0.0112292
  136 135.5 25.8731 0.0112296
  137 136.5 25.8502 0.0112197
  138 137.5 25.8723 0.0112293
  139 138.5 25.8737 0.0112299
  140 139.5 25.8495 0.0112194
  141 140.5 25.8336 0.0112125
  142 141.5 25.8617 0.0112247
  143 142.5 25.8249 0.0112087
  144 143.5 25.7959 0.0111961
  145 144.5 25.7788 0.0111887
  146 145.5 25.7822 0.0111902
  147 146.5 25.719 0.0111627
  148 147.5 25.6751 0.0111437
  149 148.5 25.6345 0.0111261
  150 149.5 25.6094 0.0111152
  151 150.5 25.4906 0.0110636
  152 151.5 25.3893 0.0110197
  153 152.5 25.334 0.0109957
  154 153.5 25.2045 0.0109394
  155 154.5 24.9944 0.0108483
  156 155.5 24.8071 0.010767
  157 156.5 24.5355 0.0106491
  158 157.5 24.13 0.0104731
  159 158.5 23.5547 0.0102234
  160 159.5 22.6369 0.00982505
  161 160.5 21.1534 0.00918115
  162 161.5 18.7779 0.00815015
  163 162.5 15.4477 0.00670473
  164 163.5 11.4784 0.00498193
  165 164.5 7.58248 0.00329101
  166 165.5 4.43865 0.0019265
  167 166.5 2.33229 0.00101228
  168 167.5 1.1304 0.000490625
  169 168.5 0.525602 0.000228126
  170 169.5 0.259868 0.00011279
  171 170.5 0.143846 6.24332e-05
  172 171.5 0.095192 4.1316e-05
  173 172.5 0.073656 3.19688e-05
  174 173.5 0.06281 2.72613e-05
  175 174.5 0.056462 2.45061e-05
  176 175.5 0.05334 2.3151e-05
  177 176.5 0.053408 2.31806e-05
  178 177.5 0.054512 2.36597e-05
  179 178.5 0.0536 2.32639e-05
  180 179.5 0.050756 2.20295e-05
  181 180.5 0.05167 2.24262e-05
  182 181.5 0.050804 2.20503e-05
  183 182.5 0.051616 2.24028e-05
  184 183.5 0.052622 2.28394e-05
  185 184.5 0.05095 2.21137e-05
  186 185.5 0.054388 2.36059e-05
  187 186.5 0.055162 2.39418e-05
  188 187.5 0.055412 2.40503e-05
  189 188.5 0.053822 2.33602e-05
  190 189.5 0.055398 2.40443e-05
  191 190.5 0.057642 2.50182e-05
  192 191.5 0.061496 2.6691e-05
  193 192.5 0.063108 2.73906e-05
  194 193.5 0.064112 2.78264e-05
  195 194.5 0.060892 2.64288e-05
  196 195.5 0.062568 2.71562e-05
  197 196.5 0.066096 2.86875e-05
  198 197.5 0.065728 2.85278e-05
  199 198.5 0.068446 2.97075e-05
  200 199.5 0.069662 3.02352e-05
  201 200.5 0.070158 3.04505e-05
  202 201.5 0.066526 2.88741e-05
  203 202.5 0.063702 2.76484e-05
  204 203.5 0.062776 2.72465e-05
  205 204.5 0.061604 2.67378e-05
  206 205.5 0.065062 2.82387e-05
  207 206.5 0.063516 2.75677e-05
  208 207.5 0.064196 2.78628e-05
  209 208.5 0.06573 2.85286e-05
  210 209.5 0.064792 2.81215e-05
  211 210.5 0.063658 2.76293e-05
  212 211.5 0.063082 2.73793e-05
  213 212.5 0.062336 2.70556e-05
  214 213.5 0.06412 2.78299e-05
  215 214.5 0.065002 2.82127e-05
  216 215.5 0.068002 2.95148e-05
  217 216.5 0.065574 2.84609e-05
  218 217.5 0.063076 2.73767e-05
  219 218.5 0.063752 2.76701e-05
  220 219.5 0.06383 2.7704e-05
  221 220.5 0.06402 2.77865e-05
  222 221.5 0.059042 2.56259e-05
  223 222.5 0.05614 2.43663e-05
  224 223.5 0.056262 2.44193e-05
  225 224.5 0.058028 2.51858e-05
  226 225.5 0.058668 2.54635e-05
  227 226.5 0.059056 2.56319e-05
  228 227.5 0.059228 2.57066e-05
  229 228.5 0.058316 2.53108e-05
  230 229.5 0.056562 2.45495e-05
  231 230.5 0.057036 2.47552e-05
  232 231.5 0.05453 2.36675e-05
  233 232.5 0.05519 2.3954e-05
  234 233.5 0.055202 2.39592e-05
  235 234.5 0.055038 2.3888e-05
  236 235.5 0.054316 2.35747e-05
  237 236.5 0.053434 2.31918e-05
  238 237.5 0.053294 2.31311e-05
  239 238.5 0.052528 2.27986e-05
  240 239.5 0.053286 2.31276e-05
  241 240.5 0.054688 2.37361e-05
  242 241.5 0.056004 2.43073e-05
  243 242.5 0.057428 2.49253e-05
  244 243.5 0.057926 2.51415e-05
  245 244.5 0.058726 2.54887e-05
  246 245.5 0.057862 2.51137e-05
  247 246.5 0.056832 2.46667e-05
  248 247.5 0.054184 2.35174e-05
  249 248.5 0.056506 2.45252e-05
  250 249.5 0.056086 2.43429e-05
  251 250.5 0.055376 2.40347e-05
  252 251.5 0.055522 2.40981e-05
  253 252.5 0.0524 2.27431e-05
  254 253.5 0.052966 2.29887e-05
  255 254.5 0.050954 2.21155e-05
  256 255.5 0.047546 2.06363e-05
  257 256.5 0.04682 2.03212e-05
  258 257.5 0.04808 2.08681e-05
  259 258.5 0.050342 2.18498e-05
  260 259.5 0.051988 2.25642e-05
  261 260.5 0.05129 2.22613e-05
  262 261.5 0.051386 2.2303e-05
  263 262.5 0.05028 2.18229e-05
  264 263.5 0.04915 2.13325e-05
  265 264.5 0.051866 2.25113e-05
  266 265.5 0.051576 2.23854e-05
  267 266.5 0.051742 2.24575e-05
  268 267.5 0.05217 2.26432e-05
  269 268.5 0.05033 2.18446e-05
  270 269.5 0.04941 2.14453e-05
  271 270.5 0.049746 2.15911e-05
  272 271.5 0.047588 2.06545e-05
  273 272.5 0.05104 2.21528e-05
  274 273.5 0.052202 2.26571e-05
  275 274.5 0.049754 2.15946e-05
  276 275.5 0.04928 2.13889e-05
  277 276.5 0.052966 2.29887e-05
  278 277.5 0.052966 2.29887e-05
  279 278.5 0.053346 2.31536e-05
  280 279.5 0.056048 2.43264e-05
  281 280.5 0.057976 2.51632e-05
  282 281.5 0.058388 2.5342e-05
  283 282.5 0.060162 2.6112e-05
  284 283.5 0.05933 2.57509e-05
  285 284.5 0.058966 2.55929e-05
  286 285.5 0.060792 2.63854e-05
  287 286.5 0.062318 2.70477e-05
  288 287.5 0.0616 2.67361e-05
  289 288.5 0.06262 2.71788e-05
  290 289.5 0.061984 2.69028e-05
  291 290.5 0.057342 2.4888e-05
  292 291.5 0.057918 2.5138e-05
  293 292.5 0.058414 2.53533e-05
  294 293.5 0.059688 2.59062e-05
  295 294.5 0.057882 2.51224e-05
  296 295.5 0.05778 2.50781e-05
  297 296.5 0.057924 2.51406e-05
  298 297.5 0.060168 2.61146e-05
  299 298.5 0.061198 2.65616e-05
  300 299.5 0.062096 2.69514e-05
  301 300.5 0.062382 2.70755e-05
  302 301.5 0.062506 2.71293e-05
  303 302.5 0.05898 2.5599e-05
  304 303.5 0.055208 2.39618e-05
  305 304.5 0.055154 2.39384e-05
  306 305.5 0.052642 2.28481e-05
  307 306.5 0.053562 2.32474e-05
  308 307.5 0.053844 2.33698e-05
  309 308.5 0.051726 2.24505e-05
  310 309.5 0.052774 2.29054e-05
  311 310.5 0.052982 2.29957e-05
  312 311.5 0.051742 2.24575e-05
  313 312.5 0.055042 2.38898e-05
  314 313.5 0.059048 2.56285e-05
  315 314.5 0.066666 2.89349e-05
  316 315.5 0.07636 3.31424e-05
  317 316.5 0.098642 4.28134e-05
  318 317.5 0.14428 6.26215e-05
  319 318.5 0.25099 0.000108937
  320 319.5 0.494646 0.00021469
  321 320.5 1.00769 0.000437366
  322 321.5 1.99773 0.000867069
  323 322.5 3.62176 0.00157194
  324 323.5 5.86423 0.00254524
  325 324.5 8.38877 0.00364096
  326 325.5 10.6792 0.00463506
  327 326.5 12.2237 0.00530542
  328 327.5 12.909 0.00560288
  329 328.5 12.8232 0.00556561
  330 329.5 12.3048 0.00534064
  331 330.5 11.5521 0.00501392
  332 331.5 10.7208 0.00465312
  333 332.5 9.8994 0.00429662
  334 333.5 9.12619 0.00396102
  335 334.5 8.41466 0.0036522
  336 335.5 7.75194 0.00336456
  337 336.5 7.16332 0.00310908
  338 337.5 6.66235 0.00289165
  339 338.5 6.21288 0.00269656
  340 339.5 5.81359 0.00252326
  341 340.5 5.49758 0.0023861
  342 341.5 5.20185 0.00225775
  343 342.5 4.968 0.00215625
  344 343.5 4.76736 0.00206917
  345 344.5 4.6153 0.00200317
  346 345.5 4.48391 0.00194614
  347 346.5 4.37227 0.00189769
  348 347.5 4.27205 0.00185419
  349 348.5 4.19217 0.00181952
  350 349.5 4.1323 0.00179353
  351 350.5 4.07619 0.00176918
  352 351.5 4.02723 0.00174793
  353 352.5 3.9902 0.00173186
  354 353.5 3.97559 0.00172552
  355 354.5 3.94707 0.00171314
  356 355.5 3.93294 0.00170701
  357 356.5 3.90136 0.0016933
  358 357.5 3.89533 0.00169068
  359 358.5 3.89067 0.00168866
  360 359.5 3.87891 0.00168356
  361 360.5 3.86255 0.00167645
  362 361.5 3.86049 0.00167556
  363 362.5 3.84415 0.00166847
  364 363.5 3.84753 0.00166993
  365 364.5 3.82932 0.00166203
  366 365.5 3.81684 0.00165662
  367 366.5 3.8215 0.00165864
  368 367.5 3.81929 0.00165768
  369 368.5 3.81807 0.00165715
  370 369.5 3.8118 0.00165443
  371 370.5 3.8126 0.00165477
  372 371.5 3.82061 0.00165825
  373 372.5 3.81552 0.00165604
  374 373.5 3.80921 0.0016533
  375 374.5 3.82653 0.00166082
  376 375.5 3.82795 0.00166144
  377 376.5 3.82392 0.00165969
  378 377.5 3.81795 0.0016571
  379 378.5 3.81976 0.00165788
  380 379.5 3.82079 0.00165833
  381 380.5 3.81641 0.00165643
  382 381.5 3.81279 0.00165486
  383 382.5 3.82576 0.00166048
  384 383.5 3.83756 0.00166561
  385 384.5 3.82741 0.0016612
  386 385.5 3.82096 0.0016584
  387 386.5 3.81941 0.00165773
  388 387.5 3.82213 0.00165891
  389 388.5 3.80976 0.00165354
  390 389.5 3.81698 0.00165668
  391 390.5 3.80948 0.00165342
  392 391.5 3.80833 0.00165292
  393 392.5 3.80732 0.00165248
  394 393.5 3.80726 0.00165246
  395 394.5 3.80203 0.00165019
  396 395.5 3.80318 0.00165069
  397 396.5 3.79952 0.0016491
  398 397.5 3.80203 0.00165019
  399 398.5 3.7881 0.00164414
  400 399.5 3.79344 0.00164646
  401 400.5 3.80067 0.00164959
  402 401.5 3.80701 0.00165235
  403 402.5 3.80227 0.00165029
  404 403.5 3.81569 0.00165611
  405 404.5 3.81597 0.00165624
  406 405.5 3.83956 0.00166648
  407 406.5 3.83253 0.00166342
  408 407.5 3.84018 0.00166674
  409 408.5 3.83844 0.00166599
  410 409.5 3.84638 0.00166944
  411 410.5 3.85125 0.00167155
  412 411.5 3.84607 0.0016693
  413 412.5 3.85476 0.00167307
  414 413.5 3.8657 0.00167782
  415 414.5 3.85382 0.00167266
  416 415.5 3.86226 0.00167633
  417 416.5 3.86354 0.00167688
  418 417.5 3.86998 0.00167968
  419 418.5 3.85949 0.00167513
  420 419.5 3.86919 0.00167934
  421 420.5 3.85344 0.0016725
  422 421.5 3.85484 0.00167311
  423 422.5 3.8579 0.00167443
  424 423.5 3.86149 0.00167599
  425 424.5 3.87683 0.00168265
  426 425.5 3.88394 0.00168574
  427 426.5 3.89674 0.00169129
  428 427.5 3.88438 0.00168593
  429 428.5 3.8961 0.00169102
  430 429.5 3.89584 0.0016909
  431 430.5 3.89121 0.00168889
  432 431.5 3.89371 0.00168998
  433 432.5 3.90962 0.00169689
  434 433.5 3.90212 0.00169363
  435 434.5 3.89607 0.001691
  436 435.5 3.9019 0.00169353
  437 436.5 3.88981 0.00168829
  438 437.5 3.88003 0.00168404
  439 438.5 3.88005 0.00168405
  440 439.5 3.88327 0.00168545
  441 440.5 3.88837 0.00168766
  442 441.5 3.89072 0.00168868
  443 442.5 3.87762 0.001683
  444 443.5 3.88737 0.00168723
  445 444.5 3.90107 0.00169317
  446 445.5 3.90761 0.00169601
  447 446.5 3.90876 0.00169651
  448 447.5 3.91597 0.00169964
  449 448.5 3.90934 0.00169676
  450 449.5 3.90651 0.00169553
  451 450.5 3.92038 0.00170155
  452 451.5 3.92525 0.00170367
  453 452.5 3.91879 0.00170086
  454 453.5 3.93066 0.00170601
  455 454.5 3.92825 0.00170497
  456 455.5 3.93232 0.00170674
  457 456.5 3.96726 0.0017219
  458 457.5 3.96398 0.00172048
  459 458.5 3.97694 0.0017261
  460 459.5 4.00554 0.00173851
  461 460.5 4.03859 0.00175286
  462 461.5 4.07601 0.0017691
  463 462.5 4.11354 0.00178539
  464 463.5 4.17471 0.00181194
  465 464.5 4.24517 0.00184252
  466 465.5 4.33282 0.00188056
  467 466.5 4.43842 0.0019264
  468 467.5 4.57014 0.00198357
  469 468.5 4.74496 0.00205944
  470 469.5 4.94229 0.00214509
  471 470.5 5.17789 0.00224735
  472 471.5 5.47824 0.00237771
  473 472.5 5.82494 0.00252819
  474 473.5 6.21519 0.00269757
  475 474.5 6.67568 0.00289743
  476 475.5 7.22296 0.00313497
  477 476.5 7.84321 0.00340417
  478 477.5 8.49768 0.00368823
  479 478.5 9.24737 0.00401361
  480 479.5 10.0769 0.00437367
30000000 480 4824.000000000002
  1 0.5 11.1132 0.00482342
  2 1.5 12.0781 0.00524225
  3 2.5 13.0725 0.00567382
  4 3.5 14.1219 0.00612928
  5 4.5 15.1903 0.006593
  6 5.5 16.2276 0.00704325
  7 6.5 17.2114 0.00747022
  8 7.5 18.1784 0.00788995
  9 8.5 19.0849 0.00828339
  10 9.5 19.9592 0.00866284
  11 10.5 20.7427 0.00900292
  12 11.5 21.4469 0.00930857
  13 12.5 22.0254 0.00955963
  14 13.5 22.5974 0.0098079
  15 14.5 23.0969 0.0100247
  16 15.5 23.5057 0.0102021
  17 16.5 23.8698 0.0103602
  18 17.5 24.1502 0.0104818
  19 18.5 24.4519 0.0106128
  20 19.5 24.6283 0.0106894
  21 20.5 24.8214 0.0107732
  22 21.5 24.9796 0.0108418
  23 22.5 25.0874 0.0108886
  24 23.5 25.209 0.0109414
  25 24.5 25.3203 0.0109897
  26 25.5 25.3733 0.0110127
  27 26.5 25.3954 0.0110223
  28 27.5 25.4844 0.0110609
  29 28.5 25.5274 0.0110796
  30 29.5 25.5568 0.0110924
  31 30.5 25.5724 0.0110991
  32 31.5 25.6241 0.0111216
  33 32.5 25.6447 0.0111305
  34 33.5 25.6682 0.0111407
  35 34.5 25.6466 0.0111313
  36 35.5 25.7113 0.0111594
  37 36.5 25.6803 0.011146
  38 37.5 25.6835 0.0111474
  39 38.5 25.6925 0.0111513
  40 39.5 25.7126 0.01116
  41 40.5 25.7275 0.0111664
  42 41.5 25.7135 0.0111604
  43 42.5 25.7169 0.0111619
  44 43.5 25.7453 0.0111742
  45 44.5 25.76 0.0111806
  46 45.5 25.7235 0.0111647
  47 46.5 25.7446 0.0111739
  48 47.5 25.7478 0.0111753
  49 48.5 25.7337 0.0111691
  50 49.5 25.7446 0.0111739
  51 50.5 25.7679 0.011184
  52 51.5 25.7768 0.0111879
  53 52.5 25.7658 0.0111831
  54 53.5 25.7751 0.0111871
  55 54.5 25.7843 0.0111911
  56 55.5 25.7929 0.0111948
  57 56.5 25.7948 0.0111957
  58 57.5 25.8132 0.0112037
  59 58.5 25.8178 0.0112056
  60 59.5 25.821 0.011207
  61 60.5 25.8338 0.0112126
  62 61.5 25.8369 0.0112139
  63 62.5 25.8351 0.0112132
  64 63.5 25.8463 0.011218
  65 64.5 25.8508 0.01122
  66 65.5 25.8795 0.0112324
  67 66.5 25.8887 0.0112364
  68 67.5 25.8561 0.0112223
  69 68.5 25.881 0.0112331
  70 69.5 25.8879 0.0112361
  71 70.5 25.8898 0.0112369
  72 71.5 25.888 0.0112361
  73 72.5 25.901 0.0112418
  74 73.5 25.905 0.0112435
  75 74.5 25.8868 0.0112356
  76 75.5 25.9253 0.0112523
  77 76.5 25.9149 0.0112478
  78 77.5 25.9423 0.0112597
  79 78.5 25.9024 0.0112424
  80 79.5 25.9398 0.0112586
  81 80.5 25.9569 0.011266
  82 81.5 25.9246 0.011252
  83 82.5 25.9245 0.0112519
  84 83.5 25.9491 0.0112626
  85 84.5 25.9476 0.011262
  86 85.5 25.919 0.0112496
  87 86.5 25.9331 0.0112557
  88 87.5 25.9305 0.0112546
  89 88.5 25.8991 0.0112409
  90 89.5 25.9417 0.0112594
  91 90.5 25.9209 0.0112504
  92 91.5 25.9051 0.0112435
  93 92.5 25.9292 0.011254
  94 93.5 25.9647 0.0112694
  95 94.5 25.9106 0.0112459
  96 95.5 25.9304 0.0112545
  97 96.5 25.95 0.011263
  98 97.5 25.936 0.011257
  99 98.5 25.931 0.0112548
  100 99.5 25.96 0.0112674
  101 100.5 25.9274 0.0112532
  102 101.5 25.9057 0.0112438
  103 102.5 25.9297 0.0112542
  104 103.5 25.9631 0.0112687
  105 104.5 25.9206 0.0112503
  106 105.5 25.9068 0.0112443
  107 106.5 25.9623 0.0112683
  108 107.5 25.9889 0.0112799
  109 108.5 25.9482 0.0112623
  110 109.5 25.9318 0.0112551
  111 110.5 25.9712 0.0112722
  112 111.5 25.974 0.0112735
  113 112.5 25.9553 0.0112653
  114 113.5 25.9561 0.0112657
  115 114.5 25.9533 0.0112644
  116 115.5 25.9871 0.0112791
  117 116.5 25.9654 0.0112697
  118 117.5 25.9458 0.0112612
  119 118.5 25.9307 0.0112546
  120 119.5 25.9692 0.0112714
  121 120.5 25.9605 0.0112676
  122 121.5 25.9275 0.0112532
  123 122.5 25.9713 0.0112723
  124 123.5 25.9242 0.0112518
  125 124.5 25.9437 0.0112603
  126 125.5 25.9366 0.0112572
  127 126.5 25.9659 0.0112699
  128 127.5 25.9242 0.0112518
  129 128.5 25.9298 0.0112542
  130 129.5 25.9214 0.0112506
  131 130.5 25.9525 0.0112641
  132 131.5 25.9036 0.0112429
  133 132.5 25.9423 0.0112597
  134 133.5 25.927 0.011253
  135 134.5 25.9114 0.0112463
  136 135.5 25.9334 0.0112558
  137 136.5 25.9291 0.0112539
  138 137.5 25.9183 0.0112492
  139 138.5 25.9023 0.0112423
  140 139.5 25.9183 0.0112493
  141 140.5 25.9174 0.0112489
  142 141.5 25.8976 0.0112403
  143 142.5 25.8656 0.0112264
  144 143.5 25.8767 0.0112312
  145 144.5 25.8439 0.011217
  146 145.5 25.7952 0.0111958
  147 146.5 25.7852 0.0111915
  148 147.5 25.7036 0.0111561
  149 148.5 25.6769 0.0111445
  150 149.5 25.6258 0.0111223
  151 150.5 25.534 0.0110825
  152 151.5 25.4437 0.0110433
  153 152.5 25.3298 0.0109939
  154 153.5 25.1814 0.0109294
  155 154.5 24.9833 0.0108434
  156 155.5 24.7863 0.010758
  157 156.5 24.4436 0.0106092
  158 157.5 23.9796 0.0104078
  159 158.5 23.2731 0.0101012
  160 159.5 22.1354 0.00960739
  161 160.5 20.2441 0.0087865
  162 161.5 17.4553 0.00757609
  163 162.5 13.8184 0.00599756
  164 163.5 9.80828 0.00425706
  165 164.5 6.18206 0.00268319
  166 165.5 3.45316 0.00149877
  167 166.5 1.75609 0.00076219
  168 167.5 0.825782 0.000358412
  169 168.5 0.386228 0.000167634
  170 169.5 0.195488 8.48472e-05
  171 170.5 0.116454 5.05443e-05
  172 171.5 0.085958 3.73082e-05
  173 172.5 0.070038 3.03984e-05
  174 173.5 0.060754 2.63689e-05
  175 174.5 0.058282 2.5296e-05
  176 175.5 0.055392 2.40417e-05
  177 176.5 0.050668 2.19913e-05
  178 177.5 0.049 2.12674e-05
  179 178.5 0.047596 2.0658e-05
  180 179.5 0.0465 2.01823e-05
  181 180.5 0.045326 1.96727e-05
  182 181.5 0.043224 1.87604e-05
  183 182.5 0.043592 1.89201e-05
  184 183.5 0.044194 1.91814e-05
  185 184.5 0.041766 1.81276e-05
  186 185.5 0.038468 1.66962e-05
  187 186.5 0.04067 1.76519e-05
  188 187.5 0.039572 1.71753e-05
  189 188.5 0.040734 1.76797e-05
  190 189.5 0.042152 1.82951e-05
  191 190.5 0.042062 1.82561e-05
  192 191.5 0.040296 1.74896e-05
  193 192.5 0.042626 1.85009e-05
  194 193.5 0.04605 1.9987e-05
  195 194.5 0.04701 2.04036e-05
  196 195.5 0.046784 2.03056e-05
  197 196.5 0.046754 2.02925e-05
  198 197.5 0.045346 1.96814e-05
  199 198.5 0.045224 1.96285e-05
  200 199.5 0.04436 1.92535e-05
  201 200.5 0.045908 1.99253e-05
  202 201.5 0.043712 1.89722e-05
  203 202.5 0.041052 1.78177e-05
  204 203.5 0.041758 1.81241e-05
  205 204.5 0.043028 1.86753e-05
  206 205.5 0.044862 1.94714e-05
  207 206.5 0.04489 1.94835e-05
  208 207.5 0.045986 1.99592e-05
  209 208.5 0.045728 1.98472e-05
  210 209.5 0.043688 1.89618e-05
  211 210.5 0.044178 1.91745e-05
  212 211.5 0.045246 1.9638e-05
  213 212.5 0.044464 1.92986e-05
  214 213.5 0.046586 2.02196e-05
  215 214.5 0.048486 2.10443e-05
  216 215.5 0.048224 2.09306e-05
  217 216.5 0.046796 2.03108e-05
  218 217.5 0.0467 2.02691e-05
  219 218.5 0.045026 1.95425e-05
  220 219.5 0.043934 1.90686e-05
  221 220.5 0.040004 1.73628e-05
  222 221.5 0.040858 1.77335e-05
  223 222.5 0.043526 1.88915e-05
  224 223.5 0.04388 1.90451e-05
  225 224.5 0.045194 1.96155e-05
  226 225.5 0.046894 2.03533e-05
  227 226.5 0.045738 1.98516e-05
  228 227.5 0.045346 1.96814e-05
  229 228.5 0.04716 2.04687e-05
  230 229.5 0.046926 2.03672e-05
  231 230.5 0.049572 2.15156e-05
  232 231.5 0.049692 2.15677e-05
  233 232.5 0.050354 2.1855e-05
  234 233.5 0.048272 2.09514e-05
  235 234.5 0.04818 2.09115e-05
  236 235.5 0.04614 2.0026e-05
  237 236.5 0.044736 1.94167e-05
  238 237.5 0.045216 1.9625e-05
  239 238.5 0.044438 1.92873e-05
  240 239.5 0.04565 1.98134e-05
  241 240.5 0.04801 2.08377e-05
  242 241.5 0.04703 2.04123e-05
  243 242.5 0.04971 2.15755e-05
  244 243.5 0.05061 2.19661e-05
  245 244.5 0.05211 2.26172e-05
  246 245.5 0.050638 2.19783e-05
  247 246.5 0.050238 2.18047e-05
  248 247.5 0.04876 2.11632e-05
  249 248.5 0.047498 2.06155e-05
  250 249.5 0.044504 1.9316e-05
  251 250.5 0.045138 1.95911e-05
  252 251.5 0.046748 2.02899e-05
  253 252.5 0.047582 2.06519e-05
  254 253.5 0.04908 2.13021e-05
  255 254.5 0.049014 2.12734e-05
  256 255.5 0.04816 2.09028e-05
  257 256.5 0.050508 2.19219e-05
  258 257.5 0.053082 2.30391e-05
  259 258.5 0.05462 2.37066e-05
  260 259.5 0.054132 2.34948e-05
  261 260.5 0.05362 2.32726e-05
  262 261.5 0.056092 2.43455e-05
  263 262.5 0.055734 2.41901e-05
  264 263.5 0.056756 2.46337e-05
  265 264.5 0.057194 2.48238e-05
  266 265.5 0.054476 2.36441e-05
  267 266.5 0.050016 2.17083e-05
  268 267.5 0.050672 2.19931e-05
  269 268.5 0.051762 2.24661e-05
  270 269.5 0.053994 2.34349e-05
  271 270.5 0.053704 2.3309e-05
  272 271.5 0.055976 2.42951e-05
  273 272.5 0.05705 2.47613e-05
  274 273.5 0.056934 2.47109e-05
  275 274.5 0.055616 2.41389e-05
  276 275.5 0.058832 2.55347e-05
  277 276.5 0.061236 2.65781e-05
  278 277.5 0.064254 2.7888e-05
  279 278.5 0.065302 2.83429e-05
  280 279.5 0.065158 2.82804e-05
  281 280.5 0.06474 2.8099e-05
  282 281.5 0.067112 2.91285e-05
  283 282.5 0.06824 2.96181e-05
  284 283.5 0.064912 2.81736e-05
  285 284.5 0.06283 2.727e-05
  286 285.5 0.061564 2.67205e-05
  287 286.5 0.06128 2.65972e-05
  288 287.5 0.059882 2.59905e-05
  289 288.5 0.058048 2.51944e-05
  290 289.5 0.056364 2.44635e-05
  291 290.5 0.05466 2.3724e-05
  292 291.5 0.052708 2.28767e-05
  293 292.5 0.05034 2.1849e-05
  294 293.5 0.048088 2.08715e-05
  295 294.5 0.04646 2.01649e-05
  296 295.5 0.047658 2.06849e-05
  297 296.5 0.048598 2.10929e-05
  298 297.5 0.04604 1.99826e-05
  299 298.5 0.044472 1.93021e-05
  300 299.5 0.046182 2.00443e-05
  301 300.5 0.046288 2.00903e-05
  302 301.5 0.047272 2.05174e-05
  303 302.5 0.046516 2.01892e-05
  304 303.5 0.046932 2.03698e-05
  305 304.5 0.045306 1.96641e-05
  306 305.5 0.043758 1.89922e-05
  307 306.5 0.045096 1.95729e-05
  308 307.5 0.044962 1.95148e-05
  309 308.5 0.047178 2.04766e-05
  310 309.5 0.047828 2.07587e-05
  311 310.5 0.048626 2.1105e-05
  312 311.5 0.050144 2.17639e-05
  313 312.5 0.055072 2.39028e-05
  314 313.5 0.062538 2.71432e-05
  315 314.5 0.072766 3.15825e-05
  316 315.5 0.089906 3.90217e-05
  317 316.5 0.119702 5.1954e-05
  318 317.5 0.184776 8.01979e-05
  319 318.5 0.336346 0.000145984
  320 319.5 0.67245 0.000291862
  321 320.5 1.34903 0.000585516
  322 321.5 2.56528 0.0011134
  323 322.5 4.41106 0.00191452
  324 323.5 6.76106 0.00293449
  325 324.5 9.16921 0.00397969
  326 325.5 11.1365 0.00483355
  327 326.5 12.265 0.00532336
  328 327.5 12.573 0.00545703
  329 328.5 12.2375 0.00531143
  330 329.5 11.58 0.00502603
  331 330.5 10.7674 0.00467334
  332 331.5 9.92835 0.00430918
  333 332.5 9.12594 0.00396091
  334 333.5 8.39815 0.00364503
  335 334.5 7.72954 0.00335483
  336 335.5 7.14438 0.00310086
  337 336.5 6.58678 0.00285885
  338 337.5 6.15995 0.00267359
  339 338.5 5.76213 0.00250092
  340 339.5 5.43193 0.00235761
  341 340.5 5.15929 0.00223927
  342 341.5 4.93612 0.00214241
  343 342.5 4.74069 0.00205759
  344 343.5 4.5866 0.00199071
  345 344.5 4.45199 0.00193229
  346 345.5 4.35234 0.00188904
  347 346.5 4.26727 0.00185211
  348 347.5 4.20249 0.001824
  349 348.5 4.15414 0.00180301
  350 349.5 4.10998 0.00178385
  351 350.5 4.08021 0.00177092
  352 351.5 4.04816 0.00175702
  353 352.5 4.02725 0.00174794
  354 353.5 3.99704 0.00173483
  355 354.5 3.98846 0.0017311
  356 355.5 3.96878 0.00172256
  357 356.5 3.96449 0.0017207
  358 357.5 3.95751 0.00171767
  359 358.5 3.94601 0.00171268
  360 359.5 3.94997 0.0017144
  361 360.5 3.96144 0.00171937
  362 361.5 3.95603 0.00171703
  363 362.5 3.94153 0.00171073
  364 363.5 3.94922 0.00171407
  365 364.5 3.95683 0.00171737
  366 365.5 3.93586 0.00170827
  367 366.5 3.93563 0.00170817
  368 367.5 3.93695 0.00170875
  369 368.5 3.93141 0.00170634
  370 369.5 3.92635 0.00170415
  371 370.5 3.92451 0.00170334
  372 371.5 3.91265 0.0016982
  373 372.5 3.90908 0.00169665
  374 373.5 3.92191 0.00170222
  375 374.5 3.92502 0.00170357
  376 375.5 3.92713 0.00170448
  377 376.5 3.91819 0.0017006
  378 377.5 3.9223 0.00170239
  379 378.5 3.90296 0.00169399
  380 379.5 3.90568 0.00169518
  381 380.5 3.90663 0.00169558
  382 381.5 3.9002 0.0016928
  383 382.5 3.89307 0.0016897
  384 383.5 3.89738 0.00169157
  385 384.5 3.89529 0.00169066
  386 385.5 3.89971 0.00169258
  387 386.5 3.89364 0.00168995
  388 387.5 3.89422 0.0016902
  389 388.5 3.88437 0.00168592
  390 389.5 3.88588 0.00168658
  391 390.5 3.89844 0.00169203
  392 391.5 3.8919 0.00168919
  393 392.5 3.89084 0.00168873
  394 393.5 3.87762 0.00168299
  395 394.5 3.8833 0.00168546
  396 395.5 3.90322 0.00169411
  397 396.5 3.88698 0.00168706
  398 397.5 3.89241 0.00168941
  399 398.5 3.88789 0.00168745
  400 399.5 3.8884 0.00168767
  401 400.5 3.89025 0.00168847
  402 401.5 3.90201 0.00169358
  403 402.5 3.89597 0.00169096
  404 403.5 3.88564 0.00168647
  405 404.5 3.88393 0.00168574
  406 405.5 3.8896 0.00168819
  407 406.5 3.89481 0.00169045
  408 407.5 3.89313 0.00168973
  409 408.5 3.87497 0.00168185
  410 409.5 3.87982 0.00168395
  411 410.5 3.86658 0.0016782
  412 411.5 3.86091 0.00167574
  413 412.5 3.86664 0.00167823
  414 413.5 3.86171 0.00167609
  415 414.5 3.86813 0.00167888
  416 415.5 3.88113 0.00168452
  417 416.5 3.86168 0.00167607
  418 417.5 3.84977 0.00167091
  419 418.5 3.86103 0.00167579
  420 419.5 3.8595 0.00167513
  421 420.5 3.86346 0.00167685
  422 421.5 3.85439 0.00167291
  423 422.5 3.85457 0.00167299
  424 423.5 3.8614 0.00167595
  425 424.5 3.84997 0.00167099
  426 425.5 3.84771 0.00167001
  427 426.5 3.85673 0.00167393
  428 427.5 3.85462 0.00167301
  429 428.5 3.84428 0.00166852
  430 429.5 3.84053 0.00166689
  431 430.5 3.85002 0.00167101
  432 431.5 3.8475 0.00166992
  433 432.5 3.84314 0.00166803
  434 433.5 3.84825 0.00167025
  435 434.5 3.85049 0.00167122
  436 435.5 3.86043 0.00167553
  437 436.5 3.85844 0.00167467
  438 437.5 3.86683 0.00167831
  439 438.5 3.87443 0.00168161
  440 439.5 3.87483 0.00168178
  441 440.5 3.8842 0.00168585
  442 441.5 3.88299 0.00168532
  443 442.5 3.89158 0.00168905
  444 443.5 3.90512 0.00169493
  445 444.5 3.90267 0.00169387
  446 445.5 3.89981 0.00169262
  447 446.5 3.89895 0.00169225
  448 447.5 3.9303 0.00170586
  449 448.5 3.90302 0.00169402
  450 449.5 3.91659 0.00169991
  451 450.5 3.92655 0.00170423
  452 451.5 3.92861 0.00170513
  453 452.5 3.94207 0.00171097
  454 453.5 3.93749 0.00170898
  455 454.5 3.95004 0.00171443
  456 455.5 3.95712 0.0017175
  457 456.5 3.97591 0.00172565
  458 457.5 3.99199 0.00173263
  459 458.5 4.00984 0.00174038
  460 459.5 4.01908 0.00174439
  461 460.5 4.06747 0.0017654
  462 461.5 4.11041 0.00178403
  463 462.5 4.15836 0.00180484
  464 463.5 4.21679 0.0018302
  465 464.5 4.29492 0.00186412
  466 465.5 4.3947 0.00190742
  467 466.5 4.51095 0.00195788
  468 467.5 4.64716 0.00201699
  469 468.5 4.80366 0.00208492
  470 469.5 4.993 0.0021671
  471 470.5 5.22964 0.00226981
  472 471.5 5.52229 0.00239683
  473 472.5 5.84892 0.00253859
  474 473.5 6.24859 0.00271206
  475 474.5 6.72085 0.00291703
  476 475.5 7.2717 0.00315612
  477 476.5 7.88116 0.00342064
  478 477.5 8.5465 0.00370942
  479 478.5 9.3354 0.00405182
  480 479.5 10.1758 0.00441658
40000000 480 4823.999999999996
  1 0.5 13.7838 0.00598254
  2 1.5 14.8698 0.0064539
  3 2.5 15.9416 0.00691909
  4 3.5 17.0381 0.00739501
  5 4.5 18.0374 0.00782875
  6 5.5 19.0055 0.00824893
  7 6.5 19.9065 0.00863997
  8 7.5 20.7173 0.00899187
  9 8.5 21.4532 0.0093113
  10 9.5 22.1112 0.00959687
  11 10.5 22.7109 0.00985717
  12 11.5 23.1992 0.0100691
  13 12.5 23.6543 0.0102666
  14 13.5 24.012 0.0104219
  15 14.5 24.3646 0.0105749
  16 15.5 24.6144 0.0106833
  17 16.5 24.8226 0.0107737
  18 17.5 25.0201 0.0108594
  19 18.5 25.2039 0.0109392
  20 19.5 25.331 0.0109944
  21 20.5 25.3894 0.0110197
  22 21.5 25.5045 0.0110696
  23 22.5 25.5795 0.0111022
  24 23.5 25.615 0.0111176
  25 24.5 25.6609 0.0111376
  26 25.5 25.6673 0.0111403
  27 26.5 25.7409 0.0111723
  28 27.5 25.7797 0.0111891
  29 28.5 25.7746 0.0111869
  30 29.5 25.7833 0.0111907
  31 30.5 25.8252 0.0112089
  32 31.5 25.8409 0.0112157
  33 32.5 25.8169 0.0112053
  34 33.5 25.8241 0.0112084
  35 34.5 25.8652 0.0112262
  36 35.5 25.8569 0.0112226
  37 36.5 25.8198 0.0112065
  38 37.5 25.8331 0.0112123
  39 38.5 25.8617 0.0112247
  40 39.5 25.8665 0.0112268
  41 40.5 25.8504 0.0112198
  42 41.5 25.8544 0.0112215
  43 42.5 25.8705 0.0112285
  44 43.5 25.8614 0.0112246
  45 44.5 25.8549 0.0112218
  46 45.5 25.8752 0.0112306
  47 46.5 25.8578 0.011223
  48 47.5 25.8867 0.0112356
  49 48.5 25.8574 0.0112228
  50 49.5 25.894 0.0112387
  51 50.5 25.877 0.0112313
  52 51.5 25.8812 0.0112331
  53 52.5 25.8837 0.0112343
  54 53.5 25.8953 0.0112393
  55 54.5 25.8885 0.0112363
  56 55.5 25.8958 0.0112395
  57 56.5 25.8886 0.0112364
  58 57.5 25.8767 0.0112312
  59 58.5 25.866 0.0112266
  60 59.5 25.8775 0.0112315
  61 60.5 25.875 0.0112305
  62 61.5 25.8593 0.0112236
  63 62.5 25.873 0.0112296
  64 63.5 25.8603 0.0112241
  65 64.5 25.8659 0.0112265
  66 65.5 25.8531 0.011221
  67 66.5 25.8942 0.0112388
  68 67.5 25.8255 0.011209
  69 68.5 25.862 0.0112248
  70 69.5 25.8417 0.011216
  71 70.5 25.833 0.0112122
  72 71.5 25.8352 0.0112132
  73 72.5 25.8549 0.0112218
  74 73.5 25.8239 0.0112083
  75 74.5 25.8329 0.0112122
  76 75.5 25.8671 0.011227
  77 76.5 25.8529 0.0112209
  78 77.5 25.8499 0.0112196
  79 78.5 25.836 0.0112135
  80 79.5 25.8817 0.0112334
  81 80.5 25.8682 0.0112275
  82 81.5 25.8463 0.011218
  83 82.5 25.8828 0.0112338
  84 83.5 25.8674 0.0112272
  85 84.5 25.8653 0.0112263
  86 85.5 25.87 0.0112283
  87 86.5 25.8878 0.011236
  88 87.5 25.8862 0.0112353
  89 88.5 25.8884 0.0112363
  90 89.5 25.8807 0.011233
  91 90.5 25.8905 0.0112372
  92 91.5 25.8654 0.0112263
  93 92.5 25.8902 0.0112371
  94 93.5 25.8913 0.0112376
  95 94.5 25.8818 0.0112334
  96 95.5 25.8885 0.0112363
  97 96.5 25.8986 0.0112407
  98 97.5 25.8883 0.0112362
  99 98.5 25.8589 0.0112235
  100 99.5 25.9001 0.0112414
  101 100.5 25.8758 0.0112308
  102 101.5 25.8487 0.0112191
  103 102.5 25.876 0.0112309
  104 103.5 25.8555 0.011222
  105 104.5 25.838 0.0112144
  106 105.5 25.8395 0.0112151
  107 106.5 25.8473 0.0112185
  108 107.5 25.8219 0.0112074
  109 108.5 25.8276 0.0112099
  110 109.5 25.8197 0.0112065
  111 110.5 25.8092 0.0112019
  112 111.5 25.8266 0.0112095
  113 112.5 25.8151 0.0112045
  114 113.5 25.8197 0.0112065
  115 114.5 25.8093 0.011202
  116 115.5 25.7953 0.0111959
  117 116.5 25.8134 0.0112037
  118 117.5 25.8009 0.0111983
  119 118.5 25.8346 0.0112129
  120 119.5 25.7898 0.0111935
  121 120.5 25.807 0.0112009
  122 121.5 25.7926 0.0111947
  123 122.5 25.8084 0.0112016
  124 123.5 25.8157 0.0112047
  125 124.5 25.8085 0.0112016
  126 125.5 25.8098 0.0112022
  127 126.5 25.8281 0.0112101
  128 127.5 25.809 0.0112018
  129 128.5 25.7968 0.0111965
  130 129.5 25.8174 0.0112055
  131 130.5 25.8214 0.0112072
  132 131.5 25.8033 0.0111994
  133 132.5 25.787 0.0111923
  134 133.5 25.8048 0.0112
  135 134.5 25.7973 0.0111967
  136 135.5 25.767 0.0111836
  137 136.5 25.7529 0.0111775
  138 137.5 25.7733 0.0111863
  139 138.5 25.7536 0.0111778
  140 139.5 25.7347 0.0111696
  141 140.5 25.7357 0.01117
  142 141.5 25.7043 0.0111564
  143 142.5 25.6716 0.0111422
  144 143.5 25.6959 0.0111528
  145 144.5 25.6294 0.0111239
  146 145.5 25.5909 0.0111072
  147 146.5 25.5492 0.011089
  148 147.5 25.4879 0.0110625
  149 148.5 25.4249 0.0110351
  150 149.5 25.3381 0.0109974
  151 150.5 25.2217 0.0109469
  152 151.5 25.109 0.010898
  153 152.5 24.9645 0.0108353
  154 153.5 24.768 0.01075
  155 154.5 24.5138 0.0106397
  156 155.5 24.1943 0.010501
  157 156.5 23.6944 0.010284
  158 157.5 22.9521 0.00996183
  159 158.5 21.724 0.00942882
  160 159.5 19.7638 0.00857804
  161 160.5 16.7893 0.00728704
  162 161.5 12.9775 0.00563258
  163 162.5 8.96189 0.00388971
  164 163.5 5.48044 0.00237866
  165 164.5 2.97032 0.0012892
  166 165.5 1.47047 0.000638223
  167 166.5 0.695868 0.000302026
  168 167.5 0.332858 0.00014447
  169 168.5 0.176394 7.65599e-05
  170 169.5 0.110652 4.8026e-05
  171 170.5 0.084316 3.65955e-05
  172 171.5 0.07004 3.03993e-05
  173 172.5 0.065024 2.82222e-05
  174 173.5 0.061256 2.65868e-05
  175 174.5 0.060508 2.62622e-05
  176 175.5 0.057474 2.49453e-05
  177 176.5 0.054746 2.37613e-05
  178 177.5 0.054706 2.37439e-05
  179 178.5 0.055874 2.42509e-05
  180 179.5 0.057752 2.5066e-05
  181 180.5 0.05803 2.51866e-05
  182 181.5 0.062038 2.69262e-05
  183 182.5 0.062164 2.69809e-05
  184 183.5 0.059668 2.58976e-05
  185 184.5 0.059378 2.57717e-05
  186 185.5 0.061552 2.67153e-05
  187 186.5 0.062728 2.72257e-05
  188 187.5 0.063598 2.76033e-05
  189 188.5 0.065462 2.84123e-05
  190 189.5 0.062496 2.7125e-05
  191 190.5 0.065524 2.84392e-05
  192 191.5 0.067842 2.94453e-05
  193 192.5 0.06604 2.86632e-05
  194 193.5 0.063828 2.77031e-05
  195 194.5 0.061758 2.68047e-05
  196 195.5 0.058416 2.53542e-05
  197 196.5 0.055886 2.42561e-05
  198 197.5 0.05538 2.40365e-05
  199 198.5 0.057922 2.51398e-05
  200 199.5 0.056762 2.46363e-05
  201 200.5 0.0578 2.50868e-05
  202 201.5 0.056682 2.46016e-05
  203 202.5 0.055712 2.41806e-05
  204 203.5 0.054126 2.34922e-05
  205 204.5 0.055582 2.41241e-05
  206 205.5 0.057148 2.48038e-05
  207 206.5 0.062784 2.725e-05
  208 207.5 0.064786 2.81189e-05
  209 208.5 0.066054 2.86693e-05
  210 209.5 0.067676 2.93733e-05
  211 210.5 0.066886 2.90304e-05
  212 211.5 0.067798 2.94262e-05
  213 212.5 0.06666 2.89323e-05
  214 213.5 0.068118 2.95651e-05
  215 214.5 0.068292 2.96406e-05
  216 215.5 0.068418 2.96953e-05
  217 216.5 0.069862 3.0322e-05
  218 217.5 0.071882 3.11988e-05
  219 218.5 0.07348 3.18924e-05
  220 219.5 0.074964 3.25365e-05
  221 220.5 0.07806 3.38802e-05
  222 221.5 0.081358 3.53116e-05
  223 222.5 0.082982 3.60165e-05
  224 223.5 0.082624 3.58611e-05
  225 224.5 0.082016 3.55972e-05
  226 225.5 0.085686 3.71901e-05
  227 226.5 0.08935 3.87804e-05
  228 227.5 0.088938 3.86016e-05
  229 228.5 0.086048 3.73472e-05
  230 229.5 0.085638 3.71693e-05
  231 230.5 0.084342 3.66068e-05
  232 231.5 0.083192 3.61076e-05
  233 232.5 0.082946 3.60009e-05
  234 233.5 0.081232 3.52569e-05
  235 234.5 0.080618 3.49905e-05
  236 235.5 0.080396 3.48941e-05
  237 236.5 0.08103 3.51693e-05
  238 237.5 0.084318 3.65964e-05
  239 238.5 0.083746 3.63481e-05
  240 239.5 0.083256 3.61354e-05
  241 240.5 0.08299 3.602e-05
  242 241.5 0.07816 3.39236e-05
  243 242.5 0.077934 3.38255e-05
  244 243.5 0.080168 3.47951e-05
  245 244.5 0.082268 3.57066e-05
  246 245.5 0.08328 3.61458e-05
  247 246.5 0.084782 3.67977e-05
  248 247.5 0.086494 3.75408e-05
  249 248.5 0.087232 3.78611e-05
  250 249.5 0.085968 3.73125e-05
  251 250.5 0.083098 3.60668e-05
  252 251.5 0.084858 3.68307e-05
  253 252.5 0.082472 3.57951e-05
  254 253.5 0.08353 3.62543e-05
  255 254.5 0.082674 3.58828e-05
  256 255.5 0.082054 3.56137e-05
  257 256.5 0.080808 3.50729e-05
  258 257.5 0.078764 3.41858e-05
  259 258.5 0.07829 3.398e-05
  260 259.5 0.07915 3.43533e-05
  261 260.5 0.080368 3.48819e-05
  262 261.5 0.08265 3.58724e-05
  263 262.5 0.080054 3.47457e-05
  264 263.5 0.078446 3.40477e-05
  265 264.5 0.076948 3.33976e-05
  266 265.5 0.073704 3.19896e-05
  267 266.5 0.076646 3.32665e-05
  268 267.5 0.077122 3.34731e-05
  269 268.5 0.077858 3.37925e-05
  270 269.5 0.076436 3.31753e-05
  271 270.5 0.07632 3.3125e-05
  272 271.5 0.074576 3.23681e-05
  273 272.5 0.072868 3.16267e-05
  274 273.5 0.074512 3.23403e-05
  275 274.5 0.072074 3.12821e-05
  276 275.5 0.072344 3.13993e-05
  277 276.5 0.070118 3.04332e-05
  278 277.5 0.067094 2.91207e-05
  279 278.5 0.068938 2.9921e-05
  280 279.5 0.067928 2.94826e-05
  281 280.5 0.068656 2.97986e-05
  282 281.5 0.072122 3.1303e-05
  283 282.5 0.07309 3.17231e-05
  284 283.5 0.071242 3.0921e-05
  285 284.5 0.07305 3.17057e-05
  286 285.5 0.074562 3.2362e-05
  287 286.5 0.073258 3.1796e-05
  288 287.5 0.07105 3.08377e-05
  289 288.5 0.067402 2.92543e-05
  290 289.5 0.066848 2.90139e-05
  291 290.5 0.068294 2.96415e-05
  292 291.5 0.069086 2.99852e-05
  293 292.5 0.07229 3.13759e-05
  294 293.5 0.071214 3.09089e-05
  295 294.5 0.069912 3.03437e-05
  296 295.5 0.069492 3.01615e-05
  297 296.5 0.067862 2.9454e-05
  298 297.5 0.067922 2.948e-05
  299 298.5 0.065576 2.84618e-05
  300 299.5 0.066242 2.87509e-05
  301 300.5 0.064712 2.80868e-05
  302 301.5 0.064724 2.8092e-05
  303 302.5 0.0636 2.76042e-05
  304 303.5 0.06087 2.64193e-05
  305 304.5 0.058516 2.53976e-05
  306 305.5 0.059664 2.58958e-05
  307 306.5 0.055632 2.41458e-05
  308 307.5 0.053914 2.34002e-05
  309 308.5 0.049146 2.13307e-05
  310 309.5 0.049372 2.14288e-05
  311 310.5 0.052504 2.27882e-05
  312 311.5 0.053994 2.34349e-05
  313 312.5 0.060206 2.61311e-05
  314 313.5 0.068136 2.95729e-05
  315 314.5 0.083884 3.6408e-05
  316 315.5 0.112246 4.87179e-05
  317 316.5 0.176606 7.66519e-05
  318 317.5 0.323488 0.000140403
  319 318.5 0.655076 0.000284321
  320 319.5 1.32149 0.000573564
  321 320.5 2.51958 0.00109357
  322 321.5 4.33831 0.00188295
  323 322.5 6.6347 0.00287964
  324 323.5 8.95604 0.00388717
  325 324.5 10.7458 0.00466397
  326 325.5 11.6865 0.00507224
  327 326.5 11.8115 0.00512651
  328 327.5 11.3939 0.00494528
  329 328.5 10.6362 0.00461642
  330 329.5 9.77613 0.00424311
  331 330.5 8.95394 0.00388626
  332 331.5 8.15763 0.00354064
  333 332.5 7.46613 0.00324051
  334 333.5 6.86034 0.00297758
  335 334.5 6.32781 0.00274645
  336 335.5 5.86644 0.0025462
  337 336.5 5.47698 0.00237716
  338 337.5 5.16639 0.00224236
  339 338.5 4.90235 0.00212775
  340 339.5 4.69691 0.00203859
  341 340.5 4.51965 0.00196165
  342 341.5 4.3685 0.00189605
  343 342.5 4.24794 0.00184372
  344 343.5 4.14904 0.0018008
  345 344.5 4.07544 0.00176885
  346 345.5 3.99509 0.00173398
  347 346.5 3.95403 0.00171616
  348 347.5 3.91667 0.00169994
  349 348.5 3.88575 0.00168652
  350 349.5 3.85158 0.00167169
  351 350.5 3.83037 0.00166249
  352 351.5 3.81028 0.00165377
  353 352.5 3.80084 0.00164967
  354 353.5 3.79474 0.00164702
  355 354.5 3.77988 0.00164057
  356 355.5 3.78015 0.00164069
  357 356.5 3.77275 0.00163748
  358 357.5 3.78341 0.00164211
  359 358.5 3.77572 0.00163877
  360 359.5 3.76852 0.00163564
  361 360.5 3.77234 0.0016373
  362 361.5 3.76566 0.0016344
  363 362.5 3.75649 0.00163042
  364 363.5 3.75846 0.00163128
  365 364.5 3.76666 0.00163483
  366 365.5 3.76201 0.00163282
  367 366.5 3.7578 0.00163099
  368 367.5 3.76109 0.00163242
  369 368.5 3.76703 0.001635
  370 369.5 3.77908 0.00164023
  371 370.5 3.76595 0.00163453
  372 371.5 3.76972 0.00163616
  373 372.5 3.8 0.0016493
  374 373.5 3.79779 0.00164835
  375 374.5 3.79434 0.00164685
  376 375.5 3.79186 0.00164577
  377 376.5 3.79608 0.0016476
  378 377.5 3.78666 0.00164351
  379 378.5 3.78053 0.00164085
  380 379.5 3.76365 0.00163353
  381 380.5 3.75722 0.00163074
  382 381.5 3.75955 0.00163175
  383 382.5 3.76076 0.00163227
  384 383.5 3.77019 0.00163637
  385 384.5 3.75075 0.00162793
  386 385.5 3.74154 0.00162393
  387 386.5 3.75086 0.00162798
  388 387.5 3.74306 0.00162459
  389 388.5 3.74564 0.00162571
  390 389.5 3.74124 0.0016238
  391 390.5 3.73748 0.00162217
  392 391.5 3.73089 0.00161931
  393 392.5 3.72676 0.00161752
  394 393.5 3.7282 0.00161814
  395 394.5 3.73609 0.00162157
  396 395.5 3.74286 0.0016245
  397 396.5 3.74363 0.00162484
  398 397.5 3.73692 0.00162193
  399 398.5 3.75097 0.00162802
  400 399.5 3.74644 0.00162606
  401 400.5 3.73742 0.00162214
  402 401.5 3.74685 0.00162624
  403 402.5 3.74833 0.00162688
  404 403.5 3.75768 0.00163094
  405 404.5 3.76611 0.0016346
  406 405.5 3.7634 0.00163342
  407 406.5 3.74959 0.00162743
  408 407.5 3.76905 0.00163587
  409 408.5 3.76544 0.0016343
  410 409.5 3.76453 0.00163391
  411 410.5 3.78173 0.00164138
  412 411.5 3.78957 0.00164478
  413 412.5 3.79155 0.00164564
  414 413.5 3.79873 0.00164876
  415 414.5 3.8035 0.00165082
  416 415.5 3.80607 0.00165194
  417 416.5 3.78991 0.00164493
  418 417.5 3.8085 0.00165299
  419 418.5 3.82585 0.00166052
  420 419.5 3.81564 0.00165609
  421 420.5 3.80709 0.00165238
  422 421.5 3.81426 0.00165549
  423 422.5 3.81194 0.00165449
  424 423.5 3.81741 0.00165686
  425 424.5 3.80226 0.00165029
  426 425.5 3.80009 0.00164935
  427 426.5 3.81092 0.00165405
  428 427.5 3.81853 0.00165735
  429 428.5 3.79564 0.00164741
  430 429.5 3.78321 0.00164202
  431 430.5 3.77156 0.00163696
  432 431.5 3.77191 0.00163711
  433 432.5 3.75692 0.00163061
  434 433.5 3.75107 0.00162807
  435 434.5 3.74809 0.00162677
  436 435.5 3.74351 0.00162479
  437 436.5 3.76274 0.00163313
  438 437.5 3.75493 0.00162974
  439 438.5 3.75782 0.001631
  440 439.5 3.75002 0.00162761
  441 440.5 3.75852 0.0016313
  442 441.5 3.76232 0.00163295
  443 442.5 3.75544 0.00162996
  444 443.5 3.75188 0.00162842
  445 444.5 3.76623 0.00163465
  446 445.5 3.76813 0.00163547
  447 446.5 3.77857 0.00164001
  448 447.5 3.77469 0.00163832
  449 448.5 3.76945 0.00163605
  450 449.5 3.78372 0.00164224
  451 450.5 3.78958 0.00164478
  452 451.5 3.79713 0.00164806
  453 452.5 3.80556 0.00165172
  454 453.5 3.82103 0.00165843
  455 454.5 3.83317 0.0016637
  456 455.5 3.84776 0.00167003
  457 456.5 3.86497 0.0016775
  458 457.5 3.89899 0.00169227
  459 458.5 3.94063 0.00171034
  460 459.5 3.98285 0.00172867
  461 460.5 4.03188 0.00174995
  462 461.5 4.09173 0.00177593
  463 462.5 4.16333 0.001807
  464 463.5 4.26623 0.00185166
  465 464.5 4.38659 0.0019039
  466 465.5 4.53142 0.00196676
  467 466.5 4.7131 0.00204562
  468 467.5 4.92796 0.00213887
  469 468.5 5.18208 0.00224917
  470 469.5 5.48791 0.0023819
  471 470.5 5.87318 0.00254912
  472 471.5 6.30645 0.00273717
  473 472.5 6.82835 0.00296369
  474 473.5 7.44598 0.00323176
  475 474.5 8.12441 0.00352622
  476 475.5 8.88667 0.00385706
  477 476.5 9.74755 0.00423071
  478 477.5 10.6771 0.00463415
  479 478.5 11.6634 0.00506225
  480 479.5 12.7152 0.00551873
50000000 480 4823.999999999996
  1 0.5 13.1925 0.00572591
  2 1.5 14.2428 0.00618176
  3 2.5 15.3088 0.00664446
  4 3.5 16.3458 0.00709455
  5 4.5 17.3562 0.00753309
  6 5.5 18.3188 0.00795088
  7 6.5 19.221 0.00834245
  8 7.5 20.0864 0.00871808
  9 8.5 20.8567 0.00905237
  10 9.5 21.5686 0.00936138
  11 10.5 22.2072 0.00963852
  12 11.5 22.7796 0.00988699
  13 12.5 23.2285 0.0100818
  14 13.5 23.6778 0.0102768
  15 14.5 24.0835 0.0104529
  16 15.5 24.3586 0.0105723
  17 16.5 24.6281 0.0106893
  18 17.5 24.8712 0.0107948
  19 18.5 25.0705 0.0108813
  20 19.5 25.1977 0.0109365
  21 20.5 25.3036 0.0109825
  22 21.5 25.4364 0.0110401
  23 22.5 25.4955 0.0110658
  24 23.5 25.5918 0.0111076
  25 24.5 25.6262 0.0111225
  26 25.5 25.6746 0.0111435
  27 26.5 25.7417 0.0111726
  28 27.5 25.7699 0.0111848
  29 28.5 25.7885 0.0111929
  30 29.5 25.8202 0.0112067
  31 30.5 25.8393 0.011215
  32 31.5 25.8292 0.0112106
  33 32.5 25.8808 0.011233
  34 33.5 25.8759 0.0112309
  35 34.5 25.8679 0.0112274
  36 35.5 25.8568 0.0112226
  37 36.5 25.8858 0.0112352
  38 37.5 25.9054 0.0112437
  39 38.5 25.8758 0.0112308
  40 39.5 25.8755 0.0112307
  41 40.5 25.8697 0.0112282
  42 41.5 25.9145 0.0112476
  43 42.5 25.8895 0.0112368
  44 43.5 25.8586 0.0112234
  45 44.5 25.8809 0.011233
  46 45.5 25.8932 0.0112384
  47 46.5 25.8932 0.0112384
  48 47.5 25.8762 0.011231
  49 48.5 25.8985 0.0112407
  50 49.5 25.9052 0.0112436
  51 50.5 25.8988 0.0112408
  52 51.5 25.8571 0.0112227
  53 52.5 25.9106 0.0112459
  54 53.5 25.9221 0.0112509
  55 54.5 25.9045 0.0112433
  56 55.5 25.8962 0.0112397
  57 56.5 25.8991 0.0112409
  58 57.5 25.9354 0.0112567
  59 58.5 25.9121 0.0112466
  60 59.5 25.8974 0.0112402
  61 60.5 25.8899 0.0112369
  62 61.5 25.8817 0.0112334
  63 62.5 25.8818 0.0112334
  64 63.5 25.8866 0.0112355
  65 64.5 25.889 0.0112366
  66 65.5 25.8463 0.011218
  67 66.5 25.8563 0.0112224
  68 67.5 25.8767 0.0112312
  69 68.5 25.8428 0.0112165
  70 69.5 25.8468 0.0112182
  71 70.5 25.8436 0.0112169
  72 71.5 25.8796 0.0112324
  73 72.5 25.8768 0.0112313
  74 73.5 25.863 0.0112252
  75 74.5 25.8313 0.0112115
  76 75.5 25.851 0.01122
  77 76.5 25.8478 0.0112187
  78 77.5 25.8181 0.0112058
  79 78.5 25.8539 0.0112213
  80 79.5 25.8486 0.011219
  81 80.5 25.8157 0.0112047
  82 81.5 25.8139 0.011204
  83 82.5 25.8355 0.0112133
  84 83.5 25.8031 0.0111993
  85 84.5 25.8302 0.011211
  86 85.5 25.8472 0.0112184
  87 86.5 25.8263 0.0112093
  88 87.5 25.8061 0.0112006
  89 88.5 25.8078 0.0112013
  90 89.5 25.8348 0.011213
  91 90.5 25.844 0.011217
  92 91.5 25.8354 0.0112133
  93 92.5 25.8185 0.011206
  94 93.5 25.8451 0.0112175
  95 94.5 25.8809 0.011233
  96 95.5 25.8331 0.0112123
  97 96.5 25.8243 0.0112084
  98 97.5 25.8507 0.0112199
  99 98.5 25.859 0.0112235
  100 99.5 25.8485 0.011219
  101 100.5 25.8403 0.0112154
  102 101.5 25.8699 0.0112282
  103 102.5 25.8438 0.0112169
  104 103.5 25.8444 0.0112172
  105 104.5 25.8679 0.0112274
  106 105.5 25.8388 0.0112148
  107 106.5 25.8027 0.0111991
  108 107.5 25.8565 0.0112224
  109 108.5 25.875 0.0112305
  110 109.5 25.8148 0.0112043
  111 110.5 25.8117 0.011203
  112 111.5 25.8372 0.0112141
  113 112.5 25.8605 0.0112242
  114 113.5 25.8288 0.0112104
  115 114.5 25.8532 0.011221
  116 115.5 25.8752 0.0112306
  117 116.5 25.8834 0.0112341
  118 117.5 25.8475 0.0112185
  119 118.5 25.8505 0.0112198
  120 119.5 25.8622 0.0112249
  121 120.5 25.8551 0.0112219
  122 121.5 25.8703 0.0112284
  123 122.5 25.8706 0.0112286
  124 123.5 25.8557 0.0112221
  125 124.5 25.8789 0.0112321
  126 125.5 25.8795 0.0112324
  127 126.5 25.852 0.0112205
  128 127.5 25.8375 0.0112142
  129 128.5 25.8544 0.0112215
  130 129.5 25.8476 0.0112186
  131 130.5 25.841 0.0112157
  132 131.5 25.8204 0.0112068
  133 132.5 25.8306 0.0112112
  134 133.5 25.8461 0.0112179
  135 134.5 25.8316 0.0112116
  136 135.5 25.8231 0.0112079
  137 136.5 25.7997 0.0111978
  138 137.5 25.8255 0.011209
  139 138.5 25.7921 0.0111945
  140 139.5 25.8067 0.0112008
  141 140.5 25.767 0.0111836
  142 141.5 25.7545 0.0111782
  143 142.5 25.7391 0.0111715
  144 143.5 25.6967 0.0111531
  145 144.5 25.6559 0.0111354
  146 145.5 25.6438 0.0111301
  147 146.5 25.5826 0.0111035
  148 147.5 25.5219 0.0110772
  149 148.5 25.4297 0.0110372
  150 149.5 25.3634 0.0110084
  151 150.5 25.2507 0.0109595
  152 151.5 25.1294 0.0109069
  153 152.5 24.9814 0.0108426
  154 153.5 24.7818 0.010756
  155 154.5 24.5443 0.0106529
  156 155.5 24.22 0.0105122
  157 156.5 23.6938 0.0102838
  158 157.5 22.9514 0.00996154
  159 158.5 21.7042 0.00942025
  160 159.5 19.6963 0.00854873
  161 160.5 16.6788 0.00723905
  162 161.5 12.9059 0.00560154
  163 162.5 8.95531 0.00388686
  164 163.5 5.53581 0.00240269
  165 164.5 3.05411 0.00132557
  166 165.5 1.53288 0.000665312
  167 166.5 0.723266 0.000313918
  168 167.5 0.348022 0.000151051
  169 168.5 0.182522 7.92196e-05
  170 169.5 0.111728 4.84931e-05
  171 170.5 0.077524 3.36476e-05
  172 171.5 0.063124 2.73976e-05
  173 172.5 0.055348 2.40226e-05
  174 173.5 0.051668 2.24253e-05
  175 174.5 0.048688 2.11319e-05
  176 175.5 0.04624 2.00694e-05
  177 176.5 0.044572 1.93455e-05
  178 177.5 0.045008 1.95347e-05
  179 178.5 0.040964 1.77795e-05
  180 179.5 0.039966 1.73464e-05
  181 180.5 0.041648 1.80764e-05
  182 181.5 0.042132 1.82865e-05
  183 182.5 0.044368 1.92569e-05
  184 183.5 0.045424 1.97153e-05
  185 184.5 0.044124 1.9151e-05
  186 185.5 0.04302 1.86719e-05
  187 186.5 0.041504 1.80139e-05
  188 187.5 0.037746 1.63828e-05
  189 188.5 0.03733 1.62023e-05
  190 189.5 0.038512 1.67153e-05
  191 190.5 0.040412 1.75399e-05
  192 191.5 0.04089 1.77474e-05
  193 192.5 0.04189 1.81814e-05
  194 193.5 0.038828 1.68524e-05
  195 194.5 0.038624 1.67639e-05
  196 195.5 0.039446 1.71207e-05
  197 196.5 0.037398 1.62318e-05
  198 197.5 0.03795 1.64714e-05
  199 198.5 0.03941 1.7105e-05
  200 199.5 0.038512 1.67153e-05
  201 200.5 0.036892 1.60122e-05
  202 201.5 0.03758 1.63108e-05
  203 202.5 0.041388 1.79635e-05
  204 203.5 0.04158 1.80469e-05
  205 204.5 0.041914 1.81918e-05
  206 205.5 0.041744 1.81181e-05
  207 206.5 0.041734 1.81137e-05
  208 207.5 0.039782 1.72665e-05
  209 208.5 0.039976 1.73507e-05
  210 209.5 0.039438 1.71172e-05
  211 210.5 0.042174 1.83047e-05
  212 211.5 0.043704 1.89688e-05
  213 212.5 0.042536 1.84618e-05
  214 213.5 0.039886 1.73116e-05
  215 214.5 0.040214 1.7454e-05
  216 215.5 0.037496 1.62743e-05
  217 216.5 0.037428 1.62448e-05
  218 217.5 0.03632 1.57639e-05
  219 218.5 0.036236 1.57274e-05
  220 219.5 0.033486 1.45339e-05
  221 220.5 0.031124 1.35087e-05
  222 221.5 0.02992 1.29861e-05
  223 222.5 0.030424 1.32049e-05
  224 223.5 0.03369 1.46224e-05
  225 224.5 0.034122 1.48099e-05
  226 225.5 0.036156 1.56927e-05
  227 226.5 0.037782 1.63984e-05
  228 227.5 0.036806 1.59748e-05
  229 228.5 0.035548 1.54288e-05
  230 229.5 0.034224 1.48542e-05
  231 230.5 0.034478 1.49644e-05
  232 231.5 0.036018 1.56328e-05
  233 232.5 0.038112 1.65417e-05
  234 233.5 0.03867 1.67839e-05
  235 234.5 0.039736 1.72465e-05
  236 235.5 0.040786 1.77023e-05
  237 236.5 0.040156 1.74288e-05
  238 237.5 0.039544 1.71632e-05
  239 238.5 0.042116 1.82795e-05
  240 239.5 0.042194 1.83134e-05
  241 240.5 0.040788 1.77031e-05
  242 241.5 0.03966 1.72135e-05
  243 242.5 0.037582 1.63116e-05
  244 243.5 0.035838 1.55547e-05
  245 244.5 0.035594 1.54488e-05
  246 245.5 0.035212 1.5283e-05
  247 246.5 0.033826 1.46814e-05
  248 247.5 0.033734 1.46415e-05
  249 248.5 0.034812 1.51094e-05
  250 249.5 0.034624 1.50278e-05
  251 250.5 0.034796 1.51024e-05
  252 251.5 0.033456 1.45208e-05
  253 252.5 0.034864 1.51319e-05
  254 253.5 0.03362 1.4592e-05
  255 254.5 0.031766 1.37873e-05
  256 255.5 0.032702 1.41936e-05
  257 256.5 0.03129 1.35807e-05
  258 257.5 0.03113 1.35113e-05
  259 258.5 0.031156 1.35226e-05
  260 259.5 0.032374 1.40512e-05
  261 260.5 0.033802 1.4671e-05
  262 261.5 0.035798 1.55373e-05
  263 262.5 0.035888 1.55764e-05
  264 263.5 0.032896 1.42778e-05
  265 264.5 0.032078 1.39227e-05
  266 265.5 0.032628 1.41615e-05
  267 266.5 0.030386 1.31884e-05
  268 267.5 0.028074 1.21849e-05
  269 268.5 0.027224 1.1816e-05
  270 269.5 0.027572 1.1967e-05
  271 270.5 0.028244 1.22587e-05
  272 271.5 0.028062 1.21797e-05
  273 272.5 0.02898 1.25781e-05
  274 273.5 0.029732 1.29045e-05
  275 274.5 0.028952 1.2566e-05
  276 275.5 0.02934 1.27344e-05
  277 276.5 0.030106 1.30668e-05
  278 277.5 0.030616 1.32882e-05
  279 278.5 0.028784 1.24931e-05
  280 279.5 0.027348 1.18698e-05
  281 280.5 0.028 1.21528e-05
  282 281.5 0.030362 1.3178e-05
  283 282.5 0.03064 1.32986e-05
  284 283.5 0.031436 1.36441e-05
  285 284.5 0.035606 1.5454e-05
  286 285.5 0.035396 1.53628e-05
  287 286.5 0.03713 1.61155e-05
  288 287.5 0.040692 1.76615e-05
  289 288.5 0.044912 1.94931e-05
  290 289.5 0.04558 1.9783e-05
  291 290.5 0.045456 1.97292e-05
  292 291.5 0.043866 1.90391e-05
  293 292.5 0.04365 1.89453e-05
  294 293.5 0.042444 1.84219e-05
  295 294.5 0.043206 1.87526e-05
  296 295.5 0.04461 1.9362e-05
  297 296.5 0.0433 1.87934e-05
  298 297.5 0.043402 1.88377e-05
  299 298.5 0.044662 1.93845e-05
  300 299.5 0.044942 1.95061e-05
  301 300.5 0.04539 1.97005e-05
  302 301.5 0.04705 2.0421e-05
  303 302.5 0.045622 1.98012e-05
  304 303.5 0.047014 2.04054e-05
  305 304.5 0.046894 2.03533e-05
  306 305.5 0.048 2.08333e-05
  307 306.5 0.049356 2.14219e-05
  308 307.5 0.050974 2.21241e-05
  309 308.5 0.050598 2.19609e-05
  310 309.5 0.053224 2.31007e-05
  311 310.5 0.055832 2.42326e-05
  312 311.5 0.057152 2.48056e-05
  313 312.5 0.06015 2.61068e-05
  314 313.5 0.070742 3.0704e-05
  315 314.5 0.088362 3.83516e-05
  316 315.5 0.120356 5.22378e-05
  317 316.5 0.195588 8.48906e-05
  318 317.5 0.359138 0.000155876
  319 318.5 0.721444 0.000313127
  320 319.5 1.44606 0.000627631
  321 320.5 2.73314 0.00118626
  322 321.5 4.65508 0.00202044
  323 322.5 7.02859 0.0030506
  324 323.5 9.37647 0.00406965
  325 324.5 11.1885 0.00485613
  326 325.5 12.1383 0.00526835
  327 326.5 12.2748 0.00532761
  328 327.5 11.8946 0.00516257
  329 328.5 11.1697 0.00484794
  330 329.5 10.3708 0.00450123
  331 330.5 9.5823 0.00415898
  332 331.5 8.78905 0.00381469
  333 332.5 8.08352 0.00350847
  334 333.5 7.4677 0.00324119
  335 334.5 6.90747 0.00299803
  336 335.5 6.39911 0.00277739
  337 336.5 5.98203 0.00259637
  338 337.5 5.63919 0.00244757
  339 338.5 5.31129 0.00230525
  340 339.5 5.05011 0.00219189
  341 340.5 4.85513 0.00210726
  342 341.5 4.67053 0.00202714
  343 342.5 4.52174 0.00196256
  344 343.5 4.3863 0.00190378
  345 344.5 4.29036 0.00186214
  346 345.5 4.20942 0.00182701
  347 346.5 4.14148 0.00179752
  348 347.5 4.07789 0.00176992
  349 348.5 4.0095 0.00174024
  350 349.5 3.97921 0.00172709
  351 350.5 3.9447 0.00171211
  352 351.5 3.91098 0.00169747
  353 352.5 3.89874 0.00169216
  354 353.5 3.89347 0.00168987
  355 354.5 3.86796 0.0016788
  356 355.5 3.85555 0.00167341
  357 356.5 3.84405 0.00166842
  358 357.5 3.84175 0.00166742
  359 358.5 3.84943 0.00167076
  360 359.5 3.83349 0.00166384
  361 360.5 3.82393 0.00165969
  362 361.5 3.81068 0.00165394
  363 362.5 3.80068 0.0016496
  364 363.5 3.79004 0.00164498
  365 364.5 3.79002 0.00164497
  366 365.5 3.79668 0.00164786
  367 366.5 3.79055 0.0016452
  368 367.5 3.77882 0.00164011
  369 368.5 3.79131 0.00164553
  370 369.5 3.81058 0.0016539
  371 370.5 3.81236 0.00165467
  372 371.5 3.81309 0.00165499
  373 372.5 3.80828 0.0016529
  374 373.5 3.82819 0.00166154
  375 374.5 3.83766 0.00166565
  376 375.5 3.83454 0.0016643
  377 376.5 3.8305 0.00166254
  378 377.5 3.82354 0.00165952
  379 378.5 3.82302 0.0016593
  380 379.5 3.82379 0.00165963
  381 380.5 3.80341 0.00165079
  382 381.5 3.7975 0.00164822
  383 382.5 3.79812 0.00164849
  384 383.5 3.79621 0.00164766
  385 384.5 3.77369 0.00163789
  386 385.5 3.7743 0.00163815
  387 386.5 3.77025 0.00163639
  388 387.5 3.78405 0.00164238
  389 388.5 3.77474 0.00163834
  390 389.5 3.77761 0.00163959
  391 390.5 3.76607 0.00163458
  392 391.5 3.76257 0.00163306
  393 392.5 3.76271 0.00163312
  394 393.5 3.7563 0.00163034
  395 394.5 3.74635 0.00162602
  396 395.5 3.74635 0.00162602
  397 396.5 3.75153 0.00162827
  398 397.5 3.74163 0.00162397
  399 398.5 3.74296 0.00162455
  400 399.5 3.75086 0.00162798
  401 400.5 3.74649 0.00162608
  402 401.5 3.75743 0.00163083
  403 402.5 3.76251 0.00163303
  404 403.5 3.75496 0.00162976
  405 404.5 3.75779 0.00163098
  406 405.5 3.74833 0.00162688
  407 406.5 3.75759 0.0016309
  408 407.5 3.7693 0.00163598
  409 408.5 3.76558 0.00163437
  410 409.5 3.75359 0.00162916
  411 410.5 3.75467 0.00162963
  412 411.5 3.77867 0.00164005
  413 412.5 3.77405 0.00163804
  414 413.5 3.78779 0.001644
  415 414.5 3.79792 0.0016484
  416 415.5 3.79432 0.00164684
  417 416.5 3.79211 0.00164588
  418 417.5 3.80444 0.00165123
  419 418.5 3.79821 0.00164853
  420 419.5 3.77617 0.00163896
  421 420.5 3.79093 0.00164537
  422 421.5 3.779 0.00164019
  423 422.5 3.78859 0.00164436
  424 423.5 3.78316 0.001642
  425 424.5 3.80336 0.00165077
  426 425.5 3.8022 0.00165026
  427 426.5 3.78781 0.00164401
  428 427.5 3.79962 0.00164914
  429 428.5 3.81177 0.00165441
  430 429.5 3.808 0.00165278
  431 430.5 3.80634 0.00165206
  432 431.5 3.81862 0.00165739
  433 432.5 3.80733 0.00165249
  434 433.5 3.80322 0.0016507
  435 434.5 3.80636 0.00165207
  436 435.5 3.80587 0.00165185
  437 436.5 3.80531 0.00165161
  438 437.5 3.79207 0.00164586
  439 438.5 3.79828 0.00164856
  440 439.5 3.79919 0.00164895
  441 440.5 3.78624 0.00164333
  442 441.5 3.79611 0.00164762
  443 442.5 3.80451 0.00165126
  444 443.5 3.80383 0.00165097
  445 444.5 3.82357 0.00165954
  446 445.5 3.80819 0.00165286
  447 446.5 3.79764 0.00164828
  448 447.5 3.81629 0.00165638
  449 448.5 3.81174 0.0016544
  450 449.5 3.8083 0.00165291
  451 450.5 3.80885 0.00165314
  452 451.5 3.81723 0.00165678
  453 452.5 3.83152 0.00166299
  454 453.5 3.84196 0.00166752
  455 454.5 3.8462 0.00166936
  456 455.5 3.88015 0.00168409
  457 456.5 3.90021 0.0016928
  458 457.5 3.92133 0.00170197
  459 458.5 3.96029 0.00171887
  460 459.5 3.99937 0.00173584
  461 460.5 4.05999 0.00176215
  462 461.5 4.14498 0.00179903
  463 462.5 4.21032 0.0018274
  464 463.5 4.29233 0.00186299
  465 464.5 4.40197 0.00191058
  466 465.5 4.52867 0.00196557
  467 466.5 4.7029 0.00204119
  468 467.5 4.89982 0.00212666
  469 468.5 5.14794 0.00223435
  470 469.5 5.45208 0.00236635
  471 470.5 5.79916 0.002517
  472 471.5 6.21659 0.00269817
  473 472.5 6.70054 0.00290822
  474 473.5 7.25158 0.00314739
  475 474.5 7.89728 0.00342764
  476 475.5 8.61401 0.00373872
  477 476.5 9.39975 0.00407975
  478 477.5 10.2635 0.00445465
  479 478.5 11.1829 0.0048537
  480 479.5 12.1784 0.00528578
