# Chunk-averaged data for fix tensor2 and group c1
# Timestep Number-of-chunks Total-count
# Chunk Coord1 Ncount density/number
20000000 480 5437.000000000004
  1 0.5 29.191 0.0126697
  2 1.5 30.0966 0.0130628
  3 2.5 30.8091 0.013372
  4 3.5 31.282 0.0135773
  5 4.5 31.6513 0.0137375
  6 5.5 31.8621 0.013829
  7 6.5 32.0812 0.0139241
  8 7.5 32.2225 0.0139855
  9 8.5 32.2846 0.0140124
  10 9.5 32.3617 0.0140459
  11 10.5 32.4408 0.0140802
  12 11.5 32.4571 0.0140873
  13 12.5 32.4816 0.0140979
  14 13.5 32.5025 0.014107
  15 14.5 32.5411 0.0141237
  16 15.5 32.4929 0.0141028
  17 16.5 32.5448 0.0141254
  18 17.5 32.5542 0.0141294
  19 18.5 32.5949 0.0141471
  20 19.5 32.5612 0.0141325
  21 20.5 32.5608 0.0141323
  22 21.5 32.5938 0.0141466
  23 22.5 32.5667 0.0141348
  24 23.5 32.577 0.0141393
  25 24.5 32.578 0.0141398
  26 25.5 32.5443 0.0141251
  27 26.5 32.5779 0.0141397
  28 27.5 32.6069 0.0141523
  29 28.5 32.5693 0.014136
  30 29.5 32.5751 0.0141385
  31 30.5 32.591 0.0141454
  32 31.5 32.595 0.0141471
  33 32.5 32.5899 0.0141449
  34 33.5 32.5923 0.014146
  35 34.5 32.5852 0.0141429
  36 35.5 32.61 0.0141536
  37 36.5 32.5724 0.0141373
  38 37.5 32.6028 0.0141505
  39 38.5 32.5823 0.0141416
  40 39.5 32.5929 0.0141462
  41 40.5 32.6169 0.0141566
  42 41.5 32.5812 0.0141411
  43 42.5 32.5733 0.0141377
  44 43.5 32.6169 0.0141566
  45 44.5 32.6033 0.0141507
  46 45.5 32.5656 0.0141344
  47 46.5 32.6165 0.0141565
  48 47.5 32.597 0.014148
  49 48.5 32.5849 0.0141427
  50 49.5 32.5862 0.0141433
  51 50.5 32.5971 0.014148
  52 51.5 32.6327 0.0141635
  53 52.5 32.5713 0.0141369
  54 53.5 32.6138 0.0141553
  55 54.5 32.6267 0.0141609
  56 55.5 32.6046 0.0141513
  57 56.5 32.5657 0.0141344
  58 57.5 32.6602 0.0141754
  59 58.5 32.6246 0.01416
  60 59.5 32.6074 0.0141525
  61 60.5 32.6326 0.0141634
  62 61.5 32.6696 0.0141795
  63 62.5 32.5962 0.0141476
  64 63.5 32.6279 0.0141614
  65 64.5 32.654 0.0141727
  66 65.5 32.6557 0.0141735
  67 66.5 32.6279 0.0141614
  68 67.5 32.6668 0.0141783
  69 68.5 32.6326 0.0141634
  70 69.5 32.661 0.0141758
  71 70.5 32.6576 0.0141743
  72 71.5 32.6557 0.0141735
  73 72.5 32.6262 0.0141607
  74 73.5 32.6805 0.0141842
  75 74.5 32.6813 0.0141846
  76 75.5 32.6212 0.0141585
  77 76.5 32.6258 0.0141605
  78 77.5 32.6829 0.0141853
  79 78.5 32.6359 0.0141649
  80 79.5 32.6342 0.0141641
  81 80.5 32.6188 0.0141575
  82 81.5 32.6379 0.0141658
  83 82.5 32.6186 0.0141574
  84 83.5 32.6175 0.0141569
  85 84.5 32.6258 0.0141605
  86 85.5 32.6133 0.0141551
  87 86.5 32.5943 0.0141468
  88 87.5 32.6432 0.0141681
  89 88.5 32.6489 0.0141705
  90 89.5 32.5813 0.0141412
  91 90.5 32.6329 0.0141636
  92 91.5 32.6552 0.0141733
  93 92.5 32.6043 0.0141512
  94 93.5 32.6133 0.0141551
  95 94.5 32.6534 0.0141725
  96 95.5 32.6587 0.0141748
  97 96.5 32.6329 0.0141636
  98 97.5 32.6714 0.0141803
  99 98.5 32.6209 0.0141584
  100 99.5 32.6621 0.0141762
  101 100.5 32.6514 0.0141716
  102 101.5 32.618 0.0141571
  103 102.5 32.6288 0.0141618
  104 103.5 32.6512 0.0141715
  105 104.5 32.6329 0.0141636
  106 105.5 32.624 0.0141597
  107 106.5 32.6394 0.0141664
  108 107.5 32.6653 0.0141776
  109 108.5 32.6033 0.0141507
  110 109.5 32.6369 0.0141653
  111 110.5 32.6687 0.0141791
  112 111.5 32.6391 0.0141663
  113 112.5 32.6272 0.0141611
  114 113.5 32.6506 0.0141713
  115 114.5 32.6439 0.0141684
  116 115.5 32.6451 0.0141689
  117 116.5 32.6196 0.0141578
  118 117.5 32.6244 0.0141599
  119 118.5 32.6755 0.0141821
  120 119.5 32.6118 0.0141544
  121 120.5 32.6117 0.0141544
  122 121.5 32.6646 0.0141774
  123 122.5 32.6617 0.0141761
  124 123.5 32.5795 0.0141404
  125 124.5 32.6571 0.0141741
  126 125.5 32.6641 0.0141771
  127 126.5 32.6192 0.0141576
  128 127.5 32.6462 0.0141693
  129 128.5 32.6394 0.0141664
  130 129.5 32.6362 0.014165
  131 130.5 32.6621 0.0141763
  132 131.5 32.6251 0.0141602
  133 132.5 32.6209 0.0141584
  134 133.5 32.6458 0.0141692
  135 134.5 32.6431 0.014168
  136 135.5 32.6115 0.0141543
  137 136.5 32.6107 0.014154
  138 137.5 32.6248 0.0141601
  139 138.5 32.5862 0.0141433
  140 139.5 32.5677 0.0141353
  141 140.5 32.5455 0.0141256
  142 141.5 32.5328 0.0141201
  143 142.5 32.4507 0.0140845
  144 143.5 32.4129 0.0140681
  145 144.5 32.3307 0.0140324
  146 145.5 32.194 0.0139731
  147 146.5 32.1121 0.0139376
  148 147.5 31.8274 0.013814
  149 148.5 31.5325 0.013686
  150 149.5 31.1221 0.0135079
  151 150.5 30.5294 0.0132506
  152 151.5 29.6324 0.0128613
  153 152.5 28.4071 0.0123295
  154 153.5 26.708 0.011592
  155 154.5 24.2687 0.0105333
  156 155.5 21.1345 0.00917296
  157 156.5 17.4464 0.00757224
  158 157.5 13.4603 0.00584216
  159 158.5 9.63955 0.00418383
  160 159.5 6.39779 0.00277682
  161 160.5 3.98124 0.00172797
  162 161.5 2.37627 0.00103137
  163 162.5 1.39194 0.000604142
  164 163.5 0.833758 0.000361874
  165 164.5 0.531546 0.000230706
  166 165.5 0.378192 0.000164146
  167 166.5 0.29572 0.000128351
  168 167.5 0.254144 0.000110306
  169 168.5 0.220614 9.57526e-05
  170 169.5 0.204736 8.88611e-05
  171 170.5 0.202932 8.80781e-05
  172 171.5 0.1935 8.39844e-05
  173 172.5 0.18897 8.20182e-05
  174 173.5 0.187442 8.1355e-05
  175 174.5 0.185356 8.04497e-05
  176 175.5 0.187186 8.12439e-05
  177 176.5 0.18788 8.15451e-05
  178 177.5 0.193072 8.37986e-05
  179 178.5 0.18901 8.20356e-05
  180 179.5 0.186308 8.08628e-05
  181 180.5 0.189426 8.22161e-05
  182 181.5 0.18551 8.05165e-05
  183 182.5 0.185572 8.05434e-05
  184 183.5 0.181958 7.89748e-05
  185 184.5 0.176168 7.64618e-05
  186 185.5 0.170342 7.39332e-05
  187 186.5 0.168686 7.32144e-05
  188 187.5 0.170334 7.39297e-05
  189 188.5 0.16923 7.34505e-05
  190 189.5 0.1665 7.22656e-05
  191 190.5 0.166868 7.24253e-05
  192 191.5 0.167654 7.27665e-05
  193 192.5 0.167196 7.25677e-05
  194 193.5 0.167546 7.27196e-05
  195 194.5 0.171202 7.43064e-05
  196 195.5 0.173694 7.5388e-05
  197 196.5 0.177196 7.6908e-05
  198 197.5 0.175494 7.61693e-05
  199 198.5 0.173342 7.52352e-05
  200 199.5 0.171582 7.44714e-05
  201 200.5 0.172668 7.49427e-05
  202 201.5 0.172708 7.49601e-05
  203 202.5 0.169948 7.37622e-05
  204 203.5 0.171622 7.44887e-05
  205 204.5 0.169088 7.33889e-05
  206 205.5 0.16676 7.23785e-05
  207 206.5 0.163464 7.09479e-05
  208 207.5 0.163224 7.08437e-05
  209 208.5 0.168366 7.30755e-05
  210 209.5 0.17097 7.42057e-05
  211 210.5 0.171656 7.45035e-05
  212 211.5 0.16961 7.36155e-05
  213 212.5 0.169022 7.33602e-05
  214 213.5 0.166796 7.23941e-05
  215 214.5 0.168888 7.33021e-05
  216 215.5 0.175686 7.62526e-05
  217 216.5 0.177804 7.71719e-05
  218 217.5 0.175106 7.60009e-05
  219 218.5 0.17195 7.46311e-05
  220 219.5 0.171818 7.45738e-05
  221 220.5 0.168348 7.30677e-05
  222 221.5 0.163562 7.09905e-05
  223 222.5 0.160272 6.95625e-05
  224 223.5 0.166146 7.2112e-05
  225 224.5 0.165272 7.17326e-05
  226 225.5 0.162186 7.03932e-05
  227 226.5 0.165668 7.19045e-05
  228 227.5 0.16782 7.28385e-05
  229 228.5 0.171986 7.46467e-05
  230 229.5 0.174036 7.55365e-05
  231 230.5 0.17761 7.70877e-05
  232 231.5 0.17334 7.52344e-05
  233 232.5 0.175998 7.6388e-05
  234 233.5 0.176532 7.66198e-05
  235 234.5 0.17767 7.71137e-05
  236 235.5 0.173716 7.53976e-05
  237 236.5 0.176372 7.65503e-05
  238 237.5 0.17587 7.63325e-05
  239 238.5 0.17571 7.6263e-05
  240 239.5 0.174688 7.58194e-05
  241 240.5 0.17472 7.58333e-05
  242 241.5 0.178112 7.73056e-05
  243 242.5 0.180474 7.83307e-05
  244 243.5 0.182552 7.92326e-05
  245 244.5 0.182174 7.90686e-05
  246 245.5 0.173794 7.54314e-05
  247 246.5 0.167764 7.28142e-05
  248 247.5 0.167056 7.25069e-05
  249 248.5 0.16467 7.14714e-05
  250 249.5 0.163856 7.11181e-05
  251 250.5 0.168128 7.29722e-05
  252 251.5 0.167304 7.26146e-05
  253 252.5 0.163034 7.07613e-05
  254 253.5 0.166038 7.20651e-05
  255 254.5 0.167246 7.25894e-05
  256 255.5 0.17118 7.42969e-05
  257 256.5 0.170474 7.39905e-05
  258 257.5 0.17419 7.56033e-05
  259 258.5 0.174584 7.57743e-05
  260 259.5 0.178422 7.74401e-05
  261 260.5 0.182004 7.89948e-05
  262 261.5 0.182298 7.91224e-05
  263 262.5 0.183162 7.94974e-05
  264 263.5 0.185586 8.05495e-05
  265 264.5 0.183034 7.94418e-05
  266 265.5 0.177454 7.702e-05
  267 266.5 0.175136 7.60139e-05
  268 267.5 0.17703 7.68359e-05
  269 268.5 0.179928 7.80937e-05
  270 269.5 0.179248 7.77986e-05
  271 270.5 0.180804 7.8474e-05
  272 271.5 0.178274 7.73759e-05
  273 272.5 0.17875 7.75825e-05
  274 273.5 0.179588 7.79462e-05
  275 274.5 0.180894 7.8513e-05
  276 275.5 0.178162 7.73273e-05
  277 276.5 0.179588 7.79462e-05
  278 277.5 0.182118 7.90443e-05
  279 278.5 0.17989 7.80773e-05
  280 279.5 0.181776 7.88958e-05
  281 280.5 0.17885 7.76259e-05
  282 281.5 0.182238 7.90964e-05
  283 282.5 0.183148 7.94913e-05
  284 283.5 0.185128 8.03507e-05
  285 284.5 0.183008 7.94306e-05
  286 285.5 0.18289 7.93793e-05
  287 286.5 0.17961 7.79557e-05
  288 287.5 0.176678 7.66832e-05
  289 288.5 0.176412 7.65677e-05
  290 289.5 0.175378 7.61189e-05
  291 290.5 0.174372 7.56823e-05
  292 291.5 0.178108 7.73038e-05
  293 292.5 0.17682 7.67448e-05
  294 293.5 0.175936 7.63611e-05
  295 294.5 0.175564 7.61997e-05
  296 295.5 0.173936 7.54931e-05
  297 296.5 0.173836 7.54497e-05
  298 297.5 0.175112 7.60035e-05
  299 298.5 0.173896 7.54757e-05
  300 299.5 0.171462 7.44193e-05
  301 300.5 0.17532 7.60938e-05
  302 301.5 0.177776 7.71597e-05
  303 302.5 0.179486 7.79019e-05
  304 303.5 0.182624 7.92639e-05
  305 304.5 0.18267 7.92839e-05
  306 305.5 0.186494 8.09436e-05
  307 306.5 0.193282 8.38898e-05
  308 307.5 0.197308 8.56372e-05
  309 308.5 0.204072 8.85729e-05
  310 309.5 0.208256 9.03889e-05
  311 310.5 0.221612 9.61858e-05
  312 311.5 0.242678 0.000105329
  313 312.5 0.278228 0.000120759
  314 313.5 0.32477 0.000140959
  315 314.5 0.395274 0.00017156
  316 315.5 0.503624 0.000218587
  317 316.5 0.646372 0.000280543
  318 317.5 0.828612 0.000359641
  319 318.5 1.04502 0.000453567
  320 319.5 1.27134 0.000551796
  321 320.5 1.48212 0.00064328
  322 321.5 1.64667 0.0007147
  323 322.5 1.73557 0.000753286
  324 323.5 1.76276 0.000765085
  325 324.5 1.70683 0.000740811
  326 325.5 1.6112 0.000699304
  327 326.5 1.49147 0.000647338
  328 327.5 1.35812 0.000589463
  329 328.5 1.2473 0.000541364
  330 329.5 1.14631 0.00049753
  331 330.5 1.0658 0.000462589
  332 331.5 1.00637 0.000436793
  333 332.5 0.96385 0.000418338
  334 333.5 0.94066 0.000408273
  335 334.5 0.912926 0.000396235
  336 335.5 0.892508 0.000387373
  337 336.5 0.886882 0.000384931
  338 337.5 0.878792 0.00038142
  339 338.5 0.875296 0.000379903
  340 339.5 0.872844 0.000378839
  341 340.5 0.869636 0.000377446
  342 341.5 0.865486 0.000375645
  343 342.5 0.865978 0.000375859
  344 343.5 0.869018 0.000377178
  345 344.5 0.86822 0.000376832
  346 345.5 0.863046 0.000374586
  347 346.5 0.861072 0.000373729
  348 347.5 0.859444 0.000373023
  349 348.5 0.86244 0.000374323
  350 349.5 0.861666 0.000373987
  351 350.5 0.859566 0.000373076
  352 351.5 0.864002 0.000375001
  353 352.5 0.858286 0.00037252
  354 353.5 0.848994 0.000368487
  355 354.5 0.846208 0.000367278
  356 355.5 0.847918 0.00036802
  357 356.5 0.849308 0.000368623
  358 357.5 0.848394 0.000368227
  359 358.5 0.850874 0.000369303
  360 359.5 0.85715 0.000372027
  361 360.5 0.858926 0.000372798
  362 361.5 0.854358 0.000370815
  363 362.5 0.856052 0.00037155
  364 363.5 0.85977 0.000373164
  365 364.5 0.851408 0.000369535
  366 365.5 0.851372 0.000369519
  367 366.5 0.850522 0.00036915
  368 367.5 0.84884 0.00036842
  369 368.5 0.84175 0.000365343
  370 369.5 0.84193 0.000365421
  371 370.5 0.846468 0.000367391
  372 371.5 0.846992 0.000367618
  373 372.5 0.847546 0.000367859
  374 373.5 0.847858 0.000367994
  375 374.5 0.84892 0.000368455
  376 375.5 0.850752 0.00036925
  377 376.5 0.853322 0.000370365
  378 377.5 0.84904 0.000368507
  379 378.5 0.849558 0.000368732
  380 379.5 0.848086 0.000368093
  381 380.5 0.846062 0.000367214
  382 381.5 0.85068 0.000369219
  383 382.5 0.845252 0.000366863
  384 383.5 0.85561 0.000371359
  385 384.5 0.858974 0.000372819
  386 385.5 0.851924 0.000369759
  387 386.5 0.847918 0.00036802
  388 387.5 0.846838 0.000367551
  389 388.5 0.855528 0.000371323
  390 389.5 0.854014 0.000370666
  391 390.5 0.849394 0.000368661
  392 391.5 0.846524 0.000367415
  393 392.5 0.848444 0.000368248
  394 393.5 0.85112 0.00036941
  395 394.5 0.852892 0.000370179
  396 395.5 0.847758 0.000367951
  397 396.5 0.848328 0.000368198
  398 397.5 0.85248 0.00037
  399 398.5 0.853128 0.000370281
  400 399.5 0.853994 0.000370657
  401 400.5 0.850546 0.000369161
  402 401.5 0.855978 0.000371518
  403 402.5 0.843068 0.000365915
  404 403.5 0.846634 0.000367463
  405 404.5 0.84805 0.000368077
  406 405.5 0.845458 0.000366952
  407 406.5 0.83934 0.000364297
  408 407.5 0.839492 0.000364363
  409 408.5 0.841996 0.00036545
  410 409.5 0.844718 0.000366631
  411 410.5 0.847886 0.000368006
  412 411.5 0.851588 0.000369613
  413 412.5 0.850322 0.000369063
  414 413.5 0.847114 0.000367671
  415 414.5 0.847976 0.000368045
  416 415.5 0.849738 0.00036881
  417 416.5 0.850718 0.000369235
  418 417.5 0.85214 0.000369852
  419 418.5 0.859714 0.00037314
  420 419.5 0.849456 0.000368687
  421 420.5 0.848726 0.000368371
  422 421.5 0.843308 0.000366019
  423 422.5 0.846102 0.000367232
  424 423.5 0.851958 0.000369773
  425 424.5 0.855456 0.000371292
  426 425.5 0.852242 0.000369897
  427 426.5 0.856556 0.000371769
  428 427.5 0.86096 0.000373681
  429 428.5 0.856154 0.000371595
  430 429.5 0.859572 0.000373078
  431 430.5 0.852762 0.000370122
  432 431.5 0.845648 0.000367035
  433 432.5 0.852448 0.000369986
  434 433.5 0.8496 0.00036875
  435 434.5 0.856392 0.000371698
  436 435.5 0.855318 0.000371232
  437 436.5 0.853572 0.000370474
  438 437.5 0.851102 0.000369402
  439 438.5 0.846452 0.000367384
  440 439.5 0.847214 0.000367714
  441 440.5 0.848914 0.000368452
  442 441.5 0.853748 0.00037055
  443 442.5 0.85605 0.000371549
  444 443.5 0.85608 0.000371562
  445 444.5 0.851536 0.00036959
  446 445.5 0.849252 0.000368599
  447 446.5 0.843894 0.000366273
  448 447.5 0.846636 0.000367464
  449 448.5 0.851346 0.000369508
  450 449.5 0.848508 0.000368276
  451 450.5 0.84869 0.000368355
  452 451.5 0.8483 0.000368186
  453 452.5 0.848852 0.000368425
  454 453.5 0.851082 0.000369393
  455 454.5 0.858192 0.000372479
  456 455.5 0.866326 0.00037601
  457 456.5 0.863776 0.000374903
  458 457.5 0.873802 0.000379254
  459 458.5 0.88463 0.000383954
  460 459.5 0.897746 0.000389647
  461 460.5 0.923084 0.000400644
  462 461.5 0.957236 0.000415467
  463 462.5 1.01379 0.000440014
  464 463.5 1.09652 0.000475918
  465 464.5 1.22408 0.000531284
  466 465.5 1.42357 0.000617867
  467 466.5 1.71684 0.000745155
  468 467.5 2.17658 0.000944694
  469 468.5 2.88958 0.00125416
  470 469.5 3.93173 0.00170648
  471 470.5 5.39133 0.00233999
  472 471.5 7.33034 0.00318157
  473 472.5 9.76156 0.00423679
  474 473.5 12.6137 0.00547468
  475 474.5 15.6724 0.00680227
  476 475.5 18.7818 0.0081518
  477 476.5 21.6634 0.0094025
  478 477.5 24.1721 0.0104914
  479 478.5 26.2965 0.0114134
  480 479.5 27.9461 0.0121294
30000000 480 5437.000000000003
  1 0.5 29.8356 0.0129495
  2 1.5 30.5467 0.0132581
  3 2.5 31.1558 0.0135225
  4 3.5 31.5674 0.0137011
  5 4.5 31.8446 0.0138214
  6 5.5 32.0496 0.0139104
  7 6.5 32.2159 0.0139826
  8 7.5 32.3206 0.014028
  9 8.5 32.4056 0.0140649
  10 9.5 32.4848 0.0140993
  11 10.5 32.4932 0.0141029
  12 11.5 32.5402 0.0141233
  13 12.5 32.593 0.0141463
  14 13.5 32.5713 0.0141369
  15 14.5 32.5964 0.0141477
  16 15.5 32.6452 0.0141689
  17 16.5 32.6268 0.0141609
  18 17.5 32.598 0.0141484
  19 18.5 32.6576 0.0141743
  20 19.5 32.6363 0.0141651
  21 20.5 32.6064 0.0141521
  22 21.5 32.6513 0.0141716
  23 22.5 32.6546 0.014173
  24 23.5 32.618 0.0141571
  25 24.5 32.6353 0.0141646
  26 25.5 32.6701 0.0141797
  27 26.5 32.6595 0.0141751
  28 27.5 32.5984 0.0141486
  29 28.5 32.6576 0.0141743
  30 29.5 32.6841 0.0141858
  31 30.5 32.6249 0.0141601
  32 31.5 32.6143 0.0141555
  33 32.5 32.6746 0.0141817
  34 33.5 32.6718 0.0141805
  35 34.5 32.6253 0.0141603
  36 35.5 32.6606 0.0141756
  37 36.5 32.6921 0.0141893
  38 37.5 32.6465 0.0141695
  39 38.5 32.6436 0.0141682
  40 39.5 32.7011 0.0141932
  41 40.5 32.6596 0.0141752
  42 41.5 32.6664 0.0141781
  43 42.5 32.662 0.0141762
  44 43.5 32.6779 0.0141831
  45 44.5 32.6854 0.0141864
  46 45.5 32.6736 0.0141812
  47 46.5 32.6599 0.0141753
  48 47.5 32.6909 0.0141888
  49 48.5 32.6436 0.0141682
  50 49.5 32.6782 0.0141832
  51 50.5 32.6983 0.014192
  52 51.5 32.676 0.0141823
  53 52.5 32.6585 0.0141747
  54 53.5 32.7082 0.0141963
  55 54.5 32.6775 0.0141829
  56 55.5 32.6593 0.0141751
  57 56.5 32.7103 0.0141972
  58 57.5 32.6758 0.0141822
  59 58.5 32.6619 0.0141762
  60 59.5 32.6794 0.0141837
  61 60.5 32.7144 0.014199
  62 61.5 32.6652 0.0141776
  63 62.5 32.6576 0.0141743
  64 63.5 32.6939 0.0141901
  65 64.5 32.7033 0.0141941
  66 65.5 32.6497 0.0141709
  67 66.5 32.6324 0.0141634
  68 67.5 32.7241 0.0142031
  69 68.5 32.6648 0.0141774
  70 69.5 32.6455 0.014169
  71 70.5 32.6622 0.0141763
  72 71.5 32.6875 0.0141873
  73 72.5 32.634 0.0141641
  74 73.5 32.6453 0.014169
  75 74.5 32.6542 0.0141728
  76 75.5 32.6596 0.0141752
  77 76.5 32.6353 0.0141646
  78 77.5 32.622 0.0141588
  79 78.5 32.6657 0.0141778
  80 79.5 32.6467 0.0141696
  81 80.5 32.5919 0.0141458
  82 81.5 32.6244 0.0141599
  83 82.5 32.6571 0.0141741
  84 83.5 32.6175 0.0141569
  85 84.5 32.5773 0.0141394
  86 85.5 32.6555 0.0141734
  87 86.5 32.6265 0.0141608
  88 87.5 32.6026 0.0141504
  89 88.5 32.6267 0.0141609
  90 89.5 32.655 0.0141732
  91 90.5 32.608 0.0141528
  92 91.5 32.5871 0.0141437
  93 92.5 32.6415 0.0141673
  94 93.5 32.635 0.0141645
  95 94.5 32.6126 0.0141548
  96 95.5 32.615 0.0141558
  97 96.5 32.6419 0.0141675
  98 97.5 32.6063 0.014152
  99 98.5 32.6509 0.0141714
  100 99.5 32.57 0.0141363
  101 100.5 32.6359 0.0141649
  102 101.5 32.6442 0.0141685
  103 102.5 32.6116 0.0141543
  104 103.5 32.6391 0.0141663
  105 104.5 32.6487 0.0141704
  106 105.5 32.6325 0.0141634
  107 106.5 32.6318 0.0141631
  108 107.5 32.676 0.0141823
  109 108.5 32.6745 0.0141816
  110 109.5 32.669 0.0141792
  111 110.5 32.635 0.0141645
  112 111.5 32.6684 0.014179
  113 112.5 32.6905 0.0141886
  114 113.5 32.6999 0.0141927
  115 114.5 32.6305 0.0141625
  116 115.5 32.6724 0.0141807
  117 116.5 32.6716 0.0141804
  118 117.5 32.6932 0.0141898
  119 118.5 32.6624 0.0141764
  120 119.5 32.6359 0.0141649
  121 120.5 32.6756 0.0141821
  122 121.5 32.6768 0.0141827
  123 122.5 32.6448 0.0141687
  124 123.5 32.6657 0.0141778
  125 124.5 32.653 0.0141723
  126 125.5 32.6712 0.0141802
  127 126.5 32.6433 0.0141681
  128 127.5 32.6663 0.0141781
  129 128.5 32.6709 0.0141801
  130 129.5 32.6334 0.0141638
  131 130.5 32.6485 0.0141704
  132 131.5 32.654 0.0141728
  133 132.5 32.6362 0.014165
  134 133.5 32.6327 0.0141635
  135 134.5 32.6525 0.0141721
  136 135.5 32.6581 0.0141745
  137 136.5 32.6107 0.014154
  138 137.5 32.6077 0.0141526
  139 138.5 32.6109 0.014154
  140 139.5 32.5673 0.0141351
  141 140.5 32.52 0.0141146
  142 141.5 32.5016 0.0141066
  143 142.5 32.4273 0.0140743
  144 143.5 32.3496 0.0140406
  145 144.5 32.2031 0.013977
  146 145.5 32.0772 0.0139224
  147 146.5 31.8929 0.0138424
  148 147.5 31.6256 0.0137264
  149 148.5 31.1867 0.0135359
  150 149.5 30.6741 0.0133134
  151 150.5 29.875 0.0129666
  152 151.5 28.7615 0.0124833
  153 152.5 27.1379 0.0117786
  154 153.5 24.941 0.0108251
  155 154.5 21.9712 0.00953611
  156 155.5 18.3304 0.00795591
  157 156.5 14.2877 0.00620127
  158 157.5 10.3084 0.00447412
  159 158.5 6.87184 0.00298257
  160 159.5 4.28536 0.00185997
  161 160.5 2.55343 0.00110826
  162 161.5 1.49559 0.000649128
  163 162.5 0.891154 0.000386786
  164 163.5 0.570532 0.000247627
  165 164.5 0.402006 0.000174482
  166 165.5 0.310746 0.000134872
  167 166.5 0.257272 0.000111663
  168 167.5 0.220068 9.55156e-05
  169 168.5 0.203906 8.85009e-05
  170 169.5 0.191924 8.33003e-05
  171 170.5 0.187346 8.13134e-05
  172 171.5 0.180776 7.84618e-05
  173 172.5 0.172786 7.49939e-05
  174 173.5 0.168572 7.31649e-05
  175 174.5 0.166312 7.2184e-05
  176 175.5 0.171036 7.42344e-05
  177 176.5 0.170974 7.42075e-05
  178 177.5 0.167874 7.2862e-05
  179 178.5 0.164888 7.1566e-05
  180 179.5 0.164274 7.12995e-05
  181 180.5 0.163692 7.10469e-05
  182 181.5 0.163072 7.07778e-05
  183 182.5 0.16643 7.22352e-05
  184 183.5 0.166764 7.23802e-05
  185 184.5 0.166312 7.2184e-05
  186 185.5 0.166768 7.23819e-05
  187 186.5 0.16135 7.00304e-05
  188 187.5 0.163052 7.07691e-05
  189 188.5 0.1614 7.00521e-05
  190 189.5 0.164758 7.15095e-05
  191 190.5 0.169154 7.34175e-05
  192 191.5 0.171788 7.45608e-05
  193 192.5 0.175678 7.62491e-05
  194 193.5 0.181312 7.86944e-05
  195 194.5 0.186202 8.08168e-05
  196 195.5 0.187826 8.15217e-05
  197 196.5 0.184944 8.02708e-05
  198 197.5 0.185268 8.04115e-05
  199 198.5 0.182662 7.92804e-05
  200 199.5 0.181562 7.8803e-05
  201 200.5 0.183032 7.9441e-05
  202 201.5 0.185948 8.07066e-05
  203 202.5 0.184972 8.0283e-05
  204 203.5 0.187808 8.15139e-05
  205 204.5 0.192404 8.35087e-05
  206 205.5 0.189744 8.23542e-05
  207 206.5 0.187492 8.13767e-05
  208 207.5 0.191666 8.31884e-05
  209 208.5 0.195534 8.48672e-05
  210 209.5 0.193944 8.41771e-05
  211 210.5 0.191994 8.33307e-05
  212 211.5 0.19144 8.30903e-05
  213 212.5 0.194104 8.42465e-05
  214 213.5 0.192556 8.35747e-05
  215 214.5 0.19307 8.37977e-05
  216 215.5 0.1929 8.3724e-05
  217 216.5 0.19262 8.36024e-05
  218 217.5 0.196136 8.51285e-05
  219 218.5 0.188972 8.20191e-05
  220 219.5 0.186472 8.0934e-05
  221 220.5 0.187286 8.12873e-05
  222 221.5 0.18073 7.84418e-05
  223 222.5 0.180736 7.84444e-05
  224 223.5 0.178112 7.73056e-05
  225 224.5 0.174948 7.59323e-05
  226 225.5 0.176766 7.67214e-05
  227 226.5 0.175522 7.61814e-05
  228 227.5 0.174798 7.58672e-05
  229 228.5 0.170878 7.41658e-05
  230 229.5 0.173258 7.51988e-05
  231 230.5 0.177462 7.70234e-05
  232 231.5 0.177688 7.71215e-05
  233 232.5 0.180956 7.85399e-05
  234 233.5 0.178954 7.7671e-05
  235 234.5 0.17547 7.61589e-05
  236 235.5 0.177678 7.71172e-05
  237 236.5 0.180348 7.8276e-05
  238 237.5 0.182246 7.90998e-05
  239 238.5 0.18678 8.10677e-05
  240 239.5 0.184356 8.00156e-05
  241 240.5 0.182982 7.94193e-05
  242 241.5 0.184322 8.00009e-05
  243 242.5 0.185018 8.0303e-05
  244 243.5 0.183892 7.98142e-05
  245 244.5 0.182398 7.91658e-05
  246 245.5 0.18305 7.94488e-05
  247 246.5 0.183078 7.94609e-05
  248 247.5 0.184636 8.01372e-05
  249 248.5 0.186434 8.09175e-05
  250 249.5 0.18111 7.86068e-05
  251 250.5 0.183194 7.95113e-05
  252 251.5 0.180024 7.81354e-05
  253 252.5 0.182036 7.90087e-05
  254 253.5 0.18224 7.90972e-05
  255 254.5 0.184072 7.98924e-05
  256 255.5 0.18505 8.03168e-05
  257 256.5 0.184866 8.0237e-05
  258 257.5 0.183616 7.96944e-05
  259 258.5 0.185652 8.05781e-05
  260 259.5 0.18524 8.03993e-05
  261 260.5 0.184622 8.01311e-05
  262 261.5 0.186688 8.10278e-05
  263 262.5 0.18688 8.11111e-05
  264 263.5 0.18942 8.22135e-05
  265 264.5 0.190888 8.28507e-05
  266 265.5 0.189926 8.24332e-05
  267 266.5 0.188374 8.17595e-05
  268 267.5 0.188162 8.16675e-05
  269 268.5 0.186358 8.08845e-05
  270 269.5 0.192254 8.34436e-05
  271 270.5 0.19383 8.41276e-05
  272 271.5 0.193114 8.38168e-05
  273 272.5 0.1902 8.25521e-05
  274 273.5 0.190308 8.2599e-05
  275 274.5 0.191022 8.29089e-05
  276 275.5 0.19163 8.31727e-05
  277 276.5 0.18471 8.01693e-05
  278 277.5 0.183346 7.95773e-05
  279 278.5 0.186132 8.07865e-05
  280 279.5 0.181442 7.87509e-05
  281 280.5 0.181446 7.87526e-05
  282 281.5 0.184566 8.01068e-05
  283 282.5 0.184648 8.01424e-05
  284 283.5 0.187446 8.13568e-05
  285 284.5 0.188068 8.16267e-05
  286 285.5 0.188444 8.17899e-05
  287 286.5 0.19105 8.2921e-05
  288 287.5 0.18551 8.05165e-05
  289 288.5 0.187232 8.12639e-05
  290 289.5 0.18688 8.11111e-05
  291 290.5 0.18699 8.11589e-05
  292 291.5 0.188204 8.16858e-05
  293 292.5 0.188078 8.16311e-05
  294 293.5 0.188014 8.16033e-05
  295 294.5 0.188152 8.16632e-05
  296 295.5 0.185858 8.06675e-05
  297 296.5 0.185784 8.06354e-05
  298 297.5 0.185408 8.04722e-05
  299 298.5 0.184188 7.99427e-05
  300 299.5 0.184284 7.99844e-05
  301 300.5 0.182066 7.90217e-05
  302 301.5 0.181956 7.8974e-05
  303 302.5 0.177786 7.71641e-05
  304 303.5 0.17565 7.6237e-05
  305 304.5 0.178096 7.72986e-05
  306 305.5 0.180766 7.84575e-05
  307 306.5 0.184822 8.02179e-05
  308 307.5 0.18989 8.24175e-05
  309 308.5 0.20104 8.72569e-05
  310 309.5 0.21606 9.3776e-05
  311 310.5 0.233264 0.000101243
  312 311.5 0.264094 0.000114624
  313 312.5 0.305356 0.000132533
  314 313.5 0.366222 0.000158951
  315 314.5 0.460974 0.000200076
  316 315.5 0.587432 0.000254962
  317 316.5 0.756442 0.000328317
  318 317.5 0.968118 0.00042019
  319 318.5 1.20531 0.000523138
  320 319.5 1.42696 0.00061934
  321 320.5 1.61053 0.000699016
  322 321.5 1.73722 0.000754002
  323 322.5 1.76867 0.00076765
  324 323.5 1.73159 0.000751557
  325 324.5 1.63647 0.000710272
  326 325.5 1.5043 0.000652909
  327 326.5 1.37156 0.000595295
  328 327.5 1.2534 0.00054401
  329 328.5 1.15083 0.000499493
  330 329.5 1.06454 0.000462042
  331 330.5 1.01181 0.000439152
  332 331.5 0.964204 0.000418491
  333 332.5 0.923982 0.000401034
  334 333.5 0.90379 0.00039227
  335 334.5 0.890276 0.000386405
  336 335.5 0.884108 0.000383727
  337 336.5 0.874932 0.000379745
  338 337.5 0.873302 0.000379037
  339 338.5 0.863484 0.000374776
  340 339.5 0.860438 0.000373454
  341 340.5 0.857812 0.000372314
  342 341.5 0.853704 0.000370531
  343 342.5 0.852228 0.000369891
  344 343.5 0.851684 0.000369655
  345 344.5 0.851754 0.000369685
  346 345.5 0.854542 0.000370895
  347 346.5 0.856768 0.000371861
  348 347.5 0.861878 0.000374079
  349 348.5 0.86452 0.000375226
  350 349.5 0.862776 0.000374469
  351 350.5 0.865612 0.0003757
  352 351.5 0.857914 0.000372359
  353 352.5 0.856598 0.000371787
  354 353.5 0.856468 0.000371731
  355 354.5 0.8568 0.000371875
  356 355.5 0.858562 0.00037264
  357 356.5 0.858408 0.000372573
  358 357.5 0.855654 0.000371378
  359 358.5 0.857444 0.000372155
  360 359.5 0.850654 0.000369207
  361 360.5 0.861124 0.000373752
  362 361.5 0.860116 0.000373314
  363 362.5 0.862924 0.000374533
  364 363.5 0.85837 0.000372556
  365 364.5 0.857508 0.000372182
  366 365.5 0.852898 0.000370181
  367 366.5 0.851594 0.000369615
  368 367.5 0.85141 0.000369536
  369 368.5 0.844346 0.00036647
  370 369.5 0.84555 0.000366992
  371 370.5 0.846236 0.00036729
  372 371.5 0.85471 0.000370968
  373 372.5 0.84561 0.000367018
  374 373.5 0.848866 0.000368431
  375 374.5 0.851032 0.000369372
  376 375.5 0.851968 0.000369778
  377 376.5 0.848328 0.000368198
  378 377.5 0.849706 0.000368796
  379 378.5 0.848052 0.000368078
  380 379.5 0.850374 0.000369086
  381 380.5 0.855092 0.000371134
  382 381.5 0.859658 0.000373115
  383 382.5 0.861348 0.000373849
  384 383.5 0.86399 0.000374996
  385 384.5 0.86308 0.000374601
  386 385.5 0.864602 0.000375261
  387 386.5 0.858274 0.000372515
  388 387.5 0.85891 0.000372791
  389 388.5 0.865978 0.000375859
  390 389.5 0.865872 0.000375813
  391 390.5 0.860458 0.000373463
  392 391.5 0.853602 0.000370487
  393 392.5 0.853222 0.000370322
  394 393.5 0.856608 0.000371792
  395 394.5 0.86375 0.000374891
  396 395.5 0.863296 0.000374694
  397 396.5 0.861032 0.000373712
  398 397.5 0.866902 0.00037626
  399 398.5 0.867816 0.000376656
  400 399.5 0.863278 0.000374687
  401 400.5 0.865882 0.000375817
  402 401.5 0.866748 0.000376193
  403 402.5 0.867044 0.000376321
  404 403.5 0.871386 0.000378206
  405 404.5 0.868962 0.000377154
  406 405.5 0.878374 0.000381239
  407 406.5 0.88008 0.000381979
  408 407.5 0.871708 0.000378345
  409 408.5 0.871938 0.000378445
  410 409.5 0.872294 0.0003786
  411 410.5 0.875656 0.000380059
  412 411.5 0.87266 0.000378759
  413 412.5 0.868558 0.000376978
  414 413.5 0.867192 0.000376385
  415 414.5 0.86611 0.000375916
  416 415.5 0.866826 0.000376227
  417 416.5 0.860106 0.00037331
  418 417.5 0.867532 0.000376533
  419 418.5 0.867352 0.000376455
  420 419.5 0.868306 0.000376869
  421 420.5 0.868244 0.000376842
  422 421.5 0.866788 0.00037621
  423 422.5 0.87127 0.000378155
  424 423.5 0.865226 0.000375532
  425 424.5 0.868858 0.000377109
  426 425.5 0.871002 0.000378039
  427 426.5 0.872828 0.000378832
  428 427.5 0.868834 0.000377098
  429 428.5 0.87387 0.000379284
  430 429.5 0.872664 0.00037876
  431 430.5 0.870608 0.000377868
  432 431.5 0.872542 0.000378707
  433 432.5 0.873402 0.000379081
  434 433.5 0.874686 0.000379638
  435 434.5 0.873816 0.00037926
  436 435.5 0.877222 0.000380739
  437 436.5 0.877132 0.0003807
  438 437.5 0.88001 0.000381949
  439 438.5 0.88126 0.000382491
  440 439.5 0.881948 0.00038279
  441 440.5 0.880316 0.000382082
  442 441.5 0.87561 0.000380039
  443 442.5 0.880672 0.000382236
  444 443.5 0.877076 0.000380675
  445 444.5 0.874428 0.000379526
  446 445.5 0.878924 0.000381477
  447 446.5 0.869712 0.000377479
  448 447.5 0.875028 0.000379786
  449 448.5 0.876046 0.000380228
  450 449.5 0.873636 0.000379182
  451 450.5 0.869504 0.000377389
  452 451.5 0.862058 0.000374157
  453 452.5 0.860756 0.000373592
  454 453.5 0.868148 0.0003768
  455 454.5 0.873128 0.000378962
  456 455.5 0.877762 0.000380973
  457 456.5 0.880846 0.000382312
  458 457.5 0.885768 0.000384448
  459 458.5 0.90574 0.000393116
  460 459.5 0.918114 0.000398487
  461 460.5 0.94772 0.000411337
  462 461.5 0.994792 0.000431767
  463 462.5 1.05692 0.000458732
  464 463.5 1.15501 0.000501306
  465 464.5 1.30005 0.00056426
  466 465.5 1.55211 0.000673661
  467 466.5 1.92981 0.000837591
  468 467.5 2.50536 0.0010874
  469 468.5 3.37547 0.00146505
  470 469.5 4.63786 0.00201296
  471 470.5 6.36164 0.00276113
  472 471.5 8.59903 0.00373222
  473 472.5 11.3273 0.00491636
  474 473.5 14.3968 0.0062486
  475 474.5 17.5234 0.00760565
  476 475.5 20.5456 0.00891736
  477 476.5 23.3026 0.010114
  478 477.5 25.5761 0.0111008
  479 478.5 27.3766 0.0118822
  480 479.5 28.7882 0.0124949
40000000 480 5437.0000000000055
  1 0.5 29.5104 0.0128083
  2 1.5 30.3365 0.0131669
  3 2.5 30.9649 0.0134396
  4 3.5 31.3974 0.0136273
  5 4.5 31.7066 0.0137615
  6 5.5 31.9655 0.0138739
  7 6.5 32.0998 0.0139322
  8 7.5 32.2174 0.0139832
  9 8.5 32.3679 0.0140486
  10 9.5 32.4007 0.0140628
  11 10.5 32.4273 0.0140744
  12 11.5 32.491 0.014102
  13 12.5 32.5429 0.0141245
  14 13.5 32.5243 0.0141164
  15 14.5 32.5545 0.0141295
  16 15.5 32.5897 0.0141449
  17 16.5 32.5678 0.0141354
  18 17.5 32.5626 0.0141331
  19 18.5 32.6107 0.0141539
  20 19.5 32.5879 0.014144
  21 20.5 32.575 0.0141385
  22 21.5 32.6151 0.0141559
  23 22.5 32.6309 0.0141627
  24 23.5 32.5735 0.0141378
  25 24.5 32.582 0.0141415
  26 25.5 32.6467 0.0141696
  27 26.5 32.6081 0.0141528
  28 27.5 32.6019 0.0141501
  29 28.5 32.6284 0.0141616
  30 29.5 32.6169 0.0141567
  31 30.5 32.569 0.0141358
  32 31.5 32.6111 0.0141541
  33 32.5 32.6325 0.0141634
  34 33.5 32.5865 0.0141434
  35 34.5 32.6096 0.0141535
  36 35.5 32.6232 0.0141594
  37 36.5 32.5792 0.0141403
  38 37.5 32.5824 0.0141416
  39 38.5 32.6045 0.0141513
  40 39.5 32.6086 0.0141531
  41 40.5 32.5799 0.0141406
  42 41.5 32.592 0.0141458
  43 42.5 32.5904 0.0141451
  44 43.5 32.5823 0.0141416
  45 44.5 32.5904 0.0141451
  46 45.5 32.5895 0.0141447
  47 46.5 32.5844 0.0141425
  48 47.5 32.5796 0.0141404
  49 48.5 32.5833 0.014142
  50 49.5 32.5895 0.0141447
  51 50.5 32.5942 0.0141468
  52 51.5 32.6045 0.0141513
  53 52.5 32.602 0.0141502
  54 53.5 32.6104 0.0141538
  55 54.5 32.5976 0.0141482
  56 55.5 32.6068 0.0141523
  57 56.5 32.5956 0.0141474
  58 57.5 32.5949 0.0141471
  59 58.5 32.6003 0.0141494
  60 59.5 32.6133 0.0141551
  61 60.5 32.5999 0.0141493
  62 61.5 32.586 0.0141432
  63 62.5 32.6348 0.0141644
  64 63.5 32.5903 0.0141451
  65 64.5 32.6399 0.0141666
  66 65.5 32.5879 0.0141441
  67 66.5 32.6334 0.0141638
  68 67.5 32.5834 0.0141421
  69 68.5 32.6303 0.0141624
  70 69.5 32.6141 0.0141554
  71 70.5 32.583 0.0141419
  72 71.5 32.618 0.0141571
  73 72.5 32.6109 0.014154
  74 73.5 32.6132 0.014155
  75 74.5 32.5782 0.0141399
  76 75.5 32.6515 0.0141716
  77 76.5 32.6214 0.0141586
  78 77.5 32.6042 0.0141511
  79 78.5 32.6291 0.0141619
  80 79.5 32.6334 0.0141638
  81 80.5 32.6002 0.0141494
  82 81.5 32.5978 0.0141483
  83 82.5 32.6271 0.014161
  84 83.5 32.6273 0.0141612
  85 84.5 32.6061 0.014152
  86 85.5 32.6007 0.0141496
  87 86.5 32.6466 0.0141695
  88 87.5 32.6086 0.014153
  89 88.5 32.6121 0.0141546
  90 89.5 32.6321 0.0141632
  91 90.5 32.6288 0.0141618
  92 91.5 32.5951 0.0141472
  93 92.5 32.6194 0.0141577
  94 93.5 32.6193 0.0141577
  95 94.5 32.606 0.0141519
  96 95.5 32.6006 0.0141496
  97 96.5 32.6528 0.0141722
  98 97.5 32.6192 0.0141576
  99 98.5 32.631 0.0141628
  100 99.5 32.6604 0.0141755
  101 100.5 32.6166 0.0141565
  102 101.5 32.6526 0.0141721
  103 102.5 32.6449 0.0141688
  104 103.5 32.6799 0.014184
  105 104.5 32.6496 0.0141708
  106 105.5 32.6459 0.0141692
  107 106.5 32.6646 0.0141774
  108 107.5 32.6765 0.0141825
  109 108.5 32.6361 0.014165
  110 109.5 32.6949 0.0141905
  111 110.5 32.6606 0.0141756
  112 111.5 32.6391 0.0141663
  113 112.5 32.6679 0.0141788
  114 113.5 32.702 0.0141936
  115 114.5 32.6607 0.0141757
  116 115.5 32.6507 0.0141713
  117 116.5 32.7033 0.0141942
  118 117.5 32.6913 0.0141889
  119 118.5 32.6574 0.0141742
  120 119.5 32.6317 0.0141631
  121 120.5 32.6992 0.0141924
  122 121.5 32.6837 0.0141856
  123 122.5 32.6172 0.0141568
  124 123.5 32.6643 0.0141772
  125 124.5 32.6609 0.0141757
  126 125.5 32.662 0.0141762
  127 126.5 32.6466 0.0141695
  128 127.5 32.6584 0.0141747
  129 128.5 32.6403 0.0141668
  130 129.5 32.6272 0.0141611
  131 130.5 32.6696 0.0141795
  132 131.5 32.6362 0.014165
  133 132.5 32.6352 0.0141646
  134 133.5 32.6471 0.0141698
  135 134.5 32.651 0.0141714
  136 135.5 32.6235 0.0141595
  137 136.5 32.6306 0.0141626
  138 137.5 32.6176 0.014157
  139 138.5 32.5973 0.0141481
  140 139.5 32.5539 0.0141293
  141 140.5 32.5558 0.0141301
  142 141.5 32.5384 0.0141226
  143 142.5 32.4677 0.0140919
  144 143.5 32.3581 0.0140443
  145 144.5 32.3162 0.0140261
  146 145.5 32.1908 0.0139717
  147 146.5 32.0069 0.0138919
  148 147.5 31.7766 0.0137919
  149 148.5 31.4239 0.0136388
  150 149.5 30.9901 0.0134506
  151 150.5 30.3013 0.0131516
  152 151.5 29.3293 0.0127297
  153 152.5 27.9418 0.0121275
  154 153.5 25.9763 0.0112744
  155 154.5 23.2576 0.0100945
  156 155.5 19.8556 0.0086179
  157 156.5 15.8619 0.00688449
  158 157.5 11.7723 0.0051095
  159 158.5 8.04718 0.0034927
  160 159.5 5.13665 0.00222945
  161 160.5 3.08074 0.00133712
  162 161.5 1.80184 0.000782048
  163 162.5 1.07313 0.000465767
  164 163.5 0.663942 0.000288169
  165 164.5 0.452852 0.00019655
  166 165.5 0.33638 0.000145998
  167 166.5 0.273292 0.000118616
  168 167.5 0.238526 0.000103527
  169 168.5 0.2139 9.28385e-05
  170 169.5 0.201598 8.74991e-05
  171 170.5 0.195424 8.48194e-05
  172 171.5 0.19135 8.30512e-05
  173 172.5 0.189616 8.22986e-05
  174 173.5 0.19006 8.24913e-05
  175 174.5 0.186488 8.0941e-05
  176 175.5 0.18367 7.97179e-05
  177 176.5 0.183356 7.95816e-05
  178 177.5 0.179628 7.79635e-05
  179 178.5 0.179592 7.79479e-05
  180 179.5 0.180366 7.82839e-05
  181 180.5 0.174906 7.59141e-05
  182 181.5 0.173106 7.51328e-05
  183 182.5 0.172364 7.48108e-05
  184 183.5 0.177118 7.68741e-05
  185 184.5 0.176908 7.6783e-05
  186 185.5 0.180756 7.84531e-05
  187 186.5 0.178292 7.73837e-05
  188 187.5 0.181316 7.86962e-05
  189 188.5 0.183704 7.97326e-05
  190 189.5 0.18164 7.88368e-05
  191 190.5 0.180542 7.83602e-05
  192 191.5 0.185108 8.0342e-05
  193 192.5 0.18629 8.0855e-05
  194 193.5 0.184158 7.99297e-05
  195 194.5 0.186364 8.08872e-05
  196 195.5 0.190852 8.28351e-05
  197 196.5 0.188992 8.20278e-05
  198 197.5 0.1888 8.19444e-05
  199 198.5 0.181588 7.88142e-05
  200 199.5 0.184056 7.98854e-05
  201 200.5 0.181534 7.87908e-05
  202 201.5 0.178682 7.7553e-05
  203 202.5 0.178806 7.76068e-05
  204 203.5 0.180874 7.85043e-05
  205 204.5 0.180484 7.83351e-05
  206 205.5 0.181508 7.87795e-05
  207 206.5 0.183286 7.95512e-05
  208 207.5 0.186318 8.08672e-05
  209 208.5 0.185858 8.06675e-05
  210 209.5 0.188904 8.19896e-05
  211 210.5 0.18693 8.11328e-05
  212 211.5 0.187982 8.15894e-05
  213 212.5 0.187132 8.12205e-05
  214 213.5 0.187686 8.14609e-05
  215 214.5 0.18312 7.94792e-05
  216 215.5 0.184802 8.02092e-05
  217 216.5 0.185426 8.048e-05
  218 217.5 0.185488 8.05069e-05
  219 218.5 0.186498 8.09453e-05
  220 219.5 0.181778 7.88967e-05
  221 220.5 0.179928 7.80937e-05
  222 221.5 0.17634 7.65365e-05
  223 222.5 0.175 7.59549e-05
  224 223.5 0.174522 7.57474e-05
  225 224.5 0.173826 7.54453e-05
  226 225.5 0.175546 7.61918e-05
  227 226.5 0.173518 7.53116e-05
  228 227.5 0.170772 7.41198e-05
  229 228.5 0.169058 7.33759e-05
  230 229.5 0.165118 7.16658e-05
  231 230.5 0.167268 7.2599e-05
  232 231.5 0.167572 7.27309e-05
  233 232.5 0.165674 7.19071e-05
  234 233.5 0.16536 7.17708e-05
  235 234.5 0.161624 7.01493e-05
  236 235.5 0.164544 7.14167e-05
  237 236.5 0.162122 7.03655e-05
  238 237.5 0.162826 7.0671e-05
  239 238.5 0.16685 7.24175e-05
  240 239.5 0.168812 7.32691e-05
  241 240.5 0.171882 7.46016e-05
  242 241.5 0.170688 7.40833e-05
  243 242.5 0.16891 7.33116e-05
  244 243.5 0.170656 7.40694e-05
  245 244.5 0.173506 7.53064e-05
  246 245.5 0.170834 7.41467e-05
  247 246.5 0.17171 7.45269e-05
  248 247.5 0.173664 7.5375e-05
  249 248.5 0.17305 7.51085e-05
  250 249.5 0.171594 7.44766e-05
  251 250.5 0.169594 7.36085e-05
  252 251.5 0.166424 7.22326e-05
  253 252.5 0.169822 7.37075e-05
  254 253.5 0.16596 7.20313e-05
  255 254.5 0.166152 7.21146e-05
  256 255.5 0.167008 7.24861e-05
  257 256.5 0.163024 7.07569e-05
  258 257.5 0.165496 7.18299e-05
  259 258.5 0.16526 7.17274e-05
  260 259.5 0.164646 7.14609e-05
  261 260.5 0.166256 7.21597e-05
  262 261.5 0.163668 7.10365e-05
  263 262.5 0.164952 7.15938e-05
  264 263.5 0.16909 7.33898e-05
  265 264.5 0.169194 7.34349e-05
  266 265.5 0.167218 7.25773e-05
  267 266.5 0.166408 7.22257e-05
  268 267.5 0.164006 7.11832e-05
  269 268.5 0.165142 7.16762e-05
  270 269.5 0.171074 7.42509e-05
  271 270.5 0.171788 7.45608e-05
  272 271.5 0.172068 7.46823e-05
  273 272.5 0.173458 7.52856e-05
  274 273.5 0.171876 7.4599e-05
  275 274.5 0.170668 7.40747e-05
  276 275.5 0.164212 7.12726e-05
  277 276.5 0.165966 7.20339e-05
  278 277.5 0.166886 7.24332e-05
  279 278.5 0.16486 7.15538e-05
  280 279.5 0.167108 7.25295e-05
  281 280.5 0.164958 7.15964e-05
  282 281.5 0.161502 7.00964e-05
  283 282.5 0.162964 7.07309e-05
  284 283.5 0.163722 7.10599e-05
  285 284.5 0.167764 7.28142e-05
  286 285.5 0.170198 7.38707e-05
  287 286.5 0.175376 7.61181e-05
  288 287.5 0.176316 7.6526e-05
  289 288.5 0.174122 7.55738e-05
  290 289.5 0.176976 7.68125e-05
  291 290.5 0.17658 7.66406e-05
  292 291.5 0.175876 7.63351e-05
  293 292.5 0.17931 7.78255e-05
  294 293.5 0.17741 7.70009e-05
  295 294.5 0.17781 7.71745e-05
  296 295.5 0.18061 7.83898e-05
  297 296.5 0.18244 7.9184e-05
  298 297.5 0.18375 7.97526e-05
  299 298.5 0.183506 7.96467e-05
  300 299.5 0.181842 7.89245e-05
  301 300.5 0.18457 8.01085e-05
  302 301.5 0.182438 7.91832e-05
  303 302.5 0.182758 7.9322e-05
  304 303.5 0.193742 8.40894e-05
  305 304.5 0.196714 8.53793e-05
  306 305.5 0.203222 8.8204e-05
  307 306.5 0.207228 8.99427e-05
  308 307.5 0.212732 9.23316e-05
  309 308.5 0.217492 9.43976e-05
  310 309.5 0.226262 9.8204e-05
  311 310.5 0.241722 0.000104914
  312 311.5 0.26387 0.000114527
  313 312.5 0.303684 0.000131807
  314 313.5 0.361962 0.000157102
  315 314.5 0.442032 0.000191854
  316 315.5 0.567376 0.000246257
  317 316.5 0.726346 0.000315254
  318 317.5 0.917748 0.000398328
  319 318.5 1.14756 0.000498073
  320 319.5 1.3888 0.000602778
  321 320.5 1.59527 0.000692393
  322 321.5 1.74582 0.000757736
  323 322.5 1.81393 0.000787298
  324 323.5 1.79195 0.000777758
  325 324.5 1.69616 0.000736179
  326 325.5 1.58829 0.000689364
  327 326.5 1.44784 0.000628405
  328 327.5 1.31684 0.000571545
  329 328.5 1.20407 0.000522602
  330 329.5 1.11016 0.00048184
  331 330.5 1.05331 0.000457166
  332 331.5 0.991102 0.000430166
  333 332.5 0.960274 0.000416786
  334 333.5 0.94154 0.000408655
  335 334.5 0.91887 0.000398815
  336 335.5 0.910522 0.000395192
  337 336.5 0.898484 0.000389967
  338 337.5 0.884884 0.000384064
  339 338.5 0.883736 0.000383566
  340 339.5 0.879788 0.000381852
  341 340.5 0.873546 0.000379143
  342 341.5 0.877824 0.000381
  343 342.5 0.87029 0.00037773
  344 343.5 0.876808 0.000380559
  345 344.5 0.872748 0.000378797
  346 345.5 0.868026 0.000376747
  347 346.5 0.873322 0.000379046
  348 347.5 0.872634 0.000378747
  349 348.5 0.875528 0.000380003
  350 349.5 0.875048 0.000379795
  351 350.5 0.875624 0.000380045
  352 351.5 0.870302 0.000377735
  353 352.5 0.874484 0.00037955
  354 353.5 0.877638 0.000380919
  355 354.5 0.872894 0.00037886
  356 355.5 0.874854 0.000379711
  357 356.5 0.878454 0.000381273
  358 357.5 0.881776 0.000382715
  359 358.5 0.883984 0.000383674
  360 359.5 0.879132 0.000381568
  361 360.5 0.879422 0.000381694
  362 361.5 0.878668 0.000381366
  363 362.5 0.885066 0.000384143
  364 363.5 0.879212 0.000381602
  365 364.5 0.874306 0.000379473
  366 365.5 0.870514 0.000377827
  367 366.5 0.867226 0.0003764
  368 367.5 0.865832 0.000375795
  369 368.5 0.867706 0.000376609
  370 369.5 0.868314 0.000376872
  371 370.5 0.86324 0.00037467
  372 371.5 0.861866 0.000374074
  373 372.5 0.8617 0.000374002
  374 373.5 0.853824 0.000370583
  375 374.5 0.857734 0.00037228
  376 375.5 0.856294 0.000371655
  377 376.5 0.856416 0.000371708
  378 377.5 0.859912 0.000373226
  379 378.5 0.861228 0.000373797
  380 379.5 0.858506 0.000372615
  381 380.5 0.860976 0.000373687
  382 381.5 0.856168 0.000371601
  383 382.5 0.859708 0.000373137
  384 383.5 0.854724 0.000370974
  385 384.5 0.864208 0.00037509
  386 385.5 0.86376 0.000374896
  387 386.5 0.869366 0.000377329
  388 387.5 0.862528 0.000374361
  389 388.5 0.86059 0.00037352
  390 389.5 0.859656 0.000373115
  391 390.5 0.86176 0.000374028
  392 391.5 0.858666 0.000372685
  393 392.5 0.853032 0.00037024
  394 393.5 0.861472 0.000373903
  395 394.5 0.860366 0.000373423
  396 395.5 0.862522 0.000374359
  397 396.5 0.86369 0.000374865
  398 397.5 0.860832 0.000373625
  399 398.5 0.85736 0.000372118
  400 399.5 0.859542 0.000373065
  401 400.5 0.85697 0.000371949
  402 401.5 0.860144 0.000373326
  403 402.5 0.872368 0.000378632
  404 403.5 0.871204 0.000378127
  405 404.5 0.866064 0.000375896
  406 405.5 0.866446 0.000376062
  407 406.5 0.860292 0.000373391
  408 407.5 0.855342 0.000371242
  409 408.5 0.860266 0.000373379
  410 409.5 0.865644 0.000375714
  411 410.5 0.866612 0.000376134
  412 411.5 0.863954 0.00037498
  413 412.5 0.857624 0.000372233
  414 413.5 0.862564 0.000374377
  415 414.5 0.864598 0.00037526
  416 415.5 0.85798 0.000372387
  417 416.5 0.859808 0.000373181
  418 417.5 0.861326 0.000373839
  419 418.5 0.864474 0.000375206
  420 419.5 0.859682 0.000373126
  421 420.5 0.858252 0.000372505
  422 421.5 0.862544 0.000374368
  423 422.5 0.860036 0.00037328
  424 423.5 0.865826 0.000375793
  425 424.5 0.86147 0.000373902
  426 425.5 0.85668 0.000371823
  427 426.5 0.861514 0.000373921
  428 427.5 0.861208 0.000373788
  429 428.5 0.852276 0.000369911
  430 429.5 0.85751 0.000372183
  431 430.5 0.857286 0.000372086
  432 431.5 0.852048 0.000369813
  433 432.5 0.85071 0.000369232
  434 433.5 0.849764 0.000368821
  435 434.5 0.858416 0.000372576
  436 435.5 0.857366 0.000372121
  437 436.5 0.858658 0.000372681
  438 437.5 0.858712 0.000372705
  439 438.5 0.861226 0.000373796
  440 439.5 0.866284 0.000375991
  441 440.5 0.863054 0.000374589
  442 441.5 0.869678 0.000377464
  443 442.5 0.860766 0.000373596
  444 443.5 0.86017 0.000373338
  445 444.5 0.858914 0.000372793
  446 445.5 0.86313 0.000374622
  447 446.5 0.857602 0.000372223
  448 447.5 0.86608 0.000375903
  449 448.5 0.864858 0.000375372
  450 449.5 0.870746 0.000377928
  451 450.5 0.870748 0.000377929
  452 451.5 0.873996 0.000379339
  453 452.5 0.871334 0.000378183
  454 453.5 0.879984 0.000381938
  455 454.5 0.87899 0.000381506
  456 455.5 0.882764 0.000383144
  457 456.5 0.890782 0.000386624
  458 457.5 0.897398 0.000389496
  459 458.5 0.913048 0.000396288
  460 459.5 0.929638 0.000403489
  461 460.5 0.95992 0.000416632
  462 461.5 0.99848 0.000433368
  463 462.5 1.06219 0.000461022
  464 463.5 1.14387 0.00049647
  465 464.5 1.29054 0.00056013
  466 465.5 1.4986 0.000650432
  467 466.5 1.83289 0.000795526
  468 467.5 2.34848 0.0010193
  469 468.5 3.1196 0.00135399
  470 469.5 4.25546 0.00184699
  471 470.5 5.84325 0.00253613
  472 471.5 7.96295 0.00345614
  473 472.5 10.5509 0.00457936
  474 473.5 13.5283 0.00587167
  475 474.5 16.6619 0.00723175
  476 475.5 19.7897 0.0085893
  477 476.5 22.5636 0.00979324
  478 477.5 24.9315 0.0108209
  479 478.5 26.9123 0.0116807
  480 479.5 28.4478 0.0123471
50000000 480 5436.999999999999
  1 0.5 28.379 0.0123173
  2 1.5 29.5063 0.0128066
  3 2.5 30.3851 0.013188
  4 3.5 30.9958 0.013453
  5 4.5 31.4228 0.0136384
  6 5.5 31.7166 0.0137659
  7 6.5 32.0007 0.0138892
  8 7.5 32.1669 0.0139613
  9 8.5 32.2564 0.0140002
  10 9.5 32.3593 0.0140449
  11 10.5 32.4654 0.0140909
  12 11.5 32.4839 0.0140989
  13 12.5 32.5343 0.0141208
  14 13.5 32.5951 0.0141472
  15 14.5 32.5597 0.0141318
  16 15.5 32.5973 0.0141482
  17 16.5 32.6313 0.0141629
  18 17.5 32.6249 0.0141601
  19 18.5 32.6171 0.0141567
  20 19.5 32.5933 0.0141464
  21 20.5 32.6589 0.0141749
  22 21.5 32.6305 0.0141626
  23 22.5 32.6364 0.0141651
  24 23.5 32.5987 0.0141487
  25 24.5 32.6513 0.0141716
  26 25.5 32.6438 0.0141683
  27 26.5 32.5967 0.0141479
  28 27.5 32.6428 0.0141679
  29 28.5 32.6406 0.0141669
  30 29.5 32.6355 0.0141647
  31 30.5 32.6183 0.0141573
  32 31.5 32.6568 0.014174
  33 32.5 32.6628 0.0141766
  34 33.5 32.6411 0.0141671
  35 34.5 32.6552 0.0141733
  36 35.5 32.6462 0.0141694
  37 36.5 32.6607 0.0141756
  38 37.5 32.6411 0.0141672
  39 38.5 32.6722 0.0141806
  40 39.5 32.6536 0.0141726
  41 40.5 32.6288 0.0141618
  42 41.5 32.6466 0.0141695
  43 42.5 32.6779 0.0141831
  44 43.5 32.6351 0.0141645
  45 44.5 32.6322 0.0141633
  46 45.5 32.6535 0.0141725
  47 46.5 32.6477 0.01417
  48 47.5 32.6506 0.0141713
  49 48.5 32.6311 0.0141628
  50 49.5 32.65 0.014171
  51 50.5 32.6344 0.0141642
  52 51.5 32.6309 0.0141627
  53 52.5 32.6401 0.0141667
  54 53.5 32.6328 0.0141635
  55 54.5 32.6447 0.0141687
  56 55.5 32.6203 0.0141581
  57 56.5 32.6035 0.0141508
  58 57.5 32.6398 0.0141666
  59 58.5 32.6669 0.0141783
  60 59.5 32.6109 0.014154
  61 60.5 32.6616 0.014176
  62 61.5 32.6836 0.0141856
  63 62.5 32.6341 0.0141641
  64 63.5 32.6182 0.0141572
  65 64.5 32.6607 0.0141756
  66 65.5 32.6586 0.0141747
  67 66.5 32.6638 0.014177
  68 67.5 32.6591 0.014175
  69 68.5 32.6459 0.0141692
  70 69.5 32.6447 0.0141687
  71 70.5 32.6773 0.0141829
  72 71.5 32.6467 0.0141696
  73 72.5 32.6651 0.0141775
  74 73.5 32.6653 0.0141776
  75 74.5 32.6535 0.0141725
  76 75.5 32.6677 0.0141787
  77 76.5 32.667 0.0141784
  78 77.5 32.6516 0.0141717
  79 78.5 32.6634 0.0141768
  80 79.5 32.6987 0.0141922
  81 80.5 32.6618 0.0141761
  82 81.5 32.6512 0.0141715
  83 82.5 32.6715 0.0141803
  84 83.5 32.6948 0.0141905
  85 84.5 32.682 0.0141849
  86 85.5 32.6642 0.0141772
  87 86.5 32.6711 0.0141802
  88 87.5 32.6906 0.0141886
  89 88.5 32.6805 0.0141842
  90 89.5 32.6604 0.0141755
  91 90.5 32.6974 0.0141916
  92 91.5 32.693 0.0141897
  93 92.5 32.6739 0.0141814
  94 93.5 32.6523 0.014172
  95 94.5 32.7284 0.014205
  96 95.5 32.6908 0.0141887
  97 96.5 32.6381 0.0141658
  98 97.5 32.6896 0.0141882
  99 98.5 32.6726 0.0141808
  100 99.5 32.6709 0.0141801
  101 100.5 32.6468 0.0141696
  102 101.5 32.6828 0.0141853
  103 102.5 32.6613 0.0141759
  104 103.5 32.6714 0.0141803
  105 104.5 32.656 0.0141736
  106 105.5 32.6417 0.0141674
  107 106.5 32.6715 0.0141803
  108 107.5 32.6708 0.01418
  109 108.5 32.6708 0.0141801
  110 109.5 32.6529 0.0141723
  111 110.5 32.677 0.0141827
  112 111.5 32.6594 0.0141751
  113 112.5 32.6564 0.0141738
  114 113.5 32.6974 0.0141916
  115 114.5 32.6753 0.014182
  116 115.5 32.6953 0.0141907
  117 116.5 32.6664 0.0141781
  118 117.5 32.6856 0.0141864
  119 118.5 32.6652 0.0141776
  120 119.5 32.6648 0.0141774
  121 120.5 32.6839 0.0141857
  122 121.5 32.6653 0.0141777
  123 122.5 32.6587 0.0141748
  124 123.5 32.6384 0.014166
  125 124.5 32.6762 0.0141824
  126 125.5 32.6851 0.0141863
  127 126.5 32.6376 0.0141656
  128 127.5 32.6603 0.0141755
  129 128.5 32.6884 0.0141877
  130 129.5 32.6671 0.0141784
  131 130.5 32.6319 0.0141631
  132 131.5 32.6598 0.0141753
  133 132.5 32.6669 0.0141784
  134 133.5 32.6529 0.0141723
  135 134.5 32.6262 0.0141607
  136 135.5 32.6318 0.0141631
  137 136.5 32.6314 0.0141629
  138 137.5 32.6098 0.0141536
  139 138.5 32.5891 0.0141446
  140 139.5 32.5824 0.0141417
  141 140.5 32.5899 0.0141449
  142 141.5 32.5391 0.0141229
  143 142.5 32.4886 0.014101
  144 143.5 32.4508 0.0140845
  145 144.5 32.379 0.0140534
  146 145.5 32.3185 0.0140271
  147 146.5 32.1142 0.0139384
  148 147.5 31.9785 0.0138795
  149 148.5 31.714 0.0137648
  150 149.5 31.3605 0.0136113
  151 150.5 30.8429 0.0133867
  152 151.5 30.1448 0.0130837
  153 152.5 29.1179 0.012638
  154 153.5 27.6441 0.0119983
  155 154.5 25.5452 0.0110873
  156 155.5 22.7799 0.00988709
  157 156.5 19.2404 0.00835085
  158 157.5 15.2215 0.00660656
  159 158.5 11.1539 0.00484112
  160 159.5 7.54966 0.00327676
  161 160.5 4.74177 0.00205806
  162 161.5 2.83496 0.00123045
  163 162.5 1.649 0.000715712
  164 163.5 0.976554 0.000423852
  165 164.5 0.622244 0.000270071
  166 165.5 0.429026 0.000186209
  167 166.5 0.327306 0.00014206
  168 167.5 0.271352 0.000117774
  169 168.5 0.242296 0.000105163
  170 169.5 0.2266 9.83507e-05
  171 170.5 0.210156 9.12135e-05
  172 171.5 0.197456 8.57014e-05
  173 172.5 0.189726 8.23464e-05
  174 173.5 0.18829 8.17231e-05
  175 174.5 0.186462 8.09297e-05
  176 175.5 0.188356 8.17517e-05
  177 176.5 0.188342 8.17457e-05
  178 177.5 0.189754 8.23585e-05
  179 178.5 0.191904 8.32917e-05
  180 179.5 0.195456 8.48333e-05
  181 180.5 0.192458 8.35321e-05
  182 181.5 0.189928 8.2434e-05
  183 182.5 0.188136 8.16562e-05
  184 183.5 0.185474 8.05009e-05
  185 184.5 0.18544 8.04861e-05
  186 185.5 0.184304 7.99931e-05
  187 186.5 0.185802 8.06432e-05
  188 187.5 0.182474 7.91988e-05
  189 188.5 0.180866 7.85009e-05
  190 189.5 0.182824 7.93507e-05
  191 190.5 0.188156 8.16649e-05
  192 191.5 0.188282 8.17196e-05
  193 192.5 0.186804 8.10781e-05
  194 193.5 0.19436 8.43576e-05
  195 194.5 0.192094 8.33741e-05
  196 195.5 0.189436 8.22205e-05
  197 196.5 0.192154 8.34002e-05
  198 197.5 0.19235 8.34852e-05
  199 198.5 0.188892 8.19844e-05
  200 199.5 0.193444 8.39601e-05
  201 200.5 0.202056 8.76979e-05
  202 201.5 0.199416 8.65521e-05
  203 202.5 0.199708 8.66788e-05
  204 203.5 0.198018 8.59453e-05
  205 204.5 0.200872 8.7184e-05
  206 205.5 0.199104 8.64167e-05
  207 206.5 0.193806 8.41172e-05
  208 207.5 0.192888 8.37187e-05
  209 208.5 0.194886 8.45859e-05
  210 209.5 0.195834 8.49974e-05
  211 210.5 0.191394 8.30703e-05
  212 211.5 0.195906 8.50286e-05
  213 212.5 0.195702 8.49401e-05
  214 213.5 0.194924 8.46024e-05
  215 214.5 0.192976 8.37569e-05
  216 215.5 0.19639 8.52387e-05
  217 216.5 0.193648 8.40486e-05
  218 217.5 0.20122 8.73351e-05
  219 218.5 0.205756 8.93038e-05
  220 219.5 0.209528 9.0941e-05
  221 220.5 0.211542 9.18151e-05
  222 221.5 0.21291 9.24089e-05
  223 222.5 0.213624 9.27188e-05
  224 223.5 0.216334 9.3895e-05
  225 224.5 0.21501 9.33203e-05
  226 225.5 0.212596 9.22726e-05
  227 226.5 0.214202 9.29696e-05
  228 227.5 0.21738 9.4349e-05
  229 228.5 0.218982 9.50443e-05
  230 229.5 0.219874 9.54314e-05
  231 230.5 0.216898 9.41398e-05
  232 231.5 0.216626 9.40217e-05
  233 232.5 0.216766 9.40825e-05
  234 233.5 0.210094 9.11866e-05
  235 234.5 0.20976 9.10417e-05
  236 235.5 0.212796 9.23594e-05
  237 236.5 0.20846 9.04774e-05
  238 237.5 0.208246 9.03845e-05
  239 238.5 0.212524 9.22413e-05
  240 239.5 0.209276 9.08316e-05
  241 240.5 0.209236 9.08142e-05
  242 241.5 0.210204 9.12344e-05
  243 242.5 0.216122 9.3803e-05
  244 243.5 0.215016 9.33229e-05
  245 244.5 0.216048 9.37708e-05
  246 245.5 0.215704 9.36215e-05
  247 246.5 0.212008 9.20174e-05
  248 247.5 0.208006 9.02804e-05
  249 248.5 0.208838 9.06415e-05
  250 249.5 0.20968 9.10069e-05
  251 250.5 0.217402 9.43585e-05
  252 251.5 0.219248 9.51597e-05
  253 252.5 0.21935 9.5204e-05
  254 253.5 0.218448 9.48125e-05
  255 254.5 0.219502 9.527e-05
  256 255.5 0.221376 9.60833e-05
  257 256.5 0.219342 9.52005e-05
  258 257.5 0.224344 9.73715e-05
  259 258.5 0.22653 9.83203e-05
  260 259.5 0.223696 9.70903e-05
  261 260.5 0.221086 9.59575e-05
  262 261.5 0.218144 9.46806e-05
  263 262.5 0.21405 9.29036e-05
  264 263.5 0.218602 9.48793e-05
  265 264.5 0.219918 9.54505e-05
  266 265.5 0.216854 9.41207e-05
  267 266.5 0.221388 9.60885e-05
  268 267.5 0.222008 9.63576e-05
  269 268.5 0.221364 9.60781e-05
  270 269.5 0.218626 9.48898e-05
  271 270.5 0.214168 9.29549e-05
  272 271.5 0.20993 9.11155e-05
  273 272.5 0.211648 9.18611e-05
  274 273.5 0.210674 9.14384e-05
  275 274.5 0.207016 8.98507e-05
  276 275.5 0.210386 9.13134e-05
  277 276.5 0.209704 9.10174e-05
  278 277.5 0.207366 9.00026e-05
  279 278.5 0.203268 8.8224e-05
  280 279.5 0.197742 8.58255e-05
  281 280.5 0.195974 8.50582e-05
  282 281.5 0.19119 8.29818e-05
  283 282.5 0.191082 8.29349e-05
  284 283.5 0.18871 8.19054e-05
  285 284.5 0.187226 8.12613e-05
  286 285.5 0.187236 8.12656e-05
  287 286.5 0.187686 8.14609e-05
  288 287.5 0.188866 8.19731e-05
  289 288.5 0.183438 7.96172e-05
  290 289.5 0.179982 7.81172e-05
  291 290.5 0.177812 7.71753e-05
  292 291.5 0.179552 7.79306e-05
  293 292.5 0.178346 7.74071e-05
  294 293.5 0.180322 7.82648e-05
  295 294.5 0.185002 8.0296e-05
  296 295.5 0.180522 7.83516e-05
  297 296.5 0.183208 7.95174e-05
  298 297.5 0.180454 7.8322e-05
  299 298.5 0.177696 7.7125e-05
  300 299.5 0.177004 7.68247e-05
  301 300.5 0.177916 7.72205e-05
  302 301.5 0.177834 7.71849e-05
  303 302.5 0.183368 7.95868e-05
  304 303.5 0.183596 7.96858e-05
  305 304.5 0.186264 8.08437e-05
  306 305.5 0.185454 8.04922e-05
  307 306.5 0.187034 8.1178e-05
  308 307.5 0.188826 8.19557e-05
  309 308.5 0.194328 8.43438e-05
  310 309.5 0.19896 8.63542e-05
  311 310.5 0.20819 9.03602e-05
  312 311.5 0.224542 9.74575e-05
  313 312.5 0.24869 0.000107938
  314 313.5 0.289742 0.000125756
  315 314.5 0.344836 0.000149668
  316 315.5 0.422888 0.000183545
  317 316.5 0.544294 0.000236239
  318 317.5 0.695842 0.000302015
  319 318.5 0.897486 0.000389534
  320 319.5 1.12246 0.000487179
  321 320.5 1.34634 0.00058435
  322 321.5 1.55474 0.000674799
  323 322.5 1.69967 0.000737705
  324 323.5 1.74581 0.000757728
  325 324.5 1.73459 0.00075286
  326 325.5 1.65961 0.000720318
  327 326.5 1.53837 0.000667694
  328 327.5 1.41297 0.00061327
  329 328.5 1.28979 0.000559806
  330 329.5 1.19071 0.000516801
  331 330.5 1.10136 0.000478019
  332 331.5 1.03941 0.000451132
  333 332.5 0.983864 0.000427024
  334 333.5 0.950668 0.000412616
  335 334.5 0.920086 0.000399343
  336 335.5 0.900516 0.000390849
  337 336.5 0.894332 0.000388165
  338 337.5 0.88081 0.000382296
  339 338.5 0.875986 0.000380202
  340 339.5 0.863088 0.000374604
  341 340.5 0.866454 0.000376065
  342 341.5 0.860478 0.000373471
  343 342.5 0.854812 0.000371012
  344 343.5 0.85971 0.000373138
  345 344.5 0.857006 0.000371964
  346 345.5 0.858242 0.000372501
  347 346.5 0.861668 0.000373988
  348 347.5 0.864872 0.000375378
  349 348.5 0.861682 0.000373994
  350 349.5 0.866032 0.000375882
  351 350.5 0.87032 0.000377743
  352 351.5 0.86697 0.000376289
  353 352.5 0.855654 0.000371378
  354 353.5 0.864264 0.000375115
  355 354.5 0.863874 0.000374945
  356 355.5 0.865736 0.000375753
  357 356.5 0.864316 0.000375137
  358 357.5 0.86344 0.000374757
  359 358.5 0.86763 0.000376576
  360 359.5 0.865678 0.000375728
  361 360.5 0.86536 0.00037559
  362 361.5 0.863332 0.00037471
  363 362.5 0.863916 0.000374964
  364 363.5 0.864934 0.000375405
  365 364.5 0.858826 0.000372754
  366 365.5 0.860746 0.000373588
  367 366.5 0.861284 0.000373821
  368 367.5 0.85765 0.000372244
  369 368.5 0.855886 0.000371478
  370 369.5 0.860934 0.000373669
  371 370.5 0.863626 0.000374838
  372 371.5 0.865106 0.00037548
  373 372.5 0.868976 0.00037716
  374 373.5 0.865012 0.000375439
  375 374.5 0.865178 0.000375511
  376 375.5 0.863074 0.000374598
  377 376.5 0.868686 0.000377034
  378 377.5 0.860118 0.000373315
  379 378.5 0.85441 0.000370838
  380 379.5 0.860234 0.000373365
  381 380.5 0.868362 0.000376893
  382 381.5 0.864098 0.000375043
  383 382.5 0.86412 0.000375052
  384 383.5 0.85865 0.000372678
  385 384.5 0.847842 0.000367987
  386 385.5 0.85545 0.000371289
  387 386.5 0.851176 0.000369434
  388 387.5 0.850832 0.000369285
  389 388.5 0.850008 0.000368927
  390 389.5 0.857892 0.000372349
  391 390.5 0.856246 0.000371635
  392 391.5 0.84708 0.000367656
  393 392.5 0.853428 0.000370411
  394 393.5 0.85942 0.000373012
  395 394.5 0.862226 0.00037423
  396 395.5 0.85988 0.000373212
  397 396.5 0.853812 0.000370578
  398 397.5 0.851088 0.000369396
  399 398.5 0.849132 0.000368547
  400 399.5 0.85119 0.00036944
  401 400.5 0.857354 0.000372115
  402 401.5 0.857444 0.000372155
  403 402.5 0.855738 0.000371414
  404 403.5 0.862254 0.000374242
  405 404.5 0.862512 0.000374354
  406 405.5 0.864256 0.000375111
  407 406.5 0.859476 0.000373036
  408 407.5 0.85125 0.000369466
  409 408.5 0.86097 0.000373685
  410 409.5 0.85863 0.000372669
  411 410.5 0.86226 0.000374245
  412 411.5 0.858836 0.000372759
  413 412.5 0.86684 0.000376233
  414 413.5 0.863726 0.000374881
  415 414.5 0.866566 0.000376114
  416 415.5 0.85753 0.000372192
  417 416.5 0.855326 0.000371235
  418 417.5 0.856588 0.000371783
  419 418.5 0.849194 0.000368574
  420 419.5 0.846422 0.000367371
  421 420.5 0.84803 0.000368069
  422 421.5 0.850922 0.000369324
  423 422.5 0.8486 0.000368316
  424 423.5 0.851544 0.000369594
  425 424.5 0.855336 0.00037124
  426 425.5 0.847854 0.000367992
  427 426.5 0.855702 0.000371398
  428 427.5 0.850782 0.000369263
  429 428.5 0.849832 0.000368851
  430 429.5 0.846974 0.00036761
  431 430.5 0.853332 0.00037037
  432 431.5 0.853842 0.000370591
  433 432.5 0.85098 0.000369349
  434 433.5 0.85124 0.000369462
  435 434.5 0.855694 0.000371395
  436 435.5 0.849964 0.000368908
  437 436.5 0.858134 0.000372454
  438 437.5 0.854742 0.000370982
  439 438.5 0.849194 0.000368574
  440 439.5 0.850536 0.000369156
  441 440.5 0.858826 0.000372754
  442 441.5 0.859994 0.000373261
  443 442.5 0.861178 0.000373775
  444 443.5 0.858678 0.00037269
  445 444.5 0.866976 0.000376292
  446 445.5 0.861596 0.000373957
  447 446.5 0.857828 0.000372321
  448 447.5 0.860922 0.000373664
  449 448.5 0.868772 0.000377071
  450 449.5 0.8631 0.000374609
  451 450.5 0.864478 0.000375207
  452 451.5 0.865806 0.000375784
  453 452.5 0.870474 0.00037781
  454 453.5 0.868192 0.000376819
  455 454.5 0.863994 0.000374997
  456 455.5 0.86624 0.000375972
  457 456.5 0.86762 0.000376571
  458 457.5 0.870378 0.000377768
  459 458.5 0.882312 0.000382948
  460 459.5 0.888308 0.00038555
  461 460.5 0.91662 0.000397839
  462 461.5 0.93522 0.000405911
  463 462.5 0.971234 0.000421543
  464 463.5 1.03262 0.000448184
  465 464.5 1.12726 0.000489264
  466 465.5 1.25159 0.000543226
  467 466.5 1.47277 0.000639223
  468 467.5 1.81692 0.000788593
  469 468.5 2.31436 0.0010045
  470 469.5 3.08648 0.00133962
  471 470.5 4.21949 0.00183138
  472 471.5 5.79264 0.00251416
  473 472.5 7.8845 0.00342209
  474 473.5 10.453 0.00453687
  475 474.5 13.4392 0.00583299
  476 475.5 16.5482 0.0071824
  477 476.5 19.657 0.00853166
  478 477.5 22.4691 0.00975223
  479 478.5 24.9109 0.010812
  480 479.5 26.8618 0.0116587
