# Chunk-averaged data for fix tensor3 and group c2
# Timestep Number-of-chunks Total-count
# Chunk Coord1 Ncount density/number
20000000 480 5486.000000000002
  1 0.5 0.413234 0.000179355
  2 1.5 0.339048 0.000147156
  3 2.5 0.293702 0.000127475
  4 3.5 0.258918 0.000112378
  5 4.5 0.235296 0.000102125
  6 5.5 0.224366 9.73811e-05
  7 6.5 0.218936 9.50243e-05
  8 7.5 0.214092 9.29219e-05
  9 8.5 0.203902 8.84991e-05
  10 9.5 0.201836 8.76024e-05
  11 10.5 0.199926 8.67734e-05
  12 11.5 0.202004 8.76753e-05
  13 12.5 0.199556 8.66128e-05
  14 13.5 0.200664 8.70937e-05
  15 14.5 0.20158 8.74913e-05
  16 15.5 0.198762 8.62682e-05
  17 16.5 0.199508 8.6592e-05
  18 17.5 0.19516 8.47049e-05
  19 18.5 0.1964 8.52431e-05
  20 19.5 0.198406 8.61137e-05
  21 20.5 0.196342 8.52179e-05
  22 21.5 0.200264 8.69201e-05
  23 22.5 0.200552 8.70451e-05
  24 23.5 0.200976 8.72292e-05
  25 24.5 0.20516 8.90451e-05
  26 25.5 0.2045 8.87587e-05
  27 26.5 0.20406 8.85677e-05
  28 27.5 0.200576 8.70556e-05
  29 28.5 0.197622 8.57734e-05
  30 29.5 0.199428 8.65573e-05
  31 30.5 0.199464 8.65729e-05
  32 31.5 0.199888 8.67569e-05
  33 32.5 0.203168 8.81806e-05
  34 33.5 0.20174 8.75608e-05
  35 34.5 0.205124 8.90295e-05
  36 35.5 0.20488 8.89236e-05
  37 36.5 0.204452 8.87378e-05
  38 37.5 0.2017 8.75434e-05
  39 38.5 0.202394 8.78446e-05
  40 39.5 0.205152 8.90417e-05
  41 40.5 0.204376 8.87049e-05
  42 41.5 0.203386 8.82752e-05
  43 42.5 0.201808 8.75903e-05
  44 43.5 0.201192 8.73229e-05
  45 44.5 0.198928 8.63403e-05
  46 45.5 0.194546 8.44384e-05
  47 46.5 0.19749 8.57161e-05
  48 47.5 0.20612 8.94618e-05
  49 48.5 0.207428 9.00295e-05
  50 49.5 0.202448 8.78681e-05
  51 50.5 0.19956 8.66146e-05
  52 51.5 0.200242 8.69106e-05
  53 52.5 0.201148 8.73038e-05
  54 53.5 0.20043 8.69922e-05
  55 54.5 0.200342 8.6954e-05
  56 55.5 0.196928 8.54722e-05
  57 56.5 0.195264 8.475e-05
  58 57.5 0.191324 8.30399e-05
  59 58.5 0.18618 8.08073e-05
  60 59.5 0.185118 8.03464e-05
  61 60.5 0.185508 8.05156e-05
  62 61.5 0.185238 8.03984e-05
  63 62.5 0.186408 8.09063e-05
  64 63.5 0.189496 8.22465e-05
  65 64.5 0.1874 8.13368e-05
  66 65.5 0.18877 8.19314e-05
  67 66.5 0.182642 7.92717e-05
  68 67.5 0.180628 7.83976e-05
  69 68.5 0.183914 7.98238e-05
  70 69.5 0.18127 7.86762e-05
  71 70.5 0.178456 7.74549e-05
  72 71.5 0.178952 7.76701e-05
  73 72.5 0.177776 7.71597e-05
  74 73.5 0.178478 7.74644e-05
  75 74.5 0.1754 7.61285e-05
  76 75.5 0.174572 7.57691e-05
  77 76.5 0.181332 7.87031e-05
  78 77.5 0.186054 8.07526e-05
  79 78.5 0.18716 8.12326e-05
  80 79.5 0.190312 8.26007e-05
  81 80.5 0.19817 8.60113e-05
  82 81.5 0.199084 8.6408e-05
  83 82.5 0.198976 8.63611e-05
  84 83.5 0.19598 8.50608e-05
  85 84.5 0.19821 8.60286e-05
  86 85.5 0.195714 8.49453e-05
  87 86.5 0.192124 8.33872e-05
  88 87.5 0.19082 8.28212e-05
  89 88.5 0.195202 8.47231e-05
  90 89.5 0.19493 8.4605e-05
  91 90.5 0.192908 8.37274e-05
  92 91.5 0.193068 8.37969e-05
  93 92.5 0.19505 8.46571e-05
  94 93.5 0.192976 8.37569e-05
  95 94.5 0.187726 8.14783e-05
  96 95.5 0.18685 8.10981e-05
  97 96.5 0.182856 7.93646e-05
  98 97.5 0.185002 8.0296e-05
  99 98.5 0.183658 7.97127e-05
  100 99.5 0.189308 8.21649e-05
  101 100.5 0.192826 8.36918e-05
  102 101.5 0.19036 8.26215e-05
  103 102.5 0.191878 8.32804e-05
  104 103.5 0.191584 8.31528e-05
  105 104.5 0.192828 8.36927e-05
  106 105.5 0.189036 8.20469e-05
  107 106.5 0.19022 8.25608e-05
  108 107.5 0.18646 8.09288e-05
  109 108.5 0.183924 7.98281e-05
  110 109.5 0.179476 7.78976e-05
  111 110.5 0.181192 7.86424e-05
  112 111.5 0.18512 8.03472e-05
  113 112.5 0.18675 8.10547e-05
  114 113.5 0.185564 8.05399e-05
  115 114.5 0.18659 8.09852e-05
  116 115.5 0.18995 8.24436e-05
  117 116.5 0.19368 8.40625e-05
  118 117.5 0.191462 8.30998e-05
  119 118.5 0.190954 8.28793e-05
  120 119.5 0.187222 8.12595e-05
  121 120.5 0.184732 8.01788e-05
  122 121.5 0.181272 7.86771e-05
  123 122.5 0.183118 7.94783e-05
  124 123.5 0.184832 8.02222e-05
  125 124.5 0.184582 8.01137e-05
  126 125.5 0.186586 8.09835e-05
  127 126.5 0.18225 7.91016e-05
  128 127.5 0.177454 7.702e-05
  129 128.5 0.181096 7.86007e-05
  130 129.5 0.185082 8.03307e-05
  131 130.5 0.186226 8.08273e-05
  132 131.5 0.181114 7.86085e-05
  133 132.5 0.182736 7.93125e-05
  134 133.5 0.188768 8.19306e-05
  135 134.5 0.191926 8.33012e-05
  136 135.5 0.19146 8.3099e-05
  137 136.5 0.18682 8.10851e-05
  138 137.5 0.18574 8.06163e-05
  139 138.5 0.184314 7.99974e-05
  140 139.5 0.188486 8.18082e-05
  141 140.5 0.187722 8.14766e-05
  142 141.5 0.188122 8.16502e-05
  143 142.5 0.192452 8.35295e-05
  144 143.5 0.198944 8.63472e-05
  145 144.5 0.201994 8.7671e-05
  146 145.5 0.21134 9.17274e-05
  147 146.5 0.224386 9.73898e-05
  148 147.5 0.246438 0.000106961
  149 148.5 0.282584 0.000122649
  150 149.5 0.344882 0.000149688
  151 150.5 0.461418 0.000200268
  152 151.5 0.680834 0.000295501
  153 152.5 1.08388 0.000470436
  154 153.5 1.81454 0.000787562
  155 154.5 3.06268 0.00132929
  156 155.5 5.04573 0.00218999
  157 156.5 7.87355 0.00341734
  158 157.5 11.4459 0.00496782
  159 158.5 15.4868 0.00672168
  160 159.5 19.4856 0.00845729
  161 160.5 23.0762 0.0100157
  162 161.5 25.8952 0.0112392
  163 162.5 28.0033 0.0121542
  164 163.5 29.5421 0.0128221
  165 164.5 30.61 0.0132856
  166 165.5 31.3078 0.0135884
  167 166.5 31.8043 0.013804
  168 167.5 32.1448 0.0139517
  169 168.5 32.406 0.0140651
  170 169.5 32.5856 0.0141431
  171 170.5 32.6929 0.0141896
  172 171.5 32.7628 0.01422
  173 172.5 32.864 0.0142639
  174 173.5 32.9387 0.0142963
  175 174.5 32.8992 0.0142792
  176 175.5 32.9814 0.0143149
  177 176.5 32.9989 0.0143225
  178 177.5 32.9922 0.0143195
  179 178.5 33.0026 0.0143241
  180 179.5 33.0273 0.0143348
  181 180.5 33.0283 0.0143352
  182 181.5 33.0392 0.0143399
  183 182.5 33.0553 0.0143469
  184 183.5 33.0563 0.0143473
  185 184.5 33.0609 0.0143494
  186 185.5 33.0719 0.0143541
  187 186.5 33.0565 0.0143474
  188 187.5 33.0952 0.0143642
  189 188.5 33.0968 0.0143649
  190 189.5 33.0584 0.0143482
  191 190.5 33.0841 0.0143594
  192 191.5 33.0943 0.0143639
  193 192.5 33.0776 0.0143566
  194 193.5 33.0535 0.0143461
  195 194.5 33.0808 0.014358
  196 195.5 33.0876 0.0143609
  197 196.5 33.0602 0.014349
  198 197.5 33.0439 0.014342
  199 198.5 33.0884 0.0143613
  200 199.5 33.0787 0.0143571
  201 200.5 33.0641 0.0143507
  202 201.5 33.0367 0.0143389
  203 202.5 33.0636 0.0143505
  204 203.5 33.0812 0.0143581
  205 204.5 33.043 0.0143416
  206 205.5 33.0606 0.0143492
  207 206.5 33.106 0.0143689
  208 207.5 33.0735 0.0143548
  209 208.5 33.0576 0.0143479
  210 209.5 33.0956 0.0143644
  211 210.5 33.0787 0.0143571
  212 211.5 33.0662 0.0143516
  213 212.5 33.0536 0.0143462
  214 213.5 33.0716 0.014354
  215 214.5 33.0759 0.0143559
  216 215.5 33.0721 0.0143542
  217 216.5 33.0516 0.0143453
  218 217.5 33.0495 0.0143444
  219 218.5 33.0558 0.0143471
  220 219.5 33.089 0.0143615
  221 220.5 33.0595 0.0143487
  222 221.5 33.0573 0.0143478
  223 222.5 33.0665 0.0143518
  224 223.5 33.1044 0.0143682
  225 224.5 33.0825 0.0143587
  226 225.5 33.0442 0.0143421
  227 226.5 33.094 0.0143637
  228 227.5 33.1156 0.0143731
  229 228.5 33.0372 0.014339
  230 229.5 33.059 0.0143485
  231 230.5 33.0943 0.0143639
  232 231.5 33.078 0.0143568
  233 232.5 32.9965 0.0143214
  234 233.5 33.1003 0.0143665
  235 234.5 33.0739 0.014355
  236 235.5 33.0229 0.0143329
  237 236.5 33.0652 0.0143512
  238 237.5 33.0782 0.0143569
  239 238.5 33.0661 0.0143516
  240 239.5 33.0398 0.0143402
  241 240.5 33.0656 0.0143514
  242 241.5 33.0813 0.0143582
  243 242.5 33.0459 0.0143429
  244 243.5 33.044 0.014342
  245 244.5 33.0547 0.0143467
  246 245.5 33.0721 0.0143542
  247 246.5 33.0741 0.0143551
  248 247.5 33.0582 0.0143482
  249 248.5 33.0512 0.0143452
  250 249.5 33.1276 0.0143783
  251 250.5 33.077 0.0143564
  252 251.5 33.0274 0.0143348
  253 252.5 33.0675 0.0143522
  254 253.5 33.1136 0.0143722
  255 254.5 33.0601 0.014349
  256 255.5 33.0501 0.0143446
  257 256.5 33.097 0.014365
  258 257.5 33.0828 0.0143588
  259 258.5 33.0427 0.0143414
  260 259.5 33.045 0.0143425
  261 260.5 33.0938 0.0143636
  262 261.5 33.0593 0.0143487
  263 262.5 33.0238 0.0143333
  264 263.5 33.0496 0.0143444
  265 264.5 33.0873 0.0143608
  266 265.5 33.0232 0.014333
  267 266.5 33.0391 0.0143399
  268 267.5 33.0742 0.0143551
  269 268.5 33.0763 0.014356
  270 269.5 33.0167 0.0143302
  271 270.5 33.052 0.0143455
  272 271.5 33.0737 0.0143549
  273 272.5 33.0595 0.0143487
  274 273.5 33.0229 0.0143329
  275 274.5 33.0672 0.0143521
  276 275.5 33.0704 0.0143535
  277 276.5 33.0295 0.0143357
  278 277.5 33.0728 0.0143545
  279 278.5 33.04 0.0143403
  280 279.5 33.0497 0.0143445
  281 280.5 33.0938 0.0143636
  282 281.5 33.0425 0.0143414
  283 282.5 33.0533 0.014346
  284 283.5 33.0729 0.0143546
  285 284.5 33.0688 0.0143528
  286 285.5 33.018 0.0143307
  287 286.5 33.083 0.014359
  288 287.5 33.0767 0.0143562
  289 288.5 33.0453 0.0143426
  290 289.5 33.0667 0.0143519
  291 290.5 33.0924 0.014363
  292 291.5 33.0868 0.0143606
  293 292.5 33.0536 0.0143462
  294 293.5 33.06 0.0143489
  295 294.5 33.1022 0.0143673
  296 295.5 33.0862 0.0143603
  297 296.5 33.0748 0.0143554
  298 297.5 33.0525 0.0143457
  299 298.5 33.1051 0.0143685
  300 299.5 33.0926 0.0143631
  301 300.5 33.0312 0.0143365
  302 301.5 33.0295 0.0143357
  303 302.5 33.07 0.0143533
  304 303.5 33.0187 0.014331
  305 304.5 32.9352 0.0142948
  306 305.5 32.9495 0.014301
  307 306.5 32.8792 0.0142705
  308 307.5 32.7802 0.0142275
  309 308.5 32.6765 0.0141825
  310 309.5 32.5229 0.0141158
  311 310.5 32.2605 0.0140019
  312 311.5 32.0069 0.0138919
  313 312.5 31.5686 0.0137017
  314 313.5 30.9391 0.0134284
  315 314.5 30.1335 0.0130788
  316 315.5 28.9899 0.0125824
  317 316.5 27.4561 0.0119167
  318 317.5 25.4243 0.0110349
  319 318.5 22.9291 0.00995186
  320 319.5 20.0283 0.00869284
  321 320.5 16.7938 0.00728898
  322 321.5 13.5052 0.00586162
  323 322.5 10.4307 0.00452723
  324 323.5 7.75848 0.0033674
  325 324.5 5.60776 0.00243392
  326 325.5 3.98233 0.00172844
  327 326.5 2.84181 0.00123342
  328 327.5 2.08629 0.000905506
  329 328.5 1.60031 0.000694578
  330 329.5 1.28388 0.000557238
  331 330.5 1.08287 0.000469996
  332 331.5 0.967396 0.000419877
  333 332.5 0.889876 0.000386231
  334 333.5 0.834124 0.000362033
  335 334.5 0.80792 0.00035066
  336 335.5 0.777156 0.000337307
  337 336.5 0.767176 0.000332976
  338 337.5 0.763968 0.000331583
  339 338.5 0.749766 0.000325419
  340 339.5 0.74112 0.000321667
  341 340.5 0.745922 0.000323751
  342 341.5 0.745456 0.000323549
  343 342.5 0.739074 0.000320779
  344 343.5 0.737658 0.000320164
  345 344.5 0.736568 0.000319691
  346 345.5 0.735506 0.00031923
  347 346.5 0.734268 0.000318693
  348 347.5 0.737372 0.00032004
  349 348.5 0.737488 0.00032009
  350 349.5 0.74109 0.000321654
  351 350.5 0.740886 0.000321565
  352 351.5 0.740442 0.000321372
  353 352.5 0.73858 0.000320564
  354 353.5 0.734272 0.000318694
  355 354.5 0.742926 0.000322451
  356 355.5 0.73828 0.000320434
  357 356.5 0.735274 0.000319129
  358 357.5 0.737206 0.000319968
  359 358.5 0.738592 0.000320569
  360 359.5 0.73863 0.000320586
  361 360.5 0.737504 0.000320097
  362 361.5 0.733828 0.000318502
  363 362.5 0.735044 0.00031903
  364 363.5 0.731648 0.000317556
  365 364.5 0.730292 0.000316967
  366 365.5 0.7347 0.00031888
  367 366.5 0.738232 0.000320413
  368 367.5 0.737924 0.00032028
  369 368.5 0.739744 0.000321069
  370 369.5 0.739946 0.000321157
  371 370.5 0.739502 0.000320964
  372 371.5 0.740468 0.000321384
  373 372.5 0.738796 0.000320658
  374 373.5 0.738246 0.000320419
  375 374.5 0.739136 0.000320806
  376 375.5 0.744126 0.000322971
  377 376.5 0.741216 0.000321708
  378 377.5 0.737732 0.000320196
  379 378.5 0.73671 0.000319753
  380 379.5 0.739564 0.000320991
  381 380.5 0.74471 0.000323225
  382 381.5 0.744996 0.000323349
  383 382.5 0.744698 0.00032322
  384 383.5 0.747438 0.000324409
  385 384.5 0.745852 0.00032372
  386 385.5 0.747764 0.00032455
  387 386.5 0.74733 0.000324362
  388 387.5 0.743462 0.000322683
  389 388.5 0.745458 0.000323549
  390 389.5 0.743512 0.000322705
  391 390.5 0.739216 0.00032084
  392 391.5 0.738428 0.000320498
  393 392.5 0.741662 0.000321902
  394 393.5 0.745304 0.000323483
  395 394.5 0.748214 0.000324746
  396 395.5 0.744002 0.000322918
  397 396.5 0.748436 0.000324842
  398 397.5 0.74471 0.000323225
  399 398.5 0.746308 0.000323918
  400 399.5 0.739496 0.000320962
  401 400.5 0.739622 0.000321016
  402 401.5 0.744248 0.000323024
  403 402.5 0.745396 0.000323523
  404 403.5 0.742386 0.000322216
  405 404.5 0.738712 0.000320622
  406 405.5 0.743918 0.000322881
  407 406.5 0.74841 0.000324831
  408 407.5 0.74837 0.000324813
  409 408.5 0.748324 0.000324793
  410 409.5 0.748174 0.000324728
  411 410.5 0.743324 0.000322623
  412 411.5 0.741764 0.000321946
  413 412.5 0.737058 0.000319904
  414 413.5 0.740906 0.000321574
  415 414.5 0.747112 0.000324267
  416 415.5 0.743838 0.000322846
  417 416.5 0.741886 0.000321999
  418 417.5 0.74549 0.000323563
  419 418.5 0.746266 0.0003239
  420 419.5 0.742764 0.00032238
  421 420.5 0.750554 0.000325761
  422 421.5 0.751678 0.000326249
  423 422.5 0.745116 0.000323401
  424 423.5 0.746358 0.00032394
  425 424.5 0.748104 0.000324698
  426 425.5 0.745336 0.000323497
  427 426.5 0.746762 0.000324115
  428 427.5 0.739654 0.00032103
  429 428.5 0.74627 0.000323902
  430 429.5 0.74556 0.000323594
  431 430.5 0.74448 0.000323125
  432 431.5 0.747428 0.000324405
  433 432.5 0.742402 0.000322223
  434 433.5 0.747264 0.000324333
  435 434.5 0.748598 0.000324912
  436 435.5 0.747222 0.000324315
  437 436.5 0.748874 0.000325032
  438 437.5 0.744682 0.000323213
  439 438.5 0.747388 0.000324387
  440 439.5 0.745362 0.000323508
  441 440.5 0.747592 0.000324476
  442 441.5 0.749824 0.000325444
  443 442.5 0.748166 0.000324725
  444 443.5 0.745506 0.00032357
  445 444.5 0.7476 0.000324479
  446 445.5 0.750648 0.000325802
  447 446.5 0.746574 0.000324034
  448 447.5 0.748942 0.000325062
  449 448.5 0.742992 0.000322479
  450 449.5 0.737908 0.000320273
  451 450.5 0.732668 0.000317998
  452 451.5 0.739676 0.00032104
  453 452.5 0.745968 0.000323771
  454 453.5 0.750748 0.000325845
  455 454.5 0.744842 0.000323282
  456 455.5 0.7529 0.00032678
  457 456.5 0.751658 0.00032624
  458 457.5 0.75743 0.000328746
  459 458.5 0.76261 0.000330994
  460 459.5 0.77186 0.000335009
  461 460.5 0.782576 0.00033966
  462 461.5 0.797078 0.000345954
  463 462.5 0.826926 0.000358909
  464 463.5 0.867734 0.000376621
  465 464.5 0.902728 0.000391809
  466 465.5 0.969332 0.000420717
  467 466.5 1.04232 0.000452397
  468 467.5 1.13197 0.000491307
  469 468.5 1.23156 0.000534533
  470 469.5 1.34034 0.000581745
  471 470.5 1.43236 0.000621682
  472 471.5 1.48847 0.000646037
  473 472.5 1.48866 0.000646121
  474 473.5 1.43426 0.00062251
  475 474.5 1.31575 0.000571071
  476 475.5 1.15979 0.000503381
  477 476.5 0.979328 0.000425056
  478 477.5 0.809222 0.000351225
  479 478.5 0.646214 0.000280475
  480 479.5 0.516478 0.000224166
30000000 480 5485.999999999999
  1 0.5 0.379736 0.000164816
  2 1.5 0.321998 0.000139756
  3 2.5 0.273292 0.000118616
  4 3.5 0.243158 0.000105537
  5 4.5 0.227842 9.88898e-05
  6 5.5 0.21348 9.26563e-05
  7 6.5 0.206508 8.96302e-05
  8 7.5 0.194054 8.42248e-05
  9 8.5 0.189788 8.23733e-05
  10 9.5 0.187738 8.14835e-05
  11 10.5 0.185218 8.03898e-05
  12 11.5 0.186766 8.10616e-05
  13 12.5 0.187062 8.11901e-05
  14 13.5 0.185444 8.04878e-05
  15 14.5 0.177324 7.69635e-05
  16 15.5 0.176998 7.6822e-05
  17 16.5 0.179408 7.78681e-05
  18 17.5 0.180794 7.84696e-05
  19 18.5 0.178616 7.75243e-05
  20 19.5 0.179002 7.76918e-05
  21 20.5 0.183948 7.98385e-05
  22 21.5 0.183086 7.94644e-05
  23 22.5 0.180228 7.8224e-05
  24 23.5 0.183216 7.95208e-05
  25 24.5 0.18327 7.95443e-05
  26 25.5 0.180486 7.83359e-05
  27 26.5 0.182216 7.90868e-05
  28 27.5 0.183822 7.97839e-05
  29 28.5 0.185686 8.05929e-05
  30 29.5 0.183938 7.98342e-05
  31 30.5 0.185086 8.03325e-05
  32 31.5 0.185902 8.06866e-05
  33 32.5 0.185128 8.03507e-05
  34 33.5 0.186416 8.09097e-05
  35 34.5 0.183176 7.95035e-05
  36 35.5 0.180588 7.83802e-05
  37 36.5 0.176338 7.65356e-05
  38 37.5 0.173948 7.54983e-05
  39 38.5 0.17492 7.59201e-05
  40 39.5 0.174782 7.58602e-05
  41 40.5 0.180912 7.85208e-05
  42 41.5 0.178414 7.74366e-05
  43 42.5 0.180982 7.85512e-05
  44 43.5 0.178566 7.75026e-05
  45 44.5 0.178872 7.76354e-05
  46 45.5 0.180602 7.83863e-05
  47 46.5 0.178924 7.7658e-05
  48 47.5 0.184486 8.0072e-05
  49 48.5 0.180938 7.85321e-05
  50 49.5 0.183914 7.98238e-05
  51 50.5 0.177732 7.71406e-05
  52 51.5 0.175666 7.62439e-05
  53 52.5 0.17526 7.60677e-05
  54 53.5 0.17349 7.52995e-05
  55 54.5 0.172624 7.49236e-05
  56 55.5 0.172494 7.48672e-05
  57 56.5 0.173106 7.51328e-05
  58 57.5 0.173188 7.51684e-05
  59 58.5 0.17004 7.38021e-05
  60 59.5 0.17056 7.40278e-05
  61 60.5 0.17406 7.55469e-05
  62 61.5 0.173118 7.5138e-05
  63 62.5 0.17369 7.53863e-05
  64 63.5 0.179854 7.80616e-05
  65 64.5 0.176646 7.66693e-05
  66 65.5 0.177964 7.72413e-05
  67 66.5 0.177518 7.70477e-05
  68 67.5 0.178598 7.75165e-05
  69 68.5 0.18141 7.8737e-05
  70 69.5 0.182164 7.90642e-05
  71 70.5 0.18457 8.01085e-05
  72 71.5 0.18582 8.0651e-05
  73 72.5 0.186842 8.10946e-05
  74 73.5 0.185102 8.03394e-05
  75 74.5 0.182838 7.93568e-05
  76 75.5 0.182944 7.94028e-05
  77 76.5 0.183538 7.96606e-05
  78 77.5 0.187112 8.12118e-05
  79 78.5 0.192132 8.33906e-05
  80 79.5 0.195902 8.50269e-05
  81 80.5 0.198394 8.61085e-05
  82 81.5 0.199698 8.66745e-05
  83 82.5 0.19754 8.57378e-05
  84 83.5 0.192372 8.34948e-05
  85 84.5 0.188408 8.17743e-05
  86 85.5 0.187798 8.15095e-05
  87 86.5 0.183832 7.97882e-05
  88 87.5 0.182898 7.93828e-05
  89 88.5 0.186124 8.0783e-05
  90 89.5 0.19261 8.35981e-05
  91 90.5 0.191336 8.30451e-05
  92 91.5 0.191128 8.29549e-05
  93 92.5 0.188628 8.18698e-05
  94 93.5 0.189412 8.22101e-05
  95 94.5 0.187946 8.15738e-05
  96 95.5 0.185732 8.06128e-05
  97 96.5 0.185938 8.07023e-05
  98 97.5 0.185236 8.03976e-05
  99 98.5 0.187586 8.14175e-05
  100 99.5 0.184424 8.00451e-05
  101 100.5 0.180846 7.84922e-05
  102 101.5 0.17868 7.75521e-05
  103 102.5 0.176838 7.67526e-05
  104 103.5 0.178986 7.76849e-05
  105 104.5 0.17517 7.60286e-05
  106 105.5 0.16958 7.36024e-05
  107 106.5 0.16828 7.30382e-05
  108 107.5 0.167326 7.26241e-05
  109 108.5 0.168324 7.30573e-05
  110 109.5 0.167916 7.28802e-05
  111 110.5 0.167608 7.27465e-05
  112 111.5 0.167912 7.28785e-05
  113 112.5 0.169322 7.34905e-05
  114 113.5 0.167954 7.28967e-05
  115 114.5 0.164878 7.15616e-05
  116 115.5 0.166934 7.2454e-05
  117 116.5 0.16711 7.25304e-05
  118 117.5 0.172338 7.47995e-05
  119 118.5 0.169322 7.34905e-05
  120 119.5 0.169986 7.37786e-05
  121 120.5 0.171814 7.4572e-05
  122 121.5 0.172352 7.48056e-05
  123 122.5 0.167164 7.25538e-05
  124 123.5 0.167954 7.28967e-05
  125 124.5 0.166266 7.21641e-05
  126 125.5 0.164462 7.13811e-05
  127 126.5 0.16375 7.1072e-05
  128 127.5 0.163194 7.08307e-05
  129 128.5 0.163184 7.08264e-05
  130 129.5 0.16603 7.20616e-05
  131 130.5 0.166472 7.22535e-05
  132 131.5 0.16899 7.33464e-05
  133 132.5 0.17094 7.41927e-05
  134 133.5 0.176214 7.64818e-05
  135 134.5 0.172238 7.47561e-05
  136 135.5 0.17021 7.38759e-05
  137 136.5 0.167552 7.27222e-05
  138 137.5 0.170714 7.40946e-05
  139 138.5 0.171228 7.43177e-05
  140 139.5 0.17501 7.59592e-05
  141 140.5 0.17337 7.52474e-05
  142 141.5 0.181328 7.87014e-05
  143 142.5 0.18888 8.19792e-05
  144 143.5 0.19806 8.59635e-05
  145 144.5 0.2086 9.05382e-05
  146 145.5 0.222054 9.63776e-05
  147 146.5 0.242716 0.000105345
  148 147.5 0.273184 0.000118569
  149 148.5 0.332626 0.000144369
  150 149.5 0.42917 0.000186272
  151 150.5 0.60631 0.000263155
  152 151.5 0.938498 0.000407334
  153 152.5 1.55279 0.000673954
  154 153.5 2.64673 0.00114875
  155 154.5 4.41475 0.00191612
  156 155.5 7.03968 0.00305542
  157 156.5 10.5499 0.00457895
  158 157.5 14.6049 0.00633893
  159 158.5 18.7096 0.00812049
  160 159.5 22.4471 0.00974265
  161 160.5 25.483 0.0110603
  162 161.5 27.72 0.0120312
  163 162.5 29.3035 0.0127185
  164 163.5 30.4313 0.013208
  165 164.5 31.2149 0.0135481
  166 165.5 31.7358 0.0137742
  167 166.5 32.0798 0.0139235
  168 167.5 32.3879 0.0140572
  169 168.5 32.5767 0.0141392
  170 169.5 32.6636 0.0141769
  171 170.5 32.7695 0.0142229
  172 171.5 32.8764 0.0142693
  173 172.5 32.9331 0.0142939
  174 173.5 32.9103 0.014284
  175 174.5 32.9988 0.0143224
  176 175.5 33.0188 0.0143311
  177 176.5 33.0265 0.0143344
  178 177.5 33.018 0.0143307
  179 178.5 33.0332 0.0143373
  180 179.5 33.0689 0.0143528
  181 180.5 33.0493 0.0143443
  182 181.5 33.0474 0.0143435
  183 182.5 33.0726 0.0143544
  184 183.5 33.075 0.0143555
  185 184.5 33.0433 0.0143417
  186 185.5 33.0554 0.014347
  187 186.5 33.0716 0.014354
  188 187.5 33.0566 0.0143475
  189 188.5 33.0651 0.0143512
  190 189.5 33.0633 0.0143504
  191 190.5 33.0504 0.0143448
  192 191.5 33.058 0.0143481
  193 192.5 33.0425 0.0143413
  194 193.5 33.0413 0.0143408
  195 194.5 33.0324 0.014337
  196 195.5 33.0562 0.0143473
  197 196.5 33.0197 0.0143315
  198 197.5 33.0405 0.0143405
  199 198.5 33.0351 0.0143382
  200 199.5 33.0297 0.0143358
  201 200.5 33.0085 0.0143266
  202 201.5 33.0594 0.0143487
  203 202.5 33.0573 0.0143478
  204 203.5 32.9968 0.0143215
  205 204.5 33.0407 0.0143406
  206 205.5 33.0356 0.0143384
  207 206.5 33.0025 0.014324
  208 207.5 33.0773 0.0143565
  209 208.5 33.0115 0.0143279
  210 209.5 33.0016 0.0143236
  211 210.5 33.0471 0.0143433
  212 211.5 33.0289 0.0143355
  213 212.5 33.0256 0.014334
  214 213.5 33.0296 0.0143358
  215 214.5 33.0647 0.014351
  216 215.5 33.0269 0.0143346
  217 216.5 33.0397 0.0143401
  218 217.5 33.028 0.0143351
  219 218.5 33.0524 0.0143457
  220 219.5 33.0178 0.0143307
  221 220.5 33.0146 0.0143292
  222 221.5 33.0449 0.0143424
  223 222.5 33.0782 0.0143568
  224 223.5 33.0378 0.0143393
  225 224.5 33.0151 0.0143295
  226 225.5 33.0887 0.0143614
  227 226.5 33.0663 0.0143517
  228 227.5 33.0585 0.0143483
  229 228.5 33.0394 0.01434
  230 229.5 33.059 0.0143485
  231 230.5 33.0582 0.0143482
  232 231.5 33.0374 0.0143392
  233 232.5 33.0611 0.0143494
  234 233.5 33.0575 0.0143479
  235 234.5 33.0786 0.014357
  236 235.5 33.052 0.0143455
  237 236.5 33.0668 0.0143519
  238 237.5 33.0358 0.0143385
  239 238.5 33.1031 0.0143676
  240 239.5 33.029 0.0143355
  241 240.5 33.0429 0.0143416
  242 241.5 33.0857 0.0143601
  243 242.5 33.0794 0.0143574
  244 243.5 33.0386 0.0143397
  245 244.5 33.0734 0.0143548
  246 245.5 33.0744 0.0143552
  247 246.5 33.0782 0.0143568
  248 247.5 33.0452 0.0143425
  249 248.5 33.0866 0.0143605
  250 249.5 33.1152 0.0143729
  251 250.5 33.07 0.0143533
  252 251.5 33.0697 0.0143532
  253 252.5 33.0837 0.0143592
  254 253.5 33.0962 0.0143646
  255 254.5 33.0698 0.0143532
  256 255.5 33.0544 0.0143465
  257 256.5 33.0305 0.0143362
  258 257.5 33.101 0.0143667
  259 258.5 33.0841 0.0143594
  260 259.5 33.0374 0.0143391
  261 260.5 33.0558 0.0143472
  262 261.5 33.075 0.0143555
  263 262.5 33.0797 0.0143575
  264 263.5 33.0349 0.0143381
  265 264.5 33.0638 0.0143506
  266 265.5 33.0534 0.0143461
  267 266.5 33.0503 0.0143447
  268 267.5 33.064 0.0143507
  269 268.5 33.0854 0.01436
  270 269.5 33.0359 0.0143385
  271 270.5 33.0254 0.0143339
  272 271.5 33.0724 0.0143543
  273 272.5 33.0952 0.0143643
  274 273.5 32.9855 0.0143166
  275 274.5 33.0385 0.0143396
  276 275.5 33.0769 0.0143563
  277 276.5 33.064 0.0143507
  278 277.5 33.0187 0.014331
  279 278.5 33.1053 0.0143686
  280 279.5 33.0699 0.0143533
  281 280.5 33.0327 0.0143371
  282 281.5 33.0891 0.0143616
  283 282.5 33.0601 0.014349
  284 283.5 33.0328 0.0143372
  285 284.5 33.0751 0.0143555
  286 285.5 33.0823 0.0143586
  287 286.5 33.0411 0.0143408
  288 287.5 33.0313 0.0143365
  289 288.5 33.0755 0.0143557
  290 289.5 33.0591 0.0143486
  291 290.5 33.0127 0.0143284
  292 291.5 33.0536 0.0143462
  293 292.5 33.0654 0.0143513
  294 293.5 33.009 0.0143268
  295 294.5 33.0075 0.0143262
  296 295.5 33.0727 0.0143545
  297 296.5 33.0328 0.0143372
  298 297.5 33.0112 0.0143278
  299 298.5 33.026 0.0143342
  300 299.5 33.0407 0.0143406
  301 300.5 32.9807 0.0143146
  302 301.5 33.0057 0.0143254
  303 302.5 33 0.0143229
  304 303.5 32.9267 0.0142911
  305 304.5 32.8964 0.0142779
  306 305.5 32.8622 0.0142631
  307 306.5 32.761 0.0142192
  308 307.5 32.654 0.0141728
  309 308.5 32.5066 0.0141088
  310 309.5 32.3425 0.0140375
  311 310.5 32.0665 0.0139177
  312 311.5 31.6085 0.013719
  313 312.5 31.1068 0.0135012
  314 313.5 30.4145 0.0132008
  315 314.5 29.355 0.0127409
  316 315.5 27.8959 0.0121076
  317 316.5 26.0648 0.0113129
  318 317.5 23.7089 0.0102903
  319 318.5 20.8317 0.00904154
  320 319.5 17.6143 0.00764512
  321 320.5 14.2663 0.00619198
  322 321.5 11.0551 0.00479822
  323 322.5 8.23925 0.00357606
  324 323.5 5.96893 0.00259068
  325 324.5 4.24442 0.0018422
  326 325.5 3.01524 0.0013087
  327 326.5 2.20436 0.000956754
  328 327.5 1.68347 0.000730674
  329 328.5 1.35359 0.000587494
  330 329.5 1.14581 0.000497313
  331 330.5 1.01165 0.000439084
  332 331.5 0.924352 0.000401194
  333 332.5 0.876166 0.00038028
  334 333.5 0.844612 0.000366585
  335 334.5 0.815662 0.00035402
  336 335.5 0.804272 0.000349076
  337 336.5 0.791524 0.000343543
  338 337.5 0.780448 0.000338736
  339 338.5 0.779148 0.000338172
  340 339.5 0.772084 0.000335106
  341 340.5 0.76832 0.000333472
  342 341.5 0.76548 0.00033224
  343 342.5 0.763262 0.000331277
  344 343.5 0.765504 0.00033225
  345 344.5 0.767178 0.000332977
  346 345.5 0.772422 0.000335253
  347 346.5 0.771476 0.000334842
  348 347.5 0.763072 0.000331194
  349 348.5 0.768846 0.000333701
  350 349.5 0.772474 0.000335275
  351 350.5 0.765664 0.000332319
  352 351.5 0.758794 0.000329338
  353 352.5 0.762504 0.000330948
  354 353.5 0.75592 0.00032809
  355 354.5 0.758878 0.000329374
  356 355.5 0.765592 0.000332288
  357 356.5 0.761096 0.000330337
  358 357.5 0.76414 0.000331658
  359 358.5 0.76773 0.000333216
  360 359.5 0.763804 0.000331512
  361 360.5 0.76433 0.00033174
  362 361.5 0.763858 0.000331536
  363 362.5 0.76436 0.000331753
  364 363.5 0.760846 0.000330228
  365 364.5 0.762954 0.000331143
  366 365.5 0.768384 0.0003335
  367 366.5 0.767338 0.000333046
  368 367.5 0.771388 0.000334804
  369 368.5 0.772048 0.00033509
  370 369.5 0.767606 0.000333162
  371 370.5 0.764286 0.000331721
  372 371.5 0.7602 0.000329948
  373 372.5 0.757018 0.000328567
  374 373.5 0.751822 0.000326312
  375 374.5 0.756374 0.000328287
  376 375.5 0.755592 0.000327948
  377 376.5 0.750198 0.000325607
  378 377.5 0.758952 0.000329406
  379 378.5 0.75754 0.000328793
  380 379.5 0.760872 0.00033024
  381 380.5 0.761892 0.000330682
  382 381.5 0.761908 0.000330689
  383 382.5 0.759212 0.000329519
  384 383.5 0.759192 0.00032951
  385 384.5 0.762482 0.000330938
  386 385.5 0.76154 0.00033053
  387 386.5 0.762956 0.000331144
  388 387.5 0.765064 0.000332059
  389 388.5 0.763294 0.000331291
  390 389.5 0.765236 0.000332134
  391 390.5 0.759242 0.000329532
  392 391.5 0.766776 0.000332802
  393 392.5 0.76709 0.000332938
  394 393.5 0.763548 0.000331401
  395 394.5 0.758484 0.000329203
  396 395.5 0.758168 0.000329066
  397 396.5 0.75881 0.000329345
  398 397.5 0.75415 0.000327322
  399 398.5 0.758026 0.000329004
  400 399.5 0.756178 0.000328202
  401 400.5 0.759694 0.000329728
  402 401.5 0.759224 0.000329524
  403 402.5 0.76009 0.0003299
  404 403.5 0.753856 0.000327194
  405 404.5 0.756402 0.000328299
  406 405.5 0.755498 0.000327907
  407 406.5 0.753834 0.000327185
  408 407.5 0.753734 0.000327141
  409 408.5 0.762454 0.000330926
  410 409.5 0.755422 0.000327874
  411 410.5 0.757478 0.000328766
  412 411.5 0.754378 0.000327421
  413 412.5 0.754898 0.000327647
  414 413.5 0.75002 0.00032553
  415 414.5 0.758154 0.00032906
  416 415.5 0.758994 0.000329424
  417 416.5 0.763832 0.000331524
  418 417.5 0.763898 0.000331553
  419 418.5 0.766798 0.000332812
  420 419.5 0.763526 0.000331391
  421 420.5 0.764456 0.000331795
  422 421.5 0.766048 0.000332486
  423 422.5 0.765008 0.000332035
  424 423.5 0.757454 0.000328756
  425 424.5 0.760878 0.000330242
  426 425.5 0.75402 0.000327266
  427 426.5 0.758228 0.000329092
  428 427.5 0.755242 0.000327796
  429 428.5 0.761274 0.000330414
  430 429.5 0.76644 0.000332656
  431 430.5 0.7607 0.000330165
  432 431.5 0.757648 0.00032884
  433 432.5 0.75647 0.000328329
  434 433.5 0.753838 0.000327187
  435 434.5 0.755294 0.000327819
  436 435.5 0.75761 0.000328824
  437 436.5 0.758968 0.000329413
  438 437.5 0.75234 0.000326536
  439 438.5 0.756586 0.000328379
  440 439.5 0.750294 0.000325648
  441 440.5 0.747418 0.0003244
  442 441.5 0.747962 0.000324636
  443 442.5 0.74673 0.000324102
  444 443.5 0.754826 0.000327615
  445 444.5 0.744938 0.000323324
  446 445.5 0.740438 0.000321371
  447 446.5 0.746194 0.000323869
  448 447.5 0.756508 0.000328345
  449 448.5 0.75061 0.000325786
  450 449.5 0.75129 0.000326081
  451 450.5 0.75544 0.000327882
  452 451.5 0.751306 0.000326088
  453 452.5 0.757644 0.000328839
  454 453.5 0.763018 0.000331171
  455 454.5 0.769424 0.000333951
  456 455.5 0.774162 0.000336008
  457 456.5 0.779502 0.000338326
  458 457.5 0.779602 0.000338369
  459 458.5 0.78636 0.000341302
  460 459.5 0.795692 0.000345352
  461 460.5 0.814702 0.000353603
  462 461.5 0.829258 0.000359921
  463 462.5 0.861524 0.000373925
  464 463.5 0.896076 0.000388922
  465 464.5 0.963408 0.000418146
  466 465.5 1.019 0.000442276
  467 466.5 1.10005 0.000477454
  468 467.5 1.20561 0.000523266
  469 468.5 1.31902 0.00057249
  470 469.5 1.42895 0.000620205
  471 470.5 1.51168 0.000656113
  472 471.5 1.54052 0.000668628
  473 472.5 1.51049 0.000655595
  474 473.5 1.42663 0.000619198
  475 474.5 1.27578 0.000553724
  476 475.5 1.08982 0.000473011
  477 476.5 0.901218 0.000391154
  478 477.5 0.722166 0.00031344
  479 478.5 0.574312 0.000249267
  480 479.5 0.461864 0.000200462
40000000 480 5485.999999999996
  1 0.5 0.391882 0.000170088
  2 1.5 0.32855 0.0001426
  3 2.5 0.282982 0.000122822
  4 3.5 0.250746 0.000108831
  5 4.5 0.235858 0.000102369
  6 5.5 0.221164 9.59913e-05
  7 6.5 0.215434 9.35043e-05
  8 7.5 0.20972 9.10243e-05
  9 8.5 0.201726 8.75547e-05
  10 9.5 0.196436 8.52587e-05
  11 10.5 0.190698 8.27682e-05
  12 11.5 0.18592 8.06944e-05
  13 12.5 0.183298 7.95564e-05
  14 13.5 0.181938 7.89661e-05
  15 14.5 0.180724 7.84392e-05
  16 15.5 0.1777 7.71267e-05
  17 16.5 0.178756 7.75851e-05
  18 17.5 0.178966 7.76762e-05
  19 18.5 0.180492 7.83385e-05
  20 19.5 0.182294 7.91207e-05
  21 20.5 0.183218 7.95217e-05
  22 21.5 0.182472 7.91979e-05
  23 22.5 0.182306 7.91259e-05
  24 23.5 0.18176 7.88889e-05
  25 24.5 0.179468 7.78941e-05
  26 25.5 0.18085 7.84939e-05
  27 26.5 0.178948 7.76684e-05
  28 27.5 0.184254 7.99714e-05
  29 28.5 0.18626 8.0842e-05
  30 29.5 0.185362 8.04523e-05
  31 30.5 0.18391 7.9822e-05
  32 31.5 0.185498 8.05113e-05
  33 32.5 0.185384 8.04618e-05
  34 33.5 0.18564 8.05729e-05
  35 34.5 0.188894 8.19852e-05
  36 35.5 0.197222 8.55998e-05
  37 36.5 0.195294 8.4763e-05
  38 37.5 0.195748 8.49601e-05
  39 38.5 0.198942 8.63464e-05
  40 39.5 0.195528 8.48646e-05
  41 40.5 0.200176 8.68819e-05
  42 41.5 0.201064 8.72674e-05
  43 42.5 0.199842 8.6737e-05
  44 43.5 0.195178 8.47127e-05
  45 44.5 0.19404 8.42187e-05
  46 45.5 0.19777 8.58377e-05
  47 46.5 0.19793 8.59071e-05
  48 47.5 0.1983 8.60677e-05
  49 48.5 0.193036 8.3783e-05
  50 49.5 0.190536 8.26979e-05
  51 50.5 0.191998 8.33325e-05
  52 51.5 0.187976 8.15868e-05
  53 52.5 0.189176 8.21076e-05
  54 53.5 0.190114 8.25148e-05
  55 54.5 0.194872 8.45799e-05
  56 55.5 0.198576 8.61875e-05
  57 56.5 0.200298 8.69349e-05
  58 57.5 0.203216 8.82014e-05
  59 58.5 0.20377 8.84418e-05
  60 59.5 0.19728 8.5625e-05
  61 60.5 0.19086 8.28385e-05
  62 61.5 0.189108 8.20781e-05
  63 62.5 0.18766 8.14497e-05
  64 63.5 0.18629 8.0855e-05
  65 64.5 0.188366 8.17561e-05
  66 65.5 0.190624 8.27361e-05
  67 66.5 0.190242 8.25703e-05
  68 67.5 0.192582 8.35859e-05
  69 68.5 0.19587 8.5013e-05
  70 69.5 0.198438 8.61276e-05
  71 70.5 0.199282 8.64939e-05
  72 71.5 0.201906 8.76328e-05
  73 72.5 0.198918 8.63359e-05
  74 73.5 0.196018 8.50773e-05
  75 74.5 0.196896 8.54583e-05
  76 75.5 0.193724 8.40816e-05
  77 76.5 0.189342 8.21797e-05
  78 77.5 0.186616 8.09965e-05
  79 78.5 0.19059 8.27214e-05
  80 79.5 0.192918 8.37318e-05
  81 80.5 0.194832 8.45625e-05
  82 81.5 0.196294 8.5197e-05
  83 82.5 0.198496 8.61528e-05
  84 83.5 0.19927 8.64887e-05
  85 84.5 0.199774 8.67075e-05
  86 85.5 0.197902 8.5895e-05
  87 86.5 0.196542 8.53047e-05
  88 87.5 0.198924 8.63385e-05
  89 88.5 0.201618 8.75078e-05
  90 89.5 0.205464 8.91771e-05
  91 90.5 0.203596 8.83663e-05
  92 91.5 0.200476 8.70122e-05
  93 92.5 0.20044 8.69965e-05
  94 93.5 0.202026 8.76849e-05
  95 94.5 0.201688 8.75382e-05
  96 95.5 0.201224 8.73368e-05
  97 96.5 0.192964 8.37517e-05
  98 97.5 0.191486 8.31102e-05
  99 98.5 0.190194 8.25495e-05
  100 99.5 0.186972 8.1151e-05
  101 100.5 0.186848 8.10972e-05
  102 101.5 0.18662 8.09983e-05
  103 102.5 0.18334 7.95747e-05
  104 103.5 0.1834 7.96007e-05
  105 104.5 0.182262 7.91068e-05
  106 105.5 0.186276 8.0849e-05
  107 106.5 0.183798 7.97734e-05
  108 107.5 0.179928 7.80937e-05
  109 108.5 0.182426 7.9178e-05
  110 109.5 0.18338 7.9592e-05
  111 110.5 0.182582 7.92457e-05
  112 111.5 0.184446 8.00547e-05
  113 112.5 0.18204 7.90104e-05
  114 113.5 0.181352 7.87118e-05
  115 114.5 0.177798 7.71693e-05
  116 115.5 0.176502 7.66068e-05
  117 116.5 0.176306 7.65217e-05
  118 117.5 0.178136 7.7316e-05
  119 118.5 0.18398 7.98524e-05
  120 119.5 0.182136 7.90521e-05
  121 120.5 0.185326 8.04366e-05
  122 121.5 0.183666 7.97161e-05
  123 122.5 0.184038 7.98776e-05
  124 123.5 0.187068 8.11927e-05
  125 124.5 0.184264 7.99757e-05
  126 125.5 0.183196 7.95122e-05
  127 126.5 0.18634 8.08767e-05
  128 127.5 0.189824 8.23889e-05
  129 128.5 0.190818 8.28203e-05
  130 129.5 0.190976 8.28889e-05
  131 130.5 0.185794 8.06398e-05
  132 131.5 0.187342 8.13116e-05
  133 132.5 0.188138 8.16571e-05
  134 133.5 0.18354 7.96615e-05
  135 134.5 0.180752 7.84514e-05
  136 135.5 0.185682 8.05911e-05
  137 136.5 0.186666 8.10182e-05
  138 137.5 0.184324 8.00017e-05
  139 138.5 0.183746 7.97509e-05
  140 139.5 0.183228 7.9526e-05
  141 140.5 0.181172 7.86337e-05
  142 141.5 0.187974 8.15859e-05
  143 142.5 0.192884 8.3717e-05
  144 143.5 0.197116 8.55538e-05
  145 144.5 0.203566 8.83533e-05
  146 145.5 0.213456 9.26458e-05
  147 146.5 0.228454 9.91554e-05
  148 147.5 0.252542 0.00010961
  149 148.5 0.289898 0.000125824
  150 149.5 0.361728 0.000157
  151 150.5 0.49948 0.000216788
  152 151.5 0.75767 0.00032885
  153 152.5 1.23797 0.000537313
  154 153.5 2.10505 0.000913651
  155 154.5 3.58451 0.00155578
  156 155.5 5.9052 0.00256302
  157 156.5 9.13105 0.00396313
  158 157.5 13.0313 0.00565594
  159 158.5 17.2394 0.00748238
  160 159.5 21.1684 0.00918767
  161 160.5 24.4861 0.0106276
  162 161.5 27.0172 0.0117262
  163 162.5 28.8091 0.0125039
  164 163.5 30.0491 0.0130422
  165 164.5 30.9583 0.0134367
  166 165.5 31.5792 0.0137063
  167 166.5 31.9885 0.0138839
  168 167.5 32.2869 0.0140134
  169 168.5 32.51 0.0141102
  170 169.5 32.6585 0.0141747
  171 170.5 32.777 0.0142261
  172 171.5 32.8145 0.0142424
  173 172.5 32.9181 0.0142874
  174 173.5 32.977 0.0143129
  175 174.5 32.9399 0.0142968
  176 175.5 32.9922 0.0143195
  177 176.5 33.0312 0.0143365
  178 177.5 33.0623 0.0143499
  179 178.5 33.0043 0.0143248
  180 179.5 33.0122 0.0143282
  181 180.5 33.0764 0.0143561
  182 181.5 33.0624 0.01435
  183 182.5 33.0432 0.0143417
  184 183.5 33.0656 0.0143514
  185 184.5 33.0964 0.0143648
  186 185.5 33.0491 0.0143442
  187 186.5 33.0578 0.014348
  188 187.5 33.079 0.0143572
  189 188.5 33.0831 0.014359
  190 189.5 33.059 0.0143485
  191 190.5 33.0707 0.0143536
  192 191.5 33.0598 0.0143489
  193 192.5 33.0659 0.0143515
  194 193.5 33.0549 0.0143467
  195 194.5 33.0716 0.014354
  196 195.5 33.0694 0.014353
  197 196.5 33.0595 0.0143487
  198 197.5 33.0625 0.0143501
  199 198.5 33.0842 0.0143594
  200 199.5 33.0431 0.0143416
  201 200.5 33.078 0.0143567
  202 201.5 33.0889 0.0143615
  203 202.5 33.0769 0.0143563
  204 203.5 33.0564 0.0143474
  205 204.5 33.086 0.0143603
  206 205.5 33.0625 0.0143501
  207 206.5 33.0588 0.0143484
  208 207.5 33.0659 0.0143515
  209 208.5 33.0855 0.01436
  210 209.5 33.0498 0.0143445
  211 210.5 33.0851 0.0143598
  212 211.5 33.0552 0.0143469
  213 212.5 33.0718 0.0143541
  214 213.5 33.0477 0.0143436
  215 214.5 33.0834 0.0143591
  216 215.5 33.0735 0.0143548
  217 216.5 33.0856 0.0143601
  218 217.5 33.0374 0.0143392
  219 218.5 33.0707 0.0143536
  220 219.5 33.0878 0.014361
  221 220.5 33.0973 0.0143651
  222 221.5 33.0453 0.0143426
  223 222.5 33.08 0.0143576
  224 223.5 33.1067 0.0143692
  225 224.5 33.0932 0.0143634
  226 225.5 33.0452 0.0143426
  227 226.5 33.0967 0.0143649
  228 227.5 33.1168 0.0143736
  229 228.5 33.0792 0.0143573
  230 229.5 33.076 0.0143559
  231 230.5 33.1076 0.0143696
  232 231.5 33.0902 0.0143621
  233 232.5 33.08 0.0143577
  234 233.5 33.1043 0.0143682
  235 234.5 33.0954 0.0143643
  236 235.5 33.1288 0.0143788
  237 236.5 33.0765 0.0143561
  238 237.5 33.1088 0.0143701
  239 238.5 33.0525 0.0143457
  240 239.5 33.0746 0.0143553
  241 240.5 33.1012 0.0143668
  242 241.5 33.0519 0.0143454
  243 242.5 33.0538 0.0143463
  244 243.5 33.1065 0.0143691
  245 244.5 33.0727 0.0143545
  246 245.5 33.0437 0.0143419
  247 246.5 33.0718 0.0143541
  248 247.5 33.1055 0.0143687
  249 248.5 33.0761 0.014356
  250 249.5 33.0416 0.014341
  251 250.5 33.0712 0.0143538
  252 251.5 33.1226 0.0143761
  253 252.5 33.0698 0.0143532
  254 253.5 33.0463 0.014343
  255 254.5 33.1084 0.01437
  256 255.5 33.1144 0.0143725
  257 256.5 33.0698 0.0143532
  258 257.5 33.0788 0.0143571
  259 258.5 33.1054 0.0143687
  260 259.5 33.0951 0.0143642
  261 260.5 33.071 0.0143537
  262 261.5 33.105 0.0143685
  263 262.5 33.1013 0.0143669
  264 263.5 33.0714 0.0143539
  265 264.5 33.0858 0.0143602
  266 265.5 33.1314 0.0143799
  267 266.5 33.064 0.0143507
  268 267.5 33.0923 0.014363
  269 268.5 33.0847 0.0143597
  270 269.5 33.1082 0.0143699
  271 270.5 33.0532 0.014346
  272 271.5 33.0794 0.0143574
  273 272.5 33.0855 0.01436
  274 273.5 33.061 0.0143494
  275 274.5 33.0882 0.0143612
  276 275.5 33.0756 0.0143557
  277 276.5 33.0832 0.014359
  278 277.5 33.073 0.0143546
  279 278.5 33.1189 0.0143745
  280 279.5 33.0567 0.0143475
  281 280.5 33.0621 0.0143499
  282 281.5 33.1148 0.0143727
  283 282.5 33.0594 0.0143487
  284 283.5 33.0472 0.0143434
  285 284.5 33.0973 0.0143652
  286 285.5 33.0883 0.0143613
  287 286.5 33.0305 0.0143362
  288 287.5 33.0896 0.0143618
  289 288.5 33.056 0.0143472
  290 289.5 33.0992 0.014366
  291 290.5 33.0516 0.0143453
  292 291.5 33.0462 0.014343
  293 292.5 33.0807 0.014358
  294 293.5 33.0886 0.0143614
  295 294.5 33.026 0.0143342
  296 295.5 33.037 0.014339
  297 296.5 33.0914 0.0143626
  298 297.5 33.0411 0.0143408
  299 298.5 33.0188 0.0143311
  300 299.5 33.0666 0.0143518
  301 300.5 33.0271 0.0143347
  302 301.5 32.9968 0.0143215
  303 302.5 32.9976 0.0143219
  304 303.5 32.9828 0.0143154
  305 304.5 32.905 0.0142817
  306 305.5 32.8362 0.0142518
  307 306.5 32.8131 0.0142418
  308 307.5 32.716 0.0141996
  309 308.5 32.5508 0.014128
  310 309.5 32.4261 0.0140738
  311 310.5 32.1532 0.0139554
  312 311.5 31.7907 0.013798
  313 312.5 31.3388 0.0136019
  314 313.5 30.6794 0.0133157
  315 314.5 29.7029 0.0128919
  316 315.5 28.4172 0.0123339
  317 316.5 26.702 0.0115894
  318 317.5 24.5084 0.0106373
  319 318.5 21.7811 0.00945362
  320 319.5 18.6385 0.00808965
  321 320.5 15.2865 0.00663476
  322 321.5 12.0188 0.00521651
  323 322.5 9.04971 0.00392783
  324 323.5 6.59724 0.00286338
  325 324.5 4.68944 0.00203535
  326 325.5 3.3412 0.00145017
  327 326.5 2.41039 0.00104618
  328 327.5 1.79838 0.000780548
  329 328.5 1.41353 0.00061351
  330 329.5 1.17683 0.000510779
  331 330.5 1.02231 0.000443712
  332 331.5 0.926824 0.000402267
  333 332.5 0.870682 0.0003779
  334 333.5 0.83102 0.000360686
  335 334.5 0.797406 0.000346096
  336 335.5 0.781468 0.000339179
  337 336.5 0.769198 0.000333853
  338 337.5 0.769574 0.000334016
  339 338.5 0.763738 0.000331484
  340 339.5 0.758552 0.000329233
  341 340.5 0.756506 0.000328345
  342 341.5 0.748464 0.000324854
  343 342.5 0.744118 0.000322968
  344 343.5 0.746744 0.000324108
  345 344.5 0.744272 0.000323035
  346 345.5 0.741802 0.000321963
  347 346.5 0.744082 0.000322952
  348 347.5 0.740274 0.000321299
  349 348.5 0.741128 0.00032167
  350 349.5 0.737682 0.000320174
  351 350.5 0.740368 0.00032134
  352 351.5 0.74957 0.000325334
  353 352.5 0.73953 0.000320977
  354 353.5 0.73985 0.000321115
  355 354.5 0.744642 0.000323195
  356 355.5 0.749 0.000325087
  357 356.5 0.752226 0.000326487
  358 357.5 0.74858 0.000324905
  359 358.5 0.747214 0.000324312
  360 359.5 0.741672 0.000321906
  361 360.5 0.74737 0.000324379
  362 361.5 0.74941 0.000325265
  363 362.5 0.740572 0.000321429
  364 363.5 0.740128 0.000321236
  365 364.5 0.737378 0.000320043
  366 365.5 0.743012 0.000322488
  367 366.5 0.747844 0.000324585
  368 367.5 0.740286 0.000321305
  369 368.5 0.744456 0.000323115
  370 369.5 0.748302 0.000324784
  371 370.5 0.739158 0.000320815
  372 371.5 0.743084 0.000322519
  373 372.5 0.739492 0.00032096
  374 373.5 0.739274 0.000320865
  375 374.5 0.74402 0.000322925
  376 375.5 0.74417 0.00032299
  377 376.5 0.742296 0.000322177
  378 377.5 0.739242 0.000320852
  379 378.5 0.74333 0.000322626
  380 379.5 0.743906 0.000322876
  381 380.5 0.742104 0.000322094
  382 381.5 0.741354 0.000321768
  383 382.5 0.74245 0.000322244
  384 383.5 0.741664 0.000321903
  385 384.5 0.737478 0.000320086
  386 385.5 0.739504 0.000320965
  387 386.5 0.745494 0.000323565
  388 387.5 0.74368 0.000322778
  389 388.5 0.744256 0.000323028
  390 389.5 0.75143 0.000326141
  391 390.5 0.74705 0.00032424
  392 391.5 0.748248 0.00032476
  393 392.5 0.752142 0.000326451
  394 393.5 0.744614 0.000323183
  395 394.5 0.747812 0.000324571
  396 395.5 0.742808 0.000322399
  397 396.5 0.748266 0.000324768
  398 397.5 0.741888 0.000322
  399 398.5 0.743758 0.000322812
  400 399.5 0.742512 0.000322271
  401 400.5 0.742322 0.000322188
  402 401.5 0.743856 0.000322854
  403 402.5 0.745564 0.000323595
  404 403.5 0.745688 0.000323649
  405 404.5 0.746258 0.000323897
  406 405.5 0.750498 0.000325737
  407 406.5 0.751938 0.000326362
  408 407.5 0.749744 0.00032541
  409 408.5 0.744812 0.000323269
  410 409.5 0.752812 0.000326741
  411 410.5 0.754036 0.000327273
  412 411.5 0.745558 0.000323593
  413 412.5 0.745346 0.000323501
  414 413.5 0.742772 0.000322384
  415 414.5 0.749742 0.000325409
  416 415.5 0.746982 0.000324211
  417 416.5 0.74102 0.000321623
  418 417.5 0.740568 0.000321427
  419 418.5 0.742268 0.000322165
  420 419.5 0.747352 0.000324372
  421 420.5 0.750692 0.000325821
  422 421.5 0.75028 0.000325642
  423 422.5 0.758142 0.000329055
  424 423.5 0.7484 0.000324826
  425 424.5 0.745978 0.000323775
  426 425.5 0.743702 0.000322787
  427 426.5 0.739952 0.00032116
  428 427.5 0.743654 0.000322766
  429 428.5 0.748792 0.000324997
  430 429.5 0.746534 0.000324016
  431 430.5 0.746746 0.000324109
  432 431.5 0.74137 0.000321775
  433 432.5 0.737586 0.000320133
  434 433.5 0.739854 0.000321117
  435 434.5 0.73851 0.000320534
  436 435.5 0.745742 0.000323673
  437 436.5 0.748178 0.00032473
  438 437.5 0.751494 0.000326169
  439 438.5 0.748982 0.000325079
  440 439.5 0.743818 0.000322838
  441 440.5 0.741308 0.000321748
  442 441.5 0.750968 0.000325941
  443 442.5 0.75191 0.00032635
  444 443.5 0.754866 0.000327633
  445 444.5 0.752966 0.000326808
  446 445.5 0.758864 0.000329368
  447 446.5 0.76113 0.000330352
  448 447.5 0.758454 0.00032919
  449 448.5 0.760434 0.000330049
  450 449.5 0.760736 0.000330181
  451 450.5 0.757684 0.000328856
  452 451.5 0.75809 0.000329032
  453 452.5 0.759608 0.000329691
  454 453.5 0.756948 0.000328536
  455 454.5 0.764664 0.000331885
  456 455.5 0.762274 0.000330848
  457 456.5 0.762718 0.000331041
  458 457.5 0.769762 0.000334098
  459 458.5 0.776238 0.000336909
  460 459.5 0.78417 0.000340352
  461 460.5 0.799136 0.000346847
  462 461.5 0.817894 0.000354989
  463 462.5 0.8388 0.000364063
  464 463.5 0.872126 0.000378527
  465 464.5 0.917472 0.000398208
  466 465.5 0.983132 0.000426707
  467 466.5 1.06415 0.000461871
  468 467.5 1.17001 0.000507815
  469 468.5 1.27326 0.00055263
  470 469.5 1.37433 0.000596498
  471 470.5 1.4494 0.000629079
  472 471.5 1.50478 0.000653117
  473 472.5 1.50069 0.00065134
  474 473.5 1.41718 0.000615095
  475 474.5 1.29063 0.000560168
  476 475.5 1.12179 0.000486889
  477 476.5 0.935504 0.000406035
  478 477.5 0.756194 0.000328209
  479 478.5 0.60576 0.000262917
  480 479.5 0.480254 0.000208444
50000000 480 5485.999999999999
  1 0.5 0.501518 0.000217673
  2 1.5 0.40882 0.000177439
  3 2.5 0.341284 0.000148127
  4 3.5 0.29366 0.000127457
  5 4.5 0.261058 0.000113306
  6 5.5 0.240416 0.000104347
  7 6.5 0.223118 9.68394e-05
  8 7.5 0.209692 9.10122e-05
  9 8.5 0.195758 8.49644e-05
  10 9.5 0.19193 8.3303e-05
  11 10.5 0.184976 8.02847e-05
  12 11.5 0.180032 7.81389e-05
  13 12.5 0.177334 7.69679e-05
  14 13.5 0.17775 7.71484e-05
  15 14.5 0.177752 7.71493e-05
  16 15.5 0.176654 7.66727e-05
  17 16.5 0.175276 7.60747e-05
  18 17.5 0.175096 7.59965e-05
  19 18.5 0.179694 7.79922e-05
  20 19.5 0.182758 7.9322e-05
  21 20.5 0.17768 7.71181e-05
  22 21.5 0.181364 7.8717e-05
  23 22.5 0.180032 7.81389e-05
  24 23.5 0.176972 7.68108e-05
  25 24.5 0.17536 7.61111e-05
  26 25.5 0.176866 7.67648e-05
  27 26.5 0.179438 7.78811e-05
  28 27.5 0.175656 7.62396e-05
  29 28.5 0.174834 7.58828e-05
  30 29.5 0.172494 7.48672e-05
  31 30.5 0.171212 7.43108e-05
  32 31.5 0.169632 7.3625e-05
  33 32.5 0.16764 7.27604e-05
  34 33.5 0.166008 7.20521e-05
  35 34.5 0.167596 7.27413e-05
  36 35.5 0.169512 7.35729e-05
  37 36.5 0.172114 7.47023e-05
  38 37.5 0.169274 7.34696e-05
  39 38.5 0.169118 7.34019e-05
  40 39.5 0.17243 7.48394e-05
  41 40.5 0.171258 7.43307e-05
  42 41.5 0.168568 7.31632e-05
  43 42.5 0.166 7.20486e-05
  44 43.5 0.164556 7.14219e-05
  45 44.5 0.16452 7.14063e-05
  46 45.5 0.169 7.33507e-05
  47 46.5 0.169834 7.37127e-05
  48 47.5 0.17634 7.65365e-05
  49 48.5 0.180048 7.81458e-05
  50 49.5 0.181234 7.86606e-05
  51 50.5 0.183006 7.94297e-05
  52 51.5 0.176856 7.67604e-05
  53 52.5 0.177458 7.70217e-05
  54 53.5 0.17847 7.74609e-05
  55 54.5 0.17659 7.6645e-05
  56 55.5 0.177508 7.70434e-05
  57 56.5 0.180178 7.82023e-05
  58 57.5 0.178694 7.75582e-05
  59 58.5 0.17161 7.44835e-05
  60 59.5 0.172578 7.49036e-05
  61 60.5 0.172696 7.49549e-05
  62 61.5 0.175214 7.60477e-05
  63 62.5 0.177338 7.69696e-05
  64 63.5 0.177224 7.69201e-05
  65 64.5 0.175286 7.6079e-05
  66 65.5 0.172158 7.47214e-05
  67 66.5 0.172828 7.50122e-05
  68 67.5 0.174962 7.59384e-05
  69 68.5 0.179286 7.78151e-05
  70 69.5 0.176858 7.67613e-05
  71 70.5 0.173636 7.53628e-05
  72 71.5 0.17287 7.50304e-05
  73 72.5 0.171592 7.44757e-05
  74 73.5 0.177376 7.69861e-05
  75 74.5 0.178086 7.72943e-05
  76 75.5 0.173694 7.5388e-05
  77 76.5 0.174236 7.56233e-05
  78 77.5 0.171994 7.46502e-05
  79 78.5 0.174066 7.55495e-05
  80 79.5 0.175842 7.63203e-05
  81 80.5 0.169638 7.36276e-05
  82 81.5 0.174242 7.56259e-05
  83 82.5 0.175394 7.61259e-05
  84 83.5 0.17327 7.5204e-05
  85 84.5 0.172608 7.49167e-05
  86 85.5 0.173104 7.51319e-05
  87 86.5 0.171984 7.46458e-05
  88 87.5 0.16955 7.35894e-05
  89 88.5 0.16543 7.18012e-05
  90 89.5 0.166076 7.20816e-05
  91 90.5 0.16654 7.2283e-05
  92 91.5 0.164866 7.15564e-05
  93 92.5 0.161474 7.00842e-05
  94 93.5 0.161566 7.01241e-05
  95 94.5 0.159782 6.93498e-05
  96 95.5 0.163118 7.07977e-05
  97 96.5 0.161938 7.02856e-05
  98 97.5 0.165774 7.19505e-05
  99 98.5 0.1666 7.2309e-05
  100 99.5 0.168886 7.33012e-05
  101 100.5 0.168642 7.31953e-05
  102 101.5 0.16551 7.18359e-05
  103 102.5 0.162166 7.03845e-05
  104 103.5 0.168702 7.32214e-05
  105 104.5 0.171336 7.43646e-05
  106 105.5 0.17457 7.57682e-05
  107 106.5 0.176732 7.67066e-05
  108 107.5 0.173938 7.54939e-05
  109 108.5 0.173744 7.54097e-05
  110 109.5 0.175964 7.63733e-05
  111 110.5 0.176092 7.64288e-05
  112 111.5 0.175996 7.63872e-05
  113 112.5 0.173018 7.50946e-05
  114 113.5 0.169742 7.36727e-05
  115 114.5 0.168484 7.31267e-05
  116 115.5 0.16815 7.29818e-05
  117 116.5 0.172086 7.46901e-05
  118 117.5 0.17339 7.52561e-05
  119 118.5 0.170228 7.38837e-05
  120 119.5 0.172586 7.49071e-05
  121 120.5 0.175684 7.62517e-05
  122 121.5 0.175712 7.62639e-05
  123 122.5 0.172754 7.498e-05
  124 123.5 0.175662 7.62422e-05
  125 124.5 0.171408 7.43958e-05
  126 125.5 0.17204 7.46701e-05
  127 126.5 0.170918 7.41832e-05
  128 127.5 0.166888 7.2434e-05
  129 128.5 0.168964 7.33351e-05
  130 129.5 0.166592 7.23056e-05
  131 130.5 0.166658 7.23342e-05
  132 131.5 0.165982 7.20408e-05
  133 132.5 0.17129 7.43446e-05
  134 133.5 0.169872 7.37292e-05
  135 134.5 0.17165 7.45009e-05
  136 135.5 0.17293 7.50564e-05
  137 136.5 0.17395 7.54991e-05
  138 137.5 0.177038 7.68394e-05
  139 138.5 0.181726 7.88741e-05
  140 139.5 0.180056 7.81493e-05
  141 140.5 0.180606 7.8388e-05
  142 141.5 0.181294 7.86866e-05
  143 142.5 0.179974 7.81137e-05
  144 143.5 0.183542 7.96623e-05
  145 144.5 0.184676 8.01545e-05
  146 145.5 0.195924 8.50365e-05
  147 146.5 0.208826 9.06363e-05
  148 147.5 0.221244 9.6026e-05
  149 148.5 0.251968 0.000109361
  150 149.5 0.30034 0.000130356
  151 150.5 0.38266 0.000166085
  152 151.5 0.53482 0.000232127
  153 152.5 0.81996 0.000355885
  154 153.5 1.34495 0.000583747
  155 154.5 2.29569 0.000996395
  156 155.5 3.90095 0.00169312
  157 156.5 6.37595 0.00276734
  158 157.5 9.68013 0.00420144
  159 158.5 13.6594 0.00592858
  160 159.5 17.8801 0.00776044
  161 160.5 21.7852 0.00945538
  162 161.5 24.94 0.0108246
  163 162.5 27.3442 0.0118682
  164 163.5 29.1016 0.0126309
  165 164.5 30.3124 0.0131564
  166 165.5 31.0785 0.0134889
  167 166.5 31.6788 0.0137495
  168 167.5 32.1005 0.0139325
  169 168.5 32.3589 0.0140447
  170 169.5 32.5077 0.0141092
  171 170.5 32.6861 0.0141867
  172 171.5 32.8144 0.0142424
  173 172.5 32.8857 0.0142733
  174 173.5 32.911 0.0142843
  175 174.5 32.9548 0.0143033
  176 175.5 33.0226 0.0143327
  177 176.5 33.0355 0.0143383
  178 177.5 32.9781 0.0143134
  179 178.5 33.0259 0.0143342
  180 179.5 33.0737 0.0143549
  181 180.5 33.0784 0.014357
  182 181.5 33.0018 0.0143237
  183 182.5 33.0667 0.0143519
  184 183.5 33.1026 0.0143675
  185 184.5 33.047 0.0143433
  186 185.5 33.0237 0.0143332
  187 186.5 33.0898 0.0143619
  188 187.5 33.1088 0.0143702
  189 188.5 33.049 0.0143442
  190 189.5 33.0358 0.0143384
  191 190.5 33.0612 0.0143495
  192 191.5 33.0947 0.014364
  193 192.5 33.0398 0.0143402
  194 193.5 33.0072 0.014326
  195 194.5 33.0931 0.0143633
  196 195.5 33.0651 0.0143512
  197 196.5 33.0232 0.014333
  198 197.5 33.0074 0.0143261
  199 198.5 33.098 0.0143654
  200 199.5 33.0562 0.0143473
  201 200.5 33.0078 0.0143263
  202 201.5 33.0445 0.0143422
  203 202.5 33.0304 0.0143361
  204 203.5 33.0186 0.014331
  205 204.5 33.0553 0.0143469
  206 205.5 33.0408 0.0143406
  207 206.5 33.0115 0.0143279
  208 207.5 33.0258 0.0143341
  209 208.5 33.0662 0.0143516
  210 209.5 33.0247 0.0143336
  211 210.5 33.0034 0.0143244
  212 211.5 33.053 0.0143459
  213 212.5 33.042 0.0143412
  214 213.5 33.0346 0.0143379
  215 214.5 33.0002 0.014323
  216 215.5 33.0281 0.0143351
  217 216.5 33.0384 0.0143396
  218 217.5 33.0202 0.0143317
  219 218.5 33.0209 0.014332
  220 219.5 33.0003 0.0143231
  221 220.5 33.0431 0.0143416
  222 221.5 33.0353 0.0143382
  223 222.5 32.9657 0.014308
  224 223.5 33.0415 0.0143409
  225 224.5 33.0396 0.0143401
  226 225.5 32.9885 0.0143179
  227 226.5 33.0018 0.0143237
  228 227.5 33.0387 0.0143397
  229 228.5 33.033 0.0143373
  230 229.5 32.9763 0.0143126
  231 230.5 33.0148 0.0143293
  232 231.5 33.0498 0.0143445
  233 232.5 33.0029 0.0143242
  234 233.5 32.984 0.014316
  235 234.5 33.0836 0.0143592
  236 235.5 33.0102 0.0143273
  237 236.5 33.0063 0.0143256
  238 237.5 33.0243 0.0143335
  239 238.5 33.0609 0.0143494
  240 239.5 33.025 0.0143338
  241 240.5 32.9993 0.0143226
  242 241.5 33.0316 0.0143366
  243 242.5 33.0203 0.0143317
  244 243.5 33.0145 0.0143292
  245 244.5 32.9873 0.0143174
  246 245.5 33.039 0.0143398
  247 246.5 33.0364 0.0143387
  248 247.5 32.9972 0.0143217
  249 248.5 33.0267 0.0143345
  250 249.5 33.0206 0.0143319
  251 250.5 33.0189 0.0143311
  252 251.5 33.0191 0.0143312
  253 252.5 33.0296 0.0143358
  254 253.5 33.0157 0.0143297
  255 254.5 33.0141 0.014329
  256 255.5 33.0331 0.0143373
  257 256.5 33.0268 0.0143346
  258 257.5 32.9812 0.0143148
  259 258.5 33.0079 0.0143263
  260 259.5 33.026 0.0143342
  261 260.5 33.0206 0.0143319
  262 261.5 33.0144 0.0143292
  263 262.5 33.0401 0.0143403
  264 263.5 33.0131 0.0143286
  265 264.5 32.9931 0.0143199
  266 265.5 33.0229 0.0143329
  267 266.5 32.9843 0.0143161
  268 267.5 33.0161 0.0143299
  269 268.5 33.0035 0.0143244
  270 269.5 33.0026 0.014324
  271 270.5 32.9703 0.01431
  272 271.5 33.0038 0.0143245
  273 272.5 33.0292 0.0143356
  274 273.5 32.9826 0.0143154
  275 274.5 32.9958 0.0143211
  276 275.5 33.0325 0.014337
  277 276.5 33.0141 0.014329
  278 277.5 32.9885 0.0143179
  279 278.5 33.01 0.0143273
  280 279.5 33.0436 0.0143418
  281 280.5 33.0083 0.0143265
  282 281.5 33.0304 0.0143361
  283 282.5 33.0307 0.0143363
  284 283.5 33.0462 0.014343
  285 284.5 33.0366 0.0143388
  286 285.5 33.0377 0.0143393
  287 286.5 33.0226 0.0143327
  288 287.5 33.0485 0.014344
  289 288.5 33.0174 0.0143305
  290 289.5 33.0538 0.0143462
  291 290.5 33.0634 0.0143504
  292 291.5 33.0063 0.0143256
  293 292.5 33.022 0.0143324
  294 293.5 33.079 0.0143572
  295 294.5 33.0284 0.0143353
  296 295.5 33.0123 0.0143282
  297 296.5 33.0785 0.014357
  298 297.5 33.0636 0.0143505
  299 298.5 32.9724 0.014311
  300 299.5 33.0316 0.0143367
  301 300.5 33.0715 0.014354
  302 301.5 33.0125 0.0143283
  303 302.5 32.9305 0.0142927
  304 303.5 33.0053 0.0143252
  305 304.5 32.9762 0.0143126
  306 305.5 32.8973 0.0142784
  307 306.5 32.856 0.0142604
  308 307.5 32.8097 0.0142403
  309 308.5 32.6894 0.0141881
  310 309.5 32.5554 0.01413
  311 310.5 32.3821 0.0140547
  312 311.5 32.1458 0.0139521
  313 312.5 31.794 0.0137995
  314 313.5 31.3095 0.0135892
  315 314.5 30.6361 0.0132969
  316 315.5 29.6852 0.0128842
  317 316.5 28.417 0.0123337
  318 317.5 26.715 0.0115951
  319 318.5 24.5023 0.0106347
  320 319.5 21.753 0.0094414
  321 320.5 18.6769 0.0081063
  322 321.5 15.3618 0.00666745
  323 322.5 12.0753 0.00524099
  324 323.5 9.08523 0.00394324
  325 324.5 6.66084 0.00289099
  326 325.5 4.77176 0.00207108
  327 326.5 3.37959 0.00146684
  328 327.5 2.43368 0.00105629
  329 328.5 1.82498 0.000792093
  330 329.5 1.43683 0.000623622
  331 330.5 1.19344 0.000517984
  332 331.5 1.03415 0.000448852
  333 332.5 0.937582 0.000406937
  334 333.5 0.870476 0.000377811
  335 334.5 0.846712 0.000367497
  336 335.5 0.815832 0.000354094
  337 336.5 0.797068 0.00034595
  338 337.5 0.794062 0.000344645
  339 338.5 0.782734 0.000339728
  340 339.5 0.77125 0.000334744
  341 340.5 0.769466 0.00033397
  342 341.5 0.768536 0.000333566
  343 342.5 0.762184 0.000330809
  344 343.5 0.759546 0.000329664
  345 344.5 0.759528 0.000329656
  346 345.5 0.754688 0.000327556
  347 346.5 0.75448 0.000327465
  348 347.5 0.758326 0.000329135
  349 348.5 0.752314 0.000326525
  350 349.5 0.751086 0.000325992
  351 350.5 0.753016 0.00032683
  352 351.5 0.752532 0.00032662
  353 352.5 0.758824 0.000329351
  354 353.5 0.757058 0.000328584
  355 354.5 0.758184 0.000329073
  356 355.5 0.754494 0.000327471
  357 356.5 0.750424 0.000325705
  358 357.5 0.754124 0.000327311
  359 358.5 0.75115 0.00032602
  360 359.5 0.753912 0.000327219
  361 360.5 0.746786 0.000324126
  362 361.5 0.750932 0.000325925
  363 362.5 0.758684 0.00032929
  364 363.5 0.749986 0.000325515
  365 364.5 0.74704 0.000324236
  366 365.5 0.74581 0.000323702
  367 366.5 0.750634 0.000325796
  368 367.5 0.758604 0.000329255
  369 368.5 0.75995 0.000329839
  370 369.5 0.757668 0.000328849
  371 370.5 0.762408 0.000330906
  372 371.5 0.762786 0.00033107
  373 372.5 0.753036 0.000326839
  374 373.5 0.75572 0.000328003
  375 374.5 0.749358 0.000325242
  376 375.5 0.747726 0.000324534
  377 376.5 0.748018 0.000324661
  378 377.5 0.752346 0.000326539
  379 378.5 0.757766 0.000328891
  380 379.5 0.754362 0.000327414
  381 380.5 0.757054 0.000328582
  382 381.5 0.757746 0.000328883
  383 382.5 0.75318 0.000326901
  384 383.5 0.760662 0.000330148
  385 384.5 0.761438 0.000330485
  386 385.5 0.755414 0.000327871
  387 386.5 0.760074 0.000329893
  388 387.5 0.754368 0.000327417
  389 388.5 0.757282 0.000328681
  390 389.5 0.753008 0.000326826
  391 390.5 0.756228 0.000328224
  392 391.5 0.758162 0.000329063
  393 392.5 0.750028 0.000325533
  394 393.5 0.75357 0.00032707
  395 394.5 0.75504 0.000327708
  396 395.5 0.756384 0.000328292
  397 396.5 0.753308 0.000326957
  398 397.5 0.7566 0.000328385
  399 398.5 0.76244 0.00033092
  400 399.5 0.75874 0.000329314
  401 400.5 0.75908 0.000329462
  402 401.5 0.768228 0.000333432
  403 402.5 0.766094 0.000332506
  404 403.5 0.766638 0.000332742
  405 404.5 0.767566 0.000333145
  406 405.5 0.765646 0.000332312
  407 406.5 0.767954 0.000333313
  408 407.5 0.769996 0.0003342
  409 408.5 0.764204 0.000331686
  410 409.5 0.77131 0.00033477
  411 410.5 0.766092 0.000332505
  412 411.5 0.764676 0.000331891
  413 412.5 0.760582 0.000330114
  414 413.5 0.760446 0.000330055
  415 414.5 0.763334 0.000331308
  416 415.5 0.763448 0.000331358
  417 416.5 0.75511 0.000327739
  418 417.5 0.760478 0.000330069
  419 418.5 0.761674 0.000330588
  420 419.5 0.760134 0.000329919
  421 420.5 0.757844 0.000328925
  422 421.5 0.762182 0.000330808
  423 422.5 0.756836 0.000328488
  424 423.5 0.750144 0.000325583
  425 424.5 0.752076 0.000326422
  426 425.5 0.75792 0.000328958
  427 426.5 0.756722 0.000328438
  428 427.5 0.762584 0.000330983
  429 428.5 0.761388 0.000330464
  430 429.5 0.767006 0.000332902
  431 430.5 0.768024 0.000333344
  432 431.5 0.76046 0.000330061
  433 432.5 0.767026 0.000332911
  434 433.5 0.765044 0.00033205
  435 434.5 0.768238 0.000333437
  436 435.5 0.766764 0.000332797
  437 436.5 0.766256 0.000332576
  438 437.5 0.765026 0.000332043
  439 438.5 0.769094 0.000333808
  440 439.5 0.768184 0.000333413
  441 440.5 0.769286 0.000333891
  442 441.5 0.767628 0.000333172
  443 442.5 0.768338 0.00033348
  444 443.5 0.767946 0.00033331
  445 444.5 0.76586 0.000332405
  446 445.5 0.766424 0.000332649
  447 446.5 0.772634 0.000335345
  448 447.5 0.775494 0.000336586
  449 448.5 0.773442 0.000335695
  450 449.5 0.777078 0.000337273
  451 450.5 0.77634 0.000336953
  452 451.5 0.775058 0.000336397
  453 452.5 0.773036 0.000335519
  454 453.5 0.778178 0.000337751
  455 454.5 0.771082 0.000334671
  456 455.5 0.772664 0.000335358
  457 456.5 0.773648 0.000335785
  458 457.5 0.778668 0.000337964
  459 458.5 0.783052 0.000339866
  460 459.5 0.791274 0.000343435
  461 460.5 0.797298 0.000346049
  462 461.5 0.810206 0.000351652
  463 462.5 0.82401 0.000357643
  464 463.5 0.850506 0.000369143
  465 464.5 0.887542 0.000385218
  466 465.5 0.935706 0.000406122
  467 466.5 0.996518 0.000432516
  468 467.5 1.07456 0.00046639
  469 468.5 1.17253 0.000508911
  470 469.5 1.2808 0.000555905
  471 470.5 1.38138 0.000599558
  472 471.5 1.46699 0.000636716
  473 472.5 1.51771 0.000658727
  474 473.5 1.50998 0.000655373
  475 474.5 1.43121 0.000621183
  476 475.5 1.29407 0.000561662
  477 476.5 1.13405 0.000492211
  478 477.5 0.951752 0.000413087
  479 478.5 0.773436 0.000335693
  480 479.5 0.624638 0.00027111
