# Chunk-averaged data for fix tensor3 and group c2
# Timestep Number-of-chunks Total-count
# Chunk Coord1 Ncount density/number
20000000 480 6259.999999999998
  1 0.5 0.14504 6.29514e-05
  2 1.5 0.142322 6.17717e-05
  3 2.5 0.133758 5.80547e-05
  4 3.5 0.131296 5.69861e-05
  5 4.5 0.13329 5.78516e-05
  6 5.5 0.13163 5.71311e-05
  7 6.5 0.129716 5.63003e-05
  8 7.5 0.128676 5.5849e-05
  9 8.5 0.128226 5.56536e-05
  10 9.5 0.12514 5.43142e-05
  11 10.5 0.125144 5.4316e-05
  12 11.5 0.127028 5.51337e-05
  13 12.5 0.127724 5.54358e-05
  14 13.5 0.12653 5.49175e-05
  15 14.5 0.123306 5.35182e-05
  16 15.5 0.122948 5.33628e-05
  17 16.5 0.125744 5.45764e-05
  18 17.5 0.125176 5.43299e-05
  19 18.5 0.12208 5.29861e-05
  20 19.5 0.11961 5.19141e-05
  21 20.5 0.11838 5.13802e-05
  22 21.5 0.11748 5.09896e-05
  23 22.5 0.116866 5.07231e-05
  24 23.5 0.117214 5.08741e-05
  25 24.5 0.116804 5.06962e-05
  26 25.5 0.116194 5.04314e-05
  27 26.5 0.11653 5.05773e-05
  28 27.5 0.114368 4.96389e-05
  29 28.5 0.113696 4.93472e-05
  30 29.5 0.115002 4.99141e-05
  31 30.5 0.116132 5.04045e-05
  32 31.5 0.112972 4.9033e-05
  33 32.5 0.11269 4.89106e-05
  34 33.5 0.115674 5.02057e-05
  35 34.5 0.117642 5.10599e-05
  36 35.5 0.12064 5.23611e-05
  37 36.5 0.119292 5.1776e-05
  38 37.5 0.122428 5.31372e-05
  39 38.5 0.122174 5.30269e-05
  40 39.5 0.122942 5.33602e-05
  41 40.5 0.122242 5.30564e-05
  42 41.5 0.121094 5.25582e-05
  43 42.5 0.12427 5.39366e-05
  44 43.5 0.122868 5.33281e-05
  45 44.5 0.125606 5.45165e-05
  46 45.5 0.128362 5.57127e-05
  47 46.5 0.128052 5.55781e-05
  48 47.5 0.127522 5.53481e-05
  49 48.5 0.127368 5.52812e-05
  50 49.5 0.12622 5.4783e-05
  51 50.5 0.12536 5.44097e-05
  52 51.5 0.12871 5.58637e-05
  53 52.5 0.131424 5.70417e-05
  54 53.5 0.128556 5.57969e-05
  55 54.5 0.12786 5.54948e-05
  56 55.5 0.129552 5.62292e-05
  57 56.5 0.130428 5.66094e-05
  58 57.5 0.130992 5.68542e-05
  59 58.5 0.135828 5.89531e-05
  60 59.5 0.14212 6.1684e-05
  61 60.5 0.149278 6.47908e-05
  62 61.5 0.159108 6.90573e-05
  63 62.5 0.167424 7.26667e-05
  64 63.5 0.175546 7.61918e-05
  65 64.5 0.184096 7.99028e-05
  66 65.5 0.190836 8.28281e-05
  67 66.5 0.197162 8.55738e-05
  68 67.5 0.19504 8.46528e-05
  69 68.5 0.180332 7.82691e-05
  70 69.5 0.16022 6.95399e-05
  71 70.5 0.137122 5.95148e-05
  72 71.5 0.112816 4.89653e-05
  73 72.5 0.09063 3.93359e-05
  74 73.5 0.067142 2.91415e-05
  75 74.5 0.053356 2.3158e-05
  76 75.5 0.043044 1.86823e-05
  77 76.5 0.034688 1.50556e-05
  78 77.5 0.029578 1.28377e-05
  79 78.5 0.025786 1.11918e-05
  80 79.5 0.02376 1.03125e-05
  81 80.5 0.021866 9.49045e-06
  82 81.5 0.020976 9.10417e-06
  83 82.5 0.020302 8.81163e-06
  84 83.5 0.020672 8.97222e-06
  85 84.5 0.019508 8.46701e-06
  86 85.5 0.01907 8.27691e-06
  87 86.5 0.019022 8.25608e-06
  88 87.5 0.019634 8.5217e-06
  89 88.5 0.01936 8.40278e-06
  90 89.5 0.020462 8.88108e-06
  91 90.5 0.019698 8.54948e-06
  92 91.5 0.019202 8.3342e-06
  93 92.5 0.018572 8.06076e-06
  94 93.5 0.018704 8.11806e-06
  95 94.5 0.018676 8.1059e-06
  96 95.5 0.018706 8.11892e-06
  97 96.5 0.018662 8.09983e-06
  98 97.5 0.018984 8.23958e-06
  99 98.5 0.019604 8.50868e-06
  100 99.5 0.020242 8.78559e-06
  101 100.5 0.019926 8.64844e-06
  102 101.5 0.019402 8.42101e-06
  103 102.5 0.020202 8.76823e-06
  104 103.5 0.018678 8.10677e-06
  105 104.5 0.019528 8.47569e-06
  106 105.5 0.019696 8.54861e-06
  107 106.5 0.019442 8.43837e-06
  108 107.5 0.018742 8.13455e-06
  109 108.5 0.018332 7.9566e-06
  110 109.5 0.019098 8.28906e-06
  111 110.5 0.019006 8.24913e-06
  112 111.5 0.020178 8.75781e-06
  113 112.5 0.019002 8.2474e-06
  114 113.5 0.018414 7.99219e-06
  115 114.5 0.017424 7.5625e-06
  116 115.5 0.017312 7.51389e-06
  117 116.5 0.018284 7.93576e-06
  118 117.5 0.018552 8.05208e-06
  119 118.5 0.018242 7.91753e-06
  120 119.5 0.018778 8.15017e-06
  121 120.5 0.018956 8.22743e-06
  122 121.5 0.019038 8.26302e-06
  123 122.5 0.018482 8.0217e-06
  124 123.5 0.019166 8.31858e-06
  125 124.5 0.020778 9.01823e-06
  126 125.5 0.019662 8.53385e-06
  127 126.5 0.018374 7.97483e-06
  128 127.5 0.018062 7.83941e-06
  129 128.5 0.017984 7.80556e-06
  130 129.5 0.018328 7.95486e-06
  131 130.5 0.017444 7.57118e-06
  132 131.5 0.01825 7.92101e-06
  133 132.5 0.018126 7.86719e-06
  134 133.5 0.018824 8.17014e-06
  135 134.5 0.019104 8.29167e-06
  136 135.5 0.019038 8.26302e-06
  137 136.5 0.018902 8.20399e-06
  138 137.5 0.01805 7.8342e-06
  139 138.5 0.018342 7.96094e-06
  140 139.5 0.017692 7.67882e-06
  141 140.5 0.018426 7.9974e-06
  142 141.5 0.019478 8.45399e-06
  143 142.5 0.019122 8.29948e-06
  144 143.5 0.018784 8.15278e-06
  145 144.5 0.019694 8.54774e-06
  146 145.5 0.018544 8.04861e-06
  147 146.5 0.01791 7.77344e-06
  148 147.5 0.018374 7.97483e-06
  149 148.5 0.018342 7.96094e-06
  150 149.5 0.01813 7.86892e-06
  151 150.5 0.01808 7.84722e-06
  152 151.5 0.018392 7.98264e-06
  153 152.5 0.018722 8.12587e-06
  154 153.5 0.019072 8.27778e-06
  155 154.5 0.018934 8.21788e-06
  156 155.5 0.019178 8.32378e-06
  157 156.5 0.019734 8.5651e-06
  158 157.5 0.018824 8.17014e-06
  159 158.5 0.018024 7.82292e-06
  160 159.5 0.0172 7.46528e-06
  161 160.5 0.018414 7.99219e-06
  162 161.5 0.01868 8.10764e-06
  163 162.5 0.01735 7.53038e-06
  164 163.5 0.017048 7.39931e-06
  165 164.5 0.017188 7.46007e-06
  166 165.5 0.017782 7.71788e-06
  167 166.5 0.017968 7.79861e-06
  168 167.5 0.018018 7.82031e-06
  169 168.5 0.01761 7.64323e-06
  170 169.5 0.01728 7.5e-06
  171 170.5 0.016602 7.20573e-06
  172 171.5 0.01756 7.62153e-06
  173 172.5 0.016736 7.26389e-06
  174 173.5 0.0176 7.63889e-06
  175 174.5 0.01822 7.90799e-06
  176 175.5 0.017558 7.62066e-06
  177 176.5 0.017456 7.57639e-06
  178 177.5 0.017552 7.61806e-06
  179 178.5 0.016422 7.1276e-06
  180 179.5 0.017312 7.51389e-06
  181 180.5 0.017904 7.77083e-06
  182 181.5 0.017066 7.40712e-06
  183 182.5 0.017506 7.59809e-06
  184 183.5 0.018004 7.81424e-06
  185 184.5 0.017208 7.46875e-06
  186 185.5 0.018214 7.90538e-06
  187 186.5 0.017036 7.3941e-06
  188 187.5 0.01713 7.4349e-06
  189 188.5 0.017502 7.59635e-06
  190 189.5 0.01774 7.69965e-06
  191 190.5 0.017284 7.50174e-06
  192 191.5 0.017826 7.73698e-06
  193 192.5 0.017944 7.78819e-06
  194 193.5 0.017762 7.7092e-06
  195 194.5 0.017654 7.66233e-06
  196 195.5 0.017938 7.78559e-06
  197 196.5 0.018918 8.21094e-06
  198 197.5 0.018134 7.87066e-06
  199 198.5 0.018504 8.03125e-06
  200 199.5 0.018842 8.17795e-06
  201 200.5 0.018136 7.87153e-06
  202 201.5 0.018066 7.84115e-06
  203 202.5 0.018106 7.85851e-06
  204 203.5 0.018802 8.16059e-06
  205 204.5 0.017798 7.72483e-06
  206 205.5 0.017972 7.80035e-06
  207 206.5 0.018066 7.84115e-06
  208 207.5 0.018244 7.9184e-06
  209 208.5 0.01807 7.84288e-06
  210 209.5 0.017598 7.63802e-06
  211 210.5 0.017168 7.45139e-06
  212 211.5 0.01728 7.5e-06
  213 212.5 0.018716 8.12326e-06
  214 213.5 0.018954 8.22656e-06
  215 214.5 0.019066 8.27517e-06
  216 215.5 0.020592 8.9375e-06
  217 216.5 0.019834 8.60851e-06
  218 217.5 0.020958 9.09635e-06
  219 218.5 0.023436 1.01719e-05
  220 219.5 0.027452 1.19149e-05
  221 220.5 0.034632 1.50312e-05
  222 221.5 0.045538 1.97648e-05
  223 222.5 0.069078 2.99818e-05
  224 223.5 0.121452 5.27135e-05
  225 224.5 0.25055 0.000108746
  226 225.5 0.597666 0.000259404
  227 226.5 1.50209 0.000651947
  228 227.5 3.56548 0.00154752
  229 228.5 7.52298 0.00326518
  230 229.5 13.5774 0.00589298
  231 230.5 20.7908 0.00902377
  232 231.5 27.4305 0.0119056
  233 232.5 32.1985 0.0139751
  234 233.5 35.1942 0.0152753
  235 234.5 36.9889 0.0160542
  236 235.5 37.939 0.0164666
  237 236.5 38.5172 0.0167176
  238 237.5 38.8901 0.0168794
  239 238.5 39.0954 0.0169685
  240 239.5 39.2015 0.0170145
  241 240.5 39.3558 0.0170815
  242 241.5 39.3506 0.0170792
  243 242.5 39.428 0.0171128
  244 243.5 39.4571 0.0171255
  245 244.5 39.4828 0.0171366
  246 245.5 39.4874 0.0171386
  247 246.5 39.5231 0.0171541
  248 247.5 39.5324 0.0171581
  249 248.5 39.5325 0.0171582
  250 249.5 39.5236 0.0171543
  251 250.5 39.5631 0.0171715
  252 251.5 39.5552 0.017168
  253 252.5 39.5091 0.0171481
  254 253.5 39.5658 0.0171727
  255 254.5 39.5235 0.0171543
  256 255.5 39.5393 0.0171611
  257 256.5 39.5523 0.0171668
  258 257.5 39.5317 0.0171579
  259 258.5 39.5187 0.0171522
  260 259.5 39.5662 0.0171728
  261 260.5 39.5424 0.0171625
  262 261.5 39.5177 0.0171518
  263 262.5 39.543 0.0171628
  264 263.5 39.5253 0.0171551
  265 264.5 39.5256 0.0171552
  266 265.5 39.5464 0.0171642
  267 266.5 39.5196 0.0171526
  268 267.5 39.5194 0.0171525
  269 268.5 39.5282 0.0171564
  270 269.5 39.5245 0.0171547
  271 270.5 39.5668 0.0171731
  272 271.5 39.4867 0.0171383
  273 272.5 39.5526 0.0171669
  274 273.5 39.5319 0.0171579
  275 274.5 39.5101 0.0171485
  276 275.5 39.5361 0.0171598
  277 276.5 39.5185 0.0171521
  278 277.5 39.5321 0.017158
  279 278.5 39.5233 0.0171542
  280 279.5 39.5241 0.0171546
  281 280.5 39.5438 0.0171631
  282 281.5 39.5187 0.0171522
  283 282.5 39.5158 0.017151
  284 283.5 39.5692 0.0171741
  285 284.5 39.4898 0.0171397
  286 285.5 39.4985 0.0171435
  287 286.5 39.5705 0.0171747
  288 287.5 39.4795 0.0171352
  289 288.5 39.5375 0.0171604
  290 289.5 39.5511 0.0171663
  291 290.5 39.4969 0.0171428
  292 291.5 39.5214 0.0171534
  293 292.5 39.5646 0.0171721
  294 293.5 39.4963 0.0171425
  295 294.5 39.5067 0.017147
  296 295.5 39.5419 0.0171623
  297 296.5 39.5468 0.0171644
  298 297.5 39.4654 0.0171291
  299 298.5 39.5592 0.0171698
  300 299.5 39.5545 0.0171677
  301 300.5 39.4714 0.0171317
  302 301.5 39.5379 0.0171605
  303 302.5 39.5719 0.0171753
  304 303.5 39.5013 0.0171447
  305 304.5 39.4807 0.0171357
  306 305.5 39.6254 0.0171985
  307 306.5 39.5064 0.0171469
  308 307.5 39.4814 0.017136
  309 308.5 39.581 0.0171792
  310 309.5 39.5444 0.0171634
  311 310.5 39.4816 0.0171361
  312 311.5 39.5829 0.0171801
  313 312.5 39.5382 0.0171607
  314 313.5 39.525 0.017155
  315 314.5 39.5591 0.0171698
  316 315.5 39.5447 0.0171635
  317 316.5 39.5071 0.0171472
  318 317.5 39.5621 0.0171711
  319 318.5 39.5629 0.0171714
  320 319.5 39.49 0.0171397
  321 320.5 39.5172 0.0171516
  322 321.5 39.591 0.0171836
  323 322.5 39.5074 0.0171473
  324 323.5 39.5244 0.0171547
  325 324.5 39.5392 0.0171611
  326 325.5 39.5256 0.0171552
  327 326.5 39.5339 0.0171588
  328 327.5 39.5227 0.017154
  329 328.5 39.542 0.0171623
  330 329.5 39.554 0.0171675
  331 330.5 39.5179 0.0171519
  332 331.5 39.4941 0.0171415
  333 332.5 39.5462 0.0171641
  334 333.5 39.539 0.017161
  335 334.5 39.517 0.0171515
  336 335.5 39.513 0.0171497
  337 336.5 39.563 0.0171714
  338 337.5 39.53 0.0171571
  339 338.5 39.5029 0.0171454
  340 339.5 39.5412 0.017162
  341 340.5 39.5438 0.0171631
  342 341.5 39.5132 0.0171498
  343 342.5 39.5214 0.0171534
  344 343.5 39.5253 0.0171551
  345 344.5 39.5672 0.0171733
  346 345.5 39.4775 0.0171343
  347 346.5 39.5452 0.0171637
  348 347.5 39.5648 0.0171722
  349 348.5 39.4714 0.0171317
  350 349.5 39.5458 0.017164
  351 350.5 39.5654 0.0171725
  352 351.5 39.4728 0.0171323
  353 352.5 39.52 0.0171528
  354 353.5 39.5555 0.0171682
  355 354.5 39.4992 0.0171438
  356 355.5 39.5032 0.0171455
  357 356.5 39.5219 0.0171536
  358 357.5 39.5094 0.0171482
  359 358.5 39.5085 0.0171478
  360 359.5 39.4841 0.0171372
  361 360.5 39.5429 0.0171627
  362 361.5 39.4961 0.0171424
  363 362.5 39.4973 0.0171429
  364 363.5 39.4823 0.0171364
  365 364.5 39.539 0.017161
  366 365.5 39.4974 0.017143
  367 366.5 39.4587 0.0171262
  368 367.5 39.502 0.017145
  369 368.5 39.5203 0.0171529
  370 369.5 39.4343 0.0171156
  371 370.5 39.4878 0.0171388
  372 371.5 39.4816 0.0171361
  373 372.5 39.4466 0.0171209
  374 373.5 39.47 0.0171311
  375 374.5 39.4281 0.0171129
  376 375.5 39.4454 0.0171204
  377 376.5 39.3937 0.017098
  378 377.5 39.3323 0.0170713
  379 378.5 39.3222 0.0170669
  380 379.5 39.264 0.0170417
  381 380.5 39.0894 0.0169659
  382 381.5 38.8862 0.0168777
  383 382.5 38.6684 0.0167832
  384 383.5 38.0839 0.0165295
  385 384.5 37.0517 0.0160815
  386 385.5 35.3548 0.015345
  387 386.5 32.1476 0.013953
  388 387.5 26.8987 0.0116748
  389 388.5 19.9873 0.00867504
  390 389.5 12.8079 0.00555897
  391 390.5 7.04124 0.0030561
  392 391.5 3.39 0.00147135
  393 392.5 1.49651 0.000649528
  394 393.5 0.657764 0.000285488
  395 394.5 0.3238 0.000140538
  396 395.5 0.195814 8.49887e-05
  397 396.5 0.14612 6.34201e-05
  398 397.5 0.122848 5.33194e-05
  399 398.5 0.109592 4.7566e-05
  400 399.5 0.107236 4.65434e-05
  401 400.5 0.106438 4.6197e-05
  402 401.5 0.104788 4.54809e-05
  403 402.5 0.105048 4.55938e-05
  404 403.5 0.10425 4.52474e-05
  405 404.5 0.104996 4.55712e-05
  406 405.5 0.103438 4.4895e-05
  407 406.5 0.105774 4.59089e-05
  408 407.5 0.10622 4.61024e-05
  409 408.5 0.107166 4.6513e-05
  410 409.5 0.106166 4.6079e-05
  411 410.5 0.111778 4.85148e-05
  412 411.5 0.112668 4.8901e-05
  413 412.5 0.112106 4.86571e-05
  414 413.5 0.114712 4.97882e-05
  415 414.5 0.11378 4.93837e-05
  416 415.5 0.111954 4.85911e-05
  417 416.5 0.106342 4.61554e-05
  418 417.5 0.104606 4.54019e-05
  419 418.5 0.110282 4.78655e-05
  420 419.5 0.110608 4.80069e-05
  421 420.5 0.110148 4.78073e-05
  422 421.5 0.112772 4.89462e-05
  423 422.5 0.112994 4.90425e-05
  424 423.5 0.109946 4.77196e-05
  425 424.5 0.108124 4.69288e-05
  426 425.5 0.107766 4.67734e-05
  427 426.5 0.11034 4.78906e-05
  428 427.5 0.110456 4.7941e-05
  429 428.5 0.113272 4.91632e-05
  430 429.5 0.11391 4.94401e-05
  431 430.5 0.117996 5.12135e-05
  432 431.5 0.118918 5.16137e-05
  433 432.5 0.117606 5.10443e-05
  434 433.5 0.119458 5.18481e-05
  435 434.5 0.11995 5.20616e-05
  436 435.5 0.119782 5.19887e-05
  437 436.5 0.11828 5.13368e-05
  438 437.5 0.119736 5.19687e-05
  439 438.5 0.121138 5.25773e-05
  440 439.5 0.123272 5.35035e-05
  441 440.5 0.122762 5.32821e-05
  442 441.5 0.12172 5.28299e-05
  443 442.5 0.122118 5.30026e-05
  444 443.5 0.122524 5.31788e-05
  445 444.5 0.121702 5.2822e-05
  446 445.5 0.121112 5.2566e-05
  447 446.5 0.121324 5.2658e-05
  448 447.5 0.119604 5.19115e-05
  449 448.5 0.114912 4.9875e-05
  450 449.5 0.111532 4.8408e-05
  451 450.5 0.111546 4.84141e-05
  452 451.5 0.111038 4.81936e-05
  453 452.5 0.113376 4.92083e-05
  454 453.5 0.116188 5.04288e-05
  455 454.5 0.113666 4.93342e-05
  456 455.5 0.112988 4.90399e-05
  457 456.5 0.114564 4.9724e-05
  458 457.5 0.111986 4.8605e-05
  459 458.5 0.113452 4.92413e-05
  460 459.5 0.116414 5.05269e-05
  461 460.5 0.121042 5.25356e-05
  462 461.5 0.11887 5.15929e-05
  463 462.5 0.121804 5.28663e-05
  464 463.5 0.126434 5.48759e-05
  465 464.5 0.131346 5.70078e-05
  466 465.5 0.13068 5.67187e-05
  467 466.5 0.128352 5.57083e-05
  468 467.5 0.133142 5.77873e-05
  469 468.5 0.139776 6.06667e-05
  470 469.5 0.139542 6.05651e-05
  471 470.5 0.141714 6.15078e-05
  472 471.5 0.137646 5.97422e-05
  473 472.5 0.136358 5.91832e-05
  474 473.5 0.138426 6.00807e-05
  475 474.5 0.139276 6.04497e-05
  476 475.5 0.13887 6.02734e-05
  477 476.5 0.139736 6.06493e-05
  478 477.5 0.141882 6.15807e-05
  479 478.5 0.143296 6.21944e-05
  480 479.5 0.145584 6.31875e-05
30000000 480 6260.000000000001
  1 0.5 0.080858 3.50946e-05
  2 1.5 0.080362 3.48793e-05
  3 2.5 0.080292 3.4849e-05
  4 3.5 0.080978 3.51467e-05
  5 4.5 0.079744 3.46111e-05
  6 5.5 0.079308 3.44219e-05
  7 6.5 0.079008 3.42917e-05
  8 7.5 0.077058 3.34453e-05
  9 8.5 0.074264 3.22326e-05
  10 9.5 0.075118 3.26033e-05
  11 10.5 0.074984 3.25451e-05
  12 11.5 0.077966 3.38394e-05
  13 12.5 0.082298 3.57196e-05
  14 13.5 0.079666 3.45773e-05
  15 14.5 0.080556 3.49635e-05
  16 15.5 0.078596 3.41128e-05
  17 16.5 0.077682 3.37161e-05
  18 17.5 0.076982 3.34123e-05
  19 18.5 0.074796 3.24635e-05
  20 19.5 0.07492 3.25174e-05
  21 20.5 0.075744 3.2875e-05
  22 21.5 0.076086 3.30234e-05
  23 22.5 0.077176 3.34965e-05
  24 23.5 0.076662 3.32734e-05
  25 24.5 0.080974 3.5145e-05
  26 25.5 0.080352 3.4875e-05
  27 26.5 0.077888 3.38056e-05
  28 27.5 0.076244 3.3092e-05
  29 28.5 0.07829 3.398e-05
  30 29.5 0.078668 3.41441e-05
  31 30.5 0.078448 3.40486e-05
  32 31.5 0.079378 3.44523e-05
  33 32.5 0.081328 3.52986e-05
  34 33.5 0.083818 3.63793e-05
  35 34.5 0.084558 3.67005e-05
  36 35.5 0.085356 3.70469e-05
  37 36.5 0.08566 3.71788e-05
  38 37.5 0.08425 3.65668e-05
  39 38.5 0.082756 3.59184e-05
  40 39.5 0.084372 3.66198e-05
  41 40.5 0.084486 3.66693e-05
  42 41.5 0.083678 3.63186e-05
  43 42.5 0.083474 3.623e-05
  44 43.5 0.085826 3.72509e-05
  45 44.5 0.084568 3.67049e-05
  46 45.5 0.082384 3.57569e-05
  47 46.5 0.083576 3.62743e-05
  48 47.5 0.083048 3.60451e-05
  49 48.5 0.08466 3.67448e-05
  50 49.5 0.085126 3.6947e-05
  51 50.5 0.085122 3.69453e-05
  52 51.5 0.087398 3.79332e-05
  53 52.5 0.085952 3.73056e-05
  54 53.5 0.086714 3.76363e-05
  55 54.5 0.088434 3.83828e-05
  56 55.5 0.088186 3.82752e-05
  57 56.5 0.088546 3.84314e-05
  58 57.5 0.089668 3.89184e-05
  59 58.5 0.090222 3.91589e-05
  60 59.5 0.09397 4.07856e-05
  61 60.5 0.098206 4.26241e-05
  62 61.5 0.100306 4.35356e-05
  63 62.5 0.106384 4.61736e-05
  64 63.5 0.108606 4.7138e-05
  65 64.5 0.113598 4.93047e-05
  66 65.5 0.120184 5.21632e-05
  67 66.5 0.121354 5.2671e-05
  68 67.5 0.119546 5.18863e-05
  69 68.5 0.112536 4.88437e-05
  70 69.5 0.101936 4.42431e-05
  71 70.5 0.086496 3.75417e-05
  72 71.5 0.071538 3.10495e-05
  73 72.5 0.055696 2.41736e-05
  74 73.5 0.044358 1.92526e-05
  75 74.5 0.035536 1.54236e-05
  76 75.5 0.027684 1.20156e-05
  77 76.5 0.023958 1.03984e-05
  78 77.5 0.020294 8.80816e-06
  79 78.5 0.017472 7.58333e-06
  80 79.5 0.016236 7.04688e-06
  81 80.5 0.015402 6.6849e-06
  82 81.5 0.01461 6.34115e-06
  83 82.5 0.01472 6.38889e-06
  84 83.5 0.014772 6.41146e-06
  85 84.5 0.014782 6.4158e-06
  86 85.5 0.015446 6.70399e-06
  87 86.5 0.013626 5.91406e-06
  88 87.5 0.014308 6.21007e-06
  89 88.5 0.014326 6.21788e-06
  90 89.5 0.01418 6.15451e-06
  91 90.5 0.014738 6.3967e-06
  92 91.5 0.015154 6.57726e-06
  93 92.5 0.015962 6.92795e-06
  94 93.5 0.01602 6.95312e-06
  95 94.5 0.014268 6.19271e-06
  96 95.5 0.014354 6.23003e-06
  97 96.5 0.014476 6.28299e-06
  98 97.5 0.013942 6.05122e-06
  99 98.5 0.014148 6.14063e-06
  100 99.5 0.014218 6.17101e-06
  101 100.5 0.015414 6.6901e-06
  102 101.5 0.015252 6.61979e-06
  103 102.5 0.014562 6.32031e-06
  104 103.5 0.015108 6.55729e-06
  105 104.5 0.015214 6.6033e-06
  106 105.5 0.01467 6.36719e-06
  107 106.5 0.01472 6.38889e-06
  108 107.5 0.01494 6.48438e-06
  109 108.5 0.014134 6.13455e-06
  110 109.5 0.013564 5.88715e-06
  111 110.5 0.013772 5.97743e-06
  112 111.5 0.013506 5.86198e-06
  113 112.5 0.01448 6.28472e-06
  114 113.5 0.01541 6.68837e-06
  115 114.5 0.015506 6.73003e-06
  116 115.5 0.016512 7.16667e-06
  117 116.5 0.015438 6.70052e-06
  118 117.5 0.015202 6.59809e-06
  119 118.5 0.014474 6.28212e-06
  120 119.5 0.013934 6.04774e-06
  121 120.5 0.014382 6.24219e-06
  122 121.5 0.014346 6.22656e-06
  123 122.5 0.013886 6.02691e-06
  124 123.5 0.01468 6.37153e-06
  125 124.5 0.01404 6.09375e-06
  126 125.5 0.015228 6.60937e-06
  127 126.5 0.015566 6.75608e-06
  128 127.5 0.015232 6.61111e-06
  129 128.5 0.01517 6.5842e-06
  130 129.5 0.015802 6.85851e-06
  131 130.5 0.016074 6.97656e-06
  132 131.5 0.01564 6.78819e-06
  133 132.5 0.015636 6.78646e-06
  134 133.5 0.016008 6.94792e-06
  135 134.5 0.015848 6.87847e-06
  136 135.5 0.015128 6.56597e-06
  137 136.5 0.015438 6.70052e-06
  138 137.5 0.015638 6.78733e-06
  139 138.5 0.016294 7.07205e-06
  140 139.5 0.014886 6.46094e-06
  141 140.5 0.0156 6.77083e-06
  142 141.5 0.015258 6.6224e-06
  143 142.5 0.015338 6.65712e-06
  144 143.5 0.014894 6.46441e-06
  145 144.5 0.015044 6.52951e-06
  146 145.5 0.015284 6.63368e-06
  147 146.5 0.01524 6.61458e-06
  148 147.5 0.015636 6.78646e-06
  149 148.5 0.016168 7.01736e-06
  150 149.5 0.015946 6.92101e-06
  151 150.5 0.015598 6.76997e-06
  152 151.5 0.01624 7.04861e-06
  153 152.5 0.016384 7.11111e-06
  154 153.5 0.016746 7.26823e-06
  155 154.5 0.015304 6.64236e-06
  156 155.5 0.015708 6.81771e-06
  157 156.5 0.015298 6.63976e-06
  158 157.5 0.015524 6.73785e-06
  159 158.5 0.015636 6.78646e-06
  160 159.5 0.01552 6.73611e-06
  161 160.5 0.015296 6.63889e-06
  162 161.5 0.015572 6.75868e-06
  163 162.5 0.015786 6.85156e-06
  164 163.5 0.016038 6.96094e-06
  165 164.5 0.015232 6.61111e-06
  166 165.5 0.015538 6.74392e-06
  167 166.5 0.01599 6.9401e-06
  168 167.5 0.017024 7.38889e-06
  169 168.5 0.016998 7.3776e-06
  170 169.5 0.01802 7.82118e-06
  171 170.5 0.016714 7.25434e-06
  172 171.5 0.016744 7.26736e-06
  173 172.5 0.016648 7.22569e-06
  174 173.5 0.017696 7.68056e-06
  175 174.5 0.016606 7.20747e-06
  176 175.5 0.017162 7.44878e-06
  177 176.5 0.016744 7.26736e-06
  178 177.5 0.016458 7.14323e-06
  179 178.5 0.015592 6.76736e-06
  180 179.5 0.015538 6.74392e-06
  181 180.5 0.01532 6.64931e-06
  182 181.5 0.015322 6.65017e-06
  183 182.5 0.016278 7.0651e-06
  184 183.5 0.015492 6.72396e-06
  185 184.5 0.014182 6.15538e-06
  186 185.5 0.01449 6.28906e-06
  187 186.5 0.014942 6.48524e-06
  188 187.5 0.01505 6.53212e-06
  189 188.5 0.01463 6.34983e-06
  190 189.5 0.014852 6.44618e-06
  191 190.5 0.014802 6.42448e-06
  192 191.5 0.014922 6.47656e-06
  193 192.5 0.014962 6.49392e-06
  194 193.5 0.014128 6.13194e-06
  195 194.5 0.015344 6.65972e-06
  196 195.5 0.014944 6.48611e-06
  197 196.5 0.015466 6.71267e-06
  198 197.5 0.01546 6.71007e-06
  199 198.5 0.014784 6.41667e-06
  200 199.5 0.01501 6.51476e-06
  201 200.5 0.014236 6.17882e-06
  202 201.5 0.015112 6.55903e-06
  203 202.5 0.01571 6.81858e-06
  204 203.5 0.015354 6.66406e-06
  205 204.5 0.014152 6.14236e-06
  206 205.5 0.014244 6.18229e-06
  207 206.5 0.01379 5.98524e-06
  208 207.5 0.01422 6.17188e-06
  209 208.5 0.014788 6.4184e-06
  210 209.5 0.014576 6.32639e-06
  211 210.5 0.014942 6.48524e-06
  212 211.5 0.014562 6.32031e-06
  213 212.5 0.015516 6.73438e-06
  214 213.5 0.015788 6.85243e-06
  215 214.5 0.016916 7.34201e-06
  216 215.5 0.017616 7.64583e-06
  217 216.5 0.01785 7.7474e-06
  218 217.5 0.018928 8.21528e-06
  219 218.5 0.021016 9.12153e-06
  220 219.5 0.02477 1.07509e-05
  221 220.5 0.030538 1.32543e-05
  222 221.5 0.041562 1.80391e-05
  223 222.5 0.065012 2.8217e-05
  224 223.5 0.12489 5.42057e-05
  225 224.5 0.277804 0.000120575
  226 225.5 0.70586 0.000306363
  227 226.5 1.80449 0.000783198
  228 227.5 4.26855 0.00185267
  229 228.5 8.78504 0.00381295
  230 229.5 15.3121 0.00664587
  231 230.5 22.6048 0.00981113
  232 231.5 28.8983 0.0125427
  233 232.5 33.179 0.0144006
  234 233.5 35.6789 0.0154856
  235 234.5 37.2995 0.016189
  236 235.5 38.163 0.0165638
  237 236.5 38.6083 0.0167571
  238 237.5 38.9098 0.0168879
  239 238.5 39.1612 0.0169971
  240 239.5 39.2284 0.0170262
  241 240.5 39.3092 0.0170613
  242 241.5 39.4567 0.0171253
  243 242.5 39.3655 0.0170857
  244 243.5 39.445 0.0171202
  245 244.5 39.5318 0.0171579
  246 245.5 39.46 0.0171267
  247 246.5 39.428 0.0171129
  248 247.5 39.5577 0.0171691
  249 248.5 39.492 0.0171406
  250 249.5 39.46 0.0171267
  251 250.5 39.4409 0.0171184
  252 251.5 39.5527 0.017167
  253 252.5 39.5244 0.0171547
  254 253.5 39.4193 0.0171091
  255 254.5 39.5465 0.0171643
  256 255.5 39.5324 0.0171582
  257 256.5 39.4603 0.0171269
  258 257.5 39.4427 0.0171192
  259 258.5 39.5781 0.017178
  260 259.5 39.4595 0.0171265
  261 260.5 39.4508 0.0171228
  262 261.5 39.5418 0.0171622
  263 262.5 39.4994 0.0171438
  264 263.5 39.4433 0.0171195
  265 264.5 39.487 0.0171385
  266 265.5 39.539 0.017161
  267 266.5 39.4495 0.0171222
  268 267.5 39.4189 0.0171089
  269 268.5 39.4914 0.0171404
  270 269.5 39.4949 0.0171419
  271 270.5 39.4157 0.0171075
  272 271.5 39.4543 0.0171242
  273 272.5 39.4869 0.0171384
  274 273.5 39.4398 0.017118
  275 274.5 39.4482 0.0171216
  276 275.5 39.4871 0.0171385
  277 276.5 39.435 0.0171159
  278 277.5 39.4324 0.0171147
  279 278.5 39.5244 0.0171547
  280 279.5 39.4356 0.0171162
  281 280.5 39.4285 0.0171131
  282 281.5 39.5085 0.0171478
  283 282.5 39.4637 0.0171284
  284 283.5 39.4458 0.0171206
  285 284.5 39.5294 0.0171569
  286 285.5 39.4585 0.0171261
  287 286.5 39.4748 0.0171331
  288 287.5 39.4907 0.01714
  289 288.5 39.5008 0.0171444
  290 289.5 39.4409 0.0171185
  291 290.5 39.5247 0.0171548
  292 291.5 39.4759 0.0171336
  293 292.5 39.4558 0.0171249
  294 293.5 39.5103 0.0171486
  295 294.5 39.5093 0.0171482
  296 295.5 39.4452 0.0171203
  297 296.5 39.4866 0.0171383
  298 297.5 39.5418 0.0171622
  299 298.5 39.4463 0.0171208
  300 299.5 39.4554 0.0171247
  301 300.5 39.5605 0.0171703
  302 301.5 39.4634 0.0171282
  303 302.5 39.4103 0.0171052
  304 303.5 39.5326 0.0171583
  305 304.5 39.5345 0.0171591
  306 305.5 39.4003 0.0171008
  307 306.5 39.4734 0.0171325
  308 307.5 39.5326 0.0171583
  309 308.5 39.4516 0.0171231
  310 309.5 39.4535 0.0171239
  311 310.5 39.5015 0.0171448
  312 311.5 39.5007 0.0171444
  313 312.5 39.4862 0.0171381
  314 313.5 39.4674 0.01713
  315 314.5 39.5048 0.0171462
  316 315.5 39.5202 0.0171528
  317 316.5 39.4742 0.0171329
  318 317.5 39.5265 0.0171556
  319 318.5 39.514 0.0171502
  320 319.5 39.5023 0.0171451
  321 320.5 39.5051 0.0171463
  322 321.5 39.499 0.0171437
  323 322.5 39.4965 0.0171426
  324 323.5 39.514 0.0171502
  325 324.5 39.4894 0.0171395
  326 325.5 39.5015 0.0171447
  327 326.5 39.4825 0.0171365
  328 327.5 39.5112 0.017149
  329 328.5 39.4874 0.0171386
  330 329.5 39.467 0.0171298
  331 330.5 39.4954 0.0171421
  332 331.5 39.5179 0.0171519
  333 332.5 39.446 0.0171206
  334 333.5 39.5085 0.0171478
  335 334.5 39.4999 0.017144
  336 335.5 39.4848 0.0171375
  337 336.5 39.4761 0.0171337
  338 337.5 39.4725 0.0171321
  339 338.5 39.5542 0.0171676
  340 339.5 39.4537 0.017124
  341 340.5 39.4938 0.0171414
  342 341.5 39.5231 0.0171541
  343 342.5 39.4752 0.0171333
  344 343.5 39.4832 0.0171368
  345 344.5 39.5102 0.0171485
  346 345.5 39.4877 0.0171388
  347 346.5 39.4734 0.0171326
  348 347.5 39.5259 0.0171553
  349 348.5 39.5166 0.0171513
  350 349.5 39.4368 0.0171167
  351 350.5 39.5219 0.0171536
  352 351.5 39.5726 0.0171756
  353 352.5 39.4578 0.0171258
  354 353.5 39.4519 0.0171232
  355 354.5 39.562 0.017171
  356 355.5 39.5073 0.0171473
  357 356.5 39.4055 0.0171031
  358 357.5 39.5328 0.0171583
  359 358.5 39.5254 0.0171551
  360 359.5 39.4393 0.0171178
  361 360.5 39.5069 0.0171471
  362 361.5 39.5218 0.0171535
  363 362.5 39.4733 0.0171325
  364 363.5 39.4709 0.0171315
  365 364.5 39.5204 0.017153
  366 365.5 39.4977 0.0171431
  367 366.5 39.4788 0.0171349
  368 367.5 39.5013 0.0171447
  369 368.5 39.5219 0.0171536
  370 369.5 39.4681 0.0171302
  371 370.5 39.5106 0.0171487
  372 371.5 39.4801 0.0171355
  373 372.5 39.4831 0.0171368
  374 373.5 39.4558 0.0171249
  375 374.5 39.4712 0.0171316
  376 375.5 39.4163 0.0171078
  377 376.5 39.4226 0.0171105
  378 377.5 39.3994 0.0171004
  379 378.5 39.3146 0.0170636
  380 379.5 39.2582 0.0170391
  381 380.5 39.1577 0.0169955
  382 381.5 38.9415 0.0169017
  383 382.5 38.613 0.0167591
  384 383.5 38.1767 0.0165697
  385 384.5 37.2014 0.0161464
  386 385.5 35.3806 0.0153562
  387 386.5 32.3047 0.0140212
  388 387.5 27.207 0.0118086
  389 388.5 20.239 0.00878429
  390 389.5 12.9784 0.005633
  391 390.5 7.14188 0.00309978
  392 391.5 3.43696 0.00149174
  393 392.5 1.51861 0.000659121
  394 393.5 0.665884 0.000289012
  395 394.5 0.331206 0.000143753
  396 395.5 0.200798 8.71519e-05
  397 396.5 0.146814 6.37214e-05
  398 397.5 0.12672 5.5e-05
  399 398.5 0.115478 5.01207e-05
  400 399.5 0.110376 4.79063e-05
  401 400.5 0.108048 4.68958e-05
  402 401.5 0.103016 4.47118e-05
  403 402.5 0.101242 4.39418e-05
  404 403.5 0.100668 4.36927e-05
  405 404.5 0.097432 4.22882e-05
  406 405.5 0.095076 4.12656e-05
  407 406.5 0.096056 4.1691e-05
  408 407.5 0.095028 4.12448e-05
  409 408.5 0.09696 4.20833e-05
  410 409.5 0.095952 4.16458e-05
  411 410.5 0.092982 4.03568e-05
  412 411.5 0.092768 4.02639e-05
  413 412.5 0.093428 4.05503e-05
  414 413.5 0.09698 4.2092e-05
  415 414.5 0.095578 4.14835e-05
  416 415.5 0.094402 4.09731e-05
  417 416.5 0.091174 3.9572e-05
  418 417.5 0.09092 3.94618e-05
  419 418.5 0.091144 3.9559e-05
  420 419.5 0.091668 3.97865e-05
  421 420.5 0.092086 3.99679e-05
  422 421.5 0.095868 4.16094e-05
  423 422.5 0.094576 4.10486e-05
  424 423.5 0.097062 4.21276e-05
  425 424.5 0.097984 4.25278e-05
  426 425.5 0.099002 4.29696e-05
  427 426.5 0.099702 4.32734e-05
  428 427.5 0.09953 4.31988e-05
  429 428.5 0.099464 4.31701e-05
  430 429.5 0.098114 4.25842e-05
  431 430.5 0.099586 4.32231e-05
  432 431.5 0.099128 4.30243e-05
  433 432.5 0.101362 4.39939e-05
  434 433.5 0.099462 4.31693e-05
  435 434.5 0.097508 4.23212e-05
  436 435.5 0.098468 4.27378e-05
  437 436.5 0.096334 4.18116e-05
  438 437.5 0.096714 4.19766e-05
  439 438.5 0.09567 4.15234e-05
  440 439.5 0.09809 4.25738e-05
  441 440.5 0.098546 4.27717e-05
  442 441.5 0.097458 4.22995e-05
  443 442.5 0.094426 4.09835e-05
  444 443.5 0.093018 4.03724e-05
  445 444.5 0.094288 4.09236e-05
  446 445.5 0.092806 4.02804e-05
  447 446.5 0.085874 3.72717e-05
  448 447.5 0.08374 3.63455e-05
  449 448.5 0.079618 3.45564e-05
  450 449.5 0.079354 3.44418e-05
  451 450.5 0.077836 3.3783e-05
  452 451.5 0.077488 3.36319e-05
  453 452.5 0.0789 3.42448e-05
  454 453.5 0.077324 3.35608e-05
  455 454.5 0.076478 3.31936e-05
  456 455.5 0.07918 3.43663e-05
  457 456.5 0.077298 3.35495e-05
  458 457.5 0.07762 3.36892e-05
  459 458.5 0.079198 3.43741e-05
  460 459.5 0.079444 3.44809e-05
  461 460.5 0.07994 3.46962e-05
  462 461.5 0.079446 3.44818e-05
  463 462.5 0.079354 3.44418e-05
  464 463.5 0.078996 3.42865e-05
  465 464.5 0.081472 3.53611e-05
  466 465.5 0.076968 3.34063e-05
  467 466.5 0.074966 3.25373e-05
  468 467.5 0.072546 3.1487e-05
  469 468.5 0.07495 3.25304e-05
  470 469.5 0.07481 3.24696e-05
  471 470.5 0.078422 3.40373e-05
  472 471.5 0.079666 3.45773e-05
  473 472.5 0.076922 3.33863e-05
  474 473.5 0.074556 3.23594e-05
  475 474.5 0.075492 3.27656e-05
  476 475.5 0.075648 3.28333e-05
  477 476.5 0.08071 3.50304e-05
  478 477.5 0.082256 3.57014e-05
  479 478.5 0.082788 3.59323e-05
  480 479.5 0.083484 3.62344e-05
40000000 480 6259.9999999999945
  1 0.5 0.110024 4.77535e-05
  2 1.5 0.114588 4.97344e-05
  3 2.5 0.118972 5.16372e-05
  4 3.5 0.119978 5.20738e-05
  5 4.5 0.11505 4.99349e-05
  6 5.5 0.111676 4.84705e-05
  7 6.5 0.110802 4.80911e-05
  8 7.5 0.108694 4.71762e-05
  9 8.5 0.108824 4.72326e-05
  10 9.5 0.108808 4.72257e-05
  11 10.5 0.110946 4.81536e-05
  12 11.5 0.110226 4.78411e-05
  13 12.5 0.106592 4.62639e-05
  14 13.5 0.106166 4.6079e-05
  15 14.5 0.105178 4.56502e-05
  16 15.5 0.104946 4.55495e-05
  17 16.5 0.104808 4.54896e-05
  18 17.5 0.105664 4.58611e-05
  19 18.5 0.105416 4.57535e-05
  20 19.5 0.107654 4.67248e-05
  21 20.5 0.106426 4.61918e-05
  22 21.5 0.107706 4.67474e-05
  23 22.5 0.107368 4.66007e-05
  24 23.5 0.10538 4.57378e-05
  25 24.5 0.104408 4.5316e-05
  26 25.5 0.105164 4.56441e-05
  27 26.5 0.106886 4.63915e-05
  28 27.5 0.104198 4.52248e-05
  29 28.5 0.104244 4.52448e-05
  30 29.5 0.104478 4.53464e-05
  31 30.5 0.10475 4.54644e-05
  32 31.5 0.102432 4.44583e-05
  33 32.5 0.09843 4.27214e-05
  34 33.5 0.097806 4.24505e-05
  35 34.5 0.097028 4.21128e-05
  36 35.5 0.097838 4.24644e-05
  37 36.5 0.097776 4.24375e-05
  38 37.5 0.092984 4.03576e-05
  39 38.5 0.093278 4.04852e-05
  40 39.5 0.091484 3.97066e-05
  41 40.5 0.08982 3.89844e-05
  42 41.5 0.089898 3.90182e-05
  43 42.5 0.093924 4.07656e-05
  44 43.5 0.09477 4.11328e-05
  45 44.5 0.095102 4.12769e-05
  46 45.5 0.09463 4.1072e-05
  47 46.5 0.09561 4.14974e-05
  48 47.5 0.097818 4.24557e-05
  49 48.5 0.10339 4.48741e-05
  50 49.5 0.104598 4.53984e-05
  51 50.5 0.1053 4.57031e-05
  52 51.5 0.107374 4.66033e-05
  53 52.5 0.106016 4.60139e-05
  54 53.5 0.105292 4.56997e-05
  55 54.5 0.104216 4.52326e-05
  56 55.5 0.104484 4.5349e-05
  57 56.5 0.106296 4.61354e-05
  58 57.5 0.109544 4.75451e-05
  59 58.5 0.111892 4.85642e-05
  60 59.5 0.115026 4.99245e-05
  61 60.5 0.117596 5.10399e-05
  62 61.5 0.123488 5.35972e-05
  63 62.5 0.132598 5.75512e-05
  64 63.5 0.140894 6.11519e-05
  65 64.5 0.145944 6.33438e-05
  66 65.5 0.15254 6.62066e-05
  67 66.5 0.153044 6.64253e-05
  68 67.5 0.147918 6.42005e-05
  69 68.5 0.133584 5.79792e-05
  70 69.5 0.120168 5.21562e-05
  71 70.5 0.10091 4.37977e-05
  72 71.5 0.082542 3.58255e-05
  73 72.5 0.066978 2.90703e-05
  74 73.5 0.052116 2.26198e-05
  75 74.5 0.040844 1.77274e-05
  76 75.5 0.03341 1.45009e-05
  77 76.5 0.02789 1.2105e-05
  78 77.5 0.022512 9.77083e-06
  79 78.5 0.019526 8.47483e-06
  80 79.5 0.017504 7.59722e-06
  81 80.5 0.016796 7.28993e-06
  82 81.5 0.01732 7.51736e-06
  83 82.5 0.016188 7.02604e-06
  84 83.5 0.016834 7.30642e-06
  85 84.5 0.016534 7.17622e-06
  86 85.5 0.016206 7.03385e-06
  87 86.5 0.016056 6.96875e-06
  88 87.5 0.016298 7.07378e-06
  89 88.5 0.016276 7.06424e-06
  90 89.5 0.016366 7.1033e-06
  91 90.5 0.017132 7.43576e-06
  92 91.5 0.015736 6.82986e-06
  93 92.5 0.015944 6.92014e-06
  94 93.5 0.01629 7.07031e-06
  95 94.5 0.016938 7.35156e-06
  96 95.5 0.016174 7.01997e-06
  97 96.5 0.017252 7.48785e-06
  98 97.5 0.017956 7.7934e-06
  99 98.5 0.017818 7.73351e-06
  100 99.5 0.017224 7.47569e-06
  101 100.5 0.01691 7.33941e-06
  102 101.5 0.016504 7.16319e-06
  103 102.5 0.016802 7.29253e-06
  104 103.5 0.016524 7.17187e-06
  105 104.5 0.015874 6.88976e-06
  106 105.5 0.016338 7.09115e-06
  107 106.5 0.017638 7.65538e-06
  108 107.5 0.016792 7.28819e-06
  109 108.5 0.017722 7.69184e-06
  110 109.5 0.018 7.8125e-06
  111 110.5 0.016784 7.28472e-06
  112 111.5 0.016754 7.2717e-06
  113 112.5 0.016592 7.20139e-06
  114 113.5 0.016362 7.10156e-06
  115 114.5 0.016562 7.18837e-06
  116 115.5 0.015296 6.63889e-06
  117 116.5 0.015194 6.59462e-06
  118 117.5 0.016116 6.99479e-06
  119 118.5 0.01683 7.30469e-06
  120 119.5 0.016552 7.18403e-06
  121 120.5 0.015686 6.80816e-06
  122 121.5 0.015688 6.80903e-06
  123 122.5 0.016042 6.96267e-06
  124 123.5 0.016136 7.00347e-06
  125 124.5 0.01696 7.36111e-06
  126 125.5 0.01604 6.96181e-06
  127 126.5 0.016664 7.23264e-06
  128 127.5 0.017412 7.55729e-06
  129 128.5 0.017376 7.54167e-06
  130 129.5 0.016548 7.18229e-06
  131 130.5 0.015768 6.84375e-06
  132 131.5 0.01614 7.00521e-06
  133 132.5 0.015756 6.83854e-06
  134 133.5 0.016192 7.02778e-06
  135 134.5 0.01699 7.37413e-06
  136 135.5 0.01705 7.40017e-06
  137 136.5 0.016558 7.18663e-06
  138 137.5 0.016502 7.16233e-06
  139 138.5 0.016864 7.31944e-06
  140 139.5 0.017834 7.74045e-06
  141 140.5 0.017266 7.49392e-06
  142 141.5 0.016796 7.28993e-06
  143 142.5 0.016384 7.11111e-06
  144 143.5 0.015742 6.83247e-06
  145 144.5 0.016682 7.24045e-06
  146 145.5 0.016118 6.99566e-06
  147 146.5 0.016578 7.19531e-06
  148 147.5 0.016858 7.31684e-06
  149 148.5 0.016788 7.28646e-06
  150 149.5 0.017206 7.46788e-06
  151 150.5 0.01724 7.48264e-06
  152 151.5 0.018842 8.17795e-06
  153 152.5 0.019452 8.44271e-06
  154 153.5 0.019878 8.6276e-06
  155 154.5 0.018362 7.96962e-06
  156 155.5 0.019054 8.26997e-06
  157 156.5 0.018524 8.03993e-06
  158 157.5 0.018674 8.10503e-06
  159 158.5 0.018296 7.94097e-06
  160 159.5 0.01748 7.58681e-06
  161 160.5 0.018642 8.09115e-06
  162 161.5 0.017572 7.62674e-06
  163 162.5 0.016468 7.14757e-06
  164 163.5 0.016532 7.17535e-06
  165 164.5 0.0162 7.03125e-06
  166 165.5 0.01641 7.1224e-06
  167 166.5 0.016438 7.13455e-06
  168 167.5 0.016248 7.05208e-06
  169 168.5 0.016896 7.33333e-06
  170 169.5 0.017118 7.42969e-06
  171 170.5 0.016842 7.3099e-06
  172 171.5 0.016308 7.07813e-06
  173 172.5 0.016174 7.01997e-06
  174 173.5 0.0171 7.42187e-06
  175 174.5 0.017268 7.49479e-06
  176 175.5 0.016588 7.19965e-06
  177 176.5 0.017264 7.49306e-06
  178 177.5 0.017242 7.48351e-06
  179 178.5 0.017074 7.41059e-06
  180 179.5 0.016188 7.02604e-06
  181 180.5 0.017502 7.59635e-06
  182 181.5 0.017306 7.51128e-06
  183 182.5 0.017978 7.80295e-06
  184 183.5 0.017296 7.50694e-06
  185 184.5 0.017362 7.53559e-06
  186 185.5 0.01737 7.53906e-06
  187 186.5 0.016118 6.99566e-06
  188 187.5 0.015926 6.91233e-06
  189 188.5 0.015492 6.72396e-06
  190 189.5 0.01605 6.96615e-06
  191 190.5 0.015996 6.94271e-06
  192 191.5 0.01647 7.14844e-06
  193 192.5 0.016782 7.28385e-06
  194 193.5 0.016528 7.17361e-06
  195 194.5 0.016998 7.3776e-06
  196 195.5 0.017386 7.54601e-06
  197 196.5 0.016482 7.15365e-06
  198 197.5 0.016736 7.26389e-06
  199 198.5 0.016802 7.29253e-06
  200 199.5 0.017068 7.40799e-06
  201 200.5 0.017084 7.41493e-06
  202 201.5 0.016814 7.29774e-06
  203 202.5 0.017674 7.67101e-06
  204 203.5 0.017822 7.73524e-06
  205 204.5 0.016974 7.36719e-06
  206 205.5 0.017632 7.65278e-06
  207 206.5 0.016368 7.10417e-06
  208 207.5 0.016436 7.13368e-06
  209 208.5 0.01649 7.15712e-06
  210 209.5 0.016878 7.32552e-06
  211 210.5 0.016458 7.14323e-06
  212 211.5 0.01636 7.10069e-06
  213 212.5 0.016894 7.33247e-06
  214 213.5 0.01723 7.4783e-06
  215 214.5 0.01713 7.4349e-06
  216 215.5 0.01748 7.58681e-06
  217 216.5 0.018078 7.84635e-06
  218 217.5 0.01934 8.3941e-06
  219 218.5 0.022864 9.92361e-06
  220 219.5 0.027336 1.18646e-05
  221 220.5 0.034794 1.51016e-05
  222 221.5 0.048138 2.08932e-05
  223 222.5 0.079886 3.46727e-05
  224 223.5 0.146522 6.35946e-05
  225 224.5 0.314112 0.000136333
  226 225.5 0.773814 0.000335857
  227 226.5 1.94508 0.000844217
  228 227.5 4.49005 0.00194881
  229 228.5 9.07909 0.00394058
  230 229.5 15.5951 0.00676871
  231 230.5 22.8354 0.00991119
  232 231.5 29.0852 0.0126238
  233 232.5 33.2711 0.0144406
  234 233.5 35.782 0.0155304
  235 234.5 37.3199 0.0161979
  236 235.5 38.2161 0.0165868
  237 236.5 38.6288 0.016766
  238 237.5 38.9061 0.0168863
  239 238.5 39.1744 0.0170028
  240 239.5 39.2836 0.0170502
  241 240.5 39.2891 0.0170525
  242 241.5 39.4031 0.017102
  243 242.5 39.4585 0.0171261
  244 243.5 39.4429 0.0171193
  245 244.5 39.4547 0.0171244
  246 245.5 39.497 0.0171428
  247 246.5 39.492 0.0171406
  248 247.5 39.4983 0.0171434
  249 248.5 39.5135 0.01715
  250 249.5 39.517 0.0171515
  251 250.5 39.4942 0.0171416
  252 251.5 39.536 0.0171597
  253 252.5 39.5386 0.0171609
  254 253.5 39.4954 0.0171421
  255 254.5 39.4896 0.0171396
  256 255.5 39.5908 0.0171835
  257 256.5 39.4977 0.0171431
  258 257.5 39.4956 0.0171422
  259 258.5 39.5623 0.0171711
  260 259.5 39.5371 0.0171602
  261 260.5 39.5249 0.0171549
  262 261.5 39.5014 0.0171447
  263 262.5 39.5561 0.0171685
  264 263.5 39.5486 0.0171652
  265 264.5 39.4828 0.0171366
  266 265.5 39.5721 0.0171754
  267 266.5 39.5295 0.0171569
  268 267.5 39.4981 0.0171433
  269 268.5 39.536 0.0171597
  270 269.5 39.5538 0.0171674
  271 270.5 39.5089 0.017148
  272 271.5 39.4952 0.017142
  273 272.5 39.5407 0.0171618
  274 273.5 39.5427 0.0171626
  275 274.5 39.5242 0.0171546
  276 275.5 39.4966 0.0171426
  277 276.5 39.5514 0.0171664
  278 277.5 39.545 0.0171636
  279 278.5 39.5152 0.0171507
  280 279.5 39.5044 0.017146
  281 280.5 39.5896 0.017183
  282 281.5 39.4885 0.0171391
  283 282.5 39.5018 0.0171449
  284 283.5 39.5615 0.0171708
  285 284.5 39.5147 0.0171505
  286 285.5 39.4586 0.0171261
  287 286.5 39.5762 0.0171772
  288 287.5 39.5334 0.0171586
  289 288.5 39.4695 0.0171309
  290 289.5 39.538 0.0171606
  291 290.5 39.5782 0.0171781
  292 291.5 39.4492 0.0171221
  293 292.5 39.4941 0.0171415
  294 293.5 39.5575 0.017169
  295 294.5 39.5278 0.0171562
  296 295.5 39.4789 0.0171349
  297 296.5 39.5232 0.0171542
  298 297.5 39.5582 0.0171694
  299 298.5 39.4967 0.0171427
  300 299.5 39.4818 0.0171362
  301 300.5 39.5673 0.0171733
  302 301.5 39.5345 0.0171591
  303 302.5 39.4764 0.0171339
  304 303.5 39.5464 0.0171642
  305 304.5 39.5449 0.0171636
  306 305.5 39.4955 0.0171421
  307 306.5 39.4999 0.017144
  308 307.5 39.5542 0.0171676
  309 308.5 39.548 0.0171649
  310 309.5 39.4704 0.0171313
  311 310.5 39.5163 0.0171512
  312 311.5 39.5552 0.0171681
  313 312.5 39.5206 0.017153
  314 313.5 39.4906 0.01714
  315 314.5 39.5202 0.0171529
  316 315.5 39.5271 0.0171559
  317 316.5 39.5106 0.0171487
  318 317.5 39.4922 0.0171407
  319 318.5 39.5483 0.0171651
  320 319.5 39.4801 0.0171355
  321 320.5 39.5158 0.0171509
  322 321.5 39.5467 0.0171644
  323 322.5 39.5116 0.0171491
  324 323.5 39.4866 0.0171383
  325 324.5 39.5742 0.0171763
  326 325.5 39.4908 0.0171401
  327 326.5 39.5307 0.0171574
  328 327.5 39.547 0.0171645
  329 328.5 39.5194 0.0171525
  330 329.5 39.5052 0.0171463
  331 330.5 39.542 0.0171623
  332 331.5 39.5357 0.0171596
  333 332.5 39.4866 0.0171383
  334 333.5 39.5242 0.0171546
  335 334.5 39.517 0.0171515
  336 335.5 39.5534 0.0171673
  337 336.5 39.5082 0.0171477
  338 337.5 39.5227 0.017154
  339 338.5 39.5213 0.0171533
  340 339.5 39.5497 0.0171657
  341 340.5 39.4694 0.0171308
  342 341.5 39.5333 0.0171586
  343 342.5 39.5079 0.0171475
  344 343.5 39.5036 0.0171457
  345 344.5 39.518 0.0171519
  346 345.5 39.5107 0.0171487
  347 346.5 39.4697 0.017131
  348 347.5 39.5263 0.0171555
  349 348.5 39.5281 0.0171563
  350 349.5 39.4829 0.0171367
  351 350.5 39.4928 0.017141
  352 351.5 39.539 0.017161
  353 352.5 39.5061 0.0171468
  354 353.5 39.4632 0.0171281
  355 354.5 39.5166 0.0171513
  356 355.5 39.5136 0.01715
  357 356.5 39.4788 0.0171349
  358 357.5 39.4918 0.0171405
  359 358.5 39.4998 0.017144
  360 359.5 39.5116 0.0171491
  361 360.5 39.4565 0.0171252
  362 361.5 39.5009 0.0171445
  363 362.5 39.5158 0.017151
  364 363.5 39.4949 0.0171419
  365 364.5 39.4779 0.0171345
  366 365.5 39.4922 0.0171407
  367 366.5 39.4772 0.0171342
  368 367.5 39.4773 0.0171343
  369 368.5 39.5078 0.0171475
  370 369.5 39.4736 0.0171327
  371 370.5 39.4235 0.0171109
  372 371.5 39.5712 0.017175
  373 372.5 39.4734 0.0171326
  374 373.5 39.4143 0.0171069
  375 374.5 39.4939 0.0171415
  376 375.5 39.479 0.017135
  377 376.5 39.3664 0.0170861
  378 377.5 39.3781 0.0170912
  379 378.5 39.3527 0.0170802
  380 379.5 39.2283 0.0170262
  381 380.5 39.072 0.0169584
  382 381.5 38.9334 0.0168982
  383 382.5 38.5554 0.0167341
  384 383.5 37.9801 0.0164844
  385 384.5 36.8852 0.0160092
  386 385.5 34.9327 0.0151618
  387 386.5 31.4497 0.01365
  388 387.5 25.8783 0.0112319
  389 388.5 18.7193 0.00812471
  390 389.5 11.6199 0.00504337
  391 390.5 6.16164 0.00267432
  392 391.5 2.87664 0.00124854
  393 392.5 1.24607 0.00054083
  394 393.5 0.551068 0.000239179
  395 394.5 0.279232 0.000121194
  396 395.5 0.180628 7.83976e-05
  397 396.5 0.139004 6.03316e-05
  398 397.5 0.119532 5.18802e-05
  399 398.5 0.107518 4.66658e-05
  400 399.5 0.10164 4.41146e-05
  401 400.5 0.098262 4.26484e-05
  402 401.5 0.095614 4.14991e-05
  403 402.5 0.091802 3.98446e-05
  404 403.5 0.093868 4.07413e-05
  405 404.5 0.094618 4.10668e-05
  406 405.5 0.095336 4.13785e-05
  407 406.5 0.097994 4.25321e-05
  408 407.5 0.098622 4.28047e-05
  409 408.5 0.096022 4.16762e-05
  410 409.5 0.097332 4.22448e-05
  411 410.5 0.092926 4.03325e-05
  412 411.5 0.093036 4.03802e-05
  413 412.5 0.090826 3.9421e-05
  414 413.5 0.09023 3.91623e-05
  415 414.5 0.09111 3.95443e-05
  416 415.5 0.089404 3.88038e-05
  417 416.5 0.093048 4.03854e-05
  418 417.5 0.094108 4.08455e-05
  419 418.5 0.09233 4.00738e-05
  420 419.5 0.093342 4.0513e-05
  421 420.5 0.093644 4.06441e-05
  422 421.5 0.096602 4.1928e-05
  423 422.5 0.097102 4.2145e-05
  424 423.5 0.093226 4.04627e-05
  425 424.5 0.096832 4.20278e-05
  426 425.5 0.098812 4.28872e-05
  427 426.5 0.098912 4.29306e-05
  428 427.5 0.102406 4.4447e-05
  429 428.5 0.102096 4.43125e-05
  430 429.5 0.10706 4.6467e-05
  431 430.5 0.109138 4.73689e-05
  432 431.5 0.108258 4.6987e-05
  433 432.5 0.104812 4.54913e-05
  434 433.5 0.10309 4.47439e-05
  435 434.5 0.104096 4.51806e-05
  436 435.5 0.104412 4.53177e-05
  437 436.5 0.10568 4.58681e-05
  438 437.5 0.103272 4.48229e-05
  439 438.5 0.10284 4.46354e-05
  440 439.5 0.107214 4.65339e-05
  441 440.5 0.106882 4.63898e-05
  442 441.5 0.106956 4.64219e-05
  443 442.5 0.109036 4.73247e-05
  444 443.5 0.106346 4.61571e-05
  445 444.5 0.1028 4.46181e-05
  446 445.5 0.100444 4.35955e-05
  447 446.5 0.099982 4.3395e-05
  448 447.5 0.101158 4.39054e-05
  449 448.5 0.098524 4.27622e-05
  450 449.5 0.098436 4.2724e-05
  451 450.5 0.098892 4.29219e-05
  452 451.5 0.098106 4.25807e-05
  453 452.5 0.096622 4.19366e-05
  454 453.5 0.096954 4.20807e-05
  455 454.5 0.094588 4.10538e-05
  456 455.5 0.096546 4.19036e-05
  457 456.5 0.100274 4.35217e-05
  458 457.5 0.099498 4.31849e-05
  459 458.5 0.101104 4.38819e-05
  460 459.5 0.100822 4.37595e-05
  461 460.5 0.099746 4.32925e-05
  462 461.5 0.097346 4.22509e-05
  463 462.5 0.096596 4.19253e-05
  464 463.5 0.093928 4.07674e-05
  465 464.5 0.098532 4.27656e-05
  466 465.5 0.0962 4.17535e-05
  467 466.5 0.097274 4.22196e-05
  468 467.5 0.100094 4.34436e-05
  469 468.5 0.103566 4.49505e-05
  470 469.5 0.105498 4.57891e-05
  471 470.5 0.10882 4.72309e-05
  472 471.5 0.111858 4.85495e-05
  473 472.5 0.109796 4.76545e-05
  474 473.5 0.108272 4.69931e-05
  475 474.5 0.107534 4.66727e-05
  476 475.5 0.107408 4.66181e-05
  477 476.5 0.110022 4.77526e-05
  478 477.5 0.110798 4.80894e-05
  479 478.5 0.110444 4.79358e-05
  480 479.5 0.108762 4.72057e-05
50000000 480 6260
  1 0.5 0.11577 5.02474e-05
  2 1.5 0.11421 4.95703e-05
  3 2.5 0.116064 5.0375e-05
  4 3.5 0.113636 4.93212e-05
  5 4.5 0.116034 5.0362e-05
  6 5.5 0.118674 5.15078e-05
  7 6.5 0.11433 4.96224e-05
  8 7.5 0.114452 4.96753e-05
  9 8.5 0.114932 4.98837e-05
  10 9.5 0.116698 5.06502e-05
  11 10.5 0.122668 5.32413e-05
  12 11.5 0.126782 5.50269e-05
  13 12.5 0.127238 5.52248e-05
  14 13.5 0.124858 5.41918e-05
  15 14.5 0.125016 5.42604e-05
  16 15.5 0.123766 5.37179e-05
  17 16.5 0.124426 5.40043e-05
  18 17.5 0.12399 5.38151e-05
  19 18.5 0.121846 5.28845e-05
  20 19.5 0.118046 5.12352e-05
  21 20.5 0.119054 5.16727e-05
  22 21.5 0.118148 5.12795e-05
  23 22.5 0.111806 4.85269e-05
  24 23.5 0.11363 4.93186e-05
  25 24.5 0.11414 4.95399e-05
  26 25.5 0.114398 4.96519e-05
  27 26.5 0.11373 4.9362e-05
  28 27.5 0.113506 4.92648e-05
  29 28.5 0.117234 5.08828e-05
  30 29.5 0.116698 5.06502e-05
  31 30.5 0.116378 5.05113e-05
  32 31.5 0.113546 4.92821e-05
  33 32.5 0.109956 4.7724e-05
  34 33.5 0.10739 4.66102e-05
  35 34.5 0.10692 4.64062e-05
  36 35.5 0.10623 4.61068e-05
  37 36.5 0.106804 4.63559e-05
  38 37.5 0.103874 4.50842e-05
  39 38.5 0.104594 4.53967e-05
  40 39.5 0.106464 4.62083e-05
  41 40.5 0.104422 4.5322e-05
  42 41.5 0.10521 4.56641e-05
  43 42.5 0.108276 4.69948e-05
  44 43.5 0.105336 4.57188e-05
  45 44.5 0.105634 4.58481e-05
  46 45.5 0.102478 4.44783e-05
  47 46.5 0.100062 4.34297e-05
  48 47.5 0.098956 4.29497e-05
  49 48.5 0.101828 4.41962e-05
  50 49.5 0.103656 4.49896e-05
  51 50.5 0.101224 4.3934e-05
  52 51.5 0.100028 4.34149e-05
  53 52.5 0.099012 4.2974e-05
  54 53.5 0.10073 4.37196e-05
  55 54.5 0.09938 4.31337e-05
  56 55.5 0.097452 4.22969e-05
  57 56.5 0.097608 4.23646e-05
  58 57.5 0.10239 4.44401e-05
  59 58.5 0.107262 4.65547e-05
  60 59.5 0.108646 4.71554e-05
  61 60.5 0.11182 4.8533e-05
  62 61.5 0.11404 4.94965e-05
  63 62.5 0.120996 5.25156e-05
  64 63.5 0.129994 5.6421e-05
  65 64.5 0.136656 5.93125e-05
  66 65.5 0.142892 6.20191e-05
  67 66.5 0.146622 6.3638e-05
  68 67.5 0.145102 6.29783e-05
  69 68.5 0.136136 5.90868e-05
  70 69.5 0.123926 5.37873e-05
  71 70.5 0.105532 4.58038e-05
  72 71.5 0.08605 3.73481e-05
  73 72.5 0.069642 3.02266e-05
  74 73.5 0.054632 2.37118e-05
  75 74.5 0.042638 1.85061e-05
  76 75.5 0.033312 1.44583e-05
  77 76.5 0.02722 1.18142e-05
  78 77.5 0.022468 9.75174e-06
  79 78.5 0.018562 8.05642e-06
  80 79.5 0.017528 7.60764e-06
  81 80.5 0.016092 6.98438e-06
  82 81.5 0.014982 6.5026e-06
  83 82.5 0.014248 6.18403e-06
  84 83.5 0.015192 6.59375e-06
  85 84.5 0.015302 6.64149e-06
  86 85.5 0.01406 6.10243e-06
  87 86.5 0.013914 6.03906e-06
  88 87.5 0.014888 6.46181e-06
  89 88.5 0.015 6.51042e-06
  90 89.5 0.014632 6.35069e-06
  91 90.5 0.014512 6.29861e-06
  92 91.5 0.01596 6.92708e-06
  93 92.5 0.016406 7.12066e-06
  94 93.5 0.016308 7.07813e-06
  95 94.5 0.015408 6.6875e-06
  96 95.5 0.01662 7.21354e-06
  97 96.5 0.01582 6.86632e-06
  98 97.5 0.01557 6.75781e-06
  99 98.5 0.015136 6.56944e-06
  100 99.5 0.014868 6.45313e-06
  101 100.5 0.014766 6.40885e-06
  102 101.5 0.014232 6.17708e-06
  103 102.5 0.014058 6.10156e-06
  104 103.5 0.013844 6.00868e-06
  105 104.5 0.01391 6.03733e-06
  106 105.5 0.013804 5.99132e-06
  107 106.5 0.014008 6.07986e-06
  108 107.5 0.014438 6.26649e-06
  109 108.5 0.015332 6.65451e-06
  110 109.5 0.015356 6.66493e-06
  111 110.5 0.014466 6.27865e-06
  112 111.5 0.014706 6.38281e-06
  113 112.5 0.014702 6.38108e-06
  114 113.5 0.014486 6.28733e-06
  115 114.5 0.014768 6.40972e-06
  116 115.5 0.0164 7.11806e-06
  117 116.5 0.015904 6.90278e-06
  118 117.5 0.016258 7.05642e-06
  119 118.5 0.01581 6.86198e-06
  120 119.5 0.015626 6.78212e-06
  121 120.5 0.015466 6.71267e-06
  122 121.5 0.015064 6.53819e-06
  123 122.5 0.014288 6.20139e-06
  124 123.5 0.014692 6.37674e-06
  125 124.5 0.014792 6.42014e-06
  126 125.5 0.01443 6.26302e-06
  127 126.5 0.01493 6.48003e-06
  128 127.5 0.014718 6.38802e-06
  129 128.5 0.014412 6.25521e-06
  130 129.5 0.013972 6.06424e-06
  131 130.5 0.01387 6.01997e-06
  132 131.5 0.01469 6.37587e-06
  133 132.5 0.014218 6.17101e-06
  134 133.5 0.014954 6.49045e-06
  135 134.5 0.014666 6.36545e-06
  136 135.5 0.014202 6.16406e-06
  137 136.5 0.014702 6.38108e-06
  138 137.5 0.015524 6.73785e-06
  139 138.5 0.014636 6.35243e-06
  140 139.5 0.014876 6.4566e-06
  141 140.5 0.014886 6.46094e-06
  142 141.5 0.015092 6.55035e-06
  143 142.5 0.014766 6.40885e-06
  144 143.5 0.01476 6.40625e-06
  145 144.5 0.016118 6.99566e-06
  146 145.5 0.015614 6.77691e-06
  147 146.5 0.014672 6.36806e-06
  148 147.5 0.015206 6.59983e-06
  149 148.5 0.01498 6.50174e-06
  150 149.5 0.015324 6.65104e-06
  151 150.5 0.015958 6.92622e-06
  152 151.5 0.01571 6.81858e-06
  153 152.5 0.014976 6.5e-06
  154 153.5 0.015406 6.68663e-06
  155 154.5 0.015742 6.83247e-06
  156 155.5 0.015936 6.91667e-06
  157 156.5 0.01585 6.87934e-06
  158 157.5 0.016068 6.97396e-06
  159 158.5 0.01586 6.88368e-06
  160 159.5 0.016636 7.22049e-06
  161 160.5 0.015902 6.90191e-06
  162 161.5 0.015038 6.52691e-06
  163 162.5 0.014772 6.41146e-06
  164 163.5 0.015182 6.58941e-06
  165 164.5 0.01505 6.53212e-06
  166 165.5 0.01521 6.60156e-06
  167 166.5 0.015232 6.61111e-06
  168 167.5 0.015264 6.625e-06
  169 168.5 0.015282 6.63281e-06
  170 169.5 0.015266 6.62587e-06
  171 170.5 0.01521 6.60156e-06
  172 171.5 0.016334 7.08941e-06
  173 172.5 0.016084 6.9809e-06
  174 173.5 0.015284 6.63368e-06
  175 174.5 0.01604 6.96181e-06
  176 175.5 0.016048 6.96528e-06
  177 176.5 0.01588 6.89236e-06
  178 177.5 0.016384 7.11111e-06
  179 178.5 0.016426 7.12934e-06
  180 179.5 0.015822 6.86719e-06
  181 180.5 0.015656 6.79514e-06
  182 181.5 0.015312 6.64583e-06
  183 182.5 0.015384 6.67708e-06
  184 183.5 0.014666 6.36545e-06
  185 184.5 0.014304 6.20833e-06
  186 185.5 0.015012 6.51562e-06
  187 186.5 0.015764 6.84201e-06
  188 187.5 0.015772 6.84549e-06
  189 188.5 0.01479 6.41927e-06
  190 189.5 0.01482 6.43229e-06
  191 190.5 0.014784 6.41667e-06
  192 191.5 0.015644 6.78993e-06
  193 192.5 0.015566 6.75608e-06
  194 193.5 0.01461 6.34115e-06
  195 194.5 0.014304 6.20833e-06
  196 195.5 0.0146 6.33681e-06
  197 196.5 0.013902 6.03385e-06
  198 197.5 0.014198 6.16233e-06
  199 198.5 0.013742 5.96441e-06
  200 199.5 0.014312 6.21181e-06
  201 200.5 0.014652 6.35938e-06
  202 201.5 0.014738 6.3967e-06
  203 202.5 0.01459 6.33247e-06
  204 203.5 0.014768 6.40972e-06
  205 204.5 0.014636 6.35243e-06
  206 205.5 0.015 6.51042e-06
  207 206.5 0.0147 6.38021e-06
  208 207.5 0.014776 6.41319e-06
  209 208.5 0.015002 6.51128e-06
  210 209.5 0.014922 6.47656e-06
  211 210.5 0.014334 6.22135e-06
  212 211.5 0.014422 6.25955e-06
  213 212.5 0.015056 6.53472e-06
  214 213.5 0.015406 6.68663e-06
  215 214.5 0.01591 6.90538e-06
  216 215.5 0.016196 7.02951e-06
  217 216.5 0.016282 7.06684e-06
  218 217.5 0.017766 7.71094e-06
  219 218.5 0.020052 8.70312e-06
  220 219.5 0.023022 9.99219e-06
  221 220.5 0.030736 1.33403e-05
  222 221.5 0.041952 1.82083e-05
  223 222.5 0.066706 2.89523e-05
  224 223.5 0.124256 5.39306e-05
  225 224.5 0.284856 0.000123635
  226 225.5 0.72701 0.000315543
  227 226.5 1.86784 0.000810695
  228 227.5 4.40108 0.00191019
  229 228.5 9.04235 0.00392463
  230 229.5 15.6192 0.00677916
  231 230.5 22.909 0.00994313
  232 231.5 29.0924 0.0126269
  233 232.5 33.2565 0.0144342
  234 233.5 35.803 0.0155395
  235 234.5 37.3079 0.0161927
  236 235.5 38.1598 0.0165624
  237 236.5 38.6299 0.0167665
  238 237.5 38.8876 0.0168783
  239 238.5 39.146 0.0169905
  240 239.5 39.2779 0.0170477
  241 240.5 39.2886 0.0170524
  242 241.5 39.3545 0.0170809
  243 242.5 39.4411 0.0171185
  244 243.5 39.4709 0.0171315
  245 244.5 39.4234 0.0171109
  246 245.5 39.4681 0.0171302
  247 246.5 39.5426 0.0171626
  248 247.5 39.4507 0.0171227
  249 248.5 39.4723 0.0171321
  250 249.5 39.518 0.0171519
  251 250.5 39.511 0.0171489
  252 251.5 39.4564 0.0171252
  253 252.5 39.5269 0.0171558
  254 253.5 39.5635 0.0171717
  255 254.5 39.4792 0.017135
  256 255.5 39.4708 0.0171314
  257 256.5 39.5626 0.0171713
  258 257.5 39.525 0.017155
  259 258.5 39.4365 0.0171165
  260 259.5 39.5439 0.0171632
  261 260.5 39.5751 0.0171767
  262 261.5 39.4976 0.0171431
  263 262.5 39.4745 0.017133
  264 263.5 39.5872 0.0171819
  265 264.5 39.5296 0.017157
  266 265.5 39.4714 0.0171317
  267 266.5 39.5438 0.0171631
  268 267.5 39.6038 0.0171892
  269 268.5 39.4853 0.0171377
  270 269.5 39.5153 0.0171507
  271 270.5 39.5844 0.0171807
  272 271.5 39.5392 0.0171611
  273 272.5 39.4565 0.0171252
  274 273.5 39.5554 0.0171682
  275 274.5 39.5342 0.0171589
  276 275.5 39.5018 0.0171449
  277 276.5 39.4946 0.0171418
  278 277.5 39.5402 0.0171615
  279 278.5 39.5397 0.0171613
  280 279.5 39.4648 0.0171288
  281 280.5 39.498 0.0171432
  282 281.5 39.5289 0.0171567
  283 282.5 39.4982 0.0171433
  284 283.5 39.4871 0.0171385
  285 284.5 39.534 0.0171589
  286 285.5 39.51 0.0171484
  287 286.5 39.493 0.0171411
  288 287.5 39.4952 0.017142
  289 288.5 39.5583 0.0171694
  290 289.5 39.4803 0.0171356
  291 290.5 39.4761 0.0171337
  292 291.5 39.5465 0.0171643
  293 292.5 39.5241 0.0171546
  294 293.5 39.4429 0.0171193
  295 294.5 39.4971 0.0171428
  296 295.5 39.5745 0.0171764
  297 296.5 39.4615 0.0171274
  298 297.5 39.4638 0.0171284
  299 298.5 39.5324 0.0171582
  300 299.5 39.5398 0.0171614
  301 300.5 39.4397 0.0171179
  302 301.5 39.4918 0.0171405
  303 302.5 39.5603 0.0171703
  304 303.5 39.4746 0.0171331
  305 304.5 39.4373 0.0171169
  306 305.5 39.5215 0.0171534
  307 306.5 39.524 0.0171545
  308 307.5 39.4899 0.0171397
  309 308.5 39.4323 0.0171147
  310 309.5 39.5592 0.0171698
  311 310.5 39.5026 0.0171452
  312 311.5 39.4319 0.0171146
  313 312.5 39.5175 0.0171517
  314 313.5 39.5115 0.0171491
  315 314.5 39.4575 0.0171257
  316 315.5 39.4471 0.0171212
  317 316.5 39.5181 0.017152
  318 317.5 39.4473 0.0171212
  319 318.5 39.4299 0.0171137
  320 319.5 39.5156 0.0171509
  321 320.5 39.4766 0.0171339
  322 321.5 39.4579 0.0171258
  323 322.5 39.4872 0.0171385
  324 323.5 39.5175 0.0171517
  325 324.5 39.4287 0.0171132
  326 325.5 39.4843 0.0171373
  327 326.5 39.5158 0.017151
  328 327.5 39.4507 0.0171227
  329 328.5 39.454 0.0171241
  330 329.5 39.5234 0.0171543
  331 330.5 39.4789 0.0171349
  332 331.5 39.4536 0.017124
  333 332.5 39.5139 0.0171501
  334 333.5 39.4839 0.0171371
  335 334.5 39.4748 0.0171332
  336 335.5 39.4846 0.0171374
  337 336.5 39.4833 0.0171368
  338 337.5 39.46 0.0171267
  339 338.5 39.459 0.0171263
  340 339.5 39.5041 0.0171459
  341 340.5 39.4218 0.0171102
  342 341.5 39.4866 0.0171383
  343 342.5 39.4664 0.0171295
  344 343.5 39.4429 0.0171193
  345 344.5 39.4951 0.017142
  346 345.5 39.478 0.0171345
  347 346.5 39.4657 0.0171292
  348 347.5 39.4422 0.017119
  349 348.5 39.5211 0.0171532
  350 349.5 39.483 0.0171367
  351 350.5 39.4576 0.0171257
  352 351.5 39.5005 0.0171443
  353 352.5 39.4763 0.0171338
  354 353.5 39.4802 0.0171355
  355 354.5 39.4888 0.0171392
  356 355.5 39.5197 0.0171526
  357 356.5 39.4559 0.017125
  358 357.5 39.4944 0.0171417
  359 358.5 39.5046 0.0171461
  360 359.5 39.467 0.0171298
  361 360.5 39.4731 0.0171324
  362 361.5 39.4996 0.0171439
  363 362.5 39.5123 0.0171494
  364 363.5 39.4416 0.0171188
  365 364.5 39.5076 0.0171474
  366 365.5 39.5306 0.0171574
  367 366.5 39.4634 0.0171282
  368 367.5 39.4556 0.0171248
  369 368.5 39.4995 0.0171439
  370 369.5 39.5169 0.0171514
  371 370.5 39.4307 0.017114
  372 371.5 39.473 0.0171324
  373 372.5 39.5151 0.0171507
  374 373.5 39.4392 0.0171177
  375 374.5 39.4357 0.0171162
  376 375.5 39.4395 0.0171178
  377 376.5 39.4511 0.0171229
  378 377.5 39.3287 0.0170697
  379 378.5 39.3485 0.0170783
  380 379.5 39.2697 0.0170441
  381 380.5 39.1194 0.0169789
  382 381.5 38.886 0.0168776
  383 382.5 38.6479 0.0167743
  384 383.5 38.0683 0.0165227
  385 384.5 36.9745 0.016048
  386 385.5 35.1284 0.0152467
  387 386.5 31.7774 0.0137923
  388 387.5 26.3373 0.0114311
  389 388.5 19.2246 0.00834399
  390 389.5 12.0438 0.00522735
  391 390.5 6.48489 0.00281462
  392 391.5 3.0497 0.00132365
  393 392.5 1.34364 0.000583178
  394 393.5 0.59506 0.000258273
  395 394.5 0.297366 0.000129065
  396 395.5 0.18922 8.21267e-05
  397 396.5 0.140676 6.10573e-05
  398 397.5 0.122986 5.33793e-05
  399 398.5 0.1137 4.9349e-05
  400 399.5 0.108378 4.70391e-05
  401 400.5 0.101282 4.39592e-05
  402 401.5 0.096132 4.1724e-05
  403 402.5 0.093946 4.07752e-05
  404 403.5 0.090674 3.9355e-05
  405 404.5 0.088744 3.85174e-05
  406 405.5 0.088058 3.82196e-05
  407 406.5 0.091578 3.97474e-05
  408 407.5 0.092646 4.02109e-05
  409 408.5 0.0947 4.11024e-05
  410 409.5 0.09541 4.14106e-05
  411 410.5 0.094572 4.10469e-05
  412 411.5 0.095306 4.13655e-05
  413 412.5 0.09455 4.10373e-05
  414 413.5 0.09366 4.0651e-05
  415 414.5 0.091742 3.98186e-05
  416 415.5 0.092438 4.01207e-05
  417 416.5 0.089268 3.87448e-05
  418 417.5 0.087452 3.79566e-05
  419 418.5 0.088704 3.85e-05
  420 419.5 0.090508 3.9283e-05
  421 420.5 0.092722 4.02439e-05
  422 421.5 0.095862 4.16068e-05
  423 422.5 0.0955 4.14497e-05
  424 423.5 0.09575 4.15582e-05
  425 424.5 0.098968 4.29549e-05
  426 425.5 0.099828 4.33281e-05
  427 426.5 0.100144 4.34653e-05
  428 427.5 0.101632 4.41111e-05
  429 428.5 0.097934 4.25061e-05
  430 429.5 0.099986 4.33967e-05
  431 430.5 0.100972 4.38247e-05
  432 431.5 0.099558 4.32109e-05
  433 432.5 0.102352 4.44236e-05
  434 433.5 0.103848 4.50729e-05
  435 434.5 0.107354 4.65946e-05
  436 435.5 0.106458 4.62057e-05
  437 436.5 0.100842 4.37682e-05
  438 437.5 0.098404 4.27101e-05
  439 438.5 0.095032 4.12465e-05
  440 439.5 0.094544 4.10347e-05
  441 440.5 0.091914 3.98932e-05
  442 441.5 0.092524 4.0158e-05
  443 442.5 0.094074 4.08307e-05
  444 443.5 0.094824 4.11563e-05
  445 444.5 0.09686 4.20399e-05
  446 445.5 0.09332 4.05035e-05
  447 446.5 0.091742 3.98186e-05
  448 447.5 0.088228 3.82934e-05
  449 448.5 0.086638 3.76033e-05
  450 449.5 0.092888 4.0316e-05
  451 450.5 0.093044 4.03837e-05
  452 451.5 0.096142 4.17283e-05
  453 452.5 0.098448 4.27292e-05
  454 453.5 0.101914 4.42335e-05
  455 454.5 0.102552 4.45104e-05
  456 455.5 0.103428 4.48906e-05
  457 456.5 0.105366 4.57318e-05
  458 457.5 0.107064 4.64688e-05
  459 458.5 0.105378 4.5737e-05
  460 459.5 0.108526 4.71033e-05
  461 460.5 0.10926 4.74219e-05
  462 461.5 0.110756 4.80712e-05
  463 462.5 0.109692 4.76094e-05
  464 463.5 0.110066 4.77717e-05
  465 464.5 0.11417 4.9553e-05
  466 465.5 0.11523 5.0013e-05
  467 466.5 0.114412 4.9658e-05
  468 467.5 0.114042 4.94974e-05
  469 468.5 0.1121 4.86545e-05
  470 469.5 0.111068 4.82066e-05
  471 470.5 0.116034 5.0362e-05
  472 471.5 0.118658 5.15009e-05
  473 472.5 0.11612 5.03993e-05
  474 473.5 0.114866 4.9855e-05
  475 474.5 0.115882 5.0296e-05
  476 475.5 0.110868 4.81198e-05
  477 476.5 0.112 4.86111e-05
  478 477.5 0.115968 5.03333e-05
  479 478.5 0.114936 4.98854e-05
  480 479.5 0.114816 4.98333e-05
