# Chunk-averaged data for fix tensor2 and group c1
# Timestep Number-of-chunks Total-count
# Chunk Coord1 Ncount density/number
40000000 624 6014.999999999991
  1 0.5 12.0149 0.00521481
  2 1.5 12.4475 0.00540256
  3 2.5 12.8564 0.00558002
  4 3.5 13.3224 0.0057823
  5 4.5 13.7626 0.00597334
  6 5.5 14.1929 0.00616011
  7 6.5 14.6247 0.00634753
  8 7.5 15.0711 0.00654128
  9 8.5 15.5082 0.00673099
  10 9.5 15.9243 0.0069116
  11 10.5 16.328 0.0070868
  12 11.5 16.7256 0.00725938
  13 12.5 17.1198 0.00743049
  14 13.5 17.4974 0.00759435
  15 14.5 17.8583 0.00775102
  16 15.5 18.1873 0.00789378
  17 16.5 18.5074 0.00803274
  18 17.5 18.831 0.00817316
  19 18.5 19.1262 0.00830129
  20 19.5 19.4035 0.00842165
  21 20.5 19.6454 0.00852666
  22 21.5 19.8966 0.00863567
  23 22.5 20.0995 0.00872372
  24 23.5 20.2858 0.0088046
  25 24.5 20.4748 0.00888662
  26 25.5 20.6627 0.00896819
  27 26.5 20.8102 0.00903223
  28 27.5 20.951 0.00909331
  29 28.5 21.0874 0.00915252
  30 29.5 21.2013 0.00920194
  31 30.5 21.3133 0.00925058
  32 31.5 21.4102 0.00929261
  33 32.5 21.4949 0.00932939
  34 33.5 21.5575 0.00935653
  35 34.5 21.6237 0.00938529
  36 35.5 21.679 0.00940928
  37 36.5 21.7161 0.00942538
  38 37.5 21.7479 0.00943918
  39 38.5 21.7978 0.00946086
  40 39.5 21.8244 0.0094724
  41 40.5 21.8379 0.00947825
  42 41.5 21.8684 0.0094915
  43 42.5 21.9001 0.00950526
  44 43.5 21.9053 0.00950753
  45 44.5 21.936 0.00952084
  46 45.5 21.9692 0.00953524
  47 46.5 21.9881 0.00954346
  48 47.5 21.9765 0.0095384
  49 48.5 21.9762 0.00953829
  50 49.5 21.9832 0.00954131
  51 50.5 22.0275 0.00956053
  52 51.5 22.0202 0.00955736
  53 52.5 22.0076 0.0095519
  54 53.5 22.0098 0.00955288
  55 54.5 22.019 0.00955684
  56 55.5 22.0129 0.00955419
  57 56.5 22.0355 0.00956402
  58 57.5 22.0223 0.00955831
  59 58.5 22.0509 0.00957072
  60 59.5 22.0609 0.00957504
  61 60.5 22.0587 0.0095741
  62 61.5 22.0527 0.00957148
  63 62.5 22.0623 0.00957565
  64 63.5 22.0844 0.00958522
  65 64.5 22.079 0.00958289
  66 65.5 22.0865 0.00958615
  67 66.5 22.101 0.00959244
  68 67.5 22.1115 0.00959701
  69 68.5 22.1134 0.00959785
  70 69.5 22.1406 0.00960964
  71 70.5 22.1329 0.00960631
  72 71.5 22.1275 0.00960394
  73 72.5 22.1522 0.00961466
  74 73.5 22.1526 0.00961485
  75 74.5 22.1761 0.00962503
  76 75.5 22.1594 0.00961779
  77 76.5 22.165 0.00962024
  78 77.5 22.1637 0.00961968
  79 78.5 22.1622 0.009619
  80 79.5 22.1603 0.00961818
  81 80.5 22.1569 0.00961671
  82 81.5 22.1609 0.00961847
  83 82.5 22.1793 0.00962642
  84 83.5 22.1718 0.0096232
  85 84.5 22.1771 0.00962548
  86 85.5 22.1829 0.00962798
  87 86.5 22.192 0.00963193
  88 87.5 22.1824 0.00962779
  89 88.5 22.1767 0.00962532
  90 89.5 22.1693 0.00962209
  91 90.5 22.2053 0.0096377
  92 91.5 22.1814 0.00962734
  93 92.5 22.1701 0.00962244
  94 93.5 22.1687 0.00962183
  95 94.5 22.1811 0.00962719
  96 95.5 22.1884 0.0096304
  97 96.5 22.1581 0.00961724
  98 97.5 22.1599 0.00961803
  99 98.5 22.1475 0.00961262
  100 99.5 22.1451 0.00961159
  101 100.5 22.1625 0.00961912
  102 101.5 22.1294 0.00960478
  103 102.5 22.1328 0.00960625
  104 103.5 22.1189 0.0096002
  105 104.5 22.1088 0.00959581
  106 105.5 22.1259 0.00960327
  107 106.5 22.1066 0.00959488
  108 107.5 22.0872 0.00958646
  109 108.5 22.076 0.00958158
  110 109.5 22.0881 0.00958683
  111 110.5 22.074 0.00958071
  112 111.5 22.0759 0.00958157
  113 112.5 22.0572 0.00957343
  114 113.5 22.0667 0.00957755
  115 114.5 22.0539 0.00957199
  116 115.5 22.043 0.00956729
  117 116.5 22.0479 0.00956942
  118 117.5 22.0488 0.00956979
  119 118.5 22.0393 0.00956567
  120 119.5 22.0374 0.00956482
  121 120.5 22.0488 0.00956978
  122 121.5 22.0205 0.00955749
  123 122.5 22.0065 0.00955145
  124 123.5 22.0324 0.00956269
  125 124.5 22.0324 0.00956266
  126 125.5 22.0196 0.00955711
  127 126.5 22.0407 0.00956626
  128 127.5 22.0187 0.00955675
  129 128.5 22.0104 0.00955312
  130 129.5 22.0046 0.00955059
  131 130.5 22.0098 0.00955286
  132 131.5 21.9974 0.00954747
  133 132.5 22.0126 0.00955408
  134 133.5 21.9925 0.00954536
  135 134.5 21.9705 0.00953581
  136 135.5 21.9998 0.00954853
  137 136.5 21.9888 0.00954376
  138 137.5 21.9959 0.00954681
  139 138.5 21.9889 0.00954381
  140 139.5 21.9913 0.00954486
  141 140.5 21.999 0.00954816
  142 141.5 21.995 0.00954644
  143 142.5 22.0043 0.00955046
  144 143.5 22.0044 0.00955054
  145 144.5 22.009 0.00955253
  146 145.5 21.9946 0.00954625
  147 146.5 22.0012 0.00954913
  148 147.5 22.0234 0.00955878
  149 148.5 22.0177 0.00955629
  150 149.5 21.9967 0.00954719
  151 150.5 22 0.00954862
  152 151.5 22.0182 0.00955651
  153 152.5 22.0223 0.00955831
  154 153.5 21.9856 0.00954234
  155 154.5 22.0111 0.00955341
  156 155.5 22.0211 0.00955776
  157 156.5 22.0264 0.00956008
  158 157.5 22.0148 0.00955502
  159 158.5 22.0449 0.00956808
  160 159.5 22.0276 0.00956057
  161 160.5 22.0331 0.00956298
  162 161.5 22.0191 0.00955692
  163 162.5 22.0243 0.00955918
  164 163.5 22.0359 0.00956421
  165 164.5 22.0529 0.00957158
  166 165.5 22.0191 0.00955689
  167 166.5 22.0079 0.00955205
  168 167.5 22.0231 0.00955863
  169 168.5 22.0078 0.00955199
  170 169.5 22.0358 0.00956414
  171 170.5 22.0133 0.00955437
  172 171.5 22.0049 0.00955072
  173 172.5 22.0313 0.00956221
  174 173.5 22.0551 0.00957252
  175 174.5 22.0184 0.00955659
  176 175.5 22.0264 0.00956008
  177 176.5 22.0411 0.00956644
  178 177.5 22.0194 0.00955702
  179 178.5 22.0126 0.00955406
  180 179.5 21.9918 0.00954506
  181 180.5 21.9945 0.00954624
  182 181.5 21.9904 0.00954443
  183 182.5 21.9788 0.00953942
  184 183.5 21.942 0.00952343
  185 184.5 21.9542 0.00952873
  186 185.5 21.9382 0.00952178
  187 186.5 21.913 0.00951083
  188 187.5 21.8652 0.00949012
  189 188.5 21.8561 0.00948614
  190 189.5 21.8319 0.00947566
  191 190.5 21.7772 0.00945192
  192 191.5 21.7323 0.0094324
  193 192.5 21.6819 0.00941056
  194 193.5 21.6355 0.00939039
  195 194.5 21.5446 0.00935094
  196 195.5 21.4672 0.00931737
  197 196.5 21.3742 0.00927699
  198 197.5 21.2741 0.00923357
  199 198.5 21.1568 0.00918262
  200 199.5 21.0012 0.00911511
  201 200.5 20.847 0.00904819
  202 201.5 20.6547 0.00896471
  203 202.5 20.4415 0.00887217
  204 203.5 20.1689 0.00875385
  205 204.5 19.8091 0.00859769
  206 205.5 19.3809 0.00841186
  207 206.5 18.8212 0.00816892
  208 207.5 18.0582 0.00783777
  209 208.5 17.0801 0.00741324
  210 209.5 15.8071 0.00686074
  211 210.5 14.2309 0.00617659
  212 211.5 12.4064 0.00538474
  213 212.5 10.4058 0.0045164
  214 213.5 8.39844 0.00364515
  215 214.5 6.48457 0.00281448
  216 215.5 4.81393 0.00208938
  217 216.5 3.46005 0.00150176
  218 217.5 2.4412 0.00105955
  219 218.5 1.70315 0.000739215
  220 219.5 1.20348 0.000522343
  221 220.5 0.8768 0.000380556
  222 221.5 0.675349 0.00029312
  223 222.5 0.547198 0.000237499
  224 223.5 0.469892 0.000203946
  225 224.5 0.419295 0.000181986
  226 225.5 0.385435 0.000167289
  227 226.5 0.365723 0.000158734
  228 227.5 0.351836 0.000152707
  229 228.5 0.34115 0.000148069
  230 229.5 0.335782 0.000145739
  231 230.5 0.33542 0.000145582
  232 231.5 0.33775 0.000146593
  233 232.5 0.337508 0.000146488
  234 233.5 0.335258 0.000145511
  235 234.5 0.33436 0.000145122
  236 235.5 0.337932 0.000146672
  237 236.5 0.341129 0.000148059
  238 237.5 0.339438 0.000147326
  239 238.5 0.334205 0.000145054
  240 239.5 0.33542 0.000145582
  241 240.5 0.335132 0.000145457
  242 241.5 0.33475 0.000145291
  243 242.5 0.337057 0.000146292
  244 243.5 0.333862 0.000144905
  245 244.5 0.333701 0.000144836
  246 245.5 0.338111 0.00014675
  247 246.5 0.342342 0.000148586
  248 247.5 0.343271 0.000148989
  249 248.5 0.344457 0.000149504
  250 249.5 0.339949 0.000147547
  251 250.5 0.340755 0.000147897
  252 251.5 0.336773 0.000146169
  253 252.5 0.334426 0.00014515
  254 253.5 0.32623 0.000141593
  255 254.5 0.323434 0.000140379
  256 255.5 0.323146 0.000140254
  257 256.5 0.320647 0.00013917
  258 257.5 0.320525 0.000139117
  259 258.5 0.319001 0.000138455
  260 259.5 0.315527 0.000136947
  261 260.5 0.312761 0.000135747
  262 261.5 0.312452 0.000135613
  263 262.5 0.313692 0.000136151
  264 263.5 0.316199 0.000137239
  265 264.5 0.316743 0.000137475
  266 265.5 0.318918 0.000138419
  267 266.5 0.320841 0.000139254
  268 267.5 0.321833 0.000139684
  269 268.5 0.323885 0.000140575
  270 269.5 0.322206 0.000139846
  271 270.5 0.319999 0.000138888
  272 271.5 0.316352 0.000137306
  273 272.5 0.314049 0.000136306
  274 273.5 0.310928 0.000134951
  275 274.5 0.308302 0.000133812
  276 275.5 0.308834 0.000134043
  277 276.5 0.309696 0.000134417
  278 277.5 0.307811 0.000133599
  279 278.5 0.308399 0.000133854
  280 279.5 0.311732 0.0001353
  281 280.5 0.313195 0.000135935
  282 281.5 0.311652 0.000135266
  283 282.5 0.31492 0.000136684
  284 283.5 0.313344 0.000136
  285 284.5 0.313753 0.000136178
  286 285.5 0.312501 0.000135634
  287 286.5 0.317492 0.0001378
  288 287.5 0.317573 0.000137836
  289 288.5 0.317584 0.00013784
  290 289.5 0.320157 0.000138957
  291 290.5 0.3177 0.000137891
  292 291.5 0.315582 0.000136971
  293 292.5 0.314787 0.000136626
  294 293.5 0.312859 0.000135789
  295 294.5 0.311563 0.000135227
  296 295.5 0.310478 0.000134756
  297 296.5 0.311832 0.000135344
  298 297.5 0.311319 0.000135121
  299 298.5 0.318969 0.000138441
  300 299.5 0.321013 0.000139329
  301 300.5 0.31681 0.000137504
  302 301.5 0.317582 0.000137839
  303 302.5 0.317898 0.000137977
  304 303.5 0.323235 0.000140293
  305 304.5 0.323252 0.0001403
  306 305.5 0.323176 0.000140267
  307 306.5 0.32369 0.00014049
  308 307.5 0.327164 0.000141998
  309 308.5 0.327686 0.000142225
  310 309.5 0.329672 0.000143087
  311 310.5 0.331354 0.000143817
  312 311.5 0.332445 0.00014429
  313 312.5 0.332441 0.000144289
  314 313.5 0.333806 0.000144881
  315 314.5 0.331932 0.000144068
  316 315.5 0.333225 0.000144629
  317 316.5 0.334621 0.000145235
  318 317.5 0.336147 0.000145897
  319 318.5 0.335562 0.000145643
  320 319.5 0.339093 0.000147176
  321 320.5 0.337243 0.000146373
  322 321.5 0.336475 0.000146039
  323 322.5 0.334814 0.000145319
  324 323.5 0.328355 0.000142515
  325 324.5 0.325278 0.00014118
  326 325.5 0.324213 0.000140717
  327 326.5 0.325889 0.000141445
  328 327.5 0.324314 0.000140761
  329 328.5 0.325881 0.000141441
  330 329.5 0.331096 0.000143705
  331 330.5 0.333788 0.000144873
  332 331.5 0.334906 0.000145359
  333 332.5 0.333715 0.000144842
  334 333.5 0.332394 0.000144268
  335 334.5 0.330897 0.000143618
  336 335.5 0.338118 0.000146753
  337 336.5 0.339234 0.000147237
  338 337.5 0.342876 0.000148818
  339 338.5 0.341851 0.000148373
  340 339.5 0.339276 0.000147255
  341 340.5 0.339354 0.000147289
  342 341.5 0.341771 0.000148338
  343 342.5 0.341531 0.000148234
  344 343.5 0.343773 0.000149207
  345 344.5 0.342131 0.000148494
  346 345.5 0.343035 0.000148887
  347 346.5 0.344613 0.000149572
  348 347.5 0.346243 0.000150279
  349 348.5 0.342108 0.000148484
  350 349.5 0.339354 0.000147289
  351 350.5 0.341312 0.000148139
  352 351.5 0.340047 0.00014759
  353 352.5 0.337055 0.000146291
  354 353.5 0.337642 0.000146546
  355 354.5 0.340849 0.000147938
  356 355.5 0.341781 0.000148342
  357 356.5 0.339002 0.000147136
  358 357.5 0.344541 0.00014954
  359 358.5 0.344703 0.000149611
  360 359.5 0.344703 0.000149611
  361 360.5 0.343273 0.00014899
  362 361.5 0.345147 0.000149803
  363 362.5 0.346003 0.000150175
  364 363.5 0.347571 0.000150855
  365 364.5 0.340108 0.000147616
  366 365.5 0.338306 0.000146834
  367 366.5 0.339438 0.000147326
  368 367.5 0.338804 0.00014705
  369 368.5 0.340886 0.000147954
  370 369.5 0.339663 0.000147423
  371 370.5 0.338059 0.000146727
  372 371.5 0.334059 0.000144991
  373 372.5 0.332138 0.000144157
  374 373.5 0.326482 0.000141702
  375 374.5 0.324927 0.000141027
  376 375.5 0.326636 0.000141769
  377 376.5 0.326245 0.000141599
  378 377.5 0.322825 0.000140115
  379 378.5 0.321314 0.000139459
  380 379.5 0.321177 0.0001394
  381 380.5 0.317331 0.00013773
  382 381.5 0.31605 0.000137174
  383 382.5 0.31471 0.000136593
  384 383.5 0.312013 0.000135422
  385 384.5 0.311948 0.000135394
  386 385.5 0.315318 0.000136857
  387 386.5 0.310542 0.000134784
  388 387.5 0.307501 0.000133464
  389 388.5 0.308856 0.000134052
  390 389.5 0.309257 0.000134226
  391 390.5 0.31591 0.000137114
  392 391.5 0.317267 0.000137703
  393 392.5 0.317716 0.000137898
  394 393.5 0.311097 0.000135025
  395 394.5 0.309688 0.000134413
  396 395.5 0.313855 0.000136222
  397 396.5 0.315263 0.000136833
  398 397.5 0.315533 0.00013695
  399 398.5 0.31453 0.000136515
  400 399.5 0.311271 0.0001351
  401 400.5 0.311043 0.000135001
  402 401.5 0.309723 0.000134428
  403 402.5 0.312585 0.000135671
  404 403.5 0.315608 0.000136983
  405 404.5 0.318341 0.000138169
  406 405.5 0.319775 0.000138791
  407 406.5 0.327538 0.000142161
  408 407.5 0.337772 0.000146602
  409 408.5 0.346089 0.000150212
  410 409.5 0.358658 0.000155668
  411 410.5 0.379215 0.00016459
  412 411.5 0.40916 0.000177587
  413 412.5 0.4587 0.000199089
  414 413.5 0.540967 0.000234795
  415 414.5 0.66719 0.000289579
  416 415.5 0.876691 0.000380508
  417 416.5 1.20802 0.000524313
  418 417.5 1.69705 0.000736569
  419 418.5 2.40315 0.00104304
  420 419.5 3.37832 0.00146629
  421 420.5 4.60139 0.00199713
  422 421.5 6.03133 0.00261776
  423 422.5 7.61156 0.00330363
  424 423.5 9.13508 0.00396488
  425 424.5 10.5021 0.00455821
  426 425.5 11.6227 0.00504458
  427 426.5 12.4551 0.00540584
  428 427.5 12.9519 0.00562148
  429 428.5 13.1769 0.00571913
  430 429.5 13.2041 0.00573092
  431 430.5 13.0592 0.00566804
  432 431.5 12.8184 0.00556353
  433 432.5 12.5037 0.00542696
  434 433.5 12.1658 0.00528031
  435 434.5 11.8009 0.00512191
  436 435.5 11.4202 0.00495669
  437 436.5 11.0386 0.00479105
  438 437.5 10.6824 0.00463646
  439 438.5 10.3348 0.00448557
  440 439.5 10.0031 0.0043416
  441 440.5 9.68612 0.00420405
  442 441.5 9.39535 0.00407784
  443 442.5 9.11316 0.00395536
  444 443.5 8.85161 0.00384185
  445 444.5 8.60249 0.00373372
  446 445.5 8.37102 0.00363326
  447 446.5 8.15294 0.0035386
  448 447.5 7.9706 0.00345946
  449 448.5 7.77325 0.00337381
  450 449.5 7.61187 0.00330376
  451 450.5 7.45896 0.0032374
  452 451.5 7.31353 0.00317428
  453 452.5 7.17712 0.00311507
  454 453.5 7.07404 0.00307033
  455 454.5 6.9682 0.00302439
  456 455.5 6.85152 0.00297375
  457 456.5 6.75901 0.0029336
  458 457.5 6.68204 0.00290019
  459 458.5 6.60787 0.002868
  460 459.5 6.52154 0.00283053
  461 460.5 6.47161 0.00280886
  462 461.5 6.41138 0.00278272
  463 462.5 6.35416 0.00275788
  464 463.5 6.30861 0.00273811
  465 464.5 6.27131 0.00272192
  466 465.5 6.24621 0.00271103
  467 466.5 6.21973 0.00269954
  468 467.5 6.1824 0.00268333
  469 468.5 6.15977 0.00267351
  470 469.5 6.13347 0.0026621
  471 470.5 6.11102 0.00265235
  472 471.5 6.08625 0.0026416
  473 472.5 6.06307 0.00263154
  474 473.5 6.06315 0.00263158
  475 474.5 6.05165 0.00262658
  476 475.5 6.04434 0.00262341
  477 476.5 6.03266 0.00261834
  478 477.5 6.03098 0.00261761
  479 478.5 6.02923 0.00261685
  480 479.5 6.03115 0.00261768
  481 480.5 6.02317 0.00261422
  482 481.5 6.0172 0.00261163
  483 482.5 6.02702 0.00261589
  484 483.5 6.03604 0.00261981
  485 484.5 6.0267 0.00261576
  486 485.5 6.02463 0.00261486
  487 486.5 6.03149 0.00261784
  488 487.5 6.03599 0.00261979
  489 488.5 6.02985 0.00261712
  490 489.5 6.0342 0.00261901
  491 490.5 6.03305 0.00261851
  492 491.5 6.01777 0.00261188
  493 492.5 6.02159 0.00261354
  494 493.5 6.02274 0.00261404
  495 494.5 6.02281 0.00261407
  496 495.5 6.01461 0.00261051
  497 496.5 6.018 0.00261198
  498 497.5 6.01148 0.00260915
  499 498.5 6.00883 0.002608
  500 499.5 6.01574 0.002611
  501 500.5 6.00518 0.00260641
  502 501.5 5.99466 0.00260185
  503 502.5 5.98587 0.00259803
  504 503.5 5.99676 0.00260276
  505 504.5 6.00558 0.00260659
  506 505.5 5.99423 0.00260166
  507 506.5 5.98793 0.00259893
  508 507.5 5.98143 0.00259611
  509 508.5 5.97692 0.00259415
  510 509.5 5.9762 0.00259384
  511 510.5 5.96327 0.00258823
  512 511.5 5.96053 0.00258703
  513 512.5 5.9664 0.00258958
  514 513.5 5.97089 0.00259153
  515 514.5 5.95504 0.00258465
  516 515.5 5.94509 0.00258033
  517 516.5 5.95154 0.00258313
  518 517.5 5.96299 0.0025881
  519 518.5 5.96416 0.00258861
  520 519.5 5.9815 0.00259614
  521 520.5 5.98784 0.00259889
  522 521.5 5.99212 0.00260075
  523 522.5 5.99732 0.002603
  524 523.5 5.99904 0.00260375
  525 524.5 5.98555 0.0025979
  526 525.5 5.98117 0.00259599
  527 526.5 5.97563 0.00259359
  528 527.5 5.97736 0.00259434
  529 528.5 5.97463 0.00259316
  530 529.5 5.96848 0.00259049
  531 530.5 5.98232 0.00259649
  532 531.5 5.98927 0.00259951
  533 532.5 5.99057 0.00260007
  534 533.5 5.98119 0.002596
  535 534.5 5.99163 0.00260053
  536 535.5 5.99279 0.00260104
  537 536.5 5.99102 0.00260027
  538 537.5 5.99041 0.0026
  539 538.5 5.99634 0.00260258
  540 539.5 5.9999 0.00260413
  541 540.5 6.00237 0.0026052
  542 541.5 5.99724 0.00260297
  543 542.5 6.00375 0.0026058
  544 543.5 6.01559 0.00261093
  545 544.5 6.01247 0.00260958
  546 545.5 6.0067 0.00260707
  547 546.5 6.0062 0.00260686
  548 547.5 6.01681 0.00261146
  549 548.5 6.01606 0.00261114
  550 549.5 6.00763 0.00260748
  551 550.5 6.01448 0.00261045
  552 551.5 6.01541 0.00261086
  553 552.5 6.01138 0.00260911
  554 553.5 6.01666 0.0026114
  555 554.5 6.02201 0.00261372
  556 555.5 6.02318 0.00261423
  557 556.5 6.00612 0.00260682
  558 557.5 6.01215 0.00260944
  559 558.5 6.01061 0.00260877
  560 559.5 6.01926 0.00261253
  561 560.5 6.02352 0.00261438
  562 561.5 6.01844 0.00261217
  563 562.5 6.01923 0.00261251
  564 563.5 6.02895 0.00261673
  565 564.5 6.0224 0.00261389
  566 565.5 6.01351 0.00261003
  567 566.5 6.02959 0.00261701
  568 567.5 6.03542 0.00261954
  569 568.5 6.0308 0.00261754
  570 569.5 6.03009 0.00261722
  571 570.5 6.03051 0.00261741
  572 571.5 6.04338 0.00262299
  573 572.5 6.03839 0.00262083
  574 573.5 6.03045 0.00261738
  575 574.5 6.03149 0.00261783
  576 575.5 6.0275 0.0026161
  577 576.5 6.02968 0.00261705
  578 577.5 6.03393 0.00261889
  579 578.5 6.03545 0.00261955
  580 579.5 6.04332 0.00262297
  581 580.5 6.03313 0.00261855
  582 581.5 6.0388 0.00262101
  583 582.5 6.03113 0.00261768
  584 583.5 6.05067 0.00262616
  585 584.5 6.06286 0.00263145
  586 585.5 6.06822 0.00263378
  587 586.5 6.08809 0.0026424
  588 587.5 6.08771 0.00264224
  589 588.5 6.10449 0.00264952
  590 589.5 6.12436 0.00265814
  591 590.5 6.14754 0.0026682
  592 591.5 6.15949 0.00267339
  593 592.5 6.18386 0.00268397
  594 593.5 6.21385 0.00269698
  595 594.5 6.25511 0.00271489
  596 595.5 6.27023 0.00272146
  597 596.5 6.30832 0.00273799
  598 597.5 6.35549 0.00275846
  599 598.5 6.41454 0.00278409
  600 599.5 6.45978 0.00280372
  601 600.5 6.51898 0.00282942
  602 601.5 6.58429 0.00285776
  603 602.5 6.66735 0.00289381
  604 603.5 6.73127 0.00292156
  605 604.5 6.82793 0.00296351
  606 605.5 6.92503 0.00300566
  607 606.5 7.04988 0.00305984
  608 607.5 7.17312 0.00311333
  609 608.5 7.30929 0.00317243
  610 609.5 7.47835 0.00324581
  611 610.5 7.63851 0.00331533
  612 611.5 7.84822 0.00340635
  613 612.5 8.06523 0.00350053
  614 613.5 8.29706 0.00360116
  615 614.5 8.53093 0.00370266
  616 615.5 8.78947 0.00381488
  617 616.5 9.10478 0.00395173
  618 617.5 9.40257 0.00408098
  619 618.5 9.71858 0.00421813
  620 619.5 10.0646 0.00436831
  621 620.5 10.4356 0.00452932
  622 621.5 10.8053 0.00468979
  623 622.5 11.193 0.00485806
  624 623.5 11.5967 0.00503328
60000000 624 6014.999999999998
  1 0.5 13.5003 0.0058595
  2 1.5 13.9173 0.0060405
  3 2.5 14.3552 0.00623054
  4 3.5 14.775 0.00641275
  5 4.5 15.1978 0.00659626
  6 5.5 15.5956 0.00676891
  7 6.5 15.9899 0.00694008
  8 7.5 16.3971 0.00711681
  9 8.5 16.7895 0.0072871
  10 9.5 17.1512 0.00744411
  11 10.5 17.4913 0.00759171
  12 11.5 17.8239 0.00773605
  13 12.5 18.1515 0.00787824
  14 13.5 18.4577 0.00801114
  15 14.5 18.7514 0.00813863
  16 15.5 19.0087 0.00825032
  17 16.5 19.2892 0.00837203
  18 17.5 19.497 0.00846223
  19 18.5 19.7084 0.008554
  20 19.5 19.9222 0.00864678
  21 20.5 20.1173 0.00873146
  22 21.5 20.271 0.00879817
  23 22.5 20.4405 0.00887174
  24 23.5 20.5939 0.00893832
  25 24.5 20.7174 0.00899195
  26 25.5 20.834 0.00904254
  27 26.5 20.933 0.0090855
  28 27.5 21.0508 0.00913664
  29 28.5 21.1092 0.00916198
  30 29.5 21.1839 0.00919439
  31 30.5 21.2695 0.00923156
  32 31.5 21.325 0.00925566
  33 32.5 21.3803 0.00927966
  34 33.5 21.4251 0.0092991
  35 34.5 21.468 0.00931773
  36 35.5 21.5055 0.00933398
  37 36.5 21.5481 0.00935246
  38 37.5 21.5806 0.00936659
  39 38.5 21.6132 0.00938072
  40 39.5 21.6257 0.00938614
  41 40.5 21.6525 0.00939781
  42 41.5 21.6706 0.00940563
  43 42.5 21.6925 0.00941514
  44 43.5 21.7156 0.00942515
  45 44.5 21.7239 0.00942876
  46 45.5 21.7414 0.00943635
  47 46.5 21.7597 0.0094443
  48 47.5 21.7777 0.00945214
  49 48.5 21.7668 0.0094474
  50 49.5 21.7906 0.00945773
  51 50.5 21.791 0.00945791
  52 51.5 21.7933 0.00945891
  53 52.5 21.7933 0.00945889
  54 53.5 21.822 0.00947134
  55 54.5 21.8256 0.00947293
  56 55.5 21.8349 0.00947697
  57 56.5 21.8492 0.00948316
  58 57.5 21.8694 0.00949193
  59 58.5 21.8657 0.00949033
  60 59.5 21.8936 0.00950241
  61 60.5 21.8786 0.00949593
  62 61.5 21.8921 0.00950179
  63 62.5 21.9256 0.00951633
  64 63.5 21.9291 0.00951784
  65 64.5 21.9369 0.00952121
  66 65.5 21.9571 0.00953
  67 66.5 21.9826 0.00954106
  68 67.5 21.9862 0.00954263
  69 68.5 21.9984 0.00954791
  70 69.5 22.011 0.00955337
  71 70.5 22.0224 0.00955834
  72 71.5 22.0224 0.00955834
  73 72.5 22.0444 0.00956788
  74 73.5 22.0427 0.00956714
  75 74.5 22.0836 0.00958491
  76 75.5 22.067 0.0095777
  77 76.5 22.0469 0.00956895
  78 77.5 22.0483 0.00956957
  79 78.5 22.0548 0.00957239
  80 79.5 22.0624 0.00957568
  81 80.5 22.0656 0.00957707
  82 81.5 22.0665 0.00957748
  83 82.5 22.075 0.00958118
  84 83.5 22.0872 0.00958647
  85 84.5 22.0816 0.00958403
  86 85.5 22.0809 0.00958373
  87 86.5 22.0983 0.00959129
  88 87.5 22.1109 0.00959675
  89 88.5 22.1014 0.0095926
  90 89.5 22.0944 0.00958957
  91 90.5 22.0897 0.00958755
  92 91.5 22.1072 0.00959514
  93 92.5 22.0924 0.00958871
  94 93.5 22.1003 0.00959216
  95 94.5 22.127 0.00960373
  96 95.5 22.1295 0.00960483
  97 96.5 22.1173 0.00959954
  98 97.5 22.1082 0.00959558
  99 98.5 22.1254 0.00960305
  100 99.5 22.1237 0.00960228
  101 100.5 22.1198 0.00960062
  102 101.5 22.1113 0.00959692
  103 102.5 22.12 0.00960072
  104 103.5 22.0883 0.00958695
  105 104.5 22.1018 0.0095928
  106 105.5 22.1012 0.00959253
  107 106.5 22.0936 0.00958925
  108 107.5 22.0584 0.00957398
  109 108.5 22.0615 0.00957532
  110 109.5 22.0681 0.00957816
  111 110.5 22.0702 0.00957907
  112 111.5 22.0289 0.00956115
  113 112.5 22.052 0.00957117
  114 113.5 22.0582 0.00957385
  115 114.5 22.0308 0.00956199
  116 115.5 22.0221 0.00955822
  117 116.5 22.0581 0.00957385
  118 117.5 22.0546 0.00957233
  119 118.5 22.0359 0.0095642
  120 119.5 22.0293 0.00956131
  121 120.5 22.0405 0.00956618
  122 121.5 22.032 0.0095625
  123 122.5 22.023 0.00955859
  124 123.5 22.0233 0.00955874
  125 124.5 22.0263 0.00956004
  126 125.5 22.0141 0.00955472
  127 126.5 22.0017 0.00954936
  128 127.5 22.0125 0.00955402
  129 128.5 22.0368 0.0095646
  130 129.5 22.0213 0.00955786
  131 130.5 22.0089 0.00955248
  132 131.5 22.0247 0.00955931
  133 132.5 22.0408 0.00956631
  134 133.5 22.0227 0.00955846
  135 134.5 22.0285 0.00956099
  136 135.5 22.0513 0.00957089
  137 136.5 22.0352 0.00956387
  138 137.5 22.0225 0.00955839
  139 138.5 22.0315 0.0095623
  140 139.5 22.0454 0.00956833
  141 140.5 22.029 0.00956118
  142 141.5 22.0033 0.00955005
  143 142.5 22.0207 0.00955758
  144 143.5 22.005 0.00955077
  145 144.5 22.0024 0.00954966
  146 145.5 22.0053 0.0095509
  147 146.5 22.0216 0.00955798
  148 147.5 22.0033 0.00955004
  149 148.5 22.0078 0.00955201
  150 149.5 22.028 0.00956077
  151 150.5 22.0112 0.00955349
  152 151.5 22.0005 0.00954883
  153 152.5 21.9999 0.00954857
  154 153.5 22.0221 0.0095582
  155 154.5 22.0258 0.00955979
  156 155.5 22.0027 0.00954979
  157 156.5 22.0071 0.00955169
  158 157.5 22.0271 0.00956037
  159 158.5 22.0167 0.00955585
  160 159.5 22.0113 0.00955351
  161 160.5 22.0114 0.00955355
  162 161.5 22.0212 0.00955782
  163 162.5 21.9955 0.00954667
  164 163.5 21.9957 0.00954673
  165 164.5 21.9835 0.00954144
  166 165.5 21.9651 0.00953345
  167 166.5 21.9532 0.00952832
  168 167.5 21.9537 0.0095285
  169 168.5 21.948 0.00952605
  170 169.5 21.9409 0.00952297
  171 170.5 21.9571 0.00953001
  172 171.5 21.939 0.00952213
  173 172.5 21.9229 0.00951516
  174 173.5 21.9296 0.00951807
  175 174.5 21.9351 0.00952046
  176 175.5 21.9207 0.00951418
  177 176.5 21.8926 0.00950198
  178 177.5 21.8967 0.00950379
  179 178.5 21.9028 0.00950641
  180 179.5 21.8808 0.00949687
  181 180.5 21.837 0.00947788
  182 181.5 21.8339 0.00947652
  183 182.5 21.8199 0.00947046
  184 183.5 21.7945 0.00945941
  185 184.5 21.7706 0.00944902
  186 185.5 21.7429 0.00943702
  187 186.5 21.7198 0.00942701
  188 187.5 21.6646 0.00940305
  189 188.5 21.6427 0.00939354
  190 189.5 21.5818 0.00936708
  191 190.5 21.5303 0.00934477
  192 191.5 21.4665 0.00931707
  193 192.5 21.3891 0.00928345
  194 193.5 21.2976 0.00924374
  195 194.5 21.2344 0.00921634
  196 195.5 21.1301 0.00917103
  197 196.5 21.0125 0.00912
  198 197.5 20.9143 0.00907737
  199 198.5 20.7608 0.00901075
  200 199.5 20.5848 0.00893438
  201 200.5 20.4007 0.00885448
  202 201.5 20.1674 0.00875321
  203 202.5 19.8673 0.00862294
  204 203.5 19.4994 0.00846329
  205 204.5 19.0007 0.00824681
  206 205.5 18.3622 0.00796971
  207 206.5 17.5161 0.0076025
  208 207.5 16.3846 0.00711137
  209 208.5 14.9784 0.00650105
  210 209.5 13.3154 0.00577926
  211 210.5 11.4104 0.00495243
  212 211.5 9.40328 0.00408128
  213 212.5 7.44741 0.00323238
  214 213.5 5.66914 0.00246057
  215 214.5 4.18089 0.00181462
  216 215.5 3.01132 0.00130699
  217 216.5 2.1271 0.00092322
  218 217.5 1.49938 0.000650773
  219 218.5 1.07372 0.000466024
  220 219.5 0.792721 0.000344063
  221 220.5 0.618251 0.000268338
  222 221.5 0.503837 0.000218679
  223 222.5 0.427338 0.000185477
  224 223.5 0.389147 0.000168901
  225 224.5 0.362177 0.000157195
  226 225.5 0.346582 0.000150426
  227 226.5 0.335859 0.000145772
  228 227.5 0.322188 0.000139839
  229 228.5 0.313089 0.000135889
  230 229.5 0.311611 0.000135248
  231 230.5 0.311624 0.000135253
  232 231.5 0.311375 0.000135145
  233 232.5 0.311551 0.000135222
  234 233.5 0.309454 0.000134312
  235 234.5 0.303205 0.000131599
  236 235.5 0.304221 0.00013204
  237 236.5 0.303693 0.000131811
  238 237.5 0.303211 0.000131602
  239 238.5 0.302748 0.000131401
  240 239.5 0.302079 0.000131111
  241 240.5 0.303707 0.000131817
  242 241.5 0.305135 0.000132437
  243 242.5 0.304042 0.000131963
  244 243.5 0.301361 0.000130799
  245 244.5 0.301543 0.000130878
  246 245.5 0.301957 0.000131058
  247 246.5 0.302963 0.000131494
  248 247.5 0.303569 0.000131757
  249 248.5 0.301466 0.000130845
  250 249.5 0.301513 0.000130865
  251 250.5 0.301238 0.000130746
  252 251.5 0.29991 0.000130169
  253 252.5 0.301207 0.000130732
  254 253.5 0.300431 0.000130395
  255 254.5 0.300812 0.000130561
  256 255.5 0.300701 0.000130513
  257 256.5 0.302141 0.000131138
  258 257.5 0.302765 0.000131408
  259 258.5 0.302344 0.000131226
  260 259.5 0.300214 0.000130301
  261 260.5 0.304559 0.000132187
  262 261.5 0.302702 0.000131381
  263 262.5 0.302469 0.00013128
  264 263.5 0.307566 0.000133492
  265 264.5 0.308745 0.000134004
  266 265.5 0.309228 0.000134214
  267 266.5 0.30985 0.000134484
  268 267.5 0.309781 0.000134454
  269 268.5 0.312056 0.000135441
  270 269.5 0.315164 0.00013679
  271 270.5 0.316631 0.000137427
  272 271.5 0.321974 0.000139746
  273 272.5 0.322036 0.000139773
  274 273.5 0.322874 0.000140136
  275 274.5 0.318328 0.000138163
  276 275.5 0.314905 0.000136678
  277 276.5 0.313737 0.000136171
  278 277.5 0.312179 0.000135494
  279 278.5 0.314176 0.000136361
  280 279.5 0.317265 0.000137702
  281 280.5 0.319533 0.000138686
  282 281.5 0.323516 0.000140415
  283 282.5 0.324427 0.00014081
  284 283.5 0.32683 0.000141853
  285 284.5 0.324933 0.00014103
  286 285.5 0.323775 0.000140527
  287 286.5 0.321656 0.000139608
  288 287.5 0.315965 0.000137138
  289 288.5 0.319624 0.000138726
  290 289.5 0.321579 0.000139574
  291 290.5 0.322574 0.000140006
  292 291.5 0.324513 0.000140848
  293 292.5 0.326844 0.000141859
  294 293.5 0.325837 0.000141422
  295 294.5 0.322073 0.000139789
  296 295.5 0.320794 0.000139234
  297 296.5 0.322656 0.000140042
  298 297.5 0.322212 0.000139849
  299 298.5 0.319274 0.000138574
  300 299.5 0.319235 0.000138557
  301 300.5 0.318682 0.000138317
  302 301.5 0.319897 0.000138844
  303 302.5 0.322937 0.000140164
  304 303.5 0.325918 0.000141457
  305 304.5 0.32748 0.000142135
  306 305.5 0.328169 0.000142434
  307 306.5 0.325959 0.000141475
  308 307.5 0.323155 0.000140258
  309 308.5 0.324653 0.000140908
  310 309.5 0.325482 0.000141268
  311 310.5 0.327453 0.000142124
  312 311.5 0.326801 0.000141841
  313 312.5 0.33136 0.000143819
  314 313.5 0.333396 0.000144703
  315 314.5 0.337297 0.000146396
  316 315.5 0.336152 0.000145899
  317 316.5 0.336669 0.000146124
  318 317.5 0.333889 0.000144917
  319 318.5 0.331279 0.000143784
  320 319.5 0.332085 0.000144134
  321 320.5 0.329293 0.000142922
  322 321.5 0.326672 0.000141785
  323 322.5 0.324818 0.00014098
  324 323.5 0.324753 0.000140952
  325 324.5 0.324959 0.000141041
  326 325.5 0.326592 0.00014175
  327 326.5 0.325103 0.000141104
  328 327.5 0.32765 0.000142209
  329 328.5 0.319793 0.000138799
  330 329.5 0.320096 0.000138931
  331 330.5 0.317336 0.000137733
  332 331.5 0.316307 0.000137286
  333 332.5 0.320183 0.000138968
  334 333.5 0.32476 0.000140955
  335 334.5 0.328793 0.000142705
  336 335.5 0.330454 0.000143426
  337 336.5 0.326987 0.000141921
  338 337.5 0.32299 0.000140187
  339 338.5 0.326973 0.000141915
  340 339.5 0.325811 0.000141411
  341 340.5 0.324542 0.00014086
  342 341.5 0.320922 0.000139289
  343 342.5 0.320533 0.00013912
  344 343.5 0.324929 0.000141028
  345 344.5 0.324445 0.000140818
  346 345.5 0.32734 0.000142075
  347 346.5 0.328718 0.000142673
  348 347.5 0.326996 0.000141925
  349 348.5 0.330049 0.00014325
  350 349.5 0.329232 0.000142896
  351 350.5 0.326201 0.00014158
  352 351.5 0.322873 0.000140136
  353 352.5 0.320711 0.000139197
  354 353.5 0.321186 0.000139404
  355 354.5 0.322039 0.000139774
  356 355.5 0.323193 0.000140275
  357 356.5 0.323564 0.000140436
  358 357.5 0.320393 0.000139059
  359 358.5 0.320208 0.000138979
  360 359.5 0.317261 0.0001377
  361 360.5 0.314577 0.000136535
  362 361.5 0.310788 0.000134891
  363 362.5 0.310061 0.000134575
  364 363.5 0.309717 0.000134426
  365 364.5 0.310967 0.000134968
  366 365.5 0.314834 0.000136647
  367 366.5 0.314332 0.000136429
  368 367.5 0.317089 0.000137625
  369 368.5 0.314174 0.00013636
  370 369.5 0.311668 0.000135273
  371 370.5 0.314378 0.000136449
  372 371.5 0.313159 0.00013592
  373 372.5 0.314677 0.000136579
  374 373.5 0.313371 0.000136012
  375 374.5 0.311072 0.000135014
  376 375.5 0.31091 0.000134944
  377 376.5 0.310406 0.000134725
  378 377.5 0.307992 0.000133677
  379 378.5 0.307604 0.000133509
  380 379.5 0.308369 0.000133841
  381 380.5 0.304941 0.000132353
  382 381.5 0.307017 0.000133254
  383 382.5 0.304979 0.000132369
  384 383.5 0.304075 0.000131977
  385 384.5 0.303208 0.000131601
  386 385.5 0.300788 0.00013055
  387 386.5 0.299816 0.000130128
  388 387.5 0.296727 0.000128788
  389 388.5 0.296072 0.000128503
  390 389.5 0.294819 0.00012796
  391 390.5 0.297773 0.000129242
  392 391.5 0.29894 0.000129748
  393 392.5 0.299355 0.000129928
  394 393.5 0.30204 0.000131094
  395 394.5 0.301359 0.000130798
  396 395.5 0.302557 0.000131318
  397 396.5 0.306954 0.000133227
  398 397.5 0.306192 0.000132896
  399 398.5 0.307227 0.000133345
  400 399.5 0.308126 0.000133735
  401 400.5 0.308116 0.000133731
  402 401.5 0.3103 0.000134679
  403 402.5 0.314172 0.000136359
  404 403.5 0.314507 0.000136505
  405 404.5 0.318729 0.000138337
  406 405.5 0.324814 0.000140978
  407 406.5 0.335872 0.000145778
  408 407.5 0.349447 0.00015167
  409 408.5 0.369418 0.000160338
  410 409.5 0.393363 0.00017073
  411 410.5 0.438607 0.000190368
  412 411.5 0.517844 0.000224759
  413 412.5 0.637554 0.000276716
  414 413.5 0.829779 0.000360147
  415 414.5 1.12435 0.000488001
  416 415.5 1.5635 0.000678605
  417 416.5 2.20733 0.000958044
  418 417.5 3.09423 0.00134298
  419 418.5 4.2149 0.00182938
  420 419.5 5.54234 0.00240553
  421 420.5 7.00215 0.00303913
  422 421.5 8.44829 0.00366679
  423 422.5 9.76099 0.00423654
  424 423.5 10.8618 0.00471431
  425 424.5 11.6782 0.00506867
  426 425.5 12.1809 0.00528687
  427 426.5 12.4463 0.00540204
  428 427.5 12.5079 0.00542879
  429 428.5 12.3983 0.00538122
  430 429.5 12.145 0.00527129
  431 430.5 11.8538 0.00514489
  432 431.5 11.5068 0.00499428
  433 432.5 11.1432 0.00483646
  434 433.5 10.7847 0.00468086
  435 434.5 10.4263 0.0045253
  436 435.5 10.1019 0.00438452
  437 436.5 9.77178 0.00424122
  438 437.5 9.46481 0.00410799
  439 438.5 9.17891 0.0039839
  440 439.5 8.896 0.00386111
  441 440.5 8.65929 0.00375837
  442 441.5 8.41631 0.00365291
  443 442.5 8.21093 0.00356377
  444 443.5 8.01824 0.00348014
  445 444.5 7.83722 0.00340157
  446 445.5 7.67468 0.00333103
  447 446.5 7.52797 0.00326735
  448 447.5 7.37387 0.00320047
  449 448.5 7.25922 0.0031507
  450 449.5 7.15654 0.00310614
  451 450.5 7.04753 0.00305882
  452 451.5 6.95001 0.0030165
  453 452.5 6.85604 0.00297571
  454 453.5 6.77525 0.00294065
  455 454.5 6.71715 0.00291543
  456 455.5 6.65257 0.0028874
  457 456.5 6.58894 0.00285978
  458 457.5 6.53734 0.00283739
  459 458.5 6.49837 0.00282047
  460 459.5 6.46248 0.0028049
  461 460.5 6.42445 0.00278839
  462 461.5 6.38605 0.00277172
  463 462.5 6.34764 0.00275505
  464 463.5 6.33482 0.00274949
  465 464.5 6.30738 0.00273758
  466 465.5 6.27707 0.00272442
  467 466.5 6.25491 0.00271481
  468 467.5 6.23376 0.00270562
  469 468.5 6.2198 0.00269957
  470 469.5 6.20513 0.0026932
  471 470.5 6.19671 0.00268955
  472 471.5 6.20101 0.00269141
  473 472.5 6.18568 0.00268476
  474 473.5 6.16559 0.00267604
  475 474.5 6.15529 0.00267157
  476 475.5 6.142 0.0026658
  477 476.5 6.13375 0.00266222
  478 477.5 6.12781 0.00265964
  479 478.5 6.11657 0.00265476
  480 479.5 6.11592 0.00265448
  481 480.5 6.10001 0.00264758
  482 481.5 6.08673 0.00264181
  483 482.5 6.09071 0.00264354
  484 483.5 6.0858 0.00264141
  485 484.5 6.08035 0.00263904
  486 485.5 6.07275 0.00263574
  487 486.5 6.05763 0.00262918
  488 487.5 6.06227 0.00263119
  489 488.5 6.07775 0.00263791
  490 489.5 6.07006 0.00263457
  491 490.5 6.0358 0.0026197
  492 491.5 6.04519 0.00262378
  493 492.5 6.05 0.00262587
  494 493.5 6.04608 0.00262417
  495 494.5 6.04184 0.00262233
  496 495.5 6.05044 0.00262606
  497 496.5 6.05909 0.00262981
  498 497.5 6.05936 0.00262993
  499 498.5 6.05835 0.00262949
  500 499.5 6.05941 0.00262995
  501 500.5 6.07026 0.00263466
  502 501.5 6.07553 0.00263695
  503 502.5 6.07782 0.00263794
  504 503.5 6.09538 0.00264556
  505 504.5 6.0931 0.00264458
  506 505.5 6.10259 0.0026487
  507 506.5 6.10216 0.00264851
  508 507.5 6.0999 0.00264753
  509 508.5 6.09256 0.00264434
  510 509.5 6.07951 0.00263867
  511 510.5 6.08069 0.00263919
  512 511.5 6.07672 0.00263746
  513 512.5 6.07426 0.0026364
  514 513.5 6.0741 0.00263633
  515 514.5 6.07196 0.0026354
  516 515.5 6.06381 0.00263186
  517 516.5 6.06064 0.00263049
  518 517.5 6.05974 0.0026301
  519 518.5 6.05937 0.00262993
  520 519.5 6.05404 0.00262762
  521 520.5 6.06513 0.00263244
  522 521.5 6.06443 0.00263213
  523 522.5 6.0655 0.00263259
  524 523.5 6.06663 0.00263309
  525 524.5 6.0644 0.00263212
  526 525.5 6.06529 0.00263251
  527 526.5 6.08333 0.00264033
  528 527.5 6.07885 0.00263839
  529 528.5 6.06877 0.00263401
  530 529.5 6.0685 0.0026339
  531 530.5 6.07862 0.00263829
  532 531.5 6.07011 0.0026346
  533 532.5 6.07881 0.00263837
  534 533.5 6.08959 0.00264305
  535 534.5 6.08685 0.00264186
  536 535.5 6.08621 0.00264159
  537 536.5 6.07225 0.00263553
  538 537.5 6.07106 0.00263501
  539 538.5 6.07242 0.0026356
  540 539.5 6.06852 0.0026339
  541 540.5 6.06412 0.002632
  542 541.5 6.06133 0.00263079
  543 542.5 6.06404 0.00263196
  544 543.5 6.05203 0.00262675
  545 544.5 6.05593 0.00262844
  546 545.5 6.04635 0.00262428
  547 546.5 6.0315 0.00261784
  548 547.5 6.01485 0.00261061
  549 548.5 6.01875 0.0026123
  550 549.5 6.01189 0.00260933
  551 550.5 6.00579 0.00260668
  552 551.5 6.00625 0.00260688
  553 552.5 6.01501 0.00261068
  554 553.5 6.0047 0.0026062
  555 554.5 5.99317 0.0026012
  556 555.5 5.9858 0.002598
  557 556.5 5.99746 0.00260306
  558 557.5 5.99756 0.00260311
  559 558.5 5.98688 0.00259847
  560 559.5 5.9895 0.00259961
  561 560.5 5.9784 0.00259479
  562 561.5 5.97681 0.0025941
  563 562.5 5.97837 0.00259478
  564 563.5 5.98297 0.00259677
  565 564.5 5.98893 0.00259936
  566 565.5 5.98783 0.00259888
  567 566.5 5.99953 0.00260396
  568 567.5 6.01633 0.00261126
  569 568.5 6.01278 0.00260971
  570 569.5 6.00853 0.00260787
  571 570.5 6.01542 0.00261086
  572 571.5 6.02668 0.00261575
  573 572.5 6.02914 0.00261681
  574 573.5 6.04128 0.00262208
  575 574.5 6.04527 0.00262382
  576 575.5 6.04807 0.00262503
  577 576.5 6.04892 0.0026254
  578 577.5 6.05659 0.00262873
  579 578.5 6.06619 0.00263289
  580 579.5 6.07684 0.00263752
  581 580.5 6.07817 0.00263809
  582 581.5 6.08821 0.00264245
  583 582.5 6.09292 0.0026445
  584 583.5 6.11223 0.00265288
  585 584.5 6.11908 0.00265585
  586 585.5 6.13959 0.00266475
  587 586.5 6.1658 0.00267613
  588 587.5 6.1883 0.00268589
  589 588.5 6.20722 0.00269411
  590 589.5 6.23527 0.00270628
  591 590.5 6.2622 0.00271797
  592 591.5 6.29174 0.00273079
  593 592.5 6.33129 0.00274796
  594 593.5 6.3755 0.00276714
  595 594.5 6.4121 0.00278303
  596 595.5 6.45587 0.00280203
  597 596.5 6.51926 0.00282954
  598 597.5 6.58445 0.00285783
  599 598.5 6.66877 0.00289443
  600 599.5 6.75285 0.00293093
  601 600.5 6.86153 0.0029781
  602 601.5 6.95645 0.00301929
  603 602.5 7.07756 0.00307186
  604 603.5 7.21322 0.00313074
  605 604.5 7.35548 0.00319248
  606 605.5 7.51507 0.00326175
  607 606.5 7.67673 0.00333192
  608 607.5 7.8614 0.00341207
  609 608.5 8.05639 0.0034967
  610 609.5 8.26691 0.00358807
  611 610.5 8.4981 0.00368841
  612 611.5 8.76056 0.00380232
  613 612.5 9.0322 0.00392023
  614 613.5 9.31551 0.00404319
  615 614.5 9.62991 0.00417965
  616 615.5 9.94626 0.00431695
  617 616.5 10.2955 0.00446852
  618 617.5 10.6512 0.00462291
  619 618.5 11.0073 0.00477747
  620 619.5 11.4054 0.00495026
  621 620.5 11.8273 0.00513336
  622 621.5 12.2292 0.00530783
  623 622.5 12.6392 0.00548575
  624 623.5 13.0558 0.00566659
80000000 624 6014.9999999999945
  1 0.5 16.0549 0.00696826
  2 1.5 16.4672 0.00714723
  3 2.5 16.8854 0.00732872
  4 3.5 17.2823 0.007501
  5 4.5 17.6262 0.00765027
  6 5.5 18.0034 0.00781398
  7 6.5 18.3533 0.00796584
  8 7.5 18.6772 0.00810642
  9 8.5 18.9856 0.00824028
  10 9.5 19.2762 0.0083664
  11 10.5 19.5522 0.0084862
  12 11.5 19.8138 0.00859974
  13 12.5 20.0511 0.00870273
  14 13.5 20.2322 0.00878134
  15 14.5 20.4448 0.0088736
  16 15.5 20.648 0.00896181
  17 16.5 20.8137 0.00903373
  18 17.5 20.961 0.00909767
  19 18.5 21.0787 0.00914872
  20 19.5 21.1935 0.00919855
  21 20.5 21.3053 0.00924709
  22 21.5 21.3916 0.00928453
  23 22.5 21.4786 0.00932231
  24 23.5 21.5333 0.00934606
  25 24.5 21.5871 0.00936938
  26 25.5 21.6647 0.00940308
  27 26.5 21.6809 0.0094101
  28 27.5 21.7165 0.00942555
  29 28.5 21.7851 0.00945534
  30 29.5 21.7828 0.00945434
  31 30.5 21.808 0.00946529
  32 31.5 21.832 0.00947567
  33 32.5 21.8659 0.0094904
  34 33.5 21.8598 0.00948774
  35 34.5 21.8525 0.00948458
  36 35.5 21.8883 0.00950012
  37 36.5 21.9086 0.00950894
  38 37.5 21.9218 0.00951467
  39 38.5 21.9229 0.00951516
  40 39.5 21.9437 0.00952419
  41 40.5 21.9509 0.00952731
  42 41.5 21.9313 0.0095188
  43 42.5 21.9509 0.00952728
  44 43.5 21.9632 0.00953265
  45 44.5 21.9605 0.00953148
  46 45.5 21.9603 0.00953139
  47 46.5 21.9593 0.00953094
  48 47.5 21.9752 0.00953784
  49 48.5 21.9738 0.00953723
  50 49.5 21.959 0.0095308
  51 50.5 21.9782 0.00953917
  52 51.5 21.9863 0.00954266
  53 52.5 21.955 0.00952909
  54 53.5 21.957 0.00952993
  55 54.5 21.9977 0.00954762
  56 55.5 21.9581 0.00953044
  57 56.5 21.9614 0.00953184
  58 57.5 21.9656 0.00953368
  59 58.5 22.0007 0.00954892
  60 59.5 21.9522 0.00952785
  61 60.5 21.9654 0.0095336
  62 61.5 21.9685 0.00953492
  63 62.5 21.983 0.00954125
  64 63.5 21.9541 0.0095287
  65 64.5 21.948 0.00952602
  66 65.5 21.9592 0.00953089
  67 66.5 21.9574 0.00953012
  68 67.5 21.9528 0.00952811
  69 68.5 21.9398 0.00952247
  70 69.5 21.9462 0.00952527
  71 70.5 21.945 0.00952473
  72 71.5 21.9441 0.00952437
  73 72.5 21.9535 0.00952841
  74 73.5 21.9514 0.00952751
  75 74.5 21.9442 0.00952438
  76 75.5 21.9402 0.00952265
  77 76.5 21.9475 0.0095258
  78 77.5 21.9305 0.00951846
  79 78.5 21.9327 0.00951942
  80 79.5 21.9246 0.0095159
  81 80.5 21.917 0.0095126
  82 81.5 21.9257 0.00951638
  83 82.5 21.9383 0.00952185
  84 83.5 21.9186 0.00951329
  85 84.5 21.9187 0.00951334
  86 85.5 21.9102 0.00950962
  87 86.5 21.9092 0.0095092
  88 87.5 21.9055 0.0095076
  89 88.5 21.891 0.0095013
  90 89.5 21.8817 0.00949725
  91 90.5 21.8835 0.00949804
  92 91.5 21.887 0.00949957
  93 92.5 21.8927 0.00950206
  94 93.5 21.8777 0.00949554
  95 94.5 21.8791 0.00949613
  96 95.5 21.8758 0.0094947
  97 96.5 21.8667 0.00949077
  98 97.5 21.8434 0.00948064
  99 98.5 21.8416 0.00947987
  100 99.5 21.8331 0.00947615
  101 100.5 21.8276 0.00947378
  102 101.5 21.8287 0.00947427
  103 102.5 21.8104 0.00946631
  104 103.5 21.7874 0.00945633
  105 104.5 21.7811 0.0094536
  106 105.5 21.7711 0.00944926
  107 106.5 21.7615 0.00944508
  108 107.5 21.7491 0.00943973
  109 108.5 21.7388 0.00943523
  110 109.5 21.7157 0.00942523
  111 110.5 21.7094 0.00942249
  112 111.5 21.7252 0.00942933
  113 112.5 21.7135 0.00942424
  114 113.5 21.6973 0.00941723
  115 114.5 21.7152 0.00942498
  116 115.5 21.717 0.00942577
  117 116.5 21.7115 0.00942339
  118 117.5 21.6793 0.00940942
  119 118.5 21.7081 0.00942192
  120 119.5 21.6948 0.00941615
  121 120.5 21.6971 0.00941715
  122 121.5 21.7229 0.00942833
  123 122.5 21.6918 0.00941486
  124 123.5 21.7011 0.00941888
  125 124.5 21.7091 0.00942236
  126 125.5 21.7167 0.00942564
  127 126.5 21.6976 0.00941738
  128 127.5 21.6914 0.00941467
  129 128.5 21.6906 0.00941433
  130 129.5 21.7068 0.00942137
  131 130.5 21.7208 0.00942744
  132 131.5 21.7138 0.0094244
  133 132.5 21.7148 0.00942481
  134 133.5 21.7168 0.00942571
  135 134.5 21.7336 0.00943299
  136 135.5 21.7341 0.00943319
  137 136.5 21.7427 0.00943693
  138 137.5 21.7372 0.00943453
  139 138.5 21.7423 0.00943676
  140 139.5 21.7552 0.00944237
  141 140.5 21.7365 0.00943426
  142 141.5 21.7286 0.00943081
  143 142.5 21.7653 0.00944674
  144 143.5 21.7641 0.00944624
  145 144.5 21.7476 0.00943908
  146 145.5 21.7479 0.00943918
  147 146.5 21.7764 0.00945155
  148 147.5 21.7564 0.00944287
  149 148.5 21.7331 0.00943275
  150 149.5 21.7634 0.0094459
  151 150.5 21.7491 0.00943973
  152 151.5 21.737 0.00943446
  153 152.5 21.749 0.00943967
  154 153.5 21.7424 0.00943679
  155 154.5 21.7267 0.00942999
  156 155.5 21.7324 0.00943246
  157 156.5 21.7353 0.00943374
  158 157.5 21.7223 0.00942806
  159 158.5 21.7256 0.0094295
  160 159.5 21.7211 0.00942758
  161 160.5 21.7462 0.00943846
  162 161.5 21.7266 0.00942995
  163 162.5 21.7152 0.00942499
  164 163.5 21.7472 0.00943888
  165 164.5 21.7229 0.00942833
  166 165.5 21.7272 0.00943019
  167 166.5 21.7383 0.00943501
  168 167.5 21.7437 0.00943736
  169 168.5 21.7314 0.00943205
  170 169.5 21.7336 0.00943298
  171 170.5 21.7323 0.00943242
  172 171.5 21.7364 0.00943419
  173 172.5 21.7169 0.00942572
  174 173.5 21.7097 0.00942263
  175 174.5 21.6993 0.00941812
  176 175.5 21.7115 0.00942341
  177 176.5 21.6961 0.00941669
  178 177.5 21.66 0.00940105
  179 178.5 21.6601 0.0094011
  180 179.5 21.6499 0.00939668
  181 180.5 21.6406 0.00939262
  182 181.5 21.6113 0.00937992
  183 182.5 21.6217 0.00938444
  184 183.5 21.61 0.00937933
  185 184.5 21.5879 0.00936974
  186 185.5 21.5548 0.0093554
  187 186.5 21.5361 0.00934725
  188 187.5 21.5015 0.00933226
  189 188.5 21.4604 0.00931441
  190 189.5 21.3861 0.00928214
  191 190.5 21.3349 0.00925994
  192 191.5 21.2511 0.00922357
  193 192.5 21.1784 0.00919202
  194 193.5 21.0788 0.00914878
  195 194.5 20.9667 0.00910013
  196 195.5 20.8669 0.00905682
  197 196.5 20.7351 0.0089996
  198 197.5 20.5498 0.00891919
  199 198.5 20.3741 0.00884293
  200 199.5 20.1554 0.00874798
  201 200.5 19.8669 0.00862279
  202 201.5 19.5118 0.00846865
  203 202.5 19.0283 0.00825879
  204 203.5 18.4057 0.00798858
  205 204.5 17.5735 0.00762739
  206 205.5 16.5055 0.00716384
  207 206.5 15.1526 0.00657664
  208 207.5 13.5261 0.00587072
  209 208.5 11.693 0.0050751
  210 209.5 9.73372 0.00422471
  211 210.5 7.79873 0.00338487
  212 211.5 5.9856 0.00259792
  213 212.5 4.42558 0.00192082
  214 213.5 3.1583 0.00137079
  215 214.5 2.21709 0.00096228
  216 215.5 1.54119 0.000668919
  217 216.5 1.0992 0.000477084
  218 217.5 0.810847 0.00035193
  219 218.5 0.627011 0.00027214
  220 219.5 0.512855 0.000222593
  221 220.5 0.439816 0.000190892
  222 221.5 0.392785 0.00017048
  223 222.5 0.368324 0.000159863
  224 223.5 0.352195 0.000152862
  225 224.5 0.340752 0.000147896
  226 225.5 0.333839 0.000144895
  227 226.5 0.329437 0.000142985
  228 227.5 0.327426 0.000142112
  229 228.5 0.32362 0.00014046
  230 229.5 0.322914 0.000140154
  231 230.5 0.321423 0.000139507
  232 231.5 0.320403 0.000139064
  233 232.5 0.315492 0.000136932
  234 233.5 0.320082 0.000138924
  235 234.5 0.324154 0.000140692
  236 235.5 0.317314 0.000137723
  237 236.5 0.319517 0.000138679
  238 237.5 0.3188 0.000138368
  239 238.5 0.318661 0.000138308
  240 239.5 0.317887 0.000137972
  241 240.5 0.318564 0.000138266
  242 241.5 0.315718 0.00013703
  243 242.5 0.312148 0.000135481
  244 243.5 0.310068 0.000134578
  245 244.5 0.313257 0.000135962
  246 245.5 0.312472 0.000135622
  247 246.5 0.308368 0.00013384
  248 247.5 0.306936 0.000133219
  249 248.5 0.307296 0.000133375
  250 249.5 0.309933 0.00013452
  251 250.5 0.308707 0.000133987
  252 251.5 0.308655 0.000133965
  253 252.5 0.311108 0.00013503
  254 253.5 0.313686 0.000136148
  255 254.5 0.312998 0.00013585
  256 255.5 0.314938 0.000136692
  257 256.5 0.31891 0.000138416
  258 257.5 0.32387 0.000140569
  259 258.5 0.324565 0.00014087
  260 259.5 0.319163 0.000138526
  261 260.5 0.321493 0.000139537
  262 261.5 0.318706 0.000138327
  263 262.5 0.317009 0.000137591
  264 263.5 0.318157 0.000138089
  265 264.5 0.320035 0.000138904
  266 265.5 0.31798 0.000138012
  267 266.5 0.321144 0.000139385
  268 267.5 0.322051 0.000139779
  269 268.5 0.321632 0.000139597
  270 269.5 0.321431 0.00013951
  271 270.5 0.324928 0.000141028
  272 271.5 0.322526 0.000139985
  273 272.5 0.322417 0.000139938
  274 273.5 0.323215 0.000140284
  275 274.5 0.321171 0.000139397
  276 275.5 0.323275 0.00014031
  277 276.5 0.32547 0.000141263
  278 277.5 0.33067 0.00014352
  279 278.5 0.32979 0.000143138
  280 279.5 0.332537 0.00014433
  281 280.5 0.331798 0.00014401
  282 281.5 0.333204 0.00014462
  283 282.5 0.330701 0.000143533
  284 283.5 0.332145 0.00014416
  285 284.5 0.33336 0.000144687
  286 285.5 0.336921 0.000146233
  287 286.5 0.336919 0.000146232
  288 287.5 0.335004 0.000145401
  289 288.5 0.334657 0.00014525
  290 289.5 0.330653 0.000143513
  291 290.5 0.329753 0.000143122
  292 291.5 0.328335 0.000142507
  293 292.5 0.326332 0.000141637
  294 293.5 0.324146 0.000140688
  295 294.5 0.322574 0.000140006
  296 295.5 0.327154 0.000141994
  297 296.5 0.32663 0.000141766
  298 297.5 0.325111 0.000141107
  299 298.5 0.32706 0.000141953
  300 299.5 0.326905 0.000141886
  301 300.5 0.327502 0.000142145
  302 301.5 0.327998 0.00014236
  303 302.5 0.329369 0.000142955
  304 303.5 0.33185 0.000144032
  305 304.5 0.332506 0.000144317
  306 305.5 0.331826 0.000144022
  307 306.5 0.331659 0.000143949
  308 307.5 0.328008 0.000142365
  309 308.5 0.32622 0.000141589
  310 309.5 0.32666 0.00014178
  311 310.5 0.327027 0.000141939
  312 311.5 0.325303 0.000141191
  313 312.5 0.327664 0.000142215
  314 313.5 0.32468 0.00014092
  315 314.5 0.326239 0.000141597
  316 315.5 0.326788 0.000141835
  317 316.5 0.329896 0.000143184
  318 317.5 0.32897 0.000142782
  319 318.5 0.332078 0.000144131
  320 319.5 0.334746 0.000145289
  321 320.5 0.332975 0.00014452
  322 321.5 0.332654 0.000144381
  323 322.5 0.33045 0.000143424
  324 323.5 0.327251 0.000142036
  325 324.5 0.324537 0.000140858
  326 325.5 0.324435 0.000140814
  327 326.5 0.317687 0.000137885
  328 327.5 0.315994 0.00013715
  329 328.5 0.319033 0.000138469
  330 329.5 0.321812 0.000139675
  331 330.5 0.327751 0.000142253
  332 331.5 0.326562 0.000141737
  333 332.5 0.330324 0.00014337
  334 333.5 0.3289 0.000142752
  335 334.5 0.330909 0.000143624
  336 335.5 0.328692 0.000142661
  337 336.5 0.329343 0.000142944
  338 337.5 0.328789 0.000142704
  339 338.5 0.330569 0.000143476
  340 339.5 0.33232 0.000144236
  341 340.5 0.333363 0.000144689
  342 341.5 0.332054 0.000144121
  343 342.5 0.333304 0.000144663
  344 343.5 0.334252 0.000145075
  345 344.5 0.334853 0.000145336
  346 345.5 0.333242 0.000144636
  347 346.5 0.33368 0.000144826
  348 347.5 0.338737 0.000147021
  349 348.5 0.340961 0.000147987
  350 349.5 0.339842 0.000147501
  351 350.5 0.339712 0.000147444
  352 351.5 0.340229 0.000147669
  353 352.5 0.341437 0.000148193
  354 353.5 0.34101 0.000148008
  355 354.5 0.333741 0.000144853
  356 355.5 0.331133 0.000143721
  357 356.5 0.331967 0.000144083
  358 357.5 0.330364 0.000143387
  359 358.5 0.329161 0.000142865
  360 359.5 0.327583 0.00014218
  361 360.5 0.329329 0.000142938
  362 361.5 0.331014 0.000143669
  363 362.5 0.326987 0.000141921
  364 363.5 0.326375 0.000141656
  365 364.5 0.322569 0.000140004
  366 365.5 0.323407 0.000140368
  367 366.5 0.326336 0.000141639
  368 367.5 0.327173 0.000142002
  369 368.5 0.330323 0.000143369
  370 369.5 0.334875 0.000145345
  371 370.5 0.335309 0.000145533
  372 371.5 0.333732 0.000144849
  373 372.5 0.331772 0.000143998
  374 373.5 0.333881 0.000144914
  375 374.5 0.336414 0.000146013
  376 375.5 0.33344 0.000144722
  377 376.5 0.3349 0.000145356
  378 377.5 0.334827 0.000145324
  379 378.5 0.336099 0.000145876
  380 379.5 0.33195 0.000144076
  381 380.5 0.332974 0.00014452
  382 381.5 0.334395 0.000145137
  383 382.5 0.335887 0.000145784
  384 383.5 0.332084 0.000144134
  385 384.5 0.338728 0.000147017
  386 385.5 0.335554 0.00014564
  387 386.5 0.336678 0.000146128
  388 387.5 0.336366 0.000145992
  389 388.5 0.333969 0.000144952
  390 389.5 0.328604 0.000142623
  391 390.5 0.327177 0.000142004
  392 391.5 0.327933 0.000142332
  393 392.5 0.329126 0.00014285
  394 393.5 0.329639 0.000143072
  395 394.5 0.325286 0.000141183
  396 395.5 0.32687 0.000141871
  397 396.5 0.323663 0.000140479
  398 397.5 0.323561 0.000140434
  399 398.5 0.323096 0.000140233
  400 399.5 0.325222 0.000141155
  401 400.5 0.328257 0.000142473
  402 401.5 0.333342 0.00014468
  403 402.5 0.335452 0.000145595
  404 403.5 0.342783 0.000148777
  405 404.5 0.349555 0.000151717
  406 405.5 0.356516 0.000154738
  407 406.5 0.373572 0.000162141
  408 407.5 0.397071 0.00017234
  409 408.5 0.435793 0.000189146
  410 409.5 0.495386 0.000215011
  411 410.5 0.592718 0.000257256
  412 411.5 0.747465 0.000324421
  413 412.5 0.991357 0.000430276
  414 413.5 1.34896 0.000585485
  415 414.5 1.88171 0.000816716
  416 415.5 2.62886 0.001141
  417 416.5 3.59174 0.00155892
  418 417.5 4.7541 0.00206341
  419 418.5 6.08325 0.0026403
  420 419.5 7.47893 0.00324606
  421 420.5 8.83204 0.00383335
  422 421.5 10.0259 0.0043515
  423 422.5 10.939 0.00474781
  424 423.5 11.5773 0.00502487
  425 424.5 11.9346 0.00517994
  426 425.5 12.0468 0.00522867
  427 426.5 11.9499 0.0051866
  428 427.5 11.7258 0.00508933
  429 428.5 11.4342 0.00496277
  430 429.5 11.0944 0.0048153
  431 430.5 10.7162 0.00465111
  432 431.5 10.3575 0.00449546
  433 432.5 9.99305 0.00433726
  434 433.5 9.64791 0.00418746
  435 434.5 9.31399 0.00404253
  436 435.5 9.01417 0.0039124
  437 436.5 8.74081 0.00379375
  438 437.5 8.47086 0.00367659
  439 438.5 8.21724 0.00356651
  440 439.5 7.99357 0.00346943
  441 440.5 7.77604 0.00337502
  442 441.5 7.59076 0.0032946
  443 442.5 7.40689 0.00321479
  444 443.5 7.25487 0.00314881
  445 444.5 7.11653 0.00308877
  446 445.5 6.98751 0.00303277
  447 446.5 6.85125 0.00297363
  448 447.5 6.75047 0.00292989
  449 448.5 6.66284 0.00289186
  450 449.5 6.56078 0.00284756
  451 450.5 6.48306 0.00281383
  452 451.5 6.40924 0.00278179
  453 452.5 6.33861 0.00275113
  454 453.5 6.29264 0.00273118
  455 454.5 6.23412 0.00270578
  456 455.5 6.17555 0.00268036
  457 456.5 6.14319 0.00266632
  458 457.5 6.10406 0.00264933
  459 458.5 6.07512 0.00263677
  460 459.5 6.04959 0.00262569
  461 460.5 6.03231 0.00261819
  462 461.5 6.02524 0.00261512
  463 462.5 5.99487 0.00260194
  464 463.5 5.97361 0.00259271
  465 464.5 5.95993 0.00258677
  466 465.5 5.94833 0.00258174
  467 466.5 5.93429 0.00257565
  468 467.5 5.92029 0.00256957
  469 468.5 5.90207 0.00256166
  470 469.5 5.88356 0.00255363
  471 470.5 5.87206 0.00254864
  472 471.5 5.87148 0.00254839
  473 472.5 5.85709 0.00254214
  474 473.5 5.85729 0.00254223
  475 474.5 5.83882 0.00253421
  476 475.5 5.83967 0.00253458
  477 476.5 5.8334 0.00253186
  478 477.5 5.83195 0.00253123
  479 478.5 5.84948 0.00253884
  480 479.5 5.84812 0.00253825
  481 480.5 5.85477 0.00254113
  482 481.5 5.86525 0.00254568
  483 482.5 5.86339 0.00254487
  484 483.5 5.86576 0.0025459
  485 484.5 5.87085 0.00254811
  486 485.5 5.86162 0.00254411
  487 486.5 5.86075 0.00254373
  488 487.5 5.8705 0.00254796
  489 488.5 5.88061 0.00255235
  490 489.5 5.88842 0.00255574
  491 490.5 5.88935 0.00255614
  492 491.5 5.89376 0.00255806
  493 492.5 5.90152 0.00256142
  494 493.5 5.89771 0.00255977
  495 494.5 5.90207 0.00256166
  496 495.5 5.90792 0.0025642
  497 496.5 5.90882 0.00256459
  498 497.5 5.91783 0.0025685
  499 498.5 5.92527 0.00257173
  500 499.5 5.93545 0.00257615
  501 500.5 5.93975 0.00257802
  502 501.5 5.93748 0.00257703
  503 502.5 5.9338 0.00257543
  504 503.5 5.93017 0.00257386
  505 504.5 5.92661 0.00257231
  506 505.5 5.92493 0.00257159
  507 506.5 5.94163 0.00257883
  508 507.5 5.93041 0.00257396
  509 508.5 5.95088 0.00258285
  510 509.5 5.9452 0.00258038
  511 510.5 5.94981 0.00258238
  512 511.5 5.94554 0.00258053
  513 512.5 5.94216 0.00257906
  514 513.5 5.94794 0.00258157
  515 514.5 5.942 0.00257899
  516 515.5 5.952 0.00258333
  517 516.5 5.96073 0.00258712
  518 517.5 5.94844 0.00258179
  519 518.5 5.93873 0.00257758
  520 519.5 5.94622 0.00258083
  521 520.5 5.95177 0.00258324
  522 521.5 5.95122 0.002583
  523 522.5 5.94638 0.00258089
  524 523.5 5.95392 0.00258417
  525 524.5 5.94144 0.00257875
  526 525.5 5.93468 0.00257581
  527 526.5 5.93163 0.00257449
  528 527.5 5.93097 0.0025742
  529 528.5 5.92571 0.00257192
  530 529.5 5.92779 0.00257283
  531 530.5 5.92722 0.00257258
  532 531.5 5.94001 0.00257813
  533 532.5 5.93296 0.00257507
  534 533.5 5.94422 0.00257996
  535 534.5 5.94337 0.00257959
  536 535.5 5.93458 0.00257577
  537 536.5 5.94275 0.00257932
  538 537.5 5.93629 0.00257652
  539 538.5 5.93099 0.00257421
  540 539.5 5.93177 0.00257455
  541 540.5 5.92251 0.00257053
  542 541.5 5.93579 0.0025763
  543 542.5 5.93748 0.00257703
  544 543.5 5.93874 0.00257758
  545 544.5 5.95523 0.00258473
  546 545.5 5.94873 0.00258191
  547 546.5 5.94421 0.00257995
  548 547.5 5.96059 0.00258706
  549 548.5 5.95255 0.00258357
  550 549.5 5.95272 0.00258365
  551 550.5 5.97035 0.0025913
  552 551.5 5.95603 0.00258508
  553 552.5 5.95638 0.00258524
  554 553.5 5.9582 0.00258602
  555 554.5 5.96567 0.00258927
  556 555.5 5.95979 0.00258672
  557 556.5 5.94931 0.00258217
  558 557.5 5.94329 0.00257955
  559 558.5 5.9311 0.00257426
  560 559.5 5.93048 0.00257399
  561 560.5 5.91962 0.00256928
  562 561.5 5.91207 0.002566
  563 562.5 5.92116 0.00256995
  564 563.5 5.91263 0.00256624
  565 564.5 5.8983 0.00256002
  566 565.5 5.90242 0.00256181
  567 566.5 5.91686 0.00256808
  568 567.5 5.91334 0.00256655
  569 568.5 5.91528 0.0025674
  570 569.5 5.91317 0.00256648
  571 570.5 5.90418 0.00256258
  572 571.5 5.89918 0.00256041
  573 572.5 5.90088 0.00256115
  574 573.5 5.9227 0.00257061
  575 574.5 5.93559 0.00257621
  576 575.5 5.93356 0.00257533
  577 576.5 5.93444 0.00257571
  578 577.5 5.94514 0.00258035
  579 578.5 5.95938 0.00258653
  580 579.5 5.98158 0.00259617
  581 580.5 5.98515 0.00259772
  582 581.5 6.00773 0.00260752
  583 582.5 6.03261 0.00261832
  584 583.5 6.05142 0.00262649
  585 584.5 6.07681 0.0026375
  586 585.5 6.10694 0.00265058
  587 586.5 6.12423 0.00265809
  588 587.5 6.17156 0.00267863
  589 588.5 6.20199 0.00269184
  590 589.5 6.24296 0.00270962
  591 590.5 6.28276 0.00272689
  592 591.5 6.34214 0.00275266
  593 592.5 6.40314 0.00277914
  594 593.5 6.47062 0.00280843
  595 594.5 6.55829 0.00284648
  596 595.5 6.65786 0.0028897
  597 596.5 6.7653 0.00293633
  598 597.5 6.88017 0.00298619
  599 598.5 7.01089 0.00304292
  600 599.5 7.16573 0.00311012
  601 600.5 7.31699 0.00317578
  602 601.5 7.48972 0.00325075
  603 602.5 7.68739 0.00333654
  604 603.5 7.90589 0.00343137
  605 604.5 8.13602 0.00353126
  606 605.5 8.37384 0.00363448
  607 606.5 8.65801 0.00375782
  608 607.5 8.95518 0.0038868
  609 608.5 9.26781 0.00402249
  610 609.5 9.61664 0.00417389
  611 610.5 9.9658 0.00432543
  612 611.5 10.3509 0.00449258
  613 612.5 10.7423 0.00466247
  614 613.5 11.1638 0.00484542
  615 614.5 11.5858 0.00502854
  616 615.5 12.0119 0.00521351
  617 616.5 12.4732 0.0054137
  618 617.5 12.91 0.00560329
  619 618.5 13.3602 0.0057987
  620 619.5 13.8247 0.00600032
  621 620.5 14.2932 0.00620366
  622 621.5 14.7468 0.00640053
  623 622.5 15.1952 0.00659514
  624 623.5 15.6279 0.00678296
100000000 624 6015.000000000004
  1 0.5 11.6983 0.0050774
  2 1.5 12.0807 0.00524335
  3 2.5 12.4725 0.00541342
  4 3.5 12.8378 0.00557194
  5 4.5 13.2417 0.00574726
  6 5.5 13.6277 0.00591478
  7 6.5 14.032 0.00609026
  8 7.5 14.4257 0.00626115
  9 8.5 14.8157 0.00643041
  10 9.5 15.2067 0.00660013
  11 10.5 15.5994 0.00677057
  12 11.5 15.9718 0.00693219
  13 12.5 16.3333 0.0070891
  14 13.5 16.6719 0.00723608
  15 14.5 17.0268 0.0073901
  16 15.5 17.387 0.00754643
  17 16.5 17.6822 0.00767458
  18 17.5 17.9979 0.00781161
  19 18.5 18.3074 0.00794592
  20 19.5 18.5846 0.00806623
  21 20.5 18.8424 0.00817813
  22 21.5 19.1073 0.00829308
  23 22.5 19.3421 0.008395
  24 23.5 19.5527 0.00848641
  25 24.5 19.7485 0.00857139
  26 25.5 19.9441 0.00865629
  27 26.5 20.1415 0.00874197
  28 27.5 20.2924 0.00880746
  29 28.5 20.4354 0.00886953
  30 29.5 20.569 0.00892752
  31 30.5 20.7266 0.0089959
  32 31.5 20.8124 0.00903317
  33 32.5 20.9213 0.00908041
  34 33.5 21.0284 0.0091269
  35 34.5 21.1025 0.00915907
  36 35.5 21.1978 0.00920043
  37 36.5 21.2612 0.00922795
  38 37.5 21.3377 0.00926114
  39 38.5 21.4002 0.00928829
  40 39.5 21.4546 0.00931188
  41 40.5 21.5304 0.0093448
  42 41.5 21.5743 0.00936384
  43 42.5 21.6244 0.00938557
  44 43.5 21.6593 0.00940072
  45 44.5 21.7035 0.00941992
  46 45.5 21.7486 0.0094395
  47 46.5 21.7742 0.00945061
  48 47.5 21.7809 0.00945352
  49 48.5 21.8326 0.00947593
  50 49.5 21.8591 0.00948745
  51 50.5 21.889 0.00950044
  52 51.5 21.8883 0.00950012
  53 52.5 21.9208 0.00951424
  54 53.5 21.9319 0.00951907
  55 54.5 21.942 0.00952342
  56 55.5 21.9753 0.0095379
  57 56.5 21.9843 0.0095418
  58 57.5 21.9863 0.00954264
  59 58.5 22.0199 0.00955726
  60 59.5 22.0633 0.0095761
  61 60.5 22.0422 0.00956692
  62 61.5 22.017 0.009556
  63 62.5 22.0628 0.00957587
  64 63.5 22.0888 0.00958715
  65 64.5 22.0585 0.00957401
  66 65.5 22.0852 0.00958557
  67 66.5 22.0939 0.00958938
  68 67.5 22.1272 0.0096038
  69 68.5 22.1109 0.00959676
  70 69.5 22.1098 0.00959627
  71 70.5 22.1179 0.00959976
  72 71.5 22.1401 0.00960942
  73 72.5 22.136 0.00960766
  74 73.5 22.1292 0.00960468
  75 74.5 22.1353 0.00960733
  76 75.5 22.1379 0.00960846
  77 76.5 22.1567 0.00961664
  78 77.5 22.1485 0.00961305
  79 78.5 22.1248 0.00960279
  80 79.5 22.1674 0.00962127
  81 80.5 22.1714 0.00962299
  82 81.5 22.1735 0.00962392
  83 82.5 22.1588 0.00961751
  84 83.5 22.1776 0.0096257
  85 84.5 22.1653 0.00962037
  86 85.5 22.1657 0.00962051
  87 86.5 22.1548 0.0096158
  88 87.5 22.1772 0.00962554
  89 88.5 22.1533 0.00961514
  90 89.5 22.1721 0.00962329
  91 90.5 22.1595 0.00961782
  92 91.5 22.1589 0.00961757
  93 92.5 22.1441 0.00961117
  94 93.5 22.1574 0.00961692
  95 94.5 22.1421 0.00961031
  96 95.5 22.1351 0.00960724
  97 96.5 22.1383 0.00960863
  98 97.5 22.142 0.00961022
  99 98.5 22.1503 0.00961383
  100 99.5 22.1192 0.00960036
  101 100.5 22.1256 0.00960314
  102 101.5 22.1172 0.00959948
  103 102.5 22.1279 0.00960411
  104 103.5 22.1277 0.00960405
  105 104.5 22.0911 0.00958814
  106 105.5 22.0952 0.00958991
  107 106.5 22.0762 0.00958167
  108 107.5 22.0807 0.00958364
  109 108.5 22.0594 0.0095744
  110 109.5 22.0715 0.00957963
  111 110.5 22.0586 0.00957406
  112 111.5 22.0629 0.0095759
  113 112.5 22.0506 0.00957055
  114 113.5 22.0336 0.00956321
  115 114.5 22.0525 0.00957139
  116 115.5 22.0288 0.00956112
  117 116.5 22.0259 0.00955984
  118 117.5 22.036 0.00956424
  119 118.5 22.0317 0.00956238
  120 119.5 22.028 0.00956074
  121 120.5 22.0151 0.00955515
  122 121.5 22.0098 0.00955286
  123 122.5 22.0009 0.00954901
  124 123.5 21.9901 0.00954433
  125 124.5 21.9825 0.009541
  126 125.5 21.9799 0.00953987
  127 126.5 21.9891 0.0095439
  128 127.5 21.972 0.00953648
  129 128.5 21.981 0.00954039
  130 129.5 21.9965 0.0095471
  131 130.5 21.9619 0.00953208
  132 131.5 21.966 0.00953384
  133 132.5 22.0172 0.00955608
  134 133.5 21.9811 0.0095404
  135 134.5 21.9496 0.00952675
  136 135.5 21.982 0.0095408
  137 136.5 21.9942 0.00954611
  138 137.5 21.9792 0.00953958
  139 138.5 21.9735 0.00953711
  140 139.5 21.9882 0.0095435
  141 140.5 21.9939 0.00954596
  142 141.5 21.9932 0.00954568
  143 142.5 21.9822 0.00954086
  144 143.5 21.9848 0.009542
  145 144.5 21.9993 0.00954831
  146 145.5 21.9919 0.00954509
  147 146.5 22.0053 0.00955093
  148 147.5 22.0069 0.00955162
  149 148.5 21.9949 0.00954639
  150 149.5 22.007 0.00955163
  151 150.5 22.0093 0.00955263
  152 151.5 22.0075 0.00955188
  153 152.5 22.013 0.00955425
  154 153.5 21.9888 0.00954373
  155 154.5 22.0085 0.00955228
  156 155.5 21.9954 0.0095466
  157 156.5 21.9802 0.00954
  158 157.5 22.0158 0.00955548
  159 158.5 22.0031 0.00954994
  160 159.5 21.9824 0.00954098
  161 160.5 21.9845 0.00954189
  162 161.5 21.9769 0.00953857
  163 162.5 21.9692 0.00953524
  164 163.5 21.9572 0.00953002
  165 164.5 21.9769 0.00953858
  166 165.5 21.9772 0.00953873
  167 166.5 21.9741 0.00953737
  168 167.5 21.9581 0.00953041
  169 168.5 21.9711 0.00953607
  170 169.5 21.9737 0.00953721
  171 170.5 21.9706 0.00953586
  172 171.5 21.9827 0.00954109
  173 172.5 21.9797 0.00953978
  174 173.5 21.9709 0.00953599
  175 174.5 21.9905 0.00954451
  176 175.5 21.9669 0.00953424
  177 176.5 21.9504 0.0095271
  178 177.5 21.9507 0.00952723
  179 178.5 21.9416 0.00952325
  180 179.5 21.9122 0.00951051
  181 180.5 21.8872 0.00949967
  182 181.5 21.8848 0.0094986
  183 182.5 21.8585 0.0094872
  184 183.5 21.8166 0.009469
  185 184.5 21.7881 0.00945662
  186 185.5 21.7988 0.00946127
  187 186.5 21.7259 0.00942963
  188 187.5 21.7144 0.00942466
  189 188.5 21.6753 0.00940767
  190 189.5 21.6276 0.009387
  191 190.5 21.5777 0.00936533
  192 191.5 21.5216 0.00934097
  193 192.5 21.4801 0.00932298
  194 193.5 21.4067 0.00929109
  195 194.5 21.3312 0.00925832
  196 195.5 21.2528 0.00922431
  197 196.5 21.148 0.0091788
  198 197.5 21.0538 0.00913795
  199 198.5 20.9297 0.00908406
  200 199.5 20.7969 0.00902644
  201 200.5 20.6424 0.00895939
  202 201.5 20.436 0.0088698
  203 202.5 20.1889 0.00876255
  204 203.5 19.8808 0.00862883
  205 204.5 19.5205 0.00847244
  206 205.5 19.0116 0.00825155
  207 206.5 18.3022 0.00794366
  208 207.5 17.4297 0.00756498
  209 208.5 16.2957 0.00707277
  210 209.5 14.8623 0.00645065
  211 210.5 13.1625 0.0057129
  212 211.5 11.2698 0.00489141
  213 212.5 9.28534 0.0040301
  214 213.5 7.33309 0.00318276
  215 214.5 5.54861 0.00240825
  216 215.5 4.04091 0.00175387
  217 216.5 2.86058 0.00124157
  218 217.5 1.99361 0.00086528
  219 218.5 1.38619 0.000601646
  220 219.5 0.98987 0.000429631
  221 220.5 0.731914 0.000317671
  222 221.5 0.577984 0.000250861
  223 222.5 0.483066 0.000209664
  224 223.5 0.426396 0.000185068
  225 224.5 0.395086 0.000171478
  226 225.5 0.368893 0.00016011
  227 226.5 0.351343 0.000152493
  228 227.5 0.343782 0.000149211
  229 228.5 0.336926 0.000146235
  230 229.5 0.332188 0.000144179
  231 230.5 0.3264 0.000141667
  232 231.5 0.323531 0.000140421
  233 232.5 0.323483 0.000140401
  234 233.5 0.324388 0.000140793
  235 234.5 0.323388 0.000140359
  236 235.5 0.324311 0.00014076
  237 236.5 0.324473 0.00014083
  238 237.5 0.325447 0.000141253
  239 238.5 0.321728 0.000139639
  240 239.5 0.321491 0.000139536
  241 240.5 0.322356 0.000139911
  242 241.5 0.32154 0.000139557
  243 242.5 0.323208 0.000140281
  244 243.5 0.319758 0.000138784
  245 244.5 0.321125 0.000139377
  246 245.5 0.322787 0.000140099
  247 246.5 0.322788 0.000140099
  248 247.5 0.327658 0.000142213
  249 248.5 0.335415 0.000145579
  250 249.5 0.338541 0.000146936
  251 250.5 0.338032 0.000146715
  252 251.5 0.33457 0.000145213
  253 252.5 0.330818 0.000143584
  254 253.5 0.325662 0.000141346
  255 254.5 0.322989 0.000140186
  256 255.5 0.320875 0.000139269
  257 256.5 0.320073 0.000138921
  258 257.5 0.322449 0.000139952
  259 258.5 0.318523 0.000138248
  260 259.5 0.316774 0.000137489
  261 260.5 0.314613 0.000136551
  262 261.5 0.317702 0.000137891
  263 262.5 0.320636 0.000139165
  264 263.5 0.32216 0.000139826
  265 264.5 0.32299 0.000140187
  266 265.5 0.327995 0.000142359
  267 266.5 0.331895 0.000144052
  268 267.5 0.330865 0.000143605
  269 268.5 0.327709 0.000142235
  270 269.5 0.332082 0.000144133
  271 270.5 0.33791 0.000146662
  272 271.5 0.3371 0.000146311
  273 272.5 0.338722 0.000147015
  274 273.5 0.340054 0.000147593
  275 274.5 0.340398 0.000147742
  276 275.5 0.339762 0.000147466
  277 276.5 0.340587 0.000147824
  278 277.5 0.342516 0.000148661
  279 278.5 0.339382 0.000147301
  280 279.5 0.340639 0.000147847
  281 280.5 0.339234 0.000147237
  282 281.5 0.343033 0.000148886
  283 282.5 0.346004 0.000150175
  284 283.5 0.349198 0.000151562
  285 284.5 0.350957 0.000152325
  286 285.5 0.345578 0.00014999
  287 286.5 0.343784 0.000149212
  288 287.5 0.346136 0.000150233
  289 288.5 0.345266 0.000149855
  290 289.5 0.342409 0.000148615
  291 290.5 0.341383 0.00014817
  292 291.5 0.340936 0.000147976
  293 292.5 0.346419 0.000150355
  294 293.5 0.354613 0.000153912
  295 294.5 0.354764 0.000153977
  296 295.5 0.357209 0.000155039
  297 296.5 0.356201 0.000154601
  298 297.5 0.360144 0.000156313
  299 298.5 0.355244 0.000154186
  300 299.5 0.353596 0.00015347
  301 300.5 0.354918 0.000154044
  302 301.5 0.356355 0.000154668
  303 302.5 0.358391 0.000155552
  304 303.5 0.360077 0.000156283
  305 304.5 0.359184 0.000155896
  306 305.5 0.360206 0.000156339
  307 306.5 0.358944 0.000155792
  308 307.5 0.35769 0.000155247
  309 308.5 0.360718 0.000156562
  310 309.5 0.354543 0.000153882
  311 310.5 0.355496 0.000154295
  312 311.5 0.35583 0.00015444
  313 312.5 0.354739 0.000153967
  314 313.5 0.360665 0.000156539
  315 314.5 0.360072 0.000156281
  316 315.5 0.357457 0.000155146
  317 316.5 0.36051 0.000156471
  318 317.5 0.358045 0.000155401
  319 318.5 0.357701 0.000155252
  320 319.5 0.356888 0.000154899
  321 320.5 0.357498 0.000155164
  322 321.5 0.356704 0.000154819
  323 322.5 0.350979 0.000152335
  324 323.5 0.345663 0.000150027
  325 324.5 0.34383 0.000149232
  326 325.5 0.341125 0.000148058
  327 326.5 0.334624 0.000145236
  328 327.5 0.334323 0.000145105
  329 328.5 0.332364 0.000144255
  330 329.5 0.336201 0.000145921
  331 330.5 0.336421 0.000146016
  332 331.5 0.338579 0.000146953
  333 332.5 0.339104 0.000147181
  334 333.5 0.338109 0.000146749
  335 334.5 0.335492 0.000145613
  336 335.5 0.340372 0.000147731
  337 336.5 0.340061 0.000147596
  338 337.5 0.340009 0.000147573
  339 338.5 0.338692 0.000147002
  340 339.5 0.33226 0.00014421
  341 340.5 0.328206 0.000142451
  342 341.5 0.324964 0.000141043
  343 342.5 0.324587 0.00014088
  344 343.5 0.325946 0.00014147
  345 344.5 0.326087 0.000141531
  346 345.5 0.327362 0.000142084
  347 346.5 0.32649 0.000141706
  348 347.5 0.322452 0.000139953
  349 348.5 0.32269 0.000140056
  350 349.5 0.31861 0.000138286
  351 350.5 0.316832 0.000137514
  352 351.5 0.318534 0.000138253
  353 352.5 0.316027 0.000137164
  354 353.5 0.314109 0.000136332
  355 354.5 0.316166 0.000137225
  356 355.5 0.319974 0.000138878
  357 356.5 0.3147 0.000136589
  358 357.5 0.309427 0.0001343
  359 358.5 0.308463 0.000133882
  360 359.5 0.307287 0.000133371
  361 360.5 0.313817 0.000136205
  362 361.5 0.31014 0.000134609
  363 362.5 0.306167 0.000132885
  364 363.5 0.307768 0.00013358
  365 364.5 0.311681 0.000135278
  366 365.5 0.310971 0.00013497
  367 366.5 0.309811 0.000134467
  368 367.5 0.310454 0.000134746
  369 368.5 0.308709 0.000133988
  370 369.5 0.310077 0.000134582
  371 370.5 0.311014 0.000134989
  372 371.5 0.310824 0.000134906
  373 372.5 0.306732 0.00013313
  374 373.5 0.30516 0.000132448
  375 374.5 0.30351 0.000131732
  376 375.5 0.303144 0.000131573
  377 376.5 0.305574 0.000132628
  378 377.5 0.306645 0.000133092
  379 378.5 0.304389 0.000132113
  380 379.5 0.303933 0.000131915
  381 380.5 0.303397 0.000131683
  382 381.5 0.304497 0.00013216
  383 382.5 0.304743 0.000132267
  384 383.5 0.306991 0.000133243
  385 384.5 0.309627 0.000134387
  386 385.5 0.312414 0.000135596
  387 386.5 0.312666 0.000135706
  388 387.5 0.314891 0.000136671
  389 388.5 0.317432 0.000137774
  390 389.5 0.3184 0.000138194
  391 390.5 0.318606 0.000138284
  392 391.5 0.317793 0.000137931
  393 392.5 0.315049 0.00013674
  394 393.5 0.316766 0.000137485
  395 394.5 0.319714 0.000138765
  396 395.5 0.318054 0.000138044
  397 396.5 0.318639 0.000138298
  398 397.5 0.321497 0.000139539
  399 398.5 0.319802 0.000138803
  400 399.5 0.318678 0.000138315
  401 400.5 0.315479 0.000136927
  402 401.5 0.313591 0.000136107
  403 402.5 0.310284 0.000134672
  404 403.5 0.312663 0.000135704
  405 404.5 0.314596 0.000136543
  406 405.5 0.314756 0.000136613
  407 406.5 0.31794 0.000137995
  408 407.5 0.326457 0.000141691
  409 408.5 0.339677 0.000147429
  410 409.5 0.359502 0.000156034
  411 410.5 0.391833 0.000170066
  412 411.5 0.4378 0.000190017
  413 412.5 0.509003 0.000220921
  414 413.5 0.617739 0.000268116
  415 414.5 0.790285 0.000343006
  416 415.5 1.0643 0.000461936
  417 416.5 1.48241 0.000643408
  418 417.5 2.08255 0.000903884
  419 418.5 2.92752 0.00127062
  420 419.5 4.03592 0.0017517
  421 420.5 5.37971 0.00233494
  422 421.5 6.88303 0.00298742
  423 422.5 8.43944 0.00366295
  424 423.5 9.9358 0.00431241
  425 424.5 11.1984 0.00486043
  426 425.5 12.204 0.00529688
  427 426.5 12.9044 0.00560086
  428 427.5 13.3331 0.00578692
  429 428.5 13.5024 0.00586043
  430 429.5 13.4883 0.00585429
  431 430.5 13.3648 0.00580071
  432 431.5 13.1344 0.00570072
  433 432.5 12.8662 0.00558427
  434 433.5 12.5614 0.00545198
  435 434.5 12.2319 0.00530897
  436 435.5 11.8955 0.00516299
  437 436.5 11.5651 0.00501958
  438 437.5 11.2161 0.0048681
  439 438.5 10.8854 0.00472456
  440 439.5 10.5508 0.00457933
  441 440.5 10.2498 0.00444869
  442 441.5 9.93875 0.00431369
  443 442.5 9.65418 0.00419018
  444 443.5 9.37026 0.00406695
  445 444.5 9.11849 0.00395768
  446 445.5 8.86024 0.00384559
  447 446.5 8.62538 0.00374366
  448 447.5 8.40533 0.00364815
  449 448.5 8.2064 0.0035618
  450 449.5 7.99925 0.0034719
  451 450.5 7.8152 0.00339202
  452 451.5 7.65933 0.00332436
  453 452.5 7.50094 0.00325562
  454 453.5 7.34869 0.00318954
  455 454.5 7.23206 0.00313892
  456 455.5 7.11777 0.00308931
  457 456.5 7.01691 0.00304554
  458 457.5 6.92469 0.00300551
  459 458.5 6.84687 0.00297173
  460 459.5 6.77076 0.0029387
  461 460.5 6.70815 0.00291152
  462 461.5 6.63875 0.0028814
  463 462.5 6.57815 0.0028551
  464 463.5 6.54251 0.00283963
  465 464.5 6.50081 0.00282153
  466 465.5 6.45631 0.00280222
  467 466.5 6.40613 0.00278044
  468 467.5 6.38434 0.00277098
  469 468.5 6.34868 0.0027555
  470 469.5 6.32871 0.00274683
  471 470.5 6.3087 0.00273815
  472 471.5 6.2899 0.00272999
  473 472.5 6.27785 0.00272476
  474 473.5 6.2657 0.00271949
  475 474.5 6.24809 0.00271185
  476 475.5 6.2374 0.00270721
  477 476.5 6.23463 0.002706
  478 477.5 6.22447 0.00270159
  479 478.5 6.20032 0.00269111
  480 479.5 6.20889 0.00269483
  481 480.5 6.21455 0.00269729
  482 481.5 6.20829 0.00269457
  483 482.5 6.21606 0.00269794
  484 483.5 6.2163 0.00269805
  485 484.5 6.20788 0.00269439
  486 485.5 6.20129 0.00269153
  487 486.5 6.19765 0.00268995
  488 487.5 6.19572 0.00268911
  489 488.5 6.19291 0.00268789
  490 489.5 6.18662 0.00268517
  491 490.5 6.18429 0.00268415
  492 491.5 6.18651 0.00268512
  493 492.5 6.19289 0.00268789
  494 493.5 6.18865 0.00268605
  495 494.5 6.17324 0.00267936
  496 495.5 6.16543 0.00267597
  497 496.5 6.15396 0.00267099
  498 497.5 6.14808 0.00266844
  499 498.5 6.13908 0.00266453
  500 499.5 6.14683 0.0026679
  501 500.5 6.143 0.00266623
  502 501.5 6.14673 0.00266785
  503 502.5 6.14793 0.00266837
  504 503.5 6.15131 0.00266984
  505 504.5 6.15239 0.00267031
  506 505.5 6.15629 0.002672
  507 506.5 6.1505 0.00266949
  508 507.5 6.13878 0.0026644
  509 508.5 6.15558 0.00267169
  510 509.5 6.15475 0.00267133
  511 510.5 6.15798 0.00267273
  512 511.5 6.16615 0.00267628
  513 512.5 6.15318 0.00267065
  514 513.5 6.1542 0.00267109
  515 514.5 6.15933 0.00267332
  516 515.5 6.16616 0.00267629
  517 516.5 6.14496 0.00266708
  518 517.5 6.15315 0.00267064
  519 518.5 6.16539 0.00267595
  520 519.5 6.15373 0.00267089
  521 520.5 6.16145 0.00267424
  522 521.5 6.16121 0.00267414
  523 522.5 6.17563 0.0026804
  524 523.5 6.17144 0.00267858
  525 524.5 6.17213 0.00267888
  526 525.5 6.1728 0.00267917
  527 526.5 6.17788 0.00268137
  528 527.5 6.18053 0.00268252
  529 528.5 6.19238 0.00268767
  530 529.5 6.18377 0.00268393
  531 530.5 6.17869 0.00268172
  532 531.5 6.18255 0.0026834
  533 532.5 6.1943 0.0026885
  534 533.5 6.20288 0.00269222
  535 534.5 6.20336 0.00269243
  536 535.5 6.19282 0.00268785
  537 536.5 6.19224 0.0026876
  538 537.5 6.20199 0.00269184
  539 538.5 6.20997 0.0026953
  540 539.5 6.20169 0.0026917
  541 540.5 6.19432 0.00268851
  542 541.5 6.20978 0.00269522
  543 542.5 6.20211 0.00269189
  544 543.5 6.19567 0.00268909
  545 544.5 6.19465 0.00268865
  546 545.5 6.2024 0.00269201
  547 546.5 6.20988 0.00269526
  548 547.5 6.21529 0.00269761
  549 548.5 6.21518 0.00269756
  550 549.5 6.21097 0.00269573
  551 550.5 6.22003 0.00269967
  552 551.5 6.22495 0.0027018
  553 552.5 6.21887 0.00269916
  554 553.5 6.2083 0.00269458
  555 554.5 6.21673 0.00269823
  556 555.5 6.22431 0.00270152
  557 556.5 6.23149 0.00270464
  558 557.5 6.20551 0.00269336
  559 558.5 6.2138 0.00269696
  560 559.5 6.21313 0.00269667
  561 560.5 6.19485 0.00268874
  562 561.5 6.1903 0.00268676
  563 562.5 6.18662 0.00268516
  564 563.5 6.19584 0.00268917
  565 564.5 6.18941 0.00268637
  566 565.5 6.20554 0.00269338
  567 566.5 6.20889 0.00269483
  568 567.5 6.20052 0.0026912
  569 568.5 6.19487 0.00268875
  570 569.5 6.20806 0.00269447
  571 570.5 6.20672 0.00269389
  572 571.5 6.19685 0.00268961
  573 572.5 6.20305 0.0026923
  574 573.5 6.2073 0.00269414
  575 574.5 6.19078 0.00268697
  576 575.5 6.18691 0.00268529
  577 576.5 6.19867 0.0026904
  578 577.5 6.1966 0.0026895
  579 578.5 6.19274 0.00268782
  580 579.5 6.20561 0.0026934
  581 580.5 6.21163 0.00269602
  582 581.5 6.21553 0.00269771
  583 582.5 6.21664 0.00269819
  584 583.5 6.21312 0.00269667
  585 584.5 6.2195 0.00269944
  586 585.5 6.23019 0.00270408
  587 586.5 6.22765 0.00270297
  588 587.5 6.24296 0.00270962
  589 588.5 6.24727 0.00271149
  590 589.5 6.25601 0.00271528
  591 590.5 6.27121 0.00272188
  592 591.5 6.29124 0.00273057
  593 592.5 6.31926 0.00274273
  594 593.5 6.33275 0.00274859
  595 594.5 6.36791 0.00276385
  596 595.5 6.41276 0.00278332
  597 596.5 6.45889 0.00280334
  598 597.5 6.48825 0.00281608
  599 598.5 6.54305 0.00283986
  600 599.5 6.60596 0.00286717
  601 600.5 6.67658 0.00289782
  602 601.5 6.72879 0.00292048
  603 602.5 6.80747 0.00295463
  604 603.5 6.90102 0.00299523
  605 604.5 6.99631 0.00303659
  606 605.5 7.08768 0.00307625
  607 606.5 7.20233 0.00312601
  608 607.5 7.31984 0.00317701
  609 608.5 7.46837 0.00324148
  610 609.5 7.62314 0.00330866
  611 610.5 7.79717 0.00338419
  612 611.5 7.96937 0.00345893
  613 612.5 8.16652 0.0035445
  614 613.5 8.38763 0.00364047
  615 614.5 8.60153 0.0037333
  616 615.5 8.84399 0.00383854
  617 616.5 9.1013 0.00395022
  618 617.5 9.39279 0.00407673
  619 618.5 9.67619 0.00419974
  620 619.5 9.97237 0.00432829
  621 620.5 10.2903 0.00446626
  622 621.5 10.6369 0.00461672
  623 622.5 10.9718 0.00476205
  624 623.5 11.3305 0.00491776
120000000 624 6015.000000000008
  1 0.5 11.055 0.00479816
  2 1.5 11.3216 0.00491391
  3 2.5 11.5827 0.00502721
  4 3.5 11.8519 0.00514406
  5 4.5 12.1343 0.00526661
  6 5.5 12.4239 0.00539233
  7 6.5 12.697 0.00551084
  8 7.5 13.0088 0.00564616
  9 8.5 13.3076 0.00577588
  10 9.5 13.59 0.00589844
  11 10.5 13.8968 0.00603162
  12 11.5 14.2027 0.00616437
  13 12.5 14.5155 0.00630015
  14 13.5 14.84 0.00644096
  15 14.5 15.1266 0.00656538
  16 15.5 15.4303 0.00669718
  17 16.5 15.721 0.00682337
  18 17.5 16.029 0.00695704
  19 18.5 16.3298 0.00708761
  20 19.5 16.6237 0.00721514
  21 20.5 16.8921 0.00733166
  22 21.5 17.1774 0.00745546
  23 22.5 17.4463 0.0075722
  24 23.5 17.7087 0.00768605
  25 24.5 17.9573 0.00779395
  26 25.5 18.1794 0.00789037
  27 26.5 18.4497 0.00800768
  28 27.5 18.6848 0.00810971
  29 28.5 18.9102 0.00820755
  30 29.5 19.1158 0.00829678
  31 30.5 19.3202 0.00838549
  32 31.5 19.503 0.00846486
  33 32.5 19.7006 0.00855061
  34 33.5 19.8583 0.00861906
  35 34.5 20.0293 0.00869327
  36 35.5 20.1863 0.00876142
  37 36.5 20.3365 0.0088266
  38 37.5 20.4565 0.0088787
  39 38.5 20.6006 0.00894124
  40 39.5 20.7152 0.00899097
  41 40.5 20.8051 0.00902998
  42 41.5 20.9264 0.00908263
  43 42.5 21.0242 0.0091251
  44 43.5 21.1141 0.00916409
  45 44.5 21.2067 0.00920431
  46 45.5 21.2736 0.00923334
  47 46.5 21.3305 0.00925804
  48 47.5 21.3932 0.00928526
  49 48.5 21.4701 0.00931864
  50 49.5 21.5025 0.00933266
  51 50.5 21.565 0.00935982
  52 51.5 21.5949 0.00937278
  53 52.5 21.6351 0.00939022
  54 53.5 21.6746 0.00940738
  55 54.5 21.7217 0.00942781
  56 55.5 21.7297 0.00943131
  57 56.5 21.7351 0.00943363
  58 57.5 21.7653 0.00944675
  59 58.5 21.7802 0.00945323
  60 59.5 21.8087 0.0094656
  61 60.5 21.7969 0.00946045
  62 61.5 21.8264 0.00947327
  63 62.5 21.832 0.00947569
  64 63.5 21.859 0.00948742
  65 64.5 21.8889 0.0095004
  66 65.5 21.8924 0.00950189
  67 66.5 21.9051 0.00950743
  68 67.5 21.9246 0.00951588
  69 68.5 21.9384 0.00952188
  70 69.5 21.9246 0.0095159
  71 70.5 21.9346 0.00952024
  72 71.5 21.9387 0.00952201
  73 72.5 21.9609 0.00953166
  74 73.5 21.9507 0.00952723
  75 74.5 21.9469 0.00952557
  76 75.5 21.9434 0.00952406
  77 76.5 21.9572 0.00953001
  78 77.5 21.9532 0.0095283
  79 78.5 21.9343 0.00952008
  80 79.5 21.9689 0.00953513
  81 80.5 21.9673 0.0095344
  82 81.5 21.9808 0.0095403
  83 82.5 21.9967 0.00954717
  84 83.5 21.9925 0.00954534
  85 84.5 21.9893 0.00954395
  86 85.5 21.9875 0.00954316
  87 86.5 21.9972 0.00954739
  88 87.5 22.0069 0.00955159
  89 88.5 22.0036 0.00955018
  90 89.5 22.0047 0.00955063
  91 90.5 22.0035 0.00955013
  92 91.5 21.9961 0.00954691
  93 92.5 22.0099 0.00955292
  94 93.5 21.9964 0.00954707
  95 94.5 21.9949 0.0095464
  96 95.5 22.0132 0.00955433
  97 96.5 22.0248 0.00955939
  98 97.5 22.0171 0.00955601
  99 98.5 22.0337 0.00956326
  100 99.5 22.0357 0.00956412
  101 100.5 22.0566 0.00957316
  102 101.5 22.0663 0.00957738
  103 102.5 22.0594 0.00957441
  104 103.5 22.0587 0.0095741
  105 104.5 22.0825 0.00958443
  106 105.5 22.1013 0.00959257
  107 106.5 22.0736 0.00958055
  108 107.5 22.097 0.0095907
  109 108.5 22.1145 0.00959829
  110 109.5 22.095 0.00958983
  111 110.5 22.1156 0.00959879
  112 111.5 22.1323 0.00960605
  113 112.5 22.1442 0.00961119
  114 113.5 22.1268 0.00960366
  115 114.5 22.1497 0.00961357
  116 115.5 22.1595 0.00961786
  117 116.5 22.1664 0.00962082
  118 117.5 22.1584 0.00961736
  119 118.5 22.168 0.00962153
  120 119.5 22.1551 0.00961594
  121 120.5 22.1555 0.00961611
  122 121.5 22.1552 0.00961596
  123 122.5 22.1663 0.00962079
  124 123.5 22.1753 0.00962472
  125 124.5 22.1601 0.0096181
  126 125.5 22.184 0.00962848
  127 126.5 22.1815 0.0096274
  128 127.5 22.1761 0.00962505
  129 128.5 22.1899 0.00963103
  130 129.5 22.1758 0.00962492
  131 130.5 22.1718 0.00962317
  132 131.5 22.1799 0.0096267
  133 132.5 22.1827 0.00962789
  134 133.5 22.1703 0.00962253
  135 134.5 22.1784 0.00962603
  136 135.5 22.1584 0.00961736
  137 136.5 22.1629 0.0096193
  138 137.5 22.1679 0.00962148
  139 138.5 22.1705 0.00962263
  140 139.5 22.1656 0.0096205
  141 140.5 22.1467 0.00961227
  142 141.5 22.1585 0.00961739
  143 142.5 22.1543 0.00961556
  144 143.5 22.1487 0.00961314
  145 144.5 22.1427 0.00961055
  146 145.5 22.148 0.00961284
  147 146.5 22.1152 0.00959862
  148 147.5 22.125 0.00960288
  149 148.5 22.1267 0.00960359
  150 149.5 22.1282 0.00960426
  151 150.5 22.1081 0.00959555
  152 151.5 22.1211 0.00960116
  153 152.5 22.1275 0.00960395
  154 153.5 22.0929 0.00958895
  155 154.5 22.1054 0.00959436
  156 155.5 22.1045 0.00959398
  157 156.5 22.0913 0.00958825
  158 157.5 22.0803 0.00958345
  159 158.5 22.1 0.00959203
  160 159.5 22.0842 0.00958514
  161 160.5 22.0677 0.009578
  162 161.5 22.0449 0.00956812
  163 162.5 22.0588 0.00957413
  164 163.5 22.0465 0.0095688
  165 164.5 22.0478 0.00956937
  166 165.5 22.0267 0.00956019
  167 166.5 22.0189 0.00955681
  168 167.5 22.0458 0.00956849
  169 168.5 22.0229 0.00955854
  170 169.5 22.0163 0.0095557
  171 170.5 22.0074 0.00955182
  172 171.5 21.9994 0.00954837
  173 172.5 21.9778 0.00953899
  174 173.5 21.9664 0.00953401
  175 174.5 21.9603 0.00953136
  176 175.5 21.9383 0.00952183
  177 176.5 21.9123 0.00951056
  178 177.5 21.9039 0.00950692
  179 178.5 21.8968 0.00950382
  180 179.5 21.878 0.00949565
  181 180.5 21.851 0.00948395
  182 181.5 21.8463 0.00948189
  183 182.5 21.8458 0.00948169
  184 183.5 21.8142 0.00946797
  185 184.5 21.7877 0.00945646
  186 185.5 21.7772 0.00945191
  187 186.5 21.7597 0.00944432
  188 187.5 21.7103 0.00942285
  189 188.5 21.666 0.00940365
  190 189.5 21.629 0.00938757
  191 190.5 21.6078 0.00937837
  192 191.5 21.5316 0.00934531
  193 192.5 21.4941 0.00932904
  194 193.5 21.4329 0.00930248
  195 194.5 21.3637 0.00927244
  196 195.5 21.2672 0.00923057
  197 196.5 21.1739 0.00919004
  198 197.5 21.0835 0.00915084
  199 198.5 20.9431 0.00908991
  200 199.5 20.8015 0.00902844
  201 200.5 20.6001 0.00894101
  202 201.5 20.3981 0.00885336
  203 202.5 20.1245 0.00873458
  204 203.5 19.7579 0.00857546
  205 204.5 19.3249 0.00838753
  206 205.5 18.7512 0.00813854
  207 206.5 18.0056 0.00781494
  208 207.5 17.1042 0.00742369
  209 208.5 16.0213 0.00695371
  210 209.5 14.7588 0.00640571
  211 210.5 13.3456 0.00579236
  212 211.5 11.8306 0.00513481
  213 212.5 10.2537 0.00445041
  214 213.5 8.68066 0.00376765
  215 214.5 7.14797 0.00310242
  216 215.5 5.71456 0.00248028
  217 216.5 4.42181 0.00191919
  218 217.5 3.32455 0.00144295
  219 218.5 2.43376 0.00105632
  220 219.5 1.76009 0.000763928
  221 220.5 1.26465 0.000548895
  222 221.5 0.92538 0.000401641
  223 222.5 0.70216 0.000304757
  224 223.5 0.565095 0.000245267
  225 224.5 0.479897 0.000208289
  226 225.5 0.421902 0.000183117
  227 226.5 0.387318 0.000168107
  228 227.5 0.363774 0.000157888
  229 228.5 0.349444 0.000151668
  230 229.5 0.338367 0.000146861
  231 230.5 0.331311 0.000143798
  232 231.5 0.326472 0.000141698
  233 232.5 0.318248 0.000138128
  234 233.5 0.312583 0.00013567
  235 234.5 0.309842 0.00013448
  236 235.5 0.30726 0.000133359
  237 236.5 0.307498 0.000133463
  238 237.5 0.303553 0.00013175
  239 238.5 0.301658 0.000130928
  240 239.5 0.300005 0.000130211
  241 240.5 0.301521 0.000130868
  242 241.5 0.299607 0.000130038
  243 242.5 0.298007 0.000129343
  244 243.5 0.30009 0.000130247
  245 244.5 0.303339 0.000131658
  246 245.5 0.304543 0.00013218
  247 246.5 0.306627 0.000133085
  248 247.5 0.311068 0.000135012
  249 248.5 0.316975 0.000137576
  250 249.5 0.316716 0.000137464
  251 250.5 0.321131 0.00013938
  252 251.5 0.323456 0.000140389
  253 252.5 0.325105 0.000141105
  254 253.5 0.326779 0.000141831
  255 254.5 0.327239 0.000142031
  256 255.5 0.33012 0.000143281
  257 256.5 0.334901 0.000145356
  258 257.5 0.331166 0.000143735
  259 258.5 0.326376 0.000141656
  260 259.5 0.32461 0.00014089
  261 260.5 0.327202 0.000142015
  262 261.5 0.329991 0.000143225
  263 262.5 0.324803 0.000140974
  264 263.5 0.327524 0.000142155
  265 264.5 0.329895 0.000143184
  266 265.5 0.329484 0.000143005
  267 266.5 0.326121 0.000141546
  268 267.5 0.331264 0.000143778
  269 268.5 0.333299 0.000144661
  270 269.5 0.333821 0.000144888
  271 270.5 0.335501 0.000145617
  272 271.5 0.34006 0.000147595
  273 272.5 0.338301 0.000146832
  274 273.5 0.33951 0.000147357
  275 274.5 0.338826 0.00014706
  276 275.5 0.337336 0.000146413
  277 276.5 0.336908 0.000146227
  278 277.5 0.336047 0.000145854
  279 278.5 0.337255 0.000146378
  280 279.5 0.33895 0.000147114
  281 280.5 0.33905 0.000147157
  282 281.5 0.336378 0.000145997
  283 282.5 0.33964 0.000147413
  284 283.5 0.340242 0.000147674
  285 284.5 0.344839 0.00014967
  286 285.5 0.343644 0.000149151
  287 286.5 0.343509 0.000149092
  288 287.5 0.342174 0.000148513
  289 288.5 0.343098 0.000148914
  290 289.5 0.343464 0.000149073
  291 290.5 0.342707 0.000148744
  292 291.5 0.344361 0.000149462
  293 292.5 0.343471 0.000149076
  294 293.5 0.341102 0.000148048
  295 294.5 0.343035 0.000148887
  296 295.5 0.343787 0.000149213
  297 296.5 0.343346 0.000149022
  298 297.5 0.340373 0.000147731
  299 298.5 0.342738 0.000148758
  300 299.5 0.34626 0.000150286
  301 300.5 0.346305 0.000150306
  302 301.5 0.343731 0.000149189
  303 302.5 0.34369 0.000149171
  304 303.5 0.34158 0.000148255
  305 304.5 0.341229 0.000148103
  306 305.5 0.343011 0.000148876
  307 306.5 0.338373 0.000146863
  308 307.5 0.336918 0.000146232
  309 308.5 0.334965 0.000145384
  310 309.5 0.331922 0.000144063
  311 310.5 0.329988 0.000143224
  312 311.5 0.331867 0.000144039
  313 312.5 0.33236 0.000144253
  314 313.5 0.333489 0.000144743
  315 314.5 0.334296 0.000145094
  316 315.5 0.331335 0.000143809
  317 316.5 0.332607 0.000144361
  318 317.5 0.329238 0.000142898
  319 318.5 0.334243 0.000145071
  320 319.5 0.336045 0.000145853
  321 320.5 0.339168 0.000147208
  322 321.5 0.335438 0.000145589
  323 322.5 0.33514 0.00014546
  324 323.5 0.328613 0.000142627
  325 324.5 0.325064 0.000141087
  326 325.5 0.32394 0.000140599
  327 326.5 0.326686 0.000141791
  328 327.5 0.32758 0.000142179
  329 328.5 0.331281 0.000143785
  330 329.5 0.331527 0.000143892
  331 330.5 0.330195 0.000143314
  332 331.5 0.331503 0.000143882
  333 332.5 0.333079 0.000144566
  334 333.5 0.333553 0.000144771
  335 334.5 0.333349 0.000144683
  336 335.5 0.335763 0.00014573
  337 336.5 0.335089 0.000145438
  338 337.5 0.333393 0.000144702
  339 338.5 0.334553 0.000145205
  340 339.5 0.333306 0.000144664
  341 340.5 0.329994 0.000143227
  342 341.5 0.328772 0.000142696
  343 342.5 0.328429 0.000142547
  344 343.5 0.325438 0.000141249
  345 344.5 0.322503 0.000139975
  346 345.5 0.32329 0.000140317
  347 346.5 0.324722 0.000140938
  348 347.5 0.314717 0.000136596
  349 348.5 0.308618 0.000133949
  350 349.5 0.304666 0.000132234
  351 350.5 0.30109 0.000130681
  352 351.5 0.298957 0.000129756
  353 352.5 0.296779 0.00012881
  354 353.5 0.29471 0.000127912
  355 354.5 0.29506 0.000128064
  356 355.5 0.296646 0.000128753
  357 356.5 0.29753 0.000129136
  358 357.5 0.302492 0.00013129
  359 358.5 0.304997 0.000132377
  360 359.5 0.30672 0.000133125
  361 360.5 0.30918 0.000134193
  362 361.5 0.307523 0.000133474
  363 362.5 0.303289 0.000131636
  364 363.5 0.301364 0.0001308
  365 364.5 0.302842 0.000131442
  366 365.5 0.300237 0.000130311
  367 366.5 0.302472 0.000131281
  368 367.5 0.311534 0.000135214
  369 368.5 0.312104 0.000135462
  370 369.5 0.310472 0.000134753
  371 370.5 0.307009 0.00013325
  372 371.5 0.308147 0.000133744
  373 372.5 0.311773 0.000135318
  374 373.5 0.314755 0.000136612
  375 374.5 0.318582 0.000138273
  376 375.5 0.317489 0.000137799
  377 376.5 0.311141 0.000135044
  378 377.5 0.313896 0.00013624
  379 378.5 0.311721 0.000135296
  380 379.5 0.312945 0.000135827
  381 380.5 0.313266 0.000135966
  382 381.5 0.316406 0.000137329
  383 382.5 0.318817 0.000138375
  384 383.5 0.325171 0.000141133
  385 384.5 0.323245 0.000140297
  386 385.5 0.324547 0.000140862
  387 386.5 0.320596 0.000139148
  388 387.5 0.317984 0.000138014
  389 388.5 0.31979 0.000138798
  390 389.5 0.318449 0.000138216
  391 390.5 0.320862 0.000139263
  392 391.5 0.321171 0.000139397
  393 392.5 0.323322 0.000140331
  394 393.5 0.325573 0.000141308
  395 394.5 0.326919 0.000141892
  396 395.5 0.325255 0.00014117
  397 396.5 0.323395 0.000140362
  398 397.5 0.324371 0.000140786
  399 398.5 0.32449 0.000140838
  400 399.5 0.326332 0.000141637
  401 400.5 0.32778 0.000142266
  402 401.5 0.324282 0.000140747
  403 402.5 0.3247 0.000140929
  404 403.5 0.323568 0.000140437
  405 404.5 0.322937 0.000140164
  406 405.5 0.327328 0.000142069
  407 406.5 0.334933 0.00014537
  408 407.5 0.346946 0.000150584
  409 408.5 0.362203 0.000157206
  410 409.5 0.378964 0.000164481
  411 410.5 0.408572 0.000177332
  412 411.5 0.458621 0.000199054
  413 412.5 0.541468 0.000235012
  414 413.5 0.669395 0.000290536
  415 414.5 0.863868 0.000374943
  416 415.5 1.15197 0.000499987
  417 416.5 1.56023 0.000677183
  418 417.5 2.1094 0.000915539
  419 418.5 2.81253 0.00122071
  420 419.5 3.66772 0.00159189
  421 420.5 4.62331 0.00200664
  422 421.5 5.67687 0.00246392
  423 422.5 6.8221 0.00296098
  424 423.5 7.96552 0.00345726
  425 424.5 9.08976 0.00394521
  426 425.5 10.1826 0.00441955
  427 426.5 11.2051 0.00486332
  428 427.5 12.0572 0.00523317
  429 428.5 12.729 0.00552474
  430 429.5 13.2351 0.00574441
  431 430.5 13.5686 0.00588914
  432 431.5 13.7281 0.00595838
  433 432.5 13.7715 0.00597723
  434 433.5 13.7411 0.00596403
  435 434.5 13.6296 0.00591561
  436 435.5 13.5006 0.00585964
  437 436.5 13.322 0.00578213
  438 437.5 13.1406 0.00570338
  439 438.5 12.955 0.00562282
  440 439.5 12.7416 0.00553019
  441 440.5 12.5434 0.00544417
  442 441.5 12.3405 0.00535614
  443 442.5 12.1384 0.00526842
  444 443.5 11.914 0.005171
  445 444.5 11.6997 0.00507801
  446 445.5 11.4796 0.00498248
  447 446.5 11.2738 0.00489314
  448 447.5 11.0399 0.00479162
  449 448.5 10.8374 0.00470374
  450 449.5 10.6126 0.00460614
  451 450.5 10.3851 0.00450743
  452 451.5 10.1448 0.00440315
  453 452.5 9.92882 0.00430938
  454 453.5 9.7116 0.0042151
  455 454.5 9.49113 0.00411941
  456 455.5 9.26411 0.00402088
  457 456.5 9.06303 0.00393361
  458 457.5 8.86336 0.00384695
  459 458.5 8.65834 0.00375796
  460 459.5 8.46783 0.00367528
  461 460.5 8.28341 0.00359523
  462 461.5 8.10958 0.00351978
  463 462.5 7.93141 0.00344245
  464 463.5 7.76701 0.0033711
  465 464.5 7.60133 0.00329919
  466 465.5 7.4638 0.0032395
  467 466.5 7.33575 0.00318392
  468 467.5 7.21706 0.0031324
  469 468.5 7.10262 0.00308273
  470 469.5 6.99461 0.00303585
  471 470.5 6.89308 0.00299179
  472 471.5 6.80025 0.0029515
  473 472.5 6.7274 0.00291988
  474 473.5 6.64983 0.00288621
  475 474.5 6.58253 0.002857
  476 475.5 6.53014 0.00283426
  477 476.5 6.46668 0.00280672
  478 477.5 6.42306 0.00278779
  479 478.5 6.3711 0.00276523
  480 479.5 6.34484 0.00275384
  481 480.5 6.31442 0.00274063
  482 481.5 6.27381 0.00272301
  483 482.5 6.24724 0.00271147
  484 483.5 6.22324 0.00270106
  485 484.5 6.19726 0.00268978
  486 485.5 6.18564 0.00268474
  487 486.5 6.15504 0.00267146
  488 487.5 6.1257 0.00265872
  489 488.5 6.1149 0.00265404
  490 489.5 6.0989 0.00264709
  491 490.5 6.09165 0.00264395
  492 491.5 6.0798 0.0026388
  493 492.5 6.06219 0.00263116
  494 493.5 6.05361 0.00262744
  495 494.5 6.04779 0.00262491
  496 495.5 6.0384 0.00262083
  497 496.5 6.03914 0.00262115
  498 497.5 6.03931 0.00262123
  499 498.5 6.03496 0.00261934
  500 499.5 6.03678 0.00262013
  501 500.5 6.02823 0.00261642
  502 501.5 6.03095 0.0026176
  503 502.5 6.0316 0.00261788
  504 503.5 6.026 0.00261545
  505 504.5 6.0373 0.00262036
  506 505.5 6.035 0.00261936
  507 506.5 6.03221 0.00261815
  508 507.5 6.04533 0.00262384
  509 508.5 6.04155 0.0026222
  510 509.5 6.05268 0.00262703
  511 510.5 6.04321 0.00262292
  512 511.5 6.04745 0.00262476
  513 512.5 6.0549 0.00262799
  514 513.5 6.05536 0.0026282
  515 514.5 6.05225 0.00262684
  516 515.5 6.05735 0.00262906
  517 516.5 6.06847 0.00263388
  518 517.5 6.07917 0.00263853
  519 518.5 6.08752 0.00264215
  520 519.5 6.08947 0.002643
  521 520.5 6.09214 0.00264416
  522 521.5 6.09123 0.00264376
  523 522.5 6.09695 0.00264625
  524 523.5 6.10468 0.0026496
  525 524.5 6.10154 0.00264824
  526 525.5 6.10972 0.00265179
  527 526.5 6.10473 0.00264962
  528 527.5 6.11131 0.00265248
  529 528.5 6.11638 0.00265468
  530 529.5 6.1087 0.00265135
  531 530.5 6.11239 0.00265295
  532 531.5 6.11342 0.00265339
  533 532.5 6.12262 0.00265739
  534 533.5 6.11434 0.00265379
  535 534.5 6.11145 0.00265254
  536 535.5 6.10369 0.00264917
  537 536.5 6.09655 0.00264607
  538 537.5 6.09246 0.0026443
  539 538.5 6.08601 0.0026415
  540 539.5 6.07404 0.0026363
  541 540.5 6.07581 0.00263707
  542 541.5 6.0671 0.00263329
  543 542.5 6.06207 0.00263111
  544 543.5 6.06121 0.00263073
  545 544.5 6.07309 0.00263589
  546 545.5 6.06481 0.0026323
  547 546.5 6.06312 0.00263156
  548 547.5 6.07038 0.00263471
  549 548.5 6.07916 0.00263853
  550 549.5 6.06978 0.00263445
  551 550.5 6.06456 0.00263219
  552 551.5 6.07541 0.0026369
  553 552.5 6.07568 0.00263701
  554 553.5 6.08452 0.00264085
  555 554.5 6.07802 0.00263803
  556 555.5 6.08556 0.0026413
  557 556.5 6.08351 0.00264041
  558 557.5 6.08629 0.00264162
  559 558.5 6.08545 0.00264125
  560 559.5 6.08266 0.00264004
  561 560.5 6.09754 0.0026465
  562 561.5 6.10289 0.00264882
  563 562.5 6.09265 0.00264438
  564 563.5 6.1044 0.00264948
  565 564.5 6.10198 0.00264843
  566 565.5 6.092 0.0026441
  567 566.5 6.09094 0.00264364
  568 567.5 6.09161 0.00264393
  569 568.5 6.09324 0.00264463
  570 569.5 6.0789 0.00263841
  571 570.5 6.08889 0.00264275
  572 571.5 6.09921 0.00264723
  573 572.5 6.08744 0.00264212
  574 573.5 6.09658 0.00264608
  575 574.5 6.09472 0.00264528
  576 575.5 6.10202 0.00264844
  577 576.5 6.10401 0.00264931
  578 577.5 6.10853 0.00265127
  579 578.5 6.11904 0.00265583
  580 579.5 6.12586 0.00265879
  581 580.5 6.12213 0.00265717
  582 581.5 6.1227 0.00265742
  583 582.5 6.13293 0.00266186
  584 583.5 6.13445 0.00266252
  585 584.5 6.14349 0.00266644
  586 585.5 6.15854 0.00267298
  587 586.5 6.16655 0.00267645
  588 587.5 6.19113 0.00268712
  589 588.5 6.2063 0.00269371
  590 589.5 6.22142 0.00270027
  591 590.5 6.26231 0.00271802
  592 591.5 6.29724 0.00273318
  593 592.5 6.34026 0.00275185
  594 593.5 6.38117 0.00276961
  595 594.5 6.43454 0.00279277
  596 595.5 6.49979 0.00282109
  597 596.5 6.56149 0.00284787
  598 597.5 6.63693 0.00288061
  599 598.5 6.70359 0.00290955
  600 599.5 6.78719 0.00294583
  601 600.5 6.88262 0.00298725
  602 601.5 6.98423 0.00303135
  603 602.5 7.08271 0.00307409
  604 603.5 7.18241 0.00311737
  605 604.5 7.30963 0.00317258
  606 605.5 7.43339 0.0032263
  607 606.5 7.56784 0.00328465
  608 607.5 7.69675 0.0033406
  609 608.5 7.84299 0.00340408
  610 609.5 7.99895 0.00347177
  611 610.5 8.14788 0.00353641
  612 611.5 8.30868 0.0036062
  613 612.5 8.48965 0.00368474
  614 613.5 8.64446 0.00375193
  615 614.5 8.84992 0.00384111
  616 615.5 9.04534 0.00392593
  617 616.5 9.23901 0.00400999
  618 617.5 9.4385 0.00409657
  619 618.5 9.65113 0.00418886
  620 619.5 9.86172 0.00428026
  621 620.5 10.0758 0.00437317
  622 621.5 10.3164 0.00447763
  623 622.5 10.542 0.00457553
  624 623.5 10.7981 0.00468667
