# Chunk-averaged data for fix tensor2 and group c1
# Timestep Number-of-chunks Total-count
# Chunk Coord1 Ncount density/number
20000000 480 4942.999999999997
  1 0.5 5.50661 0.00239002
  2 1.5 6.40962 0.00278195
  3 2.5 7.48449 0.00324847
  4 3.5 8.70274 0.00377723
  5 4.5 9.98817 0.00433514
  6 5.5 11.3803 0.00493937
  7 6.5 12.8388 0.00557242
  8 7.5 14.329 0.00621919
  9 8.5 15.7494 0.00683567
  10 9.5 17.1656 0.00745035
  11 10.5 18.4761 0.00801914
  12 11.5 19.67 0.00853732
  13 12.5 20.7048 0.00898646
  14 13.5 21.6522 0.00939767
  15 14.5 22.4337 0.00973686
  16 15.5 23.1153 0.0100327
  17 16.5 23.6703 0.0102736
  18 17.5 24.1697 0.0104903
  19 18.5 24.5257 0.0106448
  20 19.5 24.8377 0.0107803
  21 20.5 25.109 0.010898
  22 21.5 25.309 0.0109848
  23 22.5 25.4775 0.0110579
  24 23.5 25.6388 0.011128
  25 24.5 25.7198 0.0111631
  26 25.5 25.7878 0.0111926
  27 26.5 25.8879 0.0112361
  28 27.5 25.9752 0.011274
  29 28.5 26.0199 0.0112934
  30 29.5 26.082 0.0113203
  31 30.5 26.1363 0.0113439
  32 31.5 26.132 0.011342
  33 32.5 26.1756 0.0113609
  34 33.5 26.1693 0.0113582
  35 34.5 26.1943 0.011369
  36 35.5 26.2369 0.0113875
  37 36.5 26.2196 0.01138
  38 37.5 26.2131 0.0113772
  39 38.5 26.23 0.0113846
  40 39.5 26.26 0.0113976
  41 40.5 26.2534 0.0113947
  42 41.5 26.1892 0.0113668
  43 42.5 26.2513 0.0113938
  44 43.5 26.2471 0.011392
  45 44.5 26.2217 0.011381
  46 45.5 26.2122 0.0113768
  47 46.5 26.2439 0.0113906
  48 47.5 26.2245 0.0113822
  49 48.5 26.224 0.0113819
  50 49.5 26.207 0.0113746
  51 50.5 26.2465 0.0113917
  52 51.5 26.2197 0.0113801
  53 52.5 26.2111 0.0113764
  54 53.5 26.2462 0.0113916
  55 54.5 26.2869 0.0114092
  56 55.5 26.2089 0.0113754
  57 56.5 26.2242 0.0113821
  58 57.5 26.2616 0.0113983
  59 58.5 26.3094 0.011419
  60 59.5 26.2877 0.0114096
  61 60.5 26.267 0.0114006
  62 61.5 26.3072 0.011418
  63 62.5 26.3423 0.0114333
  64 63.5 26.3007 0.0114152
  65 64.5 26.2773 0.0114051
  66 65.5 26.3181 0.0114228
  67 66.5 26.3221 0.0114245
  68 67.5 26.31 0.0114193
  69 68.5 26.2973 0.0114138
  70 69.5 26.3396 0.0114321
  71 70.5 26.316 0.0114219
  72 71.5 26.2803 0.0114064
  73 72.5 26.3027 0.0114161
  74 73.5 26.3086 0.0114187
  75 74.5 26.3026 0.011416
  76 75.5 26.3245 0.0114255
  77 76.5 26.3258 0.0114261
  78 77.5 26.321 0.011424
  79 78.5 26.3249 0.0114257
  80 79.5 26.3264 0.0114264
  81 80.5 26.3176 0.0114226
  82 81.5 26.3398 0.0114322
  83 82.5 26.3349 0.0114301
  84 83.5 26.3323 0.011429
  85 84.5 26.3855 0.011452
  86 85.5 26.3829 0.0114509
  87 86.5 26.3855 0.011452
  88 87.5 26.3768 0.0114483
  89 88.5 26.3755 0.0114477
  90 89.5 26.3899 0.011454
  91 90.5 26.3598 0.0114409
  92 91.5 26.405 0.0114605
  93 92.5 26.4351 0.0114735
  94 93.5 26.4241 0.0114688
  95 94.5 26.4284 0.0114706
  96 95.5 26.4916 0.0114981
  97 96.5 26.5038 0.0115034
  98 97.5 26.4858 0.0114956
  99 98.5 26.507 0.0115048
  100 99.5 26.5349 0.0115169
  101 100.5 26.5205 0.0115106
  102 101.5 26.4778 0.0114921
  103 102.5 26.5232 0.0115118
  104 103.5 26.5169 0.0115091
  105 104.5 26.5074 0.011505
  106 105.5 26.4796 0.0114929
  107 106.5 26.5019 0.0115026
  108 107.5 26.4736 0.0114903
  109 108.5 26.4386 0.0114751
  110 109.5 26.4374 0.0114746
  111 110.5 26.4521 0.011481
  112 111.5 26.4216 0.0114677
  113 112.5 26.4035 0.0114598
  114 113.5 26.4138 0.0114643
  115 114.5 26.427 0.01147
  116 115.5 26.3849 0.0114518
  117 116.5 26.4212 0.0114675
  118 117.5 26.4454 0.011478
  119 118.5 26.3848 0.0114517
  120 119.5 26.3745 0.0114472
  121 120.5 26.4074 0.0114615
  122 121.5 26.4055 0.0114607
  123 122.5 26.3801 0.0114497
  124 123.5 26.4184 0.0114663
  125 124.5 26.4125 0.0114638
  126 125.5 26.4271 0.0114701
  127 126.5 26.3882 0.0114532
  128 127.5 26.4476 0.011479
  129 128.5 26.4403 0.0114758
  130 129.5 26.4132 0.0114641
  131 130.5 26.4344 0.0114733
  132 131.5 26.4459 0.0114783
  133 132.5 26.4277 0.0114703
  134 133.5 26.4053 0.0114606
  135 134.5 26.4089 0.0114622
  136 135.5 26.4069 0.0114613
  137 136.5 26.4094 0.0114624
  138 137.5 26.3792 0.0114493
  139 138.5 26.3935 0.0114555
  140 139.5 26.3972 0.0114571
  141 140.5 26.3156 0.0114217
  142 141.5 26.2923 0.0114116
  143 142.5 26.2953 0.0114129
  144 143.5 26.2595 0.0113973
  145 144.5 26.1797 0.0113627
  146 145.5 26.1277 0.0113402
  147 146.5 26.1172 0.0113356
  148 147.5 25.9913 0.011281
  149 148.5 25.9128 0.0112469
  150 149.5 25.81 0.0112023
  151 150.5 25.6445 0.0111304
  152 151.5 25.3792 0.0110153
  153 152.5 25.1151 0.0109007
  154 153.5 24.7653 0.0107488
  155 154.5 24.2402 0.0105209
  156 155.5 23.6645 0.0102711
  157 156.5 22.9229 0.00994918
  158 157.5 21.9733 0.00953704
  159 158.5 20.8797 0.00906238
  160 159.5 19.5748 0.00849601
  161 160.5 18.0634 0.00784003
  162 161.5 16.3846 0.00711138
  163 162.5 14.6309 0.00635021
  164 163.5 12.8245 0.00556619
  165 164.5 11.0872 0.00481217
  166 165.5 9.42585 0.00409108
  167 166.5 7.94621 0.00344888
  168 167.5 6.67519 0.00289722
  169 168.5 5.5924 0.00242726
  170 169.5 4.70857 0.00204365
  171 170.5 4.03723 0.00175227
  172 171.5 3.50921 0.00152309
  173 172.5 3.08755 0.00134008
  174 173.5 2.77846 0.00120593
  175 174.5 2.53917 0.00110207
  176 175.5 2.37987 0.00103293
  177 176.5 2.24333 0.000973669
  178 177.5 2.15596 0.000935745
  179 178.5 2.08199 0.000903643
  180 179.5 2.02632 0.00087948
  181 180.5 1.98384 0.000861043
  182 181.5 1.9567 0.000849263
  183 182.5 1.92876 0.000837137
  184 183.5 1.93083 0.000838034
  185 184.5 1.92695 0.000836348
  186 185.5 1.89981 0.000824572
  187 186.5 1.90097 0.000825076
  188 187.5 1.90819 0.000828206
  189 188.5 1.9013 0.000825216
  190 189.5 1.89927 0.000824336
  191 190.5 1.89492 0.000822448
  192 191.5 1.89408 0.000822082
  193 192.5 1.88241 0.000817017
  194 193.5 1.88083 0.000816334
  195 194.5 1.85791 0.000806385
  196 195.5 1.85645 0.00080575
  197 196.5 1.86691 0.000810293
  198 197.5 1.87448 0.000813578
  199 198.5 1.87352 0.000813161
  200 199.5 1.8853 0.000818274
  201 200.5 1.8894 0.000820053
  202 201.5 1.89556 0.000822725
  203 202.5 1.89919 0.000824302
  204 203.5 1.91441 0.000830907
  205 204.5 1.93252 0.000838768
  206 205.5 1.93247 0.000838745
  207 206.5 1.94052 0.000842238
  208 207.5 1.9568 0.000849307
  209 208.5 1.97133 0.000855612
  210 209.5 1.97581 0.000857557
  211 210.5 1.97723 0.000858174
  212 211.5 1.99672 0.00086663
  213 212.5 1.99714 0.000866816
  214 213.5 1.99846 0.000867386
  215 214.5 2.0052 0.000870313
  216 215.5 1.99852 0.000867415
  217 216.5 2.00734 0.00087124
  218 217.5 2.02892 0.000880609
  219 218.5 2.02074 0.000877057
  220 219.5 2.00387 0.000869734
  221 220.5 1.9953 0.000866014
  222 221.5 2.00097 0.000868476
  223 222.5 1.99325 0.000865126
  224 223.5 1.98908 0.000863317
  225 224.5 1.97771 0.00085838
  226 225.5 1.97425 0.000856879
  227 226.5 1.98998 0.000863706
  228 227.5 1.99947 0.000867824
  229 228.5 1.99509 0.000865923
  230 229.5 1.98887 0.000863227
  231 230.5 2.0019 0.000868882
  232 231.5 2.01297 0.000873686
  233 232.5 2.01739 0.000875602
  234 233.5 2.02861 0.000880472
  235 234.5 2.03471 0.00088312
  236 235.5 2.03881 0.000884898
  237 236.5 2.01679 0.000875345
  238 237.5 2.01314 0.00087376
  239 238.5 2.01262 0.000873532
  240 239.5 2.01754 0.000875669
  241 240.5 2.02525 0.000879013
  242 241.5 2.02509 0.000878945
  243 242.5 2.02441 0.00087865
  244 243.5 2.02881 0.000880561
  245 244.5 2.02478 0.000878813
  246 245.5 2.0196 0.000876564
  247 246.5 2.01243 0.000873451
  248 247.5 2.01426 0.000874243
  249 248.5 2.01219 0.000873348
  250 249.5 2.01231 0.000873397
  251 250.5 2.00583 0.000870588
  252 251.5 2.00686 0.000871034
  253 252.5 1.99792 0.000867153
  254 253.5 1.98165 0.000860093
  255 254.5 1.96921 0.000854693
  256 255.5 1.9662 0.000853385
  257 256.5 1.96943 0.000854787
  258 257.5 1.97182 0.000855826
  259 258.5 1.96671 0.000853607
  260 259.5 1.95194 0.000847194
  261 260.5 1.95391 0.000848053
  262 261.5 1.96114 0.000851191
  263 262.5 1.9551 0.000848569
  264 263.5 1.963 0.000851995
  265 264.5 1.97786 0.000858448
  266 265.5 1.98087 0.000859751
  267 266.5 1.98011 0.000859423
  268 267.5 1.97196 0.000855885
  269 268.5 1.97761 0.000858339
  270 269.5 1.98145 0.000860005
  271 270.5 1.98218 0.000860319
  272 271.5 1.98505 0.000861568
  273 272.5 1.97943 0.000859128
  274 273.5 1.98208 0.000860276
  275 274.5 1.98317 0.000860753
  276 275.5 1.98503 0.00086156
  277 276.5 2.00239 0.000869095
  278 277.5 2.01867 0.000876158
  279 278.5 2.02058 0.00087699
  280 279.5 2.01578 0.000874905
  281 280.5 2.01106 0.000872855
  282 281.5 2.00832 0.000871666
  283 282.5 2.00252 0.000869148
  284 283.5 1.9952 0.000865972
  285 284.5 1.98922 0.000863376
  286 285.5 1.99679 0.000866662
  287 286.5 2.00157 0.000868735
  288 287.5 2.01859 0.000876125
  289 288.5 2.02405 0.000878493
  290 289.5 2.02764 0.000880052
  291 290.5 2.003 0.000869356
  292 291.5 1.99057 0.000863963
  293 292.5 1.98942 0.000863462
  294 293.5 1.98202 0.00086025
  295 294.5 1.99091 0.000864109
  296 295.5 1.99043 0.000863901
  297 296.5 1.98284 0.000860606
  298 297.5 1.99409 0.000865492
  299 298.5 2.00085 0.000868424
  300 299.5 2.00118 0.000868567
  301 300.5 2.01453 0.000874361
  302 301.5 2.0153 0.000874698
  303 302.5 2.01895 0.000876281
  304 303.5 2.02079 0.000877077
  305 304.5 2.04003 0.000885428
  306 305.5 2.0496 0.000889585
  307 306.5 2.06395 0.000895812
  308 307.5 2.09853 0.000910819
  309 308.5 2.14911 0.000932772
  310 309.5 2.19334 0.000951969
  311 310.5 2.25959 0.000980726
  312 311.5 2.37165 0.00102936
  313 312.5 2.51832 0.00109302
  314 313.5 2.72261 0.00118169
  315 314.5 2.98615 0.00129607
  316 315.5 3.33209 0.00144622
  317 316.5 3.75732 0.00163078
  318 317.5 4.32833 0.00187861
  319 318.5 5.0284 0.00218247
  320 319.5 5.89246 0.00255749
  321 320.5 6.92196 0.00300432
  322 321.5 8.08547 0.00350932
  323 322.5 9.34592 0.00405639
  324 323.5 10.6903 0.00463991
  325 324.5 11.999 0.00520789
  326 325.5 13.2031 0.00573052
  327 326.5 14.2673 0.00619238
  328 327.5 15.0997 0.00655367
  329 328.5 15.6005 0.00677105
  330 329.5 15.8061 0.00686029
  331 330.5 15.671 0.00680164
  332 331.5 15.2509 0.00661931
  333 332.5 14.5129 0.00629899
  334 333.5 13.5848 0.00589619
  335 334.5 12.4818 0.00541747
  336 335.5 11.2893 0.00489988
  337 336.5 10.0387 0.00435708
  338 337.5 8.84152 0.00383746
  339 338.5 7.71159 0.00334704
  340 339.5 6.66933 0.00289467
  341 340.5 5.77853 0.00250804
  342 341.5 4.97361 0.00215868
  343 342.5 4.30197 0.00186718
  344 343.5 3.7768 0.00163924
  345 344.5 3.33531 0.00144762
  346 345.5 2.99033 0.00129789
  347 346.5 2.71803 0.0011797
  348 347.5 2.50809 0.00108858
  349 348.5 2.35079 0.00102031
  350 349.5 2.23805 0.000971374
  351 350.5 2.15954 0.0009373
  352 351.5 2.08554 0.000905181
  353 352.5 2.04382 0.000887076
  354 353.5 2.00781 0.000871444
  355 354.5 1.97175 0.000855793
  356 355.5 1.95909 0.000850299
  357 356.5 1.93575 0.00084017
  358 357.5 1.92414 0.000835131
  359 358.5 1.92451 0.000835293
  360 359.5 1.91664 0.000831877
  361 360.5 1.90818 0.000828202
  362 361.5 1.90609 0.000827295
  363 362.5 1.89854 0.000824019
  364 363.5 1.899 0.000824219
  365 364.5 1.89791 0.000823747
  366 365.5 1.88938 0.000820043
  367 366.5 1.89175 0.000821073
  368 367.5 1.89854 0.000824021
  369 368.5 1.90552 0.000827047
  370 369.5 1.894 0.000822049
  371 370.5 1.90083 0.000825015
  372 371.5 1.913 0.000830296
  373 372.5 1.91453 0.00083096
  374 373.5 1.90489 0.000826775
  375 374.5 1.89954 0.000824451
  376 375.5 1.90408 0.000826424
  377 376.5 1.89786 0.000823723
  378 377.5 1.894 0.000822048
  379 378.5 1.8953 0.000822613
  380 379.5 1.89608 0.000822951
  381 380.5 1.88335 0.000817425
  382 381.5 1.88705 0.000819034
  383 382.5 1.89408 0.000822082
  384 383.5 1.90952 0.000828786
  385 384.5 1.90379 0.000826296
  386 385.5 1.90907 0.000828588
  387 386.5 1.90879 0.00082847
  388 387.5 1.90763 0.000827966
  389 388.5 1.90696 0.000827674
  390 389.5 1.91311 0.000830344
  391 390.5 1.91754 0.000832264
  392 391.5 1.91873 0.000832783
  393 392.5 1.91053 0.000829222
  394 393.5 1.92085 0.000833704
  395 394.5 1.91463 0.000831004
  396 395.5 1.9042 0.000826477
  397 396.5 1.90266 0.000825809
  398 397.5 1.90889 0.00082851
  399 398.5 1.9135 0.00083051
  400 399.5 1.92381 0.000834986
  401 400.5 1.9236 0.000834897
  402 401.5 1.91312 0.000830349
  403 402.5 1.91998 0.000833326
  404 403.5 1.92514 0.000835563
  405 404.5 1.91924 0.000833005
  406 405.5 1.90771 0.000828
  407 406.5 1.91273 0.000830176
  408 407.5 1.92039 0.000833504
  409 408.5 1.92316 0.000834707
  410 409.5 1.92119 0.00083385
  411 410.5 1.92531 0.000835638
  412 411.5 1.92616 0.000836006
  413 412.5 1.91436 0.000830885
  414 413.5 1.91494 0.000831139
  415 414.5 1.91585 0.000831532
  416 415.5 1.91913 0.000832954
  417 416.5 1.91323 0.000830395
  418 417.5 1.90748 0.000827901
  419 418.5 1.91224 0.000829964
  420 419.5 1.90259 0.000825777
  421 420.5 1.8972 0.000823437
  422 421.5 1.90359 0.000826213
  423 422.5 1.90128 0.000825207
  424 423.5 1.91638 0.000831761
  425 424.5 1.90811 0.000828173
  426 425.5 1.90255 0.00082576
  427 426.5 1.90865 0.000828409
  428 427.5 1.90754 0.000827924
  429 428.5 1.89985 0.000824587
  430 429.5 1.89198 0.000821172
  431 430.5 1.90167 0.000825376
  432 431.5 1.90559 0.000827079
  433 432.5 1.897 0.000823351
  434 433.5 1.90029 0.00082478
  435 434.5 1.89483 0.000822407
  436 435.5 1.89838 0.000823948
  437 436.5 1.89684 0.00082328
  438 437.5 1.89128 0.000820867
  439 438.5 1.89353 0.000821845
  440 439.5 1.88818 0.000819524
  441 440.5 1.8888 0.000819793
  442 441.5 1.8788 0.000815451
  443 442.5 1.87843 0.000815289
  444 443.5 1.87859 0.000815361
  445 444.5 1.87588 0.000814182
  446 445.5 1.88449 0.000817919
  447 446.5 1.88038 0.000816136
  448 447.5 1.86704 0.000810347
  449 448.5 1.87891 0.000815501
  450 449.5 1.89006 0.000820339
  451 450.5 1.8884 0.000819616
  452 451.5 1.8883 0.000819574
  453 452.5 1.88365 0.000817557
  454 453.5 1.89226 0.000821295
  455 454.5 1.8896 0.00082014
  456 455.5 1.88849 0.000819655
  457 456.5 1.88936 0.000820036
  458 457.5 1.89306 0.000821642
  459 458.5 1.89237 0.000821341
  460 459.5 1.89771 0.000823659
  461 460.5 1.90727 0.000827807
  462 461.5 1.92315 0.000834699
  463 462.5 1.93026 0.000837786
  464 463.5 1.93952 0.000841807
  465 464.5 1.93789 0.000841096
  466 465.5 1.95708 0.000849427
  467 466.5 1.97767 0.000858364
  468 467.5 1.99596 0.000866301
  469 468.5 2.02689 0.000879725
  470 469.5 2.06986 0.000898377
  471 470.5 2.13441 0.000926391
  472 471.5 2.21382 0.000960859
  473 472.5 2.30793 0.0010017
  474 473.5 2.46028 0.00106783
  475 474.5 2.64155 0.00114651
  476 475.5 2.88514 0.00125223
  477 476.5 3.1974 0.00138776
  478 477.5 3.60298 0.00156379
  479 478.5 4.13292 0.0017938
  480 479.5 4.75809 0.00206514
30000000 480 4942.9999999999945
  1 0.5 11.1233 0.00482784
  2 1.5 12.4933 0.00542244
  3 2.5 13.925 0.00604384
  4 3.5 15.3415 0.00665865
  5 4.5 16.6987 0.00724771
  6 5.5 17.9489 0.00779034
  7 6.5 19.1634 0.00831746
  8 7.5 20.2362 0.00878307
  9 8.5 21.2006 0.00920165
  10 9.5 22.0442 0.00956781
  11 10.5 22.7853 0.00988947
  12 11.5 23.4242 0.0101667
  13 12.5 23.9231 0.0103833
  14 13.5 24.3517 0.0105693
  15 14.5 24.7125 0.0107259
  16 15.5 24.9672 0.0108365
  17 16.5 25.1853 0.0109311
  18 17.5 25.3708 0.0110116
  19 18.5 25.4861 0.0110617
  20 19.5 25.6606 0.0111374
  21 20.5 25.7346 0.0111695
  22 21.5 25.7954 0.0111959
  23 22.5 25.8708 0.0112287
  24 23.5 25.923 0.0112513
  25 24.5 26.001 0.0112851
  26 25.5 25.9971 0.0112835
  27 26.5 26.0602 0.0113108
  28 27.5 26.123 0.0113381
  29 28.5 26.1172 0.0113356
  30 29.5 26.1499 0.0113498
  31 30.5 26.1901 0.0113672
  32 31.5 26.2314 0.0113851
  33 32.5 26.2161 0.0113785
  34 33.5 26.2286 0.011384
  35 34.5 26.2734 0.0114034
  36 35.5 26.2654 0.0113999
  37 36.5 26.251 0.0113937
  38 37.5 26.2652 0.0113998
  39 38.5 26.2749 0.011404
  40 39.5 26.269 0.0114015
  41 40.5 26.2462 0.0113916
  42 41.5 26.2627 0.0113988
  43 42.5 26.2496 0.0113931
  44 43.5 26.2538 0.0113949
  45 44.5 26.2775 0.0114052
  46 45.5 26.2852 0.0114085
  47 46.5 26.2466 0.0113918
  48 47.5 26.2412 0.0113894
  49 48.5 26.2329 0.0113858
  50 49.5 26.2498 0.0113931
  51 50.5 26.245 0.0113911
  52 51.5 26.2203 0.0113803
  53 52.5 26.2185 0.0113796
  54 53.5 26.2326 0.0113857
  55 54.5 26.1823 0.0113639
  56 55.5 26.1654 0.0113565
  57 56.5 26.1925 0.0113683
  58 57.5 26.1804 0.011363
  59 58.5 26.1477 0.0113488
  60 59.5 26.1325 0.0113422
  61 60.5 26.1975 0.0113704
  62 61.5 26.194 0.0113689
  63 62.5 26.1856 0.0113653
  64 63.5 26.1958 0.0113697
  65 64.5 26.203 0.0113728
  66 65.5 26.1986 0.0113709
  67 66.5 26.1638 0.0113558
  68 67.5 26.1717 0.0113593
  69 68.5 26.1993 0.0113712
  70 69.5 26.1645 0.0113561
  71 70.5 26.1573 0.011353
  72 71.5 26.1531 0.0113512
  73 72.5 26.1571 0.0113529
  74 73.5 26.1032 0.0113295
  75 74.5 26.1061 0.0113308
  76 75.5 26.0955 0.0113262
  77 76.5 26.0839 0.0113211
  78 77.5 26.0362 0.0113004
  79 78.5 26.0662 0.0113135
  80 79.5 26.0364 0.0113005
  81 80.5 26.0339 0.0112995
  82 81.5 26.0374 0.0113009
  83 82.5 26.0495 0.0113062
  84 83.5 26.0346 0.0112997
  85 84.5 26.0081 0.0112882
  86 85.5 26.0509 0.0113068
  87 86.5 26.0303 0.0112979
  88 87.5 26.0074 0.0112879
  89 88.5 25.9709 0.0112721
  90 89.5 25.9896 0.0112802
  91 90.5 25.9777 0.011275
  92 91.5 25.9765 0.0112745
  93 92.5 25.9872 0.0112792
  94 93.5 26.0224 0.0112944
  95 94.5 26.0139 0.0112907
  96 95.5 26.0356 0.0113002
  97 96.5 26.076 0.0113177
  98 97.5 26.0959 0.0113263
  99 98.5 26.0822 0.0113204
  100 99.5 26.1059 0.0113307
  101 100.5 26.1109 0.0113328
  102 101.5 26.1192 0.0113364
  103 102.5 26.1569 0.0113528
  104 103.5 26.1345 0.0113431
  105 104.5 26.1569 0.0113528
  106 105.5 26.1388 0.0113449
  107 106.5 26.1517 0.0113506
  108 107.5 26.1253 0.0113391
  109 108.5 26.1205 0.011337
  110 109.5 26.1278 0.0113402
  111 110.5 26.1313 0.0113417
  112 111.5 26.1394 0.0113452
  113 112.5 26.1522 0.0113508
  114 113.5 26.138 0.0113446
  115 114.5 26.1116 0.0113332
  116 115.5 26.1406 0.0113457
  117 116.5 26.1802 0.0113629
  118 117.5 26.1595 0.0113539
  119 118.5 26.1205 0.011337
  120 119.5 26.1754 0.0113608
  121 120.5 26.2107 0.0113762
  122 121.5 26.1645 0.0113561
  123 122.5 26.1253 0.0113391
  124 123.5 26.1925 0.0113683
  125 124.5 26.2253 0.0113825
  126 125.5 26.1786 0.0113622
  127 126.5 26.1533 0.0113512
  128 127.5 26.2203 0.0113803
  129 128.5 26.1971 0.0113703
  130 129.5 26.1829 0.0113641
  131 130.5 26.1891 0.0113668
  132 131.5 26.197 0.0113702
  133 132.5 26.2041 0.0113733
  134 133.5 26.1853 0.0113652
  135 134.5 26.1814 0.0113634
  136 135.5 26.1576 0.0113531
  137 136.5 26.1592 0.0113538
  138 137.5 26.1304 0.0113413
  139 138.5 26.1063 0.0113309
  140 139.5 26.1768 0.0113615
  141 140.5 26.1112 0.011333
  142 141.5 26.0847 0.0113215
  143 142.5 26.0572 0.0113096
  144 143.5 26.0288 0.0112972
  145 144.5 26.0008 0.0112851
  146 145.5 25.9165 0.0112485
  147 146.5 25.8194 0.0112064
  148 147.5 25.7258 0.0111657
  149 148.5 25.5737 0.0110997
  150 149.5 25.3408 0.0109986
  151 150.5 25.0748 0.0108832
  152 151.5 24.7721 0.0107518
  153 152.5 24.3723 0.0105783
  154 153.5 23.8371 0.010346
  155 154.5 23.2167 0.0100767
  156 155.5 22.4814 0.00975755
  157 156.5 21.5173 0.00933911
  158 157.5 20.3839 0.00884718
  159 158.5 19.0914 0.0082862
  160 159.5 17.5971 0.00763763
  161 160.5 15.9956 0.00694254
  162 161.5 14.3142 0.00621278
  163 162.5 12.588 0.00546354
  164 163.5 10.9292 0.00474356
  165 164.5 9.34465 0.00405584
  166 165.5 7.90653 0.00343166
  167 166.5 6.68135 0.00289989
  168 167.5 5.63566 0.00244603
  169 168.5 4.75483 0.00206373
  170 169.5 4.08175 0.00177159
  171 170.5 3.55263 0.00154194
  172 171.5 3.15278 0.00136839
  173 172.5 2.8565 0.0012398
  174 173.5 2.6292 0.00114115
  175 174.5 2.46311 0.00106906
  176 175.5 2.32675 0.00100987
  177 176.5 2.23415 0.000969684
  178 177.5 2.14205 0.000929707
  179 178.5 2.08242 0.000903827
  180 179.5 2.03364 0.000882655
  181 180.5 2.00914 0.000872021
  182 181.5 1.97662 0.000857909
  183 182.5 1.94843 0.000845674
  184 183.5 1.92333 0.00083478
  185 184.5 1.9234 0.000834809
  186 185.5 1.92426 0.000835182
  187 186.5 1.92314 0.000834695
  188 187.5 1.91874 0.000832787
  189 188.5 1.90513 0.000826878
  190 189.5 1.91622 0.000831694
  191 190.5 1.91468 0.000831023
  192 191.5 1.92272 0.000834514
  193 192.5 1.95123 0.000846886
  194 193.5 1.96317 0.00085207
  195 194.5 1.9853 0.000861674
  196 195.5 1.98105 0.000859832
  197 196.5 1.98744 0.000862606
  198 197.5 2.0027 0.000869228
  199 198.5 2.00285 0.000869291
  200 199.5 2.00898 0.000871951
  201 200.5 2.00584 0.000870592
  202 201.5 2.00534 0.000870372
  203 202.5 1.99854 0.000867421
  204 203.5 2.00644 0.00087085
  205 204.5 2.0116 0.000873091
  206 205.5 2.0025 0.000869139
  207 206.5 1.99922 0.000867716
  208 207.5 2.01077 0.00087273
  209 208.5 2.01159 0.000873088
  210 209.5 1.99955 0.00086786
  211 210.5 1.99697 0.00086674
  212 211.5 1.99925 0.000867731
  213 212.5 1.99194 0.000864556
  214 213.5 1.98338 0.00086084
  215 214.5 1.97368 0.000856633
  216 215.5 1.95648 0.000849168
  217 216.5 1.94108 0.000842484
  218 217.5 1.9253 0.000835635
  219 218.5 1.91233 0.000830003
  220 219.5 1.90339 0.000826126
  221 220.5 1.88795 0.000819424
  222 221.5 1.87295 0.000812911
  223 222.5 1.88044 0.000816161
  224 223.5 1.88637 0.000818739
  225 224.5 1.87976 0.000815869
  226 225.5 1.87085 0.000811999
  227 226.5 1.87622 0.000814331
  228 227.5 1.87625 0.000814346
  229 228.5 1.88089 0.000816359
  230 229.5 1.87931 0.000815671
  231 230.5 1.88501 0.000818148
  232 231.5 1.88141 0.000816583
  233 232.5 1.88414 0.000817771
  234 233.5 1.8836 0.000817536
  235 234.5 1.87301 0.000812937
  236 235.5 1.87756 0.000814912
  237 236.5 1.88922 0.000819975
  238 237.5 1.88959 0.000820136
  239 238.5 1.89069 0.000820611
  240 239.5 1.88655 0.000818813
  241 240.5 1.8827 0.000817145
  242 241.5 1.87693 0.000814638
  243 242.5 1.8707 0.000811938
  244 243.5 1.87866 0.000815392
  245 244.5 1.88364 0.000817551
  246 245.5 1.88134 0.000816552
  247 246.5 1.8821 0.000816882
  248 247.5 1.8803 0.000816101
  249 248.5 1.89415 0.000822114
  250 249.5 1.88698 0.000819003
  251 250.5 1.88775 0.000819336
  252 251.5 1.89325 0.000821724
  253 252.5 1.88508 0.000818179
  254 253.5 1.88454 0.000817944
  255 254.5 1.89477 0.000822384
  256 255.5 1.89009 0.000820352
  257 256.5 1.88943 0.000820063
  258 257.5 1.88871 0.000819753
  259 258.5 1.89873 0.000824103
  260 259.5 1.88197 0.000816826
  261 260.5 1.88351 0.000817496
  262 261.5 1.89511 0.000822531
  263 262.5 1.8989 0.000824176
  264 263.5 1.89285 0.000821548
  265 264.5 1.89587 0.000822859
  266 265.5 1.90621 0.000827346
  267 266.5 1.90952 0.000828786
  268 267.5 1.89985 0.000824589
  269 268.5 1.90154 0.000825323
  270 269.5 1.90527 0.000826939
  271 270.5 1.91915 0.000832966
  272 271.5 1.91094 0.000829401
  273 272.5 1.92623 0.000836036
  274 273.5 1.93319 0.000839056
  275 274.5 1.92168 0.000834062
  276 275.5 1.91272 0.000830172
  277 276.5 1.91184 0.000829791
  278 277.5 1.91099 0.000829421
  279 278.5 1.92507 0.000835532
  280 279.5 1.91795 0.000832444
  281 280.5 1.91495 0.00083114
  282 281.5 1.91823 0.000832565
  283 282.5 1.92331 0.000834771
  284 283.5 1.92012 0.000833385
  285 284.5 1.93147 0.00083831
  286 285.5 1.93588 0.000840227
  287 286.5 1.94861 0.000845751
  288 287.5 1.95492 0.000848491
  289 288.5 1.95114 0.000846851
  290 289.5 1.96088 0.000851076
  291 290.5 1.97428 0.000856891
  292 291.5 1.96543 0.000853051
  293 292.5 1.97124 0.000855574
  294 293.5 1.96281 0.000851912
  295 294.5 1.95923 0.00085036
  296 295.5 1.96912 0.000854651
  297 296.5 1.96686 0.00085367
  298 297.5 1.96239 0.000851732
  299 298.5 1.96281 0.000851916
  300 299.5 1.96567 0.000853157
  301 300.5 1.98073 0.000859692
  302 301.5 1.99205 0.000864606
  303 302.5 2.00892 0.000871926
  304 303.5 2.03465 0.000883095
  305 304.5 2.05697 0.00089278
  306 305.5 2.06817 0.000897642
  307 306.5 2.0901 0.000907163
  308 307.5 2.15504 0.000935347
  309 308.5 2.21158 0.000959886
  310 309.5 2.31753 0.00100587
  311 310.5 2.46039 0.00106788
  312 311.5 2.6432 0.00114722
  313 312.5 2.89622 0.00125704
  314 313.5 3.22775 0.00140093
  315 314.5 3.67581 0.0015954
  316 315.5 4.24494 0.00184242
  317 316.5 4.93651 0.00214258
  318 317.5 5.74649 0.00249414
  319 318.5 6.7097 0.00291219
  320 319.5 7.77138 0.003373
  321 320.5 8.88048 0.00385437
  322 321.5 10.0074 0.00434348
  323 322.5 11.066 0.00480293
  324 323.5 11.9906 0.00520427
  325 324.5 12.7194 0.00552058
  326 325.5 13.1633 0.00571323
  327 326.5 13.3203 0.00578137
  328 327.5 13.1663 0.00571454
  329 328.5 12.7511 0.00553432
  330 329.5 12.0305 0.00522156
  331 330.5 11.1356 0.00483314
  332 331.5 10.1155 0.00439039
  333 332.5 9.05125 0.0039285
  334 333.5 7.9859 0.0034661
  335 334.5 6.96126 0.00302138
  336 335.5 6.03342 0.00261867
  337 336.5 5.23141 0.00227058
  338 337.5 4.52494 0.00196395
  339 338.5 3.94034 0.00171022
  340 339.5 3.469 0.00150564
  341 340.5 3.0869 0.0013398
  342 341.5 2.79603 0.00121355
  343 342.5 2.5684 0.00111476
  344 343.5 2.40439 0.00104357
  345 344.5 2.2639 0.000982595
  346 345.5 2.16688 0.000940488
  347 346.5 2.07833 0.000902051
  348 347.5 2.019 0.000876301
  349 348.5 1.98637 0.00086214
  350 349.5 1.96099 0.000851122
  351 350.5 1.93285 0.000838912
  352 351.5 1.91503 0.000831174
  353 352.5 1.91096 0.000829409
  354 353.5 1.9031 0.000825999
  355 354.5 1.89808 0.000823821
  356 355.5 1.88764 0.000819286
  357 356.5 1.88292 0.000817238
  358 357.5 1.88964 0.000820155
  359 358.5 1.88881 0.000819795
  360 359.5 1.88807 0.000819475
  361 360.5 1.89036 0.000820468
  362 361.5 1.88882 0.0008198
  363 362.5 1.88019 0.000816054
  364 363.5 1.8803 0.000816101
  365 364.5 1.88775 0.000819338
  366 365.5 1.89315 0.00082168
  367 366.5 1.8838 0.000817623
  368 367.5 1.88203 0.000816854
  369 368.5 1.89588 0.000822866
  370 369.5 1.88829 0.00081957
  371 370.5 1.89795 0.000823764
  372 371.5 1.89612 0.000822968
  373 372.5 1.89485 0.000822418
  374 373.5 1.89495 0.000822462
  375 374.5 1.88658 0.000818829
  376 375.5 1.8914 0.00082092
  377 376.5 1.88512 0.000818193
  378 377.5 1.88268 0.000817136
  379 378.5 1.8866 0.000818835
  380 379.5 1.89171 0.000821056
  381 380.5 1.89145 0.000820944
  382 381.5 1.88874 0.000819766
  383 382.5 1.88956 0.000820122
  384 383.5 1.88856 0.000819686
  385 384.5 1.88193 0.000816812
  386 385.5 1.88351 0.000817497
  387 386.5 1.8912 0.000820832
  388 387.5 1.89287 0.000821558
  389 388.5 1.89196 0.000821161
  390 389.5 1.89328 0.000821736
  391 390.5 1.89112 0.0008208
  392 391.5 1.87957 0.000815786
  393 392.5 1.87748 0.000814878
  394 393.5 1.8767 0.000814539
  395 394.5 1.89474 0.000822371
  396 395.5 1.88365 0.000817556
  397 396.5 1.88348 0.000817484
  398 397.5 1.88594 0.000818552
  399 398.5 1.88711 0.000819056
  400 399.5 1.87472 0.000813681
  401 400.5 1.87792 0.000815069
  402 401.5 1.88711 0.00081906
  403 402.5 1.88971 0.000820187
  404 403.5 1.88846 0.000819643
  405 404.5 1.89138 0.00082091
  406 405.5 1.88637 0.000818739
  407 406.5 1.88248 0.00081705
  408 407.5 1.8718 0.000812413
  409 408.5 1.87781 0.00081502
  410 409.5 1.88814 0.000819507
  411 410.5 1.8878 0.000819356
  412 411.5 1.87922 0.000815634
  413 412.5 1.88047 0.000816176
  414 413.5 1.88127 0.000816524
  415 414.5 1.87841 0.000815283
  416 415.5 1.88009 0.00081601
  417 416.5 1.87173 0.000812382
  418 417.5 1.88454 0.000817941
  419 418.5 1.87398 0.000813361
  420 419.5 1.88014 0.000816034
  421 420.5 1.88207 0.000816871
  422 421.5 1.88624 0.000818682
  423 422.5 1.88665 0.000818858
  424 423.5 1.88426 0.000817821
  425 424.5 1.8801 0.000816015
  426 425.5 1.88174 0.000816727
  427 426.5 1.87063 0.000811905
  428 427.5 1.87737 0.000814829
  429 428.5 1.87871 0.000815411
  430 429.5 1.87617 0.000814309
  431 430.5 1.87968 0.000815834
  432 431.5 1.88625 0.000818685
  433 432.5 1.88787 0.000819389
  434 433.5 1.88499 0.000818137
  435 434.5 1.87783 0.00081503
  436 435.5 1.88409 0.000817749
  437 436.5 1.88214 0.0008169
  438 437.5 1.87607 0.000814266
  439 438.5 1.87512 0.000813856
  440 439.5 1.87325 0.000813043
  441 440.5 1.86774 0.000810652
  442 441.5 1.86661 0.000810161
  443 442.5 1.8641 0.000809069
  444 443.5 1.86027 0.000807408
  445 444.5 1.86108 0.000807761
  446 445.5 1.86136 0.00080788
  447 446.5 1.87077 0.000811968
  448 447.5 1.86507 0.000809493
  449 448.5 1.86656 0.000810141
  450 449.5 1.86948 0.000811405
  451 450.5 1.86844 0.000810956
  452 451.5 1.86849 0.000810977
  453 452.5 1.85838 0.000806587
  454 453.5 1.85589 0.000805506
  455 454.5 1.87093 0.000812037
  456 455.5 1.88081 0.000816325
  457 456.5 1.87905 0.000815558
  458 457.5 1.89825 0.000823892
  459 458.5 1.90279 0.000825864
  460 459.5 1.91244 0.000830053
  461 460.5 1.92097 0.000833754
  462 461.5 1.93069 0.000837974
  463 462.5 1.95718 0.000849469
  464 463.5 1.99861 0.000867451
  465 464.5 2.04028 0.000885539
  466 465.5 2.10599 0.000914059
  467 466.5 2.17334 0.000943291
  468 467.5 2.28339 0.000991055
  469 468.5 2.41305 0.00104733
  470 469.5 2.59991 0.00112843
  471 470.5 2.83872 0.00123208
  472 471.5 3.17333 0.00137731
  473 472.5 3.56975 0.00154937
  474 473.5 4.0616 0.00176285
  475 474.5 4.69091 0.00203598
  476 475.5 5.44762 0.00236442
  477 476.5 6.3434 0.00275321
  478 477.5 7.36021 0.00319454
  479 478.5 8.52286 0.00369916
  480 479.5 9.76513 0.00423834
40000000 480 4943
  1 0.5 12.4273 0.00539379
  2 1.5 13.92 0.00604167
  3 2.5 15.4164 0.00669116
  4 3.5 16.8154 0.00729834
  5 4.5 18.1817 0.00789135
  6 5.5 19.4187 0.00842826
  7 6.5 20.5403 0.00891505
  8 7.5 21.4874 0.00932613
  9 8.5 22.3747 0.00971126
  10 9.5 23.0459 0.0100025
  11 10.5 23.6719 0.0102743
  12 11.5 24.1275 0.010472
  13 12.5 24.58 0.0106684
  14 13.5 24.8954 0.0108053
  15 14.5 25.1743 0.0109263
  16 15.5 25.3969 0.011023
  17 16.5 25.603 0.0111124
  18 17.5 25.7378 0.0111709
  19 18.5 25.8984 0.0112406
  20 19.5 25.9655 0.0112698
  21 20.5 26.0754 0.0113174
  22 21.5 26.1368 0.0113441
  23 22.5 26.1944 0.0113691
  24 23.5 26.2753 0.0114042
  25 24.5 26.2798 0.0114062
  26 25.5 26.3093 0.011419
  27 26.5 26.3248 0.0114257
  28 27.5 26.3416 0.011433
  29 28.5 26.3155 0.0114217
  30 29.5 26.3618 0.0114417
  31 30.5 26.3773 0.0114485
  32 31.5 26.4253 0.0114693
  33 32.5 26.3916 0.0114547
  34 33.5 26.4073 0.0114615
  35 34.5 26.4001 0.0114584
  36 35.5 26.4142 0.0114645
  37 36.5 26.3734 0.0114468
  38 37.5 26.4134 0.0114641
  39 38.5 26.4059 0.0114609
  40 39.5 26.4347 0.0114734
  41 40.5 26.4277 0.0114703
  42 41.5 26.4194 0.0114668
  43 42.5 26.4691 0.0114883
  44 43.5 26.4352 0.0114736
  45 44.5 26.425 0.0114692
  46 45.5 26.4397 0.0114755
  47 46.5 26.4572 0.0114831
  48 47.5 26.4547 0.0114821
  49 48.5 26.4068 0.0114613
  50 49.5 26.4237 0.0114686
  51 50.5 26.4334 0.0114728
  52 51.5 26.4354 0.0114737
  53 52.5 26.3696 0.0114451
  54 53.5 26.3641 0.0114427
  55 54.5 26.3813 0.0114502
  56 55.5 26.3294 0.0114277
  57 56.5 26.2745 0.0114039
  58 57.5 26.3317 0.0114287
  59 58.5 26.2908 0.011411
  60 59.5 26.2658 0.0114001
  61 60.5 26.2426 0.01139
  62 61.5 26.3084 0.0114186
  63 62.5 26.2517 0.011394
  64 63.5 26.2587 0.011397
  65 64.5 26.2851 0.0114085
  66 65.5 26.2895 0.0114104
  67 66.5 26.2801 0.0114063
  68 67.5 26.2975 0.0114138
  69 68.5 26.2781 0.0114054
  70 69.5 26.3238 0.0114253
  71 70.5 26.3232 0.011425
  72 71.5 26.2846 0.0114083
  73 72.5 26.3089 0.0114188
  74 73.5 26.3394 0.011432
  75 74.5 26.3039 0.0114166
  76 75.5 26.3081 0.0114184
  77 76.5 26.3335 0.0114295
  78 77.5 26.3681 0.0114445
  79 78.5 26.3102 0.0114194
  80 79.5 26.3106 0.0114195
  81 80.5 26.2979 0.011414
  82 81.5 26.2838 0.0114079
  83 82.5 26.2659 0.0114001
  84 83.5 26.2965 0.0114134
  85 84.5 26.3002 0.011415
  86 85.5 26.2895 0.0114104
  87 86.5 26.3325 0.011429
  88 87.5 26.3144 0.0114212
  89 88.5 26.3306 0.0114282
  90 89.5 26.3109 0.0114196
  91 90.5 26.3615 0.0114416
  92 91.5 26.3577 0.01144
  93 92.5 26.346 0.0114349
  94 93.5 26.3815 0.0114503
  95 94.5 26.3888 0.0114535
  96 95.5 26.3656 0.0114434
  97 96.5 26.3832 0.011451
  98 97.5 26.4057 0.0114608
  99 98.5 26.385 0.0114518
  100 99.5 26.3941 0.0114558
  101 100.5 26.3686 0.0114447
  102 101.5 26.3653 0.0114433
  103 102.5 26.3678 0.0114443
  104 103.5 26.3432 0.0114337
  105 104.5 26.3456 0.0114347
  106 105.5 26.3789 0.0114492
  107 106.5 26.371 0.0114457
  108 107.5 26.354 0.0114384
  109 108.5 26.3477 0.0114356
  110 109.5 26.3501 0.0114367
  111 110.5 26.3506 0.0114369
  112 111.5 26.3652 0.0114432
  113 112.5 26.3404 0.0114325
  114 113.5 26.3665 0.0114438
  115 114.5 26.3406 0.0114325
  116 115.5 26.3299 0.0114279
  117 116.5 26.3498 0.0114366
  118 117.5 26.3136 0.0114208
  119 118.5 26.2977 0.0114139
  120 119.5 26.2981 0.0114141
  121 120.5 26.3043 0.0114168
  122 121.5 26.3265 0.0114264
  123 122.5 26.3 0.0114149
  124 123.5 26.3045 0.0114169
  125 124.5 26.3128 0.0114205
  126 125.5 26.299 0.0114145
  127 126.5 26.2788 0.0114057
  128 127.5 26.2548 0.0113953
  129 128.5 26.2882 0.0114098
  130 129.5 26.2839 0.011408
  131 130.5 26.2918 0.0114114
  132 131.5 26.2988 0.0114144
  133 132.5 26.3113 0.0114198
  134 133.5 26.2965 0.0114134
  135 134.5 26.2851 0.0114085
  136 135.5 26.2629 0.0113988
  137 136.5 26.2875 0.0114095
  138 137.5 26.2895 0.0114104
  139 138.5 26.2445 0.0113908
  140 139.5 26.2368 0.0113875
  141 140.5 26.2179 0.0113793
  142 141.5 26.1999 0.0113715
  143 142.5 26.143 0.0113468
  144 143.5 26.0904 0.011324
  145 144.5 26.0744 0.011317
  146 145.5 25.9827 0.0112772
  147 146.5 25.8656 0.0112264
  148 147.5 25.7269 0.0111662
  149 148.5 25.5744 0.0111
  150 149.5 25.3664 0.0110097
  151 150.5 25.0729 0.0108823
  152 151.5 24.7247 0.0107312
  153 152.5 24.2958 0.0105451
  154 153.5 23.7042 0.0102883
  155 154.5 22.9891 0.00997792
  156 155.5 22.0947 0.00958971
  157 156.5 21.0061 0.00911722
  158 157.5 19.7139 0.00855637
  159 158.5 18.2632 0.00792676
  160 159.5 16.6707 0.00723556
  161 160.5 14.9203 0.00647582
  162 161.5 13.142 0.00570397
  163 162.5 11.3993 0.00494762
  164 163.5 9.72436 0.00422064
  165 164.5 8.20606 0.00356166
  166 165.5 6.89835 0.00299408
  167 166.5 5.7967 0.00251593
  168 167.5 4.86444 0.0021113
  169 168.5 4.11678 0.0017868
  170 169.5 3.55061 0.00154106
  171 170.5 3.11915 0.0013538
  172 171.5 2.79348 0.00121245
  173 172.5 2.54656 0.00110528
  174 173.5 2.36676 0.00102724
  175 174.5 2.25276 0.000977762
  176 175.5 2.15759 0.000936455
  177 176.5 2.08565 0.00090523
  178 177.5 2.03952 0.000885208
  179 178.5 2.0099 0.000872353
  180 179.5 1.9724 0.000856077
  181 180.5 1.93794 0.00084112
  182 181.5 1.90706 0.000827719
  183 182.5 1.89315 0.000821681
  184 183.5 1.89527 0.000822602
  185 184.5 1.88949 0.000820093
  186 185.5 1.88732 0.00081915
  187 186.5 1.86927 0.000811314
  188 187.5 1.85766 0.000806275
  189 188.5 1.85003 0.000802966
  190 189.5 1.84467 0.000800636
  191 190.5 1.85459 0.000804944
  192 191.5 1.85943 0.000807045
  193 192.5 1.86322 0.000808689
  194 193.5 1.86346 0.000808793
  195 194.5 1.85892 0.000806822
  196 195.5 1.84294 0.000799886
  197 196.5 1.84243 0.000799665
  198 197.5 1.83892 0.000798142
  199 198.5 1.82999 0.000794266
  200 199.5 1.82913 0.000793893
  201 200.5 1.82871 0.000793711
  202 201.5 1.83568 0.000796738
  203 202.5 1.83407 0.000796036
  204 203.5 1.83601 0.000796878
  205 204.5 1.83573 0.000796757
  206 205.5 1.82235 0.000790949
  207 206.5 1.81891 0.000789459
  208 207.5 1.82285 0.000791168
  209 208.5 1.81478 0.000787665
  210 209.5 1.80346 0.000782752
  211 210.5 1.80178 0.000782023
  212 211.5 1.78074 0.000772891
  213 212.5 1.77592 0.000770798
  214 213.5 1.78445 0.0007745
  215 214.5 1.78911 0.000776525
  216 215.5 1.78588 0.000775122
  217 216.5 1.78708 0.000775644
  218 217.5 1.79927 0.000780932
  219 218.5 1.79823 0.00078048
  220 219.5 1.78805 0.000776063
  221 220.5 1.78776 0.000775939
  222 221.5 1.78905 0.000776498
  223 222.5 1.77667 0.000771124
  224 223.5 1.77728 0.000771389
  225 224.5 1.78339 0.000774041
  226 225.5 1.77176 0.000768992
  227 226.5 1.76442 0.000765806
  228 227.5 1.77184 0.00076903
  229 228.5 1.79604 0.000779532
  230 229.5 1.81067 0.00078588
  231 230.5 1.8269 0.000792925
  232 231.5 1.83578 0.000796779
  233 232.5 1.83575 0.000796768
  234 233.5 1.82976 0.000794167
  235 234.5 1.83582 0.000796796
  236 235.5 1.84243 0.000799666
  237 236.5 1.856 0.000805555
  238 237.5 1.85396 0.000804672
  239 238.5 1.85656 0.000805798
  240 239.5 1.85926 0.00080697
  241 240.5 1.84606 0.00080124
  242 241.5 1.8388 0.000798091
  243 242.5 1.85278 0.000804159
  244 243.5 1.85043 0.000803136
  245 244.5 1.85545 0.000805316
  246 245.5 1.84387 0.000800291
  247 246.5 1.84323 0.000800013
  248 247.5 1.83999 0.000798608
  249 248.5 1.83743 0.000797494
  250 249.5 1.84192 0.000799444
  251 250.5 1.83365 0.000795855
  252 251.5 1.81856 0.000789306
  253 252.5 1.79426 0.000778757
  254 253.5 1.77988 0.000772516
  255 254.5 1.7825 0.000773655
  256 255.5 1.78874 0.000776363
  257 256.5 1.79118 0.000777424
  258 257.5 1.79319 0.000778296
  259 258.5 1.78586 0.000775113
  260 259.5 1.78874 0.000776363
  261 260.5 1.78363 0.000774143
  262 261.5 1.80019 0.000781332
  263 262.5 1.79575 0.000779404
  264 263.5 1.78673 0.000775489
  265 264.5 1.7895 0.000776694
  266 265.5 1.79799 0.000780376
  267 266.5 1.79713 0.000780006
  268 267.5 1.79078 0.00077725
  269 268.5 1.79316 0.00077828
  270 269.5 1.79853 0.000780611
  271 270.5 1.79799 0.000780376
  272 271.5 1.78169 0.000773304
  273 272.5 1.78211 0.000773484
  274 273.5 1.77968 0.000772429
  275 274.5 1.78852 0.000776269
  276 275.5 1.79622 0.00077961
  277 276.5 1.77583 0.000770758
  278 277.5 1.76884 0.000767727
  279 278.5 1.76488 0.000766009
  280 279.5 1.77872 0.000772016
  281 280.5 1.76357 0.000765439
  282 281.5 1.76978 0.000768133
  283 282.5 1.77746 0.000771469
  284 283.5 1.77359 0.000769786
  285 284.5 1.77417 0.000770038
  286 285.5 1.77166 0.000768951
  287 286.5 1.78508 0.000774775
  288 287.5 1.78532 0.000774878
  289 288.5 1.79625 0.000779622
  290 289.5 1.779 0.000772136
  291 290.5 1.76638 0.000766659
  292 291.5 1.7818 0.000773352
  293 292.5 1.79251 0.000778001
  294 293.5 1.78761 0.000775871
  295 294.5 1.78978 0.000776813
  296 295.5 1.79165 0.000777624
  297 296.5 1.7981 0.000780427
  298 297.5 1.80879 0.000785067
  299 298.5 1.82983 0.000794199
  300 299.5 1.84318 0.00079999
  301 300.5 1.85433 0.000804831
  302 301.5 1.86051 0.000807515
  303 302.5 1.87989 0.000815924
  304 303.5 1.90855 0.000828363
  305 304.5 1.93032 0.000837811
  306 305.5 1.98154 0.000860043
  307 306.5 2.03345 0.000882575
  308 307.5 2.10868 0.000915227
  309 308.5 2.1898 0.000950432
  310 309.5 2.30229 0.000999257
  311 310.5 2.43321 0.00105608
  312 311.5 2.62137 0.00113775
  313 312.5 2.86321 0.00124271
  314 313.5 3.18887 0.00138406
  315 314.5 3.62732 0.00157436
  316 315.5 4.19106 0.00181904
  317 316.5 4.91024 0.00213118
  318 317.5 5.77431 0.00250621
  319 318.5 6.759 0.00293359
  320 319.5 7.87128 0.00341636
  321 320.5 9.05818 0.0039315
  322 321.5 10.2285 0.00443945
  323 322.5 11.258 0.0048863
  324 323.5 12.1309 0.00526515
  325 324.5 12.7314 0.00552579
  326 325.5 13.0412 0.00566025
  327 326.5 12.9332 0.00561337
  328 327.5 12.5152 0.00543196
  329 328.5 11.8281 0.00513372
  330 329.5 10.9117 0.004736
  331 330.5 9.86227 0.0042805
  332 331.5 8.76663 0.00380496
  333 332.5 7.69106 0.00333814
  334 333.5 6.64146 0.00288258
  335 334.5 5.7031 0.0024753
  336 335.5 4.89311 0.00212375
  337 336.5 4.24383 0.00184194
  338 337.5 3.68333 0.00159867
  339 338.5 3.24215 0.00140718
  340 339.5 2.88854 0.00125371
  341 340.5 2.63678 0.00114444
  342 341.5 2.42966 0.00105454
  343 342.5 2.28697 0.000992608
  344 343.5 2.16905 0.00094143
  345 344.5 2.09598 0.000909712
  346 345.5 2.03274 0.000882267
  347 346.5 1.99132 0.00086429
  348 347.5 1.95114 0.00084685
  349 348.5 1.92472 0.000835381
  350 349.5 1.90461 0.000826655
  351 350.5 1.89427 0.000822164
  352 351.5 1.87984 0.000815902
  353 352.5 1.87384 0.000813297
  354 353.5 1.87476 0.000813699
  355 354.5 1.87921 0.000815629
  356 355.5 1.86907 0.000811227
  357 356.5 1.86982 0.000811553
  358 357.5 1.86633 0.000810041
  359 358.5 1.86867 0.000811053
  360 359.5 1.86154 0.000807961
  361 360.5 1.86599 0.000809891
  362 361.5 1.86723 0.000810431
  363 362.5 1.86401 0.00080903
  364 363.5 1.85499 0.000805115
  365 364.5 1.84578 0.000801121
  366 365.5 1.84824 0.000802188
  367 366.5 1.84894 0.00080249
  368 367.5 1.83916 0.000798248
  369 368.5 1.83498 0.000796431
  370 369.5 1.82981 0.00079419
  371 370.5 1.83039 0.00079444
  372 371.5 1.83025 0.00079438
  373 372.5 1.83454 0.000796243
  374 373.5 1.83328 0.000795693
  375 374.5 1.83853 0.000797974
  376 375.5 1.83655 0.000797115
  377 376.5 1.8372 0.000797398
  378 377.5 1.83877 0.000798078
  379 378.5 1.83771 0.000797619
  380 379.5 1.83785 0.000797677
  381 380.5 1.8248 0.000792013
  382 381.5 1.83391 0.000795967
  383 382.5 1.82495 0.000792078
  384 383.5 1.82656 0.000792777
  385 384.5 1.82957 0.000794085
  386 385.5 1.82994 0.000794245
  387 386.5 1.83828 0.000797865
  388 387.5 1.84037 0.000798773
  389 388.5 1.8385 0.000797962
  390 389.5 1.83749 0.000797521
  391 390.5 1.83384 0.000795937
  392 391.5 1.82583 0.00079246
  393 392.5 1.83114 0.000794765
  394 393.5 1.82714 0.000793029
  395 394.5 1.82792 0.000793366
  396 395.5 1.83488 0.000796387
  397 396.5 1.83049 0.000794482
  398 397.5 1.84423 0.000800446
  399 398.5 1.8509 0.000803343
  400 399.5 1.84231 0.000799614
  401 400.5 1.84671 0.000801523
  402 401.5 1.83384 0.000795937
  403 402.5 1.84555 0.000801019
  404 403.5 1.84313 0.000799968
  405 404.5 1.82835 0.000793554
  406 405.5 1.82214 0.000790859
  407 406.5 1.8282 0.000793489
  408 407.5 1.82384 0.000791595
  409 408.5 1.84051 0.000798832
  410 409.5 1.84155 0.000799285
  411 410.5 1.8399 0.000798567
  412 411.5 1.83666 0.000797163
  413 412.5 1.84579 0.000801125
  414 413.5 1.84228 0.000799602
  415 414.5 1.84129 0.000799171
  416 415.5 1.8491 0.000802562
  417 416.5 1.85041 0.000803128
  418 417.5 1.85508 0.000805156
  419 418.5 1.85623 0.000805656
  420 419.5 1.85496 0.000805104
  421 420.5 1.84029 0.000798735
  422 421.5 1.85048 0.00080316
  423 422.5 1.85551 0.000805344
  424 423.5 1.84624 0.000801321
  425 424.5 1.85138 0.00080355
  426 425.5 1.85072 0.000803266
  427 426.5 1.85081 0.000803304
  428 427.5 1.83972 0.000798488
  429 428.5 1.84388 0.000800295
  430 429.5 1.84593 0.000801185
  431 430.5 1.84746 0.000801848
  432 431.5 1.85157 0.000803635
  433 432.5 1.8607 0.000807597
  434 433.5 1.86914 0.00081126
  435 434.5 1.85698 0.000805982
  436 435.5 1.85014 0.000803014
  437 436.5 1.85727 0.000806108
  438 437.5 1.85915 0.000806924
  439 438.5 1.85873 0.00080674
  440 439.5 1.86191 0.000808122
  441 440.5 1.86305 0.000808614
  442 441.5 1.86156 0.00080797
  443 442.5 1.86066 0.000807576
  444 443.5 1.85822 0.000806517
  445 444.5 1.86132 0.000807866
  446 445.5 1.86858 0.000811015
  447 446.5 1.86202 0.000808169
  448 447.5 1.85843 0.000806611
  449 448.5 1.86842 0.000810947
  450 449.5 1.86652 0.000810123
  451 450.5 1.86922 0.000811294
  452 451.5 1.87561 0.000814066
  453 452.5 1.87339 0.000813102
  454 453.5 1.88267 0.000817131
  455 454.5 1.86946 0.000811398
  456 455.5 1.88506 0.00081817
  457 456.5 1.89783 0.000823713
  458 457.5 1.89378 0.000821953
  459 458.5 1.89328 0.000821738
  460 459.5 1.91578 0.000831501
  461 460.5 1.92258 0.000834452
  462 461.5 1.94522 0.000844278
  463 462.5 1.96863 0.000854441
  464 463.5 2.00433 0.000869933
  465 464.5 2.06073 0.000894416
  466 465.5 2.1225 0.000921222
  467 466.5 2.21688 0.000962187
  468 467.5 2.33454 0.00101326
  469 468.5 2.50359 0.00108663
  470 469.5 2.71501 0.00117839
  471 470.5 3.00401 0.00130382
  472 471.5 3.38202 0.00146789
  473 472.5 3.84569 0.00166914
  474 473.5 4.42945 0.00192251
  475 474.5 5.15851 0.00223894
  476 475.5 6.02963 0.00261703
  477 476.5 7.03827 0.00305481
  478 477.5 8.222 0.00356858
  479 478.5 9.53047 0.00413649
  480 479.5 10.9307 0.00474422
50000000 480 4943.000000000001
  1 0.5 10.8 0.0046875
  2 1.5 12.227 0.00530684
  3 2.5 13.6868 0.00594047
  4 3.5 15.1665 0.00658268
  5 4.5 16.6139 0.00721088
  6 5.5 17.9495 0.00779059
  7 6.5 19.2016 0.00833401
  8 7.5 20.3469 0.00883114
  9 8.5 21.3469 0.00926513
  10 9.5 22.2194 0.00964382
  11 10.5 22.9623 0.00996629
  12 11.5 23.6193 0.0102514
  13 12.5 24.1452 0.0104797
  14 13.5 24.5759 0.0106666
  15 14.5 24.9461 0.0108273
  16 15.5 25.226 0.0109488
  17 16.5 25.4332 0.0110387
  18 17.5 25.6372 0.0111272
  19 18.5 25.7804 0.0111894
  20 19.5 25.9002 0.0112414
  21 20.5 26.0018 0.0112855
  22 21.5 26.0883 0.0113231
  23 22.5 26.1133 0.0113339
  24 23.5 26.1789 0.0113624
  25 24.5 26.2121 0.0113768
  26 25.5 26.206 0.0113741
  27 26.5 26.2002 0.0113716
  28 27.5 26.2573 0.0113964
  29 28.5 26.2451 0.0113911
  30 29.5 26.2579 0.0113967
  31 30.5 26.2253 0.0113825
  32 31.5 26.2015 0.0113722
  33 32.5 26.2369 0.0113875
  34 33.5 26.2162 0.0113786
  35 34.5 26.2056 0.011374
  36 35.5 26.1812 0.0113634
  37 36.5 26.249 0.0113928
  38 37.5 26.1935 0.0113687
  39 38.5 26.1674 0.0113574
  40 39.5 26.2273 0.0113834
  41 40.5 26.2156 0.0113783
  42 41.5 26.1702 0.0113586
  43 42.5 26.201 0.011372
  44 43.5 26.2296 0.0113844
  45 44.5 26.1871 0.0113659
  46 45.5 26.1756 0.011361
  47 46.5 26.1599 0.0113541
  48 47.5 26.1571 0.0113529
  49 48.5 26.1715 0.0113592
  50 49.5 26.1445 0.0113475
  51 50.5 26.1243 0.0113387
  52 51.5 26.1311 0.0113416
  53 52.5 26.1224 0.0113378
  54 53.5 26.0973 0.011327
  55 54.5 26.096 0.0113264
  56 55.5 26.083 0.0113207
  57 56.5 26.1055 0.0113305
  58 57.5 26.1121 0.0113334
  59 58.5 26.0956 0.0113262
  60 59.5 26.0948 0.0113259
  61 60.5 26.1291 0.0113407
  62 61.5 26.17 0.0113585
  63 62.5 26.149 0.0113494
  64 63.5 26.1493 0.0113495
  65 64.5 26.171 0.0113589
  66 65.5 26.1826 0.011364
  67 66.5 26.1724 0.0113596
  68 67.5 26.1879 0.0113663
  69 68.5 26.2368 0.0113875
  70 69.5 26.2228 0.0113814
  71 70.5 26.2304 0.0113847
  72 71.5 26.253 0.0113945
  73 72.5 26.2297 0.0113844
  74 73.5 26.2876 0.0114095
  75 74.5 26.2729 0.0114031
  76 75.5 26.2946 0.0114126
  77 76.5 26.2942 0.0114124
  78 77.5 26.3136 0.0114208
  79 78.5 26.3028 0.0114162
  80 79.5 26.2993 0.0114146
  81 80.5 26.2799 0.0114062
  82 81.5 26.2774 0.0114051
  83 82.5 26.2718 0.0114027
  84 83.5 26.2433 0.0113903
  85 84.5 26.2425 0.01139
  86 85.5 26.2388 0.0113884
  87 86.5 26.2261 0.0113829
  88 87.5 26.1956 0.0113696
  89 88.5 26.2051 0.0113738
  90 89.5 26.1768 0.0113615
  91 90.5 26.178 0.011362
  92 91.5 26.2092 0.0113755
  93 92.5 26.19 0.0113672
  94 93.5 26.1989 0.011371
  95 94.5 26.2201 0.0113803
  96 95.5 26.2077 0.0113749
  97 96.5 26.2072 0.0113746
  98 97.5 26.2547 0.0113953
  99 98.5 26.2412 0.0113894
  100 99.5 26.2355 0.0113869
  101 100.5 26.2454 0.0113912
  102 101.5 26.2794 0.011406
  103 102.5 26.2776 0.0114052
  104 103.5 26.2822 0.0114072
  105 104.5 26.3123 0.0114203
  106 105.5 26.3021 0.0114158
  107 106.5 26.323 0.0114249
  108 107.5 26.362 0.0114418
  109 108.5 26.4012 0.0114589
  110 109.5 26.3473 0.0114355
  111 110.5 26.3862 0.0114523
  112 111.5 26.3821 0.0114506
  113 112.5 26.3955 0.0114564
  114 113.5 26.4054 0.0114607
  115 114.5 26.3737 0.0114469
  116 115.5 26.3995 0.0114581
  117 116.5 26.3667 0.0114439
  118 117.5 26.32 0.0114236
  119 118.5 26.3386 0.0114317
  120 119.5 26.3783 0.0114489
  121 120.5 26.3535 0.0114382
  122 121.5 26.3186 0.011423
  123 122.5 26.3362 0.0114306
  124 123.5 26.3633 0.0114424
  125 124.5 26.3565 0.0114394
  126 125.5 26.3788 0.0114491
  127 126.5 26.3389 0.0114318
  128 127.5 26.3529 0.0114379
  129 128.5 26.3666 0.0114438
  130 129.5 26.3227 0.0114248
  131 130.5 26.3588 0.0114404
  132 131.5 26.3485 0.011436
  133 132.5 26.3969 0.011457
  134 133.5 26.3625 0.011442
  135 134.5 26.314 0.011421
  136 135.5 26.3363 0.0114307
  137 136.5 26.2789 0.0114058
  138 137.5 26.2425 0.01139
  139 138.5 26.2351 0.0113867
  140 139.5 26.2414 0.0113895
  141 140.5 26.187 0.0113659
  142 141.5 26.1467 0.0113484
  143 142.5 26.1556 0.0113523
  144 143.5 26.1012 0.0113286
  145 144.5 26.0346 0.0112997
  146 145.5 26.0211 0.0112939
  147 146.5 25.9459 0.0112613
  148 147.5 25.8354 0.0112133
  149 148.5 25.6969 0.0111532
  150 149.5 25.5467 0.011088
  151 150.5 25.3344 0.0109958
  152 151.5 25.0669 0.0108798
  153 152.5 24.6352 0.0106923
  154 153.5 24.2193 0.0105118
  155 154.5 23.597 0.0102417
  156 155.5 22.8686 0.0099256
  157 156.5 21.9127 0.0095107
  158 157.5 20.8371 0.0090439
  159 158.5 19.5323 0.00847757
  160 159.5 18.0399 0.0078298
  161 160.5 16.4207 0.00712706
  162 161.5 14.6502 0.00635861
  163 162.5 12.8516 0.00557794
  164 163.5 11.157 0.00484243
  165 164.5 9.54029 0.00414075
  166 165.5 8.07376 0.00350424
  167 166.5 6.7611 0.0029345
  168 167.5 5.68303 0.00246659
  169 168.5 4.82355 0.00209355
  170 169.5 4.12337 0.00178966
  171 170.5 3.57453 0.00155145
  172 171.5 3.15941 0.00137127
  173 172.5 2.84482 0.00123473
  174 173.5 2.60094 0.00112888
  175 174.5 2.4236 0.00105191
  176 175.5 2.27931 0.000989286
  177 176.5 2.17858 0.000945564
  178 177.5 2.12168 0.000920868
  179 178.5 2.06962 0.000898274
  180 179.5 2.02303 0.000878051
  181 180.5 1.99259 0.000864839
  182 181.5 1.98264 0.000860519
  183 182.5 1.95846 0.000850024
  184 183.5 1.93847 0.000841348
  185 184.5 1.9386 0.000841405
  186 185.5 1.92953 0.000837471
  187 186.5 1.91587 0.000831541
  188 187.5 1.88516 0.000818211
  189 188.5 1.88522 0.000818238
  190 189.5 1.86692 0.000810294
  191 190.5 1.86493 0.000809431
  192 191.5 1.84974 0.000802839
  193 192.5 1.83877 0.000798076
  194 193.5 1.82644 0.000792727
  195 194.5 1.82218 0.000790878
  196 195.5 1.82457 0.000791916
  197 196.5 1.83796 0.000797724
  198 197.5 1.8344 0.000796181
  199 198.5 1.8436 0.000800174
  200 199.5 1.85356 0.000804496
  201 200.5 1.84903 0.00080253
  202 201.5 1.84004 0.000798628
  203 202.5 1.83178 0.000795043
  204 203.5 1.82249 0.00079101
  205 204.5 1.81788 0.000789009
  206 205.5 1.82446 0.000791866
  207 206.5 1.83182 0.000795062
  208 207.5 1.84597 0.000801203
  209 208.5 1.83764 0.000797587
  210 209.5 1.82867 0.000793692
  211 210.5 1.83469 0.000796307
  212 211.5 1.84251 0.000799702
  213 212.5 1.83615 0.000796938
  214 213.5 1.85483 0.000805049
  215 214.5 1.8785 0.000815323
  216 215.5 1.89521 0.000822574
  217 216.5 1.88816 0.000819515
  218 217.5 1.88347 0.000817478
  219 218.5 1.88137 0.000816568
  220 219.5 1.87224 0.000812606
  221 220.5 1.86188 0.000808106
  222 221.5 1.86785 0.000810697
  223 222.5 1.86134 0.000807873
  224 223.5 1.84509 0.00080082
  225 224.5 1.83731 0.000797445
  226 225.5 1.82636 0.000792689
  227 226.5 1.83129 0.000794829
  228 227.5 1.81961 0.00078976
  229 228.5 1.81652 0.000788418
  230 229.5 1.83138 0.000794872
  231 230.5 1.81604 0.000788211
  232 231.5 1.81315 0.000786958
  233 232.5 1.81053 0.000785821
  234 233.5 1.80419 0.00078307
  235 234.5 1.81033 0.000785732
  236 235.5 1.82905 0.000793858
  237 236.5 1.83826 0.000797857
  238 237.5 1.82862 0.000793671
  239 238.5 1.81403 0.000787341
  240 239.5 1.80845 0.000784919
  241 240.5 1.80902 0.000785165
  242 241.5 1.79928 0.000780937
  243 242.5 1.79752 0.000780175
  244 243.5 1.79373 0.00077853
  245 244.5 1.78768 0.000775901
  246 245.5 1.79668 0.000779808
  247 246.5 1.81337 0.000787051
  248 247.5 1.826 0.000792534
  249 248.5 1.81901 0.000789503
  250 249.5 1.82881 0.000793753
  251 250.5 1.81356 0.000787136
  252 251.5 1.81558 0.000788013
  253 252.5 1.8189 0.000789451
  254 253.5 1.81762 0.000788898
  255 254.5 1.82892 0.0007938
  256 255.5 1.83106 0.00079473
  257 256.5 1.83392 0.000795974
  258 257.5 1.83752 0.000797534
  259 258.5 1.8422 0.000799565
  260 259.5 1.83484 0.000796371
  261 260.5 1.84154 0.00079928
  262 261.5 1.86231 0.000808295
  263 262.5 1.86911 0.000811247
  264 263.5 1.87888 0.000815487
  265 264.5 1.88046 0.000816174
  266 265.5 1.88149 0.00081662
  267 266.5 1.87993 0.00081594
  268 267.5 1.88653 0.000818808
  269 268.5 1.87676 0.000814565
  270 269.5 1.86717 0.000810402
  271 270.5 1.88498 0.000818133
  272 271.5 1.89516 0.000822554
  273 272.5 1.89732 0.00082349
  274 273.5 1.90602 0.000827266
  275 274.5 1.91671 0.000831905
  276 275.5 1.92375 0.000834962
  277 276.5 1.91805 0.000832489
  278 277.5 1.91372 0.000830608
  279 278.5 1.91001 0.000828999
  280 279.5 1.89689 0.000823304
  281 280.5 1.90726 0.000827806
  282 281.5 1.9063 0.000827389
  283 282.5 1.90508 0.000826858
  284 283.5 1.89741 0.000823529
  285 284.5 1.89746 0.000823549
  286 285.5 1.88794 0.000819418
  287 286.5 1.88545 0.000818336
  288 287.5 1.88771 0.000819317
  289 288.5 1.89032 0.000820453
  290 289.5 1.89967 0.00082451
  291 290.5 1.88256 0.000817085
  292 291.5 1.87668 0.000814532
  293 292.5 1.87492 0.000813769
  294 293.5 1.8617 0.000808031
  295 294.5 1.86989 0.000811582
  296 295.5 1.86898 0.000811189
  297 296.5 1.86962 0.000811469
  298 297.5 1.88455 0.000817946
  299 298.5 1.89747 0.000823554
  300 299.5 1.91737 0.00083219
  301 300.5 1.93381 0.000839326
  302 301.5 1.93438 0.000839576
  303 302.5 1.95912 0.000850314
  304 303.5 1.97742 0.000858256
  305 304.5 1.98378 0.000861016
  306 305.5 2.00771 0.000871402
  307 306.5 2.03441 0.00088299
  308 307.5 2.09421 0.000908946
  309 308.5 2.15721 0.00093629
  310 309.5 2.24076 0.00097255
  311 310.5 2.35464 0.00102198
  312 311.5 2.49663 0.00108361
  313 312.5 2.69697 0.00117056
  314 313.5 2.96983 0.00128899
  315 314.5 3.32224 0.00144195
  316 315.5 3.76984 0.00163621
  317 316.5 4.35559 0.00189045
  318 317.5 5.09236 0.00221023
  319 318.5 5.98949 0.0025996
  320 319.5 7.03109 0.00305169
  321 320.5 8.18669 0.00355325
  322 321.5 9.35606 0.00406079
  323 322.5 10.5011 0.00455777
  324 323.5 11.5522 0.00501398
  325 324.5 12.4006 0.00538219
  326 325.5 12.9544 0.00562259
  327 326.5 13.2246 0.00573982
  328 327.5 13.1798 0.00572039
  329 328.5 12.7793 0.00554659
  330 329.5 12.0817 0.00524381
  331 330.5 11.2079 0.00486453
  332 331.5 10.2114 0.00443201
  333 332.5 9.11443 0.00395591
  334 333.5 8.02728 0.00348406
  335 334.5 7.00961 0.00304237
  336 335.5 6.07353 0.00263608
  337 336.5 5.23903 0.00227388
  338 337.5 4.52677 0.00196474
  339 338.5 3.93804 0.00170922
  340 339.5 3.46245 0.0015028
  341 340.5 3.09103 0.00134159
  342 341.5 2.78427 0.00120845
  343 342.5 2.55232 0.00110778
  344 343.5 2.37584 0.00103118
  345 344.5 2.24272 0.000973401
  346 345.5 2.15418 0.000934973
  347 346.5 2.07548 0.000900817
  348 347.5 2.01907 0.000876333
  349 348.5 1.98703 0.000862428
  350 349.5 1.95506 0.00084855
  351 350.5 1.92987 0.000837616
  352 351.5 1.9159 0.000831554
  353 352.5 1.89872 0.000824098
  354 353.5 1.88924 0.000819982
  355 354.5 1.88304 0.00081729
  356 355.5 1.8707 0.000811936
  357 356.5 1.88353 0.000817503
  358 357.5 1.89037 0.000820474
  359 358.5 1.87842 0.000815287
  360 359.5 1.87321 0.000813027
  361 360.5 1.87022 0.000811728
  362 361.5 1.87053 0.000811861
  363 362.5 1.87621 0.000814327
  364 363.5 1.86933 0.00081134
  365 364.5 1.86582 0.000809819
  366 365.5 1.85848 0.000806631
  367 366.5 1.85315 0.000804319
  368 367.5 1.84977 0.000802852
  369 368.5 1.84336 0.000800068
  370 369.5 1.83472 0.000796318
  371 370.5 1.84337 0.000800076
  372 371.5 1.83865 0.000798026
  373 372.5 1.84298 0.000799903
  374 373.5 1.84246 0.00079968
  375 374.5 1.84005 0.000798635
  376 375.5 1.84088 0.000798992
  377 376.5 1.84172 0.000799357
  378 377.5 1.84872 0.000802396
  379 378.5 1.84582 0.000801135
  380 379.5 1.85473 0.000805005
  381 380.5 1.85722 0.000806084
  382 381.5 1.86783 0.000810689
  383 382.5 1.85989 0.000807243
  384 383.5 1.85738 0.000806156
  385 384.5 1.85818 0.000806501
  386 385.5 1.86081 0.000807641
  387 386.5 1.86374 0.000808917
  388 387.5 1.86541 0.000809641
  389 388.5 1.86376 0.000808922
  390 389.5 1.86099 0.000807723
  391 390.5 1.86336 0.000808748
  392 391.5 1.86699 0.000810327
  393 392.5 1.86428 0.000809148
  394 393.5 1.86305 0.000808616
  395 394.5 1.86155 0.000807965
  396 395.5 1.86604 0.000809911
  397 396.5 1.85601 0.000805559
  398 397.5 1.86186 0.000808097
  399 398.5 1.85619 0.000805638
  400 399.5 1.85666 0.000805842
  401 400.5 1.85404 0.000804703
  402 401.5 1.8627 0.000808465
  403 402.5 1.84715 0.000801714
  404 403.5 1.84973 0.000802832
  405 404.5 1.85119 0.000803466
  406 405.5 1.84454 0.000800583
  407 406.5 1.84712 0.000801701
  408 407.5 1.84494 0.000800757
  409 408.5 1.84435 0.000800497
  410 409.5 1.85016 0.00080302
  411 410.5 1.8483 0.000802214
  412 411.5 1.84789 0.000802035
  413 412.5 1.85357 0.000804502
  414 413.5 1.85476 0.000805016
  415 414.5 1.85038 0.000803115
  416 415.5 1.86279 0.000808501
  417 416.5 1.86213 0.000808218
  418 417.5 1.86318 0.000808673
  419 418.5 1.85224 0.000803924
  420 419.5 1.85907 0.000806888
  421 420.5 1.85098 0.000803377
  422 421.5 1.85661 0.000805819
  423 422.5 1.84963 0.000802793
  424 423.5 1.85316 0.000804322
  425 424.5 1.85353 0.000804483
  426 425.5 1.85529 0.000805247
  427 426.5 1.84661 0.000801479
  428 427.5 1.84915 0.000802581
  429 428.5 1.8556 0.00080538
  430 429.5 1.84851 0.000802303
  431 430.5 1.85035 0.000803104
  432 431.5 1.85701 0.000805994
  433 432.5 1.8487 0.000802388
  434 433.5 1.84472 0.000800661
  435 434.5 1.84055 0.000798851
  436 435.5 1.8513 0.000803516
  437 436.5 1.84699 0.000801647
  438 437.5 1.83863 0.000798016
  439 438.5 1.84485 0.000800715
  440 439.5 1.83962 0.000798447
  441 440.5 1.84187 0.000799421
  442 441.5 1.8459 0.000801171
  443 442.5 1.85474 0.00080501
  444 443.5 1.85353 0.000804484
  445 444.5 1.84051 0.000798832
  446 445.5 1.84745 0.000801843
  447 446.5 1.83903 0.000798189
  448 447.5 1.8468 0.000801564
  449 448.5 1.84838 0.000802248
  450 449.5 1.84764 0.000801927
  451 450.5 1.84617 0.00080129
  452 451.5 1.85092 0.000803352
  453 452.5 1.85918 0.000806937
  454 453.5 1.86166 0.000808014
  455 454.5 1.85085 0.000803321
  456 455.5 1.85626 0.000805668
  457 456.5 1.85827 0.000806539
  458 457.5 1.87195 0.000812477
  459 458.5 1.87683 0.000814595
  460 459.5 1.88944 0.000820068
  461 460.5 1.90465 0.000826671
  462 461.5 1.91925 0.000833006
  463 462.5 1.93922 0.000841675
  464 463.5 1.97767 0.000858362
  465 464.5 2.0203 0.000876865
  466 465.5 2.07675 0.000901366
  467 466.5 2.14214 0.000929747
  468 467.5 2.24569 0.000974692
  469 468.5 2.3751 0.00103086
  470 469.5 2.54283 0.00110366
  471 470.5 2.76537 0.00120025
  472 471.5 3.0526 0.00132491
  473 472.5 3.43255 0.00148982
  474 473.5 3.91788 0.00170047
  475 474.5 4.50515 0.00195536
  476 475.5 5.20886 0.00226079
  477 476.5 6.05625 0.00262858
  478 477.5 7.07131 0.00306915
  479 478.5 8.17757 0.00354929
  480 479.5 9.42319 0.00408993
