# Chunk-averaged data for fix tensor3 and group c2
# Timestep Number-of-chunks Total-count
# Chunk Coord1 Ncount density/number
20000000 480 5763.000000000004
  1 0.5 0.679724 0.000295019
  2 1.5 0.687762 0.000298508
  3 2.5 0.69572 0.000301962
  4 3.5 0.709914 0.000308122
  5 4.5 0.729816 0.00031676
  6 5.5 0.748068 0.000324682
  7 6.5 0.776164 0.000336877
  8 7.5 0.799018 0.000346796
  9 8.5 0.833844 0.000361911
  10 9.5 0.88415 0.000383746
  11 10.5 0.9259 0.000401866
  12 11.5 0.984772 0.000427418
  13 12.5 1.04334 0.000452839
  14 13.5 1.12147 0.000486751
  15 14.5 1.19593 0.000519067
  16 15.5 1.28573 0.000558041
  17 16.5 1.38893 0.000602832
  18 17.5 1.48884 0.000646198
  19 18.5 1.60421 0.000696271
  20 19.5 1.73213 0.000751794
  21 20.5 1.85382 0.000804608
  22 21.5 1.97484 0.000857137
  23 22.5 2.10348 0.000912968
  24 23.5 2.21872 0.000962988
  25 24.5 2.33634 0.00101404
  26 25.5 2.44462 0.00106103
  27 26.5 2.54055 0.00110267
  28 27.5 2.65085 0.00115054
  29 28.5 2.73333 0.00118634
  30 29.5 2.82508 0.00122616
  31 30.5 2.89644 0.00125713
  32 31.5 2.9693 0.00128876
  33 32.5 3.04152 0.00132011
  34 33.5 3.10911 0.00134944
  35 34.5 3.15741 0.00137041
  36 35.5 3.21932 0.00139728
  37 36.5 3.27601 0.00142188
  38 37.5 3.3514 0.0014546
  39 38.5 3.39878 0.00147516
  40 39.5 3.43805 0.00149221
  41 40.5 3.49371 0.00151637
  42 41.5 3.55541 0.00154315
  43 42.5 3.59843 0.00156182
  44 43.5 3.66394 0.00159025
  45 44.5 3.71506 0.00161244
  46 45.5 3.76414 0.00163374
  47 46.5 3.81693 0.00165666
  48 47.5 3.86321 0.00167674
  49 48.5 3.92813 0.00170492
  50 49.5 3.9522 0.00171536
  51 50.5 3.96624 0.00172146
  52 51.5 4.01132 0.00174102
  53 52.5 4.03684 0.0017521
  54 53.5 4.05301 0.00175912
  55 54.5 4.06511 0.00176437
  56 55.5 4.0913 0.00177574
  57 56.5 4.08231 0.00177183
  58 57.5 4.08643 0.00177362
  59 58.5 4.09839 0.00177881
  60 59.5 4.09439 0.00177708
  61 60.5 4.10261 0.00178065
  62 61.5 4.11763 0.00178716
  63 62.5 4.12589 0.00179075
  64 63.5 4.11575 0.00178635
  65 64.5 4.14731 0.00180005
  66 65.5 4.15072 0.00180153
  67 66.5 4.14561 0.00179931
  68 67.5 4.14786 0.00180029
  69 68.5 4.1462 0.00179957
  70 69.5 4.1439 0.00179857
  71 70.5 4.1403 0.001797
  72 71.5 4.16073 0.00180587
  73 72.5 4.16681 0.00180851
  74 73.5 4.1839 0.00181593
  75 74.5 4.19893 0.00182245
  76 75.5 4.203 0.00182422
  77 76.5 4.21514 0.00182949
  78 77.5 4.22693 0.0018346
  79 78.5 4.22603 0.00183421
  80 79.5 4.21717 0.00183037
  81 80.5 4.21505 0.00182945
  82 81.5 4.21429 0.00182912
  83 82.5 4.21091 0.00182765
  84 83.5 4.2237 0.0018332
  85 84.5 4.23787 0.00183936
  86 85.5 4.2393 0.00183997
  87 86.5 4.26431 0.00185083
  88 87.5 4.28526 0.00185992
  89 88.5 4.29706 0.00186504
  90 89.5 4.27255 0.00185441
  91 90.5 4.2658 0.00185148
  92 91.5 4.2868 0.00186059
  93 92.5 4.29363 0.00186356
  94 93.5 4.30335 0.00186777
  95 94.5 4.30679 0.00186927
  96 95.5 4.31559 0.00187309
  97 96.5 4.32188 0.00187582
  98 97.5 4.31371 0.00187227
  99 98.5 4.31856 0.00187437
  100 99.5 4.30029 0.00186644
  101 100.5 4.30863 0.00187006
  102 101.5 4.30324 0.00186773
  103 102.5 4.30258 0.00186744
  104 103.5 4.30443 0.00186824
  105 104.5 4.31582 0.00187318
  106 105.5 4.31309 0.001872
  107 106.5 4.33659 0.0018822
  108 107.5 4.34322 0.00188508
  109 108.5 4.34701 0.00188672
  110 109.5 4.35862 0.00189176
  111 110.5 4.36099 0.00189279
  112 111.5 4.37047 0.0018969
  113 112.5 4.37127 0.00189725
  114 113.5 4.39043 0.00190557
  115 114.5 4.39489 0.0019075
  116 115.5 4.42691 0.0019214
  117 116.5 4.42832 0.00192201
  118 117.5 4.42198 0.00191926
  119 118.5 4.43427 0.0019246
  120 119.5 4.43364 0.00192432
  121 120.5 4.44447 0.00192902
  122 121.5 4.45682 0.00193439
  123 122.5 4.45645 0.00193422
  124 123.5 4.47081 0.00194046
  125 124.5 4.49014 0.00194885
  126 125.5 4.47095 0.00194052
  127 126.5 4.47243 0.00194116
  128 127.5 4.47862 0.00194384
  129 128.5 4.45758 0.00193471
  130 129.5 4.44222 0.00192805
  131 130.5 4.42156 0.00191908
  132 131.5 4.4155 0.00191645
  133 132.5 4.40965 0.00191391
  134 133.5 4.38845 0.00190471
  135 134.5 4.37064 0.00189698
  136 135.5 4.3803 0.00190117
  137 136.5 4.38374 0.00190266
  138 137.5 4.36456 0.00189434
  139 138.5 4.37276 0.0018979
  140 139.5 4.38716 0.00190415
  141 140.5 4.40094 0.00191013
  142 141.5 4.40983 0.00191399
  143 142.5 4.43834 0.00192636
  144 143.5 4.48499 0.00194661
  145 144.5 4.5111 0.00195794
  146 145.5 4.56346 0.00198067
  147 146.5 4.62933 0.00200926
  148 147.5 4.71726 0.00204742
  149 148.5 4.84291 0.00210196
  150 149.5 5.0239 0.00218051
  151 150.5 5.24156 0.00227498
  152 151.5 5.50415 0.00238895
  153 152.5 5.85938 0.00254313
  154 153.5 6.29322 0.00273143
  155 154.5 6.834 0.00296614
  156 155.5 7.45259 0.00323463
  157 156.5 8.20403 0.00356078
  158 157.5 9.12251 0.00395942
  159 158.5 10.1378 0.00440009
  160 159.5 11.2842 0.00489766
  161 160.5 12.4706 0.00541259
  162 161.5 13.81 0.00599393
  163 162.5 15.2159 0.00660413
  164 163.5 16.6082 0.0072084
  165 164.5 18.0515 0.00783487
  166 165.5 19.4565 0.00844465
  167 166.5 20.8157 0.00903459
  168 167.5 22.1177 0.0095997
  169 168.5 23.3262 0.0101242
  170 169.5 24.4144 0.0105965
  171 170.5 25.4365 0.0110401
  172 171.5 26.3292 0.0114276
  173 172.5 27.1097 0.0117663
  174 173.5 27.8435 0.0120849
  175 174.5 28.4331 0.0123408
  176 175.5 28.9333 0.0125579
  177 176.5 29.4168 0.0127677
  178 177.5 29.7772 0.0129241
  179 178.5 30.0114 0.0130258
  180 179.5 30.2571 0.0131324
  181 180.5 30.4619 0.0132213
  182 181.5 30.6214 0.0132905
  183 182.5 30.7531 0.0133477
  184 183.5 30.8318 0.0133819
  185 184.5 30.9761 0.0134445
  186 185.5 30.9836 0.0134478
  187 186.5 31.0369 0.0134709
  188 187.5 31.0704 0.0134854
  189 188.5 31.1103 0.0135027
  190 189.5 31.111 0.013503
  191 190.5 31.1198 0.0135069
  192 191.5 31.1596 0.0135241
  193 192.5 31.1211 0.0135074
  194 193.5 31.174 0.0135304
  195 194.5 31.177 0.0135317
  196 195.5 31.1802 0.0135331
  197 196.5 31.2115 0.0135467
  198 197.5 31.2434 0.0135605
  199 198.5 31.2073 0.0135448
  200 199.5 31.1941 0.0135391
  201 200.5 31.2457 0.0135615
  202 201.5 31.2211 0.0135508
  203 202.5 31.2149 0.0135481
  204 203.5 31.2266 0.0135532
  205 204.5 31.2211 0.0135508
  206 205.5 31.216 0.0135486
  207 206.5 31.214 0.0135477
  208 207.5 31.2529 0.0135646
  209 208.5 31.2554 0.0135657
  210 209.5 31.2326 0.0135558
  211 210.5 31.2887 0.0135802
  212 211.5 31.2634 0.0135692
  213 212.5 31.2842 0.0135782
  214 213.5 31.2866 0.0135793
  215 214.5 31.3288 0.0135976
  216 215.5 31.3517 0.0136075
  217 216.5 31.3407 0.0136027
  218 217.5 31.332 0.013599
  219 218.5 31.4063 0.0136312
  220 219.5 31.37 0.0136154
  221 220.5 31.3369 0.0136011
  222 221.5 31.3529 0.013608
  223 222.5 31.3893 0.0136238
  224 223.5 31.3674 0.0136143
  225 224.5 31.3637 0.0136127
  226 225.5 31.389 0.0136237
  227 226.5 31.3419 0.0136033
  228 227.5 31.3469 0.0136054
  229 228.5 31.3532 0.0136082
  230 229.5 31.319 0.0135933
  231 230.5 31.3234 0.0135952
  232 231.5 31.2826 0.0135775
  233 232.5 31.307 0.0135881
  234 233.5 31.269 0.0135716
  235 234.5 31.2882 0.01358
  236 235.5 31.2636 0.0135693
  237 236.5 31.2409 0.0135594
  238 237.5 31.2453 0.0135613
  239 238.5 31.2459 0.0135616
  240 239.5 31.2272 0.0135535
  241 240.5 31.216 0.0135486
  242 241.5 31.2242 0.0135522
  243 242.5 31.1955 0.0135397
  244 243.5 31.2222 0.0135513
  245 244.5 31.1919 0.0135381
  246 245.5 31.2148 0.0135481
  247 246.5 31.244 0.0135608
  248 247.5 31.2188 0.0135498
  249 248.5 31.2297 0.0135546
  250 249.5 31.257 0.0135664
  251 250.5 31.2272 0.0135535
  252 251.5 31.2104 0.0135462
  253 252.5 31.2457 0.0135615
  254 253.5 31.2773 0.0135752
  255 254.5 31.2598 0.0135676
  256 255.5 31.2707 0.0135723
  257 256.5 31.3345 0.0136
  258 257.5 31.3308 0.0135984
  259 258.5 31.2928 0.0135819
  260 259.5 31.2976 0.013584
  261 260.5 31.3436 0.013604
  262 261.5 31.3295 0.0135979
  263 262.5 31.2825 0.0135775
  264 263.5 31.3139 0.0135911
  265 264.5 31.3464 0.0136052
  266 265.5 31.2847 0.0135784
  267 266.5 31.3087 0.0135889
  268 267.5 31.3381 0.0136016
  269 268.5 31.3895 0.0136239
  270 269.5 31.3423 0.0136034
  271 270.5 31.3335 0.0135996
  272 271.5 31.4092 0.0136325
  273 272.5 31.3577 0.0136101
  274 273.5 31.3601 0.0136112
  275 274.5 31.3703 0.0136156
  276 275.5 31.4295 0.0136413
  277 276.5 31.3429 0.0136037
  278 277.5 31.3763 0.0136182
  279 278.5 31.3944 0.013626
  280 279.5 31.3382 0.0136017
  281 280.5 31.3434 0.0136039
  282 281.5 31.3645 0.0136131
  283 282.5 31.3199 0.0135937
  284 283.5 31.3243 0.0135956
  285 284.5 31.3714 0.0136161
  286 285.5 31.3749 0.0136176
  287 286.5 31.3214 0.0135943
  288 287.5 31.3756 0.0136179
  289 288.5 31.3534 0.0136082
  290 289.5 31.3316 0.0135988
  291 290.5 31.3242 0.0135956
  292 291.5 31.3226 0.0135949
  293 292.5 31.3141 0.0135912
  294 293.5 31.3187 0.0135932
  295 294.5 31.2732 0.0135734
  296 295.5 31.2367 0.0135576
  297 296.5 31.2834 0.0135779
  298 297.5 31.1852 0.0135353
  299 298.5 31.1429 0.0135169
  300 299.5 31.1453 0.0135179
  301 300.5 31.0628 0.0134821
  302 301.5 31.0172 0.0134623
  303 302.5 30.9163 0.0134185
  304 303.5 30.8394 0.0133852
  305 304.5 30.7345 0.0133396
  306 305.5 30.5926 0.0132781
  307 306.5 30.4037 0.013196
  308 307.5 30.2318 0.0131214
  309 308.5 30.012 0.0130261
  310 309.5 29.6892 0.012886
  311 310.5 29.3375 0.0127333
  312 311.5 28.8728 0.0125316
  313 312.5 28.321 0.0122921
  314 313.5 27.6822 0.0120148
  315 314.5 26.9093 0.0116794
  316 315.5 26.0023 0.0112857
  317 316.5 24.9504 0.0108292
  318 317.5 23.8722 0.0103612
  319 318.5 22.5709 0.00979642
  320 319.5 21.2041 0.00920318
  321 320.5 19.8006 0.00859401
  322 321.5 18.3723 0.00797408
  323 322.5 16.92 0.00734374
  324 323.5 15.5001 0.00672746
  325 324.5 14.1566 0.00614438
  326 325.5 12.8617 0.00558232
  327 326.5 11.6544 0.00505835
  328 327.5 10.5673 0.00458651
  329 328.5 9.59075 0.00416265
  330 329.5 8.68237 0.00376839
  331 330.5 7.90183 0.00342961
  332 331.5 7.24172 0.00314311
  333 332.5 6.64984 0.00288622
  334 333.5 6.14183 0.00266572
  335 334.5 5.73728 0.00249014
  336 335.5 5.40752 0.00234701
  337 336.5 5.10097 0.00221396
  338 337.5 4.86832 0.00211299
  339 338.5 4.67635 0.00202967
  340 339.5 4.51702 0.00196051
  341 340.5 4.35368 0.00188962
  342 341.5 4.22967 0.0018358
  343 342.5 4.11261 0.00178499
  344 343.5 3.99943 0.00173586
  345 344.5 3.90006 0.00169274
  346 345.5 3.77811 0.00163981
  347 346.5 3.66417 0.00159035
  348 347.5 3.56471 0.00154718
  349 348.5 3.45252 0.00149849
  350 349.5 3.33339 0.00144678
  351 350.5 3.21937 0.0013973
  352 351.5 3.10949 0.00134961
  353 352.5 2.99674 0.00130067
  354 353.5 2.87534 0.00124798
  355 354.5 2.74478 0.00119131
  356 355.5 2.63682 0.00114445
  357 356.5 2.5412 0.00110295
  358 357.5 2.43468 0.00105672
  359 358.5 2.33212 0.00101221
  360 359.5 2.23515 0.000970116
  361 360.5 2.1502 0.000933247
  362 361.5 2.06125 0.000894638
  363 362.5 1.97778 0.000858411
  364 363.5 1.90256 0.000825762
  365 364.5 1.83849 0.000797956
  366 365.5 1.77127 0.00076878
  367 366.5 1.69861 0.000737245
  368 367.5 1.63964 0.00071165
  369 368.5 1.57475 0.000683487
  370 369.5 1.49828 0.000650296
  371 370.5 1.43984 0.00062493
  372 371.5 1.36576 0.00059278
  373 372.5 1.3063 0.00056697
  374 373.5 1.24317 0.000539569
  375 374.5 1.17737 0.000511011
  376 375.5 1.11548 0.000484149
  377 376.5 1.06386 0.000461745
  378 377.5 1.0126 0.000439498
  379 378.5 0.955296 0.000414625
  380 379.5 0.906624 0.0003935
  381 380.5 0.864766 0.000375332
  382 381.5 0.82811 0.000359423
  383 382.5 0.80034 0.00034737
  384 383.5 0.770568 0.000334448
  385 384.5 0.742906 0.000322442
  386 385.5 0.723802 0.00031415
  387 386.5 0.71274 0.000309349
  388 387.5 0.694796 0.000301561
  389 388.5 0.68793 0.000298581
  390 389.5 0.678628 0.000294543
  391 390.5 0.663424 0.000287944
  392 391.5 0.65755 0.000285395
  393 392.5 0.66116 0.000286962
  394 393.5 0.66019 0.000286541
  395 394.5 0.651918 0.000282951
  396 395.5 0.651226 0.00028265
  397 396.5 0.644362 0.000279671
  398 397.5 0.648086 0.000281287
  399 398.5 0.648618 0.000281518
  400 399.5 0.64579 0.000280291
  401 400.5 0.644806 0.000279864
  402 401.5 0.64411 0.000279562
  403 402.5 0.63726 0.000276589
  404 403.5 0.639106 0.00027739
  405 404.5 0.639304 0.000277476
  406 405.5 0.63619 0.000276124
  407 406.5 0.640532 0.000278009
  408 407.5 0.640222 0.000277874
  409 408.5 0.64439 0.000279683
  410 409.5 0.648504 0.000281469
  411 410.5 0.647732 0.000281134
  412 411.5 0.646634 0.000280657
  413 412.5 0.644844 0.00027988
  414 413.5 0.647668 0.000281106
  415 414.5 0.651572 0.0002828
  416 415.5 0.6535 0.000283637
  417 416.5 0.653082 0.000283456
  418 417.5 0.649438 0.000281874
  419 418.5 0.649212 0.000281776
  420 419.5 0.64675 0.000280707
  421 420.5 0.646816 0.000280736
  422 421.5 0.642444 0.000278839
  423 422.5 0.638054 0.000276933
  424 423.5 0.63785 0.000276845
  425 424.5 0.632644 0.000274585
  426 425.5 0.63524 0.000275712
  427 426.5 0.636674 0.000276334
  428 427.5 0.634736 0.000275493
  429 428.5 0.633942 0.000275148
  430 429.5 0.638118 0.000276961
  431 430.5 0.638806 0.00027726
  432 431.5 0.63901 0.000277348
  433 432.5 0.643026 0.000279091
  434 433.5 0.641496 0.000278427
  435 434.5 0.64303 0.000279093
  436 435.5 0.64185 0.000278581
  437 436.5 0.639668 0.000277634
  438 437.5 0.646058 0.000280407
  439 438.5 0.64638 0.000280547
  440 439.5 0.64785 0.000281185
  441 440.5 0.647478 0.000281023
  442 441.5 0.645296 0.000280076
  443 442.5 0.645848 0.000280316
  444 443.5 0.638936 0.000277316
  445 444.5 0.644768 0.000279847
  446 445.5 0.642668 0.000278936
  447 446.5 0.643658 0.000279365
  448 447.5 0.65046 0.000282318
  449 448.5 0.647416 0.000280997
  450 449.5 0.647124 0.00028087
  451 450.5 0.645716 0.000280259
  452 451.5 0.63601 0.000276046
  453 452.5 0.639154 0.000277411
  454 453.5 0.641676 0.000278505
  455 454.5 0.644888 0.000279899
  456 455.5 0.646872 0.00028076
  457 456.5 0.647932 0.00028122
  458 457.5 0.643142 0.000279141
  459 458.5 0.644134 0.000279572
  460 459.5 0.64438 0.000279679
  461 460.5 0.641752 0.000278538
  462 461.5 0.643048 0.000279101
  463 462.5 0.631996 0.000274304
  464 463.5 0.633512 0.000274962
  465 464.5 0.635988 0.000276036
  466 465.5 0.640124 0.000277832
  467 466.5 0.642788 0.000278988
  468 467.5 0.646754 0.000280709
  469 468.5 0.63958 0.000277595
  470 469.5 0.641546 0.000278449
  471 470.5 0.647068 0.000280845
  472 471.5 0.644828 0.000279873
  473 472.5 0.643182 0.000279159
  474 473.5 0.638614 0.000277176
  475 474.5 0.643404 0.000279255
  476 475.5 0.651106 0.000282598
  477 476.5 0.655098 0.000284331
  478 477.5 0.656104 0.000284767
  479 478.5 0.660464 0.00028666
  480 479.5 0.665398 0.000288801
30000000 480 5763.000000000004
  1 0.5 0.636756 0.00027637
  2 1.5 0.644566 0.00027976
  3 2.5 0.641598 0.000278471
  4 3.5 0.638996 0.000277342
  5 4.5 0.647558 0.000281058
  6 5.5 0.649414 0.000281864
  7 6.5 0.645812 0.0002803
  8 7.5 0.644706 0.00027982
  9 8.5 0.6383 0.00027704
  10 9.5 0.642892 0.000279033
  11 10.5 0.641134 0.00027827
  12 11.5 0.64348 0.000279288
  13 12.5 0.648362 0.000281407
  14 13.5 0.652714 0.000283296
  15 14.5 0.652046 0.000283006
  16 15.5 0.651752 0.000282878
  17 16.5 0.654336 0.000284
  18 17.5 0.655064 0.000284316
  19 18.5 0.662534 0.000287558
  20 19.5 0.669232 0.000290465
  21 20.5 0.670914 0.000291195
  22 21.5 0.689626 0.000299317
  23 22.5 0.704608 0.000305819
  24 23.5 0.720912 0.000312896
  25 24.5 0.738398 0.000320485
  26 25.5 0.761184 0.000330375
  27 26.5 0.79517 0.000345126
  28 27.5 0.8363 0.000362977
  29 28.5 0.886934 0.000384954
  30 29.5 0.947262 0.000411138
  31 30.5 1.01673 0.00044129
  32 31.5 1.10013 0.000477489
  33 32.5 1.20259 0.000521957
  34 33.5 1.31573 0.000571062
  35 34.5 1.45096 0.000629755
  36 35.5 1.59305 0.000691429
  37 36.5 1.74642 0.000757996
  38 37.5 1.90673 0.000827572
  39 38.5 2.07836 0.000902064
  40 39.5 2.25968 0.000980764
  41 40.5 2.45127 0.00106392
  42 41.5 2.63311 0.00114284
  43 42.5 2.81418 0.00122143
  44 43.5 2.99138 0.00129834
  45 44.5 3.14956 0.001367
  46 45.5 3.28977 0.00142785
  47 46.5 3.43126 0.00148926
  48 47.5 3.54165 0.00153718
  49 48.5 3.63923 0.00157953
  50 49.5 3.73219 0.00161987
  51 50.5 3.82047 0.00165819
  52 51.5 3.88725 0.00168718
  53 52.5 3.93578 0.00170824
  54 53.5 3.96004 0.00171877
  55 54.5 3.98137 0.00172803
  56 55.5 3.98529 0.00172973
  57 56.5 3.99612 0.00173443
  58 57.5 3.98883 0.00173126
  59 58.5 3.98792 0.00173087
  60 59.5 3.97942 0.00172718
  61 60.5 3.97962 0.00172726
  62 61.5 3.97157 0.00172377
  63 62.5 3.96609 0.00172139
  64 63.5 3.95246 0.00171548
  65 64.5 3.93779 0.00170911
  66 65.5 3.92079 0.00170173
  67 66.5 3.91833 0.00170066
  68 67.5 3.90753 0.00169598
  69 68.5 3.90371 0.00169432
  70 69.5 3.90079 0.00169305
  71 70.5 3.90788 0.00169613
  72 71.5 3.9113 0.00169761
  73 72.5 3.90561 0.00169514
  74 73.5 3.89816 0.00169191
  75 74.5 3.90636 0.00169547
  76 75.5 3.88868 0.00168779
  77 76.5 3.86734 0.00167853
  78 77.5 3.86017 0.00167542
  79 78.5 3.85663 0.00167388
  80 79.5 3.86376 0.00167698
  81 80.5 3.85674 0.00167393
  82 81.5 3.84945 0.00167077
  83 82.5 3.85386 0.00167268
  84 83.5 3.85136 0.0016716
  85 84.5 3.85689 0.001674
  86 85.5 3.8566 0.00167387
  87 86.5 3.86266 0.0016765
  88 87.5 3.8671 0.00167843
  89 88.5 3.87192 0.00168052
  90 89.5 3.87242 0.00168074
  91 90.5 3.86855 0.00167906
  92 91.5 3.87336 0.00168114
  93 92.5 3.88827 0.00168762
  94 93.5 3.91161 0.00169775
  95 94.5 3.92405 0.00170315
  96 95.5 3.92522 0.00170366
  97 96.5 3.94033 0.00171021
  98 97.5 3.94943 0.00171416
  99 98.5 3.94202 0.00171095
  100 99.5 3.95578 0.00171692
  101 100.5 3.95589 0.00171696
  102 101.5 3.97243 0.00172414
  103 102.5 3.96025 0.00171886
  104 103.5 3.96393 0.00172045
  105 104.5 3.97978 0.00172733
  106 105.5 3.96611 0.0017214
  107 106.5 3.99209 0.00173268
  108 107.5 3.97686 0.00172607
  109 108.5 3.98282 0.00172866
  110 109.5 3.96118 0.00171926
  111 110.5 3.96609 0.00172139
  112 111.5 3.94417 0.00171188
  113 112.5 3.94565 0.00171252
  114 113.5 3.9548 0.00171649
  115 114.5 3.95836 0.00171804
  116 115.5 3.9374 0.00170894
  117 116.5 3.93756 0.00170901
  118 117.5 3.92879 0.0017052
  119 118.5 3.92184 0.00170219
  120 119.5 3.92859 0.00170512
  121 120.5 3.91532 0.00169936
  122 121.5 3.90835 0.00169633
  123 122.5 3.90763 0.00169602
  124 123.5 3.89889 0.00169222
  125 124.5 3.90616 0.00169538
  126 125.5 3.92806 0.00170489
  127 126.5 3.92492 0.00170352
  128 127.5 3.9406 0.00171033
  129 128.5 3.96403 0.0017205
  130 129.5 3.96253 0.00171985
  131 130.5 3.96018 0.00171883
  132 131.5 3.97304 0.00172441
  133 132.5 4.00573 0.0017386
  134 133.5 4.01178 0.00174122
  135 134.5 4.0149 0.00174258
  136 135.5 4.01332 0.00174189
  137 136.5 4.0215 0.00174544
  138 137.5 4.0173 0.00174362
  139 138.5 4.04201 0.00175435
  140 139.5 4.05718 0.00176093
  141 140.5 4.05843 0.00176147
  142 141.5 4.07565 0.00176894
  143 142.5 4.07624 0.0017692
  144 143.5 4.09972 0.00177939
  145 144.5 4.11445 0.00178579
  146 145.5 4.14838 0.00180051
  147 146.5 4.18909 0.00181818
  148 147.5 4.22976 0.00183583
  149 148.5 4.30437 0.00186822
  150 149.5 4.40007 0.00190975
  151 150.5 4.52146 0.00196244
  152 151.5 4.66636 0.00202533
  153 152.5 4.82884 0.00209585
  154 153.5 5.06743 0.00219941
  155 154.5 5.34408 0.00231948
  156 155.5 5.71632 0.00248104
  157 156.5 6.16497 0.00267577
  158 157.5 6.72782 0.00292006
  159 158.5 7.40266 0.00321296
  160 159.5 8.24055 0.00357663
  161 160.5 9.20488 0.00399517
  162 161.5 10.3026 0.00447163
  163 162.5 11.548 0.00501214
  164 163.5 12.9371 0.00561506
  165 164.5 14.4298 0.00626295
  166 165.5 16.0192 0.00695279
  167 166.5 17.6138 0.00764488
  168 167.5 19.2601 0.0083594
  169 168.5 20.8255 0.00903884
  170 169.5 22.2885 0.00967381
  171 170.5 23.6811 0.0102783
  172 171.5 24.9027 0.0108084
  173 172.5 26.0001 0.0112848
  174 173.5 26.9032 0.0116767
  175 174.5 27.7258 0.0120338
  176 175.5 28.3887 0.0123215
  177 176.5 28.9405 0.012561
  178 177.5 29.3902 0.0127562
  179 178.5 29.7553 0.0129146
  180 179.5 30.031 0.0130343
  181 180.5 30.2677 0.013137
  182 181.5 30.4243 0.013205
  183 182.5 30.5626 0.013265
  184 183.5 30.6696 0.0133115
  185 184.5 30.7408 0.0133424
  186 185.5 30.7877 0.0133627
  187 186.5 30.8799 0.0134027
  188 187.5 30.908 0.0134149
  189 188.5 30.9386 0.0134282
  190 189.5 30.9477 0.0134322
  191 190.5 31.001 0.0134553
  192 191.5 30.9379 0.0134279
  193 192.5 31.0062 0.0134576
  194 193.5 30.9899 0.0134505
  195 194.5 30.9972 0.0134536
  196 195.5 30.967 0.0134405
  197 196.5 30.9828 0.0134474
  198 197.5 30.9676 0.0134408
  199 198.5 30.9688 0.0134413
  200 199.5 30.984 0.0134479
  201 200.5 30.9716 0.0134425
  202 201.5 30.9432 0.0134302
  203 202.5 30.9495 0.0134329
  204 203.5 31.0007 0.0134552
  205 204.5 30.9064 0.0134143
  206 205.5 30.9502 0.0134332
  207 206.5 30.961 0.0134379
  208 207.5 30.915 0.013418
  209 208.5 30.8899 0.0134071
  210 209.5 30.9063 0.0134142
  211 210.5 30.9019 0.0134123
  212 211.5 30.8659 0.0133967
  213 212.5 30.8954 0.0134095
  214 213.5 30.8954 0.0134095
  215 214.5 30.8578 0.0133931
  216 215.5 30.8883 0.0134064
  217 216.5 30.9158 0.0134183
  218 217.5 30.8367 0.013384
  219 218.5 30.8343 0.0133829
  220 219.5 30.8509 0.0133902
  221 220.5 30.8458 0.0133879
  222 221.5 30.8337 0.0133827
  223 222.5 30.8512 0.0133903
  224 223.5 30.8169 0.0133754
  225 224.5 30.8252 0.013379
  226 225.5 30.8414 0.013386
  227 226.5 30.8427 0.0133866
  228 227.5 30.8343 0.0133829
  229 228.5 30.8321 0.013382
  230 229.5 30.827 0.0133798
  231 230.5 30.8427 0.0133866
  232 231.5 30.791 0.0133642
  233 232.5 30.832 0.013382
  234 233.5 30.8818 0.0134035
  235 234.5 30.8564 0.0133925
  236 235.5 30.8537 0.0133914
  237 236.5 30.8771 0.0134015
  238 237.5 30.9112 0.0134163
  239 238.5 30.8763 0.0134012
  240 239.5 30.8727 0.0133996
  241 240.5 30.9264 0.0134229
  242 241.5 30.9311 0.013425
  243 242.5 30.9232 0.0134215
  244 243.5 30.9333 0.0134259
  245 244.5 30.9704 0.013442
  246 245.5 30.9736 0.0134434
  247 246.5 30.947 0.0134319
  248 247.5 30.9711 0.0134423
  249 248.5 30.9489 0.0134327
  250 249.5 30.9671 0.0134406
  251 250.5 31.0005 0.0134551
  252 251.5 30.9826 0.0134473
  253 252.5 30.9533 0.0134346
  254 253.5 30.9514 0.0134337
  255 254.5 30.9452 0.0134311
  256 255.5 30.8919 0.0134079
  257 256.5 30.8809 0.0134032
  258 257.5 30.9258 0.0134227
  259 258.5 30.9301 0.0134245
  260 259.5 30.853 0.013391
  261 260.5 30.9356 0.0134269
  262 261.5 30.9453 0.0134311
  263 262.5 30.9676 0.0134408
  264 263.5 30.9738 0.0134435
  265 264.5 30.9945 0.0134525
  266 265.5 30.9979 0.0134539
  267 266.5 31.0012 0.0134554
  268 267.5 31.0485 0.0134759
  269 268.5 31.0321 0.0134688
  270 269.5 30.9996 0.0134547
  271 270.5 31.0536 0.0134781
  272 271.5 31.0403 0.0134723
  273 272.5 30.9856 0.0134486
  274 273.5 31.0369 0.0134709
  275 274.5 31.1044 0.0135002
  276 275.5 31.038 0.0134713
  277 276.5 31.0139 0.0134609
  278 277.5 31.1099 0.0135026
  279 278.5 31.0977 0.0134973
  280 279.5 31.0559 0.0134791
  281 280.5 31.0646 0.0134829
  282 281.5 31.1637 0.0135259
  283 282.5 31.1289 0.0135108
  284 283.5 31.0719 0.0134861
  285 284.5 31.1037 0.0134999
  286 285.5 31.1381 0.0135148
  287 286.5 31.1236 0.0135085
  288 287.5 31.0585 0.0134802
  289 288.5 31.0773 0.0134884
  290 289.5 31.1239 0.0135087
  291 290.5 31.0892 0.0134936
  292 291.5 31.1004 0.0134984
  293 292.5 31.1153 0.0135049
  294 293.5 31.1355 0.0135137
  295 294.5 31.1027 0.0134995
  296 295.5 31.1261 0.0135096
  297 296.5 31.1424 0.0135167
  298 297.5 31.1657 0.0135268
  299 298.5 31.1655 0.0135267
  300 299.5 31.1911 0.0135378
  301 300.5 31.1765 0.0135315
  302 301.5 31.2494 0.0135631
  303 302.5 31.2437 0.0135606
  304 303.5 31.2054 0.013544
  305 304.5 31.131 0.0135117
  306 305.5 31.1808 0.0135333
  307 306.5 31.1158 0.0135051
  308 307.5 31.0305 0.0134681
  309 308.5 30.9772 0.013445
  310 309.5 30.9185 0.0134195
  311 310.5 30.8301 0.0133811
  312 311.5 30.6487 0.0133024
  313 312.5 30.5067 0.0132408
  314 313.5 30.2542 0.0131312
  315 314.5 29.9741 0.0130096
  316 315.5 29.6247 0.0128579
  317 316.5 29.2096 0.0126778
  318 317.5 28.6541 0.0124367
  319 318.5 28.0604 0.012179
  320 319.5 27.3452 0.0118686
  321 320.5 26.4801 0.0114931
  322 321.5 25.4687 0.0110541
  323 322.5 24.3235 0.0105571
  324 323.5 23.0505 0.0100045
  325 324.5 21.6451 0.00939459
  326 325.5 20.1438 0.00874298
  327 326.5 18.6056 0.00807536
  328 327.5 16.9907 0.00737443
  329 328.5 15.4286 0.00669644
  330 329.5 13.9229 0.00604292
  331 330.5 12.4434 0.00540079
  332 331.5 11.1198 0.0048263
  333 332.5 9.96674 0.00432584
  334 333.5 8.91165 0.00386791
  335 334.5 8.02498 0.00348306
  336 335.5 7.29011 0.00316411
  337 336.5 6.66935 0.00289468
  338 337.5 6.15049 0.00266948
  339 338.5 5.73791 0.00249041
  340 339.5 5.41361 0.00234966
  341 340.5 5.16037 0.00223974
  342 341.5 4.96066 0.00215306
  343 342.5 4.7751 0.00207252
  344 343.5 4.6377 0.00201289
  345 344.5 4.53917 0.00197013
  346 345.5 4.44405 0.00192884
  347 346.5 4.39967 0.00190958
  348 347.5 4.33547 0.00188171
  349 348.5 4.2753 0.0018556
  350 349.5 4.23257 0.00183705
  351 350.5 4.20028 0.00182304
  352 351.5 4.16738 0.00180876
  353 352.5 4.12747 0.00179143
  354 353.5 4.10641 0.00178229
  355 354.5 4.07804 0.00176998
  356 355.5 4.0425 0.00175456
  357 356.5 4.00399 0.00173784
  358 357.5 3.97642 0.00172588
  359 358.5 3.94038 0.00171023
  360 359.5 3.89714 0.00169147
  361 360.5 3.83812 0.00166585
  362 361.5 3.7554 0.00162995
  363 362.5 3.66307 0.00158988
  364 363.5 3.55032 0.00154094
  365 364.5 3.42995 0.00148869
  366 365.5 3.29947 0.00143206
  367 366.5 3.14333 0.00136429
  368 367.5 2.98026 0.00129352
  369 368.5 2.81162 0.00122032
  370 369.5 2.6272 0.00114028
  371 370.5 2.44274 0.00106022
  372 371.5 2.24868 0.00097599
  373 372.5 2.06836 0.000897724
  374 373.5 1.88415 0.000817775
  375 374.5 1.72457 0.000748512
  376 375.5 1.56585 0.000679621
  377 376.5 1.42562 0.000618759
  378 377.5 1.30888 0.000568092
  379 378.5 1.20183 0.000521628
  380 379.5 1.10329 0.000478859
  381 380.5 1.02538 0.000445043
  382 381.5 0.951164 0.000412832
  383 382.5 0.893078 0.000387621
  384 383.5 0.847382 0.000367787
  385 384.5 0.800664 0.00034751
  386 385.5 0.766098 0.000332508
  387 386.5 0.741634 0.00032189
  388 387.5 0.72061 0.000312765
  389 388.5 0.702342 0.000304836
  390 389.5 0.693442 0.000300973
  391 390.5 0.679636 0.000294981
  392 391.5 0.67658 0.000293655
  393 392.5 0.667364 0.000289655
  394 393.5 0.664296 0.000288323
  395 394.5 0.652868 0.000283363
  396 395.5 0.649906 0.000282077
  397 396.5 0.649122 0.000281737
  398 397.5 0.650514 0.000282341
  399 398.5 0.64663 0.000280655
  400 399.5 0.651026 0.000282563
  401 400.5 0.649834 0.000282046
  402 401.5 0.649966 0.000282103
  403 402.5 0.651778 0.00028289
  404 403.5 0.648936 0.000281656
  405 404.5 0.651648 0.000282833
  406 405.5 0.64133 0.000278355
  407 406.5 0.64418 0.000279592
  408 407.5 0.64568 0.000280243
  409 408.5 0.64621 0.000280473
  410 409.5 0.64797 0.000281237
  411 410.5 0.648768 0.000281583
  412 411.5 0.653552 0.00028366
  413 412.5 0.654136 0.000283913
  414 413.5 0.648496 0.000281465
  415 414.5 0.651538 0.000282786
  416 415.5 0.651324 0.000282693
  417 416.5 0.649426 0.000281869
  418 417.5 0.645028 0.00027996
  419 418.5 0.651248 0.00028266
  420 419.5 0.651994 0.000282984
  421 420.5 0.645322 0.000280088
  422 421.5 0.648734 0.000281569
  423 422.5 0.648836 0.000281613
  424 423.5 0.649138 0.000281744
  425 424.5 0.6542 0.000283941
  426 425.5 0.649552 0.000281924
  427 426.5 0.649298 0.000281813
  428 427.5 0.652996 0.000283418
  429 428.5 0.646408 0.000280559
  430 429.5 0.649814 0.000282037
  431 430.5 0.646714 0.000280692
  432 431.5 0.641268 0.000278328
  433 432.5 0.645732 0.000280266
  434 433.5 0.640402 0.000277952
  435 434.5 0.639928 0.000277747
  436 435.5 0.64325 0.000279188
  437 436.5 0.64885 0.000281619
  438 437.5 0.645388 0.000280116
  439 438.5 0.63624 0.000276146
  440 439.5 0.64032 0.000277917
  441 440.5 0.64307 0.00027911
  442 441.5 0.643072 0.000279111
  443 442.5 0.64714 0.000280877
  444 443.5 0.649516 0.000281908
  445 444.5 0.6454 0.000280122
  446 445.5 0.644252 0.000279623
  447 446.5 0.644206 0.000279603
  448 447.5 0.648208 0.00028134
  449 448.5 0.650214 0.000282211
  450 449.5 0.646774 0.000280718
  451 450.5 0.642264 0.00027876
  452 451.5 0.639552 0.000277583
  453 452.5 0.641062 0.000278239
  454 453.5 0.636918 0.00027644
  455 454.5 0.638576 0.00027716
  456 455.5 0.633856 0.000275111
  457 456.5 0.634936 0.00027558
  458 457.5 0.630974 0.00027386
  459 458.5 0.628174 0.000272645
  460 459.5 0.629924 0.000273405
  461 460.5 0.629068 0.000273033
  462 461.5 0.6284 0.000272743
  463 462.5 0.629828 0.000273363
  464 463.5 0.626732 0.000272019
  465 464.5 0.631356 0.000274026
  466 465.5 0.63469 0.000275473
  467 466.5 0.636748 0.000276366
  468 467.5 0.64852 0.000281476
  469 468.5 0.64396 0.000279497
  470 469.5 0.648366 0.000281409
  471 470.5 0.650144 0.000282181
  472 471.5 0.652954 0.0002834
  473 472.5 0.653458 0.000283619
  474 473.5 0.646506 0.000280602
  475 474.5 0.63683 0.000276402
  476 475.5 0.64059 0.000278034
  477 476.5 0.638594 0.000277168
  478 477.5 0.641332 0.000278356
  479 478.5 0.64077 0.000278112
  480 479.5 0.639104 0.000277389
40000000 480 5763
  1 0.5 0.637994 0.000276907
  2 1.5 0.641616 0.000278479
  3 2.5 0.63373 0.000275056
  4 3.5 0.638086 0.000276947
  5 4.5 0.633 0.00027474
  6 5.5 0.64141 0.00027839
  7 6.5 0.640088 0.000277816
  8 7.5 0.637506 0.000276695
  9 8.5 0.636842 0.000276407
  10 9.5 0.643256 0.000279191
  11 10.5 0.648176 0.000281326
  12 11.5 0.651168 0.000282625
  13 12.5 0.657504 0.000285375
  14 13.5 0.662894 0.000287714
  15 14.5 0.665868 0.000289005
  16 15.5 0.674962 0.000292952
  17 16.5 0.684386 0.000297043
  18 17.5 0.694206 0.000301305
  19 18.5 0.717294 0.000311326
  20 19.5 0.735326 0.000319152
  21 20.5 0.766064 0.000332493
  22 21.5 0.801914 0.000348053
  23 22.5 0.84374 0.000366207
  24 23.5 0.895252 0.000388564
  25 24.5 0.955998 0.00041493
  26 25.5 1.03763 0.00045036
  27 26.5 1.11948 0.000485886
  28 27.5 1.22142 0.000530128
  29 28.5 1.33745 0.000580492
  30 29.5 1.46176 0.000634443
  31 30.5 1.60342 0.00069593
  32 31.5 1.7616 0.000764582
  33 32.5 1.91564 0.000831441
  34 33.5 2.08468 0.000904809
  35 34.5 2.27199 0.000986107
  36 35.5 2.4531 0.00106471
  37 36.5 2.6256 0.00113958
  38 37.5 2.80683 0.00121824
  39 38.5 2.98301 0.00129471
  40 39.5 3.15674 0.00137011
  41 40.5 3.3082 0.00143585
  42 41.5 3.4251 0.00148659
  43 42.5 3.55016 0.00154087
  44 43.5 3.64665 0.00158275
  45 44.5 3.73722 0.00162206
  46 45.5 3.80449 0.00165125
  47 46.5 3.86546 0.00167772
  48 47.5 3.90328 0.00169413
  49 48.5 3.95202 0.00171529
  50 49.5 3.97126 0.00172364
  51 50.5 3.98663 0.00173031
  52 51.5 4.00197 0.00173696
  53 52.5 4.00407 0.00173788
  54 53.5 4.00501 0.00173829
  55 54.5 4.01365 0.00174204
  56 55.5 4.01377 0.00174209
  57 56.5 4.02357 0.00174634
  58 57.5 4.0172 0.00174358
  59 58.5 4.01667 0.00174335
  60 59.5 4.01331 0.00174189
  61 60.5 4.0287 0.00174857
  62 61.5 4.02333 0.00174624
  63 62.5 4.04726 0.00175662
  64 63.5 4.0558 0.00176033
  65 64.5 4.0442 0.0017553
  66 65.5 4.07374 0.00176812
  67 66.5 4.07719 0.00176961
  68 67.5 4.09388 0.00177686
  69 68.5 4.09228 0.00177616
  70 69.5 4.10331 0.00178095
  71 70.5 4.08511 0.00177305
  72 71.5 4.11473 0.00178591
  73 72.5 4.11922 0.00178786
  74 73.5 4.12552 0.00179059
  75 74.5 4.13852 0.00179623
  76 75.5 4.15626 0.00180393
  77 76.5 4.15723 0.00180435
  78 77.5 4.16346 0.00180706
  79 78.5 4.16544 0.00180792
  80 79.5 4.15931 0.00180526
  81 80.5 4.17288 0.00181114
  82 81.5 4.17654 0.00181274
  83 82.5 4.19271 0.00181975
  84 83.5 4.20141 0.00182353
  85 84.5 4.19801 0.00182205
  86 85.5 4.18895 0.00181812
  87 86.5 4.21404 0.00182901
  88 87.5 4.21269 0.00182842
  89 88.5 4.20656 0.00182576
  90 89.5 4.19469 0.00182061
  91 90.5 4.20566 0.00182537
  92 91.5 4.18548 0.00181661
  93 92.5 4.18987 0.00181852
  94 93.5 4.18546 0.00181661
  95 94.5 4.18242 0.00181529
  96 95.5 4.18921 0.00181823
  97 96.5 4.17595 0.00181248
  98 97.5 4.18483 0.00181633
  99 98.5 4.19362 0.00182015
  100 99.5 4.19654 0.00182141
  101 100.5 4.18558 0.00181666
  102 101.5 4.19719 0.0018217
  103 102.5 4.20515 0.00182515
  104 103.5 4.21105 0.00182771
  105 104.5 4.20966 0.00182711
  106 105.5 4.22332 0.00183304
  107 106.5 4.22929 0.00183563
  108 107.5 4.24566 0.00184273
  109 108.5 4.22641 0.00183438
  110 109.5 4.23284 0.00183717
  111 110.5 4.24777 0.00184365
  112 111.5 4.24655 0.00184312
  113 112.5 4.24916 0.00184426
  114 113.5 4.27918 0.00185728
  115 114.5 4.267 0.001852
  116 115.5 4.27955 0.00185744
  117 116.5 4.28531 0.00185994
  118 117.5 4.26658 0.00185181
  119 118.5 4.27065 0.00185358
  120 119.5 4.2649 0.00185109
  121 120.5 4.25052 0.00184484
  122 121.5 4.23977 0.00184018
  123 122.5 4.2217 0.00183234
  124 123.5 4.19677 0.00182152
  125 124.5 4.18097 0.00181466
  126 125.5 4.17841 0.00181355
  127 126.5 4.17169 0.00181063
  128 127.5 4.17305 0.00181122
  129 128.5 4.17942 0.00181398
  130 129.5 4.2053 0.00182522
  131 130.5 4.23032 0.00183608
  132 131.5 4.24521 0.00184254
  133 132.5 4.26181 0.00184974
  134 133.5 4.24395 0.00184199
  135 134.5 4.26286 0.0018502
  136 135.5 4.25831 0.00184822
  137 136.5 4.24461 0.00184228
  138 137.5 4.24251 0.00184137
  139 138.5 4.26003 0.00184897
  140 139.5 4.27066 0.00185359
  141 140.5 4.29631 0.00186472
  142 141.5 4.3182 0.00187422
  143 142.5 4.35582 0.00189055
  144 143.5 4.39499 0.00190755
  145 144.5 4.43877 0.00192655
  146 145.5 4.50636 0.00195589
  147 146.5 4.6001 0.00199657
  148 147.5 4.71312 0.00204562
  149 148.5 4.83487 0.00209847
  150 149.5 4.99311 0.00216715
  151 150.5 5.19878 0.00225641
  152 151.5 5.45827 0.00236904
  153 152.5 5.78522 0.00251095
  154 153.5 6.17568 0.00268042
  155 154.5 6.69664 0.00290653
  156 155.5 7.32867 0.00318085
  157 156.5 8.11113 0.00352046
  158 157.5 9.03804 0.00392276
  159 158.5 10.149 0.00440496
  160 159.5 11.3991 0.00494753
  161 160.5 12.797 0.00555425
  162 161.5 14.3671 0.0062357
  163 162.5 15.964 0.00692882
  164 163.5 17.627 0.00765059
  165 164.5 19.3138 0.00838274
  166 165.5 20.9376 0.00908752
  167 166.5 22.4051 0.00972445
  168 167.5 23.7777 0.0103202
  169 168.5 25.0533 0.0108738
  170 169.5 26.1454 0.0113478
  171 170.5 27.0675 0.0117481
  172 171.5 27.8368 0.012082
  173 172.5 28.5171 0.0123772
  174 173.5 29.0238 0.0125972
  175 174.5 29.4733 0.0127923
  176 175.5 29.8099 0.0129383
  177 176.5 30.0806 0.0130558
  178 177.5 30.333 0.0131654
  179 178.5 30.4855 0.0132316
  180 179.5 30.5946 0.0132789
  181 180.5 30.7165 0.0133318
  182 181.5 30.7851 0.0133616
  183 182.5 30.8235 0.0133782
  184 183.5 30.9071 0.0134145
  185 184.5 30.9272 0.0134232
  186 185.5 30.9693 0.0134416
  187 186.5 30.9755 0.0134442
  188 187.5 31.0447 0.0134743
  189 188.5 31.043 0.0134735
  190 189.5 31.1143 0.0135045
  191 190.5 31.1015 0.0134989
  192 191.5 31.1078 0.0135016
  193 192.5 31.164 0.013526
  194 193.5 31.1505 0.0135202
  195 194.5 31.1697 0.0135285
  196 195.5 31.1922 0.0135383
  197 196.5 31.1711 0.0135291
  198 197.5 31.1949 0.0135395
  199 198.5 31.2212 0.0135509
  200 199.5 31.1994 0.0135414
  201 200.5 31.2239 0.0135521
  202 201.5 31.2344 0.0135566
  203 202.5 31.2493 0.0135631
  204 203.5 31.261 0.0135681
  205 204.5 31.2875 0.0135796
  206 205.5 31.2899 0.0135807
  207 206.5 31.3137 0.013591
  208 207.5 31.3447 0.0136045
  209 208.5 31.3291 0.0135977
  210 209.5 31.3283 0.0135974
  211 210.5 31.3292 0.0135977
  212 211.5 31.3109 0.0135898
  213 212.5 31.2963 0.0135835
  214 213.5 31.2652 0.01357
  215 214.5 31.2586 0.0135671
  216 215.5 31.2262 0.0135531
  217 216.5 31.207 0.0135447
  218 217.5 31.1775 0.0135319
  219 218.5 31.2012 0.0135422
  220 219.5 31.1713 0.0135292
  221 220.5 31.1761 0.0135313
  222 221.5 31.1479 0.013519
  223 222.5 31.1149 0.0135047
  224 223.5 31.1284 0.0135106
  225 224.5 31.093 0.0134952
  226 225.5 31.0714 0.0134858
  227 226.5 31.0538 0.0134782
  228 227.5 31.0587 0.0134803
  229 228.5 31.0638 0.0134825
  230 229.5 31.0926 0.0134951
  231 230.5 31.0545 0.0134785
  232 231.5 31.052 0.0134774
  233 232.5 31.0675 0.0134842
  234 233.5 31.0457 0.0134747
  235 234.5 31.0211 0.013464
  236 235.5 31.0445 0.0134742
  237 236.5 31.0567 0.0134795
  238 237.5 31.0236 0.0134651
  239 238.5 31.0102 0.0134593
  240 239.5 31.0901 0.013494
  241 240.5 31.0289 0.0134674
  242 241.5 31.0008 0.0134552
  243 242.5 30.9984 0.0134542
  244 243.5 31.0572 0.0134797
  245 244.5 31.0098 0.0134591
  246 245.5 30.9926 0.0134516
  247 246.5 30.9964 0.0134533
  248 247.5 30.9926 0.0134517
  249 248.5 30.9659 0.0134401
  250 249.5 30.9639 0.0134392
  251 250.5 30.9557 0.0134356
  252 251.5 30.9724 0.0134429
  253 252.5 30.974 0.0134436
  254 253.5 30.9665 0.0134403
  255 254.5 30.983 0.0134475
  256 255.5 30.9782 0.0134454
  257 256.5 31.0271 0.0134666
  258 257.5 31.0697 0.0134851
  259 258.5 31.0853 0.0134919
  260 259.5 31.0512 0.0134771
  261 260.5 31.0429 0.0134735
  262 261.5 31.1096 0.0135024
  263 262.5 31.084 0.0134913
  264 263.5 31.0826 0.0134907
  265 264.5 31.1071 0.0135014
  266 265.5 31.1 0.0134983
  267 266.5 31.1134 0.0135041
  268 267.5 31.1217 0.0135077
  269 268.5 31.13 0.0135113
  270 269.5 31.1122 0.0135036
  271 270.5 31.1758 0.0135312
  272 271.5 31.1525 0.0135211
  273 272.5 31.1784 0.0135323
  274 273.5 31.1892 0.013537
  275 274.5 31.2125 0.0135471
  276 275.5 31.2286 0.0135541
  277 276.5 31.1428 0.0135168
  278 277.5 31.1791 0.0135326
  279 278.5 31.2044 0.0135436
  280 279.5 31.1663 0.013527
  281 280.5 31.1278 0.0135103
  282 281.5 31.1678 0.0135277
  283 282.5 31.1843 0.0135349
  284 283.5 31.1575 0.0135232
  285 284.5 31.1188 0.0135064
  286 285.5 31.1376 0.0135146
  287 286.5 31.1595 0.0135241
  288 287.5 31.1473 0.0135188
  289 288.5 31.1149 0.0135048
  290 289.5 31.1245 0.0135089
  291 290.5 31.1331 0.0135126
  292 291.5 31.0923 0.0134949
  293 292.5 31.1275 0.0135102
  294 293.5 31.136 0.0135139
  295 294.5 31.097 0.013497
  296 295.5 31.1016 0.0134989
  297 296.5 31.1121 0.0135035
  298 297.5 31.1399 0.0135156
  299 298.5 31.0446 0.0134742
  300 299.5 31.0871 0.0134927
  301 300.5 31.1017 0.013499
  302 301.5 31.0857 0.0134921
  303 302.5 31.034 0.0134696
  304 303.5 31.0465 0.013475
  305 304.5 30.9663 0.0134402
  306 305.5 30.8978 0.0134105
  307 306.5 30.8373 0.0133843
  308 307.5 30.7118 0.0133298
  309 308.5 30.5178 0.0132456
  310 309.5 30.328 0.0131632
  311 310.5 30.0483 0.0130418
  312 311.5 29.776 0.0129236
  313 312.5 29.37 0.0127474
  314 313.5 28.8845 0.0125367
  315 314.5 28.2836 0.0122759
  316 315.5 27.5631 0.0119631
  317 316.5 26.6876 0.0115832
  318 317.5 25.6321 0.0111251
  319 318.5 24.4236 0.0106005
  320 319.5 23.1074 0.0100292
  321 320.5 21.62 0.00938367
  322 321.5 20.0063 0.00868329
  323 322.5 18.3541 0.0079662
  324 323.5 16.6171 0.0072123
  325 324.5 14.9176 0.00647467
  326 325.5 13.332 0.00578645
  327 326.5 11.8505 0.00514344
  328 327.5 10.4973 0.00455613
  329 328.5 9.35212 0.00405908
  330 329.5 8.3326 0.00361658
  331 330.5 7.45915 0.00323748
  332 331.5 6.74211 0.00292626
  333 332.5 6.18889 0.00268615
  334 333.5 5.70856 0.00247767
  335 334.5 5.33709 0.00231644
  336 335.5 5.05369 0.00219344
  337 336.5 4.81426 0.00208952
  338 337.5 4.63704 0.00201261
  339 338.5 4.50943 0.00195722
  340 339.5 4.40754 0.00191299
  341 340.5 4.32298 0.00187629
  342 341.5 4.22412 0.00183338
  343 342.5 4.15042 0.0018014
  344 343.5 4.09589 0.00177773
  345 344.5 4.06769 0.00176549
  346 345.5 4.045 0.00175564
  347 346.5 3.99583 0.0017343
  348 347.5 3.98047 0.00172763
  349 348.5 3.94237 0.0017111
  350 349.5 3.90906 0.00169664
  351 350.5 3.88894 0.00168791
  352 351.5 3.86268 0.00167651
  353 352.5 3.82768 0.00166132
  354 353.5 3.78792 0.00164406
  355 354.5 3.75062 0.00162787
  356 355.5 3.69691 0.00160456
  357 356.5 3.62719 0.0015743
  358 357.5 3.52818 0.00153133
  359 358.5 3.42018 0.00148445
  360 359.5 3.30957 0.00143645
  361 360.5 3.17637 0.00137863
  362 361.5 3.03246 0.00131617
  363 362.5 2.87724 0.0012488
  364 363.5 2.69726 0.00117069
  365 364.5 2.52152 0.00109441
  366 365.5 2.33502 0.00101346
  367 366.5 2.1469 0.000931815
  368 367.5 1.96782 0.000854089
  369 368.5 1.80983 0.000785515
  370 369.5 1.63581 0.000709986
  371 370.5 1.48458 0.000644347
  372 371.5 1.35219 0.000586888
  373 372.5 1.23003 0.000533866
  374 373.5 1.12061 0.000486374
  375 374.5 1.02651 0.000445536
  376 375.5 0.953362 0.000413786
  377 376.5 0.883714 0.000383556
  378 377.5 0.831652 0.00036096
  379 378.5 0.788188 0.000342095
  380 379.5 0.748002 0.000324654
  381 380.5 0.722352 0.000313521
  382 381.5 0.704952 0.000305969
  383 382.5 0.689692 0.000299345
  384 383.5 0.677458 0.000294036
  385 384.5 0.66631 0.000289197
  386 385.5 0.652458 0.000283185
  387 386.5 0.648072 0.000281281
  388 387.5 0.640912 0.000278174
  389 388.5 0.63698 0.000276467
  390 389.5 0.633414 0.000274919
  391 390.5 0.634086 0.000275211
  392 391.5 0.632804 0.000274655
  393 392.5 0.634404 0.000275349
  394 393.5 0.634184 0.000275253
  395 394.5 0.635222 0.000275704
  396 395.5 0.639682 0.00027764
  397 396.5 0.63953 0.000277574
  398 397.5 0.636484 0.000276252
  399 398.5 0.634786 0.000275515
  400 399.5 0.640188 0.000277859
  401 400.5 0.639322 0.000277484
  402 401.5 0.637832 0.000276837
  403 402.5 0.640816 0.000278132
  404 403.5 0.643838 0.000279444
  405 404.5 0.63731 0.00027661
  406 405.5 0.639944 0.000277753
  407 406.5 0.637842 0.000276841
  408 407.5 0.639414 0.000277523
  409 408.5 0.641744 0.000278535
  410 409.5 0.644222 0.00027961
  411 410.5 0.634854 0.000275544
  412 411.5 0.632596 0.000274564
  413 412.5 0.63431 0.000275308
  414 413.5 0.630394 0.000273609
  415 414.5 0.629572 0.000273252
  416 415.5 0.629316 0.000273141
  417 416.5 0.627442 0.000272327
  418 417.5 0.625328 0.00027141
  419 418.5 0.630896 0.000273826
  420 419.5 0.63377 0.000275074
  421 420.5 0.628646 0.00027285
  422 421.5 0.626356 0.000271856
  423 422.5 0.629942 0.000273412
  424 423.5 0.631208 0.000273962
  425 424.5 0.635692 0.000275908
  426 425.5 0.62676 0.000272031
  427 426.5 0.633198 0.000274826
  428 427.5 0.632578 0.000274556
  429 428.5 0.628062 0.000272596
  430 429.5 0.62743 0.000272322
  431 430.5 0.626926 0.000272103
  432 431.5 0.63473 0.00027549
  433 432.5 0.629006 0.000273006
  434 433.5 0.623592 0.000270656
  435 434.5 0.621434 0.00026972
  436 435.5 0.628292 0.000272696
  437 436.5 0.628952 0.000272983
  438 437.5 0.631256 0.000273983
  439 438.5 0.63444 0.000275365
  440 439.5 0.635708 0.000275915
  441 440.5 0.632956 0.00027472
  442 441.5 0.62893 0.000272973
  443 442.5 0.63202 0.000274314
  444 443.5 0.627984 0.000272563
  445 444.5 0.62753 0.000272365
  446 445.5 0.630624 0.000273708
  447 446.5 0.636208 0.000276132
  448 447.5 0.632354 0.000274459
  449 448.5 0.630026 0.000273449
  450 449.5 0.63202 0.000274314
  451 450.5 0.62933 0.000273147
  452 451.5 0.63121 0.000273963
  453 452.5 0.634466 0.000275376
  454 453.5 0.627688 0.000272434
  455 454.5 0.630212 0.00027353
  456 455.5 0.627192 0.000272219
  457 456.5 0.626146 0.000271765
  458 457.5 0.622982 0.000270391
  459 458.5 0.624352 0.000270986
  460 459.5 0.625584 0.000271521
  461 460.5 0.627484 0.000272345
  462 461.5 0.62623 0.000271801
  463 462.5 0.625438 0.000271457
  464 463.5 0.63241 0.000274484
  465 464.5 0.632598 0.000274565
  466 465.5 0.63307 0.00027477
  467 466.5 0.628976 0.000272993
  468 467.5 0.628568 0.000272816
  469 468.5 0.62828 0.000272691
  470 469.5 0.635906 0.000276001
  471 470.5 0.63482 0.00027553
  472 471.5 0.631196 0.000273957
  473 472.5 0.628548 0.000272807
  474 473.5 0.63472 0.000275486
  475 474.5 0.63301 0.000274744
  476 475.5 0.637114 0.000276525
  477 476.5 0.638686 0.000277207
  478 477.5 0.641012 0.000278217
  479 478.5 0.641664 0.0002785
  480 479.5 0.64046 0.000277977
50000000 480 5762.999999999997
  1 0.5 0.647058 0.000280841
  2 1.5 0.645162 0.000280018
  3 2.5 0.643112 0.000279128
  4 3.5 0.642764 0.000278977
  5 4.5 0.644284 0.000279637
  6 5.5 0.642532 0.000278877
  7 6.5 0.643234 0.000279181
  8 7.5 0.643988 0.000279509
  9 8.5 0.652736 0.000283306
  10 9.5 0.65468 0.000284149
  11 10.5 0.652534 0.000283218
  12 11.5 0.655778 0.000284626
  13 12.5 0.660284 0.000286582
  14 13.5 0.665994 0.00028906
  15 14.5 0.674092 0.000292575
  16 15.5 0.684554 0.000297115
  17 16.5 0.695904 0.000302042
  18 17.5 0.705894 0.000306378
  19 18.5 0.722538 0.000313602
  20 19.5 0.743916 0.00032288
  21 20.5 0.771262 0.000334749
  22 21.5 0.801598 0.000347916
  23 22.5 0.83269 0.000361411
  24 23.5 0.87463 0.000379614
  25 24.5 0.93005 0.000403668
  26 25.5 0.995264 0.000431972
  27 26.5 1.07147 0.000465049
  28 27.5 1.15783 0.000502532
  29 28.5 1.24667 0.000541091
  30 29.5 1.36587 0.000592826
  31 30.5 1.46681 0.000636636
  32 31.5 1.59548 0.000692484
  33 32.5 1.73331 0.000752306
  34 33.5 1.86766 0.000810615
  35 34.5 2.01389 0.000874086
  36 35.5 2.15355 0.000934701
  37 36.5 2.30578 0.00100077
  38 37.5 2.45149 0.00106401
  39 38.5 2.6083 0.00113208
  40 39.5 2.77273 0.00120344
  41 40.5 2.91943 0.00126711
  42 41.5 3.0637 0.00132973
  43 42.5 3.22127 0.00139812
  44 43.5 3.35356 0.00145554
  45 44.5 3.46864 0.00150549
  46 45.5 3.58951 0.00155795
  47 46.5 3.71714 0.00161334
  48 47.5 3.80821 0.00165287
  49 48.5 3.89683 0.00169133
  50 49.5 3.96492 0.00172089
  51 50.5 4.02756 0.00174807
  52 51.5 4.0905 0.00177539
  53 52.5 4.13347 0.00179404
  54 53.5 4.17868 0.00181366
  55 54.5 4.2189 0.00183112
  56 55.5 4.25736 0.00184781
  57 56.5 4.29096 0.00186239
  58 57.5 4.30114 0.00186681
  59 58.5 4.33417 0.00188115
  60 59.5 4.34756 0.00188696
  61 60.5 4.34954 0.00188782
  62 61.5 4.36355 0.0018939
  63 62.5 4.37438 0.0018986
  64 63.5 4.3867 0.00190395
  65 64.5 4.38048 0.00190125
  66 65.5 4.35495 0.00189017
  67 66.5 4.34163 0.00188439
  68 67.5 4.33442 0.00188126
  69 68.5 4.31508 0.00187286
  70 69.5 4.31939 0.00187473
  71 70.5 4.32799 0.00187847
  72 71.5 4.32533 0.00187731
  73 72.5 4.3093 0.00187036
  74 73.5 4.30228 0.00186731
  75 74.5 4.27739 0.00185651
  76 75.5 4.27471 0.00185534
  77 76.5 4.27957 0.00185745
  78 77.5 4.26249 0.00185004
  79 78.5 4.25185 0.00184542
  80 79.5 4.25156 0.0018453
  81 80.5 4.25477 0.00184669
  82 81.5 4.24254 0.00184138
  83 82.5 4.23925 0.00183995
  84 83.5 4.23923 0.00183995
  85 84.5 4.22989 0.00183589
  86 85.5 4.22439 0.0018335
  87 86.5 4.22259 0.00183272
  88 87.5 4.18973 0.00181846
  89 88.5 4.18484 0.00181634
  90 89.5 4.19623 0.00182128
  91 90.5 4.19429 0.00182044
  92 91.5 4.19884 0.00182241
  93 92.5 4.20466 0.00182494
  94 93.5 4.2013 0.00182348
  95 94.5 4.20948 0.00182703
  96 95.5 4.20757 0.0018262
  97 96.5 4.19623 0.00182128
  98 97.5 4.20728 0.00182607
  99 98.5 4.18758 0.00181753
  100 99.5 4.15963 0.00180539
  101 100.5 4.13576 0.00179504
  102 101.5 4.12911 0.00179215
  103 102.5 4.12578 0.0017907
  104 103.5 4.10993 0.00178382
  105 104.5 4.09934 0.00177923
  106 105.5 4.09235 0.0017762
  107 106.5 4.08895 0.00177472
  108 107.5 4.08246 0.0017719
  109 108.5 4.08937 0.0017749
  110 109.5 4.10447 0.00178145
  111 110.5 4.11317 0.00178523
  112 111.5 4.11953 0.00178799
  113 112.5 4.10697 0.00178254
  114 113.5 4.09394 0.00177688
  115 114.5 4.09234 0.00177619
  116 115.5 4.07814 0.00177002
  117 116.5 4.09338 0.00177664
  118 117.5 4.07875 0.00177029
  119 118.5 4.06174 0.00176291
  120 119.5 4.05409 0.00175959
  121 120.5 4.0565 0.00176063
  122 121.5 4.04276 0.00175467
  123 122.5 4.05135 0.0017584
  124 123.5 4.05215 0.00175875
  125 124.5 4.05417 0.00175962
  126 125.5 4.04055 0.00175371
  127 126.5 4.03762 0.00175244
  128 127.5 4.0317 0.00174987
  129 128.5 4.03823 0.0017527
  130 129.5 4.04321 0.00175487
  131 130.5 4.03592 0.0017517
  132 131.5 4.0493 0.00175751
  133 132.5 4.05874 0.00176161
  134 133.5 4.06106 0.00176261
  135 134.5 4.06117 0.00176266
  136 135.5 4.07201 0.00176737
  137 136.5 4.09404 0.00177693
  138 137.5 4.10664 0.00178239
  139 138.5 4.11626 0.00178657
  140 139.5 4.14046 0.00179708
  141 140.5 4.13679 0.00179548
  142 141.5 4.14458 0.00179886
  143 142.5 4.17955 0.00181404
  144 143.5 4.2132 0.00182865
  145 144.5 4.235 0.00183811
  146 145.5 4.27436 0.00185519
  147 146.5 4.32975 0.00187923
  148 147.5 4.41684 0.00191703
  149 148.5 4.53298 0.00196744
  150 149.5 4.65007 0.00201826
  151 150.5 4.84063 0.00210097
  152 151.5 5.05013 0.0021919
  153 152.5 5.35357 0.0023236
  154 153.5 5.71501 0.00248047
  155 154.5 6.17172 0.0026787
  156 155.5 6.72356 0.00291821
  157 156.5 7.40586 0.00321435
  158 157.5 8.19924 0.0035587
  159 158.5 9.16535 0.00397802
  160 159.5 10.2991 0.00447009
  161 160.5 11.5709 0.00502211
  162 161.5 12.9999 0.00564234
  163 162.5 14.4934 0.00629055
  164 163.5 16.0842 0.00698099
  165 164.5 17.7293 0.00769501
  166 165.5 19.3601 0.00840281
  167 166.5 20.8963 0.00906957
  168 167.5 22.4176 0.00972987
  169 168.5 23.791 0.0103259
  170 169.5 24.9897 0.0108462
  171 170.5 26.0546 0.0113084
  172 171.5 27.0075 0.011722
  173 172.5 27.7737 0.0120545
  174 173.5 28.4202 0.0123352
  175 174.5 28.9712 0.0125743
  176 175.5 29.4216 0.0127698
  177 176.5 29.8107 0.0129387
  178 177.5 30.051 0.013043
  179 178.5 30.2967 0.0131496
  180 179.5 30.5281 0.0132501
  181 180.5 30.6865 0.0133188
  182 181.5 30.8135 0.0133739
  183 182.5 30.9032 0.0134129
  184 183.5 30.9716 0.0134425
  185 184.5 30.99 0.0134505
  186 185.5 31.0648 0.013483
  187 186.5 31.0942 0.0134957
  188 187.5 31.1246 0.0135089
  189 188.5 31.1532 0.0135214
  190 189.5 31.1723 0.0135296
  191 190.5 31.1846 0.013535
  192 191.5 31.193 0.0135386
  193 192.5 31.1767 0.0135316
  194 193.5 31.2206 0.0135506
  195 194.5 31.2011 0.0135422
  196 195.5 31.2181 0.0135495
  197 196.5 31.2164 0.0135488
  198 197.5 31.2307 0.013555
  199 198.5 31.1982 0.0135409
  200 199.5 31.2039 0.0135433
  201 200.5 31.1757 0.0135311
  202 201.5 31.1979 0.0135408
  203 202.5 31.2037 0.0135433
  204 203.5 31.1927 0.0135385
  205 204.5 31.1863 0.0135357
  206 205.5 31.1949 0.0135394
  207 206.5 31.2 0.0135417
  208 207.5 31.1802 0.0135331
  209 208.5 31.1735 0.0135302
  210 209.5 31.196 0.0135399
  211 210.5 31.171 0.0135291
  212 211.5 31.1428 0.0135168
  213 212.5 31.1354 0.0135136
  214 213.5 31.1742 0.0135305
  215 214.5 31.1464 0.0135184
  216 215.5 31.1569 0.013523
  217 216.5 31.1883 0.0135366
  218 217.5 31.2048 0.0135437
  219 218.5 31.1892 0.013537
  220 219.5 31.1987 0.0135411
  221 220.5 31.2361 0.0135573
  222 221.5 31.2835 0.0135779
  223 222.5 31.3138 0.0135911
  224 223.5 31.3057 0.0135875
  225 224.5 31.3888 0.0136236
  226 225.5 31.3886 0.0136235
  227 226.5 31.3404 0.0136026
  228 227.5 31.3503 0.0136069
  229 228.5 31.3265 0.0135966
  230 229.5 31.3195 0.0135935
  231 230.5 31.3293 0.0135978
  232 231.5 31.341 0.0136029
  233 232.5 31.3309 0.0135985
  234 233.5 31.31 0.0135894
  235 234.5 31.3454 0.0136048
  236 235.5 31.3309 0.0135985
  237 236.5 31.3334 0.0135996
  238 237.5 31.3422 0.0136034
  239 238.5 31.349 0.0136063
  240 239.5 31.3233 0.0135952
  241 240.5 31.3307 0.0135984
  242 241.5 31.349 0.0136063
  243 242.5 31.3431 0.0136038
  244 243.5 31.3449 0.0136046
  245 244.5 31.3651 0.0136133
  246 245.5 31.3735 0.013617
  247 246.5 31.343 0.0136037
  248 247.5 31.3408 0.0136028
  249 248.5 31.3593 0.0136108
  250 249.5 31.3344 0.0136
  251 250.5 31.3264 0.0135965
  252 251.5 31.3251 0.013596
  253 252.5 31.3364 0.0136009
  254 253.5 31.3477 0.0136058
  255 254.5 31.3267 0.0135966
  256 255.5 31.3545 0.0136087
  257 256.5 31.3383 0.0136017
  258 257.5 31.3313 0.0135987
  259 258.5 31.2998 0.013585
  260 259.5 31.2884 0.01358
  261 260.5 31.315 0.0135916
  262 261.5 31.2803 0.0135765
  263 262.5 31.2909 0.0135811
  264 263.5 31.2539 0.0135651
  265 264.5 31.2224 0.0135514
  266 265.5 31.2548 0.0135655
  267 266.5 31.2223 0.0135513
  268 267.5 31.2425 0.0135601
  269 268.5 31.2069 0.0135446
  270 269.5 31.2137 0.0135476
  271 270.5 31.1972 0.0135404
  272 271.5 31.2024 0.0135427
  273 272.5 31.2047 0.0135437
  274 273.5 31.2691 0.0135716
  275 274.5 31.2681 0.0135712
  276 275.5 31.2403 0.0135592
  277 276.5 31.2765 0.0135749
  278 277.5 31.2796 0.0135762
  279 278.5 31.264 0.0135694
  280 279.5 31.2756 0.0135745
  281 280.5 31.2941 0.0135825
  282 281.5 31.2188 0.0135498
  283 282.5 31.2074 0.0135449
  284 283.5 31.1853 0.0135353
  285 284.5 31.189 0.0135369
  286 285.5 31.1587 0.0135238
  287 286.5 31.1278 0.0135104
  288 287.5 31.1506 0.0135202
  289 288.5 31.1117 0.0135034
  290 289.5 31.0798 0.0134895
  291 290.5 31.1213 0.0135075
  292 291.5 31.0907 0.0134942
  293 292.5 31.0232 0.0134649
  294 293.5 31.1034 0.0134998
  295 294.5 31.0865 0.0134924
  296 295.5 31.0591 0.0134805
  297 296.5 31.0682 0.0134844
  298 297.5 31.0738 0.0134869
  299 298.5 31.0348 0.01347
  300 299.5 31.0015 0.0134555
  301 300.5 31.0316 0.0134686
  302 301.5 30.9971 0.0134536
  303 302.5 30.9375 0.0134277
  304 303.5 30.8825 0.0134038
  305 304.5 30.8495 0.0133895
  306 305.5 30.7664 0.0133535
  307 306.5 30.6277 0.0132933
  308 307.5 30.4893 0.0132332
  309 308.5 30.3404 0.0131686
  310 309.5 30.0773 0.0130544
  311 310.5 29.7479 0.0129114
  312 311.5 29.4269 0.0127721
  313 312.5 29.0192 0.0125951
  314 313.5 28.455 0.0123503
  315 314.5 27.7838 0.0120589
  316 315.5 27.052 0.0117413
  317 316.5 26.154 0.0113516
  318 317.5 25.1115 0.0108991
  319 318.5 23.957 0.010398
  320 319.5 22.7374 0.00986865
  321 320.5 21.3344 0.00925973
  322 321.5 19.8454 0.00861345
  323 322.5 18.3448 0.00796214
  324 323.5 16.8218 0.00730114
  325 324.5 15.292 0.00663717
  326 325.5 13.7982 0.00598879
  327 326.5 12.402 0.00538282
  328 327.5 11.1028 0.00481894
  329 328.5 9.94298 0.00431553
  330 329.5 8.91652 0.00387002
  331 330.5 8.04247 0.00349065
  332 331.5 7.29304 0.00316538
  333 332.5 6.67329 0.00289639
  334 333.5 6.17734 0.00268114
  335 334.5 5.74947 0.00249543
  336 335.5 5.38711 0.00233816
  337 336.5 5.12193 0.00222306
  338 337.5 4.91024 0.00213118
  339 338.5 4.7642 0.00206779
  340 339.5 4.6442 0.00201571
  341 340.5 4.54958 0.00197464
  342 341.5 4.46728 0.00193893
  343 342.5 4.4244 0.00192031
  344 343.5 4.35458 0.00189001
  345 344.5 4.31096 0.00187108
  346 345.5 4.28469 0.00185968
  347 346.5 4.25115 0.00184512
  348 347.5 4.20786 0.00182633
  349 348.5 4.19326 0.00181999
  350 349.5 4.16121 0.00180608
  351 350.5 4.1329 0.00179379
  352 351.5 4.11084 0.00178422
  353 352.5 4.07861 0.00177023
  354 353.5 4.03921 0.00175313
  355 354.5 4.01202 0.00174133
  356 355.5 3.96029 0.00171887
  357 356.5 3.88147 0.00168467
  358 357.5 3.82986 0.00166227
  359 358.5 3.75528 0.00162989
  360 359.5 3.66951 0.00159267
  361 360.5 3.57378 0.00155112
  362 361.5 3.45841 0.00150105
  363 362.5 3.32462 0.00144298
  364 363.5 3.20513 0.00139111
  365 364.5 3.06148 0.00132877
  366 365.5 2.90138 0.00125928
  367 366.5 2.73655 0.00118774
  368 367.5 2.57778 0.00111883
  369 368.5 2.401 0.0010421
  370 369.5 2.23888 0.000971737
  371 370.5 2.08311 0.000904128
  372 371.5 1.91997 0.000833319
  373 372.5 1.77048 0.000768436
  374 373.5 1.63482 0.000709559
  375 374.5 1.50822 0.000654611
  376 375.5 1.39379 0.000604942
  377 376.5 1.286 0.000558161
  378 377.5 1.19102 0.000516935
  379 378.5 1.09751 0.000476352
  380 379.5 1.02355 0.000444251
  381 380.5 0.956372 0.000415092
  382 381.5 0.901494 0.000391273
  383 382.5 0.85098 0.000369349
  384 383.5 0.813332 0.000353009
  385 384.5 0.775612 0.000336637
  386 385.5 0.746836 0.000324148
  387 386.5 0.725442 0.000314862
  388 387.5 0.70339 0.000305291
  389 388.5 0.688342 0.00029876
  390 389.5 0.682092 0.000296047
  391 390.5 0.67572 0.000293281
  392 391.5 0.666958 0.000289478
  393 392.5 0.661846 0.00028726
  394 393.5 0.653432 0.000283608
  395 394.5 0.654222 0.000283951
  396 395.5 0.65513 0.000284345
  397 396.5 0.658918 0.000285989
  398 397.5 0.655094 0.000284329
  399 398.5 0.657428 0.000285342
  400 399.5 0.656868 0.000285099
  401 400.5 0.656504 0.000284941
  402 401.5 0.650524 0.000282345
  403 402.5 0.649378 0.000281848
  404 403.5 0.654094 0.000283895
  405 404.5 0.642866 0.000279022
  406 405.5 0.649162 0.000281754
  407 406.5 0.645252 0.000280057
  408 407.5 0.63823 0.00027701
  409 408.5 0.640102 0.000277822
  410 409.5 0.63992 0.000277743
  411 410.5 0.640718 0.000278089
  412 411.5 0.643462 0.00027928
  413 412.5 0.637902 0.000276867
  414 413.5 0.644912 0.00027991
  415 414.5 0.641424 0.000278396
  416 415.5 0.644148 0.000279578
  417 416.5 0.640604 0.00027804
  418 417.5 0.642492 0.000278859
  419 418.5 0.643826 0.000279438
  420 419.5 0.649064 0.000281712
  421 420.5 0.652138 0.000283046
  422 421.5 0.649984 0.000282111
  423 422.5 0.652536 0.000283219
  424 423.5 0.648922 0.00028165
  425 424.5 0.646648 0.000280663
  426 425.5 0.641866 0.000278588
  427 426.5 0.651232 0.000282653
  428 427.5 0.651132 0.000282609
  429 428.5 0.652352 0.000283139
  430 429.5 0.658338 0.000285737
  431 430.5 0.654446 0.000284048
  432 431.5 0.656332 0.000284866
  433 432.5 0.651812 0.000282905
  434 433.5 0.65174 0.000282873
  435 434.5 0.653988 0.000283849
  436 435.5 0.65351 0.000283641
  437 436.5 0.652286 0.00028311
  438 437.5 0.65118 0.00028263
  439 438.5 0.64863 0.000281523
  440 439.5 0.654888 0.00028424
  441 440.5 0.651586 0.000282806
  442 441.5 0.651172 0.000282627
  443 442.5 0.653134 0.000283478
  444 443.5 0.648594 0.000281508
  445 444.5 0.64294 0.000279054
  446 445.5 0.64755 0.000281055
  447 446.5 0.65687 0.0002851
  448 447.5 0.659004 0.000286026
  449 448.5 0.657784 0.000285497
  450 449.5 0.657542 0.000285391
  451 450.5 0.657196 0.000285241
  452 451.5 0.660376 0.000286622
  453 452.5 0.656874 0.000285102
  454 453.5 0.66063 0.000286732
  455 454.5 0.66266 0.000287613
  456 455.5 0.660354 0.000286612
  457 456.5 0.660266 0.000286574
  458 457.5 0.663848 0.000288128
  459 458.5 0.661092 0.000286932
  460 459.5 0.66044 0.000286649
  461 460.5 0.664492 0.000288408
  462 461.5 0.666236 0.000289165
  463 462.5 0.664512 0.000288417
  464 463.5 0.657416 0.000285337
  465 464.5 0.65513 0.000284345
  466 465.5 0.651096 0.000282594
  467 466.5 0.651416 0.000282733
  468 467.5 0.653212 0.000283512
  469 468.5 0.655818 0.000284643
  470 469.5 0.657972 0.000285578
  471 470.5 0.65716 0.000285226
  472 471.5 0.661816 0.000287247
  473 472.5 0.660888 0.000286844
  474 473.5 0.649712 0.000281993
  475 474.5 0.65326 0.000283533
  476 475.5 0.647046 0.000280836
  477 476.5 0.6474 0.00028099
  478 477.5 0.655272 0.000284406
  479 478.5 0.644122 0.000279567
  480 479.5 0.646536 0.000280615
