# Chunk-averaged data for fix tensor3 and group c2
# Timestep Number-of-chunks Total-count
# Chunk Coord1 Ncount density/number
20000000 480 6162.000000000003
  1 0.5 2.8747 0.0012477
  2 1.5 2.8627 0.00124249
  3 2.5 2.84941 0.00123672
  4 3.5 2.85253 0.00123808
  5 4.5 2.84715 0.00123574
  6 5.5 2.84332 0.00123408
  7 6.5 2.8509 0.00123737
  8 7.5 2.84995 0.00123696
  9 8.5 2.85203 0.00123786
  10 9.5 2.8473 0.00123581
  11 10.5 2.84398 0.00123437
  12 11.5 2.82429 0.00122582
  13 12.5 2.81499 0.00122179
  14 13.5 2.77883 0.00120609
  15 14.5 2.72608 0.00118319
  16 15.5 2.66382 0.00115617
  17 16.5 2.59931 0.00112817
  18 17.5 2.51865 0.00109316
  19 18.5 2.43411 0.00105647
  20 19.5 2.32155 0.00100762
  21 20.5 2.19826 0.000954106
  22 21.5 2.06178 0.00089487
  23 22.5 1.90356 0.000826196
  24 23.5 1.74149 0.000755853
  25 24.5 1.57207 0.000682323
  26 25.5 1.39853 0.000607002
  27 26.5 1.22669 0.000532418
  28 27.5 1.05358 0.000457285
  29 28.5 0.897718 0.000389635
  30 29.5 0.74467 0.000323207
  31 30.5 0.612394 0.000265796
  32 31.5 0.489572 0.000212488
  33 32.5 0.387672 0.00016826
  34 33.5 0.305732 0.000132696
  35 34.5 0.231032 0.000100274
  36 35.5 0.174756 7.5849e-05
  37 36.5 0.134494 5.83741e-05
  38 37.5 0.101884 4.42205e-05
  39 38.5 0.079274 3.44071e-05
  40 39.5 0.058594 2.54314e-05
  41 40.5 0.047984 2.08264e-05
  42 41.5 0.038278 1.66137e-05
  43 42.5 0.03169 1.37543e-05
  44 43.5 0.027856 1.20903e-05
  45 44.5 0.024804 1.07656e-05
  46 45.5 0.02232 9.6875e-06
  47 46.5 0.021258 9.22656e-06
  48 47.5 0.02079 9.02344e-06
  49 48.5 0.019918 8.64497e-06
  50 49.5 0.020116 8.7309e-06
  51 50.5 0.02061 8.94531e-06
  52 51.5 0.020822 9.03733e-06
  53 52.5 0.020352 8.83333e-06
  54 53.5 0.020422 8.86372e-06
  55 54.5 0.020684 8.97743e-06
  56 55.5 0.019946 8.65712e-06
  57 56.5 0.020156 8.74826e-06
  58 57.5 0.021614 9.38108e-06
  59 58.5 0.02104 9.13194e-06
  60 59.5 0.020524 8.90799e-06
  61 60.5 0.01935 8.39844e-06
  62 61.5 0.019196 8.3316e-06
  63 62.5 0.018924 8.21354e-06
  64 63.5 0.01937 8.40712e-06
  65 64.5 0.018802 8.16059e-06
  66 65.5 0.01851 8.03385e-06
  67 66.5 0.018824 8.17014e-06
  68 67.5 0.01765 7.66059e-06
  69 68.5 0.0189 8.20312e-06
  70 69.5 0.020216 8.77431e-06
  71 70.5 0.019464 8.44792e-06
  72 71.5 0.018944 8.22222e-06
  73 72.5 0.020516 8.90451e-06
  74 73.5 0.020646 8.96094e-06
  75 74.5 0.019738 8.56684e-06
  76 75.5 0.019732 8.56424e-06
  77 76.5 0.019064 8.27431e-06
  78 77.5 0.01832 7.95139e-06
  79 78.5 0.018724 8.12674e-06
  80 79.5 0.01881 8.16406e-06
  81 80.5 0.018838 8.17622e-06
  82 81.5 0.019268 8.36285e-06
  83 82.5 0.018558 8.05469e-06
  84 83.5 0.018786 8.15365e-06
  85 84.5 0.018824 8.17014e-06
  86 85.5 0.018828 8.17188e-06
  87 86.5 0.019552 8.48611e-06
  88 87.5 0.01942 8.42882e-06
  89 88.5 0.02004 8.69792e-06
  90 89.5 0.019394 8.41753e-06
  91 90.5 0.019684 8.5434e-06
  92 91.5 0.019862 8.62066e-06
  93 92.5 0.019848 8.61458e-06
  94 93.5 0.019672 8.53819e-06
  95 94.5 0.01988 8.62847e-06
  96 95.5 0.018528 8.04167e-06
  97 96.5 0.018468 8.01563e-06
  98 97.5 0.018646 8.09288e-06
  99 98.5 0.01924 8.35069e-06
  100 99.5 0.01963 8.51997e-06
  101 100.5 0.018202 7.90017e-06
  102 101.5 0.019068 8.27604e-06
  103 102.5 0.01946 8.44618e-06
  104 103.5 0.019718 8.55816e-06
  105 104.5 0.019886 8.63108e-06
  106 105.5 0.019458 8.44531e-06
  107 106.5 0.019308 8.38021e-06
  108 107.5 0.019486 8.45747e-06
  109 108.5 0.020358 8.83594e-06
  110 109.5 0.019558 8.48872e-06
  111 110.5 0.01947 8.45052e-06
  112 111.5 0.0191 8.28993e-06
  113 112.5 0.01985 8.61545e-06
  114 113.5 0.019428 8.43229e-06
  115 114.5 0.020104 8.72569e-06
  116 115.5 0.018794 8.15712e-06
  117 116.5 0.01854 8.04688e-06
  118 117.5 0.018206 7.90191e-06
  119 118.5 0.019156 8.31424e-06
  120 119.5 0.018944 8.22222e-06
  121 120.5 0.018844 8.17882e-06
  122 121.5 0.019098 8.28906e-06
  123 122.5 0.019524 8.47396e-06
  124 123.5 0.018826 8.17101e-06
  125 124.5 0.019692 8.54687e-06
  126 125.5 0.018876 8.19271e-06
  127 126.5 0.018734 8.13108e-06
  128 127.5 0.018858 8.1849e-06
  129 128.5 0.01969 8.54601e-06
  130 129.5 0.0205 8.89757e-06
  131 130.5 0.018896 8.20139e-06
  132 131.5 0.018852 8.18229e-06
  133 132.5 0.019094 8.28733e-06
  134 133.5 0.02013 8.73698e-06
  135 134.5 0.019528 8.47569e-06
  136 135.5 0.018956 8.22743e-06
  137 136.5 0.018394 7.98351e-06
  138 137.5 0.018974 8.23524e-06
  139 138.5 0.01985 8.61545e-06
  140 139.5 0.019158 8.3151e-06
  141 140.5 0.019022 8.25608e-06
  142 141.5 0.017732 7.69618e-06
  143 142.5 0.019296 8.375e-06
  144 143.5 0.018282 7.9349e-06
  145 144.5 0.01807 7.84288e-06
  146 145.5 0.018832 8.17361e-06
  147 146.5 0.017508 7.59896e-06
  148 147.5 0.018246 7.91927e-06
  149 148.5 0.018274 7.93142e-06
  150 149.5 0.01953 8.47656e-06
  151 150.5 0.019136 8.30556e-06
  152 151.5 0.018554 8.05295e-06
  153 152.5 0.019666 8.53559e-06
  154 153.5 0.018828 8.17188e-06
  155 154.5 0.018552 8.05208e-06
  156 155.5 0.017912 7.77431e-06
  157 156.5 0.018716 8.12326e-06
  158 157.5 0.018494 8.02691e-06
  159 158.5 0.018114 7.86198e-06
  160 159.5 0.01867 8.1033e-06
  161 160.5 0.01862 8.0816e-06
  162 161.5 0.018578 8.06337e-06
  163 162.5 0.018924 8.21354e-06
  164 163.5 0.020074 8.71267e-06
  165 164.5 0.0205 8.89757e-06
  166 165.5 0.019306 8.37934e-06
  167 166.5 0.018822 8.16927e-06
  168 167.5 0.01984 8.61111e-06
  169 168.5 0.019056 8.27083e-06
  170 169.5 0.019344 8.39583e-06
  171 170.5 0.019948 8.65799e-06
  172 171.5 0.020224 8.77778e-06
  173 172.5 0.020958 9.09635e-06
  174 173.5 0.021134 9.17274e-06
  175 174.5 0.021918 9.51302e-06
  176 175.5 0.024364 1.05747e-05
  177 176.5 0.024348 1.05677e-05
  178 177.5 0.026938 1.16918e-05
  179 178.5 0.030458 1.32196e-05
  180 179.5 0.034786 1.50981e-05
  181 180.5 0.040654 1.7645e-05
  182 181.5 0.050982 2.21276e-05
  183 182.5 0.06358 2.75955e-05
  184 183.5 0.083524 3.62517e-05
  185 184.5 0.111392 4.83472e-05
  186 185.5 0.152536 6.62049e-05
  187 186.5 0.206552 8.96493e-05
  188 187.5 0.274456 0.000119122
  189 188.5 0.359214 0.000155909
  190 189.5 0.464288 0.000201514
  191 190.5 0.588578 0.000255459
  192 191.5 0.728244 0.000316078
  193 192.5 0.882918 0.000383211
  194 193.5 1.0592 0.000459724
  195 194.5 1.2365 0.000536674
  196 195.5 1.42898 0.000620217
  197 196.5 1.62487 0.000705239
  198 197.5 1.82768 0.000793263
  199 198.5 2.02033 0.000876879
  200 199.5 2.22039 0.000963712
  201 200.5 2.43355 0.00105623
  202 201.5 2.64974 0.00115006
  203 202.5 2.92117 0.00126787
  204 203.5 3.23356 0.00140346
  205 204.5 3.59453 0.00156013
  206 205.5 4.03769 0.00175247
  207 206.5 4.61993 0.00200518
  208 207.5 5.40353 0.00234528
  209 208.5 6.37119 0.00276527
  210 209.5 7.65044 0.00332051
  211 210.5 9.20249 0.00399414
  212 211.5 11.1326 0.00483187
  213 212.5 13.3192 0.0057809
  214 213.5 15.8026 0.00685876
  215 214.5 18.4566 0.00801068
  216 215.5 21.1562 0.00918239
  217 216.5 23.843 0.0103485
  218 217.5 26.2806 0.0114065
  219 218.5 28.3337 0.0122976
  220 219.5 30.172 0.0130955
  221 220.5 31.6968 0.0137573
  222 221.5 32.788 0.0142309
  223 222.5 33.6601 0.0146094
  224 223.5 34.4013 0.0149311
  225 224.5 34.8943 0.0151451
  226 225.5 35.1701 0.0152648
  227 226.5 35.4921 0.0154045
  228 227.5 35.7367 0.0155107
  229 228.5 35.8777 0.0155719
  230 229.5 35.8766 0.0155714
  231 230.5 36.0201 0.0156337
  232 231.5 36.0091 0.015629
  233 232.5 36.1065 0.0156712
  234 233.5 36.101 0.0156688
  235 234.5 36.1536 0.0156917
  236 235.5 36.1715 0.0156994
  237 236.5 36.2184 0.0157198
  238 237.5 36.2225 0.0157216
  239 238.5 36.225 0.0157227
  240 239.5 36.2587 0.0157373
  241 240.5 36.2732 0.0157436
  242 241.5 36.2844 0.0157484
  243 242.5 36.2924 0.0157519
  244 243.5 36.3338 0.0157699
  245 244.5 36.3315 0.0157689
  246 245.5 36.2667 0.0157408
  247 246.5 36.2757 0.0157447
  248 247.5 36.2735 0.0157437
  249 248.5 36.2835 0.015748
  250 249.5 36.2133 0.0157176
  251 250.5 36.2984 0.0157545
  252 251.5 36.2966 0.0157537
  253 252.5 36.2487 0.0157329
  254 253.5 36.2486 0.0157329
  255 254.5 36.2513 0.0157341
  256 255.5 36.1681 0.015698
  257 256.5 36.1604 0.0156946
  258 257.5 36.2064 0.0157146
  259 258.5 36.1728 0.0157
  260 259.5 36.1157 0.0156752
  261 260.5 36.1274 0.0156803
  262 261.5 36.1695 0.0156986
  263 262.5 36.1383 0.015685
  264 263.5 36.0985 0.0156678
  265 264.5 36.2766 0.015745
  266 265.5 36.2315 0.0157255
  267 266.5 36.1848 0.0157052
  268 267.5 36.2962 0.0157536
  269 268.5 36.3127 0.0157607
  270 269.5 36.3041 0.015757
  271 270.5 36.3455 0.0157749
  272 271.5 36.4051 0.0158008
  273 272.5 36.3381 0.0157717
  274 273.5 36.3941 0.0157961
  275 274.5 36.4682 0.0158282
  276 275.5 36.3726 0.0157867
  277 276.5 36.3749 0.0157877
  278 277.5 36.4553 0.0158226
  279 278.5 36.4565 0.0158231
  280 279.5 36.3404 0.0157727
  281 280.5 36.3737 0.0157872
  282 281.5 36.4728 0.0158302
  283 282.5 36.3266 0.0157667
  284 283.5 36.2435 0.0157307
  285 284.5 36.337 0.0157713
  286 285.5 36.3117 0.0157603
  287 286.5 36.2891 0.0157505
  288 287.5 36.2789 0.015746
  289 288.5 36.3666 0.0157841
  290 289.5 36.3105 0.0157598
  291 290.5 36.2037 0.0157134
  292 291.5 36.233 0.0157261
  293 292.5 36.2245 0.0157225
  294 293.5 36.1547 0.0156921
  295 294.5 36.1874 0.0157063
  296 295.5 36.2341 0.0157266
  297 296.5 36.1784 0.0157024
  298 297.5 36.1492 0.0156898
  299 298.5 36.1901 0.0157075
  300 299.5 36.2348 0.0157269
  301 300.5 36.2595 0.0157376
  302 301.5 36.2724 0.0157432
  303 302.5 36.3319 0.0157691
  304 303.5 36.3348 0.0157703
  305 304.5 36.3623 0.0157822
  306 305.5 36.3407 0.0157729
  307 306.5 36.3997 0.0157985
  308 307.5 36.3735 0.0157871
  309 308.5 36.4296 0.0158115
  310 309.5 36.4471 0.0158191
  311 310.5 36.4239 0.015809
  312 311.5 36.4781 0.0158325
  313 312.5 36.4176 0.0158063
  314 313.5 36.3977 0.0157976
  315 314.5 36.4808 0.0158337
  316 315.5 36.4164 0.0158057
  317 316.5 36.3813 0.0157905
  318 317.5 36.4675 0.0158279
  319 318.5 36.4757 0.0158315
  320 319.5 36.431 0.0158121
  321 320.5 36.4911 0.0158382
  322 321.5 36.5162 0.015849
  323 322.5 36.4787 0.0158328
  324 323.5 36.4591 0.0158243
  325 324.5 36.5233 0.0158521
  326 325.5 36.4751 0.0158312
  327 326.5 36.4718 0.0158298
  328 327.5 36.5369 0.015858
  329 328.5 36.5094 0.0158461
  330 329.5 36.4222 0.0158082
  331 330.5 36.4886 0.0158371
  332 331.5 36.5157 0.0158488
  333 332.5 36.4603 0.0158248
  334 333.5 36.4736 0.0158306
  335 334.5 36.5498 0.0158636
  336 335.5 36.5723 0.0158734
  337 336.5 36.4771 0.0158321
  338 337.5 36.5439 0.0158611
  339 338.5 36.6097 0.0158896
  340 339.5 36.4981 0.0158412
  341 340.5 36.484 0.0158351
  342 341.5 36.5845 0.0158787
  343 342.5 36.5529 0.015865
  344 343.5 36.4681 0.0158281
  345 344.5 36.4858 0.0158359
  346 345.5 36.504 0.0158438
  347 346.5 36.4544 0.0158222
  348 347.5 36.4169 0.0158059
  349 348.5 36.4552 0.0158226
  350 349.5 36.443 0.0158173
  351 350.5 36.3853 0.0157922
  352 351.5 36.4101 0.015803
  353 352.5 36.409 0.0158025
  354 353.5 36.3129 0.0157608
  355 354.5 36.3054 0.0157576
  356 355.5 36.1877 0.0157065
  357 356.5 36.0755 0.0156578
  358 357.5 35.9907 0.015621
  359 358.5 35.8184 0.0155462
  360 359.5 35.6766 0.0154846
  361 360.5 35.4821 0.0154002
  362 361.5 35.1038 0.015236
  363 362.5 34.6883 0.0150557
  364 363.5 34.1098 0.0148046
  365 364.5 33.3491 0.0144744
  366 365.5 32.4344 0.0140774
  367 366.5 31.2679 0.0135711
  368 367.5 29.7914 0.0129303
  369 368.5 27.9892 0.0121481
  370 369.5 25.9204 0.0112502
  371 370.5 23.5831 0.0102357
  372 371.5 21.0453 0.00913423
  373 372.5 18.4417 0.0080042
  374 373.5 15.9538 0.00692437
  375 374.5 13.5541 0.00588284
  376 375.5 11.4219 0.00495742
  377 376.5 9.6096 0.00417083
  378 377.5 8.09197 0.00351214
  379 378.5 6.85652 0.00297592
  380 379.5 5.9003 0.0025609
  381 380.5 5.20161 0.00225764
  382 381.5 4.6411 0.00201437
  383 382.5 4.20669 0.00182582
  384 383.5 3.89638 0.00169114
  385 384.5 3.67609 0.00159553
  386 385.5 3.50679 0.00152204
  387 386.5 3.37755 0.00146595
  388 387.5 3.29538 0.00143028
  389 388.5 3.21463 0.00139524
  390 389.5 3.15476 0.00136925
  391 390.5 3.09762 0.00134445
  392 391.5 3.06049 0.00132834
  393 392.5 3.04109 0.00131992
  394 393.5 3.0079 0.00130551
  395 394.5 2.99877 0.00130155
  396 395.5 2.97989 0.00129335
  397 396.5 2.97563 0.00129151
  398 397.5 2.97183 0.00128986
  399 398.5 2.97512 0.00129129
  400 399.5 2.98129 0.00129396
  401 400.5 2.97778 0.00129244
  402 401.5 2.9927 0.00129892
  403 402.5 3.01743 0.00130965
  404 403.5 3.02888 0.00131462
  405 404.5 3.03536 0.00131743
  406 405.5 3.05323 0.00132518
  407 406.5 3.05521 0.00132605
  408 407.5 3.05752 0.00132705
  409 408.5 3.05535 0.00132611
  410 409.5 3.06115 0.00132862
  411 410.5 3.05893 0.00132766
  412 411.5 3.06006 0.00132815
  413 412.5 3.05231 0.00132479
  414 413.5 3.06652 0.00133096
  415 414.5 3.06872 0.00133191
  416 415.5 3.08946 0.00134091
  417 416.5 3.10184 0.00134629
  418 417.5 3.11821 0.00135339
  419 418.5 3.12145 0.0013548
  420 419.5 3.12136 0.00135476
  421 420.5 3.12255 0.00135527
  422 421.5 3.10109 0.00134596
  423 422.5 3.08461 0.00133881
  424 423.5 3.08361 0.00133837
  425 424.5 3.07432 0.00133434
  426 425.5 3.04696 0.00132247
  427 426.5 3.04654 0.00132228
  428 427.5 3.05233 0.0013248
  429 428.5 3.05365 0.00132537
  430 429.5 3.05531 0.00132609
  431 430.5 3.06751 0.00133138
  432 431.5 3.0526 0.00132491
  433 432.5 3.0449 0.00132157
  434 433.5 3.0595 0.00132791
  435 434.5 3.06461 0.00133012
  436 435.5 3.05002 0.00132379
  437 436.5 3.04916 0.00132342
  438 437.5 3.0613 0.00132869
  439 438.5 3.04359 0.001321
  440 439.5 3.02145 0.00131139
  441 440.5 3.02522 0.00131303
  442 441.5 3.02875 0.00131456
  443 442.5 3.01789 0.00130985
  444 443.5 3.01671 0.00130934
  445 444.5 3.03 0.00131511
  446 445.5 3.01052 0.00130665
  447 446.5 2.99534 0.00130006
  448 447.5 2.99508 0.00129995
  449 448.5 2.98408 0.00129517
  450 449.5 2.97059 0.00128932
  451 450.5 2.97972 0.00129328
  452 451.5 2.97407 0.00129083
  453 452.5 2.96964 0.00128891
  454 453.5 2.96476 0.00128679
  455 454.5 2.93937 0.00127577
  456 455.5 2.93578 0.00127421
  457 456.5 2.91757 0.00126631
  458 457.5 2.90577 0.00126118
  459 458.5 2.9047 0.00126072
  460 459.5 2.89926 0.00125836
  461 460.5 2.88213 0.00125092
  462 461.5 2.8759 0.00124822
  463 462.5 2.89494 0.00125648
  464 463.5 2.90464 0.00126069
  465 464.5 2.91457 0.00126501
  466 465.5 2.91741 0.00126624
  467 466.5 2.92334 0.00126881
  468 467.5 2.9318 0.00127248
  469 468.5 2.93662 0.00127457
  470 469.5 2.92465 0.00126938
  471 470.5 2.92104 0.00126781
  472 471.5 2.91207 0.00126392
  473 472.5 2.91313 0.00126438
  474 473.5 2.91035 0.00126317
  475 474.5 2.89844 0.001258
  476 475.5 2.89018 0.00125442
  477 476.5 2.88398 0.00125173
  478 477.5 2.87954 0.0012498
  479 478.5 2.88558 0.00125242
  480 479.5 2.87155 0.00124633
30000000 480 6162.000000000003
  1 0.5 3.10024 0.00134559
  2 1.5 3.07988 0.00133675
  3 2.5 3.04708 0.00132252
  4 3.5 3.03903 0.00131902
  5 4.5 3.03167 0.00131583
  6 5.5 3.01756 0.0013097
  7 6.5 3.00519 0.00130434
  8 7.5 2.98388 0.00129509
  9 8.5 2.97096 0.00128948
  10 9.5 2.95829 0.00128398
  11 10.5 2.9347 0.00127374
  12 11.5 2.90477 0.00126075
  13 12.5 2.86998 0.00124565
  14 13.5 2.847 0.00123568
  15 14.5 2.79116 0.00121144
  16 15.5 2.71512 0.00117844
  17 16.5 2.65382 0.00115183
  18 17.5 2.57183 0.00111624
  19 18.5 2.49003 0.00108074
  20 19.5 2.38353 0.00103452
  21 20.5 2.24653 0.000975058
  22 21.5 2.12295 0.00092142
  23 22.5 1.95802 0.000849833
  24 23.5 1.79245 0.000777975
  25 24.5 1.61576 0.000701284
  26 25.5 1.42995 0.000620637
  27 26.5 1.23821 0.000537416
  28 27.5 1.04705 0.000454447
  29 28.5 0.865296 0.000375562
  30 29.5 0.697626 0.000302789
  31 30.5 0.555462 0.000241086
  32 31.5 0.432054 0.000187523
  33 32.5 0.328164 0.000142432
  34 33.5 0.246916 0.000107168
  35 34.5 0.18594 8.07031e-05
  36 35.5 0.1389 6.02865e-05
  37 36.5 0.10248 4.44792e-05
  38 37.5 0.076136 3.30451e-05
  39 38.5 0.057384 2.49062e-05
  40 39.5 0.044368 1.92569e-05
  41 40.5 0.035974 1.56137e-05
  42 41.5 0.03085 1.33898e-05
  43 42.5 0.029518 1.28116e-05
  44 43.5 0.024918 1.08151e-05
  45 44.5 0.024662 1.0704e-05
  46 45.5 0.022958 9.96441e-06
  47 46.5 0.021934 9.51997e-06
  48 47.5 0.022042 9.56684e-06
  49 48.5 0.020784 9.02083e-06
  50 49.5 0.02153 9.34462e-06
  51 50.5 0.020752 9.00694e-06
  52 51.5 0.020438 8.87066e-06
  53 52.5 0.020706 8.98698e-06
  54 53.5 0.020298 8.8099e-06
  55 54.5 0.020474 8.88628e-06
  56 55.5 0.02039 8.84983e-06
  57 56.5 0.021538 9.34809e-06
  58 57.5 0.0214 9.28819e-06
  59 58.5 0.021764 9.44618e-06
  60 59.5 0.021452 9.31076e-06
  61 60.5 0.020404 8.8559e-06
  62 61.5 0.02037 8.84115e-06
  63 62.5 0.021046 9.13455e-06
  64 63.5 0.021856 9.48611e-06
  65 64.5 0.022318 9.68663e-06
  66 65.5 0.021812 9.46701e-06
  67 66.5 0.022786 9.88976e-06
  68 67.5 0.021846 9.48177e-06
  69 68.5 0.022512 9.77083e-06
  70 69.5 0.022342 9.69705e-06
  71 70.5 0.022192 9.63194e-06
  72 71.5 0.02206 9.57465e-06
  73 72.5 0.022516 9.77257e-06
  74 73.5 0.021686 9.41233e-06
  75 74.5 0.021242 9.21962e-06
  76 75.5 0.021826 9.47309e-06
  77 76.5 0.021838 9.4783e-06
  78 77.5 0.022174 9.62413e-06
  79 78.5 0.021922 9.51476e-06
  80 79.5 0.020944 9.09028e-06
  81 80.5 0.021762 9.44531e-06
  82 81.5 0.021088 9.15278e-06
  83 82.5 0.019078 8.28038e-06
  84 83.5 0.020166 8.7526e-06
  85 84.5 0.019852 8.61632e-06
  86 85.5 0.020118 8.73177e-06
  87 86.5 0.021774 9.45052e-06
  88 87.5 0.021834 9.47656e-06
  89 88.5 0.021996 9.54687e-06
  90 89.5 0.021202 9.20226e-06
  91 90.5 0.02086 9.05382e-06
  92 91.5 0.021254 9.22483e-06
  93 92.5 0.020506 8.90017e-06
  94 93.5 0.020838 9.04427e-06
  95 94.5 0.020686 8.9783e-06
  96 95.5 0.02022 8.77604e-06
  97 96.5 0.019852 8.61632e-06
  98 97.5 0.020704 8.98611e-06
  99 98.5 0.019956 8.66146e-06
  100 99.5 0.018834 8.17448e-06
  101 100.5 0.019926 8.64844e-06
  102 101.5 0.01994 8.65451e-06
  103 102.5 0.019928 8.64931e-06
  104 103.5 0.020704 8.98611e-06
  105 104.5 0.019676 8.53993e-06
  106 105.5 0.020416 8.86111e-06
  107 106.5 0.019644 8.52604e-06
  108 107.5 0.020516 8.90451e-06
  109 108.5 0.020396 8.85243e-06
  110 109.5 0.019794 8.59115e-06
  111 110.5 0.019084 8.28299e-06
  112 111.5 0.020184 8.76042e-06
  113 112.5 0.01964 8.52431e-06
  114 113.5 0.019806 8.59635e-06
  115 114.5 0.019278 8.36719e-06
  116 115.5 0.018944 8.22222e-06
  117 116.5 0.018062 7.83941e-06
  118 117.5 0.018064 7.84028e-06
  119 118.5 0.018668 8.10243e-06
  120 119.5 0.019222 8.34288e-06
  121 120.5 0.019116 8.29688e-06
  122 121.5 0.018566 8.05816e-06
  123 122.5 0.017968 7.79861e-06
  124 123.5 0.018676 8.1059e-06
  125 124.5 0.01864 8.09028e-06
  126 125.5 0.019306 8.37934e-06
  127 126.5 0.01864 8.09028e-06
  128 127.5 0.018514 8.03559e-06
  129 128.5 0.01865 8.09462e-06
  130 129.5 0.018062 7.83941e-06
  131 130.5 0.01803 7.82552e-06
  132 131.5 0.018512 8.03472e-06
  133 132.5 0.019288 8.37153e-06
  134 133.5 0.01772 7.69097e-06
  135 134.5 0.0187 8.11632e-06
  136 135.5 0.019402 8.42101e-06
  137 136.5 0.018682 8.10851e-06
  138 137.5 0.019018 8.25434e-06
  139 138.5 0.018696 8.11458e-06
  140 139.5 0.019594 8.50434e-06
  141 140.5 0.01966 8.53299e-06
  142 141.5 0.019 8.24653e-06
  143 142.5 0.019234 8.34809e-06
  144 143.5 0.018504 8.03125e-06
  145 144.5 0.018906 8.20573e-06
  146 145.5 0.019434 8.4349e-06
  147 146.5 0.018354 7.96615e-06
  148 147.5 0.018722 8.12587e-06
  149 148.5 0.019046 8.26649e-06
  150 149.5 0.019302 8.3776e-06
  151 150.5 0.019136 8.30556e-06
  152 151.5 0.018746 8.13628e-06
  153 152.5 0.018384 7.97917e-06
  154 153.5 0.01905 8.26823e-06
  155 154.5 0.018174 7.88802e-06
  156 155.5 0.018304 7.94444e-06
  157 156.5 0.018822 8.16927e-06
  158 157.5 0.019 8.24653e-06
  159 158.5 0.01854 8.04688e-06
  160 159.5 0.018442 8.00434e-06
  161 160.5 0.01885 8.18142e-06
  162 161.5 0.019758 8.57552e-06
  163 162.5 0.019768 8.57986e-06
  164 163.5 0.020634 8.95573e-06
  165 164.5 0.019918 8.64497e-06
  166 165.5 0.020854 9.05122e-06
  167 166.5 0.020974 9.1033e-06
  168 167.5 0.020886 9.0651e-06
  169 168.5 0.020528 8.90972e-06
  170 169.5 0.019962 8.66406e-06
  171 170.5 0.019778 8.5842e-06
  172 171.5 0.021128 9.17014e-06
  173 172.5 0.02091 9.07552e-06
  174 173.5 0.019832 8.60764e-06
  175 174.5 0.020694 8.98177e-06
  176 175.5 0.021832 9.47569e-06
  177 176.5 0.022352 9.70139e-06
  178 177.5 0.02275 9.87413e-06
  179 178.5 0.025766 1.11832e-05
  180 179.5 0.029496 1.28021e-05
  181 180.5 0.034794 1.51016e-05
  182 181.5 0.041046 1.78151e-05
  183 182.5 0.052292 2.26962e-05
  184 183.5 0.066596 2.89045e-05
  185 184.5 0.08537 3.7053e-05
  186 185.5 0.119276 5.17691e-05
  187 186.5 0.161008 6.98819e-05
  188 187.5 0.222616 9.66215e-05
  189 188.5 0.300258 0.00013032
  190 189.5 0.399968 0.000173597
  191 190.5 0.530086 0.000230072
  192 191.5 0.669902 0.000290756
  193 192.5 0.84876 0.000368385
  194 193.5 1.03885 0.000450891
  195 194.5 1.24289 0.000539451
  196 195.5 1.46864 0.000637432
  197 196.5 1.68857 0.000732887
  198 197.5 1.89733 0.000823493
  199 198.5 2.08679 0.000905723
  200 199.5 2.28681 0.000992538
  201 200.5 2.4726 0.00107318
  202 201.5 2.67117 0.00115936
  203 202.5 2.87484 0.00124776
  204 203.5 3.11173 0.00135058
  205 204.5 3.39029 0.00147148
  206 205.5 3.71927 0.00161427
  207 206.5 4.15337 0.00180268
  208 207.5 4.68714 0.00203435
  209 208.5 5.38642 0.00233786
  210 209.5 6.30432 0.00273625
  211 210.5 7.47714 0.00324528
  212 211.5 8.96261 0.00389002
  213 212.5 10.718 0.00465193
  214 213.5 12.8382 0.00557216
  215 214.5 15.1562 0.00657823
  216 215.5 17.6987 0.00768173
  217 216.5 20.371 0.00884159
  218 217.5 22.9815 0.00997461
  219 218.5 25.4148 0.0110307
  220 219.5 27.6231 0.0119892
  221 220.5 29.4759 0.0127934
  222 221.5 30.9965 0.0134534
  223 222.5 32.2333 0.0139902
  224 223.5 33.2686 0.0144395
  225 224.5 34.0436 0.0147758
  226 225.5 34.595 0.0150152
  227 226.5 34.9728 0.0151792
  228 227.5 35.3096 0.0153254
  229 228.5 35.474 0.0153967
  230 229.5 35.6135 0.0154572
  231 230.5 35.721 0.0155039
  232 231.5 35.8515 0.0155606
  233 232.5 35.8483 0.0155592
  234 233.5 35.9336 0.0155962
  235 234.5 36.0011 0.0156255
  236 235.5 35.9863 0.015619
  237 236.5 35.9624 0.0156087
  238 237.5 36.0408 0.0156427
  239 238.5 36.043 0.0156437
  240 239.5 36.0516 0.0156474
  241 240.5 36.0599 0.015651
  242 241.5 36.1259 0.0156796
  243 242.5 36.1569 0.0156931
  244 243.5 36.1786 0.0157025
  245 244.5 36.192 0.0157083
  246 245.5 36.3142 0.0157614
  247 246.5 36.2677 0.0157412
  248 247.5 36.2962 0.0157536
  249 248.5 36.3788 0.0157894
  250 249.5 36.3912 0.0157948
  251 250.5 36.3844 0.0157919
  252 251.5 36.4086 0.0158023
  253 252.5 36.4947 0.0158397
  254 253.5 36.4443 0.0158179
  255 254.5 36.4394 0.0158157
  256 255.5 36.4654 0.015827
  257 256.5 36.5278 0.0158541
  258 257.5 36.5081 0.0158455
  259 258.5 36.4786 0.0158327
  260 259.5 36.6233 0.0158955
  261 260.5 36.5533 0.0158652
  262 261.5 36.5335 0.0158565
  263 262.5 36.6018 0.0158862
  264 263.5 36.6301 0.0158985
  265 264.5 36.5839 0.0158784
  266 265.5 36.6144 0.0158917
  267 266.5 36.6143 0.0158916
  268 267.5 36.5805 0.015877
  269 268.5 36.6207 0.0158944
  270 269.5 36.6329 0.0158997
  271 270.5 36.5439 0.0158611
  272 271.5 36.5251 0.0158529
  273 272.5 36.5479 0.0158628
  274 273.5 36.5398 0.0158593
  275 274.5 36.4976 0.015841
  276 275.5 36.5755 0.0158748
  277 276.5 36.5719 0.0158732
  278 277.5 36.5059 0.0158446
  279 278.5 36.4837 0.0158349
  280 279.5 36.5571 0.0158668
  281 280.5 36.4809 0.0158337
  282 281.5 36.4482 0.0158195
  283 282.5 36.497 0.0158407
  284 283.5 36.5244 0.0158526
  285 284.5 36.445 0.0158181
  286 285.5 36.4091 0.0158026
  287 286.5 36.4612 0.0158252
  288 287.5 36.448 0.0158195
  289 288.5 36.4059 0.0158012
  290 289.5 36.4018 0.0157994
  291 290.5 36.4301 0.0158117
  292 291.5 36.3927 0.0157955
  293 292.5 36.3352 0.0157705
  294 293.5 36.3909 0.0157947
  295 294.5 36.351 0.0157773
  296 295.5 36.3573 0.0157801
  297 296.5 36.3474 0.0157758
  298 297.5 36.4269 0.0158103
  299 298.5 36.3688 0.0157851
  300 299.5 36.4279 0.0158107
  301 300.5 36.3866 0.0157928
  302 301.5 36.382 0.0157908
  303 302.5 36.37 0.0157856
  304 303.5 36.3814 0.0157905
  305 304.5 36.3383 0.0157718
  306 305.5 36.3432 0.015774
  307 306.5 36.3903 0.0157944
  308 307.5 36.4223 0.0158083
  309 308.5 36.3811 0.0157904
  310 309.5 36.4156 0.0158054
  311 310.5 36.4185 0.0158066
  312 311.5 36.3202 0.015764
  313 312.5 36.4067 0.0158015
  314 313.5 36.4649 0.0158268
  315 314.5 36.3129 0.0157608
  316 315.5 36.3952 0.0157965
  317 316.5 36.4116 0.0158036
  318 317.5 36.3564 0.0157797
  319 318.5 36.3071 0.0157583
  320 319.5 36.4292 0.0158113
  321 320.5 36.3664 0.015784
  322 321.5 36.3575 0.0157802
  323 322.5 36.372 0.0157865
  324 323.5 36.4385 0.0158153
  325 324.5 36.3209 0.0157643
  326 325.5 36.314 0.0157613
  327 326.5 36.3692 0.0157852
  328 327.5 36.3262 0.0157666
  329 328.5 36.2839 0.0157482
  330 329.5 36.3487 0.0157764
  331 330.5 36.3088 0.015759
  332 331.5 36.2796 0.0157463
  333 332.5 36.2539 0.0157352
  334 333.5 36.248 0.0157326
  335 334.5 36.2274 0.0157237
  336 335.5 36.1823 0.0157041
  337 336.5 36.197 0.0157105
  338 337.5 36.213 0.0157175
  339 338.5 36.1599 0.0156944
  340 339.5 36.0868 0.0156627
  341 340.5 36.1243 0.015679
  342 341.5 36.1668 0.0156974
  343 342.5 36.1405 0.015686
  344 343.5 36.149 0.0156897
  345 344.5 36.2361 0.0157275
  346 345.5 36.1944 0.0157094
  347 346.5 36.1485 0.0156895
  348 347.5 36.2261 0.0157231
  349 348.5 36.2134 0.0157176
  350 349.5 36.0666 0.0156539
  351 350.5 36.1021 0.0156693
  352 351.5 36.1385 0.0156851
  353 352.5 36.0148 0.0156314
  354 353.5 35.9667 0.0156105
  355 354.5 36.0827 0.0156609
  356 355.5 36.0122 0.0156303
  357 356.5 35.8556 0.0155623
  358 357.5 35.8888 0.0155768
  359 358.5 35.8587 0.0155637
  360 359.5 35.5883 0.0154463
  361 360.5 35.4664 0.0153934
  362 361.5 35.331 0.0153346
  363 362.5 34.9731 0.0151793
  364 363.5 34.4855 0.0149677
  365 364.5 34.004 0.0147587
  366 365.5 33.2757 0.0144426
  367 366.5 32.2993 0.0140188
  368 367.5 31.0865 0.0134924
  369 368.5 29.5885 0.0128422
  370 369.5 27.7898 0.0120615
  371 370.5 25.7277 0.0111666
  372 371.5 23.4478 0.010177
  373 372.5 20.9724 0.00910261
  374 373.5 18.4036 0.00798767
  375 374.5 15.8942 0.00689853
  376 375.5 13.5659 0.00588797
  377 376.5 11.4524 0.00497065
  378 377.5 9.61235 0.00417203
  379 378.5 8.08834 0.00351057
  380 379.5 6.88638 0.00298888
  381 380.5 5.8979 0.00255985
  382 381.5 5.17579 0.00224643
  383 382.5 4.62297 0.0020065
  384 383.5 4.22266 0.00183275
  385 384.5 3.91712 0.00170014
  386 385.5 3.68671 0.00160014
  387 386.5 3.53286 0.00153336
  388 387.5 3.41036 0.00148019
  389 388.5 3.32272 0.00144215
  390 389.5 3.2457 0.00140872
  391 390.5 3.18266 0.00138136
  392 391.5 3.14819 0.0013664
  393 392.5 3.1066 0.00134835
  394 393.5 3.09037 0.0013413
  395 394.5 3.0971 0.00134423
  396 395.5 3.08645 0.0013396
  397 396.5 3.08989 0.0013411
  398 397.5 3.10197 0.00134634
  399 398.5 3.07518 0.00133471
  400 399.5 3.06494 0.00133027
  401 400.5 3.05019 0.00132387
  402 401.5 3.04709 0.00132252
  403 402.5 3.02953 0.0013149
  404 403.5 3.01537 0.00130876
  405 404.5 3.02339 0.00131223
  406 405.5 2.99801 0.00130122
  407 406.5 2.97569 0.00129153
  408 407.5 2.98222 0.00129436
  409 408.5 2.95434 0.00128227
  410 409.5 2.9413 0.00127661
  411 410.5 2.96025 0.00128483
  412 411.5 2.97776 0.00129243
  413 412.5 2.99078 0.00129808
  414 413.5 2.98582 0.00129593
  415 414.5 2.98351 0.00129493
  416 415.5 3.00568 0.00130455
  417 416.5 3.00466 0.00130411
  418 417.5 3.01126 0.00130697
  419 418.5 3.01195 0.00130727
  420 419.5 3.02689 0.00131375
  421 420.5 3.01584 0.00130896
  422 421.5 3.03052 0.00131533
  423 422.5 3.05217 0.00132472
  424 423.5 3.04409 0.00132122
  425 424.5 3.05763 0.0013271
  426 425.5 3.06005 0.00132815
  427 426.5 3.05966 0.00132798
  428 427.5 3.0763 0.0013352
  429 428.5 3.09081 0.0013415
  430 429.5 3.0975 0.0013444
  431 430.5 3.10981 0.00134975
  432 431.5 3.09903 0.00134506
  433 432.5 3.09925 0.00134516
  434 433.5 3.1027 0.00134666
  435 434.5 3.11199 0.00135069
  436 435.5 3.11503 0.00135201
  437 436.5 3.12559 0.00135659
  438 437.5 3.10992 0.00134979
  439 438.5 3.13811 0.00136203
  440 439.5 3.13167 0.00135923
  441 440.5 3.15461 0.00136919
  442 441.5 3.16858 0.00137525
  443 442.5 3.17981 0.00138013
  444 443.5 3.19265 0.0013857
  445 444.5 3.19 0.00138455
  446 445.5 3.18789 0.00138363
  447 446.5 3.18504 0.0013824
  448 447.5 3.19244 0.00138561
  449 448.5 3.19391 0.00138625
  450 449.5 3.18934 0.00138426
  451 450.5 3.18759 0.0013835
  452 451.5 3.19819 0.0013881
  453 452.5 3.20472 0.00139094
  454 453.5 3.2049 0.00139102
  455 454.5 3.21389 0.00139492
  456 455.5 3.22403 0.00139932
  457 456.5 3.25936 0.00141465
  458 457.5 3.27076 0.0014196
  459 458.5 3.26188 0.00141575
  460 459.5 3.27713 0.00142236
  461 460.5 3.27957 0.00142343
  462 461.5 3.25577 0.0014131
  463 462.5 3.25397 0.00141232
  464 463.5 3.24427 0.0014081
  465 464.5 3.26028 0.00141505
  466 465.5 3.255 0.00141276
  467 466.5 3.23861 0.00140564
  468 467.5 3.23558 0.00140433
  469 468.5 3.23864 0.00140566
  470 469.5 3.23647 0.00140472
  471 470.5 3.2261 0.00140022
  472 471.5 3.22463 0.00139958
  473 472.5 3.2273 0.00140074
  474 473.5 3.20968 0.00139309
  475 474.5 3.19979 0.0013888
  476 475.5 3.18906 0.00138414
  477 476.5 3.17184 0.00137667
  478 477.5 3.14307 0.00136418
  479 478.5 3.13312 0.00135986
  480 479.5 3.11081 0.00135018
40000000 480 6162.000000000006
  1 0.5 2.97383 0.00129072
  2 1.5 2.96954 0.00128886
  3 2.5 2.97419 0.00129088
  4 3.5 2.96543 0.00128708
  5 4.5 2.93886 0.00127555
  6 5.5 2.93017 0.00127177
  7 6.5 2.91629 0.00126575
  8 7.5 2.90298 0.00125997
  9 8.5 2.8942 0.00125616
  10 9.5 2.87987 0.00124995
  11 10.5 2.88081 0.00125035
  12 11.5 2.88132 0.00125057
  13 12.5 2.85849 0.00124066
  14 13.5 2.813 0.00122092
  15 14.5 2.77987 0.00120654
  16 15.5 2.72964 0.00118474
  17 16.5 2.648 0.00114931
  18 17.5 2.55695 0.00110979
  19 18.5 2.47179 0.00107282
  20 19.5 2.35986 0.00102425
  21 20.5 2.25603 0.000979178
  22 21.5 2.12131 0.000920706
  23 22.5 1.97562 0.000857473
  24 23.5 1.81998 0.000789921
  25 24.5 1.65072 0.000716457
  26 25.5 1.48452 0.000644322
  27 26.5 1.31231 0.000569577
  28 27.5 1.13001 0.000490456
  29 28.5 0.962812 0.000417887
  30 29.5 0.809382 0.000351294
  31 30.5 0.666112 0.000289111
  32 31.5 0.531776 0.000230806
  33 32.5 0.417112 0.000181038
  34 33.5 0.319816 0.000138809
  35 34.5 0.242742 0.000105357
  36 35.5 0.184004 7.98628e-05
  37 36.5 0.139294 6.04575e-05
  38 37.5 0.104644 4.54184e-05
  39 38.5 0.077506 3.36398e-05
  40 39.5 0.058406 2.53498e-05
  41 40.5 0.046372 2.01267e-05
  42 41.5 0.037334 1.6204e-05
  43 42.5 0.031364 1.36128e-05
  44 43.5 0.02662 1.15538e-05
  45 44.5 0.02357 1.023e-05
  46 45.5 0.022422 9.73177e-06
  47 46.5 0.020794 9.02517e-06
  48 47.5 0.020418 8.86198e-06
  49 48.5 0.020482 8.88976e-06
  50 49.5 0.020444 8.87326e-06
  51 50.5 0.018812 8.16493e-06
  52 51.5 0.018776 8.14931e-06
  53 52.5 0.01757 7.62587e-06
  54 53.5 0.017398 7.55122e-06
  55 54.5 0.017894 7.76649e-06
  56 55.5 0.017526 7.60677e-06
  57 56.5 0.01836 7.96875e-06
  58 57.5 0.017998 7.81163e-06
  59 58.5 0.018224 7.90972e-06
  60 59.5 0.017666 7.66753e-06
  61 60.5 0.017184 7.45833e-06
  62 61.5 0.017508 7.59896e-06
  63 62.5 0.017476 7.58507e-06
  64 63.5 0.017084 7.41493e-06
  65 64.5 0.016638 7.22135e-06
  66 65.5 0.017024 7.38889e-06
  67 66.5 0.01771 7.68663e-06
  68 67.5 0.017506 7.59809e-06
  69 68.5 0.017712 7.6875e-06
  70 69.5 0.016838 7.30816e-06
  71 70.5 0.017878 7.75955e-06
  72 71.5 0.017454 7.57552e-06
  73 72.5 0.018058 7.83767e-06
  74 73.5 0.018328 7.95486e-06
  75 74.5 0.018168 7.88542e-06
  76 75.5 0.017916 7.77604e-06
  77 76.5 0.018754 8.13976e-06
  78 77.5 0.018022 7.82205e-06
  79 78.5 0.017824 7.73611e-06
  80 79.5 0.016792 7.28819e-06
  81 80.5 0.017088 7.41667e-06
  82 81.5 0.017164 7.44965e-06
  83 82.5 0.01717 7.45226e-06
  84 83.5 0.016558 7.18663e-06
  85 84.5 0.0166 7.20486e-06
  86 85.5 0.017514 7.60156e-06
  87 86.5 0.017474 7.5842e-06
  88 87.5 0.016934 7.34983e-06
  89 88.5 0.016906 7.33767e-06
  90 89.5 0.017108 7.42535e-06
  91 90.5 0.01715 7.44358e-06
  92 91.5 0.017754 7.70573e-06
  93 92.5 0.017544 7.61458e-06
  94 93.5 0.017258 7.49045e-06
  95 94.5 0.016882 7.32726e-06
  96 95.5 0.01752 7.60417e-06
  97 96.5 0.017594 7.63628e-06
  98 97.5 0.016368 7.10417e-06
  99 98.5 0.01711 7.42622e-06
  100 99.5 0.016426 7.12934e-06
  101 100.5 0.016446 7.13802e-06
  102 101.5 0.016556 7.18576e-06
  103 102.5 0.016578 7.19531e-06
  104 103.5 0.015868 6.88715e-06
  105 104.5 0.01688 7.32639e-06
  106 105.5 0.018014 7.81858e-06
  107 106.5 0.017024 7.38889e-06
  108 107.5 0.017956 7.7934e-06
  109 108.5 0.017312 7.51389e-06
  110 109.5 0.016828 7.30382e-06
  111 110.5 0.017694 7.67969e-06
  112 111.5 0.017388 7.54687e-06
  113 112.5 0.018096 7.85417e-06
  114 113.5 0.017264 7.49306e-06
  115 114.5 0.016954 7.35851e-06
  116 115.5 0.01719 7.46094e-06
  117 116.5 0.016738 7.26476e-06
  118 117.5 0.016352 7.09722e-06
  119 118.5 0.016556 7.18576e-06
  120 119.5 0.01572 6.82292e-06
  121 120.5 0.015376 6.67361e-06
  122 121.5 0.016434 7.13281e-06
  123 122.5 0.0163 7.07465e-06
  124 123.5 0.01599 6.9401e-06
  125 124.5 0.016772 7.27951e-06
  126 125.5 0.01686 7.31771e-06
  127 126.5 0.015642 6.78906e-06
  128 127.5 0.015174 6.58594e-06
  129 128.5 0.015498 6.72656e-06
  130 129.5 0.01643 7.13108e-06
  131 130.5 0.01661 7.2092e-06
  132 131.5 0.016264 7.05903e-06
  133 132.5 0.01596 6.92708e-06
  134 133.5 0.016238 7.04774e-06
  135 134.5 0.016692 7.24479e-06
  136 135.5 0.016918 7.34288e-06
  137 136.5 0.016746 7.26823e-06
  138 137.5 0.016626 7.21615e-06
  139 138.5 0.017134 7.43663e-06
  140 139.5 0.01827 7.92969e-06
  141 140.5 0.017926 7.78038e-06
  142 141.5 0.017722 7.69184e-06
  143 142.5 0.017342 7.52691e-06
  144 143.5 0.018212 7.90451e-06
  145 144.5 0.018202 7.90017e-06
  146 145.5 0.01843 7.99913e-06
  147 146.5 0.019594 8.50434e-06
  148 147.5 0.01952 8.47222e-06
  149 148.5 0.019558 8.48872e-06
  150 149.5 0.018994 8.24392e-06
  151 150.5 0.019084 8.28299e-06
  152 151.5 0.01877 8.1467e-06
  153 152.5 0.018932 8.21701e-06
  154 153.5 0.018918 8.21094e-06
  155 154.5 0.02018 8.75868e-06
  156 155.5 0.020072 8.71181e-06
  157 156.5 0.01932 8.38542e-06
  158 157.5 0.019196 8.3316e-06
  159 158.5 0.019094 8.28733e-06
  160 159.5 0.019098 8.28906e-06
  161 160.5 0.018322 7.95226e-06
  162 161.5 0.018444 8.00521e-06
  163 162.5 0.018584 8.06597e-06
  164 163.5 0.018848 8.18056e-06
  165 164.5 0.01798 7.80382e-06
  166 165.5 0.018736 8.13194e-06
  167 166.5 0.01947 8.45052e-06
  168 167.5 0.018676 8.1059e-06
  169 168.5 0.018938 8.21962e-06
  170 169.5 0.019206 8.33594e-06
  171 170.5 0.020044 8.69965e-06
  172 171.5 0.020132 8.73785e-06
  173 172.5 0.020088 8.71875e-06
  174 173.5 0.020458 8.87934e-06
  175 174.5 0.021754 9.44184e-06
  176 175.5 0.022074 9.58073e-06
  177 176.5 0.023136 1.00417e-05
  178 177.5 0.024578 1.06675e-05
  179 178.5 0.027474 1.19245e-05
  180 179.5 0.03012 1.30729e-05
  181 180.5 0.036568 1.58715e-05
  182 181.5 0.044178 1.91745e-05
  183 182.5 0.054964 2.38559e-05
  184 183.5 0.07072 3.06944e-05
  185 184.5 0.09231 4.00651e-05
  186 185.5 0.122578 5.32023e-05
  187 186.5 0.16448 7.13889e-05
  188 187.5 0.21444 9.30729e-05
  189 188.5 0.280398 0.000121701
  190 189.5 0.365642 0.000158699
  191 190.5 0.47366 0.000205582
  192 191.5 0.59842 0.000259731
  193 192.5 0.73672 0.000319757
  194 193.5 0.898224 0.000389854
  195 194.5 1.06779 0.000463451
  196 195.5 1.25482 0.000544628
  197 196.5 1.45009 0.00062938
  198 197.5 1.63541 0.000709814
  199 198.5 1.82081 0.000790281
  200 199.5 2.02494 0.000878878
  201 200.5 2.2117 0.00095994
  202 201.5 2.40557 0.00104408
  203 202.5 2.60152 0.00112913
  204 203.5 2.81098 0.00122004
  205 204.5 3.04386 0.00132112
  206 205.5 3.36473 0.00146038
  207 206.5 3.73261 0.00162006
  208 207.5 4.19162 0.00181928
  209 208.5 4.79715 0.0020821
  210 209.5 5.61465 0.00243691
  211 210.5 6.63568 0.00288007
  212 211.5 7.92289 0.00343875
  213 212.5 9.56972 0.00415353
  214 213.5 11.5531 0.00501438
  215 214.5 13.7953 0.00598754
  216 215.5 16.2874 0.00706918
  217 216.5 18.9713 0.00823407
  218 217.5 21.7134 0.00942422
  219 218.5 24.2632 0.0105309
  220 219.5 26.602 0.011546
  221 220.5 28.69 0.0124523
  222 221.5 30.3732 0.0131828
  223 222.5 31.7647 0.0137868
  224 223.5 32.9009 0.0142799
  225 224.5 33.6898 0.0146223
  226 225.5 34.3913 0.0149268
  227 226.5 34.9274 0.0151595
  228 227.5 35.3045 0.0153231
  229 228.5 35.5662 0.0154367
  230 229.5 35.7988 0.0155377
  231 230.5 35.969 0.0156116
  232 231.5 36.1085 0.0156721
  233 232.5 36.199 0.0157114
  234 233.5 36.2822 0.0157475
  235 234.5 36.2915 0.0157515
  236 235.5 36.3575 0.0157802
  237 236.5 36.4068 0.0158015
  238 237.5 36.4654 0.015827
  239 238.5 36.4997 0.0158419
  240 239.5 36.5232 0.0158521
  241 240.5 36.569 0.0158719
  242 241.5 36.5775 0.0158757
  243 242.5 36.5616 0.0158688
  244 243.5 36.6 0.0158854
  245 244.5 36.6037 0.015887
  246 245.5 36.5826 0.0158779
  247 246.5 36.5873 0.0158799
  248 247.5 36.5869 0.0158797
  249 248.5 36.5393 0.0158591
  250 249.5 36.5848 0.0158788
  251 250.5 36.5933 0.0158825
  252 251.5 36.5713 0.015873
  253 252.5 36.533 0.0158563
  254 253.5 36.5741 0.0158742
  255 254.5 36.6149 0.0158919
  256 255.5 36.596 0.0158837
  257 256.5 36.6067 0.0158883
  258 257.5 36.6884 0.0159238
  259 258.5 36.6583 0.0159107
  260 259.5 36.6736 0.0159174
  261 260.5 36.6645 0.0159134
  262 261.5 36.7362 0.0159445
  263 262.5 36.75 0.0159505
  264 263.5 36.7683 0.0159584
  265 264.5 36.7861 0.0159662
  266 265.5 36.8228 0.0159821
  267 266.5 36.8436 0.0159911
  268 267.5 36.8145 0.0159785
  269 268.5 36.7929 0.0159692
  270 269.5 36.8542 0.0159957
  271 270.5 36.8731 0.016004
  272 271.5 36.8177 0.0159799
  273 272.5 36.8161 0.0159792
  274 273.5 36.8828 0.0160081
  275 274.5 36.8316 0.0159859
  276 275.5 36.826 0.0159835
  277 276.5 36.8209 0.0159813
  278 277.5 36.8337 0.0159868
  279 278.5 36.8199 0.0159809
  280 279.5 36.7894 0.0159676
  281 280.5 36.8021 0.0159731
  282 281.5 36.7891 0.0159675
  283 282.5 36.7928 0.0159691
  284 283.5 36.8183 0.0159802
  285 284.5 36.8228 0.0159821
  286 285.5 36.8045 0.0159742
  287 286.5 36.8436 0.0159911
  288 287.5 36.8574 0.0159971
  289 288.5 36.8633 0.0159997
  290 289.5 36.8433 0.015991
  291 290.5 36.8374 0.0159885
  292 291.5 36.8989 0.0160151
  293 292.5 36.828 0.0159844
  294 293.5 36.8272 0.015984
  295 294.5 36.9052 0.0160179
  296 295.5 36.8675 0.0160015
  297 296.5 36.8347 0.0159873
  298 297.5 36.8962 0.016014
  299 298.5 36.8718 0.0160034
  300 299.5 36.8131 0.0159779
  301 300.5 36.8335 0.0159867
  302 301.5 36.7934 0.0159694
  303 302.5 36.7859 0.0159661
  304 303.5 36.7621 0.0159558
  305 304.5 36.7938 0.0159695
  306 305.5 36.7971 0.0159709
  307 306.5 36.7457 0.0159486
  308 307.5 36.799 0.0159718
  309 308.5 36.784 0.0159653
  310 309.5 36.7441 0.0159479
  311 310.5 36.7681 0.0159584
  312 311.5 36.7747 0.0159612
  313 312.5 36.7399 0.0159461
  314 313.5 36.7549 0.0159526
  315 314.5 36.7967 0.0159708
  316 315.5 36.7481 0.0159497
  317 316.5 36.7072 0.015932
  318 317.5 36.7112 0.0159337
  319 318.5 36.7287 0.0159413
  320 319.5 36.6862 0.0159228
  321 320.5 36.6656 0.0159139
  322 321.5 36.6234 0.0158956
  323 322.5 36.5662 0.0158707
  324 323.5 36.5535 0.0158652
  325 324.5 36.5534 0.0158652
  326 325.5 36.4956 0.0158401
  327 326.5 36.4251 0.0158095
  328 327.5 36.4222 0.0158082
  329 328.5 36.4321 0.0158126
  330 329.5 36.3057 0.0157577
  331 330.5 36.2958 0.0157534
  332 331.5 36.3415 0.0157732
  333 332.5 36.2878 0.0157499
  334 333.5 36.3136 0.0157611
  335 334.5 36.325 0.015766
  336 335.5 36.3438 0.0157742
  337 336.5 36.3151 0.0157618
  338 337.5 36.3133 0.015761
  339 338.5 36.3314 0.0157689
  340 339.5 36.3042 0.015757
  341 340.5 36.263 0.0157392
  342 341.5 36.2463 0.0157319
  343 342.5 36.3434 0.0157741
  344 343.5 36.2486 0.0157329
  345 344.5 36.2259 0.0157231
  346 345.5 36.2513 0.0157341
  347 346.5 36.3111 0.01576
  348 347.5 36.1848 0.0157052
  349 348.5 36.2479 0.0157326
  350 349.5 36.2847 0.0157486
  351 350.5 36.2074 0.015715
  352 351.5 36.2266 0.0157234
  353 352.5 36.172 0.0156997
  354 353.5 36.1871 0.0157062
  355 354.5 36.1229 0.0156783
  356 355.5 36.076 0.015658
  357 356.5 35.9968 0.0156236
  358 357.5 35.8766 0.0155715
  359 358.5 35.7525 0.0155176
  360 359.5 35.6175 0.015459
  361 360.5 35.4327 0.0153788
  362 361.5 35.1718 0.0152656
  363 362.5 34.842 0.0151224
  364 363.5 34.4537 0.0149539
  365 364.5 33.8335 0.0146847
  366 365.5 33.1621 0.0143933
  367 366.5 32.1679 0.0139618
  368 367.5 30.9345 0.0134264
  369 368.5 29.4645 0.0127884
  370 369.5 27.6834 0.0120154
  371 370.5 25.5845 0.0111044
  372 371.5 23.292 0.0101094
  373 372.5 20.7987 0.00902719
  374 373.5 18.2046 0.00790129
  375 374.5 15.7402 0.00683171
  376 375.5 13.441 0.00583378
  377 376.5 11.3332 0.0049189
  378 377.5 9.51531 0.00412991
  379 378.5 8.06108 0.00349873
  380 379.5 6.88373 0.00298773
  381 380.5 5.93091 0.00257418
  382 381.5 5.21223 0.00226225
  383 382.5 4.67925 0.00203092
  384 383.5 4.2645 0.00185091
  385 384.5 3.93364 0.00170731
  386 385.5 3.6942 0.00160339
  387 386.5 3.51943 0.00152753
  388 387.5 3.39094 0.00147176
  389 388.5 3.29764 0.00143127
  390 389.5 3.20929 0.00139292
  391 390.5 3.1493 0.00136688
  392 391.5 3.10564 0.00134793
  393 392.5 3.07113 0.00133296
  394 393.5 3.06352 0.00132965
  395 394.5 3.04614 0.00132211
  396 395.5 3.01579 0.00130894
  397 396.5 3.00057 0.00130233
  398 397.5 2.99068 0.00129804
  399 398.5 2.98187 0.00129422
  400 399.5 2.98642 0.00129619
  401 400.5 3.0021 0.00130299
  402 401.5 2.98711 0.00129649
  403 402.5 2.97951 0.00129319
  404 403.5 2.97477 0.00129113
  405 404.5 2.96697 0.00128775
  406 405.5 2.98105 0.00129386
  407 406.5 2.97822 0.00129263
  408 407.5 2.97467 0.00129109
  409 408.5 2.96405 0.00128648
  410 409.5 2.98231 0.00129441
  411 410.5 2.9869 0.0012964
  412 411.5 3.00378 0.00130372
  413 412.5 2.99054 0.00129798
  414 413.5 3.0052 0.00130434
  415 414.5 3.01088 0.00130681
  416 415.5 3.0179 0.00130985
  417 416.5 3.03447 0.00131704
  418 417.5 3.02985 0.00131504
  419 418.5 3.03837 0.00131874
  420 419.5 3.03928 0.00131913
  421 420.5 3.05582 0.00132631
  422 421.5 3.05584 0.00132632
  423 422.5 3.04705 0.0013225
  424 423.5 3.0511 0.00132426
  425 424.5 3.05406 0.00132555
  426 425.5 3.02281 0.00131198
  427 426.5 3.01257 0.00130754
  428 427.5 3.0193 0.00131046
  429 428.5 3.02148 0.00131141
  430 429.5 3.02657 0.00131362
  431 430.5 3.03777 0.00131848
  432 431.5 3.02421 0.00131259
  433 432.5 2.99711 0.00130083
  434 433.5 2.99856 0.00130146
  435 434.5 2.98027 0.00129352
  436 435.5 2.98217 0.00129434
  437 436.5 2.98545 0.00129577
  438 437.5 2.96071 0.00128503
  439 438.5 2.95646 0.00128318
  440 439.5 2.94737 0.00127924
  441 440.5 2.94303 0.00127736
  442 441.5 2.93471 0.00127374
  443 442.5 2.94953 0.00128018
  444 443.5 2.9343 0.00127357
  445 444.5 2.91484 0.00126512
  446 445.5 2.91814 0.00126655
  447 446.5 2.92537 0.00126969
  448 447.5 2.93228 0.00127269
  449 448.5 2.92926 0.00127138
  450 449.5 2.93262 0.00127284
  451 450.5 2.94457 0.00127802
  452 451.5 2.9371 0.00127478
  453 452.5 2.96205 0.00128561
  454 453.5 2.984 0.00129514
  455 454.5 2.99379 0.00129939
  456 455.5 2.99282 0.00129897
  457 456.5 2.98577 0.00129591
  458 457.5 2.97007 0.00128909
  459 458.5 2.98378 0.00129504
  460 459.5 2.98871 0.00129718
  461 460.5 2.99971 0.00130196
  462 461.5 3.01617 0.0013091
  463 462.5 3.00649 0.0013049
  464 463.5 3.01859 0.00131015
  465 464.5 3.03009 0.00131514
  466 465.5 3.03427 0.00131696
  467 466.5 3.03103 0.00131555
  468 467.5 3.0447 0.00132148
  469 468.5 3.05779 0.00132717
  470 469.5 3.05464 0.0013258
  471 470.5 3.07164 0.00133318
  472 471.5 3.0927 0.00134232
  473 472.5 3.09598 0.00134374
  474 473.5 3.06817 0.00133167
  475 474.5 3.07302 0.00133378
  476 475.5 3.05108 0.00132426
  477 476.5 3.04197 0.0013203
  478 477.5 3.02168 0.00131149
  479 478.5 3.02274 0.00131195
  480 479.5 3.00711 0.00130517
50000000 480 6161.9999999999945
  1 0.5 2.91493 0.00126516
  2 1.5 2.9127 0.00126419
  3 2.5 2.90571 0.00126116
  4 3.5 2.92639 0.00127013
  5 4.5 2.92664 0.00127024
  6 5.5 2.91554 0.00126542
  7 6.5 2.91996 0.00126734
  8 7.5 2.91847 0.0012667
  9 8.5 2.92312 0.00126872
  10 9.5 2.9146 0.00126502
  11 10.5 2.89812 0.00125787
  12 11.5 2.87459 0.00124765
  13 12.5 2.85117 0.00123749
  14 13.5 2.83835 0.00123192
  15 14.5 2.81459 0.00122161
  16 15.5 2.81267 0.00122078
  17 16.5 2.79142 0.00121155
  18 17.5 2.75672 0.00119649
  19 18.5 2.71327 0.00117763
  20 19.5 2.64641 0.00114862
  21 20.5 2.58291 0.00112106
  22 21.5 2.50762 0.00108838
  23 22.5 2.41883 0.00104984
  24 23.5 2.30123 0.000998799
  25 24.5 2.18151 0.000946836
  26 25.5 2.05505 0.000891947
  27 26.5 1.90009 0.000824694
  28 27.5 1.73033 0.00075101
  29 28.5 1.56352 0.000678611
  30 29.5 1.39956 0.000607447
  31 30.5 1.21808 0.000528679
  32 31.5 1.04726 0.00045454
  33 32.5 0.881528 0.000382608
  34 33.5 0.726468 0.000315307
  35 34.5 0.590598 0.000256336
  36 35.5 0.471598 0.000204687
  37 36.5 0.364608 0.00015825
  38 37.5 0.277414 0.000120405
  39 38.5 0.211282 9.17023e-05
  40 39.5 0.154856 6.72118e-05
  41 40.5 0.118084 5.12517e-05
  42 41.5 0.087482 3.79696e-05
  43 42.5 0.066512 2.88681e-05
  44 43.5 0.053178 2.30807e-05
  45 44.5 0.041256 1.79063e-05
  46 45.5 0.034168 1.48299e-05
  47 46.5 0.029038 1.26033e-05
  48 47.5 0.025534 1.10825e-05
  49 48.5 0.022528 9.77778e-06
  50 49.5 0.019986 8.67448e-06
  51 50.5 0.020658 8.96615e-06
  52 51.5 0.020736 9e-06
  53 52.5 0.019978 8.67101e-06
  54 53.5 0.019986 8.67448e-06
  55 54.5 0.018694 8.11372e-06
  56 55.5 0.019302 8.3776e-06
  57 56.5 0.019782 8.58594e-06
  58 57.5 0.019488 8.45833e-06
  59 58.5 0.018668 8.10243e-06
  60 59.5 0.019428 8.43229e-06
  61 60.5 0.01964 8.52431e-06
  62 61.5 0.01936 8.40278e-06
  63 62.5 0.01949 8.4592e-06
  64 63.5 0.021166 9.18663e-06
  65 64.5 0.020764 9.01215e-06
  66 65.5 0.019778 8.5842e-06
  67 66.5 0.018504 8.03125e-06
  68 67.5 0.01836 7.96875e-06
  69 68.5 0.018644 8.09201e-06
  70 69.5 0.018644 8.09201e-06
  71 70.5 0.017866 7.75434e-06
  72 71.5 0.018404 7.98785e-06
  73 72.5 0.018302 7.94358e-06
  74 73.5 0.01864 8.09028e-06
  75 74.5 0.018912 8.20833e-06
  76 75.5 0.0186 8.07292e-06
  77 76.5 0.019002 8.2474e-06
  78 77.5 0.018152 7.87847e-06
  79 78.5 0.019332 8.39063e-06
  80 79.5 0.018572 8.06076e-06
  81 80.5 0.018618 8.08073e-06
  82 81.5 0.018652 8.09549e-06
  83 82.5 0.019272 8.36458e-06
  84 83.5 0.01961 8.51128e-06
  85 84.5 0.020016 8.6875e-06
  86 85.5 0.018984 8.23958e-06
  87 86.5 0.019054 8.26997e-06
  88 87.5 0.019022 8.25608e-06
  89 88.5 0.019226 8.34462e-06
  90 89.5 0.018632 8.08681e-06
  91 90.5 0.01881 8.16406e-06
  92 91.5 0.019516 8.47049e-06
  93 92.5 0.019274 8.36545e-06
  94 93.5 0.018318 7.95052e-06
  95 94.5 0.018294 7.9401e-06
  96 95.5 0.018096 7.85417e-06
  97 96.5 0.01786 7.75174e-06
  98 97.5 0.01842 7.99479e-06
  99 98.5 0.018286 7.93663e-06
  100 99.5 0.018908 8.2066e-06
  101 100.5 0.018286 7.93663e-06
  102 101.5 0.018462 8.01302e-06
  103 102.5 0.019116 8.29688e-06
  104 103.5 0.019648 8.52778e-06
  105 104.5 0.02003 8.69358e-06
  106 105.5 0.020622 8.95052e-06
  107 106.5 0.020028 8.69271e-06
  108 107.5 0.019854 8.61719e-06
  109 108.5 0.019696 8.54861e-06
  110 109.5 0.019622 8.51649e-06
  111 110.5 0.01922 8.34201e-06
  112 111.5 0.019654 8.53038e-06
  113 112.5 0.019928 8.64931e-06
  114 113.5 0.019478 8.45399e-06
  115 114.5 0.019134 8.30469e-06
  116 115.5 0.019804 8.59549e-06
  117 116.5 0.019742 8.56858e-06
  118 117.5 0.0192 8.33333e-06
  119 118.5 0.019916 8.6441e-06
  120 119.5 0.018654 8.09635e-06
  121 120.5 0.019354 8.40017e-06
  122 121.5 0.02034 8.82812e-06
  123 122.5 0.019694 8.54774e-06
  124 123.5 0.019654 8.53038e-06
  125 124.5 0.019228 8.34549e-06
  126 125.5 0.019216 8.34028e-06
  127 126.5 0.019678 8.5408e-06
  128 127.5 0.020172 8.75521e-06
  129 128.5 0.020046 8.70052e-06
  130 129.5 0.019354 8.40017e-06
  131 130.5 0.01968 8.54167e-06
  132 131.5 0.019188 8.32813e-06
  133 132.5 0.019082 8.28212e-06
  134 133.5 0.01873 8.12934e-06
  135 134.5 0.019136 8.30556e-06
  136 135.5 0.019426 8.43142e-06
  137 136.5 0.019096 8.28819e-06
  138 137.5 0.018538 8.04601e-06
  139 138.5 0.018238 7.9158e-06
  140 139.5 0.01839 7.98177e-06
  141 140.5 0.018478 8.01997e-06
  142 141.5 0.018002 7.81337e-06
  143 142.5 0.017546 7.61545e-06
  144 143.5 0.01811 7.86024e-06
  145 144.5 0.018254 7.92274e-06
  146 145.5 0.017432 7.56597e-06
  147 146.5 0.018096 7.85417e-06
  148 147.5 0.018614 8.07899e-06
  149 148.5 0.018828 8.17188e-06
  150 149.5 0.018522 8.03906e-06
  151 150.5 0.017018 7.38628e-06
  152 151.5 0.017046 7.39844e-06
  153 152.5 0.018178 7.88976e-06
  154 153.5 0.019244 8.35243e-06
  155 154.5 0.018384 7.97917e-06
  156 155.5 0.018074 7.84462e-06
  157 156.5 0.019058 8.2717e-06
  158 157.5 0.018492 8.02604e-06
  159 158.5 0.019524 8.47396e-06
  160 159.5 0.018964 8.2309e-06
  161 160.5 0.019356 8.40104e-06
  162 161.5 0.018976 8.23611e-06
  163 162.5 0.01792 7.77778e-06
  164 163.5 0.018284 7.93576e-06
  165 164.5 0.018528 8.04167e-06
  166 165.5 0.018792 8.15625e-06
  167 166.5 0.01865 8.09462e-06
  168 167.5 0.01886 8.18576e-06
  169 168.5 0.020766 9.01302e-06
  170 169.5 0.019826 8.60503e-06
  171 170.5 0.01959 8.5026e-06
  172 171.5 0.020286 8.80469e-06
  173 172.5 0.02064 8.95833e-06
  174 173.5 0.020792 9.02431e-06
  175 174.5 0.019642 8.52517e-06
  176 175.5 0.019344 8.39583e-06
  177 176.5 0.01979 8.58941e-06
  178 177.5 0.020924 9.0816e-06
  179 178.5 0.021914 9.51128e-06
  180 179.5 0.022202 9.63628e-06
  181 180.5 0.023946 1.03932e-05
  182 181.5 0.026502 1.15026e-05
  183 182.5 0.029582 1.28394e-05
  184 183.5 0.0339 1.47135e-05
  185 184.5 0.041142 1.78568e-05
  186 185.5 0.050872 2.20799e-05
  187 186.5 0.064732 2.80955e-05
  188 187.5 0.085408 3.70694e-05
  189 188.5 0.111846 4.85443e-05
  190 189.5 0.148902 6.46276e-05
  191 190.5 0.198554 8.6178e-05
  192 191.5 0.265378 0.000115181
  193 192.5 0.343304 0.000149003
  194 193.5 0.447872 0.000194389
  195 194.5 0.564684 0.000245089
  196 195.5 0.707634 0.000307133
  197 196.5 0.869602 0.000377431
  198 197.5 1.04849 0.000455072
  199 198.5 1.23736 0.000537047
  200 199.5 1.43178 0.000621432
  201 200.5 1.62949 0.000707244
  202 201.5 1.83489 0.000796394
  203 202.5 2.04784 0.000888819
  204 203.5 2.27237 0.00098627
  205 204.5 2.52364 0.00109533
  206 205.5 2.78907 0.00121054
  207 206.5 3.09185 0.00134195
  208 207.5 3.48646 0.00151322
  209 208.5 3.98049 0.00172764
  210 209.5 4.61431 0.00200274
  211 210.5 5.40754 0.00234702
  212 211.5 6.46223 0.00280479
  213 212.5 7.77437 0.00337429
  214 213.5 9.42041 0.00408872
  215 214.5 11.3586 0.00492996
  216 215.5 13.6367 0.00591873
  217 216.5 16.146 0.00700782
  218 217.5 18.7785 0.0081504
  219 218.5 21.4169 0.00929551
  220 219.5 23.9894 0.0104121
  221 220.5 26.3212 0.0114241
  222 221.5 28.3595 0.0123088
  223 222.5 30.0757 0.0130537
  224 223.5 31.5292 0.0136845
  225 224.5 32.6819 0.0141849
  226 225.5 33.5446 0.0145593
  227 226.5 34.208 0.0148472
  228 227.5 34.7084 0.0150644
  229 228.5 35.0519 0.0152135
  230 229.5 35.337 0.0153372
  231 230.5 35.4935 0.0154052
  232 231.5 35.7038 0.0154964
  233 232.5 35.8295 0.015551
  234 233.5 35.8746 0.0155706
  235 234.5 35.9372 0.0155978
  236 235.5 36.0508 0.0156471
  237 236.5 36.0831 0.015661
  238 237.5 36.1038 0.01567
  239 238.5 36.1798 0.0157031
  240 239.5 36.1563 0.0156928
  241 240.5 36.1603 0.0156946
  242 241.5 36.2268 0.0157234
  243 242.5 36.2304 0.015725
  244 243.5 36.175 0.0157009
  245 244.5 36.2264 0.0157233
  246 245.5 36.2325 0.0157259
  247 246.5 36.1944 0.0157094
  248 247.5 36.1961 0.0157101
  249 248.5 36.2501 0.0157335
  250 249.5 36.192 0.0157083
  251 250.5 36.1281 0.0156806
  252 251.5 36.1631 0.0156958
  253 252.5 36.1731 0.0157001
  254 253.5 36.211 0.0157166
  255 254.5 36.1156 0.0156752
  256 255.5 36.1495 0.0156899
  257 256.5 36.1748 0.0157009
  258 257.5 36.1917 0.0157082
  259 258.5 36.1849 0.0157052
  260 259.5 36.1588 0.0156939
  261 260.5 36.1874 0.0157063
  262 261.5 36.1728 0.0157
  263 262.5 36.1543 0.015692
  264 263.5 36.1701 0.0156988
  265 264.5 36.1676 0.0156978
  266 265.5 36.2152 0.0157184
  267 266.5 36.1936 0.015709
  268 267.5 36.2393 0.0157289
  269 268.5 36.3445 0.0157745
  270 269.5 36.385 0.0157921
  271 270.5 36.3325 0.0157693
  272 271.5 36.3864 0.0157927
  273 272.5 36.4132 0.0158043
  274 273.5 36.3421 0.0157735
  275 274.5 36.3528 0.0157781
  276 275.5 36.4493 0.01582
  277 276.5 36.3982 0.0157978
  278 277.5 36.3996 0.0157984
  279 278.5 36.436 0.0158143
  280 279.5 36.4773 0.0158322
  281 280.5 36.4582 0.0158239
  282 281.5 36.4611 0.0158251
  283 282.5 36.4899 0.0158376
  284 283.5 36.4504 0.0158205
  285 284.5 36.4315 0.0158123
  286 285.5 36.483 0.0158346
  287 286.5 36.4719 0.0158298
  288 287.5 36.4721 0.0158299
  289 288.5 36.4958 0.0158402
  290 289.5 36.5002 0.0158421
  291 290.5 36.4614 0.0158253
  292 291.5 36.481 0.0158338
  293 292.5 36.4726 0.0158301
  294 293.5 36.4249 0.0158094
  295 294.5 36.4715 0.0158296
  296 295.5 36.4342 0.0158135
  297 296.5 36.4274 0.0158105
  298 297.5 36.4204 0.0158075
  299 298.5 36.4155 0.0158053
  300 299.5 36.4465 0.0158188
  301 300.5 36.4568 0.0158233
  302 301.5 36.4745 0.0158309
  303 302.5 36.4332 0.015813
  304 303.5 36.4417 0.0158167
  305 304.5 36.4092 0.0158026
  306 305.5 36.3848 0.015792
  307 306.5 36.449 0.0158199
  308 307.5 36.4463 0.0158187
  309 308.5 36.4687 0.0158284
  310 309.5 36.4616 0.0158253
  311 310.5 36.5294 0.0158548
  312 311.5 36.4883 0.015837
  313 312.5 36.439 0.0158156
  314 313.5 36.5826 0.0158779
  315 314.5 36.5555 0.0158661
  316 315.5 36.5212 0.0158512
  317 316.5 36.5546 0.0158657
  318 317.5 36.5768 0.0158753
  319 318.5 36.5253 0.015853
  320 319.5 36.5569 0.0158667
  321 320.5 36.6444 0.0159047
  322 321.5 36.5355 0.0158574
  323 322.5 36.5439 0.0158611
  324 323.5 36.5507 0.015864
  325 324.5 36.5275 0.0158539
  326 325.5 36.4869 0.0158363
  327 326.5 36.5752 0.0158747
  328 327.5 36.5176 0.0158497
  329 328.5 36.5468 0.0158623
  330 329.5 36.545 0.0158615
  331 330.5 36.5501 0.0158637
  332 331.5 36.5514 0.0158643
  333 332.5 36.5603 0.0158682
  334 333.5 36.5533 0.0158651
  335 334.5 36.5752 0.0158747
  336 335.5 36.5242 0.0158525
  337 336.5 36.5664 0.0158708
  338 337.5 36.5789 0.0158763
  339 338.5 36.578 0.0158759
  340 339.5 36.5897 0.015881
  341 340.5 36.6107 0.0158901
  342 341.5 36.6123 0.0158907
  343 342.5 36.581 0.0158772
  344 343.5 36.5591 0.0158677
  345 344.5 36.6203 0.0158942
  346 345.5 36.5713 0.015873
  347 346.5 36.5109 0.0158468
  348 347.5 36.5261 0.0158533
  349 348.5 36.4781 0.0158325
  350 349.5 36.4223 0.0158083
  351 350.5 36.461 0.0158251
  352 351.5 36.4539 0.015822
  353 352.5 36.3597 0.0157811
  354 353.5 36.3016 0.0157559
  355 354.5 36.2799 0.0157465
  356 355.5 36.2282 0.0157241
  357 356.5 36.1283 0.0156807
  358 357.5 36.0348 0.0156401
  359 358.5 35.9653 0.0156099
  360 359.5 35.923 0.0155916
  361 360.5 35.8099 0.0155425
  362 361.5 35.7043 0.0154967
  363 362.5 35.5044 0.0154099
  364 363.5 35.3077 0.0153245
  365 364.5 34.991 0.0151871
  366 365.5 34.5193 0.0149823
  367 366.5 34.0262 0.0147683
  368 367.5 33.3241 0.0144636
  369 368.5 32.3165 0.0140263
  370 369.5 31.2108 0.0135463
  371 370.5 29.8324 0.0129481
  372 371.5 28.1037 0.0121978
  373 372.5 25.9926 0.0112815
  374 373.5 23.7323 0.0103005
  375 374.5 21.284 0.00923787
  376 375.5 18.7146 0.00812267
  377 376.5 16.1998 0.00703116
  378 377.5 13.8468 0.00600988
  379 378.5 11.7196 0.00508665
  380 379.5 9.84398 0.00427256
  381 380.5 8.24438 0.00357829
  382 381.5 6.94518 0.0030144
  383 382.5 5.93283 0.00257501
  384 383.5 5.15836 0.00223887
  385 384.5 4.60373 0.00199815
  386 385.5 4.16333 0.001807
  387 386.5 3.83209 0.00166323
  388 387.5 3.57936 0.00155354
  389 388.5 3.40151 0.00147635
  390 389.5 3.2667 0.00141784
  391 390.5 3.16217 0.00137247
  392 391.5 3.06936 0.00133219
  393 392.5 3.00862 0.00130583
  394 393.5 2.95417 0.00128219
  395 394.5 2.93093 0.00127211
  396 395.5 2.92238 0.00126839
  397 396.5 2.8986 0.00125807
  398 397.5 2.89158 0.00125503
  399 398.5 2.89147 0.00125498
  400 399.5 2.87816 0.0012492
  401 400.5 2.86213 0.00124224
  402 401.5 2.84868 0.00123641
  403 402.5 2.85582 0.00123951
  404 403.5 2.84677 0.00123558
  405 404.5 2.84831 0.00123624
  406 405.5 2.82709 0.00122704
  407 406.5 2.81616 0.00122229
  408 407.5 2.83807 0.0012318
  409 408.5 2.84819 0.00123619
  410 409.5 2.84205 0.00123353
  411 410.5 2.85435 0.00123887
  412 411.5 2.88215 0.00125093
  413 412.5 2.88087 0.00125038
  414 413.5 2.88698 0.00125303
  415 414.5 2.91503 0.0012652
  416 415.5 2.93697 0.00127473
  417 416.5 2.95258 0.0012815
  418 417.5 2.98802 0.00129688
  419 418.5 2.98506 0.0012956
  420 419.5 2.98711 0.00129649
  421 420.5 3.00215 0.00130302
  422 421.5 3.00658 0.00130494
  423 422.5 3.02179 0.00131154
  424 423.5 3.02236 0.00131179
  425 424.5 3.01284 0.00130765
  426 425.5 3.01382 0.00130808
  427 426.5 3.00718 0.0013052
  428 427.5 3.00084 0.00130245
  429 428.5 2.99351 0.00129927
  430 429.5 2.97884 0.0012929
  431 430.5 2.98405 0.00129516
  432 431.5 3.00266 0.00130324
  433 432.5 2.98619 0.00129609
  434 433.5 2.98651 0.00129623
  435 434.5 2.9861 0.00129605
  436 435.5 2.99212 0.00129866
  437 436.5 2.98603 0.00129602
  438 437.5 2.97904 0.00129299
  439 438.5 2.96764 0.00128804
  440 439.5 2.9534 0.00128186
  441 440.5 2.94157 0.00127672
  442 441.5 2.945 0.00127821
  443 442.5 2.93839 0.00127534
  444 443.5 2.94409 0.00127782
  445 444.5 2.94414 0.00127784
  446 445.5 2.9415 0.00127669
  447 446.5 2.92828 0.00127096
  448 447.5 2.93121 0.00127223
  449 448.5 2.92977 0.0012716
  450 449.5 2.93721 0.00127483
  451 450.5 2.9535 0.0012819
  452 451.5 2.95254 0.00128148
  453 452.5 2.94678 0.00127899
  454 453.5 2.93167 0.00127243
  455 454.5 2.92079 0.0012677
  456 455.5 2.92821 0.00127092
  457 456.5 2.93918 0.00127569
  458 457.5 2.95132 0.00128095
  459 458.5 2.95369 0.00128198
  460 459.5 2.95772 0.00128373
  461 460.5 2.96882 0.00128855
  462 461.5 2.96426 0.00128657
  463 462.5 2.96079 0.00128507
  464 463.5 2.95898 0.00128428
  465 464.5 2.9505 0.0012806
  466 465.5 2.94484 0.00127814
  467 466.5 2.93818 0.00127525
  468 467.5 2.92949 0.00127148
  469 468.5 2.92821 0.00127093
  470 469.5 2.92218 0.00126831
  471 470.5 2.93038 0.00127187
  472 471.5 2.94258 0.00127716
  473 472.5 2.95855 0.00128409
  474 473.5 2.9597 0.00128459
  475 474.5 2.94523 0.00127831
  476 475.5 2.9498 0.0012803
  477 476.5 2.93891 0.00127557
  478 477.5 2.94655 0.00127889
  479 478.5 2.92995 0.00127168
  480 479.5 2.93396 0.00127342
