# Chunk-averaged data for fix tensor2 and group c1
# Timestep Number-of-chunks Total-count
# Chunk Coord1 Ncount density/number
20000000 480 5939
  1 0.5 33.6658 0.0146119
  2 1.5 33.5696 0.0145702
  3 2.5 33.5887 0.0145784
  4 3.5 33.5967 0.0145819
  5 4.5 33.5471 0.0145604
  6 5.5 33.4464 0.0145167
  7 6.5 33.4463 0.0145166
  8 7.5 33.4122 0.0145018
  9 8.5 33.445 0.0145161
  10 9.5 33.4036 0.0144981
  11 10.5 33.4643 0.0145244
  12 11.5 33.4194 0.014505
  13 12.5 33.449 0.0145178
  14 13.5 33.4621 0.0145235
  15 14.5 33.4479 0.0145173
  16 15.5 33.4165 0.0145037
  17 16.5 33.4645 0.0145245
  18 17.5 33.5025 0.014541
  19 18.5 33.4269 0.0145082
  20 19.5 33.5238 0.0145503
  21 20.5 33.5528 0.0145628
  22 21.5 33.5482 0.0145609
  23 22.5 33.4945 0.0145375
  24 23.5 33.5886 0.0145784
  25 24.5 33.5832 0.014576
  26 25.5 33.5567 0.0145645
  27 26.5 33.5506 0.0145619
  28 27.5 33.5751 0.0145725
  29 28.5 33.5776 0.0145736
  30 29.5 33.5107 0.0145446
  31 30.5 33.5434 0.0145588
  32 31.5 33.5805 0.0145749
  33 32.5 33.5293 0.0145526
  34 33.5 33.4221 0.0145061
  35 34.5 33.5421 0.0145582
  36 35.5 33.5366 0.0145558
  37 36.5 33.4286 0.0145089
  38 37.5 33.4737 0.0145285
  39 38.5 33.4934 0.0145371
  40 39.5 33.4126 0.014502
  41 40.5 33.367 0.0144822
  42 41.5 33.4205 0.0145054
  43 42.5 33.349 0.0144744
  44 43.5 33.3647 0.0144812
  45 44.5 33.3961 0.0144948
  46 45.5 33.3363 0.0144689
  47 46.5 33.3886 0.0144916
  48 47.5 33.4345 0.0145115
  49 48.5 33.4225 0.0145063
  50 49.5 33.4017 0.0144973
  51 50.5 33.4376 0.0145128
  52 51.5 33.4235 0.0145067
  53 52.5 33.4394 0.0145136
  54 53.5 33.4724 0.014528
  55 54.5 33.5119 0.0145451
  56 55.5 33.5312 0.0145535
  57 56.5 33.5266 0.0145515
  58 57.5 33.5224 0.0145497
  59 58.5 33.5913 0.0145796
  60 59.5 33.5679 0.0145694
  61 60.5 33.5542 0.0145634
  62 61.5 33.5444 0.0145592
  63 62.5 33.5018 0.0145407
  64 63.5 33.3444 0.0144724
  65 64.5 33.3031 0.0144545
  66 65.5 33.1968 0.0144083
  67 66.5 32.9105 0.0142841
  68 67.5 32.633 0.0141636
  69 68.5 32.2734 0.0140075
  70 69.5 31.787 0.0137964
  71 70.5 31.1032 0.0134997
  72 71.5 30.2514 0.0131299
  73 72.5 28.969 0.0125734
  74 73.5 27.3281 0.0118612
  75 74.5 25.1061 0.0108968
  76 75.5 22.145 0.00961154
  77 76.5 18.3699 0.00797305
  78 77.5 14.0793 0.00611081
  79 78.5 9.80214 0.0042544
  80 79.5 6.1286 0.00265998
  81 80.5 3.47315 0.00150744
  82 81.5 1.80128 0.000781806
  83 82.5 0.885214 0.000384207
  84 83.5 0.437188 0.000189752
  85 84.5 0.239092 0.000103773
  86 85.5 0.15573 6.75911e-05
  87 86.5 0.116414 5.05269e-05
  88 87.5 0.098448 4.27292e-05
  89 88.5 0.088382 3.83602e-05
  90 89.5 0.084258 3.65703e-05
  91 90.5 0.082212 3.56823e-05
  92 91.5 0.081032 3.51701e-05
  93 92.5 0.078806 3.4204e-05
  94 93.5 0.077384 3.35868e-05
  95 94.5 0.075586 3.28064e-05
  96 95.5 0.077482 3.36293e-05
  97 96.5 0.077406 3.35964e-05
  98 97.5 0.080066 3.47509e-05
  99 98.5 0.076192 3.30694e-05
  100 99.5 0.07763 3.36936e-05
  101 100.5 0.075902 3.29436e-05
  102 101.5 0.076124 3.30399e-05
  103 102.5 0.075488 3.27639e-05
  104 103.5 0.074842 3.24835e-05
  105 104.5 0.074634 3.23932e-05
  106 105.5 0.075118 3.26033e-05
  107 106.5 0.076614 3.32526e-05
  108 107.5 0.07641 3.31641e-05
  109 108.5 0.075064 3.25799e-05
  110 109.5 0.075896 3.2941e-05
  111 110.5 0.076296 3.31146e-05
  112 111.5 0.077484 3.36302e-05
  113 112.5 0.07524 3.26562e-05
  114 113.5 0.07459 3.23741e-05
  115 114.5 0.075672 3.28438e-05
  116 115.5 0.07353 3.19141e-05
  117 116.5 0.073592 3.1941e-05
  118 117.5 0.074698 3.2421e-05
  119 118.5 0.072754 3.15773e-05
  120 119.5 0.074288 3.22431e-05
  121 120.5 0.0747 3.24219e-05
  122 121.5 0.074604 3.23802e-05
  123 122.5 0.076552 3.32257e-05
  124 123.5 0.077346 3.35703e-05
  125 124.5 0.076356 3.31406e-05
  126 125.5 0.076702 3.32908e-05
  127 126.5 0.07855 3.40929e-05
  128 127.5 0.076894 3.33741e-05
  129 128.5 0.077474 3.36259e-05
  130 129.5 0.077232 3.35208e-05
  131 130.5 0.075136 3.26111e-05
  132 131.5 0.075246 3.26589e-05
  133 132.5 0.0735 3.1901e-05
  134 133.5 0.073724 3.19983e-05
  135 134.5 0.074216 3.22118e-05
  136 135.5 0.075206 3.26415e-05
  137 136.5 0.077012 3.34253e-05
  138 137.5 0.07667 3.32769e-05
  139 138.5 0.074712 3.24271e-05
  140 139.5 0.075822 3.29089e-05
  141 140.5 0.076358 3.31415e-05
  142 141.5 0.077646 3.37005e-05
  143 142.5 0.077928 3.38229e-05
  144 143.5 0.07561 3.28168e-05
  145 144.5 0.075982 3.29783e-05
  146 145.5 0.073016 3.1691e-05
  147 146.5 0.072808 3.16007e-05
  148 147.5 0.07363 3.19575e-05
  149 148.5 0.074948 3.25295e-05
  150 149.5 0.075034 3.25668e-05
  151 150.5 0.074534 3.23498e-05
  152 151.5 0.074782 3.24575e-05
  153 152.5 0.074346 3.22682e-05
  154 153.5 0.075038 3.25686e-05
  155 154.5 0.075324 3.26927e-05
  156 155.5 0.076006 3.29887e-05
  157 156.5 0.076498 3.32023e-05
  158 157.5 0.076536 3.32188e-05
  159 158.5 0.076308 3.31198e-05
  160 159.5 0.076394 3.31571e-05
  161 160.5 0.076314 3.31224e-05
  162 161.5 0.07486 3.24913e-05
  163 162.5 0.076916 3.33837e-05
  164 163.5 0.076626 3.32578e-05
  165 164.5 0.076632 3.32604e-05
  166 165.5 0.073574 3.19332e-05
  167 166.5 0.07407 3.21484e-05
  168 167.5 0.075438 3.27422e-05
  169 168.5 0.075296 3.26806e-05
  170 169.5 0.078746 3.4178e-05
  171 170.5 0.077312 3.35556e-05
  172 171.5 0.07717 3.34939e-05
  173 172.5 0.074896 3.25069e-05
  174 173.5 0.075556 3.27934e-05
  175 174.5 0.075652 3.28351e-05
  176 175.5 0.075752 3.28785e-05
  177 176.5 0.076492 3.31997e-05
  178 177.5 0.0775 3.36372e-05
  179 178.5 0.075504 3.27708e-05
  180 179.5 0.075672 3.28438e-05
  181 180.5 0.07551 3.27734e-05
  182 181.5 0.076372 3.31476e-05
  183 182.5 0.078034 3.38689e-05
  184 183.5 0.077234 3.35217e-05
  185 184.5 0.079294 3.44158e-05
  186 185.5 0.078738 3.41745e-05
  187 186.5 0.07641 3.31641e-05
  188 187.5 0.075084 3.25885e-05
  189 188.5 0.076826 3.33446e-05
  190 189.5 0.075896 3.2941e-05
  191 190.5 0.07904 3.43056e-05
  192 191.5 0.080304 3.48542e-05
  193 192.5 0.078768 3.41875e-05
  194 193.5 0.077564 3.36649e-05
  195 194.5 0.077576 3.36701e-05
  196 195.5 0.079094 3.4329e-05
  197 196.5 0.080346 3.48724e-05
  198 197.5 0.081816 3.55104e-05
  199 198.5 0.07898 3.42795e-05
  200 199.5 0.077832 3.37812e-05
  201 200.5 0.078446 3.40477e-05
  202 201.5 0.07894 3.42622e-05
  203 202.5 0.082834 3.59523e-05
  204 203.5 0.080896 3.51111e-05
  205 204.5 0.078346 3.40043e-05
  206 205.5 0.077848 3.37882e-05
  207 206.5 0.07848 3.40625e-05
  208 207.5 0.07933 3.44314e-05
  209 208.5 0.078304 3.39861e-05
  210 209.5 0.081218 3.52509e-05
  211 210.5 0.081386 3.53238e-05
  212 211.5 0.078844 3.42205e-05
  213 212.5 0.080436 3.49115e-05
  214 213.5 0.079778 3.46259e-05
  215 214.5 0.075148 3.26163e-05
  216 215.5 0.07512 3.26042e-05
  217 216.5 0.075018 3.25599e-05
  218 217.5 0.074314 3.22543e-05
  219 218.5 0.077272 3.35382e-05
  220 219.5 0.076892 3.33733e-05
  221 220.5 0.075838 3.29158e-05
  222 221.5 0.077096 3.34618e-05
  223 222.5 0.07676 3.3316e-05
  224 223.5 0.076288 3.31111e-05
  225 224.5 0.08066 3.50087e-05
  226 225.5 0.086054 3.73498e-05
  227 226.5 0.0883 3.83247e-05
  228 227.5 0.093486 4.05755e-05
  229 228.5 0.10639 4.61762e-05
  230 229.5 0.133366 5.78845e-05
  231 230.5 0.195378 8.47995e-05
  232 231.5 0.327518 0.000142152
  233 232.5 0.610424 0.000264941
  234 233.5 1.16365 0.000505057
  235 234.5 2.12568 0.000922605
  236 235.5 3.57493 0.00155162
  237 236.5 5.37734 0.00233392
  238 237.5 7.22399 0.00313541
  239 238.5 8.66722 0.00376181
  240 239.5 9.39238 0.00407655
  241 240.5 9.40056 0.0040801
  242 241.5 8.84805 0.0038403
  243 242.5 8.03369 0.00348684
  244 243.5 7.15338 0.00310477
  245 244.5 6.31308 0.00274005
  246 245.5 5.58664 0.00242476
  247 246.5 5.03024 0.00218326
  248 247.5 4.56823 0.00198274
  249 248.5 4.2133 0.00182869
  250 249.5 3.94188 0.00171089
  251 250.5 3.7339 0.00162062
  252 251.5 3.58158 0.0015545
  253 252.5 3.47901 0.00150999
  254 253.5 3.37284 0.00146391
  255 254.5 3.26338 0.0014164
  256 255.5 3.19594 0.00138713
  257 256.5 3.13519 0.00136076
  258 257.5 3.12168 0.00135489
  259 258.5 3.11969 0.00135403
  260 259.5 3.13285 0.00135974
  261 260.5 3.16707 0.0013746
  262 261.5 3.17429 0.00137773
  263 262.5 3.15923 0.00137119
  264 263.5 3.14495 0.001365
  265 264.5 3.14316 0.00136422
  266 265.5 3.16946 0.00137563
  267 266.5 3.16816 0.00137507
  268 267.5 3.14053 0.00136308
  269 268.5 3.12672 0.00135709
  270 269.5 3.11915 0.0013538
  271 270.5 3.12561 0.0013566
  272 271.5 3.11977 0.00135407
  273 272.5 3.11165 0.00135054
  274 273.5 3.11665 0.00135271
  275 274.5 3.14374 0.00136447
  276 275.5 3.14329 0.00136428
  277 276.5 3.15347 0.0013687
  278 277.5 3.18461 0.00138221
  279 278.5 3.21643 0.00139602
  280 279.5 3.19718 0.00138766
  281 280.5 3.21489 0.00139535
  282 281.5 3.2373 0.00140508
  283 282.5 3.22992 0.00140187
  284 283.5 3.2472 0.00140938
  285 284.5 3.31074 0.00143695
  286 285.5 3.32625 0.00144368
  287 286.5 3.31503 0.00143881
  288 287.5 3.29492 0.00143009
  289 288.5 3.29445 0.00142988
  290 289.5 3.29584 0.00143049
  291 290.5 3.2845 0.00142556
  292 291.5 3.30851 0.00143598
  293 292.5 3.30213 0.00143321
  294 293.5 3.30891 0.00143616
  295 294.5 3.33143 0.00144593
  296 295.5 3.31949 0.00144075
  297 296.5 3.33114 0.00144581
  298 297.5 3.33499 0.00144748
  299 298.5 3.35099 0.00145442
  300 299.5 3.38103 0.00146746
  301 300.5 3.42547 0.00148675
  302 301.5 3.4618 0.00150252
  303 302.5 3.49745 0.00151799
  304 303.5 3.48524 0.00151269
  305 304.5 3.47143 0.0015067
  306 305.5 3.44419 0.00149487
  307 306.5 3.42837 0.00148801
  308 307.5 3.43772 0.00149207
  309 308.5 3.40124 0.00147623
  310 309.5 3.38227 0.001468
  311 310.5 3.36887 0.00146218
  312 311.5 3.35404 0.00145574
  313 312.5 3.36687 0.00146132
  314 313.5 3.37746 0.00146591
  315 314.5 3.4117 0.00148077
  316 315.5 3.42552 0.00148677
  317 316.5 3.4159 0.00148259
  318 317.5 3.42768 0.00148771
  319 318.5 3.39074 0.00147168
  320 319.5 3.39115 0.00147185
  321 320.5 3.36888 0.00146219
  322 321.5 3.34626 0.00145237
  323 322.5 3.35149 0.00145464
  324 323.5 3.35526 0.00145628
  325 324.5 3.34064 0.00144993
  326 325.5 3.37839 0.00146632
  327 326.5 3.39389 0.00147304
  328 327.5 3.41526 0.00148232
  329 328.5 3.41711 0.00148312
  330 329.5 3.45457 0.00149938
  331 330.5 3.48913 0.00151438
  332 331.5 3.50996 0.00152342
  333 332.5 3.5213 0.00152834
  334 333.5 3.53756 0.0015354
  335 334.5 3.52981 0.00153204
  336 335.5 3.54292 0.00153773
  337 336.5 3.5514 0.00154141
  338 337.5 3.55408 0.00154257
  339 338.5 3.57674 0.00155241
  340 339.5 3.564 0.00154688
  341 340.5 3.58497 0.00155598
  342 341.5 3.58789 0.00155724
  343 342.5 3.60105 0.00156295
  344 343.5 3.63468 0.00157755
  345 344.5 3.64455 0.00158184
  346 345.5 3.65393 0.00158591
  347 346.5 3.67819 0.00159644
  348 347.5 3.67592 0.00159545
  349 348.5 3.67875 0.00159668
  350 349.5 3.67182 0.00159367
  351 350.5 3.64227 0.00158085
  352 351.5 3.59448 0.0015601
  353 352.5 3.58044 0.00155401
  354 353.5 3.54959 0.00154062
  355 354.5 3.53058 0.00153237
  356 355.5 3.52176 0.00152854
  357 356.5 3.47412 0.00150787
  358 357.5 3.49691 0.00151775
  359 358.5 3.49284 0.00151599
  360 359.5 3.50631 0.00152184
  361 360.5 3.50109 0.00151957
  362 361.5 3.47852 0.00150977
  363 362.5 3.47323 0.00150748
  364 363.5 3.45552 0.00149979
  365 364.5 3.47003 0.00150609
  366 365.5 3.46737 0.00150493
  367 366.5 3.47209 0.00150698
  368 367.5 3.4666 0.0015046
  369 368.5 3.51147 0.00152408
  370 369.5 3.5268 0.00153073
  371 370.5 3.49794 0.0015182
  372 371.5 3.50925 0.00152311
  373 372.5 3.51523 0.00152571
  374 373.5 3.51413 0.00152523
  375 374.5 3.53004 0.00153214
  376 375.5 3.5256 0.00153021
  377 376.5 3.54039 0.00153663
  378 377.5 3.5324 0.00153316
  379 378.5 3.54224 0.00153743
  380 379.5 3.6193 0.00157088
  381 380.5 3.69034 0.00160171
  382 381.5 3.75595 0.00163019
  383 382.5 3.84659 0.00166953
  384 383.5 3.97264 0.00172424
  385 384.5 4.121 0.00178863
  386 385.5 4.29189 0.0018628
  387 386.5 4.54926 0.0019745
  388 387.5 4.90204 0.00212762
  389 388.5 5.29987 0.00230029
  390 389.5 5.8618 0.00254418
  391 390.5 6.56615 0.00284989
  392 391.5 7.49651 0.0032537
  393 392.5 8.58643 0.00372675
  394 393.5 9.90611 0.00429953
  395 394.5 11.4497 0.00496949
  396 395.5 13.2107 0.0057338
  397 396.5 15.1127 0.00655935
  398 397.5 17.2296 0.00747812
  399 398.5 19.4611 0.00844668
  400 399.5 21.5488 0.00935278
  401 400.5 23.5509 0.0102217
  402 401.5 25.3922 0.0110209
  403 402.5 27.0923 0.0117588
  404 403.5 28.507 0.0123728
  405 404.5 29.7075 0.0128939
  406 405.5 30.673 0.0133129
  407 406.5 31.3917 0.0136249
  408 407.5 31.9776 0.0138792
  409 408.5 32.4813 0.0140978
  410 409.5 32.8138 0.0142421
  411 410.5 33.0649 0.0143511
  412 411.5 33.2716 0.0144408
  413 412.5 33.404 0.0144983
  414 413.5 33.4961 0.0145382
  415 414.5 33.6322 0.0145973
  416 415.5 33.6975 0.0146256
  417 416.5 33.7042 0.0146286
  418 417.5 33.753 0.0146498
  419 418.5 33.8227 0.01468
  420 419.5 33.7359 0.0146423
  421 420.5 33.7297 0.0146396
  422 421.5 33.786 0.0146641
  423 422.5 33.7293 0.0146395
  424 423.5 33.6689 0.0146132
  425 424.5 33.6999 0.0146267
  426 425.5 33.7301 0.0146398
  427 426.5 33.569 0.0145699
  428 427.5 33.5489 0.0145612
  429 428.5 33.6431 0.014602
  430 429.5 33.5985 0.0145827
  431 430.5 33.5194 0.0145483
  432 431.5 33.6044 0.0145852
  433 432.5 33.6604 0.0146095
  434 433.5 33.5596 0.0145658
  435 434.5 33.5641 0.0145677
  436 435.5 33.6838 0.0146197
  437 436.5 33.6003 0.0145835
  438 437.5 33.5297 0.0145528
  439 438.5 33.6872 0.0146212
  440 439.5 33.7353 0.0146421
  441 440.5 33.6183 0.0145913
  442 441.5 33.7009 0.0146271
  443 442.5 33.7835 0.014663
  444 443.5 33.7781 0.0146606
  445 444.5 33.7274 0.0146386
  446 445.5 33.7448 0.0146462
  447 446.5 33.8079 0.0146736
  448 447.5 33.7667 0.0146557
  449 448.5 33.7204 0.0146356
  450 449.5 33.794 0.0146675
  451 450.5 33.7455 0.0146465
  452 451.5 33.6764 0.0146165
  453 452.5 33.6752 0.014616
  454 453.5 33.7479 0.0146475
  455 454.5 33.599 0.0145829
  456 455.5 33.5834 0.0145761
  457 456.5 33.6635 0.0146109
  458 457.5 33.6201 0.0145921
  459 458.5 33.5684 0.0145696
  460 459.5 33.6634 0.0146108
  461 460.5 33.63 0.0145964
  462 461.5 33.6677 0.0146127
  463 462.5 33.6737 0.0146153
  464 463.5 33.696 0.014625
  465 464.5 33.68 0.0146181
  466 465.5 33.7228 0.0146366
  467 466.5 33.7055 0.0146291
  468 467.5 33.7232 0.0146368
  469 468.5 33.6956 0.0146248
  470 469.5 33.7602 0.0146529
  471 470.5 33.7128 0.0146323
  472 471.5 33.7303 0.0146399
  473 472.5 33.779 0.014661
  474 473.5 33.7664 0.0146555
  475 474.5 33.7043 0.0146286
  476 475.5 33.7157 0.0146336
  477 476.5 33.7304 0.0146399
  478 477.5 33.6507 0.0146053
  479 478.5 33.6542 0.0146068
  480 479.5 33.6259 0.0145946
30000000 480 5939
  1 0.5 33.7145 0.014633
  2 1.5 33.6719 0.0146145
  3 2.5 33.7254 0.0146378
  4 3.5 33.7048 0.0146288
  5 4.5 33.7187 0.0146348
  6 5.5 33.7093 0.0146308
  7 6.5 33.7302 0.0146398
  8 7.5 33.7028 0.014628
  9 8.5 33.7295 0.0146395
  10 9.5 33.7223 0.0146364
  11 10.5 33.7315 0.0146404
  12 11.5 33.7264 0.0146382
  13 12.5 33.7247 0.0146374
  14 13.5 33.736 0.0146424
  15 14.5 33.7177 0.0146344
  16 15.5 33.7171 0.0146342
  17 16.5 33.7775 0.0146604
  18 17.5 33.7695 0.0146569
  19 18.5 33.811 0.0146749
  20 19.5 33.7755 0.0146595
  21 20.5 33.7813 0.014662
  22 21.5 33.7714 0.0146577
  23 22.5 33.7959 0.0146684
  24 23.5 33.8058 0.0146726
  25 24.5 33.8419 0.0146883
  26 25.5 33.7831 0.0146628
  27 26.5 33.7608 0.0146531
  28 27.5 33.8097 0.0146744
  29 28.5 33.7935 0.0146673
  30 29.5 33.7707 0.0146574
  31 30.5 33.8687 0.0147
  32 31.5 33.905 0.0147157
  33 32.5 33.8281 0.0146823
  34 33.5 33.8666 0.0146991
  35 34.5 33.9467 0.0147338
  36 35.5 33.8117 0.0146752
  37 36.5 33.8212 0.0146793
  38 37.5 33.9085 0.0147172
  39 38.5 33.8543 0.0146937
  40 39.5 33.8043 0.014672
  41 40.5 33.8737 0.0147021
  42 41.5 33.9072 0.0147167
  43 42.5 33.8584 0.0146955
  44 43.5 33.8434 0.014689
  45 44.5 33.9287 0.014726
  46 45.5 33.8687 0.0147
  47 46.5 33.8301 0.0146832
  48 47.5 33.8438 0.0146892
  49 48.5 33.9046 0.0147155
  50 49.5 33.7583 0.0146521
  51 50.5 33.7814 0.0146621
  52 51.5 33.8677 0.0146995
  53 52.5 33.8852 0.0147071
  54 53.5 33.7628 0.014654
  55 54.5 33.8297 0.014683
  56 55.5 33.8541 0.0146936
  57 56.5 33.7621 0.0146537
  58 57.5 33.713 0.0146324
  59 58.5 33.8021 0.0146711
  60 59.5 33.7492 0.0146481
  61 60.5 33.6463 0.0146034
  62 61.5 33.637 0.0145994
  63 62.5 33.6341 0.0145981
  64 63.5 33.5656 0.0145684
  65 64.5 33.3759 0.0144861
  66 65.5 33.3299 0.0144661
  67 66.5 33.2549 0.0144336
  68 67.5 32.9733 0.0143113
  69 68.5 32.7677 0.0142221
  70 69.5 32.5096 0.0141101
  71 70.5 31.9839 0.0138819
  72 71.5 31.249 0.0135629
  73 72.5 30.4033 0.0131959
  74 73.5 29.2248 0.0126844
  75 74.5 27.5259 0.011947
  76 75.5 25.2871 0.0109753
  77 76.5 22.231 0.00964886
  78 77.5 18.2708 0.00793005
  79 78.5 13.7061 0.00594882
  80 79.5 9.23489 0.0040082
  81 80.5 5.53803 0.00240366
  82 81.5 2.99969 0.00130195
  83 82.5 1.50766 0.000654366
  84 83.5 0.727552 0.000315778
  85 84.5 0.366616 0.000159122
  86 85.5 0.205342 8.91241e-05
  87 86.5 0.13598 5.90191e-05
  88 87.5 0.108466 4.70773e-05
  89 88.5 0.091468 3.96997e-05
  90 89.5 0.08549 3.7105e-05
  91 90.5 0.07891 3.42491e-05
  92 91.5 0.075982 3.29783e-05
  93 92.5 0.075308 3.26858e-05
  94 93.5 0.076758 3.33151e-05
  95 94.5 0.075854 3.29227e-05
  96 95.5 0.074606 3.23811e-05
  97 96.5 0.075334 3.2697e-05
  98 97.5 0.075032 3.2566e-05
  99 98.5 0.074848 3.24861e-05
  100 99.5 0.072572 3.14983e-05
  101 100.5 0.073518 3.19089e-05
  102 101.5 0.072306 3.13828e-05
  103 102.5 0.076366 3.3145e-05
  104 103.5 0.07915 3.43533e-05
  105 104.5 0.078446 3.40477e-05
  106 105.5 0.077774 3.37561e-05
  107 106.5 0.0746 3.23785e-05
  108 107.5 0.075282 3.26745e-05
  109 108.5 0.076034 3.30009e-05
  110 109.5 0.074566 3.23637e-05
  111 110.5 0.076252 3.30955e-05
  112 111.5 0.074978 3.25425e-05
  113 112.5 0.074328 3.22604e-05
  114 113.5 0.07512 3.26042e-05
  115 114.5 0.075242 3.26571e-05
  116 115.5 0.074684 3.24149e-05
  117 116.5 0.07452 3.23438e-05
  118 117.5 0.07395 3.20964e-05
  119 118.5 0.076008 3.29896e-05
  120 119.5 0.074388 3.22865e-05
  121 120.5 0.075682 3.28481e-05
  122 121.5 0.077398 3.35929e-05
  123 122.5 0.075814 3.29054e-05
  124 123.5 0.074222 3.22144e-05
  125 124.5 0.076912 3.33819e-05
  126 125.5 0.07749 3.36328e-05
  127 126.5 0.07891 3.42491e-05
  128 127.5 0.079334 3.44332e-05
  129 128.5 0.078506 3.40738e-05
  130 129.5 0.07673 3.3303e-05
  131 130.5 0.074746 3.24418e-05
  132 131.5 0.075236 3.26545e-05
  133 132.5 0.072156 3.13177e-05
  134 133.5 0.073832 3.20451e-05
  135 134.5 0.072974 3.16727e-05
  136 135.5 0.071572 3.10642e-05
  137 136.5 0.072978 3.16745e-05
  138 137.5 0.074264 3.22326e-05
  139 138.5 0.073762 3.20148e-05
  140 139.5 0.073908 3.20781e-05
  141 140.5 0.074468 3.23212e-05
  142 141.5 0.075858 3.29245e-05
  143 142.5 0.076458 3.31849e-05
  144 143.5 0.07432 3.22569e-05
  145 144.5 0.073758 3.2013e-05
  146 145.5 0.072382 3.14158e-05
  147 146.5 0.071974 3.12387e-05
  148 147.5 0.07281 3.16016e-05
  149 148.5 0.073876 3.20642e-05
  150 149.5 0.076844 3.33524e-05
  151 150.5 0.073006 3.16866e-05
  152 151.5 0.075184 3.26319e-05
  153 152.5 0.074852 3.24878e-05
  154 153.5 0.075472 3.27569e-05
  155 154.5 0.074888 3.25035e-05
  156 155.5 0.076318 3.31241e-05
  157 156.5 0.07691 3.33811e-05
  158 157.5 0.07589 3.29384e-05
  159 158.5 0.076186 3.30668e-05
  160 159.5 0.075886 3.29366e-05
  161 160.5 0.07547 3.27561e-05
  162 161.5 0.07694 3.33941e-05
  163 162.5 0.075974 3.29748e-05
  164 163.5 0.074424 3.23021e-05
  165 164.5 0.07302 3.16927e-05
  166 165.5 0.074356 3.22726e-05
  167 166.5 0.073166 3.17561e-05
  168 167.5 0.074382 3.22839e-05
  169 168.5 0.074276 3.22378e-05
  170 169.5 0.072514 3.14731e-05
  171 170.5 0.072944 3.16597e-05
  172 171.5 0.073066 3.17127e-05
  173 172.5 0.07575 3.28776e-05
  174 173.5 0.072966 3.16693e-05
  175 174.5 0.07369 3.19835e-05
  176 175.5 0.07414 3.21788e-05
  177 176.5 0.072102 3.12943e-05
  178 177.5 0.072038 3.12665e-05
  179 178.5 0.072224 3.13472e-05
  180 179.5 0.072746 3.15738e-05
  181 180.5 0.072584 3.15035e-05
  182 181.5 0.073792 3.20278e-05
  183 182.5 0.07414 3.21788e-05
  184 183.5 0.07335 3.18359e-05
  185 184.5 0.07327 3.18012e-05
  186 185.5 0.073556 3.19253e-05
  187 186.5 0.073364 3.1842e-05
  188 187.5 0.074138 3.2178e-05
  189 188.5 0.075134 3.26102e-05
  190 189.5 0.074348 3.22691e-05
  191 190.5 0.074288 3.22431e-05
  192 191.5 0.076088 3.30243e-05
  193 192.5 0.076706 3.32925e-05
  194 193.5 0.075158 3.26207e-05
  195 194.5 0.075656 3.28368e-05
  196 195.5 0.075284 3.26753e-05
  197 196.5 0.076352 3.31389e-05
  198 197.5 0.075482 3.27613e-05
  199 198.5 0.075708 3.28594e-05
  200 199.5 0.074666 3.24071e-05
  201 200.5 0.074756 3.24462e-05
  202 201.5 0.075858 3.29245e-05
  203 202.5 0.075218 3.26467e-05
  204 203.5 0.077402 3.35946e-05
  205 204.5 0.075362 3.27092e-05
  206 205.5 0.075088 3.25903e-05
  207 206.5 0.07698 3.34115e-05
  208 207.5 0.078398 3.40269e-05
  209 208.5 0.077432 3.36076e-05
  210 209.5 0.07587 3.29297e-05
  211 210.5 0.074714 3.2428e-05
  212 211.5 0.073886 3.20686e-05
  213 212.5 0.07429 3.22439e-05
  214 213.5 0.075474 3.27578e-05
  215 214.5 0.07551 3.27734e-05
  216 215.5 0.076074 3.30182e-05
  217 216.5 0.075736 3.28715e-05
  218 217.5 0.075714 3.2862e-05
  219 218.5 0.077432 3.36076e-05
  220 219.5 0.073558 3.19262e-05
  221 220.5 0.073928 3.20868e-05
  222 221.5 0.074308 3.22517e-05
  223 222.5 0.074268 3.22344e-05
  224 223.5 0.07512 3.26042e-05
  225 224.5 0.075696 3.28542e-05
  226 225.5 0.07683 3.33464e-05
  227 226.5 0.078724 3.41684e-05
  228 227.5 0.083502 3.62422e-05
  229 228.5 0.091996 3.99288e-05
  230 229.5 0.10328 4.48264e-05
  231 230.5 0.130026 5.64349e-05
  232 231.5 0.18337 7.95877e-05
  233 232.5 0.304682 0.00013224
  234 233.5 0.561858 0.000243862
  235 234.5 1.09041 0.000473269
  236 235.5 2.04074 0.000885737
  237 236.5 3.5331 0.00153346
  238 237.5 5.41315 0.00234946
  239 238.5 7.29481 0.00316615
  240 239.5 8.65697 0.00375736
  241 240.5 9.2333 0.00400751
  242 241.5 9.04549 0.00392599
  243 242.5 8.42273 0.0036557
  244 243.5 7.58238 0.00329096
  245 244.5 6.76457 0.00293601
  246 245.5 6.07617 0.00263723
  247 246.5 5.43249 0.00235785
  248 247.5 4.92514 0.00213765
  249 248.5 4.55213 0.00197575
  250 249.5 4.25989 0.00184891
  251 250.5 4.02861 0.00174853
  252 251.5 3.85389 0.0016727
  253 252.5 3.73578 0.00162143
  254 253.5 3.61458 0.00156883
  255 254.5 3.51791 0.00152687
  256 255.5 3.45831 0.001501
  257 256.5 3.42017 0.00148445
  258 257.5 3.4054 0.00147804
  259 258.5 3.37403 0.00146442
  260 259.5 3.33479 0.00144739
  261 260.5 3.3051 0.0014345
  262 261.5 3.28763 0.00142692
  263 262.5 3.25765 0.00141391
  264 263.5 3.22812 0.00140109
  265 264.5 3.20499 0.00139105
  266 265.5 3.2149 0.00139536
  267 266.5 3.19909 0.00138849
  268 267.5 3.20485 0.001391
  269 268.5 3.22309 0.00139891
  270 269.5 3.24015 0.00140632
  271 270.5 3.28812 0.00142713
  272 271.5 3.33804 0.0014488
  273 272.5 3.35343 0.00145548
  274 273.5 3.37749 0.00146593
  275 274.5 3.41331 0.00148147
  276 275.5 3.45546 0.00149977
  277 276.5 3.45566 0.00149985
  278 277.5 3.4779 0.00150951
  279 278.5 3.46803 0.00150522
  280 279.5 3.46529 0.00150403
  281 280.5 3.4599 0.00150169
  282 281.5 3.46716 0.00150484
  283 282.5 3.49195 0.0015156
  284 283.5 3.50619 0.00152178
  285 284.5 3.51322 0.00152484
  286 285.5 3.54498 0.00153862
  287 286.5 3.57962 0.00155366
  288 287.5 3.61489 0.00156896
  289 288.5 3.61876 0.00157064
  290 289.5 3.63652 0.00157835
  291 290.5 3.6296 0.00157535
  292 291.5 3.61282 0.00156806
  293 292.5 3.56908 0.00154908
  294 293.5 3.55661 0.00154367
  295 294.5 3.54735 0.00153965
  296 295.5 3.48557 0.00151284
  297 296.5 3.45606 0.00150002
  298 297.5 3.45964 0.00150158
  299 298.5 3.46214 0.00150266
  300 299.5 3.41728 0.00148319
  301 300.5 3.41426 0.00148188
  302 301.5 3.44463 0.00149507
  303 302.5 3.47878 0.00150989
  304 303.5 3.49267 0.00151592
  305 304.5 3.52008 0.00152781
  306 305.5 3.53613 0.00153478
  307 306.5 3.56355 0.00154668
  308 307.5 3.56861 0.00154888
  309 308.5 3.55298 0.00154209
  310 309.5 3.55782 0.00154419
  311 310.5 3.57453 0.00155145
  312 311.5 3.59249 0.00155924
  313 312.5 3.58239 0.00155486
  314 313.5 3.56732 0.00154832
  315 314.5 3.54564 0.0015389
  316 315.5 3.55158 0.00154148
  317 316.5 3.557 0.00154384
  318 317.5 3.53693 0.00153513
  319 318.5 3.53352 0.00153365
  320 319.5 3.50803 0.00152258
  321 320.5 3.51289 0.00152469
  322 321.5 3.52834 0.0015314
  323 322.5 3.55736 0.00154399
  324 323.5 3.58748 0.00155706
  325 324.5 3.58602 0.00155643
  326 325.5 3.58571 0.0015563
  327 326.5 3.63725 0.00157867
  328 327.5 3.67494 0.00159502
  329 328.5 3.7011 0.00160638
  330 329.5 3.71313 0.0016116
  331 330.5 3.75819 0.00163116
  332 331.5 3.76453 0.00163391
  333 332.5 3.78424 0.00164247
  334 333.5 3.81309 0.00165499
  335 334.5 3.81964 0.00165783
  336 335.5 3.83888 0.00166618
  337 336.5 3.8207 0.00165829
  338 337.5 3.81054 0.00165388
  339 338.5 3.80563 0.00165175
  340 339.5 3.77319 0.00163767
  341 340.5 3.81087 0.00165402
  342 341.5 3.81962 0.00165782
  343 342.5 3.81579 0.00165616
  344 343.5 3.83481 0.00166441
  345 344.5 3.82696 0.00166101
  346 345.5 3.79887 0.00164882
  347 346.5 3.78063 0.0016409
  348 347.5 3.77476 0.00163835
  349 348.5 3.75694 0.00163062
  350 349.5 3.72923 0.00161859
  351 350.5 3.71909 0.00161419
  352 351.5 3.70973 0.00161012
  353 352.5 3.66296 0.00158983
  354 353.5 3.62663 0.00157406
  355 354.5 3.61991 0.00157114
  356 355.5 3.60993 0.00156681
  357 356.5 3.6323 0.00157652
  358 357.5 3.62068 0.00157147
  359 358.5 3.62035 0.00157133
  360 359.5 3.61335 0.00156829
  361 360.5 3.62175 0.00157194
  362 361.5 3.61941 0.00157093
  363 362.5 3.61865 0.00157059
  364 363.5 3.58031 0.00155395
  365 364.5 3.59985 0.00156244
  366 365.5 3.62037 0.00157134
  367 366.5 3.6259 0.00157374
  368 367.5 3.62954 0.00157532
  369 368.5 3.64483 0.00158196
  370 369.5 3.64007 0.00157989
  371 370.5 3.61015 0.00156691
  372 371.5 3.61432 0.00156871
  373 372.5 3.61473 0.00156889
  374 373.5 3.59649 0.00156098
  375 374.5 3.58771 0.00155716
  376 375.5 3.55863 0.00154454
  377 376.5 3.54936 0.00154052
  378 377.5 3.57821 0.00155304
  379 378.5 3.58631 0.00155656
  380 379.5 3.60077 0.00156283
  381 380.5 3.63474 0.00157758
  382 381.5 3.65375 0.00158583
  383 382.5 3.71225 0.00161122
  384 383.5 3.76834 0.00163557
  385 384.5 3.83033 0.00166247
  386 385.5 3.95059 0.00171466
  387 386.5 4.11096 0.00178427
  388 387.5 4.30227 0.00186731
  389 388.5 4.54216 0.00197143
  390 389.5 4.81663 0.00209055
  391 390.5 5.18348 0.00224977
  392 391.5 5.63914 0.00244754
  393 392.5 6.23526 0.00270627
  394 393.5 7.03668 0.00305411
  395 394.5 8.03328 0.00348667
  396 395.5 9.22785 0.00400514
  397 396.5 10.6768 0.00463401
  398 397.5 12.3225 0.00534831
  399 398.5 14.1639 0.00614752
  400 399.5 16.258 0.00705643
  401 400.5 18.3635 0.00797026
  402 401.5 20.4859 0.00889143
  403 402.5 22.5488 0.0097868
  404 403.5 24.4917 0.0106301
  405 404.5 26.2344 0.0113865
  406 405.5 27.6853 0.0120162
  407 406.5 28.9365 0.0125593
  408 407.5 30.0022 0.0130218
  409 408.5 30.8678 0.0133975
  410 409.5 31.4857 0.0136657
  411 410.5 31.9924 0.0138856
  412 411.5 32.4324 0.0140766
  413 412.5 32.7039 0.0141944
  414 413.5 32.9086 0.0142833
  415 414.5 33.1274 0.0143782
  416 415.5 33.3118 0.0144583
  417 416.5 33.3857 0.0144903
  418 417.5 33.4781 0.0145304
  419 418.5 33.527 0.0145516
  420 419.5 33.6047 0.0145854
  421 420.5 33.6095 0.0145874
  422 421.5 33.6837 0.0146197
  423 422.5 33.7421 0.014645
  424 423.5 33.7242 0.0146373
  425 424.5 33.781 0.0146619
  426 425.5 33.8232 0.0146802
  427 426.5 33.8532 0.0146932
  428 427.5 33.8632 0.0146976
  429 428.5 33.9139 0.0147196
  430 429.5 33.8869 0.0147079
  431 430.5 33.892 0.01471
  432 431.5 33.8705 0.0147007
  433 432.5 33.8473 0.0146907
  434 433.5 33.8772 0.0147036
  435 434.5 33.8153 0.0146768
  436 435.5 33.8315 0.0146838
  437 436.5 33.8572 0.014695
  438 437.5 33.8156 0.0146769
  439 438.5 33.8282 0.0146824
  440 439.5 33.8369 0.0146861
  441 440.5 33.8135 0.014676
  442 441.5 33.8397 0.0146874
  443 442.5 33.9099 0.0147179
  444 443.5 33.8261 0.0146815
  445 444.5 33.7914 0.0146664
  446 445.5 33.8799 0.0147048
  447 446.5 33.8488 0.0146913
  448 447.5 33.7695 0.0146569
  449 448.5 33.8564 0.0146946
  450 449.5 33.8819 0.0147057
  451 450.5 33.8504 0.014692
  452 451.5 33.8382 0.0146867
  453 452.5 33.9389 0.0147304
  454 453.5 33.9483 0.0147345
  455 454.5 33.8357 0.0146856
  456 455.5 33.8775 0.0147038
  457 456.5 33.8758 0.014703
  458 457.5 33.8379 0.0146866
  459 458.5 33.8636 0.0146978
  460 459.5 33.9052 0.0147158
  461 460.5 33.8742 0.0147023
  462 461.5 33.9249 0.0147243
  463 462.5 33.8815 0.0147055
  464 463.5 33.8849 0.014707
  465 464.5 33.8607 0.0146965
  466 465.5 33.8984 0.0147128
  467 466.5 33.9024 0.0147146
  468 467.5 33.9009 0.0147139
  469 468.5 33.9448 0.014733
  470 469.5 33.8926 0.0147103
  471 470.5 33.8788 0.0147043
  472 471.5 33.8886 0.0147086
  473 472.5 33.895 0.0147114
  474 473.5 33.8728 0.0147017
  475 474.5 33.8724 0.0147016
  476 475.5 33.8543 0.0146937
  477 476.5 33.8628 0.0146974
  478 477.5 33.7655 0.0146552
  479 478.5 33.7354 0.0146421
  480 479.5 33.7231 0.0146368
40000000 480 5939
  1 0.5 33.5511 0.0145621
  2 1.5 33.5711 0.0145708
  3 2.5 33.5312 0.0145535
  4 3.5 33.5638 0.0145676
  5 4.5 33.5959 0.0145815
  6 5.5 33.5415 0.0145579
  7 6.5 33.5531 0.014563
  8 7.5 33.5927 0.0145802
  9 8.5 33.5273 0.0145518
  10 9.5 33.5148 0.0145464
  11 10.5 33.5812 0.0145752
  12 11.5 33.5192 0.0145483
  13 12.5 33.4846 0.0145333
  14 13.5 33.5343 0.0145548
  15 14.5 33.6049 0.0145855
  16 15.5 33.5911 0.0145795
  17 16.5 33.6369 0.0145994
  18 17.5 33.6593 0.0146091
  19 18.5 33.718 0.0146346
  20 19.5 33.694 0.0146241
  21 20.5 33.6794 0.0146178
  22 21.5 33.6722 0.0146147
  23 22.5 33.6937 0.014624
  24 23.5 33.6425 0.0146018
  25 24.5 33.5672 0.0145691
  26 25.5 33.586 0.0145772
  27 26.5 33.6138 0.0145893
  28 27.5 33.5581 0.0145652
  29 28.5 33.5405 0.0145575
  30 29.5 33.6032 0.0145847
  31 30.5 33.6018 0.0145841
  32 31.5 33.6005 0.0145836
  33 32.5 33.6359 0.0145989
  34 33.5 33.6902 0.0146225
  35 34.5 33.671 0.0146142
  36 35.5 33.7043 0.0146286
  37 36.5 33.7447 0.0146462
  38 37.5 33.7884 0.0146651
  39 38.5 33.8096 0.0146743
  40 39.5 33.8068 0.0146731
  41 40.5 33.8387 0.014687
  42 41.5 33.8151 0.0146767
  43 42.5 33.7812 0.014662
  44 43.5 33.8125 0.0146756
  45 44.5 33.8388 0.014687
  46 45.5 33.7952 0.0146681
  47 46.5 33.7971 0.0146689
  48 47.5 33.8069 0.0146732
  49 48.5 33.8386 0.0146869
  50 49.5 33.8122 0.0146754
  51 50.5 33.7931 0.0146671
  52 51.5 33.7874 0.0146647
  53 52.5 33.8105 0.0146747
  54 53.5 33.7463 0.0146468
  55 54.5 33.7722 0.0146581
  56 55.5 33.7879 0.0146649
  57 56.5 33.7134 0.0146325
  58 57.5 33.7023 0.0146277
  59 58.5 33.6996 0.0146266
  60 59.5 33.6642 0.0146112
  61 60.5 33.6848 0.0146201
  62 61.5 33.7261 0.0146381
  63 62.5 33.6414 0.0146013
  64 63.5 33.547 0.0145603
  65 64.5 33.5335 0.0145544
  66 65.5 33.4693 0.0145266
  67 66.5 33.3753 0.0144858
  68 67.5 33.2792 0.0144441
  69 68.5 33.1687 0.0143961
  70 69.5 33.0211 0.0143321
  71 70.5 32.7543 0.0142163
  72 71.5 32.4433 0.0140813
  73 72.5 32.0076 0.0138922
  74 73.5 31.4358 0.013644
  75 74.5 30.5653 0.0132662
  76 75.5 29.4522 0.0127831
  77 76.5 27.9419 0.0121276
  78 77.5 25.8401 0.0112153
  79 78.5 23.0551 0.0100066
  80 79.5 19.4229 0.00843008
  81 80.5 15.1396 0.00657102
  82 81.5 10.6982 0.00464333
  83 82.5 6.8077 0.00295473
  84 83.5 3.88438 0.00168593
  85 84.5 2.01241 0.000873443
  86 85.5 0.989768 0.000429587
  87 86.5 0.48954 0.000212474
  88 87.5 0.262284 0.000113839
  89 88.5 0.165516 7.18385e-05
  90 89.5 0.121258 5.26293e-05
  91 90.5 0.09908 4.30035e-05
  92 91.5 0.088538 3.8428e-05
  93 92.5 0.083876 3.64045e-05
  94 93.5 0.081404 3.53316e-05
  95 94.5 0.08071 3.50304e-05
  96 95.5 0.079454 3.44852e-05
  97 96.5 0.079042 3.43064e-05
  98 97.5 0.079018 3.4296e-05
  99 98.5 0.080574 3.49714e-05
  100 99.5 0.077156 3.34878e-05
  101 100.5 0.078202 3.39418e-05
  102 101.5 0.075782 3.28915e-05
  103 102.5 0.077008 3.34236e-05
  104 103.5 0.077234 3.35217e-05
  105 104.5 0.077654 3.3704e-05
  106 105.5 0.079664 3.45764e-05
  107 106.5 0.078924 3.42552e-05
  108 107.5 0.077722 3.37335e-05
  109 108.5 0.07777 3.37543e-05
  110 109.5 0.077198 3.35061e-05
  111 110.5 0.077442 3.3612e-05
  112 111.5 0.07517 3.26259e-05
  113 112.5 0.074438 3.23082e-05
  114 113.5 0.07621 3.30773e-05
  115 114.5 0.075304 3.2684e-05
  116 115.5 0.075126 3.26068e-05
  117 116.5 0.07714 3.34809e-05
  118 117.5 0.078142 3.39158e-05
  119 118.5 0.07661 3.32509e-05
  120 119.5 0.075946 3.29627e-05
  121 120.5 0.07717 3.34939e-05
  122 121.5 0.077346 3.35703e-05
  123 122.5 0.075856 3.29236e-05
  124 123.5 0.073924 3.20851e-05
  125 124.5 0.074242 3.22231e-05
  126 125.5 0.075326 3.26936e-05
  127 126.5 0.076424 3.31701e-05
  128 127.5 0.076198 3.3072e-05
  129 128.5 0.075974 3.29748e-05
  130 129.5 0.077252 3.35295e-05
  131 130.5 0.077912 3.3816e-05
  132 131.5 0.074894 3.25061e-05
  133 132.5 0.075202 3.26398e-05
  134 133.5 0.078092 3.38941e-05
  135 134.5 0.07547 3.27561e-05
  136 135.5 0.076548 3.3224e-05
  137 136.5 0.077356 3.35747e-05
  138 137.5 0.077008 3.34236e-05
  139 138.5 0.07544 3.27431e-05
  140 139.5 0.076554 3.32266e-05
  141 140.5 0.074718 3.24297e-05
  142 141.5 0.07508 3.25868e-05
  143 142.5 0.076072 3.30174e-05
  144 143.5 0.077612 3.36858e-05
  145 144.5 0.077824 3.37778e-05
  146 145.5 0.078362 3.40113e-05
  147 146.5 0.075636 3.28281e-05
  148 147.5 0.07555 3.27908e-05
  149 148.5 0.075316 3.26892e-05
  150 149.5 0.074848 3.24861e-05
  151 150.5 0.074272 3.22361e-05
  152 151.5 0.07574 3.28733e-05
  153 152.5 0.074526 3.23464e-05
  154 153.5 0.075102 3.25964e-05
  155 154.5 0.075812 3.29045e-05
  156 155.5 0.075612 3.28177e-05
  157 156.5 0.075784 3.28924e-05
  158 157.5 0.074096 3.21597e-05
  159 158.5 0.075082 3.25877e-05
  160 159.5 0.07675 3.33116e-05
  161 160.5 0.074584 3.23715e-05
  162 161.5 0.075018 3.25599e-05
  163 162.5 0.076494 3.32005e-05
  164 163.5 0.076716 3.32969e-05
  165 164.5 0.076764 3.33177e-05
  166 165.5 0.077556 3.36615e-05
  167 166.5 0.07598 3.29774e-05
  168 167.5 0.07586 3.29253e-05
  169 168.5 0.074334 3.2263e-05
  170 169.5 0.075234 3.26536e-05
  171 170.5 0.075294 3.26797e-05
  172 171.5 0.075814 3.29054e-05
  173 172.5 0.073878 3.20651e-05
  174 173.5 0.075262 3.26658e-05
  175 174.5 0.07359 3.19401e-05
  176 175.5 0.075268 3.26684e-05
  177 176.5 0.072608 3.15139e-05
  178 177.5 0.074638 3.2395e-05
  179 178.5 0.0767 3.32899e-05
  180 179.5 0.075008 3.25556e-05
  181 180.5 0.076576 3.32361e-05
  182 181.5 0.07691 3.33811e-05
  183 182.5 0.07614 3.30469e-05
  184 183.5 0.077706 3.37266e-05
  185 184.5 0.07864 3.41319e-05
  186 185.5 0.077804 3.37691e-05
  187 186.5 0.076324 3.31267e-05
  188 187.5 0.076544 3.32222e-05
  189 188.5 0.076002 3.2987e-05
  190 189.5 0.074488 3.23299e-05
  191 190.5 0.074768 3.24514e-05
  192 191.5 0.07404 3.21354e-05
  193 192.5 0.07448 3.23264e-05
  194 193.5 0.074196 3.22031e-05
  195 194.5 0.075944 3.29618e-05
  196 195.5 0.077768 3.37535e-05
  197 196.5 0.076112 3.30347e-05
  198 197.5 0.07394 3.2092e-05
  199 198.5 0.074274 3.2237e-05
  200 199.5 0.075364 3.27101e-05
  201 200.5 0.0745 3.23351e-05
  202 201.5 0.074952 3.25313e-05
  203 202.5 0.075848 3.29201e-05
  204 203.5 0.076286 3.31102e-05
  205 204.5 0.07647 3.31901e-05
  206 205.5 0.075222 3.26484e-05
  207 206.5 0.073882 3.20668e-05
  208 207.5 0.073892 3.20712e-05
  209 208.5 0.07568 3.28472e-05
  210 209.5 0.074296 3.22465e-05
  211 210.5 0.07416 3.21875e-05
  212 211.5 0.07321 3.17752e-05
  213 212.5 0.073322 3.18238e-05
  214 213.5 0.074754 3.24453e-05
  215 214.5 0.074156 3.21858e-05
  216 215.5 0.07417 3.21918e-05
  217 216.5 0.072558 3.14922e-05
  218 217.5 0.072308 3.13837e-05
  219 218.5 0.072466 3.14523e-05
  220 219.5 0.07294 3.1658e-05
  221 220.5 0.073406 3.18602e-05
  222 221.5 0.073736 3.20035e-05
  223 222.5 0.07382 3.20399e-05
  224 223.5 0.07512 3.26042e-05
  225 224.5 0.076114 3.30356e-05
  226 225.5 0.074946 3.25286e-05
  227 226.5 0.076946 3.33967e-05
  228 227.5 0.078874 3.42335e-05
  229 228.5 0.078868 3.42309e-05
  230 229.5 0.08046 3.49219e-05
  231 230.5 0.086212 3.74184e-05
  232 231.5 0.100706 4.37092e-05
  233 232.5 0.122612 5.3217e-05
  234 233.5 0.169612 7.36163e-05
  235 234.5 0.27795 0.000120638
  236 235.5 0.512234 0.000222324
  237 236.5 0.979562 0.000425157
  238 237.5 1.83222 0.000795234
  239 238.5 3.15693 0.0013702
  240 239.5 4.90076 0.00212707
  241 240.5 6.78192 0.00294354
  242 241.5 8.29614 0.00360075
  243 242.5 9.10799 0.00395312
  244 243.5 9.09235 0.00394633
  245 244.5 8.56021 0.00371537
  246 245.5 7.80118 0.00338593
  247 246.5 6.93278 0.00300902
  248 247.5 6.10985 0.00265184
  249 248.5 5.43386 0.00235845
  250 249.5 4.89525 0.00212468
  251 250.5 4.46252 0.00193686
  252 251.5 4.15181 0.001802
  253 252.5 3.9154 0.00169939
  254 253.5 3.73816 0.00162247
  255 254.5 3.58449 0.00155577
  256 255.5 3.48262 0.00151155
  257 256.5 3.40461 0.00147769
  258 257.5 3.38041 0.00146719
  259 258.5 3.32769 0.00144431
  260 259.5 3.30984 0.00143656
  261 260.5 3.29609 0.00143059
  262 261.5 3.28168 0.00142434
  263 262.5 3.26151 0.00141558
  264 263.5 3.2678 0.00141832
  265 264.5 3.23788 0.00140533
  266 265.5 3.23257 0.00140302
  267 266.5 3.23501 0.00140408
  268 267.5 3.23229 0.0014029
  269 268.5 3.23677 0.00140485
  270 269.5 3.19624 0.00138726
  271 270.5 3.19723 0.00138769
  272 271.5 3.20194 0.00138973
  273 272.5 3.20025 0.001389
  274 273.5 3.1937 0.00138615
  275 274.5 3.18703 0.00138326
  276 275.5 3.18381 0.00138186
  277 276.5 3.19579 0.00138706
  278 277.5 3.1571 0.00137027
  279 278.5 3.14547 0.00136522
  280 279.5 3.18801 0.00138368
  281 280.5 3.2133 0.00139466
  282 281.5 3.24435 0.00140814
  283 282.5 3.23618 0.00140459
  284 283.5 3.24825 0.00140983
  285 284.5 3.25825 0.00141417
  286 285.5 3.25508 0.0014128
  287 286.5 3.26809 0.00141844
  288 287.5 3.28732 0.00142679
  289 288.5 3.3244 0.00144288
  290 289.5 3.34341 0.00145113
  291 290.5 3.37084 0.00146304
  292 291.5 3.40111 0.00147618
  293 292.5 3.4052 0.00147795
  294 293.5 3.40371 0.00147731
  295 294.5 3.42249 0.00148546
  296 295.5 3.43325 0.00149013
  297 296.5 3.4164 0.00148281
  298 297.5 3.42361 0.00148594
  299 298.5 3.44003 0.00149307
  300 299.5 3.43786 0.00149213
  301 300.5 3.43904 0.00149264
  302 301.5 3.43076 0.00148904
  303 302.5 3.43143 0.00148934
  304 303.5 3.42906 0.00148831
  305 304.5 3.43882 0.00149254
  306 305.5 3.41258 0.00148116
  307 306.5 3.39443 0.00147328
  308 307.5 3.39459 0.00147335
  309 308.5 3.39232 0.00147236
  310 309.5 3.37345 0.00146417
  311 310.5 3.37759 0.00146597
  312 311.5 3.35652 0.00145682
  313 312.5 3.31867 0.0014404
  314 313.5 3.2987 0.00143173
  315 314.5 3.29183 0.00142874
  316 315.5 3.29737 0.00143115
  317 316.5 3.30981 0.00143655
  318 317.5 3.28973 0.00142784
  319 318.5 3.29411 0.00142974
  320 319.5 3.30907 0.00143623
  321 320.5 3.31519 0.00143889
  322 321.5 3.33619 0.001448
  323 322.5 3.35297 0.00145528
  324 323.5 3.34705 0.00145271
  325 324.5 3.34113 0.00145014
  326 325.5 3.31969 0.00144084
  327 326.5 3.33179 0.00144609
  328 327.5 3.33552 0.00144771
  329 328.5 3.34973 0.00145387
  330 329.5 3.37293 0.00146395
  331 330.5 3.40058 0.00147595
  332 331.5 3.40604 0.00147832
  333 332.5 3.42221 0.00148533
  334 333.5 3.4278 0.00148776
  335 334.5 3.43788 0.00149214
  336 335.5 3.4378 0.0014921
  337 336.5 3.4617 0.00150247
  338 337.5 3.46547 0.00150411
  339 338.5 3.50002 0.00151911
  340 339.5 3.51344 0.00152493
  341 340.5 3.50846 0.00152277
  342 341.5 3.50495 0.00152125
  343 342.5 3.48821 0.00151398
  344 343.5 3.45459 0.00149939
  345 344.5 3.45095 0.00149781
  346 345.5 3.43615 0.00149138
  347 346.5 3.44005 0.00149308
  348 347.5 3.44955 0.0014972
  349 348.5 3.44962 0.00149723
  350 349.5 3.43982 0.00149298
  351 350.5 3.42874 0.00148817
  352 351.5 3.42148 0.00148502
  353 352.5 3.40496 0.00147785
  354 353.5 3.39427 0.00147321
  355 354.5 3.39497 0.00147351
  356 355.5 3.40413 0.00147749
  357 356.5 3.43185 0.00148952
  358 357.5 3.44603 0.00149567
  359 358.5 3.43741 0.00149193
  360 359.5 3.46445 0.00150367
  361 360.5 3.47739 0.00150928
  362 361.5 3.48488 0.00151253
  363 362.5 3.47919 0.00151007
  364 363.5 3.45246 0.00149846
  365 364.5 3.45341 0.00149887
  366 365.5 3.44964 0.00149724
  367 366.5 3.44562 0.0014955
  368 367.5 3.44767 0.00149638
  369 368.5 3.45294 0.00149867
  370 369.5 3.47205 0.00150697
  371 370.5 3.47329 0.0015075
  372 371.5 3.47477 0.00150815
  373 372.5 3.48703 0.00151347
  374 373.5 3.49641 0.00151754
  375 374.5 3.49452 0.00151672
  376 375.5 3.51783 0.00152684
  377 376.5 3.53676 0.00153505
  378 377.5 3.55253 0.0015419
  379 378.5 3.57056 0.00154972
  380 379.5 3.61841 0.00157049
  381 380.5 3.61293 0.00156811
  382 381.5 3.64112 0.00158035
  383 382.5 3.68196 0.00159807
  384 383.5 3.72086 0.00161495
  385 384.5 3.76397 0.00163367
  386 385.5 3.8251 0.0016602
  387 386.5 3.90063 0.00169298
  388 387.5 3.99895 0.00173565
  389 388.5 4.14853 0.00180058
  390 389.5 4.34553 0.00188608
  391 390.5 4.62851 0.0020089
  392 391.5 5.00796 0.00217359
  393 392.5 5.52259 0.00239696
  394 393.5 6.17605 0.00268058
  395 394.5 7.04576 0.00305805
  396 395.5 8.1521 0.00353824
  397 396.5 9.47945 0.00411435
  398 397.5 11.0793 0.00480871
  399 398.5 12.9517 0.00562141
  400 399.5 14.9785 0.00650107
  401 400.5 17.1604 0.00744809
  402 401.5 19.4155 0.00842687
  403 402.5 21.6176 0.00938263
  404 403.5 23.6462 0.0102631
  405 404.5 25.5177 0.0110754
  406 405.5 27.0926 0.0117589
  407 406.5 28.4915 0.0123661
  408 407.5 29.6589 0.0128728
  409 408.5 30.5666 0.0132668
  410 409.5 31.3106 0.0135897
  411 410.5 31.8844 0.0138387
  412 411.5 32.304 0.0140208
  413 412.5 32.6903 0.0141885
  414 413.5 32.9057 0.014282
  415 414.5 33.0767 0.0143562
  416 415.5 33.2446 0.0144291
  417 416.5 33.3416 0.0144712
  418 417.5 33.4433 0.0145153
  419 418.5 33.4963 0.0145383
  420 419.5 33.599 0.0145829
  421 420.5 33.6299 0.0145963
  422 421.5 33.6443 0.0146025
  423 422.5 33.6957 0.0146249
  424 423.5 33.6913 0.014623
  425 424.5 33.7097 0.014631
  426 425.5 33.6509 0.0146054
  427 426.5 33.6917 0.0146232
  428 427.5 33.7052 0.014629
  429 428.5 33.6766 0.0146166
  430 429.5 33.6365 0.0145992
  431 430.5 33.748 0.0146476
  432 431.5 33.7131 0.0146324
  433 432.5 33.7199 0.0146354
  434 433.5 33.6639 0.0146111
  435 434.5 33.7059 0.0146293
  436 435.5 33.6563 0.0146078
  437 436.5 33.6058 0.0145859
  438 437.5 33.5693 0.01457
  439 438.5 33.5726 0.0145714
  440 439.5 33.5421 0.0145582
  441 440.5 33.4875 0.0145345
  442 441.5 33.4603 0.0145227
  443 442.5 33.4287 0.014509
  444 443.5 33.4379 0.014513
  445 444.5 33.4254 0.0145076
  446 445.5 33.4731 0.0145282
  447 446.5 33.3817 0.0144886
  448 447.5 33.4159 0.0145034
  449 448.5 33.4568 0.0145212
  450 449.5 33.4092 0.0145005
  451 450.5 33.3446 0.0144725
  452 451.5 33.4222 0.0145062
  453 452.5 33.4168 0.0145038
  454 453.5 33.4079 0.0145
  455 454.5 33.4371 0.0145126
  456 455.5 33.4838 0.0145329
  457 456.5 33.4824 0.0145323
  458 457.5 33.4337 0.0145112
  459 458.5 33.5364 0.0145557
  460 459.5 33.5472 0.0145604
  461 460.5 33.528 0.0145521
  462 461.5 33.6034 0.0145848
  463 462.5 33.6286 0.0145958
  464 463.5 33.5922 0.0145799
  465 464.5 33.5901 0.0145791
  466 465.5 33.6217 0.0145928
  467 466.5 33.5291 0.0145526
  468 467.5 33.5027 0.0145411
  469 468.5 33.5118 0.014545
  470 469.5 33.5187 0.014548
  471 470.5 33.5188 0.0145481
  472 471.5 33.4996 0.0145398
  473 472.5 33.5336 0.0145545
  474 473.5 33.5036 0.0145415
  475 474.5 33.5037 0.0145415
  476 475.5 33.5358 0.0145554
  477 476.5 33.5292 0.0145526
  478 477.5 33.5559 0.0145642
  479 478.5 33.5097 0.0145441
  480 479.5 33.5272 0.0145517
50000000 480 5939
  1 0.5 33.5299 0.0145529
  2 1.5 33.536 0.0145556
  3 2.5 33.5302 0.014553
  4 3.5 33.5478 0.0145607
  5 4.5 33.5653 0.0145683
  6 5.5 33.5325 0.014554
  7 6.5 33.5242 0.0145504
  8 7.5 33.5656 0.0145684
  9 8.5 33.4967 0.0145385
  10 9.5 33.482 0.0145321
  11 10.5 33.4815 0.0145319
  12 11.5 33.4584 0.0145219
  13 12.5 33.4324 0.0145106
  14 13.5 33.4136 0.0145024
  15 14.5 33.4623 0.0145236
  16 15.5 33.4639 0.0145243
  17 16.5 33.496 0.0145382
  18 17.5 33.478 0.0145304
  19 18.5 33.5185 0.0145479
  20 19.5 33.5825 0.0145758
  21 20.5 33.5702 0.0145704
  22 21.5 33.5941 0.0145808
  23 22.5 33.5921 0.0145799
  24 23.5 33.5991 0.0145829
  25 24.5 33.6075 0.0145866
  26 25.5 33.6252 0.0145943
  27 26.5 33.6098 0.0145876
  28 27.5 33.6014 0.0145839
  29 28.5 33.6324 0.0145974
  30 29.5 33.604 0.0145851
  31 30.5 33.5804 0.0145748
  32 31.5 33.6231 0.0145934
  33 32.5 33.6367 0.0145993
  34 33.5 33.5429 0.0145586
  35 34.5 33.5282 0.0145521
  36 35.5 33.5832 0.0145761
  37 36.5 33.5189 0.0145482
  38 37.5 33.5058 0.0145425
  39 38.5 33.5036 0.0145415
  40 39.5 33.4231 0.0145066
  41 40.5 33.4368 0.0145125
  42 41.5 33.4297 0.0145094
  43 42.5 33.4569 0.0145212
  44 43.5 33.3876 0.0144912
  45 44.5 33.4168 0.0145038
  46 45.5 33.438 0.014513
  47 46.5 33.4086 0.0145003
  48 47.5 33.3714 0.0144841
  49 48.5 33.4102 0.014501
  50 49.5 33.4663 0.0145253
  51 50.5 33.474 0.0145286
  52 51.5 33.4964 0.0145384
  53 52.5 33.5369 0.0145559
  54 53.5 33.5451 0.0145595
  55 54.5 33.6255 0.0145944
  56 55.5 33.6238 0.0145937
  57 56.5 33.661 0.0146098
  58 57.5 33.7133 0.0146325
  59 58.5 33.7076 0.01463
  60 59.5 33.7051 0.0146289
  61 60.5 33.7244 0.0146373
  62 61.5 33.7019 0.0146276
  63 62.5 33.5804 0.0145748
  64 63.5 33.4748 0.014529
  65 64.5 33.4098 0.0145008
  66 65.5 33.2671 0.0144389
  67 66.5 33.038 0.0143394
  68 67.5 32.7833 0.0142288
  69 68.5 32.5056 0.0141083
  70 69.5 32.0569 0.0139136
  71 70.5 31.3902 0.0136242
  72 71.5 30.706 0.0133273
  73 72.5 29.5627 0.012831
  74 73.5 28.0515 0.0121752
  75 74.5 26.0582 0.01131
  76 75.5 23.3455 0.0101326
  77 76.5 19.7677 0.00857973
  78 77.5 15.6166 0.00677805
  79 78.5 11.3491 0.00492581
  80 79.5 7.50781 0.0032586
  81 80.5 4.50858 0.00195685
  82 81.5 2.48914 0.00108036
  83 82.5 1.28977 0.000559794
  84 83.5 0.647136 0.000280875
  85 84.5 0.33778 0.000146606
  86 85.5 0.192632 8.36076e-05
  87 86.5 0.130908 5.68177e-05
  88 87.5 0.1072 4.65278e-05
  89 88.5 0.094256 4.09097e-05
  90 89.5 0.084934 3.68637e-05
  91 90.5 0.081858 3.55286e-05
  92 91.5 0.079478 3.44957e-05
  93 92.5 0.080186 3.4803e-05
  94 93.5 0.07995 3.47005e-05
  95 94.5 0.080606 3.49852e-05
  96 95.5 0.07881 3.42057e-05
  97 96.5 0.078934 3.42595e-05
  98 97.5 0.079028 3.43003e-05
  99 98.5 0.07921 3.43793e-05
  100 99.5 0.079956 3.47031e-05
  101 100.5 0.081344 3.53056e-05
  102 101.5 0.078978 3.42786e-05
  103 102.5 0.080058 3.47474e-05
  104 103.5 0.080164 3.47934e-05
  105 104.5 0.079856 3.46597e-05
  106 105.5 0.08047 3.49262e-05
  107 106.5 0.082316 3.57274e-05
  108 107.5 0.081564 3.5401e-05
  109 108.5 0.082168 3.56632e-05
  110 109.5 0.08103 3.51693e-05
  111 110.5 0.081802 3.55043e-05
  112 111.5 0.080778 3.50599e-05
  113 112.5 0.078254 3.39644e-05
  114 113.5 0.079854 3.46589e-05
  115 114.5 0.080482 3.49314e-05
  116 115.5 0.07794 3.38281e-05
  117 116.5 0.080194 3.48064e-05
  118 117.5 0.079356 3.44427e-05
  119 118.5 0.07923 3.4388e-05
  120 119.5 0.079416 3.44688e-05
  121 120.5 0.07875 3.41797e-05
  122 121.5 0.078836 3.4217e-05
  123 122.5 0.077704 3.37257e-05
  124 123.5 0.078342 3.40026e-05
  125 124.5 0.07722 3.35156e-05
  126 125.5 0.077858 3.37925e-05
  127 126.5 0.0776 3.36806e-05
  128 127.5 0.077936 3.38264e-05
  129 128.5 0.078896 3.42431e-05
  130 129.5 0.081306 3.52891e-05
  131 130.5 0.076382 3.31519e-05
  132 131.5 0.077822 3.37769e-05
  133 132.5 0.07849 3.40668e-05
  134 133.5 0.077812 3.37726e-05
  135 134.5 0.07774 3.37413e-05
  136 135.5 0.075384 3.27188e-05
  137 136.5 0.075666 3.28411e-05
  138 137.5 0.076572 3.32344e-05
  139 138.5 0.075694 3.28533e-05
  140 139.5 0.077424 3.36042e-05
  141 140.5 0.077016 3.34271e-05
  142 141.5 0.077852 3.37899e-05
  143 142.5 0.07753 3.36502e-05
  144 143.5 0.075692 3.28524e-05
  145 144.5 0.073952 3.20972e-05
  146 145.5 0.074994 3.25495e-05
  147 146.5 0.07657 3.32335e-05
  148 147.5 0.077922 3.38203e-05
  149 148.5 0.079434 3.44766e-05
  150 149.5 0.077102 3.34644e-05
  151 150.5 0.075408 3.27292e-05
  152 151.5 0.07481 3.24696e-05
  153 152.5 0.074808 3.24687e-05
  154 153.5 0.07827 3.39714e-05
  155 154.5 0.077112 3.34687e-05
  156 155.5 0.074978 3.25425e-05
  157 156.5 0.07568 3.28472e-05
  158 157.5 0.077936 3.38264e-05
  159 158.5 0.076618 3.32543e-05
  160 159.5 0.076776 3.33229e-05
  161 160.5 0.074598 3.23776e-05
  162 161.5 0.077384 3.35868e-05
  163 162.5 0.077222 3.35165e-05
  164 163.5 0.076744 3.3309e-05
  165 164.5 0.075824 3.29097e-05
  166 165.5 0.077144 3.34826e-05
  167 166.5 0.074344 3.22674e-05
  168 167.5 0.075704 3.28576e-05
  169 168.5 0.075316 3.26892e-05
  170 169.5 0.07731 3.35547e-05
  171 170.5 0.078896 3.42431e-05
  172 171.5 0.080172 3.47969e-05
  173 172.5 0.078622 3.41241e-05
  174 173.5 0.078862 3.42283e-05
  175 174.5 0.076774 3.3322e-05
  176 175.5 0.077624 3.3691e-05
  177 176.5 0.076648 3.32674e-05
  178 177.5 0.078646 3.41345e-05
  179 178.5 0.076504 3.32049e-05
  180 179.5 0.077116 3.34705e-05
  181 180.5 0.077834 3.37821e-05
  182 181.5 0.079056 3.43125e-05
  183 182.5 0.080906 3.51155e-05
  184 183.5 0.081224 3.52535e-05
  185 184.5 0.078298 3.39835e-05
  186 185.5 0.080718 3.50339e-05
  187 186.5 0.079308 3.44219e-05
  188 187.5 0.078156 3.39219e-05
  189 188.5 0.077814 3.37734e-05
  190 189.5 0.07907 3.43186e-05
  191 190.5 0.077686 3.37179e-05
  192 191.5 0.077932 3.38247e-05
  193 192.5 0.079012 3.42934e-05
  194 193.5 0.077838 3.37839e-05
  195 194.5 0.077424 3.36042e-05
  196 195.5 0.076912 3.33819e-05
  197 196.5 0.07948 3.44965e-05
  198 197.5 0.07887 3.42318e-05
  199 198.5 0.079368 3.44479e-05
  200 199.5 0.078404 3.40295e-05
  201 200.5 0.07863 3.41276e-05
  202 201.5 0.078982 3.42804e-05
  203 202.5 0.07827 3.39714e-05
  204 203.5 0.077796 3.37656e-05
  205 204.5 0.077056 3.34444e-05
  206 205.5 0.075786 3.28932e-05
  207 206.5 0.077184 3.35e-05
  208 207.5 0.075752 3.28785e-05
  209 208.5 0.075906 3.29453e-05
  210 209.5 0.076234 3.30877e-05
  211 210.5 0.076902 3.33776e-05
  212 211.5 0.07747 3.36241e-05
  213 212.5 0.07815 3.39193e-05
  214 213.5 0.080162 3.47925e-05
  215 214.5 0.080208 3.48125e-05
  216 215.5 0.079964 3.47066e-05
  217 216.5 0.07769 3.37196e-05
  218 217.5 0.080102 3.47665e-05
  219 218.5 0.078322 3.39939e-05
  220 219.5 0.076648 3.32674e-05
  221 220.5 0.076172 3.30608e-05
  222 221.5 0.080768 3.50556e-05
  223 222.5 0.07816 3.39236e-05
  224 223.5 0.078926 3.42561e-05
  225 224.5 0.079492 3.45017e-05
  226 225.5 0.084134 3.65165e-05
  227 226.5 0.08684 3.7691e-05
  228 227.5 0.093594 4.06224e-05
  229 228.5 0.10277 4.4605e-05
  230 229.5 0.13034 5.65712e-05
  231 230.5 0.184552 8.01007e-05
  232 231.5 0.307364 0.000133405
  233 232.5 0.57189 0.000248216
  234 233.5 1.10592 0.000479998
  235 234.5 2.06636 0.000896857
  236 235.5 3.5712 0.00155
  237 236.5 5.54495 0.00240666
  238 237.5 7.6482 0.00331953
  239 238.5 9.40108 0.00408033
  240 239.5 10.4732 0.00454564
  241 240.5 10.7574 0.00466901
  242 241.5 10.4233 0.00452398
  243 242.5 9.65897 0.00419226
  244 243.5 8.76609 0.00380473
  245 244.5 7.84697 0.0034058
  246 245.5 6.99267 0.00303501
  247 246.5 6.2657 0.00271949
  248 247.5 5.68944 0.00246937
  249 248.5 5.23758 0.00227325
  250 249.5 4.84422 0.00210253
  251 250.5 4.5723 0.0019845
  252 251.5 4.35888 0.00189188
  253 252.5 4.1993 0.00182261
  254 253.5 4.08417 0.00177264
  255 254.5 3.99976 0.00173601
  256 255.5 3.9198 0.0017013
  257 256.5 3.8506 0.00167127
  258 257.5 3.8087 0.00165308
  259 258.5 3.75269 0.00162877
  260 259.5 3.71464 0.00161226
  261 260.5 3.68222 0.00159819
  262 261.5 3.66312 0.00158989
  263 262.5 3.62529 0.00157348
  264 263.5 3.60594 0.00156508
  265 264.5 3.58824 0.0015574
  266 265.5 3.54932 0.0015405
  267 266.5 3.49644 0.00151755
  268 267.5 3.46249 0.00150282
  269 268.5 3.4266 0.00148724
  270 269.5 3.39772 0.00147471
  271 270.5 3.37808 0.00146618
  272 271.5 3.37283 0.0014639
  273 272.5 3.37291 0.00146394
  274 273.5 3.38105 0.00146747
  275 274.5 3.39421 0.00147318
  276 275.5 3.40581 0.00147822
  277 276.5 3.39516 0.00147359
  278 277.5 3.38715 0.00147012
  279 278.5 3.39021 0.00147144
  280 279.5 3.40832 0.00147931
  281 280.5 3.40918 0.00147968
  282 281.5 3.41657 0.00148289
  283 282.5 3.40207 0.00147659
  284 283.5 3.41689 0.00148303
  285 284.5 3.40312 0.00147705
  286 285.5 3.41277 0.00148124
  287 286.5 3.39736 0.00147455
  288 287.5 3.42485 0.00148648
  289 288.5 3.45153 0.00149806
  290 289.5 3.41808 0.00148354
  291 290.5 3.41179 0.00148081
  292 291.5 3.40084 0.00147606
  293 292.5 3.37591 0.00146524
  294 293.5 3.35275 0.00145519
  295 294.5 3.35051 0.00145421
  296 295.5 3.32823 0.00144454
  297 296.5 3.32538 0.00144331
  298 297.5 3.32335 0.00144243
  299 298.5 3.31008 0.00143667
  300 299.5 3.32531 0.00144328
  301 300.5 3.33673 0.00144823
  302 301.5 3.3121 0.00143754
  303 302.5 3.31768 0.00143996
  304 303.5 3.30536 0.00143462
  305 304.5 3.29007 0.00142798
  306 305.5 3.29567 0.00143041
  307 306.5 3.30033 0.00143244
  308 307.5 3.279 0.00142318
  309 308.5 3.26042 0.00141511
  310 309.5 3.26756 0.00141821
  311 310.5 3.28144 0.00142424
  312 311.5 3.32136 0.00144156
  313 312.5 3.35528 0.00145628
  314 313.5 3.41442 0.00148195
  315 314.5 3.46414 0.00150353
  316 315.5 3.47852 0.00150978
  317 316.5 3.50008 0.00151913
  318 317.5 3.53006 0.00153215
  319 318.5 3.55894 0.00154468
  320 319.5 3.59909 0.00156211
  321 320.5 3.62578 0.00157369
  322 321.5 3.60324 0.00156391
  323 322.5 3.58372 0.00155543
  324 323.5 3.59234 0.00155917
  325 324.5 3.60625 0.00156521
  326 325.5 3.55009 0.00154084
  327 326.5 3.52331 0.00152922
  328 327.5 3.50305 0.00152042
  329 328.5 3.47041 0.00150625
  330 329.5 3.41972 0.00148425
  331 330.5 3.39132 0.00147193
  332 331.5 3.38248 0.00146809
  333 332.5 3.37513 0.0014649
  334 333.5 3.34339 0.00145113
  335 334.5 3.33007 0.00144534
  336 335.5 3.3337 0.00144692
  337 336.5 3.35094 0.0014544
  338 337.5 3.35801 0.00145747
  339 338.5 3.35851 0.00145769
  340 339.5 3.37865 0.00146643
  341 340.5 3.39064 0.00147163
  342 341.5 3.40667 0.00147859
  343 342.5 3.40972 0.00147991
  344 343.5 3.4431 0.0014944
  345 344.5 3.475 0.00150825
  346 345.5 3.45726 0.00150055
  347 346.5 3.47192 0.00150691
  348 347.5 3.49212 0.00151568
  349 348.5 3.50805 0.00152259
  350 349.5 3.53576 0.00153462
  351 350.5 3.55593 0.00154337
  352 351.5 3.60506 0.00156469
  353 352.5 3.66712 0.00159163
  354 353.5 3.69359 0.00160312
  355 354.5 3.7402 0.00162335
  356 355.5 3.79273 0.00164615
  357 356.5 3.81344 0.00165514
  358 357.5 3.84252 0.00166776
  359 358.5 3.86076 0.00167568
  360 359.5 3.88313 0.00168539
  361 360.5 3.8826 0.00168516
  362 361.5 3.87877 0.00168349
  363 362.5 3.87096 0.00168011
  364 363.5 3.85334 0.00167246
  365 364.5 3.84947 0.00167078
  366 365.5 3.82464 0.00166
  367 366.5 3.8005 0.00164952
  368 367.5 3.78254 0.00164173
  369 368.5 3.79024 0.00164507
  370 369.5 3.75541 0.00162995
  371 370.5 3.76255 0.00163305
  372 371.5 3.77664 0.00163917
  373 372.5 3.76591 0.00163451
  374 373.5 3.70351 0.00160743
  375 374.5 3.67064 0.00159316
  376 375.5 3.67114 0.00159338
  377 376.5 3.64508 0.00158206
  378 377.5 3.61439 0.00156875
  379 378.5 3.61986 0.00157112
  380 379.5 3.64565 0.00158231
  381 380.5 3.66506 0.00159074
  382 381.5 3.72347 0.00161609
  383 382.5 3.75514 0.00162984
  384 383.5 3.83503 0.00166451
  385 384.5 3.91419 0.00169887
  386 385.5 4.00653 0.00173894
  387 386.5 4.15072 0.00180153
  388 387.5 4.31968 0.00187486
  389 388.5 4.53364 0.00196772
  390 389.5 4.88585 0.0021206
  391 390.5 5.35602 0.00232466
  392 391.5 5.9317 0.00257452
  393 392.5 6.7332 0.0029224
  394 393.5 7.69372 0.00333929
  395 394.5 8.89333 0.00385995
  396 395.5 10.4051 0.00451612
  397 396.5 12.185 0.00528861
  398 397.5 14.1542 0.00614333
  399 398.5 16.2841 0.00706776
  400 399.5 18.56 0.00805556
  401 400.5 20.7464 0.0090045
  402 401.5 22.8586 0.00992129
  403 402.5 24.9328 0.0108215
  404 403.5 26.688 0.0115833
  405 404.5 28.1791 0.0122305
  406 405.5 29.4412 0.0127783
  407 406.5 30.5088 0.0132417
  408 407.5 31.326 0.0135964
  409 408.5 31.9225 0.0138553
  410 409.5 32.4608 0.0140889
  411 410.5 32.834 0.0142509
  412 411.5 33.0557 0.0143471
  413 412.5 33.192 0.0144063
  414 413.5 33.3805 0.0144881
  415 414.5 33.4823 0.0145323
  416 415.5 33.5736 0.0145719
  417 416.5 33.5836 0.0145762
  418 417.5 33.6022 0.0145843
  419 418.5 33.6269 0.014595
  420 419.5 33.6394 0.0146004
  421 420.5 33.5873 0.0145778
  422 421.5 33.5915 0.0145796
  423 422.5 33.6279 0.0145954
  424 423.5 33.56 0.014566
  425 424.5 33.5583 0.0145652
  426 425.5 33.5992 0.014583
  427 426.5 33.5929 0.0145802
  428 427.5 33.5699 0.0145703
  429 428.5 33.6015 0.014584
  430 429.5 33.6119 0.0145885
  431 430.5 33.5342 0.0145548
  432 431.5 33.5334 0.0145544
  433 432.5 33.5664 0.0145688
  434 433.5 33.5403 0.0145574
  435 434.5 33.5066 0.0145428
  436 435.5 33.5307 0.0145532
  437 436.5 33.5493 0.0145613
  438 437.5 33.5331 0.0145543
  439 438.5 33.5203 0.0145487
  440 439.5 33.5435 0.0145588
  441 440.5 33.52 0.0145486
  442 441.5 33.4872 0.0145344
  443 442.5 33.4919 0.0145364
  444 443.5 33.5578 0.014565
  445 444.5 33.4955 0.014538
  446 445.5 33.537 0.014556
  447 446.5 33.5411 0.0145578
  448 447.5 33.4914 0.0145362
  449 448.5 33.4427 0.0145151
  450 449.5 33.4786 0.0145307
  451 450.5 33.4867 0.0145342
  452 451.5 33.4662 0.0145253
  453 452.5 33.4572 0.0145214
  454 453.5 33.5638 0.0145676
  455 454.5 33.576 0.0145729
  456 455.5 33.5509 0.014562
  457 456.5 33.5562 0.0145643
  458 457.5 33.5801 0.0145747
  459 458.5 33.5787 0.0145741
  460 459.5 33.5356 0.0145554
  461 460.5 33.5676 0.0145693
  462 461.5 33.5915 0.0145797
  463 462.5 33.5938 0.0145806
  464 463.5 33.54 0.0145573
  465 464.5 33.5737 0.0145719
  466 465.5 33.5919 0.0145798
  467 466.5 33.5515 0.0145623
  468 467.5 33.5695 0.0145701
  469 468.5 33.5858 0.0145772
  470 469.5 33.5793 0.0145744
  471 470.5 33.5578 0.014565
  472 471.5 33.5373 0.0145561
  473 472.5 33.5934 0.0145805
  474 473.5 33.5431 0.0145587
  475 474.5 33.5016 0.0145406
  476 475.5 33.5877 0.014578
  477 476.5 33.5359 0.0145555
  478 477.5 33.5405 0.0145575
  479 478.5 33.5111 0.0145447
  480 479.5 33.5372 0.0145561
