# Chunk-averaged data for fix tensor2 and group c1
# Timestep Number-of-chunks Total-count
# Chunk Coord1 Ncount density/number
40000000 624 6184.000000000007
  1 0.5 19.2329 0.00834759
  2 1.5 19.4457 0.00843996
  3 2.5 19.6766 0.00854019
  4 3.5 19.8667 0.00862269
  5 4.5 20.0429 0.00869916
  6 5.5 20.2009 0.00876776
  7 6.5 20.3852 0.00884774
  8 7.5 20.5185 0.00890559
  9 8.5 20.6531 0.00896402
  10 9.5 20.8182 0.00903567
  11 10.5 20.9156 0.00907797
  12 11.5 20.9979 0.00911366
  13 12.5 21.1207 0.00916699
  14 13.5 21.2411 0.00921923
  15 14.5 21.2882 0.00923969
  16 15.5 21.3573 0.00926965
  17 16.5 21.4462 0.00930823
  18 17.5 21.522 0.00934114
  19 18.5 21.5695 0.00936177
  20 19.5 21.6072 0.00937813
  21 20.5 21.6474 0.00939556
  22 21.5 21.7055 0.00942077
  23 22.5 21.7456 0.00943819
  24 23.5 21.7622 0.00944538
  25 24.5 21.7969 0.00946046
  26 25.5 21.8495 0.00948329
  27 26.5 21.8641 0.00948964
  28 27.5 21.8778 0.00949557
  29 28.5 21.927 0.00951694
  30 29.5 21.9324 0.00951925
  31 30.5 21.9479 0.009526
  32 31.5 21.9527 0.00952809
  33 32.5 21.9931 0.0095456
  34 33.5 21.9989 0.00954814
  35 34.5 22.0095 0.00955275
  36 35.5 22.022 0.00955815
  37 36.5 22.0217 0.00955803
  38 37.5 22.0221 0.00955822
  39 38.5 22.0219 0.00955811
  40 39.5 22.0475 0.00956922
  41 40.5 22.0394 0.00956571
  42 41.5 22.0576 0.00957362
  43 42.5 22.057 0.00957333
  44 43.5 22.0627 0.00957583
  45 44.5 22.0841 0.0095851
  46 45.5 22.0794 0.00958307
  47 46.5 22.0742 0.0095808
  48 47.5 22.073 0.00958029
  49 48.5 22.0931 0.00958901
  50 49.5 22.0861 0.00958599
  51 50.5 22.0766 0.00958187
  52 51.5 22.1012 0.00959253
  53 52.5 22.1062 0.00959469
  54 53.5 22.102 0.00959286
  55 54.5 22.1138 0.00959798
  56 55.5 22.1067 0.00959494
  57 56.5 22.1322 0.00960599
  58 57.5 22.1248 0.00960276
  59 58.5 22.1577 0.00961704
  60 59.5 22.1329 0.0096063
  61 60.5 22.1482 0.00961295
  62 61.5 22.1381 0.00960856
  63 62.5 22.15 0.0096137
  64 63.5 22.1857 0.00962922
  65 64.5 22.1993 0.00963511
  66 65.5 22.1679 0.00962149
  67 66.5 22.1871 0.00962981
  68 67.5 22.2105 0.00963998
  69 68.5 22.2152 0.00964201
  70 69.5 22.2129 0.00964101
  71 70.5 22.2175 0.00964301
  72 71.5 22.216 0.00964237
  73 72.5 22.2282 0.00964766
  74 73.5 22.2061 0.00963805
  75 74.5 22.2228 0.0096453
  76 75.5 22.2146 0.00964174
  77 76.5 22.2408 0.0096531
  78 77.5 22.2164 0.00964252
  79 78.5 22.2026 0.00963657
  80 79.5 22.2125 0.00964085
  81 80.5 22.1996 0.00963523
  82 81.5 22.2036 0.00963699
  83 82.5 22.2147 0.00964178
  84 83.5 22.1941 0.00963286
  85 84.5 22.1905 0.00963131
  86 85.5 22.1968 0.00963404
  87 86.5 22.2106 0.00964
  88 87.5 22.2087 0.00963919
  89 88.5 22.1854 0.00962909
  90 89.5 22.1862 0.00962942
  91 90.5 22.1856 0.00962915
  92 91.5 22.1843 0.0096286
  93 92.5 22.1766 0.00962526
  94 93.5 22.1639 0.00961974
  95 94.5 22.1688 0.00962188
  96 95.5 22.1662 0.00962076
  97 96.5 22.1939 0.00963279
  98 97.5 22.1615 0.0096187
  99 98.5 22.1868 0.00962971
  100 99.5 22.1856 0.00962916
  101 100.5 22.1773 0.00962558
  102 101.5 22.1625 0.00961913
  103 102.5 22.166 0.00962064
  104 103.5 22.1543 0.0096156
  105 104.5 22.1312 0.00960553
  106 105.5 22.15 0.00961372
  107 106.5 22.111 0.00959677
  108 107.5 22.1071 0.00959508
  109 108.5 22.1214 0.0096013
  110 109.5 22.1059 0.00959458
  111 110.5 22.0621 0.00957557
  112 111.5 22.0786 0.0095827
  113 112.5 22.0687 0.00957844
  114 113.5 22.0485 0.00956964
  115 114.5 22.0428 0.00956719
  116 115.5 22.0335 0.00956314
  117 116.5 22.0374 0.00956486
  118 117.5 22.0068 0.00955155
  119 118.5 22.0084 0.00955226
  120 119.5 22.0109 0.00955333
  121 120.5 22.0064 0.00955138
  122 121.5 21.9809 0.00954031
  123 122.5 21.9567 0.00952981
  124 123.5 21.9656 0.00953367
  125 124.5 21.9775 0.00953884
  126 125.5 21.9341 0.00952
  127 126.5 21.9236 0.00951543
  128 127.5 21.9362 0.00952091
  129 128.5 21.9191 0.00951351
  130 129.5 21.897 0.0095039
  131 130.5 21.8976 0.00950416
  132 131.5 21.9193 0.00951359
  133 132.5 21.895 0.00950306
  134 133.5 21.9031 0.00950657
  135 134.5 21.8855 0.0094989
  136 135.5 21.9041 0.00950697
  137 136.5 21.8918 0.00950165
  138 137.5 21.9031 0.00950654
  139 138.5 21.8867 0.00949946
  140 139.5 21.8879 0.00949995
  141 140.5 21.8939 0.00950256
  142 141.5 21.8917 0.00950162
  143 142.5 21.888 0.00950002
  144 143.5 21.8599 0.00948781
  145 144.5 21.8724 0.00949322
  146 145.5 21.876 0.00949479
  147 146.5 21.8566 0.00948637
  148 147.5 21.8486 0.0094829
  149 148.5 21.8753 0.00949448
  150 149.5 21.8702 0.00949229
  151 150.5 21.8682 0.00949142
  152 151.5 21.895 0.00950302
  153 152.5 21.9029 0.00950647
  154 153.5 21.8865 0.00949935
  155 154.5 21.9094 0.00950928
  156 155.5 21.9265 0.00951671
  157 156.5 21.925 0.00951605
  158 157.5 21.9055 0.0095076
  159 158.5 21.932 0.00951909
  160 159.5 21.9262 0.0095166
  161 160.5 21.9217 0.00951462
  162 161.5 21.9279 0.00951733
  163 162.5 21.9462 0.00952525
  164 163.5 21.9133 0.00951099
  165 164.5 21.9009 0.00950559
  166 165.5 21.8964 0.00950363
  167 166.5 21.8788 0.00949599
  168 167.5 21.8648 0.00948995
  169 168.5 21.8284 0.00947411
  170 169.5 21.8018 0.00946259
  171 170.5 21.7618 0.00944525
  172 171.5 21.7357 0.00943388
  173 172.5 21.7243 0.00942893
  174 173.5 21.6725 0.00940647
  175 174.5 21.5971 0.00937375
  176 175.5 21.5528 0.00935451
  177 176.5 21.5001 0.00933162
  178 177.5 21.4225 0.00929798
  179 178.5 21.3507 0.00926678
  180 179.5 21.2724 0.00923283
  181 180.5 21.2034 0.00920285
  182 181.5 21.1171 0.0091654
  183 182.5 20.9927 0.00911143
  184 183.5 20.9002 0.00907128
  185 184.5 20.7952 0.00902571
  186 185.5 20.6357 0.00895647
  187 186.5 20.4801 0.00888894
  188 187.5 20.3397 0.008828
  189 188.5 20.1648 0.0087521
  190 189.5 19.9868 0.00867484
  191 190.5 19.7787 0.00858451
  192 191.5 19.5722 0.00849489
  193 192.5 19.3383 0.00839337
  194 193.5 19.1166 0.00829713
  195 194.5 18.8121 0.00816496
  196 195.5 18.4978 0.00802856
  197 196.5 18.1625 0.00788304
  198 197.5 17.821 0.00773483
  199 198.5 17.391 0.00754816
  200 199.5 16.9555 0.00735917
  201 200.5 16.47 0.00714842
  202 201.5 15.9079 0.00690445
  203 202.5 15.2988 0.0066401
  204 203.5 14.5756 0.00632621
  205 204.5 13.7668 0.00597518
  206 205.5 12.8693 0.00558565
  207 206.5 11.8721 0.00515281
  208 207.5 10.793 0.00468446
  209 208.5 9.66699 0.00419574
  210 209.5 8.50338 0.0036907
  211 210.5 7.34722 0.0031889
  212 211.5 6.25815 0.00271621
  213 212.5 5.24305 0.00227563
  214 213.5 4.33663 0.00188222
  215 214.5 3.55333 0.00154224
  216 215.5 2.91276 0.00126422
  217 216.5 2.39515 0.00103956
  218 217.5 1.97919 0.000859024
  219 218.5 1.66879 0.000724301
  220 219.5 1.42783 0.000619717
  221 220.5 1.24388 0.000539876
  222 221.5 1.11046 0.000481969
  223 222.5 1.01861 0.000442105
  224 223.5 0.951379 0.000412925
  225 224.5 0.898777 0.000390094
  226 225.5 0.861207 0.000373788
  227 226.5 0.839964 0.000364568
  228 227.5 0.815155 0.0003538
  229 228.5 0.793868 0.000344561
  230 229.5 0.780928 0.000338944
  231 230.5 0.777116 0.00033729
  232 231.5 0.768073 0.000333365
  233 232.5 0.760516 0.000330085
  234 233.5 0.758328 0.000329135
  235 234.5 0.75125 0.000326063
  236 235.5 0.746903 0.000324177
  237 236.5 0.743029 0.000322495
  238 237.5 0.734653 0.00031886
  239 238.5 0.725206 0.00031476
  240 239.5 0.717362 0.000311355
  241 240.5 0.71423 0.000309996
  242 241.5 0.715167 0.000310402
  243 242.5 0.715726 0.000310645
  244 243.5 0.717587 0.000311453
  245 244.5 0.727235 0.00031564
  246 245.5 0.722971 0.000313789
  247 246.5 0.717936 0.000311604
  248 247.5 0.719143 0.000312128
  249 248.5 0.722886 0.000313753
  250 249.5 0.723931 0.000314206
  251 250.5 0.720098 0.000312543
  252 251.5 0.718822 0.000311989
  253 252.5 0.722359 0.000313524
  254 253.5 0.727084 0.000315575
  255 254.5 0.730928 0.000317243
  256 255.5 0.728158 0.000316041
  257 256.5 0.722786 0.000313709
  258 257.5 0.717187 0.000311279
  259 258.5 0.714053 0.000309919
  260 259.5 0.714842 0.000310261
  261 260.5 0.712896 0.000309417
  262 261.5 0.71572 0.000310642
  263 262.5 0.716409 0.000310941
  264 263.5 0.715191 0.000310413
  265 264.5 0.7155 0.000310547
  266 265.5 0.709959 0.000308142
  267 266.5 0.704429 0.000305742
  268 267.5 0.703984 0.000305549
  269 268.5 0.706199 0.00030651
  270 269.5 0.703759 0.000305451
  271 270.5 0.705625 0.000306261
  272 271.5 0.704798 0.000305902
  273 272.5 0.696115 0.000302133
  274 273.5 0.693664 0.000301069
  275 274.5 0.694503 0.000301434
  276 275.5 0.689164 0.000299116
  277 276.5 0.685786 0.00029765
  278 277.5 0.68868 0.000298906
  279 278.5 0.683733 0.000296759
  280 279.5 0.68234 0.000296155
  281 280.5 0.68283 0.000296367
  282 281.5 0.672696 0.000291969
  283 282.5 0.675857 0.000293341
  284 283.5 0.677681 0.000294132
  285 284.5 0.681354 0.000295727
  286 285.5 0.679762 0.000295036
  287 286.5 0.680235 0.000295241
  288 287.5 0.687398 0.00029835
  289 288.5 0.689354 0.000299199
  290 289.5 0.68738 0.000298342
  291 290.5 0.687396 0.000298349
  292 291.5 0.682755 0.000296335
  293 292.5 0.6855 0.000297526
  294 293.5 0.685341 0.000297457
  295 294.5 0.683377 0.000296605
  296 295.5 0.687732 0.000298495
  297 296.5 0.687929 0.00029858
  298 297.5 0.684481 0.000297084
  299 298.5 0.684185 0.000296955
  300 299.5 0.684634 0.00029715
  301 300.5 0.683866 0.000296817
  302 301.5 0.679761 0.000295035
  303 302.5 0.677732 0.000294155
  304 303.5 0.68025 0.000295247
  305 304.5 0.689275 0.000299164
  306 305.5 0.692067 0.000300376
  307 306.5 0.690695 0.000299781
  308 307.5 0.693619 0.00030105
  309 308.5 0.693886 0.000301166
  310 309.5 0.695205 0.000301738
  311 310.5 0.693757 0.00030111
  312 311.5 0.695037 0.000301665
  313 312.5 0.690412 0.000299658
  314 313.5 0.690756 0.000299807
  315 314.5 0.693124 0.000300835
  316 315.5 0.692187 0.000300428
  317 316.5 0.693508 0.000301002
  318 317.5 0.693596 0.00030104
  319 318.5 0.691164 0.000299984
  320 319.5 0.693098 0.000300824
  321 320.5 0.688116 0.000298661
  322 321.5 0.684631 0.000297149
  323 322.5 0.68783 0.000298537
  324 323.5 0.690296 0.000299608
  325 324.5 0.690138 0.000299539
  326 325.5 0.684176 0.000296951
  327 326.5 0.684468 0.000297078
  328 327.5 0.691758 0.000300242
  329 328.5 0.695605 0.000301912
  330 329.5 0.693492 0.000300995
  331 330.5 0.695533 0.000301881
  332 331.5 0.690772 0.000299814
  333 332.5 0.686107 0.000297789
  334 333.5 0.680529 0.000295368
  335 334.5 0.685943 0.000297718
  336 335.5 0.691518 0.000300138
  337 336.5 0.685867 0.000297685
  338 337.5 0.682888 0.000296392
  339 338.5 0.685402 0.000297484
  340 339.5 0.688014 0.000298617
  341 340.5 0.685001 0.000297309
  342 341.5 0.686332 0.000297887
  343 342.5 0.687797 0.000298523
  344 343.5 0.683314 0.000296577
  345 344.5 0.687407 0.000298354
  346 345.5 0.694928 0.000301618
  347 346.5 0.693249 0.000300889
  348 347.5 0.692824 0.000300705
  349 348.5 0.691422 0.000300096
  350 349.5 0.688457 0.000298809
  351 350.5 0.684122 0.000296928
  352 351.5 0.686191 0.000297826
  353 352.5 0.687379 0.000298342
  354 353.5 0.685134 0.000297367
  355 354.5 0.686683 0.000298039
  356 355.5 0.683934 0.000296846
  357 356.5 0.683918 0.000296839
  358 357.5 0.686496 0.000297958
  359 358.5 0.688877 0.000298992
  360 359.5 0.695505 0.000301868
  361 360.5 0.69612 0.000302135
  362 361.5 0.701076 0.000304286
  363 362.5 0.701123 0.000304307
  364 363.5 0.694826 0.000301574
  365 364.5 0.690075 0.000299512
  366 365.5 0.690637 0.000299756
  367 366.5 0.692181 0.000300426
  368 367.5 0.696398 0.000302256
  369 368.5 0.698819 0.000303307
  370 369.5 0.697756 0.000302845
  371 370.5 0.700713 0.000304129
  372 371.5 0.70806 0.000307318
  373 372.5 0.704857 0.000305928
  374 373.5 0.70666 0.00030671
  375 374.5 0.705158 0.000306058
  376 375.5 0.703071 0.000305152
  377 376.5 0.705107 0.000306036
  378 377.5 0.701764 0.000304585
  379 378.5 0.70367 0.000305412
  380 379.5 0.70167 0.000304544
  381 380.5 0.700652 0.000304102
  382 381.5 0.701015 0.00030426
  383 382.5 0.704204 0.000305644
  384 383.5 0.706668 0.000306714
  385 384.5 0.70809 0.000307331
  386 385.5 0.709838 0.000308089
  387 386.5 0.713508 0.000309682
  388 387.5 0.71369 0.000309761
  389 388.5 0.713333 0.000309606
  390 389.5 0.712237 0.000309131
  391 390.5 0.717969 0.000311618
  392 391.5 0.726637 0.000315381
  393 392.5 0.727308 0.000315672
  394 393.5 0.729723 0.00031672
  395 394.5 0.733019 0.000318151
  396 395.5 0.739684 0.000321043
  397 396.5 0.746904 0.000324177
  398 397.5 0.745375 0.000323513
  399 398.5 0.752644 0.000326668
  400 399.5 0.759637 0.000329704
  401 400.5 0.767608 0.000333163
  402 401.5 0.782192 0.000339493
  403 402.5 0.801937 0.000348063
  404 403.5 0.820977 0.000356327
  405 404.5 0.851595 0.000369616
  406 405.5 0.8908 0.000386632
  407 406.5 0.947572 0.000411273
  408 407.5 1.02288 0.000443958
  409 408.5 1.13656 0.000493298
  410 409.5 1.28022 0.00055565
  411 410.5 1.4681 0.000637194
  412 411.5 1.72465 0.000748546
  413 412.5 2.0374 0.000884287
  414 413.5 2.43461 0.00105669
  415 414.5 2.91103 0.00126347
  416 415.5 3.46192 0.00150257
  417 416.5 4.09449 0.00177712
  418 417.5 4.76068 0.00206627
  419 418.5 5.44513 0.00236334
  420 419.5 6.12782 0.00265964
  421 420.5 6.75103 0.00293013
  422 421.5 7.29676 0.003167
  423 422.5 7.72444 0.00335262
  424 423.5 8.04409 0.00349136
  425 424.5 8.26974 0.0035893
  426 425.5 8.382 0.00363802
  427 426.5 8.3963 0.00364423
  428 427.5 8.35719 0.00362725
  429 428.5 8.26221 0.00358603
  430 429.5 8.11346 0.00352146
  431 430.5 7.97147 0.00345984
  432 431.5 7.79586 0.00338362
  433 432.5 7.63642 0.00331442
  434 433.5 7.44615 0.00323184
  435 434.5 7.26949 0.00315516
  436 435.5 7.1071 0.00308468
  437 436.5 6.98824 0.00303309
  438 437.5 6.85449 0.00297504
  439 438.5 6.73287 0.00292225
  440 439.5 6.63976 0.00288184
  441 440.5 6.54842 0.0028422
  442 441.5 6.45761 0.00280278
  443 442.5 6.38505 0.00277129
  444 443.5 6.31663 0.00274159
  445 444.5 6.2689 0.00272088
  446 445.5 6.21862 0.00269905
  447 446.5 6.16609 0.00267625
  448 447.5 6.1273 0.00265942
  449 448.5 6.09416 0.00264503
  450 449.5 6.0692 0.0026342
  451 450.5 6.03709 0.00262026
  452 451.5 6.01326 0.00260992
  453 452.5 5.99161 0.00260053
  454 453.5 5.98357 0.00259704
  455 454.5 5.96046 0.00258701
  456 455.5 5.93472 0.00257583
  457 456.5 5.92132 0.00257002
  458 457.5 5.90581 0.00256328
  459 458.5 5.88462 0.00255409
  460 459.5 5.87898 0.00255164
  461 460.5 5.87285 0.00254898
  462 461.5 5.86054 0.00254364
  463 462.5 5.84832 0.00253834
  464 463.5 5.83668 0.00253328
  465 464.5 5.83903 0.0025343
  466 465.5 5.83938 0.00253445
  467 466.5 5.83548 0.00253276
  468 467.5 5.83461 0.00253238
  469 468.5 5.82999 0.00253038
  470 469.5 5.83548 0.00253276
  471 470.5 5.83095 0.00253079
  472 471.5 5.80938 0.00252143
  473 472.5 5.81988 0.00252599
  474 473.5 5.8133 0.00252313
  475 474.5 5.81711 0.00252479
  476 475.5 5.80194 0.0025182
  477 476.5 5.81369 0.0025233
  478 477.5 5.81391 0.0025234
  479 478.5 5.80854 0.00252107
  480 479.5 5.81326 0.00252311
  481 480.5 5.8066 0.00252023
  482 481.5 5.81239 0.00252274
  483 482.5 5.81857 0.00252542
  484 483.5 5.80883 0.00252119
  485 484.5 5.81552 0.0025241
  486 485.5 5.82227 0.00252703
  487 486.5 5.82778 0.00252942
  488 487.5 5.83653 0.00253322
  489 488.5 5.82866 0.0025298
  490 489.5 5.82885 0.00252988
  491 490.5 5.83505 0.00253257
  492 491.5 5.83484 0.00253248
  493 492.5 5.84825 0.0025383
  494 493.5 5.84773 0.00253808
  495 494.5 5.84483 0.00253682
  496 495.5 5.83591 0.00253295
  497 496.5 5.84605 0.00253735
  498 497.5 5.85006 0.00253909
  499 498.5 5.84836 0.00253835
  500 499.5 5.84579 0.00253723
  501 500.5 5.85096 0.00253948
  502 501.5 5.85111 0.00253954
  503 502.5 5.84414 0.00253652
  504 503.5 5.84996 0.00253905
  505 504.5 5.85309 0.0025404
  506 505.5 5.86985 0.00254768
  507 506.5 5.87772 0.00255109
  508 507.5 5.88223 0.00255305
  509 508.5 5.88658 0.00255494
  510 509.5 5.90158 0.00256145
  511 510.5 5.9056 0.00256319
  512 511.5 5.91162 0.00256581
  513 512.5 5.91211 0.00256602
  514 513.5 5.92037 0.00256961
  515 514.5 5.91893 0.00256898
  516 515.5 5.90953 0.0025649
  517 516.5 5.91124 0.00256564
  518 517.5 5.90948 0.00256488
  519 518.5 5.90746 0.002564
  520 519.5 5.90696 0.00256378
  521 520.5 5.919 0.00256901
  522 521.5 5.91683 0.00256807
  523 522.5 5.91003 0.00256512
  524 523.5 5.91022 0.0025652
  525 524.5 5.92097 0.00256986
  526 525.5 5.90962 0.00256494
  527 526.5 5.90837 0.0025644
  528 527.5 5.91493 0.00256724
  529 528.5 5.92366 0.00257103
  530 529.5 5.92192 0.00257028
  531 530.5 5.91649 0.00256792
  532 531.5 5.91167 0.00256583
  533 532.5 5.9165 0.00256793
  534 533.5 5.91603 0.00256772
  535 534.5 5.92415 0.00257124
  536 535.5 5.92923 0.00257345
  537 536.5 5.93774 0.00257714
  538 537.5 5.93553 0.00257618
  539 538.5 5.94991 0.00258243
  540 539.5 5.94869 0.0025819
  541 540.5 5.95267 0.00258362
  542 541.5 5.94728 0.00258128
  543 542.5 5.95293 0.00258374
  544 543.5 5.95977 0.0025867
  545 544.5 5.9453 0.00258043
  546 545.5 5.94976 0.00258236
  547 546.5 5.96266 0.00258796
  548 547.5 5.97524 0.00259342
  549 548.5 5.98009 0.00259553
  550 549.5 5.98799 0.00259896
  551 550.5 5.97962 0.00259532
  552 551.5 5.9824 0.00259653
  553 552.5 5.98576 0.00259799
  554 553.5 5.98532 0.0025978
  555 554.5 5.97544 0.00259351
  556 555.5 5.99249 0.00260091
  557 556.5 6.00581 0.00260669
  558 557.5 6.00438 0.00260607
  559 558.5 6.01607 0.00261114
  560 559.5 6.02076 0.00261318
  561 560.5 6.03941 0.00262127
  562 561.5 6.05679 0.00262882
  563 562.5 6.06872 0.00263399
  564 563.5 6.07799 0.00263802
  565 564.5 6.10673 0.00265049
  566 565.5 6.12399 0.00265798
  567 566.5 6.14582 0.00266746
  568 567.5 6.16928 0.00267764
  569 568.5 6.18856 0.00268601
  570 569.5 6.21468 0.00269735
  571 570.5 6.24846 0.002712
  572 571.5 6.26883 0.00272085
  573 572.5 6.30272 0.00273556
  574 573.5 6.33516 0.00274964
  575 574.5 6.38016 0.00276917
  576 575.5 6.42482 0.00278855
  577 576.5 6.47421 0.00280999
  578 577.5 6.52378 0.0028315
  579 578.5 6.58197 0.00285676
  580 579.5 6.66416 0.00289243
  581 580.5 6.74658 0.00292821
  582 581.5 6.81717 0.00295884
  583 582.5 6.90151 0.00299545
  584 583.5 7.01195 0.00304338
  585 584.5 7.1238 0.00309193
  586 585.5 7.23891 0.00314189
  587 586.5 7.37871 0.00320257
  588 587.5 7.52622 0.00326659
  589 588.5 7.67619 0.00333168
  590 589.5 7.85575 0.00340962
  591 590.5 8.03968 0.00348945
  592 591.5 8.25404 0.00358248
  593 592.5 8.46899 0.00367578
  594 593.5 8.71931 0.00378442
  595 594.5 8.98817 0.00390112
  596 595.5 9.26268 0.00402026
  597 596.5 9.55746 0.0041482
  598 597.5 9.8684 0.00428316
  599 598.5 10.1904 0.0044229
  600 599.5 10.5343 0.00457217
  601 600.5 10.8766 0.00472073
  602 601.5 11.2433 0.00487989
  603 602.5 11.6283 0.00504701
  604 603.5 12.0056 0.00521078
  605 604.5 12.3957 0.00538009
  606 605.5 12.8183 0.00556349
  607 606.5 13.22 0.00573785
  608 607.5 13.6168 0.00591006
  609 608.5 14.033 0.0060907
  610 609.5 14.4399 0.00626733
  611 610.5 14.8513 0.00644587
  612 611.5 15.2326 0.00661139
  613 612.5 15.6221 0.00678041
  614 613.5 15.9888 0.0069396
  615 614.5 16.3576 0.00709965
  616 615.5 16.7133 0.00725402
  617 616.5 17.0455 0.00739824
  618 617.5 17.3677 0.00753806
  619 618.5 17.6867 0.00767651
  620 619.5 17.9762 0.00780216
  621 620.5 18.2486 0.00792041
  622 621.5 18.5133 0.00803528
  623 622.5 18.7709 0.00814709
  624 623.5 19.0161 0.00825351
60000000 624 6184.000000000007
  1 0.5 19.3261 0.00838808
  2 1.5 19.5319 0.00847737
  3 2.5 19.7072 0.00855346
  4 3.5 19.8671 0.00862287
  5 4.5 20.0647 0.00870864
  6 5.5 20.2192 0.00877571
  7 6.5 20.3308 0.00882413
  8 7.5 20.4883 0.00889247
  9 8.5 20.6157 0.00894781
  10 9.5 20.6988 0.00898384
  11 10.5 20.791 0.00902387
  12 11.5 20.8903 0.00906696
  13 12.5 20.9806 0.00910617
  14 13.5 21.0147 0.00912095
  15 14.5 21.0942 0.00915545
  16 15.5 21.1439 0.00917704
  17 16.5 21.2091 0.00920535
  18 17.5 21.2591 0.00922703
  19 18.5 21.3123 0.00925014
  20 19.5 21.3395 0.00926193
  21 20.5 21.3904 0.00928402
  22 21.5 21.4324 0.00930226
  23 22.5 21.4459 0.00930812
  24 23.5 21.4875 0.00932617
  25 24.5 21.5334 0.00934608
  26 25.5 21.541 0.00934939
  27 26.5 21.542 0.00934984
  28 27.5 21.5723 0.00936299
  29 28.5 21.6015 0.00937563
  30 29.5 21.5948 0.00937275
  31 30.5 21.5985 0.00937433
  32 31.5 21.6228 0.00938489
  33 32.5 21.6116 0.00938004
  34 33.5 21.6199 0.00938365
  35 34.5 21.6109 0.00937973
  36 35.5 21.6097 0.00937923
  37 36.5 21.6343 0.00938988
  38 37.5 21.6242 0.00938551
  39 38.5 21.6428 0.00939357
  40 39.5 21.6504 0.00939688
  41 40.5 21.6462 0.00939507
  42 41.5 21.6378 0.00939142
  43 42.5 21.6331 0.00938937
  44 43.5 21.6458 0.00939488
  45 44.5 21.631 0.00938846
  46 45.5 21.6475 0.00939563
  47 46.5 21.6125 0.00938043
  48 47.5 21.6166 0.0093822
  49 48.5 21.6578 0.00940007
  50 49.5 21.6347 0.00939005
  51 50.5 21.6099 0.00937932
  52 51.5 21.6093 0.00937903
  53 52.5 21.6218 0.00938446
  54 53.5 21.6033 0.00937642
  55 54.5 21.6111 0.00937982
  56 55.5 21.6255 0.00938607
  57 56.5 21.6222 0.00938462
  58 57.5 21.6061 0.00937764
  59 58.5 21.617 0.00938236
  60 59.5 21.6366 0.00939087
  61 60.5 21.6268 0.00938664
  62 61.5 21.6318 0.00938882
  63 62.5 21.6411 0.00939284
  64 63.5 21.6393 0.00939206
  65 64.5 21.6514 0.00939732
  66 65.5 21.6456 0.00939478
  67 66.5 21.65 0.00939671
  68 67.5 21.6529 0.00939796
  69 68.5 21.6641 0.00940284
  70 69.5 21.6508 0.00939705
  71 70.5 21.6584 0.00940034
  72 71.5 21.6413 0.00939293
  73 72.5 21.6559 0.00939924
  74 73.5 21.6485 0.00939603
  75 74.5 21.6575 0.00939997
  76 75.5 21.6461 0.00939502
  77 76.5 21.6288 0.00938752
  78 77.5 21.6501 0.00939674
  79 78.5 21.6381 0.00939154
  80 79.5 21.6467 0.00939529
  81 80.5 21.6517 0.00939745
  82 81.5 21.6523 0.00939771
  83 82.5 21.6471 0.00939544
  84 83.5 21.6448 0.00939443
  85 84.5 21.6663 0.00940379
  86 85.5 21.6548 0.00939876
  87 86.5 21.6635 0.00940255
  88 87.5 21.6681 0.00940456
  89 88.5 21.696 0.00941669
  90 89.5 21.6943 0.00941591
  91 90.5 21.6895 0.00941383
  92 91.5 21.6941 0.00941586
  93 92.5 21.7103 0.00942285
  94 93.5 21.7072 0.00942152
  95 94.5 21.7249 0.00942921
  96 95.5 21.7344 0.00943333
  97 96.5 21.7293 0.00943113
  98 97.5 21.7393 0.00943545
  99 98.5 21.7566 0.00944297
  100 99.5 21.7514 0.00944072
  101 100.5 21.7587 0.0094439
  102 101.5 21.7545 0.00944206
  103 102.5 21.7524 0.00944116
  104 103.5 21.7731 0.00945014
  105 104.5 21.7818 0.00945389
  106 105.5 21.7694 0.00944853
  107 106.5 21.7778 0.00945215
  108 107.5 21.7872 0.00945623
  109 108.5 21.7797 0.00945301
  110 109.5 21.7864 0.00945588
  111 110.5 21.7845 0.00945509
  112 111.5 21.7796 0.00945297
  113 112.5 21.7807 0.00945341
  114 113.5 21.7523 0.00944111
  115 114.5 21.7577 0.00944343
  116 115.5 21.7659 0.00944701
  117 116.5 21.7486 0.00943948
  118 117.5 21.7331 0.00943276
  119 118.5 21.7208 0.00942742
  120 119.5 21.7325 0.00943252
  121 120.5 21.7224 0.00942815
  122 121.5 21.699 0.00941797
  123 122.5 21.678 0.00940886
  124 123.5 21.6963 0.00941679
  125 124.5 21.6913 0.00941462
  126 125.5 21.6606 0.0094013
  127 126.5 21.6447 0.00939442
  128 127.5 21.664 0.0094028
  129 128.5 21.6643 0.00940292
  130 129.5 21.6286 0.00938743
  131 130.5 21.6483 0.00939598
  132 131.5 21.6477 0.0093957
  133 132.5 21.648 0.00939581
  134 133.5 21.6092 0.009379
  135 134.5 21.6219 0.00938452
  136 135.5 21.6224 0.00938473
  137 136.5 21.605 0.00937718
  138 137.5 21.6213 0.00938423
  139 138.5 21.6184 0.00938297
  140 139.5 21.624 0.00938543
  141 140.5 21.6345 0.00938995
  142 141.5 21.6267 0.00938659
  143 142.5 21.6438 0.009394
  144 143.5 21.6535 0.00939822
  145 144.5 21.6467 0.00939527
  146 145.5 21.626 0.00938629
  147 146.5 21.6339 0.00938971
  148 147.5 21.6255 0.00938605
  149 148.5 21.602 0.00937588
  150 149.5 21.6197 0.00938356
  151 150.5 21.6059 0.00937758
  152 151.5 21.6122 0.00938032
  153 152.5 21.6004 0.00937518
  154 153.5 21.62 0.0093837
  155 154.5 21.6124 0.0093804
  156 155.5 21.6166 0.00938222
  157 156.5 21.6064 0.00937778
  158 157.5 21.5982 0.00937422
  159 158.5 21.5869 0.00936933
  160 159.5 21.5795 0.00936611
  161 160.5 21.5581 0.00935682
  162 161.5 21.5339 0.00934633
  163 162.5 21.5183 0.00933953
  164 163.5 21.5117 0.00933668
  165 164.5 21.478 0.00932204
  166 165.5 21.4435 0.00930709
  167 166.5 21.4215 0.00929752
  168 167.5 21.3905 0.00928406
  169 168.5 21.3684 0.00927448
  170 169.5 21.3208 0.00925384
  171 170.5 21.2845 0.00923806
  172 171.5 21.2712 0.00923228
  173 172.5 21.217 0.00920877
  174 173.5 21.1936 0.00919859
  175 174.5 21.1547 0.00918173
  176 175.5 21.0958 0.00915618
  177 176.5 21.0484 0.0091356
  178 177.5 20.9806 0.00910615
  179 178.5 20.918 0.00907898
  180 179.5 20.8298 0.00904073
  181 180.5 20.7629 0.00901165
  182 181.5 20.6737 0.00897295
  183 182.5 20.5767 0.00893084
  184 183.5 20.4611 0.00888068
  185 184.5 20.3595 0.00883661
  186 185.5 20.2299 0.00878034
  187 186.5 20.0888 0.0087191
  188 187.5 19.9454 0.00865686
  189 188.5 19.761 0.00857683
  190 189.5 19.5918 0.00850338
  191 190.5 19.3809 0.00841185
  192 191.5 19.172 0.0083212
  193 192.5 18.9728 0.00823471
  194 193.5 18.7166 0.00812353
  195 194.5 18.4327 0.0080003
  196 195.5 18.1481 0.00787678
  197 196.5 17.8375 0.00774197
  198 197.5 17.4544 0.0075757
  199 198.5 17.0546 0.00740217
  200 199.5 16.6065 0.0072077
  201 200.5 16.0956 0.00698593
  202 201.5 15.5126 0.00673289
  203 202.5 14.8773 0.00645717
  204 203.5 14.153 0.00614278
  205 204.5 13.3046 0.00577457
  206 205.5 12.3577 0.00536359
  207 206.5 11.3701 0.00493495
  208 207.5 10.2892 0.0044658
  209 208.5 9.14128 0.00396757
  210 209.5 8.00079 0.00347257
  211 210.5 6.91192 0.00299996
  212 211.5 5.8573 0.00254223
  213 212.5 4.89193 0.00212323
  214 213.5 4.04022 0.00175357
  215 214.5 3.32531 0.00144328
  216 215.5 2.72255 0.00118166
  217 216.5 2.24085 0.000972589
  218 217.5 1.85914 0.000806917
  219 218.5 1.56732 0.00068026
  220 219.5 1.34415 0.000583397
  221 220.5 1.17979 0.00051206
  222 221.5 1.05797 0.000459187
  223 222.5 0.966251 0.00041938
  224 223.5 0.9019 0.00039145
  225 224.5 0.852285 0.000369915
  226 225.5 0.817056 0.000354625
  227 226.5 0.795067 0.000345081
  228 227.5 0.774826 0.000336296
  229 228.5 0.765688 0.00033233
  230 229.5 0.757931 0.000328963
  231 230.5 0.753791 0.000327166
  232 231.5 0.745996 0.000323783
  233 232.5 0.739815 0.0003211
  234 233.5 0.737428 0.000320064
  235 234.5 0.741109 0.000321662
  236 235.5 0.732493 0.000317922
  237 236.5 0.727227 0.000315637
  238 237.5 0.723512 0.000314024
  239 238.5 0.724788 0.000314578
  240 239.5 0.720198 0.000312586
  241 240.5 0.71787 0.000311576
  242 241.5 0.723041 0.00031382
  243 242.5 0.714291 0.000310022
  244 243.5 0.711698 0.000308897
  245 244.5 0.711952 0.000309007
  246 245.5 0.70992 0.000308125
  247 246.5 0.701285 0.000304377
  248 247.5 0.697995 0.000302949
  249 248.5 0.693117 0.000300832
  250 249.5 0.693734 0.0003011
  251 250.5 0.698841 0.000303316
  252 251.5 0.703688 0.00030542
  253 252.5 0.706516 0.000306648
  254 253.5 0.711902 0.000308985
  255 254.5 0.712773 0.000309363
  256 255.5 0.712921 0.000309428
  257 256.5 0.710116 0.00030821
  258 257.5 0.711539 0.000308828
  259 258.5 0.710529 0.000308389
  260 259.5 0.710798 0.000308506
  261 260.5 0.710434 0.000308348
  262 261.5 0.707028 0.00030687
  263 262.5 0.709301 0.000307856
  264 263.5 0.707763 0.000307189
  265 264.5 0.702507 0.000304908
  266 265.5 0.704876 0.000305936
  267 266.5 0.695866 0.000302025
  268 267.5 0.690822 0.000299836
  269 268.5 0.696505 0.000302303
  270 269.5 0.697138 0.000302577
  271 270.5 0.694223 0.000301312
  272 271.5 0.688945 0.000299021
  273 272.5 0.689509 0.000299266
  274 273.5 0.684715 0.000297185
  275 274.5 0.684952 0.000297288
  276 275.5 0.686776 0.00029808
  277 276.5 0.684944 0.000297285
  278 277.5 0.683333 0.000296586
  279 278.5 0.677904 0.000294229
  280 279.5 0.675574 0.000293218
  281 280.5 0.679707 0.000295012
  282 281.5 0.681608 0.000295837
  283 282.5 0.681685 0.00029587
  284 283.5 0.678507 0.000294491
  285 284.5 0.675303 0.0002931
  286 285.5 0.676452 0.000293599
  287 286.5 0.680547 0.000295376
  288 287.5 0.68151 0.000295794
  289 288.5 0.676585 0.000293657
  290 289.5 0.6778 0.000294184
  291 290.5 0.673986 0.000292529
  292 291.5 0.677168 0.00029391
  293 292.5 0.672739 0.000291987
  294 293.5 0.668594 0.000290188
  295 294.5 0.668 0.000289931
  296 295.5 0.662741 0.000287648
  297 296.5 0.65883 0.000285951
  298 297.5 0.657951 0.000285569
  299 298.5 0.656674 0.000285015
  300 299.5 0.658511 0.000285812
  301 300.5 0.655818 0.000284643
  302 301.5 0.650107 0.000282164
  303 302.5 0.652781 0.000283325
  304 303.5 0.65649 0.000284935
  305 304.5 0.662192 0.00028741
  306 305.5 0.659901 0.000286415
  307 306.5 0.660029 0.000286471
  308 307.5 0.665283 0.000288751
  309 308.5 0.662886 0.000287711
  310 309.5 0.664228 0.000288293
  311 310.5 0.662984 0.000287753
  312 311.5 0.666036 0.000289078
  313 312.5 0.666523 0.000289289
  314 313.5 0.669458 0.000290563
  315 314.5 0.669347 0.000290515
  316 315.5 0.672864 0.000292042
  317 316.5 0.669724 0.000290679
  318 317.5 0.674421 0.000292717
  319 318.5 0.670892 0.000291186
  320 319.5 0.676064 0.000293431
  321 320.5 0.674745 0.000292858
  322 321.5 0.675051 0.000292991
  323 322.5 0.672614 0.000291933
  324 323.5 0.67088 0.000291181
  325 324.5 0.672224 0.000291764
  326 325.5 0.675432 0.000293156
  327 326.5 0.680777 0.000295476
  328 327.5 0.681281 0.000295695
  329 328.5 0.681336 0.000295719
  330 329.5 0.689613 0.000299311
  331 330.5 0.690988 0.000299908
  332 331.5 0.693813 0.000301134
  333 332.5 0.689646 0.000299326
  334 333.5 0.691451 0.000300109
  335 334.5 0.691572 0.000300161
  336 335.5 0.69398 0.000301207
  337 336.5 0.694463 0.000301416
  338 337.5 0.692987 0.000300776
  339 338.5 0.694865 0.000301591
  340 339.5 0.693593 0.000301039
  341 340.5 0.691579 0.000300164
  342 341.5 0.695628 0.000301922
  343 342.5 0.695925 0.000302051
  344 343.5 0.694998 0.000301648
  345 344.5 0.701177 0.00030433
  346 345.5 0.70807 0.000307322
  347 346.5 0.702207 0.000304777
  348 347.5 0.698377 0.000303115
  349 348.5 0.69695 0.000302496
  350 349.5 0.698445 0.000303145
  351 350.5 0.705367 0.000306149
  352 351.5 0.702879 0.000305069
  353 352.5 0.706824 0.000306781
  354 353.5 0.707267 0.000306974
  355 354.5 0.70582 0.000306345
  356 355.5 0.708527 0.00030752
  357 356.5 0.706795 0.000306769
  358 357.5 0.712352 0.000309181
  359 358.5 0.709083 0.000307762
  360 359.5 0.710806 0.00030851
  361 360.5 0.710398 0.000308332
  362 361.5 0.712073 0.000309059
  363 362.5 0.714968 0.000310316
  364 363.5 0.716629 0.000311037
  365 364.5 0.722111 0.000313416
  366 365.5 0.725195 0.000314755
  367 366.5 0.731803 0.000317623
  368 367.5 0.727204 0.000315627
  369 368.5 0.72065 0.000312782
  370 369.5 0.72429 0.000314362
  371 370.5 0.729346 0.000316556
  372 371.5 0.724723 0.00031455
  373 372.5 0.719294 0.000312194
  374 373.5 0.724045 0.000314256
  375 374.5 0.724454 0.000314433
  376 375.5 0.7246 0.000314497
  377 376.5 0.717405 0.000311374
  378 377.5 0.71922 0.000312161
  379 378.5 0.720879 0.000312882
  380 379.5 0.719162 0.000312136
  381 380.5 0.719344 0.000312215
  382 381.5 0.721614 0.000313201
  383 382.5 0.720041 0.000312518
  384 383.5 0.716238 0.000310867
  385 384.5 0.71901 0.00031207
  386 385.5 0.717693 0.000311499
  387 386.5 0.717646 0.000311478
  388 387.5 0.722806 0.000313718
  389 388.5 0.720337 0.000312646
  390 389.5 0.720729 0.000312816
  391 390.5 0.719327 0.000312208
  392 391.5 0.714593 0.000310153
  393 392.5 0.715688 0.000310628
  394 393.5 0.716341 0.000310912
  395 394.5 0.716147 0.000310828
  396 395.5 0.718665 0.000311921
  397 396.5 0.717503 0.000311416
  398 397.5 0.725091 0.00031471
  399 398.5 0.728828 0.000316332
  400 399.5 0.738526 0.000320541
  401 400.5 0.75084 0.000325885
  402 401.5 0.769175 0.000333843
  403 402.5 0.793243 0.000344289
  404 403.5 0.824857 0.000358011
  405 404.5 0.864895 0.000375388
  406 405.5 0.92262 0.000400443
  407 406.5 0.996396 0.000432464
  408 407.5 1.09397 0.000474813
  409 408.5 1.23311 0.000535204
  410 409.5 1.42097 0.00061674
  411 410.5 1.65626 0.000718861
  412 411.5 1.94705 0.000845074
  413 412.5 2.33361 0.00101285
  414 413.5 2.8083 0.00121888
  415 414.5 3.37012 0.00146272
  416 415.5 4.01772 0.0017438
  417 416.5 4.72542 0.00205096
  418 417.5 5.45252 0.00236655
  419 418.5 6.18815 0.00268583
  420 419.5 6.89489 0.00299257
  421 420.5 7.54473 0.00327462
  422 421.5 8.09285 0.00351252
  423 422.5 8.52821 0.00370148
  424 423.5 8.87767 0.00385315
  425 424.5 9.1055 0.00395204
  426 425.5 9.23352 0.0040076
  427 426.5 9.27131 0.004024
  428 427.5 9.24373 0.00401203
  429 428.5 9.16607 0.00397833
  430 429.5 9.04381 0.00392526
  431 430.5 8.89459 0.0038605
  432 431.5 8.71722 0.00378351
  433 432.5 8.53599 0.00370486
  434 433.5 8.36043 0.00362866
  435 434.5 8.17034 0.00354615
  436 435.5 7.98496 0.00346569
  437 436.5 7.82759 0.00339739
  438 437.5 7.68029 0.00333346
  439 438.5 7.54349 0.00327409
  440 439.5 7.41664 0.00321903
  441 440.5 7.28786 0.00316313
  442 441.5 7.1844 0.00311823
  443 442.5 7.07114 0.00306907
  444 443.5 6.98448 0.00303146
  445 444.5 6.90565 0.00299724
  446 445.5 6.83232 0.00296542
  447 446.5 6.75083 0.00293005
  448 447.5 6.69289 0.0029049
  449 448.5 6.63867 0.00288137
  450 449.5 6.59175 0.002861
  451 450.5 6.54354 0.00284008
  452 451.5 6.495 0.00281901
  453 452.5 6.45123 0.00280002
  454 453.5 6.42256 0.00278757
  455 454.5 6.39991 0.00277774
  456 455.5 6.36163 0.00276113
  457 456.5 6.33409 0.00274917
  458 457.5 6.30502 0.00273656
  459 458.5 6.27798 0.00272482
  460 459.5 6.26254 0.00271812
  461 460.5 6.24786 0.00271175
  462 461.5 6.23589 0.00270655
  463 462.5 6.22385 0.00270132
  464 463.5 6.21842 0.00269897
  465 464.5 6.20523 0.00269324
  466 465.5 6.20054 0.00269121
  467 466.5 6.20532 0.00269328
  468 467.5 6.1965 0.00268945
  469 468.5 6.19085 0.002687
  470 469.5 6.18807 0.00268579
  471 470.5 6.19715 0.00268974
  472 471.5 6.18315 0.00268366
  473 472.5 6.17964 0.00268214
  474 473.5 6.18145 0.00268292
  475 474.5 6.17537 0.00268028
  476 475.5 6.18059 0.00268255
  477 476.5 6.17767 0.00268128
  478 477.5 6.19651 0.00268946
  479 478.5 6.20096 0.00269139
  480 479.5 6.18628 0.00268502
  481 480.5 6.18333 0.00268374
  482 481.5 6.19052 0.00268686
  483 482.5 6.17909 0.0026819
  484 483.5 6.17238 0.00267898
  485 484.5 6.1676 0.00267691
  486 485.5 6.16311 0.00267496
  487 486.5 6.17056 0.00267819
  488 487.5 6.16064 0.00267389
  489 488.5 6.15523 0.00267154
  490 489.5 6.15046 0.00266947
  491 490.5 6.15059 0.00266953
  492 491.5 6.15397 0.00267099
  493 492.5 6.16204 0.0026745
  494 493.5 6.15168 0.00267
  495 494.5 6.14612 0.00266759
  496 495.5 6.14537 0.00266726
  497 496.5 6.14356 0.00266648
  498 497.5 6.13403 0.00266234
  499 498.5 6.13093 0.00266099
  500 499.5 6.13603 0.00266321
  501 500.5 6.13225 0.00266157
  502 501.5 6.1357 0.00266307
  503 502.5 6.13234 0.00266161
  504 503.5 6.12795 0.0026597
  505 504.5 6.11772 0.00265526
  506 505.5 6.11093 0.00265231
  507 506.5 6.11484 0.00265401
  508 507.5 6.12011 0.0026563
  509 508.5 6.11556 0.00265432
  510 509.5 6.11385 0.00265358
  511 510.5 6.11008 0.00265195
  512 511.5 6.10729 0.00265074
  513 512.5 6.10694 0.00265058
  514 513.5 6.11376 0.00265354
  515 514.5 6.1057 0.00265004
  516 515.5 6.11685 0.00265488
  517 516.5 6.11459 0.0026539
  518 517.5 6.10177 0.00264834
  519 518.5 6.09978 0.00264747
  520 519.5 6.10477 0.00264964
  521 520.5 6.10898 0.00265147
  522 521.5 6.09861 0.00264696
  523 522.5 6.09749 0.00264648
  524 523.5 6.10419 0.00264939
  525 524.5 6.10727 0.00265073
  526 525.5 6.11574 0.0026544
  527 526.5 6.12 0.00265625
  528 527.5 6.12018 0.00265633
  529 528.5 6.12272 0.00265743
  530 529.5 6.11788 0.00265533
  531 530.5 6.12215 0.00265718
  532 531.5 6.12211 0.00265717
  533 532.5 6.11992 0.00265621
  534 533.5 6.12017 0.00265633
  535 534.5 6.13014 0.00266065
  536 535.5 6.12983 0.00266052
  537 536.5 6.13374 0.00266221
  538 537.5 6.12806 0.00265975
  539 538.5 6.1407 0.00266524
  540 539.5 6.15289 0.00267053
  541 540.5 6.15334 0.00267072
  542 541.5 6.15789 0.0026727
  543 542.5 6.1469 0.00266793
  544 543.5 6.16201 0.00267449
  545 544.5 6.17789 0.00268138
  546 545.5 6.17751 0.00268121
  547 546.5 6.18585 0.00268483
  548 547.5 6.19186 0.00268744
  549 548.5 6.20126 0.00269152
  550 549.5 6.20688 0.00269396
  551 550.5 6.20629 0.0026937
  552 551.5 6.2157 0.00269779
  553 552.5 6.21286 0.00269655
  554 553.5 6.2144 0.00269722
  555 554.5 6.22669 0.00270256
  556 555.5 6.22426 0.0027015
  557 556.5 6.23937 0.00270806
  558 557.5 6.25382 0.00271433
  559 558.5 6.2569 0.00271567
  560 559.5 6.2627 0.00271819
  561 560.5 6.27549 0.00272374
  562 561.5 6.28685 0.00272867
  563 562.5 6.28279 0.00272691
  564 563.5 6.28736 0.00272889
  565 564.5 6.30112 0.00273486
  566 565.5 6.30418 0.00273619
  567 566.5 6.32001 0.00274306
  568 567.5 6.34923 0.00275574
  569 568.5 6.37942 0.00276885
  570 569.5 6.4026 0.00277891
  571 570.5 6.43073 0.00279112
  572 571.5 6.47181 0.00280895
  573 572.5 6.50616 0.00282385
  574 573.5 6.54843 0.0028422
  575 574.5 6.60584 0.00286712
  576 575.5 6.65254 0.00288739
  577 576.5 6.70925 0.002912
  578 577.5 6.77181 0.00293915
  579 578.5 6.83819 0.00296797
  580 579.5 6.92193 0.00300431
  581 580.5 7.01804 0.00304602
  582 581.5 7.1117 0.00308667
  583 582.5 7.20788 0.00312842
  584 583.5 7.33293 0.0031827
  585 584.5 7.4587 0.00323728
  586 585.5 7.60101 0.00329905
  587 586.5 7.77343 0.00337388
  588 587.5 7.93516 0.00344408
  589 588.5 8.11024 0.00352007
  590 589.5 8.31606 0.0036094
  591 590.5 8.53325 0.00370367
  592 591.5 8.75076 0.00379807
  593 592.5 8.97701 0.00389627
  594 593.5 9.23692 0.00400908
  595 594.5 9.50637 0.00412603
  596 595.5 9.80266 0.00425463
  597 596.5 10.0917 0.00438009
  598 597.5 10.4103 0.00451838
  599 598.5 10.7349 0.00465923
  600 599.5 11.0797 0.0048089
  601 600.5 11.4401 0.00496534
  602 601.5 11.801 0.00512197
  603 602.5 12.1671 0.00528085
  604 603.5 12.5388 0.00544219
  605 604.5 12.9166 0.00560616
  606 605.5 13.3015 0.00577323
  607 606.5 13.6898 0.00594177
  608 607.5 14.0823 0.00611211
  609 608.5 14.4601 0.0062761
  610 609.5 14.8449 0.00644308
  611 610.5 15.2051 0.00659945
  612 611.5 15.5693 0.00675749
  613 612.5 15.9509 0.00692315
  614 613.5 16.3039 0.00707637
  615 614.5 16.6442 0.00722406
  616 615.5 16.9705 0.00736567
  617 616.5 17.2819 0.00750081
  618 617.5 17.6015 0.00763953
  619 618.5 17.8867 0.00776335
  620 619.5 18.1596 0.00788179
  621 620.5 18.4247 0.00799682
  622 621.5 18.6739 0.00810497
  623 622.5 18.9014 0.00820372
  624 623.5 19.1149 0.0082964
80000000 624 6183.99999999999
  1 0.5 20.0949 0.00872176
  2 1.5 20.2843 0.00880397
  3 2.5 20.4482 0.0088751
  4 3.5 20.5888 0.00893609
  5 4.5 20.7429 0.00900299
  6 5.5 20.8676 0.00905712
  7 6.5 20.9876 0.0091092
  8 7.5 21.0927 0.00915483
  9 8.5 21.1915 0.0091977
  10 9.5 21.2541 0.00922488
  11 10.5 21.3478 0.00926552
  12 11.5 21.4136 0.00929408
  13 12.5 21.4726 0.00931973
  14 13.5 21.5352 0.00934689
  15 14.5 21.5656 0.00936008
  16 15.5 21.619 0.00938323
  17 16.5 21.6422 0.00939331
  18 17.5 21.6976 0.00941735
  19 18.5 21.7089 0.00942227
  20 19.5 21.7277 0.00943043
  21 20.5 21.7674 0.00944765
  22 21.5 21.7822 0.00945407
  23 22.5 21.7889 0.00945701
  24 23.5 21.8102 0.00946625
  25 24.5 21.7901 0.00945749
  26 25.5 21.8175 0.00946939
  27 26.5 21.8293 0.00947453
  28 27.5 21.8363 0.00947756
  29 28.5 21.8273 0.00947366
  30 29.5 21.8259 0.00947305
  31 30.5 21.8534 0.00948497
  32 31.5 21.8582 0.00948707
  33 32.5 21.8593 0.00948754
  34 33.5 21.8726 0.0094933
  35 34.5 21.8747 0.00949422
  36 35.5 21.8478 0.00948254
  37 36.5 21.8479 0.00948258
  38 37.5 21.8738 0.00949382
  39 38.5 21.8583 0.0094871
  40 39.5 21.8533 0.00948495
  41 40.5 21.8412 0.00947967
  42 41.5 21.8502 0.0094836
  43 42.5 21.842 0.00948003
  44 43.5 21.8323 0.00947583
  45 44.5 21.823 0.00947178
  46 45.5 21.8161 0.00946879
  47 46.5 21.8102 0.00946622
  48 47.5 21.7869 0.00945613
  49 48.5 21.7734 0.00945024
  50 49.5 21.7709 0.0094492
  51 50.5 21.7722 0.00944976
  52 51.5 21.7732 0.00945016
  53 52.5 21.7549 0.00944222
  54 53.5 21.7391 0.00943538
  55 54.5 21.7461 0.00943842
  56 55.5 21.7557 0.00944259
  57 56.5 21.7376 0.00943472
  58 57.5 21.7148 0.00942484
  59 58.5 21.7401 0.00943579
  60 59.5 21.7458 0.00943826
  61 60.5 21.7059 0.00942095
  62 61.5 21.6922 0.00941503
  63 62.5 21.7216 0.00942778
  64 63.5 21.7178 0.00942615
  65 64.5 21.7176 0.00942606
  66 65.5 21.6953 0.00941638
  67 66.5 21.7202 0.00942715
  68 67.5 21.7203 0.00942721
  69 68.5 21.7261 0.00942972
  70 69.5 21.72 0.00942708
  71 70.5 21.7497 0.00943998
  72 71.5 21.7354 0.00943379
  73 72.5 21.7335 0.00943296
  74 73.5 21.7729 0.00945006
  75 74.5 21.7611 0.00944492
  76 75.5 21.7699 0.00944874
  77 76.5 21.7736 0.00945034
  78 77.5 21.7744 0.00945071
  79 78.5 21.78 0.00945311
  80 79.5 21.7858 0.00945565
  81 80.5 21.7937 0.00945907
  82 81.5 21.7848 0.0094552
  83 82.5 21.7974 0.00946066
  84 83.5 21.7951 0.00945967
  85 84.5 21.786 0.00945572
  86 85.5 21.8149 0.00946826
  87 86.5 21.8264 0.00947325
  88 87.5 21.7972 0.00946061
  89 88.5 21.7926 0.00945858
  90 89.5 21.8125 0.00946725
  91 90.5 21.81 0.00946614
  92 91.5 21.7941 0.00945923
  93 92.5 21.8125 0.00946723
  94 93.5 21.8232 0.00947189
  95 94.5 21.8206 0.00947077
  96 95.5 21.8123 0.00946714
  97 96.5 21.8237 0.0094721
  98 97.5 21.8293 0.00947451
  99 98.5 21.8414 0.00947976
  100 99.5 21.8107 0.00946645
  101 100.5 21.7925 0.00945855
  102 101.5 21.8225 0.00947156
  103 102.5 21.813 0.00946744
  104 103.5 21.7881 0.00945663
  105 104.5 21.7975 0.00946072
  106 105.5 21.8017 0.00946252
  107 106.5 21.8037 0.00946343
  108 107.5 21.7902 0.00945755
  109 108.5 21.7774 0.00945199
  110 109.5 21.7839 0.00945483
  111 110.5 21.7828 0.00945434
  112 111.5 21.8029 0.00946305
  113 112.5 21.7957 0.00945994
  114 113.5 21.8048 0.00946388
  115 114.5 21.8043 0.00946367
  116 115.5 21.7998 0.00946174
  117 116.5 21.8015 0.00946245
  118 117.5 21.8043 0.00946367
  119 118.5 21.8096 0.00946599
  120 119.5 21.7999 0.00946176
  121 120.5 21.7819 0.00945395
  122 121.5 21.8094 0.00946587
  123 122.5 21.8068 0.00946475
  124 123.5 21.8023 0.00946281
  125 124.5 21.7875 0.0094564
  126 125.5 21.7869 0.00945613
  127 126.5 21.7833 0.00945457
  128 127.5 21.759 0.00944402
  129 128.5 21.7651 0.00944665
  130 129.5 21.7707 0.00944909
  131 130.5 21.7608 0.00944478
  132 131.5 21.7511 0.0094406
  133 132.5 21.7432 0.00943714
  134 133.5 21.7352 0.00943367
  135 134.5 21.7406 0.00943603
  136 135.5 21.7379 0.00943484
  137 136.5 21.7283 0.00943067
  138 137.5 21.7277 0.00943042
  139 138.5 21.7303 0.00943156
  140 139.5 21.723 0.00942837
  141 140.5 21.6953 0.00941635
  142 141.5 21.697 0.00941709
  143 142.5 21.6639 0.00940274
  144 143.5 21.6672 0.00940417
  145 144.5 21.6669 0.00940402
  146 145.5 21.6325 0.00938909
  147 146.5 21.63 0.009388
  148 147.5 21.597 0.0093737
  149 148.5 21.5981 0.00937417
  150 149.5 21.5771 0.00936508
  151 150.5 21.5601 0.00935767
  152 151.5 21.5383 0.00934824
  153 152.5 21.5345 0.00934657
  154 153.5 21.5066 0.00933445
  155 154.5 21.4956 0.00932969
  156 155.5 21.4905 0.00932749
  157 156.5 21.4617 0.00931497
  158 157.5 21.466 0.00931683
  159 158.5 21.4553 0.00931218
  160 159.5 21.4401 0.00930559
  161 160.5 21.4314 0.0093018
  162 161.5 21.4233 0.00929831
  163 162.5 21.3933 0.0092853
  164 163.5 21.4005 0.0092884
  165 164.5 21.385 0.00928171
  166 165.5 21.3722 0.00927613
  167 166.5 21.3352 0.00926005
  168 167.5 21.2967 0.00924334
  169 168.5 21.2751 0.00923399
  170 169.5 21.2399 0.00921869
  171 170.5 21.2068 0.00920432
  172 171.5 21.169 0.00918794
  173 172.5 21.131 0.00917144
  174 173.5 21.084 0.00915106
  175 174.5 21.0492 0.00913594
  176 175.5 20.9788 0.00910539
  177 176.5 20.9237 0.00908145
  178 177.5 20.8758 0.00906067
  179 178.5 20.8157 0.00903461
  180 179.5 20.7508 0.0090064
  181 180.5 20.6707 0.00897168
  182 181.5 20.593 0.00893793
  183 182.5 20.4829 0.00889015
  184 183.5 20.3864 0.00884826
  185 184.5 20.3093 0.00881482
  186 185.5 20.1888 0.00876248
  187 186.5 20.0469 0.0087009
  188 187.5 19.9124 0.00864251
  189 188.5 19.7809 0.00858546
  190 189.5 19.5982 0.00850614
  191 190.5 19.4052 0.00842241
  192 191.5 19.2207 0.00834231
  193 192.5 19.014 0.00825262
  194 193.5 18.7796 0.00815085
  195 194.5 18.5396 0.0080467
  196 195.5 18.2802 0.00793414
  197 196.5 17.9858 0.00780634
  198 197.5 17.6591 0.00766455
  199 198.5 17.325 0.00751954
  200 199.5 16.9515 0.00735744
  201 200.5 16.5385 0.00717818
  202 201.5 16.0843 0.00698105
  203 202.5 15.5779 0.00676125
  204 203.5 15.018 0.00651825
  205 204.5 14.3876 0.0062446
  206 205.5 13.6996 0.005946
  207 206.5 12.9164 0.00560609
  208 207.5 12.0404 0.00522585
  209 208.5 11.0666 0.0048032
  210 209.5 10.0258 0.00435147
  211 210.5 8.9433 0.00388164
  212 211.5 7.8524 0.00340816
  213 212.5 6.77302 0.00293968
  214 213.5 5.73296 0.00248826
  215 214.5 4.80366 0.00208492
  216 215.5 3.9741 0.00172487
  217 216.5 3.25117 0.0014111
  218 217.5 2.65731 0.00115335
  219 218.5 2.19094 0.000950928
  220 219.5 1.8194 0.00078967
  221 220.5 1.53526 0.000666345
  222 221.5 1.32314 0.00057428
  223 222.5 1.17211 0.000508727
  224 223.5 1.06313 0.000461426
  225 224.5 0.980136 0.000425406
  226 225.5 0.919957 0.000399287
  227 226.5 0.87719 0.000380725
  228 227.5 0.84389 0.000366272
  229 228.5 0.81885 0.000355404
  230 229.5 0.796183 0.000345566
  231 230.5 0.784708 0.000340585
  232 231.5 0.773701 0.000335808
  233 232.5 0.757397 0.000328731
  234 233.5 0.753618 0.000327091
  235 234.5 0.745994 0.000323782
  236 235.5 0.743034 0.000322497
  237 236.5 0.73495 0.000318989
  238 237.5 0.737341 0.000320026
  239 238.5 0.738708 0.00032062
  240 239.5 0.739651 0.000321029
  241 240.5 0.732855 0.000318079
  242 241.5 0.733301 0.000318273
  243 242.5 0.728215 0.000316066
  244 243.5 0.720352 0.000312653
  245 244.5 0.725939 0.000315078
  246 245.5 0.728618 0.00031624
  247 246.5 0.723953 0.000314216
  248 247.5 0.726451 0.0003153
  249 248.5 0.729027 0.000316418
  250 249.5 0.7306 0.000317101
  251 250.5 0.729828 0.000316766
  252 251.5 0.732474 0.000317914
  253 252.5 0.731351 0.000317427
  254 253.5 0.72527 0.000314787
  255 254.5 0.72205 0.00031339
  256 255.5 0.718186 0.000311713
  257 256.5 0.717903 0.00031159
  258 257.5 0.7215 0.000313151
  259 258.5 0.723016 0.000313809
  260 259.5 0.7195 0.000312283
  261 260.5 0.719423 0.00031225
  262 261.5 0.725797 0.000315016
  263 262.5 0.725122 0.000314723
  264 263.5 0.725273 0.000314789
  265 264.5 0.721267 0.00031305
  266 265.5 0.714541 0.000310131
  267 266.5 0.716503 0.000310982
  268 267.5 0.716958 0.00031118
  269 268.5 0.713527 0.000309691
  270 269.5 0.708088 0.00030733
  271 270.5 0.703834 0.000305484
  272 271.5 0.703286 0.000305246
  273 272.5 0.696945 0.000302493
  274 273.5 0.698248 0.000303059
  275 274.5 0.692337 0.000300493
  276 275.5 0.691054 0.000299937
  277 276.5 0.692583 0.0003006
  278 277.5 0.691176 0.00029999
  279 278.5 0.688415 0.000298791
  280 279.5 0.686835 0.000298105
  281 280.5 0.68646 0.000297943
  282 281.5 0.683885 0.000296825
  283 282.5 0.684082 0.000296911
  284 283.5 0.687603 0.000298439
  285 284.5 0.694885 0.000301599
  286 285.5 0.695726 0.000301964
  287 286.5 0.692605 0.00030061
  288 287.5 0.689754 0.000299372
  289 288.5 0.692858 0.00030072
  290 289.5 0.68868 0.000298906
  291 290.5 0.683344 0.00029659
  292 291.5 0.684566 0.000297121
  293 292.5 0.686597 0.000298002
  294 293.5 0.686385 0.00029791
  295 294.5 0.684262 0.000296989
  296 295.5 0.685073 0.000297341
  297 296.5 0.68398 0.000296866
  298 297.5 0.688287 0.000298736
  299 298.5 0.687884 0.000298561
  300 299.5 0.68563 0.000297582
  301 300.5 0.688948 0.000299023
  302 301.5 0.688093 0.000298651
  303 302.5 0.690279 0.0002996
  304 303.5 0.693282 0.000300904
  305 304.5 0.694133 0.000301273
  306 305.5 0.697857 0.000302889
  307 306.5 0.696927 0.000302486
  308 307.5 0.698441 0.000303143
  309 308.5 0.695639 0.000301927
  310 309.5 0.694652 0.000301498
  311 310.5 0.697731 0.000302835
  312 311.5 0.695364 0.000301807
  313 312.5 0.694524 0.000301443
  314 313.5 0.688267 0.000298727
  315 314.5 0.686707 0.00029805
  316 315.5 0.681124 0.000295627
  317 316.5 0.680177 0.000295216
  318 317.5 0.676386 0.00029357
  319 318.5 0.678297 0.0002944
  320 319.5 0.683274 0.00029656
  321 320.5 0.682278 0.000296128
  322 321.5 0.688081 0.000298646
  323 322.5 0.686449 0.000297938
  324 323.5 0.681284 0.000295696
  325 324.5 0.686562 0.000297987
  326 325.5 0.685851 0.000297678
  327 326.5 0.688078 0.000298645
  328 327.5 0.687967 0.000298597
  329 328.5 0.682374 0.000296169
  330 329.5 0.682645 0.000296287
  331 330.5 0.681917 0.000295971
  332 331.5 0.682039 0.000296024
  333 332.5 0.67726 0.00029395
  334 333.5 0.675393 0.000293139
  335 334.5 0.677751 0.000294163
  336 335.5 0.676049 0.000293424
  337 336.5 0.674335 0.00029268
  338 337.5 0.673982 0.000292527
  339 338.5 0.668169 0.000290004
  340 339.5 0.668502 0.000290148
  341 340.5 0.666694 0.000289364
  342 341.5 0.667079 0.000289531
  343 342.5 0.658993 0.000286021
  344 343.5 0.658049 0.000285612
  345 344.5 0.652705 0.000283292
  346 345.5 0.653155 0.000283487
  347 346.5 0.654151 0.00028392
  348 347.5 0.652717 0.000283297
  349 348.5 0.649276 0.000281804
  350 349.5 0.643253 0.00027919
  351 350.5 0.642104 0.000278691
  352 351.5 0.641036 0.000278227
  353 352.5 0.641594 0.00027847
  354 353.5 0.643779 0.000279418
  355 354.5 0.642522 0.000278872
  356 355.5 0.647489 0.000281028
  357 356.5 0.647498 0.000281032
  358 357.5 0.650273 0.000282237
  359 358.5 0.658995 0.000286022
  360 359.5 0.667824 0.000289854
  361 360.5 0.673529 0.00029233
  362 361.5 0.675201 0.000293056
  363 362.5 0.682966 0.000296426
  364 363.5 0.686057 0.000297768
  365 364.5 0.684666 0.000297164
  366 365.5 0.689903 0.000299437
  367 366.5 0.690027 0.000299491
  368 367.5 0.696008 0.000302087
  369 368.5 0.695903 0.000302041
  370 369.5 0.699396 0.000303557
  371 370.5 0.704729 0.000305872
  372 371.5 0.704939 0.000305963
  373 372.5 0.712027 0.000309039
  374 373.5 0.713125 0.000309516
  375 374.5 0.715266 0.000310445
  376 375.5 0.714055 0.00030992
  377 376.5 0.716699 0.000311067
  378 377.5 0.717887 0.000311583
  379 378.5 0.721496 0.000313149
  380 379.5 0.71478 0.000310234
  381 380.5 0.714648 0.000310177
  382 381.5 0.714938 0.000310303
  383 382.5 0.720946 0.000312911
  384 383.5 0.716304 0.000310896
  385 384.5 0.718944 0.000312042
  386 385.5 0.720918 0.000312898
  387 386.5 0.722475 0.000313574
  388 387.5 0.723449 0.000313997
  389 388.5 0.725105 0.000314716
  390 389.5 0.725206 0.00031476
  391 390.5 0.721792 0.000313278
  392 391.5 0.722276 0.000313488
  393 392.5 0.721547 0.000313171
  394 393.5 0.72595 0.000315082
  395 394.5 0.722322 0.000313508
  396 395.5 0.727424 0.000315722
  397 396.5 0.730242 0.000316945
  398 397.5 0.729545 0.000316643
  399 398.5 0.731389 0.000317443
  400 399.5 0.74033 0.000321324
  401 400.5 0.743018 0.00032249
  402 401.5 0.748741 0.000324974
  403 402.5 0.758403 0.000329168
  404 403.5 0.783378 0.000340008
  405 404.5 0.805542 0.000349628
  406 405.5 0.837588 0.000363536
  407 406.5 0.881519 0.000382604
  408 407.5 0.932425 0.000404698
  409 408.5 0.998838 0.000433523
  410 409.5 1.09523 0.000475359
  411 410.5 1.22164 0.000530227
  412 411.5 1.38848 0.000602641
  413 412.5 1.60993 0.000698752
  414 413.5 1.90117 0.000825162
  415 414.5 2.25718 0.000979679
  416 415.5 2.69811 0.00117105
  417 416.5 3.21935 0.00139729
  418 417.5 3.82392 0.00165969
  419 418.5 4.48356 0.00194599
  420 419.5 5.15516 0.00223748
  421 420.5 5.83805 0.00253387
  422 421.5 6.49139 0.00281744
  423 422.5 7.07837 0.00307221
  424 423.5 7.58233 0.00329094
  425 424.5 7.9589 0.00345438
  426 425.5 8.24346 0.00357789
  427 426.5 8.41898 0.00365407
  428 427.5 8.49237 0.00368593
  429 428.5 8.48211 0.00368147
  430 429.5 8.40701 0.00364888
  431 430.5 8.28547 0.00359612
  432 431.5 8.15743 0.00354055
  433 432.5 7.98712 0.00346663
  434 433.5 7.82163 0.0033948
  435 434.5 7.63589 0.00331419
  436 435.5 7.47108 0.00324266
  437 436.5 7.30642 0.00317119
  438 437.5 7.15232 0.00310431
  439 438.5 7.01345 0.00304403
  440 439.5 6.87916 0.00298574
  441 440.5 6.76635 0.00293678
  442 441.5 6.6673 0.0028938
  443 442.5 6.55056 0.00284312
  444 443.5 6.45545 0.00280184
  445 444.5 6.37842 0.00276841
  446 445.5 6.3146 0.00274071
  447 446.5 6.23619 0.00270668
  448 447.5 6.17932 0.002682
  449 448.5 6.12896 0.00266014
  450 449.5 6.07467 0.00263657
  451 450.5 6.04089 0.00262192
  452 451.5 6.00675 0.0026071
  453 452.5 5.97539 0.00259348
  454 453.5 5.947 0.00258117
  455 454.5 5.93836 0.00257741
  456 455.5 5.90339 0.00256223
  457 456.5 5.89195 0.00255727
  458 457.5 5.89104 0.00255688
  459 458.5 5.87252 0.00254884
  460 459.5 5.87346 0.00254924
  461 460.5 5.86679 0.00254635
  462 461.5 5.85603 0.00254168
  463 462.5 5.84543 0.00253708
  464 463.5 5.85562 0.0025415
  465 464.5 5.8537 0.00254067
  466 465.5 5.85168 0.00253979
  467 466.5 5.84549 0.0025371
  468 467.5 5.84507 0.00253692
  469 468.5 5.85286 0.0025403
  470 469.5 5.85905 0.00254299
  471 470.5 5.84078 0.00253506
  472 471.5 5.85031 0.0025392
  473 472.5 5.86044 0.00254359
  474 473.5 5.8545 0.00254102
  475 474.5 5.85121 0.00253959
  476 475.5 5.86235 0.00254442
  477 476.5 5.87519 0.00255
  478 477.5 5.88243 0.00255314
  479 478.5 5.88343 0.00255357
  480 479.5 5.87835 0.00255137
  481 480.5 5.89422 0.00255825
  482 481.5 5.89568 0.00255889
  483 482.5 5.88529 0.00255438
  484 483.5 5.89828 0.00256002
  485 484.5 5.89371 0.00255803
  486 485.5 5.89386 0.0025581
  487 486.5 5.9085 0.00256445
  488 487.5 5.90585 0.0025633
  489 488.5 5.91042 0.00256528
  490 489.5 5.90206 0.00256166
  491 490.5 5.89833 0.00256004
  492 491.5 5.89764 0.00255974
  493 492.5 5.90497 0.00256292
  494 493.5 5.91488 0.00256722
  495 494.5 5.91277 0.0025663
  496 495.5 5.91666 0.002568
  497 496.5 5.92143 0.00257006
  498 497.5 5.93489 0.0025759
  499 498.5 5.92851 0.00257314
  500 499.5 5.9345 0.00257574
  501 500.5 5.9353 0.00257608
  502 501.5 5.93509 0.00257599
  503 502.5 5.94186 0.00257893
  504 503.5 5.94408 0.0025799
  505 504.5 5.95339 0.00258394
  506 505.5 5.94745 0.00258136
  507 506.5 5.94729 0.00258129
  508 507.5 5.95826 0.00258605
  509 508.5 5.95564 0.00258491
  510 509.5 5.93986 0.00257807
  511 510.5 5.95754 0.00258574
  512 511.5 5.96662 0.00258968
  513 512.5 5.96951 0.00259093
  514 513.5 5.97074 0.00259147
  515 514.5 5.96411 0.00258859
  516 515.5 5.95822 0.00258603
  517 516.5 5.9479 0.00258155
  518 517.5 5.96341 0.00258828
  519 518.5 5.9612 0.00258733
  520 519.5 5.95781 0.00258585
  521 520.5 5.93781 0.00257718
  522 521.5 5.94767 0.00258146
  523 522.5 5.95277 0.00258367
  524 523.5 5.95148 0.00258311
  525 524.5 5.95774 0.00258583
  526 525.5 5.96201 0.00258768
  527 526.5 5.96683 0.00258977
  528 527.5 5.96711 0.00258989
  529 528.5 5.97787 0.00259456
  530 529.5 5.9668 0.00258976
  531 530.5 5.96374 0.00258843
  532 531.5 5.96088 0.00258719
  533 532.5 5.965 0.00258898
  534 533.5 5.96833 0.00259042
  535 534.5 5.97809 0.00259466
  536 535.5 5.97291 0.00259241
  537 536.5 5.9745 0.0025931
  538 537.5 5.97867 0.00259491
  539 538.5 5.98613 0.00259815
  540 539.5 5.9923 0.00260082
  541 540.5 6.00742 0.00260739
  542 541.5 6.0122 0.00260946
  543 542.5 5.99811 0.00260334
  544 543.5 5.99949 0.00260395
  545 544.5 6.01602 0.00261112
  546 545.5 6.01028 0.00260863
  547 546.5 6.00252 0.00260526
  548 547.5 6.00297 0.00260546
  549 548.5 6.01616 0.00261118
  550 549.5 6.00668 0.00260706
  551 550.5 6.00607 0.0026068
  552 551.5 6.01059 0.00260876
  553 552.5 6.01418 0.00261032
  554 553.5 6.02553 0.00261525
  555 554.5 6.02388 0.00261453
  556 555.5 6.01374 0.00261013
  557 556.5 6.03077 0.00261752
  558 557.5 6.00803 0.00260765
  559 558.5 6.02108 0.00261332
  560 559.5 6.04586 0.00262407
  561 560.5 6.05795 0.00262932
  562 561.5 6.05817 0.00262941
  563 562.5 6.06054 0.00263044
  564 563.5 6.06702 0.00263325
  565 564.5 6.07349 0.00263606
  566 565.5 6.07937 0.00263862
  567 566.5 6.08105 0.00263935
  568 567.5 6.08909 0.00264283
  569 568.5 6.12512 0.00265847
  570 569.5 6.14503 0.00266712
  571 570.5 6.17397 0.00267967
  572 571.5 6.21289 0.00269657
  573 572.5 6.26208 0.00271791
  574 573.5 6.29657 0.00273289
  575 574.5 6.35365 0.00275766
  576 575.5 6.41345 0.00278362
  577 576.5 6.48152 0.00281316
  578 577.5 6.55032 0.00284302
  579 578.5 6.62019 0.00287334
  580 579.5 6.70186 0.0029088
  581 580.5 6.79313 0.00294841
  582 581.5 6.90291 0.00299605
  583 582.5 7.01972 0.00304675
  584 583.5 7.13005 0.00309464
  585 584.5 7.26472 0.00315309
  586 585.5 7.40957 0.00321596
  587 586.5 7.57173 0.00328634
  588 587.5 7.7621 0.00336897
  589 588.5 7.94724 0.00344932
  590 589.5 8.15676 0.00354026
  591 590.5 8.39212 0.00364241
  592 591.5 8.64442 0.00375192
  593 592.5 8.89616 0.00386118
  594 593.5 9.18716 0.00398748
  595 594.5 9.50109 0.00412374
  596 595.5 9.8259 0.00426471
  597 596.5 10.1624 0.00441077
  598 597.5 10.5164 0.00456439
  599 598.5 10.8751 0.00472011
  600 599.5 11.2607 0.00488743
  601 600.5 11.6603 0.0050609
  602 601.5 12.0755 0.00524111
  603 602.5 12.4775 0.00541557
  604 603.5 12.9156 0.00560573
  605 604.5 13.3607 0.00579891
  606 605.5 13.7777 0.0059799
  607 606.5 14.1983 0.00616244
  608 607.5 14.6591 0.00636244
  609 608.5 15.0719 0.00654164
  610 609.5 15.5006 0.00672771
  611 610.5 15.9019 0.00690185
  612 611.5 16.2912 0.00707083
  613 612.5 16.7017 0.00724902
  614 613.5 17.0761 0.00741151
  615 614.5 17.4306 0.00756538
  616 615.5 17.7848 0.00771911
  617 616.5 18.1251 0.00786678
  618 617.5 18.4019 0.00798693
  619 618.5 18.7155 0.00812304
  620 619.5 18.9897 0.00824205
  621 620.5 19.211 0.0083381
  622 621.5 19.4764 0.0084533
  623 622.5 19.7104 0.00855486
  624 623.5 19.9168 0.00864444
100000000 624 6183.9999999999945
  1 0.5 18.2408 0.007917
  2 1.5 18.5322 0.00804347
  3 2.5 18.7967 0.00815831
  4 3.5 19.0244 0.00825712
  5 4.5 19.2637 0.00836098
  6 5.5 19.475 0.00845269
  7 6.5 19.6939 0.00854769
  8 7.5 19.8961 0.00863547
  9 8.5 20.0519 0.00870308
  10 9.5 20.2272 0.00877916
  11 10.5 20.4017 0.00885492
  12 11.5 20.5523 0.00892028
  13 12.5 20.681 0.00897611
  14 13.5 20.8103 0.00903226
  15 14.5 20.9414 0.00908916
  16 15.5 21.0252 0.00912552
  17 16.5 21.134 0.00917272
  18 17.5 21.224 0.00921179
  19 18.5 21.2882 0.00923968
  20 19.5 21.3824 0.00928054
  21 20.5 21.446 0.00930818
  22 21.5 21.4976 0.00933057
  23 22.5 21.559 0.00935718
  24 23.5 21.6151 0.00938158
  25 24.5 21.6296 0.00938786
  26 25.5 21.662 0.00940192
  27 26.5 21.7078 0.00942179
  28 27.5 21.7193 0.00942678
  29 28.5 21.7624 0.00944549
  30 29.5 21.7924 0.00945851
  31 30.5 21.782 0.00945401
  32 31.5 21.8172 0.00946926
  33 32.5 21.8314 0.00947544
  34 33.5 21.8086 0.00946554
  35 34.5 21.8284 0.00947412
  36 35.5 21.8384 0.00947846
  37 36.5 21.838 0.0094783
  38 37.5 21.8308 0.00947515
  39 38.5 21.8422 0.00948012
  40 39.5 21.8253 0.00947279
  41 40.5 21.8287 0.00947428
  42 41.5 21.8336 0.00947639
  43 42.5 21.8233 0.00947192
  44 43.5 21.7918 0.00945826
  45 44.5 21.8004 0.00946197
  46 45.5 21.8341 0.00947662
  47 46.5 21.8014 0.00946243
  48 47.5 21.78 0.00945314
  49 48.5 21.7922 0.00945842
  50 49.5 21.7715 0.00944943
  51 50.5 21.7738 0.00945045
  52 51.5 21.7501 0.00944015
  53 52.5 21.7558 0.0094426
  54 53.5 21.7419 0.00943661
  55 54.5 21.7356 0.00943386
  56 55.5 21.7461 0.00943842
  57 56.5 21.7555 0.00944248
  58 57.5 21.7419 0.00943658
  59 58.5 21.7327 0.00943262
  60 59.5 21.7567 0.00944302
  61 60.5 21.7593 0.00944413
  62 61.5 21.7474 0.00943897
  63 62.5 21.7527 0.00944128
  64 63.5 21.7735 0.00945031
  65 64.5 21.7729 0.00945004
  66 65.5 21.8154 0.00946847
  67 66.5 21.8154 0.00946847
  68 67.5 21.8261 0.00947312
  69 68.5 21.8333 0.00947624
  70 69.5 21.8572 0.00948664
  71 70.5 21.8279 0.00947391
  72 71.5 21.8412 0.00947967
  73 72.5 21.8582 0.00948705
  74 73.5 21.8725 0.00949329
  75 74.5 21.8555 0.0094859
  76 75.5 21.8702 0.00949227
  77 76.5 21.9127 0.00951074
  78 77.5 21.9146 0.00951153
  79 78.5 21.8937 0.00950248
  80 79.5 21.8992 0.00950488
  81 80.5 21.9444 0.00952448
  82 81.5 21.9256 0.00951632
  83 82.5 21.9389 0.00952207
  84 83.5 21.9374 0.00952143
  85 84.5 21.9278 0.00951725
  86 85.5 21.9358 0.00952075
  87 86.5 21.9294 0.00951796
  88 87.5 21.9425 0.00952366
  89 88.5 21.9215 0.00951454
  90 89.5 21.9287 0.00951767
  91 90.5 21.9254 0.00951622
  92 91.5 21.9088 0.00950902
  93 92.5 21.9161 0.00951219
  94 93.5 21.9117 0.00951029
  95 94.5 21.9083 0.00950883
  96 95.5 21.9059 0.00950779
  97 96.5 21.8992 0.00950484
  98 97.5 21.9118 0.00951032
  99 98.5 21.9055 0.0095076
  100 99.5 21.8808 0.00949689
  101 100.5 21.8928 0.0095021
  102 101.5 21.8875 0.0094998
  103 102.5 21.8943 0.00950272
  104 103.5 21.8698 0.00949212
  105 104.5 21.8738 0.00949385
  106 105.5 21.8613 0.00948841
  107 106.5 21.8467 0.00948207
  108 107.5 21.8313 0.00947537
  109 108.5 21.8202 0.00947059
  110 109.5 21.8234 0.00947196
  111 110.5 21.8138 0.00946781
  112 111.5 21.7877 0.00945646
  113 112.5 21.7732 0.00945017
  114 113.5 21.7888 0.00945697
  115 114.5 21.8032 0.00946321
  116 115.5 21.7919 0.00945829
  117 116.5 21.8184 0.0094698
  118 117.5 21.8178 0.00946952
  119 118.5 21.7984 0.0094611
  120 119.5 21.8137 0.00946775
  121 120.5 21.8184 0.00946979
  122 121.5 21.8112 0.00946669
  123 122.5 21.8072 0.00946493
  124 123.5 21.8238 0.00947213
  125 124.5 21.8216 0.00947117
  126 125.5 21.8127 0.00946731
  127 126.5 21.8144 0.00946804
  128 127.5 21.7788 0.0094526
  129 128.5 21.7997 0.00946166
  130 129.5 21.7836 0.00945469
  131 130.5 21.7871 0.00945619
  132 131.5 21.8035 0.00946334
  133 132.5 21.7958 0.00945998
  134 133.5 21.8009 0.00946221
  135 134.5 21.8193 0.0094702
  136 135.5 21.8186 0.00946989
  137 136.5 21.8115 0.00946681
  138 137.5 21.8268 0.00947342
  139 138.5 21.8432 0.00948056
  140 139.5 21.8307 0.00947512
  141 140.5 21.8308 0.00947516
  142 141.5 21.8509 0.0094839
  143 142.5 21.8774 0.0094954
  144 143.5 21.8625 0.00948893
  145 144.5 21.8694 0.00949193
  146 145.5 21.8882 0.00950009
  147 146.5 21.8862 0.00949922
  148 147.5 21.9092 0.00950921
  149 148.5 21.9116 0.00951022
  150 149.5 21.9121 0.00951045
  151 150.5 21.9286 0.00951762
  152 151.5 21.9443 0.00952443
  153 152.5 21.9707 0.00953592
  154 153.5 21.9388 0.00952205
  155 154.5 21.9423 0.00952358
  156 155.5 21.9451 0.0095248
  157 156.5 21.9525 0.00952798
  158 157.5 21.9256 0.00951633
  159 158.5 21.9105 0.00950979
  160 159.5 21.9028 0.00950641
  161 160.5 21.9171 0.00951264
  162 161.5 21.8815 0.00949718
  163 162.5 21.8566 0.00948636
  164 163.5 21.8581 0.00948703
  165 164.5 21.8372 0.00947795
  166 165.5 21.7993 0.00946152
  167 166.5 21.8017 0.00946254
  168 167.5 21.7607 0.00944475
  169 168.5 21.742 0.00943662
  170 169.5 21.7367 0.00943435
  171 170.5 21.6962 0.00941675
  172 171.5 21.6752 0.00940763
  173 172.5 21.6375 0.00939129
  174 173.5 21.6142 0.00938116
  175 174.5 21.5853 0.00936863
  176 175.5 21.5411 0.00934943
  177 176.5 21.4881 0.00932644
  178 177.5 21.446 0.00930816
  179 178.5 21.3999 0.00928816
  180 179.5 21.3321 0.00925871
  181 180.5 21.2665 0.00923024
  182 181.5 21.1803 0.00919284
  183 182.5 21.1041 0.00915978
  184 183.5 21.0019 0.00911542
  185 184.5 20.9217 0.0090806
  186 185.5 20.7749 0.00901689
  187 186.5 20.6532 0.00896407
  188 187.5 20.5119 0.00890272
  189 188.5 20.3326 0.00882492
  190 189.5 20.1795 0.00875848
  191 190.5 19.998 0.00867968
  192 191.5 19.7898 0.00858931
  193 192.5 19.5673 0.00849275
  194 193.5 19.2975 0.00837563
  195 194.5 19.0283 0.0082588
  196 195.5 18.7143 0.00812253
  197 196.5 18.3696 0.0079729
  198 197.5 17.9747 0.00780152
  199 198.5 17.5405 0.00761308
  200 199.5 17.0582 0.00740375
  201 200.5 16.4872 0.00715592
  202 201.5 15.8731 0.00688937
  203 202.5 15.1618 0.00658064
  204 203.5 14.3734 0.00623847
  205 204.5 13.4923 0.00585601
  206 205.5 12.5497 0.00544692
  207 206.5 11.5232 0.0050014
  208 207.5 10.4674 0.00454316
  209 208.5 9.35611 0.00406081
  210 209.5 8.25061 0.003581
  211 210.5 7.1808 0.00311667
  212 211.5 6.16352 0.00267514
  213 212.5 5.20362 0.00225852
  214 213.5 4.35314 0.00188939
  215 214.5 3.60839 0.00156614
  216 215.5 2.97464 0.00129107
  217 216.5 2.45039 0.00106354
  218 217.5 2.02519 0.000878987
  219 218.5 1.68528 0.000731459
  220 219.5 1.42591 0.000618883
  221 220.5 1.23628 0.00053658
  222 221.5 1.10177 0.000478201
  223 222.5 0.996768 0.000432625
  224 223.5 0.921949 0.000400151
  225 224.5 0.862774 0.000374468
  226 225.5 0.821857 0.000356709
  227 226.5 0.793382 0.00034435
  228 227.5 0.776123 0.000336859
  229 228.5 0.762502 0.000330947
  230 229.5 0.746469 0.000323988
  231 230.5 0.736195 0.000319529
  232 231.5 0.729797 0.000316752
  233 232.5 0.723762 0.000314133
  234 233.5 0.724621 0.000314506
  235 234.5 0.724665 0.000314525
  236 235.5 0.721799 0.000313281
  237 236.5 0.71562 0.000310599
  238 237.5 0.715552 0.000310569
  239 238.5 0.715208 0.00031042
  240 239.5 0.717584 0.000311451
  241 240.5 0.711126 0.000308648
  242 241.5 0.70615 0.000306489
  243 242.5 0.708879 0.000307673
  244 243.5 0.705347 0.00030614
  245 244.5 0.702548 0.000304925
  246 245.5 0.707469 0.000307061
  247 246.5 0.710549 0.000308398
  248 247.5 0.710321 0.000308299
  249 248.5 0.705982 0.000306416
  250 249.5 0.703439 0.000305312
  251 250.5 0.703949 0.000305533
  252 251.5 0.706754 0.000306751
  253 252.5 0.702901 0.000305079
  254 253.5 0.70038 0.000303984
  255 254.5 0.706343 0.000306572
  256 255.5 0.706237 0.000306526
  257 256.5 0.707441 0.000307049
  258 257.5 0.71418 0.000309974
  259 258.5 0.719027 0.000312078
  260 259.5 0.725404 0.000314845
  261 260.5 0.729485 0.000316617
  262 261.5 0.726977 0.000315528
  263 262.5 0.729172 0.000316481
  264 263.5 0.728256 0.000316083
  265 264.5 0.73029 0.000316966
  266 265.5 0.732141 0.00031777
  267 266.5 0.738899 0.000320703
  268 267.5 0.743824 0.00032284
  269 268.5 0.746258 0.000323897
  270 269.5 0.740491 0.000321394
  271 270.5 0.745856 0.000323722
  272 271.5 0.743885 0.000322867
  273 272.5 0.748474 0.000324859
  274 273.5 0.753515 0.000327046
  275 274.5 0.757665 0.000328848
  276 275.5 0.759355 0.000329581
  277 276.5 0.760057 0.000329886
  278 277.5 0.761964 0.000330714
  279 278.5 0.764133 0.000331655
  280 279.5 0.769518 0.000333992
  281 280.5 0.772203 0.000335158
  282 281.5 0.776511 0.000337027
  283 282.5 0.781915 0.000339373
  284 283.5 0.781147 0.000339039
  285 284.5 0.78045 0.000338737
  286 285.5 0.778654 0.000337957
  287 286.5 0.780124 0.000338595
  288 287.5 0.782619 0.000339678
  289 288.5 0.783512 0.000340066
  290 289.5 0.786393 0.000341316
  291 290.5 0.784526 0.000340506
  292 291.5 0.7848 0.000340625
  293 292.5 0.788458 0.000342213
  294 293.5 0.789707 0.000342755
  295 294.5 0.792909 0.000344145
  296 295.5 0.790128 0.000342937
  297 296.5 0.790341 0.00034303
  298 297.5 0.787601 0.000341841
  299 298.5 0.787085 0.000341617
  300 299.5 0.784573 0.000340526
  301 300.5 0.782899 0.0003398
  302 301.5 0.788169 0.000342087
  303 302.5 0.783305 0.000339976
  304 303.5 0.773392 0.000335674
  305 304.5 0.768623 0.000333604
  306 305.5 0.766333 0.00033261
  307 306.5 0.764551 0.000331836
  308 307.5 0.766042 0.000332484
  309 308.5 0.7598 0.000329774
  310 309.5 0.763001 0.000331164
  311 310.5 0.759631 0.000329701
  312 311.5 0.75886 0.000329366
  313 312.5 0.762318 0.000330867
  314 313.5 0.764616 0.000331865
  315 314.5 0.768129 0.000333389
  316 315.5 0.772322 0.000335209
  317 316.5 0.775216 0.000336465
  318 317.5 0.773832 0.000335865
  319 318.5 0.775874 0.000336751
  320 319.5 0.779242 0.000338213
  321 320.5 0.78589 0.000341098
  322 321.5 0.7822 0.000339497
  323 322.5 0.782669 0.0003397
  324 323.5 0.789565 0.000342693
  325 324.5 0.796154 0.000345553
  326 325.5 0.804136 0.000349017
  327 326.5 0.802555 0.000348331
  328 327.5 0.806889 0.000350212
  329 328.5 0.805833 0.000349754
  330 329.5 0.808974 0.000351117
  331 330.5 0.805053 0.000349415
  332 331.5 0.809171 0.000351203
  333 332.5 0.807784 0.000350601
  334 333.5 0.812465 0.000352632
  335 334.5 0.815201 0.00035382
  336 335.5 0.810885 0.000351947
  337 336.5 0.809718 0.00035144
  338 337.5 0.809039 0.000351145
  339 338.5 0.807487 0.000350472
  340 339.5 0.803823 0.000348882
  341 340.5 0.800077 0.000347256
  342 341.5 0.793054 0.000344207
  343 342.5 0.780082 0.000338577
  344 343.5 0.779499 0.000338324
  345 344.5 0.773866 0.000335879
  346 345.5 0.765802 0.000332379
  347 346.5 0.765627 0.000332303
  348 347.5 0.759667 0.000329717
  349 348.5 0.757732 0.000328877
  350 349.5 0.762152 0.000330795
  351 350.5 0.764749 0.000331922
  352 351.5 0.762746 0.000331053
  353 352.5 0.762043 0.000330748
  354 353.5 0.772936 0.000335476
  355 354.5 0.774171 0.000336012
  356 355.5 0.772264 0.000335184
  357 356.5 0.765545 0.000332268
  358 357.5 0.771895 0.000335024
  359 358.5 0.772933 0.000335474
  360 359.5 0.781066 0.000339004
  361 360.5 0.7831 0.000339887
  362 361.5 0.784795 0.000340623
  363 362.5 0.784202 0.000340365
  364 363.5 0.778647 0.000337954
  365 364.5 0.77456 0.000336181
  366 365.5 0.770464 0.000334403
  367 366.5 0.772295 0.000335197
  368 367.5 0.770807 0.000334552
  369 368.5 0.768635 0.000333609
  370 369.5 0.767496 0.000333115
  371 370.5 0.768458 0.000333532
  372 371.5 0.759687 0.000329725
  373 372.5 0.760551 0.0003301
  374 373.5 0.757813 0.000328912
  375 374.5 0.751526 0.000326183
  376 375.5 0.752267 0.000326505
  377 376.5 0.75062 0.00032579
  378 377.5 0.748948 0.000325064
  379 378.5 0.74791 0.000324614
  380 379.5 0.746984 0.000324212
  381 380.5 0.74122 0.00032171
  382 381.5 0.743175 0.000322559
  383 382.5 0.738629 0.000320586
  384 383.5 0.746043 0.000323803
  385 384.5 0.748613 0.000324919
  386 385.5 0.74729 0.000324345
  387 386.5 0.751195 0.000326039
  388 387.5 0.746421 0.000323967
  389 388.5 0.74278 0.000322387
  390 389.5 0.745617 0.000323618
  391 390.5 0.740775 0.000321517
  392 391.5 0.738368 0.000320472
  393 392.5 0.734393 0.000318747
  394 393.5 0.733924 0.000318543
  395 394.5 0.73926 0.000320859
  396 395.5 0.741504 0.000321833
  397 396.5 0.742161 0.000322118
  398 397.5 0.745252 0.00032346
  399 398.5 0.754529 0.000327487
  400 399.5 0.759673 0.000329719
  401 400.5 0.772555 0.00033531
  402 401.5 0.792944 0.00034416
  403 402.5 0.811465 0.000352198
  404 403.5 0.839811 0.000364501
  405 404.5 0.874546 0.000379577
  406 405.5 0.923576 0.000400858
  407 406.5 0.991465 0.000430323
  408 407.5 1.08652 0.00047158
  409 408.5 1.20569 0.000523302
  410 409.5 1.37185 0.000595419
  411 410.5 1.58188 0.000686579
  412 411.5 1.85683 0.000805917
  413 412.5 2.20573 0.00095735
  414 413.5 2.63779 0.00114488
  415 414.5 3.13497 0.00136066
  416 415.5 3.71033 0.00161039
  417 416.5 4.34404 0.00188543
  418 417.5 5.02527 0.00218111
  419 418.5 5.7264 0.00248542
  420 419.5 6.38583 0.00277163
  421 420.5 7.01571 0.00304501
  422 421.5 7.58154 0.0032906
  423 422.5 8.06437 0.00350016
  424 423.5 8.47681 0.00367917
  425 424.5 8.76309 0.00380342
  426 425.5 8.99555 0.00390432
  427 426.5 9.12301 0.00395964
  428 427.5 9.19793 0.00399216
  429 428.5 9.19829 0.00399232
  430 429.5 9.16296 0.00397698
  431 430.5 9.08777 0.00394434
  432 431.5 9.00545 0.00390862
  433 432.5 8.88142 0.00385478
  434 433.5 8.7367 0.00379197
  435 434.5 8.61111 0.00373746
  436 435.5 8.478 0.00367969
  437 436.5 8.3435 0.00362131
  438 437.5 8.19786 0.0035581
  439 438.5 8.0651 0.00350048
  440 439.5 7.95847 0.0034542
  441 440.5 7.8462 0.00340547
  442 441.5 7.74372 0.00336099
  443 442.5 7.64523 0.00331824
  444 443.5 7.55495 0.00327906
  445 444.5 7.48164 0.00324724
  446 445.5 7.39837 0.0032111
  447 446.5 7.32264 0.00317823
  448 447.5 7.25274 0.00314789
  449 448.5 7.20024 0.00312511
  450 449.5 7.15436 0.00310519
  451 450.5 7.10328 0.00308302
  452 451.5 7.04667 0.00305845
  453 452.5 6.98758 0.0030328
  454 453.5 6.94737 0.00301535
  455 454.5 6.89001 0.00299045
  456 455.5 6.85363 0.00297467
  457 456.5 6.81773 0.00295908
  458 457.5 6.77414 0.00294016
  459 458.5 6.74228 0.00292634
  460 459.5 6.71153 0.00291299
  461 460.5 6.66731 0.0028938
  462 461.5 6.6234 0.00287474
  463 462.5 6.60872 0.00286837
  464 463.5 6.55964 0.00284707
  465 464.5 6.52921 0.00283386
  466 465.5 6.50355 0.00282272
  467 466.5 6.50073 0.0028215
  468 467.5 6.47555 0.00281057
  469 468.5 6.45648 0.00280229
  470 469.5 6.43694 0.00279381
  471 470.5 6.41847 0.00278579
  472 471.5 6.39166 0.00277416
  473 472.5 6.38114 0.00276959
  474 473.5 6.36339 0.00276189
  475 474.5 6.34361 0.0027533
  476 475.5 6.32359 0.00274461
  477 476.5 6.30678 0.00273732
  478 477.5 6.29157 0.00273072
  479 478.5 6.27218 0.0027223
  480 479.5 6.25588 0.00271523
  481 480.5 6.24027 0.00270845
  482 481.5 6.21908 0.00269925
  483 482.5 6.20043 0.00269116
  484 483.5 6.19758 0.00268992
  485 484.5 6.19279 0.00268784
  486 485.5 6.17537 0.00268028
  487 486.5 6.16164 0.00267432
  488 487.5 6.16127 0.00267416
  489 488.5 6.16182 0.0026744
  490 489.5 6.14513 0.00266716
  491 490.5 6.13818 0.00266414
  492 491.5 6.14048 0.00266514
  493 492.5 6.13919 0.00266458
  494 493.5 6.13103 0.00266104
  495 494.5 6.11823 0.00265548
  496 495.5 6.11386 0.00265358
  497 496.5 6.11615 0.00265458
  498 497.5 6.09883 0.00264706
  499 498.5 6.09648 0.00264604
  500 499.5 6.08602 0.0026415
  501 500.5 6.08936 0.00264295
  502 501.5 6.09294 0.0026445
  503 502.5 6.0857 0.00264136
  504 503.5 6.08684 0.00264186
  505 504.5 6.08739 0.0026421
  506 505.5 6.09488 0.00264535
  507 506.5 6.08875 0.00264268
  508 507.5 6.09678 0.00264617
  509 508.5 6.09786 0.00264664
  510 509.5 6.10075 0.00264789
  511 510.5 6.08996 0.00264321
  512 511.5 6.07952 0.00263868
  513 512.5 6.0817 0.00263963
  514 513.5 6.07454 0.00263652
  515 514.5 6.06691 0.00263321
  516 515.5 6.07027 0.00263467
  517 516.5 6.05931 0.00262991
  518 517.5 6.05174 0.00262662
  519 518.5 6.04823 0.0026251
  520 519.5 6.04479 0.00262361
  521 520.5 6.03989 0.00262148
  522 521.5 6.03811 0.00262071
  523 522.5 6.02749 0.0026161
  524 523.5 6.01943 0.0026126
  525 524.5 6.01416 0.00261031
  526 525.5 6.02688 0.00261583
  527 526.5 6.01112 0.00260899
  528 527.5 6.0113 0.00260907
  529 528.5 6.01212 0.00260943
  530 529.5 6.00896 0.00260806
  531 530.5 6.00962 0.00260834
  532 531.5 6.00861 0.0026079
  533 532.5 6.01102 0.00260895
  534 533.5 6.01716 0.00261161
  535 534.5 6.02128 0.0026134
  536 535.5 6.02878 0.00261666
  537 536.5 6.04941 0.00262561
  538 537.5 6.05821 0.00262943
  539 538.5 6.059 0.00262977
  540 539.5 6.05566 0.00262833
  541 540.5 6.05423 0.0026277
  542 541.5 6.07172 0.0026353
  543 542.5 6.05976 0.0026301
  544 543.5 6.07179 0.00263533
  545 544.5 6.07881 0.00263837
  546 545.5 6.07906 0.00263848
  547 546.5 6.08442 0.00264081
  548 547.5 6.08148 0.00263953
  549 548.5 6.08564 0.00264134
  550 549.5 6.09445 0.00264516
  551 550.5 6.09342 0.00264471
  552 551.5 6.09654 0.00264607
  553 552.5 6.10037 0.00264773
  554 553.5 6.11791 0.00265534
  555 554.5 6.12311 0.0026576
  556 555.5 6.11113 0.0026524
  557 556.5 6.1284 0.0026599
  558 557.5 6.12597 0.00265884
  559 558.5 6.1255 0.00265864
  560 559.5 6.13855 0.0026643
  561 560.5 6.13216 0.00266153
  562 561.5 6.14615 0.0026676
  563 562.5 6.16588 0.00267616
  564 563.5 6.18069 0.00268259
  565 564.5 6.19784 0.00269004
  566 565.5 6.20545 0.00269334
  567 566.5 6.22006 0.00269968
  568 567.5 6.24117 0.00270884
  569 568.5 6.24816 0.00271187
  570 569.5 6.27686 0.00272433
  571 570.5 6.2975 0.00273329
  572 571.5 6.31779 0.00274209
  573 572.5 6.34181 0.00275252
  574 573.5 6.36673 0.00276334
  575 574.5 6.39617 0.00277611
  576 575.5 6.41107 0.00278258
  577 576.5 6.43093 0.0027912
  578 577.5 6.46638 0.00280659
  579 578.5 6.51635 0.00282828
  580 579.5 6.55674 0.00284581
  581 580.5 6.60874 0.00286838
  582 581.5 6.66151 0.00289128
  583 582.5 6.73612 0.00292366
  584 583.5 6.80216 0.00295233
  585 584.5 6.87041 0.00298195
  586 585.5 6.96277 0.00302204
  587 586.5 7.06026 0.00306435
  588 587.5 7.16245 0.0031087
  589 588.5 7.28644 0.00316252
  590 589.5 7.41359 0.0032177
  591 590.5 7.55469 0.00327895
  592 591.5 7.72423 0.00335253
  593 592.5 7.90477 0.00343089
  594 593.5 8.11013 0.00352002
  595 594.5 8.30359 0.00360399
  596 595.5 8.54364 0.00370818
  597 596.5 8.79071 0.00381541
  598 597.5 9.04752 0.00392687
  599 598.5 9.33314 0.00405084
  600 599.5 9.60665 0.00416955
  601 600.5 9.91658 0.00430407
  602 601.5 10.2449 0.00444655
  603 602.5 10.5726 0.00458879
  604 603.5 10.9058 0.0047334
  605 604.5 11.2592 0.0048868
  606 605.5 11.6257 0.00504587
  607 606.5 11.986 0.00520228
  608 607.5 12.3522 0.00536121
  609 608.5 12.7383 0.00552879
  610 609.5 13.1047 0.0056878
  611 610.5 13.4872 0.00585382
  612 611.5 13.883 0.00602561
  613 612.5 14.2354 0.00617856
  614 613.5 14.6228 0.00634668
  615 614.5 14.9996 0.00651025
  616 615.5 15.363 0.00666795
  617 616.5 15.7421 0.0068325
  618 617.5 16.0745 0.00697677
  619 618.5 16.4211 0.00712723
  620 619.5 16.77 0.00727866
  621 620.5 17.0738 0.0074105
  622 621.5 17.3825 0.0075445
  623 622.5 17.714 0.00768836
  624 623.5 17.9808 0.00780415
120000000 624 6184.0000000000055
  1 0.5 18.1515 0.00787826
  2 1.5 18.4191 0.00799438
  3 2.5 18.6536 0.0080962
  4 3.5 18.9083 0.00820671
  5 4.5 19.1178 0.00829765
  6 5.5 19.3122 0.00838203
  7 6.5 19.5243 0.00847409
  8 7.5 19.7289 0.0085629
  9 8.5 19.927 0.00864888
  10 9.5 20.0753 0.00871323
  11 10.5 20.2312 0.00878091
  12 11.5 20.4087 0.00885795
  13 12.5 20.5716 0.00892866
  14 13.5 20.68 0.00897568
  15 14.5 20.7941 0.00902522
  16 15.5 20.9348 0.00908629
  17 16.5 21.0444 0.00913387
  18 17.5 21.1165 0.00916515
  19 18.5 21.2267 0.00921297
  20 19.5 21.3038 0.00924643
  21 20.5 21.4115 0.00929319
  22 21.5 21.4658 0.00931676
  23 22.5 21.5274 0.00934348
  24 23.5 21.6026 0.00937611
  25 24.5 21.6541 0.00939847
  26 25.5 21.682 0.00941061
  27 26.5 21.7289 0.00943095
  28 27.5 21.7366 0.00943431
  29 28.5 21.7822 0.00945407
  30 29.5 21.8073 0.00946499
  31 30.5 21.8152 0.00946841
  32 31.5 21.8506 0.00948378
  33 32.5 21.8812 0.00949705
  34 33.5 21.9199 0.00951385
  35 34.5 21.942 0.00952342
  36 35.5 21.9681 0.00953477
  37 36.5 21.9977 0.00954762
  38 37.5 22.0081 0.00955211
  39 38.5 22.0321 0.00956253
  40 39.5 22.0451 0.00956819
  41 40.5 22.0622 0.00957562
  42 41.5 22.0812 0.00958386
  43 42.5 22.0997 0.00959187
  44 43.5 22.1038 0.00959366
  45 44.5 22.1325 0.0096061
  46 45.5 22.1414 0.00960997
  47 46.5 22.142 0.00961024
  48 47.5 22.1704 0.00962258
  49 48.5 22.1938 0.00963272
  50 49.5 22.1955 0.00963347
  51 50.5 22.2246 0.00964609
  52 51.5 22.2282 0.00964767
  53 52.5 22.2282 0.00964766
  54 53.5 22.2495 0.0096569
  55 54.5 22.2578 0.0096605
  56 55.5 22.2685 0.00966515
  57 56.5 22.2881 0.00967366
  58 57.5 22.308 0.0096823
  59 58.5 22.2931 0.00967581
  60 59.5 22.2965 0.0096773
  61 60.5 22.2959 0.00967705
  62 61.5 22.2864 0.0096729
  63 62.5 22.2892 0.00967413
  64 63.5 22.2698 0.00966572
  65 64.5 22.2665 0.0096643
  66 65.5 22.281 0.00967058
  67 66.5 22.2735 0.0096673
  68 67.5 22.2322 0.00964941
  69 68.5 22.2386 0.00965219
  70 69.5 22.2419 0.0096536
  71 70.5 22.2577 0.00966045
  72 71.5 22.2262 0.0096468
  73 72.5 22.2285 0.00964778
  74 73.5 22.2209 0.00964451
  75 74.5 22.2142 0.00964159
  76 75.5 22.2061 0.00963806
  77 76.5 22.1948 0.00963316
  78 77.5 22.2122 0.00964073
  79 78.5 22.1988 0.00963488
  80 79.5 22.1829 0.009628
  81 80.5 22.1852 0.00962901
  82 81.5 22.1904 0.00963125
  83 82.5 22.1705 0.00962262
  84 83.5 22.15 0.00961374
  85 84.5 22.1557 0.00961618
  86 85.5 22.158 0.00961719
  87 86.5 22.1344 0.00960693
  88 87.5 22.1282 0.00960426
  89 88.5 22.1241 0.00960247
  90 89.5 22.1255 0.00960308
  91 90.5 22.1222 0.00960163
  92 91.5 22.1208 0.00960105
  93 92.5 22.1199 0.00960064
  94 93.5 22.1179 0.00959978
  95 94.5 22.1171 0.00959942
  96 95.5 22.1517 0.00961446
  97 96.5 22.1495 0.00961351
  98 97.5 22.1362 0.00960771
  99 98.5 22.1403 0.00960952
  100 99.5 22.1358 0.00960753
  101 100.5 22.1369 0.00960805
  102 101.5 22.1647 0.00962009
  103 102.5 22.1338 0.00960669
  104 103.5 22.1268 0.00960365
  105 104.5 22.1307 0.00960533
  106 105.5 22.1307 0.00960534
  107 106.5 22.1224 0.00960175
  108 107.5 22.1276 0.00960399
  109 108.5 22.1208 0.00960106
  110 109.5 22.1098 0.00959627
  111 110.5 22.1187 0.00960015
  112 111.5 22.108 0.0095955
  113 112.5 22.1128 0.00959756
  114 113.5 22.1149 0.00959847
  115 114.5 22.1067 0.0095949
  116 115.5 22.0986 0.0095914
  117 116.5 22.0876 0.00958662
  118 117.5 22.1019 0.00959284
  119 118.5 22.0845 0.00958527
  120 119.5 22.0776 0.00958231
  121 120.5 22.0816 0.00958403
  122 121.5 22.0521 0.00957121
  123 122.5 22.0651 0.00957687
  124 123.5 22.059 0.0095742
  125 124.5 22.0761 0.00958165
  126 125.5 22.0497 0.00957019
  127 126.5 22.0704 0.00957915
  128 127.5 22.0829 0.0095846
  129 128.5 22.0941 0.00958946
  130 129.5 22.0964 0.00959046
  131 130.5 22.0708 0.00957935
  132 131.5 22.0692 0.00957865
  133 132.5 22.0735 0.0095805
  134 133.5 22.0649 0.00957677
  135 134.5 22.0713 0.00957956
  136 135.5 22.0611 0.00957513
  137 136.5 22.0298 0.00956154
  138 137.5 22.0305 0.00956184
  139 138.5 22.0424 0.00956702
  140 139.5 22.0359 0.0095642
  141 140.5 22.0066 0.00955149
  142 141.5 22.0131 0.0095543
  143 142.5 22.0162 0.00955566
  144 143.5 21.9911 0.00954473
  145 144.5 21.9848 0.00954199
  146 145.5 21.9778 0.00953899
  147 146.5 21.9475 0.00952581
  148 147.5 21.9443 0.00952445
  149 148.5 21.9208 0.00951422
  150 149.5 21.9129 0.00951081
  151 150.5 21.8871 0.0094996
  152 151.5 21.8833 0.00949796
  153 152.5 21.852 0.00948437
  154 153.5 21.8326 0.00947595
  155 154.5 21.8032 0.0094632
  156 155.5 21.8055 0.00946417
  157 156.5 21.7675 0.00944772
  158 157.5 21.775 0.00945098
  159 158.5 21.7409 0.00943617
  160 159.5 21.7281 0.00943061
  161 160.5 21.7047 0.00942044
  162 161.5 21.7012 0.00941894
  163 162.5 21.6811 0.00941018
  164 163.5 21.6849 0.00941185
  165 164.5 21.6578 0.0094001
  166 165.5 21.6401 0.0093924
  167 166.5 21.6429 0.00939361
  168 167.5 21.6289 0.00938753
  169 168.5 21.5692 0.00936163
  170 169.5 21.5675 0.00936088
  171 170.5 21.5409 0.00934933
  172 171.5 21.5233 0.00934169
  173 172.5 21.4646 0.00931624
  174 173.5 21.4284 0.00930054
  175 174.5 21.3764 0.00927795
  176 175.5 21.3253 0.00925577
  177 176.5 21.2803 0.00923624
  178 177.5 21.2218 0.00921087
  179 178.5 21.1606 0.00918428
  180 179.5 21.0846 0.0091513
  181 180.5 20.9704 0.00910175
  182 181.5 20.8954 0.00906919
  183 182.5 20.7949 0.00902556
  184 183.5 20.6833 0.00897711
  185 184.5 20.5515 0.00891991
  186 185.5 20.4299 0.00886716
  187 186.5 20.2796 0.00880189
  188 187.5 20.1037 0.00872558
  189 188.5 19.9198 0.00864574
  190 189.5 19.7331 0.0085647
  191 190.5 19.5139 0.00846956
  192 191.5 19.2808 0.00836838
  193 192.5 18.9951 0.00824441
  194 193.5 18.686 0.00811025
  195 194.5 18.3841 0.00797922
  196 195.5 18.0113 0.00781742
  197 196.5 17.6009 0.00763929
  198 197.5 17.1594 0.00744765
  199 198.5 16.6484 0.00722585
  200 199.5 16.0598 0.00697042
  201 200.5 15.3987 0.00668347
  202 201.5 14.663 0.00636415
  203 202.5 13.8269 0.00600124
  204 203.5 12.8949 0.00559676
  205 204.5 11.8861 0.00515889
  206 205.5 10.8008 0.00468786
  207 206.5 9.68129 0.00420195
  208 207.5 8.53203 0.00370314
  209 208.5 7.41974 0.00322038
  210 209.5 6.35527 0.00275836
  211 210.5 5.3791 0.00233468
  212 211.5 4.51866 0.00196122
  213 212.5 3.77896 0.00164017
  214 213.5 3.12963 0.00135835
  215 214.5 2.58616 0.00112247
  216 215.5 2.15529 0.000935457
  217 216.5 1.80502 0.000783429
  218 217.5 1.5326 0.000665189
  219 218.5 1.3236 0.000574478
  220 219.5 1.16573 0.000505959
  221 220.5 1.04987 0.000455671
  222 221.5 0.970644 0.000421286
  223 222.5 0.908116 0.000394148
  224 223.5 0.862951 0.000374545
  225 224.5 0.831233 0.000360778
  226 225.5 0.808446 0.000350888
  227 226.5 0.789141 0.000342509
  228 227.5 0.773237 0.000335606
  229 228.5 0.764334 0.000331742
  230 229.5 0.756457 0.000328323
  231 230.5 0.745129 0.000323407
  232 231.5 0.737621 0.000320148
  233 232.5 0.729368 0.000316566
  234 233.5 0.730933 0.000317245
  235 234.5 0.727752 0.000315865
  236 235.5 0.725127 0.000314725
  237 236.5 0.728719 0.000316284
  238 237.5 0.731835 0.000317637
  239 238.5 0.733389 0.000318311
  240 239.5 0.730768 0.000317174
  241 240.5 0.730208 0.000316931
  242 241.5 0.726149 0.000315169
  243 242.5 0.724275 0.000314355
  244 243.5 0.726615 0.000315371
  245 244.5 0.725595 0.000314928
  246 245.5 0.719707 0.000312373
  247 246.5 0.720287 0.000312625
  248 247.5 0.724879 0.000314618
  249 248.5 0.723009 0.000313806
  250 249.5 0.723233 0.000313903
  251 250.5 0.720969 0.000312921
  252 251.5 0.719407 0.000312243
  253 252.5 0.722203 0.000313456
  254 253.5 0.718654 0.000311916
  255 254.5 0.717783 0.000311538
  256 255.5 0.720073 0.000312532
  257 256.5 0.721142 0.000312996
  258 257.5 0.716523 0.000310991
  259 258.5 0.716074 0.000310796
  260 259.5 0.721007 0.000312937
  261 260.5 0.722233 0.000313469
  262 261.5 0.718758 0.000311961
  263 262.5 0.719949 0.000312478
  264 263.5 0.723123 0.000313855
  265 264.5 0.728167 0.000316045
  266 265.5 0.73148 0.000317483
  267 266.5 0.738635 0.000320588
  268 267.5 0.742166 0.000322121
  269 268.5 0.739364 0.000320905
  270 269.5 0.740911 0.000321576
  271 270.5 0.744214 0.00032301
  272 271.5 0.749167 0.000325159
  273 272.5 0.750403 0.000325696
  274 273.5 0.752332 0.000326533
  275 274.5 0.745125 0.000323405
  276 275.5 0.738438 0.000320503
  277 276.5 0.743963 0.000322901
  278 277.5 0.746541 0.00032402
  279 278.5 0.745184 0.000323431
  280 279.5 0.750377 0.000325684
  281 280.5 0.743458 0.000322681
  282 281.5 0.747549 0.000324457
  283 282.5 0.744381 0.000323082
  284 283.5 0.743304 0.000322615
  285 284.5 0.74463 0.00032319
  286 285.5 0.741065 0.000321643
  287 286.5 0.738131 0.000320369
  288 287.5 0.735521 0.000319237
  289 288.5 0.731917 0.000317672
  290 289.5 0.725135 0.000314729
  291 290.5 0.720704 0.000312806
  292 291.5 0.721041 0.000312952
  293 292.5 0.717711 0.000311507
  294 293.5 0.72026 0.000312613
  295 294.5 0.72469 0.000314536
  296 295.5 0.729815 0.00031676
  297 296.5 0.728436 0.000316161
  298 297.5 0.731762 0.000317605
  299 298.5 0.733383 0.000318309
  300 299.5 0.736316 0.000319582
  301 300.5 0.737031 0.000319892
  302 301.5 0.73294 0.000318116
  303 302.5 0.730119 0.000316892
  304 303.5 0.731002 0.000317275
  305 304.5 0.725015 0.000314677
  306 305.5 0.726855 0.000315475
  307 306.5 0.727793 0.000315882
  308 307.5 0.726656 0.000315389
  309 308.5 0.724116 0.000314286
  310 309.5 0.722367 0.000313527
  311 310.5 0.717984 0.000311625
  312 311.5 0.716017 0.000310771
  313 312.5 0.714947 0.000310307
  314 313.5 0.712878 0.000309409
  315 314.5 0.710039 0.000308177
  316 315.5 0.710325 0.000308301
  317 316.5 0.712551 0.000309267
  318 317.5 0.708343 0.000307441
  319 318.5 0.706692 0.000306724
  320 319.5 0.712206 0.000309117
  321 320.5 0.70691 0.000306819
  322 321.5 0.715428 0.000310516
  323 322.5 0.714206 0.000309985
  324 323.5 0.715397 0.000310502
  325 324.5 0.717578 0.000311449
  326 325.5 0.718303 0.000311763
  327 326.5 0.715061 0.000310356
  328 327.5 0.715279 0.000310451
  329 328.5 0.709335 0.000307871
  330 329.5 0.708614 0.000307558
  331 330.5 0.707124 0.000306911
  332 331.5 0.706906 0.000306817
  333 332.5 0.707797 0.000307204
  334 333.5 0.708151 0.000307357
  335 334.5 0.7029 0.000305078
  336 335.5 0.699658 0.000303671
  337 336.5 0.700787 0.000304161
  338 337.5 0.706059 0.000306449
  339 338.5 0.703236 0.000305224
  340 339.5 0.703566 0.000305367
  341 340.5 0.703451 0.000305317
  342 341.5 0.708773 0.000307627
  343 342.5 0.706318 0.000306562
  344 343.5 0.707392 0.000307028
  345 344.5 0.71266 0.000309314
  346 345.5 0.710445 0.000308353
  347 346.5 0.714524 0.000310123
  348 347.5 0.715682 0.000310626
  349 348.5 0.71545 0.000310525
  350 349.5 0.720576 0.00031275
  351 350.5 0.714174 0.000309971
  352 351.5 0.71366 0.000309748
  353 352.5 0.714262 0.00031001
  354 353.5 0.715173 0.000310405
  355 354.5 0.710977 0.000308584
  356 355.5 0.71184 0.000308958
  357 356.5 0.716046 0.000310784
  358 357.5 0.716845 0.000311131
  359 358.5 0.713411 0.00030964
  360 359.5 0.717288 0.000311323
  361 360.5 0.713368 0.000309622
  362 361.5 0.713787 0.000309803
  363 362.5 0.7164 0.000310938
  364 363.5 0.714269 0.000310013
  365 364.5 0.711879 0.000308975
  366 365.5 0.709269 0.000307842
  367 366.5 0.709587 0.00030798
  368 367.5 0.711092 0.000308634
  369 368.5 0.711923 0.000308994
  370 369.5 0.709473 0.000307931
  371 370.5 0.709128 0.000307781
  372 371.5 0.70863 0.000307565
  373 372.5 0.706393 0.000306594
  374 373.5 0.705671 0.000306281
  375 374.5 0.707608 0.000307122
  376 375.5 0.710352 0.000308312
  377 376.5 0.707878 0.000307239
  378 377.5 0.704122 0.000305609
  379 378.5 0.7021 0.000304731
  380 379.5 0.703031 0.000305135
  381 380.5 0.700847 0.000304187
  382 381.5 0.700327 0.000303961
  383 382.5 0.698929 0.000303355
  384 383.5 0.699651 0.000303668
  385 384.5 0.695324 0.00030179
  386 385.5 0.69216 0.000300417
  387 386.5 0.693469 0.000300985
  388 387.5 0.698546 0.000303188
  389 388.5 0.695203 0.000301737
  390 389.5 0.698412 0.00030313
  391 390.5 0.706201 0.000306511
  392 391.5 0.705622 0.00030626
  393 392.5 0.71191 0.000308989
  394 393.5 0.713236 0.000309564
  395 394.5 0.719677 0.00031236
  396 395.5 0.725795 0.000315015
  397 396.5 0.731702 0.000317579
  398 397.5 0.745404 0.000323526
  399 398.5 0.757463 0.00032876
  400 399.5 0.774356 0.000336092
  401 400.5 0.785886 0.000341096
  402 401.5 0.814576 0.000353549
  403 402.5 0.852591 0.000370048
  404 403.5 0.904969 0.000392782
  405 404.5 0.97509 0.000423216
  406 405.5 1.0644 0.00046198
  407 406.5 1.18745 0.000515385
  408 407.5 1.3523 0.000586938
  409 408.5 1.57709 0.000684503
  410 409.5 1.85663 0.000805828
  411 410.5 2.20947 0.00095897
  412 411.5 2.63011 0.00114154
  413 412.5 3.13412 0.00136029
  414 413.5 3.71023 0.00161034
  415 414.5 4.35082 0.00188838
  416 415.5 5.03124 0.0021837
  417 416.5 5.74483 0.00249342
  418 417.5 6.41216 0.00278306
  419 418.5 7.05652 0.00306272
  420 419.5 7.63187 0.00331244
  421 420.5 8.12455 0.00352628
  422 421.5 8.51416 0.00369538
  423 422.5 8.79818 0.00381865
  424 423.5 8.9781 0.00389674
  425 424.5 9.07902 0.00394054
  426 425.5 9.09512 0.00394753
  427 426.5 9.04755 0.00392689
  428 427.5 8.9622 0.00388984
  429 428.5 8.83223 0.00383343
  430 429.5 8.69728 0.00377486
  431 430.5 8.55064 0.00371121
  432 431.5 8.38613 0.00363981
  433 432.5 8.23164 0.00357276
  434 433.5 8.06578 0.00350077
  435 434.5 7.91864 0.00343691
  436 435.5 7.78024 0.00337684
  437 436.5 7.63207 0.00331253
  438 437.5 7.51261 0.00326068
  439 438.5 7.3941 0.00320924
  440 439.5 7.2846 0.00316172
  441 440.5 7.18479 0.0031184
  442 441.5 7.08816 0.00307646
  443 442.5 7.00683 0.00304116
  444 443.5 6.92347 0.00300498
  445 444.5 6.84661 0.00297162
  446 445.5 6.7777 0.00294171
  447 446.5 6.70939 0.00291206
  448 447.5 6.64938 0.00288602
  449 448.5 6.61135 0.00286951
  450 449.5 6.5519 0.0028437
  451 450.5 6.5256 0.00283229
  452 451.5 6.49206 0.00281773
  453 452.5 6.46386 0.0028055
  454 453.5 6.43128 0.00279136
  455 454.5 6.41442 0.00278404
  456 455.5 6.39047 0.00277364
  457 456.5 6.37889 0.00276862
  458 457.5 6.34642 0.00275452
  459 458.5 6.33031 0.00274753
  460 459.5 6.32565 0.00274551
  461 460.5 6.33099 0.00274782
  462 461.5 6.31829 0.00274231
  463 462.5 6.30297 0.00273566
  464 463.5 6.30249 0.00273546
  465 464.5 6.30131 0.00273494
  466 465.5 6.2842 0.00272752
  467 466.5 6.28566 0.00272815
  468 467.5 6.28496 0.00272785
  469 468.5 6.28354 0.00272723
  470 469.5 6.28017 0.00272577
  471 470.5 6.27175 0.00272211
  472 471.5 6.27901 0.00272527
  473 472.5 6.2804 0.00272587
  474 473.5 6.27865 0.00272511
  475 474.5 6.27359 0.00272291
  476 475.5 6.27605 0.00272398
  477 476.5 6.27189 0.00272218
  478 477.5 6.26759 0.00272031
  479 478.5 6.26897 0.00272091
  480 479.5 6.26363 0.00271859
  481 480.5 6.26488 0.00271913
  482 481.5 6.25298 0.00271397
  483 482.5 6.25082 0.00271303
  484 483.5 6.2579 0.0027161
  485 484.5 6.25464 0.00271469
  486 485.5 6.23277 0.0027052
  487 486.5 6.2257 0.00270213
  488 487.5 6.2401 0.00270837
  489 488.5 6.22347 0.00270116
  490 489.5 6.22346 0.00270115
  491 490.5 6.22285 0.00270089
  492 491.5 6.22392 0.00270136
  493 492.5 6.21354 0.00269685
  494 493.5 6.2161 0.00269796
  495 494.5 6.23241 0.00270504
  496 495.5 6.2417 0.00270907
  497 496.5 6.24273 0.00270952
  498 497.5 6.2367 0.0027069
  499 498.5 6.23581 0.00270652
  500 499.5 6.23737 0.00270719
  501 500.5 6.23678 0.00270694
  502 501.5 6.23739 0.0027072
  503 502.5 6.2371 0.00270707
  504 503.5 6.22666 0.00270254
  505 504.5 6.2312 0.00270451
  506 505.5 6.23756 0.00270727
  507 506.5 6.2436 0.00270989
  508 507.5 6.23717 0.0027071
  509 508.5 6.23024 0.0027041
  510 509.5 6.23594 0.00270657
  511 510.5 6.23444 0.00270592
  512 511.5 6.23965 0.00270818
  513 512.5 6.24088 0.00270872
  514 513.5 6.22632 0.00270239
  515 514.5 6.21528 0.0026976
  516 515.5 6.20617 0.00269365
  517 516.5 6.2155 0.0026977
  518 517.5 6.21114 0.00269581
  519 518.5 6.20329 0.0026924
  520 519.5 6.21561 0.00269775
  521 520.5 6.20382 0.00269263
  522 521.5 6.20319 0.00269236
  523 522.5 6.19565 0.00268909
  524 523.5 6.20939 0.00269505
  525 524.5 6.20304 0.00269229
  526 525.5 6.19999 0.00269097
  527 526.5 6.20409 0.00269275
  528 527.5 6.203 0.00269227
  529 528.5 6.19055 0.00268687
  530 529.5 6.18697 0.00268532
  531 530.5 6.18924 0.0026863
  532 531.5 6.18359 0.00268385
  533 532.5 6.19751 0.00268989
  534 533.5 6.18873 0.00268608
  535 534.5 6.19372 0.00268825
  536 535.5 6.18699 0.00268533
  537 536.5 6.20291 0.00269224
  538 537.5 6.20838 0.00269461
  539 538.5 6.2236 0.00270122
  540 539.5 6.22058 0.0026999
  541 540.5 6.21841 0.00269896
  542 541.5 6.22848 0.00270333
  543 542.5 6.22331 0.00270109
  544 543.5 6.21948 0.00269943
  545 544.5 6.22771 0.002703
  546 545.5 6.21917 0.00269929
  547 546.5 6.21232 0.00269632
  548 547.5 6.20539 0.00269331
  549 548.5 6.21383 0.00269697
  550 549.5 6.22168 0.00270038
  551 550.5 6.22642 0.00270244
  552 551.5 6.23632 0.00270674
  553 552.5 6.25468 0.00271471
  554 553.5 6.25934 0.00271673
  555 554.5 6.25499 0.00271484
  556 555.5 6.26311 0.00271836
  557 556.5 6.27739 0.00272456
  558 557.5 6.2899 0.00272999
  559 558.5 6.29315 0.0027314
  560 559.5 6.29237 0.00273106
  561 560.5 6.30646 0.00273718
  562 561.5 6.30648 0.00273719
  563 562.5 6.32599 0.00274565
  564 563.5 6.32854 0.00274676
  565 564.5 6.3367 0.00275031
  566 565.5 6.34458 0.00275373
  567 566.5 6.34713 0.00275483
  568 567.5 6.3782 0.00276832
  569 568.5 6.39925 0.00277745
  570 569.5 6.4176 0.00278542
  571 570.5 6.43679 0.00279374
  572 571.5 6.46023 0.00280392
  573 572.5 6.49409 0.00281861
  574 573.5 6.53832 0.00283781
  575 574.5 6.57335 0.00285301
  576 575.5 6.62028 0.00287339
  577 576.5 6.66828 0.00289422
  578 577.5 6.71812 0.00291585
  579 578.5 6.77579 0.00294088
  580 579.5 6.84244 0.00296981
  581 580.5 6.91647 0.00300194
  582 581.5 6.9851 0.00303173
  583 582.5 7.05859 0.00306362
  584 583.5 7.14872 0.00310274
  585 584.5 7.2345 0.00313998
  586 585.5 7.33757 0.00318471
  587 586.5 7.44363 0.00323074
  588 587.5 7.55033 0.00327706
  589 588.5 7.6693 0.00332869
  590 589.5 7.81573 0.00339224
  591 590.5 7.95939 0.00345459
  592 591.5 8.11437 0.00352186
  593 592.5 8.29261 0.00359923
  594 593.5 8.4646 0.00367387
  595 594.5 8.64589 0.00375256
  596 595.5 8.863 0.00384679
  597 596.5 9.09089 0.0039457
  598 597.5 9.33492 0.00405161
  599 598.5 9.59219 0.00416328
  600 599.5 9.86864 0.00428326
  601 600.5 10.1455 0.00440343
  602 601.5 10.4284 0.00452619
  603 602.5 10.7411 0.00466192
  604 603.5 11.0649 0.00480249
  605 604.5 11.4028 0.00494915
  606 605.5 11.7301 0.0050912
  607 606.5 12.0932 0.00524879
  608 607.5 12.4345 0.00539691
  609 608.5 12.7912 0.00555174
  610 609.5 13.1525 0.00570853
  611 610.5 13.5263 0.0058708
  612 611.5 13.8804 0.00602447
  613 612.5 14.2389 0.00618009
  614 613.5 14.6025 0.00633791
  615 614.5 14.9853 0.00650402
  616 615.5 15.331 0.00665409
  617 616.5 15.6543 0.00679438
  618 617.5 16.0162 0.00695149
  619 618.5 16.3645 0.00710267
  620 619.5 16.71 0.00725262
  621 620.5 17.0153 0.00738513
  622 621.5 17.3216 0.00751807
  623 622.5 17.6144 0.00764516
  624 623.5 17.898 0.00776824
