# Chunk-averaged data for fix tensor3 and group c2
# Timestep Number-of-chunks Total-count
# Chunk Coord1 Ncount density/number
20000000 480 5849.00000000001
  1 0.5 0.462864 0.000200896
  2 1.5 0.455732 0.0001978
  3 2.5 0.455882 0.000197865
  4 3.5 0.458382 0.000198951
  5 4.5 0.454688 0.000197347
  6 5.5 0.449068 0.000194908
  7 6.5 0.447662 0.000194298
  8 7.5 0.452296 0.000196309
  9 8.5 0.445746 0.000193466
  10 9.5 0.44036 0.000191128
  11 10.5 0.439942 0.000190947
  12 11.5 0.438496 0.000190319
  13 12.5 0.428056 0.000185788
  14 13.5 0.424008 0.000184031
  15 14.5 0.41826 0.000181536
  16 15.5 0.417524 0.000181217
  17 16.5 0.412758 0.000179148
  18 17.5 0.411222 0.000178482
  19 18.5 0.407072 0.000176681
  20 19.5 0.404526 0.000175576
  21 20.5 0.402546 0.000174716
  22 21.5 0.40178 0.000174384
  23 22.5 0.3969 0.000172266
  24 23.5 0.393048 0.000170594
  25 24.5 0.391518 0.00016993
  26 25.5 0.389616 0.000169104
  27 26.5 0.38368 0.000166528
  28 27.5 0.385036 0.000167116
  29 28.5 0.384024 0.000166677
  30 29.5 0.37941 0.000164674
  31 30.5 0.38188 0.000165747
  32 31.5 0.379728 0.000164813
  33 32.5 0.378024 0.000164073
  34 33.5 0.378104 0.000164108
  35 34.5 0.379822 0.000164853
  36 35.5 0.377538 0.000163862
  37 36.5 0.376802 0.000163543
  38 37.5 0.371458 0.000161223
  39 38.5 0.374464 0.000162528
  40 39.5 0.375734 0.000163079
  41 40.5 0.373948 0.000162304
  42 41.5 0.381714 0.000165674
  43 42.5 0.38035 0.000165082
  44 43.5 0.378788 0.000164405
  45 44.5 0.381758 0.000165694
  46 45.5 0.377832 0.00016399
  47 46.5 0.378622 0.000164332
  48 47.5 0.376436 0.000163384
  49 48.5 0.37446 0.000162526
  50 49.5 0.38061 0.000165195
  51 50.5 0.375842 0.000163126
  52 51.5 0.37759 0.000163885
  53 52.5 0.375278 0.000162881
  54 53.5 0.372022 0.000161468
  55 54.5 0.372096 0.0001615
  56 55.5 0.374046 0.000162346
  57 56.5 0.373156 0.00016196
  58 57.5 0.373488 0.000162104
  59 58.5 0.373686 0.00016219
  60 59.5 0.379666 0.000164786
  61 60.5 0.377776 0.000163965
  62 61.5 0.373594 0.00016215
  63 62.5 0.378966 0.000164482
  64 63.5 0.380058 0.000164956
  65 64.5 0.385586 0.000167355
  66 65.5 0.383754 0.00016656
  67 66.5 0.378864 0.000164438
  68 67.5 0.375242 0.000162865
  69 68.5 0.3785 0.00016428
  70 69.5 0.37777 0.000163963
  71 70.5 0.37812 0.000164115
  72 71.5 0.378004 0.000164064
  73 72.5 0.382682 0.000166095
  74 73.5 0.382206 0.000165888
  75 74.5 0.3804 0.000165104
  76 75.5 0.375694 0.000163062
  77 76.5 0.37215 0.000161523
  78 77.5 0.37338 0.000162057
  79 78.5 0.37204 0.000161476
  80 79.5 0.374944 0.000162736
  81 80.5 0.37658 0.000163446
  82 81.5 0.375212 0.000162852
  83 82.5 0.378514 0.000164286
  84 83.5 0.382896 0.000166187
  85 84.5 0.378798 0.000164409
  86 85.5 0.378064 0.00016409
  87 86.5 0.38008 0.000164965
  88 87.5 0.381162 0.000165435
  89 88.5 0.381866 0.00016574
  90 89.5 0.385016 0.000167108
  91 90.5 0.383788 0.000166575
  92 91.5 0.383022 0.000166242
  93 92.5 0.38788 0.000168351
  94 93.5 0.390162 0.000169341
  95 94.5 0.389714 0.000169147
  96 95.5 0.38834 0.00016855
  97 96.5 0.390098 0.000169313
  98 97.5 0.39466 0.000171293
  99 98.5 0.400404 0.000173786
  100 99.5 0.400902 0.000174003
  101 100.5 0.396866 0.000172251
  102 101.5 0.394758 0.000171336
  103 102.5 0.393778 0.000170911
  104 103.5 0.392968 0.000170559
  105 104.5 0.395774 0.000171777
  106 105.5 0.399304 0.000173309
  107 106.5 0.398152 0.000172809
  108 107.5 0.399214 0.00017327
  109 108.5 0.39476 0.000171337
  110 109.5 0.39036 0.000169427
  111 110.5 0.38607 0.000167565
  112 111.5 0.389018 0.000168845
  113 112.5 0.382886 0.000166183
  114 113.5 0.384504 0.000166885
  115 114.5 0.378262 0.000164176
  116 115.5 0.379554 0.000164737
  117 116.5 0.37687 0.000163572
  118 117.5 0.377294 0.000163756
  119 118.5 0.38055 0.000165169
  120 119.5 0.377658 0.000163914
  121 120.5 0.38373 0.000166549
  122 121.5 0.37992 0.000164896
  123 122.5 0.381396 0.000165536
  124 123.5 0.383746 0.000166556
  125 124.5 0.385774 0.000167437
  126 125.5 0.37826 0.000164175
  127 126.5 0.381552 0.000165604
  128 127.5 0.384188 0.000166748
  129 128.5 0.382814 0.000166152
  130 129.5 0.38415 0.000166732
  131 130.5 0.383358 0.000166388
  132 131.5 0.379438 0.000164687
  133 132.5 0.382126 0.000165853
  134 133.5 0.385862 0.000167475
  135 134.5 0.390474 0.000169477
  136 135.5 0.389992 0.000169267
  137 136.5 0.393688 0.000170872
  138 137.5 0.401466 0.000174247
  139 138.5 0.4034 0.000175087
  140 139.5 0.400874 0.00017399
  141 140.5 0.40171 0.000174353
  142 141.5 0.408058 0.000177109
  143 142.5 0.401646 0.000174326
  144 143.5 0.402012 0.000174484
  145 144.5 0.400024 0.000173622
  146 145.5 0.398118 0.000172794
  147 146.5 0.39654 0.000172109
  148 147.5 0.398778 0.000173081
  149 148.5 0.406968 0.000176635
  150 149.5 0.416616 0.000180823
  151 150.5 0.427122 0.000185383
  152 151.5 0.432552 0.00018774
  153 152.5 0.451988 0.000196175
  154 153.5 0.48611 0.000210985
  155 154.5 0.541766 0.000235141
  156 155.5 0.628474 0.000272775
  157 156.5 0.789374 0.00034261
  158 157.5 1.08128 0.000469304
  159 158.5 1.62852 0.000706822
  160 159.5 2.56877 0.00111492
  161 160.5 4.10371 0.00178112
  162 161.5 6.42997 0.00279079
  163 162.5 9.62529 0.00417764
  164 163.5 13.5382 0.00587596
  165 164.5 17.8943 0.00776664
  166 165.5 22.1783 0.00962601
  167 166.5 25.9133 0.0112471
  168 167.5 28.8997 0.0125433
  169 168.5 31.0916 0.0134946
  170 169.5 32.6905 0.0141886
  171 170.5 33.7149 0.0146332
  172 171.5 34.3443 0.0149064
  173 172.5 34.8321 0.0151181
  174 173.5 35.1598 0.0152603
  175 174.5 35.3669 0.0153502
  176 175.5 35.4416 0.0153826
  177 176.5 35.5961 0.0154497
  178 177.5 35.661 0.0154779
  179 178.5 35.6826 0.0154872
  180 179.5 35.7085 0.0154985
  181 180.5 35.7529 0.0155178
  182 181.5 35.7719 0.015526
  183 182.5 35.7444 0.0155141
  184 183.5 35.7631 0.0155222
  185 184.5 35.8271 0.01555
  186 185.5 35.7769 0.0155282
  187 186.5 35.7668 0.0155238
  188 187.5 35.8353 0.0155535
  189 188.5 35.8001 0.0155382
  190 189.5 35.7832 0.0155309
  191 190.5 35.8069 0.0155412
  192 191.5 35.8217 0.0155476
  193 192.5 35.8091 0.0155421
  194 193.5 35.8018 0.015539
  195 194.5 35.8071 0.0155413
  196 195.5 35.8435 0.0155571
  197 196.5 35.7962 0.0155365
  198 197.5 35.8068 0.0155411
  199 198.5 35.7967 0.0155367
  200 199.5 35.8412 0.0155561
  201 200.5 35.8002 0.0155383
  202 201.5 35.7708 0.0155255
  203 202.5 35.8612 0.0155647
  204 203.5 35.8415 0.0155562
  205 204.5 35.7673 0.015524
  206 205.5 35.7901 0.0155339
  207 206.5 35.8719 0.0155694
  208 207.5 35.8216 0.0155476
  209 208.5 35.8003 0.0155383
  210 209.5 35.8124 0.0155436
  211 210.5 35.8555 0.0155623
  212 211.5 35.7918 0.0155346
  213 212.5 35.8364 0.015554
  214 213.5 35.8167 0.0155455
  215 214.5 35.8404 0.0155557
  216 215.5 35.8183 0.0155461
  217 216.5 35.8482 0.0155591
  218 217.5 35.8109 0.0155429
  219 218.5 35.8384 0.0155549
  220 219.5 35.8351 0.0155534
  221 220.5 35.8213 0.0155474
  222 221.5 35.8154 0.0155449
  223 222.5 35.8307 0.0155515
  224 223.5 35.8364 0.015554
  225 224.5 35.8111 0.015543
  226 225.5 35.786 0.0155321
  227 226.5 35.874 0.0155703
  228 227.5 35.8379 0.0155547
  229 228.5 35.7853 0.0155318
  230 229.5 35.8386 0.0155549
  231 230.5 35.8735 0.0155701
  232 231.5 35.8312 0.0155517
  233 232.5 35.8017 0.0155389
  234 233.5 35.8904 0.0155774
  235 234.5 35.8255 0.0155493
  236 235.5 35.8355 0.0155536
  237 236.5 35.8469 0.0155586
  238 237.5 35.8495 0.0155597
  239 238.5 35.853 0.0155612
  240 239.5 35.853 0.0155612
  241 240.5 35.8498 0.0155598
  242 241.5 35.8472 0.0155587
  243 242.5 35.8503 0.01556
  244 243.5 35.8565 0.0155627
  245 244.5 35.8464 0.0155583
  246 245.5 35.8472 0.0155587
  247 246.5 35.8357 0.0155537
  248 247.5 35.8594 0.015564
  249 248.5 35.8308 0.0155515
  250 249.5 35.8168 0.0155455
  251 250.5 35.8695 0.0155684
  252 251.5 35.8678 0.0155676
  253 252.5 35.8062 0.0155409
  254 253.5 35.8321 0.0155521
  255 254.5 35.8512 0.0155604
  256 255.5 35.8376 0.0155545
  257 256.5 35.8364 0.015554
  258 257.5 35.8382 0.0155548
  259 258.5 35.8279 0.0155503
  260 259.5 35.8155 0.0155449
  261 260.5 35.873 0.0155699
  262 261.5 35.8119 0.0155434
  263 262.5 35.8306 0.0155515
  264 263.5 35.8402 0.0155557
  265 264.5 35.8206 0.0155471
  266 265.5 35.8341 0.015553
  267 266.5 35.8325 0.0155523
  268 267.5 35.8218 0.0155477
  269 268.5 35.862 0.0155651
  270 269.5 35.8192 0.0155465
  271 270.5 35.8629 0.0155655
  272 271.5 35.8309 0.0155516
  273 272.5 35.8374 0.0155544
  274 273.5 35.8433 0.015557
  275 274.5 35.8731 0.0155699
  276 275.5 35.8117 0.0155433
  277 276.5 35.8566 0.0155627
  278 277.5 35.8735 0.0155701
  279 278.5 35.8119 0.0155433
  280 279.5 35.8553 0.0155622
  281 280.5 35.8684 0.0155679
  282 281.5 35.8673 0.0155674
  283 282.5 35.8001 0.0155382
  284 283.5 35.873 0.0155699
  285 284.5 35.8638 0.0155659
  286 285.5 35.8292 0.0155509
  287 286.5 35.8437 0.0155571
  288 287.5 35.9004 0.0155818
  289 288.5 35.8426 0.0155567
  290 289.5 35.8309 0.0155516
  291 290.5 35.9071 0.0155847
  292 291.5 35.8517 0.0155606
  293 292.5 35.8304 0.0155514
  294 293.5 35.8748 0.0155707
  295 294.5 35.8888 0.0155767
  296 295.5 35.8529 0.0155612
  297 296.5 35.8677 0.0155676
  298 297.5 35.8758 0.0155711
  299 298.5 35.8798 0.0155728
  300 299.5 35.8224 0.0155479
  301 300.5 35.8504 0.0155601
  302 301.5 35.8879 0.0155764
  303 302.5 35.8379 0.0155546
  304 303.5 35.8157 0.015545
  305 304.5 35.8759 0.0155712
  306 305.5 35.8324 0.0155522
  307 306.5 35.8201 0.0155469
  308 307.5 35.8139 0.0155442
  309 308.5 35.8206 0.0155472
  310 309.5 35.7608 0.0155212
  311 310.5 35.7564 0.0155193
  312 311.5 35.699 0.0154944
  313 312.5 35.6777 0.0154851
  314 313.5 35.5374 0.0154242
  315 314.5 35.3974 0.0153635
  316 315.5 35.2287 0.0152902
  317 316.5 34.9656 0.015176
  318 317.5 34.4958 0.0149721
  319 318.5 33.8857 0.0147073
  320 319.5 32.9996 0.0143227
  321 320.5 31.534 0.0136866
  322 321.5 29.5157 0.0128106
  323 322.5 26.7298 0.0116015
  324 323.5 23.178 0.0100599
  325 324.5 19.0168 0.00825382
  326 325.5 14.6579 0.00636193
  327 326.5 10.6014 0.00460132
  328 327.5 7.2353 0.00314032
  329 328.5 4.69073 0.00203591
  330 329.5 2.96206 0.00128562
  331 330.5 1.86849 0.000810975
  332 331.5 1.23143 0.000534473
  333 332.5 0.88 0.000381944
  334 333.5 0.68253 0.000296237
  335 334.5 0.571736 0.000248149
  336 335.5 0.509324 0.000221061
  337 336.5 0.464914 0.000201786
  338 337.5 0.444216 0.000192802
  339 338.5 0.424818 0.000184383
  340 339.5 0.410322 0.000178091
  341 340.5 0.397678 0.000172603
  342 341.5 0.388972 0.000168825
  343 342.5 0.384632 0.000166941
  344 343.5 0.379726 0.000164812
  345 344.5 0.374056 0.000162351
  346 345.5 0.36612 0.000158906
  347 346.5 0.365004 0.000158422
  348 347.5 0.357176 0.000155024
  349 348.5 0.355982 0.000154506
  350 349.5 0.356688 0.000154813
  351 350.5 0.359902 0.000156207
  352 351.5 0.362314 0.000157254
  353 352.5 0.361222 0.00015678
  354 353.5 0.357388 0.000155116
  355 354.5 0.357932 0.000155352
  356 355.5 0.352496 0.000152993
  357 356.5 0.353906 0.000153605
  358 357.5 0.35574 0.000154401
  359 358.5 0.350624 0.000152181
  360 359.5 0.349136 0.000151535
  361 360.5 0.351502 0.000152562
  362 361.5 0.349342 0.000151624
  363 362.5 0.351056 0.000152368
  364 363.5 0.348726 0.000151357
  365 364.5 0.354094 0.000153687
  366 365.5 0.349428 0.000151661
  367 366.5 0.350442 0.000152102
  368 367.5 0.351058 0.000152369
  369 368.5 0.348722 0.000151355
  370 369.5 0.350876 0.00015229
  371 370.5 0.34882 0.000151398
  372 371.5 0.349182 0.000151555
  373 372.5 0.34761 0.000150872
  374 373.5 0.341308 0.000148137
  375 374.5 0.347348 0.000150759
  376 375.5 0.350524 0.000152137
  377 376.5 0.349416 0.000151656
  378 377.5 0.352554 0.000153018
  379 378.5 0.35543 0.000154266
  380 379.5 0.360654 0.000156534
  381 380.5 0.358538 0.000155615
  382 381.5 0.359958 0.000156232
  383 382.5 0.356346 0.000154664
  384 383.5 0.354832 0.000154007
  385 384.5 0.351298 0.000152473
  386 385.5 0.35552 0.000154306
  387 386.5 0.356804 0.000154863
  388 387.5 0.353924 0.000153613
  389 388.5 0.35522 0.000154175
  390 389.5 0.354804 0.000153995
  391 390.5 0.356554 0.000154754
  392 391.5 0.354946 0.000154056
  393 392.5 0.355372 0.000154241
  394 393.5 0.350326 0.000152051
  395 394.5 0.352198 0.000152864
  396 395.5 0.354308 0.00015378
  397 396.5 0.352346 0.000152928
  398 397.5 0.350064 0.000151938
  399 398.5 0.350116 0.00015196
  400 399.5 0.351148 0.000152408
  401 400.5 0.350224 0.000152007
  402 401.5 0.352774 0.000153114
  403 402.5 0.351512 0.000152566
  404 403.5 0.355676 0.000154373
  405 404.5 0.355042 0.000154098
  406 405.5 0.358864 0.000155757
  407 406.5 0.360244 0.000156356
  408 407.5 0.360634 0.000156525
  409 408.5 0.356942 0.000154923
  410 409.5 0.358342 0.00015553
  411 410.5 0.364162 0.000158056
  412 411.5 0.362064 0.000157146
  413 412.5 0.360288 0.000156375
  414 413.5 0.361724 0.000156998
  415 414.5 0.362152 0.000157184
  416 415.5 0.362272 0.000157236
  417 416.5 0.360362 0.000156407
  418 417.5 0.35485 0.000154015
  419 418.5 0.354112 0.000153694
  420 419.5 0.35175 0.000152669
  421 420.5 0.35671 0.000154822
  422 421.5 0.357374 0.00015511
  423 422.5 0.360232 0.000156351
  424 423.5 0.360988 0.000156679
  425 424.5 0.362958 0.000157534
  426 425.5 0.358808 0.000155733
  427 426.5 0.35934 0.000155964
  428 427.5 0.357542 0.000155183
  429 428.5 0.359642 0.000156095
  430 429.5 0.361208 0.000156774
  431 430.5 0.36228 0.00015724
  432 431.5 0.358784 0.000155722
  433 432.5 0.358032 0.000155396
  434 433.5 0.362212 0.00015721
  435 434.5 0.36248 0.000157326
  436 435.5 0.361284 0.000156807
  437 436.5 0.364768 0.000158319
  438 437.5 0.36551 0.000158641
  439 438.5 0.365664 0.000158708
  440 439.5 0.364664 0.000158274
  441 440.5 0.361696 0.000156986
  442 441.5 0.360716 0.000156561
  443 442.5 0.364208 0.000158076
  444 443.5 0.364228 0.000158085
  445 444.5 0.3676 0.000159549
  446 445.5 0.371278 0.000161145
  447 446.5 0.369256 0.000160267
  448 447.5 0.37023 0.00016069
  449 448.5 0.37442 0.000162509
  450 449.5 0.375978 0.000163185
  451 450.5 0.380494 0.000165145
  452 451.5 0.385434 0.000167289
  453 452.5 0.384266 0.000166782
  454 453.5 0.385544 0.000167337
  455 454.5 0.383884 0.000166616
  456 455.5 0.385858 0.000167473
  457 456.5 0.387508 0.000168189
  458 457.5 0.388906 0.000168796
  459 458.5 0.393702 0.000170878
  460 459.5 0.397012 0.000172314
  461 460.5 0.398316 0.00017288
  462 461.5 0.399994 0.000173609
  463 462.5 0.400476 0.000173818
  464 463.5 0.404486 0.000175558
  465 464.5 0.414456 0.000179885
  466 465.5 0.411524 0.000178613
  467 466.5 0.416658 0.000180841
  468 467.5 0.422822 0.000183516
  469 468.5 0.422076 0.000183193
  470 469.5 0.425742 0.000184784
  471 470.5 0.432118 0.000187551
  472 471.5 0.437896 0.000190059
  473 472.5 0.441612 0.000191672
  474 473.5 0.446226 0.000193674
  475 474.5 0.447432 0.000194198
  476 475.5 0.45068 0.000195608
  477 476.5 0.455572 0.000197731
  478 477.5 0.456926 0.000198319
  479 478.5 0.45766 0.000198637
  480 479.5 0.460726 0.000199968
30000000 480 5848.999999999997
  1 0.5 0.426746 0.00018522
  2 1.5 0.425546 0.000184699
  3 2.5 0.43084 0.000186997
  4 3.5 0.432238 0.000187603
  5 4.5 0.433592 0.000188191
  6 5.5 0.434014 0.000188374
  7 6.5 0.434646 0.000188648
  8 7.5 0.43254 0.000187734
  9 8.5 0.432468 0.000187703
  10 9.5 0.435936 0.000189208
  11 10.5 0.435548 0.00018904
  12 11.5 0.42767 0.000185621
  13 12.5 0.42292 0.000183559
  14 13.5 0.418752 0.00018175
  15 14.5 0.416164 0.000180627
  16 15.5 0.411548 0.000178623
  17 16.5 0.40467 0.000175638
  18 17.5 0.40464 0.000175625
  19 18.5 0.408376 0.000177247
  20 19.5 0.402408 0.000174656
  21 20.5 0.397108 0.000172356
  22 21.5 0.394388 0.000171175
  23 22.5 0.390536 0.000169503
  24 23.5 0.389974 0.00016926
  25 24.5 0.392726 0.000170454
  26 25.5 0.395788 0.000171783
  27 26.5 0.390638 0.000169548
  28 27.5 0.388866 0.000168779
  29 28.5 0.385258 0.000167213
  30 29.5 0.382044 0.000165818
  31 30.5 0.373806 0.000162242
  32 31.5 0.37008 0.000160625
  33 32.5 0.369684 0.000160453
  34 33.5 0.370444 0.000160783
  35 34.5 0.372438 0.000161648
  36 35.5 0.370452 0.000160786
  37 36.5 0.36932 0.000160295
  38 37.5 0.369258 0.000160268
  39 38.5 0.373842 0.000162258
  40 39.5 0.373106 0.000161938
  41 40.5 0.371798 0.000161371
  42 41.5 0.37211 0.000161506
  43 42.5 0.367704 0.000159594
  44 43.5 0.367444 0.000159481
  45 44.5 0.369608 0.00016042
  46 45.5 0.367512 0.00015951
  47 46.5 0.365762 0.000158751
  48 47.5 0.365836 0.000158783
  49 48.5 0.362414 0.000157298
  50 49.5 0.359446 0.00015601
  51 50.5 0.35981 0.000156168
  52 51.5 0.35706 0.000154974
  53 52.5 0.36286 0.000157491
  54 53.5 0.364298 0.000158115
  55 54.5 0.363562 0.000157796
  56 55.5 0.365134 0.000158478
  57 56.5 0.36289 0.000157504
  58 57.5 0.36331 0.000157687
  59 58.5 0.364718 0.000158298
  60 59.5 0.370886 0.000160975
  61 60.5 0.373044 0.000161911
  62 61.5 0.371568 0.000161271
  63 62.5 0.369466 0.000160359
  64 63.5 0.37357 0.00016214
  65 64.5 0.368418 0.000159904
  66 65.5 0.36834 0.00015987
  67 66.5 0.37245 0.000161654
  68 67.5 0.376522 0.000163421
  69 68.5 0.374934 0.000162732
  70 69.5 0.374744 0.000162649
  71 70.5 0.371066 0.000161053
  72 71.5 0.373082 0.000161928
  73 72.5 0.377674 0.000163921
  74 73.5 0.380846 0.000165298
  75 74.5 0.380902 0.000165322
  76 75.5 0.382694 0.0001661
  77 76.5 0.38278 0.000166137
  78 77.5 0.381082 0.0001654
  79 78.5 0.38225 0.000165907
  80 79.5 0.376772 0.00016353
  81 80.5 0.380306 0.000165063
  82 81.5 0.379362 0.000164654
  83 82.5 0.379984 0.000164924
  84 83.5 0.37756 0.000163872
  85 84.5 0.377024 0.000163639
  86 85.5 0.381284 0.000165488
  87 86.5 0.384106 0.000166713
  88 87.5 0.384764 0.000166998
  89 88.5 0.381466 0.000165567
  90 89.5 0.378566 0.000164308
  91 90.5 0.380676 0.000165224
  92 91.5 0.382246 0.000165905
  93 92.5 0.384684 0.000166964
  94 93.5 0.382072 0.00016583
  95 94.5 0.381102 0.000165409
  96 95.5 0.376356 0.000163349
  97 96.5 0.378096 0.000164104
  98 97.5 0.375336 0.000162906
  99 98.5 0.374188 0.000162408
  100 99.5 0.3719 0.000161415
  101 100.5 0.373182 0.000161971
  102 101.5 0.369596 0.000160415
  103 102.5 0.370938 0.000160997
  104 103.5 0.371336 0.00016117
  105 104.5 0.369582 0.000160409
  106 105.5 0.372122 0.000161511
  107 106.5 0.372892 0.000161845
  108 107.5 0.369068 0.000160186
  109 108.5 0.373702 0.000162197
  110 109.5 0.371852 0.000161394
  111 110.5 0.37218 0.000161536
  112 111.5 0.370544 0.000160826
  113 112.5 0.370508 0.000160811
  114 113.5 0.371878 0.000161405
  115 114.5 0.367884 0.000159672
  116 115.5 0.364978 0.000158411
  117 116.5 0.366836 0.000159217
  118 117.5 0.363564 0.000157797
  119 118.5 0.36236 0.000157274
  120 119.5 0.361268 0.0001568
  121 120.5 0.362846 0.000157485
  122 121.5 0.367438 0.000159478
  123 122.5 0.365334 0.000158565
  124 123.5 0.36348 0.00015776
  125 124.5 0.365732 0.000158738
  126 125.5 0.367922 0.000159688
  127 126.5 0.373622 0.000162162
  128 127.5 0.380062 0.000164957
  129 128.5 0.379436 0.000164686
  130 129.5 0.379136 0.000164556
  131 130.5 0.380954 0.000165345
  132 131.5 0.386552 0.000167774
  133 132.5 0.384848 0.000167035
  134 133.5 0.383338 0.000166379
  135 134.5 0.384418 0.000166848
  136 135.5 0.392438 0.000170329
  137 136.5 0.393166 0.000170645
  138 137.5 0.390182 0.00016935
  139 138.5 0.388164 0.000168474
  140 139.5 0.38898 0.000168828
  141 140.5 0.387968 0.000168389
  142 141.5 0.388926 0.000168805
  143 142.5 0.382838 0.000166162
  144 143.5 0.381304 0.000165497
  145 144.5 0.38444 0.000166858
  146 145.5 0.388 0.000168403
  147 146.5 0.386612 0.0001678
  148 147.5 0.39241 0.000170317
  149 148.5 0.391042 0.000169723
  150 149.5 0.39577 0.000171775
  151 150.5 0.395138 0.000171501
  152 151.5 0.39491 0.000171402
  153 152.5 0.402416 0.00017466
  154 153.5 0.406588 0.00017647
  155 154.5 0.420246 0.000182398
  156 155.5 0.439072 0.000190569
  157 156.5 0.465454 0.00020202
  158 157.5 0.51019 0.000221437
  159 158.5 0.589886 0.000256027
  160 159.5 0.71863 0.000311905
  161 160.5 0.952544 0.000413431
  162 161.5 1.39447 0.000605238
  163 162.5 2.19617 0.000953198
  164 163.5 3.51937 0.0015275
  165 164.5 5.56302 0.00241451
  166 165.5 8.47174 0.00367697
  167 166.5 12.151 0.00527389
  168 167.5 16.3337 0.0070893
  169 168.5 20.5875 0.00893555
  170 169.5 24.4652 0.0106186
  171 170.5 27.6839 0.0120156
  172 171.5 30.2079 0.0131111
  173 172.5 32.0115 0.0138939
  174 173.5 33.2681 0.0144393
  175 174.5 34.0917 0.0147967
  176 175.5 34.6604 0.0150436
  177 176.5 35.038 0.0152075
  178 177.5 35.2722 0.0153091
  179 178.5 35.4271 0.0153764
  180 179.5 35.5446 0.0154273
  181 180.5 35.6387 0.0154682
  182 181.5 35.6982 0.015494
  183 182.5 35.7306 0.0155081
  184 183.5 35.7859 0.0155321
  185 184.5 35.7947 0.0155359
  186 185.5 35.7923 0.0155349
  187 186.5 35.8379 0.0155546
  188 187.5 35.8276 0.0155502
  189 188.5 35.8074 0.0155414
  190 189.5 35.8302 0.0155513
  191 190.5 35.8763 0.0155713
  192 191.5 35.8065 0.015541
  193 192.5 35.8314 0.0155518
  194 193.5 35.87 0.0155686
  195 194.5 35.8491 0.0155595
  196 195.5 35.8188 0.0155464
  197 196.5 35.8551 0.0155621
  198 197.5 35.8664 0.015567
  199 198.5 35.863 0.0155655
  200 199.5 35.8317 0.0155519
  201 200.5 35.8501 0.01556
  202 201.5 35.876 0.0155712
  203 202.5 35.8422 0.0155565
  204 203.5 35.8604 0.0155644
  205 204.5 35.8567 0.0155628
  206 205.5 35.8603 0.0155644
  207 206.5 35.8879 0.0155763
  208 207.5 35.8279 0.0155503
  209 208.5 35.8777 0.0155719
  210 209.5 35.8884 0.0155766
  211 210.5 35.8577 0.0155632
  212 211.5 35.8313 0.0155518
  213 212.5 35.8855 0.0155753
  214 213.5 35.8543 0.0155618
  215 214.5 35.8457 0.015558
  216 215.5 35.8698 0.0155685
  217 216.5 35.8587 0.0155637
  218 217.5 35.8514 0.0155605
  219 218.5 35.8702 0.0155687
  220 219.5 35.8528 0.0155611
  221 220.5 35.8202 0.015547
  222 221.5 35.872 0.0155694
  223 222.5 35.8497 0.0155598
  224 223.5 35.8242 0.0155487
  225 224.5 35.8833 0.0155744
  226 225.5 35.8682 0.0155678
  227 226.5 35.8286 0.0155506
  228 227.5 35.8597 0.0155641
  229 228.5 35.8778 0.015572
  230 229.5 35.8608 0.0155646
  231 230.5 35.852 0.0155607
  232 231.5 35.8538 0.0155615
  233 232.5 35.8555 0.0155623
  234 233.5 35.8715 0.0155692
  235 234.5 35.8543 0.0155618
  236 235.5 35.8426 0.0155567
  237 236.5 35.8732 0.01557
  238 237.5 35.8768 0.0155715
  239 238.5 35.8286 0.0155506
  240 239.5 35.8948 0.0155793
  241 240.5 35.8896 0.0155771
  242 241.5 35.8477 0.0155589
  243 242.5 35.8793 0.0155726
  244 243.5 35.8945 0.0155792
  245 244.5 35.8644 0.0155661
  246 245.5 35.8786 0.0155723
  247 246.5 35.9041 0.0155834
  248 247.5 35.8839 0.0155746
  249 248.5 35.8719 0.0155694
  250 249.5 35.8905 0.0155775
  251 250.5 35.8969 0.0155802
  252 251.5 35.8945 0.0155792
  253 252.5 35.891 0.0155777
  254 253.5 35.8947 0.0155793
  255 254.5 35.8577 0.0155632
  256 255.5 35.8975 0.0155805
  257 256.5 35.8511 0.0155604
  258 257.5 35.8782 0.0155721
  259 258.5 35.872 0.0155695
  260 259.5 35.863 0.0155655
  261 260.5 35.8605 0.0155644
  262 261.5 35.8579 0.0155633
  263 262.5 35.8726 0.0155697
  264 263.5 35.899 0.0155812
  265 264.5 35.8354 0.0155535
  266 265.5 35.8629 0.0155655
  267 266.5 35.9185 0.0155896
  268 267.5 35.8741 0.0155704
  269 268.5 35.8313 0.0155518
  270 269.5 35.8913 0.0155778
  271 270.5 35.9389 0.0155985
  272 271.5 35.8533 0.0155613
  273 272.5 35.855 0.0155621
  274 273.5 35.9165 0.0155888
  275 274.5 35.8941 0.015579
  276 275.5 35.9076 0.0155849
  277 276.5 35.8639 0.0155659
  278 277.5 35.8968 0.0155802
  279 278.5 35.9113 0.0155865
  280 279.5 35.8808 0.0155732
  281 280.5 35.8302 0.0155513
  282 281.5 35.9036 0.0155831
  283 282.5 35.9179 0.0155894
  284 283.5 35.8662 0.0155669
  285 284.5 35.862 0.0155651
  286 285.5 35.9147 0.015588
  287 286.5 35.8573 0.0155631
  288 287.5 35.8651 0.0155665
  289 288.5 35.8882 0.0155765
  290 289.5 35.8913 0.0155778
  291 290.5 35.8823 0.0155739
  292 291.5 35.8872 0.015576
  293 292.5 35.8709 0.015569
  294 293.5 35.8852 0.0155752
  295 294.5 35.8646 0.0155662
  296 295.5 35.8846 0.0155749
  297 296.5 35.8795 0.0155727
  298 297.5 35.8823 0.0155739
  299 298.5 35.8672 0.0155674
  300 299.5 35.8721 0.0155695
  301 300.5 35.8948 0.0155793
  302 301.5 35.8469 0.0155585
  303 302.5 35.8887 0.0155767
  304 303.5 35.9092 0.0155856
  305 304.5 35.8539 0.0155616
  306 305.5 35.8499 0.0155598
  307 306.5 35.8925 0.0155783
  308 307.5 35.8999 0.0155815
  309 308.5 35.8349 0.0155533
  310 309.5 35.8435 0.0155571
  311 310.5 35.8902 0.0155773
  312 311.5 35.8227 0.015548
  313 312.5 35.7981 0.0155374
  314 313.5 35.7927 0.015535
  315 314.5 35.7618 0.0155216
  316 315.5 35.6891 0.0154901
  317 316.5 35.6215 0.0154607
  318 317.5 35.49 0.0154037
  319 318.5 35.3164 0.0153283
  320 319.5 35.0923 0.015231
  321 320.5 34.6945 0.0150584
  322 321.5 34.1186 0.0148084
  323 322.5 33.2675 0.014439
  324 323.5 31.9903 0.0138847
  325 324.5 30.1105 0.0130688
  326 325.5 27.5104 0.0119403
  327 326.5 24.1459 0.01048
  328 327.5 20.2333 0.00878181
  329 328.5 16.014 0.00695051
  330 329.5 11.9755 0.00519772
  331 330.5 8.45137 0.00366813
  332 331.5 5.68584 0.00246781
  333 332.5 3.69744 0.00160479
  334 333.5 2.36649 0.00102712
  335 334.5 1.53432 0.000665939
  336 335.5 1.05292 0.000456997
  337 336.5 0.785726 0.000341027
  338 337.5 0.63129 0.000273997
  339 338.5 0.546294 0.000237107
  340 339.5 0.496666 0.000215567
  341 340.5 0.467692 0.000202991
  342 341.5 0.44525 0.000193251
  343 342.5 0.4287 0.000186068
  344 343.5 0.426448 0.00018509
  345 344.5 0.419392 0.000182028
  346 345.5 0.413818 0.000179609
  347 346.5 0.401044 0.000174064
  348 347.5 0.397302 0.00017244
  349 348.5 0.393902 0.000170964
  350 349.5 0.389162 0.000168907
  351 350.5 0.382624 0.000166069
  352 351.5 0.377716 0.000163939
  353 352.5 0.373702 0.000162197
  354 353.5 0.36783 0.000159648
  355 354.5 0.36389 0.000157938
  356 355.5 0.361714 0.000156994
  357 356.5 0.359964 0.000156234
  358 357.5 0.363272 0.00015767
  359 358.5 0.361114 0.000156734
  360 359.5 0.35819 0.000155464
  361 360.5 0.35888 0.000155764
  362 361.5 0.358492 0.000155595
  363 362.5 0.357112 0.000154997
  364 363.5 0.35832 0.000155521
  365 364.5 0.36051 0.000156471
  366 365.5 0.354908 0.00015404
  367 366.5 0.350688 0.000152208
  368 367.5 0.349282 0.000151598
  369 368.5 0.350646 0.00015219
  370 369.5 0.352444 0.00015297
  371 370.5 0.355102 0.000154124
  372 371.5 0.35275 0.000153103
  373 372.5 0.350184 0.00015199
  374 373.5 0.34975 0.000151801
  375 374.5 0.346462 0.000150374
  376 375.5 0.347914 0.000151004
  377 376.5 0.348376 0.000151205
  378 377.5 0.347014 0.000150614
  379 378.5 0.348194 0.000151126
  380 379.5 0.348166 0.000151114
  381 380.5 0.350304 0.000152042
  382 381.5 0.349788 0.000151818
  383 382.5 0.34771 0.000150916
  384 383.5 0.349056 0.0001515
  385 384.5 0.34718 0.000150686
  386 385.5 0.348766 0.000151374
  387 386.5 0.342656 0.000148722
  388 387.5 0.344044 0.000149325
  389 388.5 0.3427 0.000148741
  390 389.5 0.337858 0.00014664
  391 390.5 0.340096 0.000147611
  392 391.5 0.340324 0.00014771
  393 392.5 0.339456 0.000147333
  394 393.5 0.339648 0.000147417
  395 394.5 0.342568 0.000148684
  396 395.5 0.34322 0.000148967
  397 396.5 0.346192 0.000150257
  398 397.5 0.347978 0.000151032
  399 398.5 0.34931 0.00015161
  400 399.5 0.348284 0.000151165
  401 400.5 0.353642 0.00015349
  402 401.5 0.350282 0.000152032
  403 402.5 0.344512 0.000149528
  404 403.5 0.344048 0.000149326
  405 404.5 0.350178 0.000151987
  406 405.5 0.349658 0.000151761
  407 406.5 0.35077 0.000152244
  408 407.5 0.353332 0.000153356
  409 408.5 0.350864 0.000152285
  410 409.5 0.350606 0.000152173
  411 410.5 0.354444 0.000153839
  412 411.5 0.355534 0.000154312
  413 412.5 0.351376 0.000152507
  414 413.5 0.351016 0.000152351
  415 414.5 0.351348 0.000152495
  416 415.5 0.349888 0.000151861
  417 416.5 0.348758 0.000151371
  418 417.5 0.3494 0.000151649
  419 418.5 0.34901 0.00015148
  420 419.5 0.350748 0.000152234
  421 420.5 0.351276 0.000152464
  422 421.5 0.349556 0.000151717
  423 422.5 0.349192 0.000151559
  424 423.5 0.351848 0.000152712
  425 424.5 0.35392 0.000153611
  426 425.5 0.350448 0.000152104
  427 426.5 0.351412 0.000152523
  428 427.5 0.34985 0.000151845
  429 428.5 0.3504 0.000152083
  430 429.5 0.34879 0.000151385
  431 430.5 0.350066 0.000151938
  432 431.5 0.3451 0.000149783
  433 432.5 0.343824 0.000149229
  434 433.5 0.343642 0.00014915
  435 434.5 0.34089 0.000147956
  436 435.5 0.34087 0.000147947
  437 436.5 0.337986 0.000146695
  438 437.5 0.345708 0.000150047
  439 438.5 0.347486 0.000150819
  440 439.5 0.343098 0.000148914
  441 440.5 0.347916 0.000151005
  442 441.5 0.346062 0.000150201
  443 442.5 0.346418 0.000150355
  444 443.5 0.345632 0.000150014
  445 444.5 0.346546 0.000150411
  446 445.5 0.343872 0.00014925
  447 446.5 0.344214 0.000149398
  448 447.5 0.346644 0.000150453
  449 448.5 0.345666 0.000150029
  450 449.5 0.346244 0.00015028
  451 450.5 0.34704 0.000150625
  452 451.5 0.354078 0.00015368
  453 452.5 0.35377 0.000153546
  454 453.5 0.355538 0.000154313
  455 454.5 0.356248 0.000154622
  456 455.5 0.359002 0.000155817
  457 456.5 0.355062 0.000154107
  458 457.5 0.355588 0.000154335
  459 458.5 0.35498 0.000154071
  460 459.5 0.358846 0.000155749
  461 460.5 0.357128 0.000155003
  462 461.5 0.36065 0.000156532
  463 462.5 0.359214 0.000155909
  464 463.5 0.36076 0.00015658
  465 464.5 0.36286 0.000157491
  466 465.5 0.36523 0.00015852
  467 466.5 0.370682 0.000160886
  468 467.5 0.370782 0.00016093
  469 468.5 0.377698 0.000163931
  470 469.5 0.378488 0.000164274
  471 470.5 0.379232 0.000164597
  472 471.5 0.38132 0.000165503
  473 472.5 0.389238 0.00016894
  474 473.5 0.39481 0.000171359
  475 474.5 0.400266 0.000173727
  476 475.5 0.403552 0.000175153
  477 476.5 0.40394 0.000175321
  478 477.5 0.409822 0.000177874
  479 478.5 0.412656 0.000179104
  480 479.5 0.42019 0.000182374
40000000 480 5848.99999999999
  1 0.5 0.436614 0.000189503
  2 1.5 0.43988 0.00019092
  3 2.5 0.440504 0.000191191
  4 3.5 0.440802 0.00019132
  5 4.5 0.437254 0.00018978
  6 5.5 0.434966 0.000188787
  7 6.5 0.43967 0.000190829
  8 7.5 0.437156 0.000189738
  9 8.5 0.438286 0.000190228
  10 9.5 0.435916 0.0001892
  11 10.5 0.436936 0.000189642
  12 11.5 0.43159 0.000187322
  13 12.5 0.42882 0.00018612
  14 13.5 0.430718 0.000186944
  15 14.5 0.42425 0.000184136
  16 15.5 0.42138 0.000182891
  17 16.5 0.421254 0.000182836
  18 17.5 0.415852 0.000180491
  19 18.5 0.417398 0.000181162
  20 19.5 0.417274 0.000181109
  21 20.5 0.408574 0.000177332
  22 21.5 0.40289 0.000174865
  23 22.5 0.397912 0.000172705
  24 23.5 0.39936 0.000173333
  25 24.5 0.394584 0.00017126
  26 25.5 0.38962 0.000169106
  27 26.5 0.385828 0.00016746
  28 27.5 0.380422 0.000165114
  29 28.5 0.376624 0.000163465
  30 29.5 0.373566 0.000162138
  31 30.5 0.37464 0.000162604
  32 31.5 0.37402 0.000162335
  33 32.5 0.372078 0.000161492
  34 33.5 0.370594 0.000160848
  35 34.5 0.371822 0.000161381
  36 35.5 0.371594 0.000161282
  37 36.5 0.369092 0.000160196
  38 37.5 0.369572 0.000160405
  39 38.5 0.370618 0.000160859
  40 39.5 0.363552 0.000157792
  41 40.5 0.363504 0.000157771
  42 41.5 0.357696 0.00015525
  43 42.5 0.35536 0.000154236
  44 43.5 0.360004 0.000156252
  45 44.5 0.35727 0.000155065
  46 45.5 0.359012 0.000155821
  47 46.5 0.361594 0.000156942
  48 47.5 0.359036 0.000155832
  49 48.5 0.354832 0.000154007
  50 49.5 0.356018 0.000154522
  51 50.5 0.354006 0.000153648
  52 51.5 0.348932 0.000151446
  53 52.5 0.349982 0.000151902
  54 53.5 0.347886 0.000150992
  55 54.5 0.346448 0.000150368
  56 55.5 0.345436 0.000149929
  57 56.5 0.347316 0.000150745
  58 57.5 0.343112 0.00014892
  59 58.5 0.345144 0.000149802
  60 59.5 0.348206 0.000151131
  61 60.5 0.350234 0.000152011
  62 61.5 0.34769 0.000150907
  63 62.5 0.342748 0.000148762
  64 63.5 0.344278 0.000149426
  65 64.5 0.349248 0.000151583
  66 65.5 0.352062 0.000152805
  67 66.5 0.350468 0.000152113
  68 67.5 0.350616 0.000152177
  69 68.5 0.353572 0.00015346
  70 69.5 0.355616 0.000154347
  71 70.5 0.359102 0.00015586
  72 71.5 0.36006 0.000156276
  73 72.5 0.357594 0.000155206
  74 73.5 0.36263 0.000157391
  75 74.5 0.366904 0.000159247
  76 75.5 0.36734 0.000159436
  77 76.5 0.368462 0.000159923
  78 77.5 0.365986 0.000158848
  79 78.5 0.369338 0.000160303
  80 79.5 0.37181 0.000161376
  81 80.5 0.370034 0.000160605
  82 81.5 0.372952 0.000161872
  83 82.5 0.37184 0.000161389
  84 83.5 0.366078 0.000158888
  85 84.5 0.36623 0.000158954
  86 85.5 0.372252 0.000161568
  87 86.5 0.372606 0.000161721
  88 87.5 0.374576 0.000162576
  89 88.5 0.37727 0.000163746
  90 89.5 0.37954 0.000164731
  91 90.5 0.385054 0.000167124
  92 91.5 0.381102 0.000165409
  93 92.5 0.376744 0.000163517
  94 93.5 0.375912 0.000163156
  95 94.5 0.380818 0.000165286
  96 95.5 0.383136 0.000166292
  97 96.5 0.383706 0.000166539
  98 97.5 0.383752 0.000166559
  99 98.5 0.38445 0.000166862
  100 99.5 0.382632 0.000166073
  101 100.5 0.387488 0.000168181
  102 101.5 0.379518 0.000164721
  103 102.5 0.377894 0.000164016
  104 103.5 0.38051 0.000165152
  105 104.5 0.379838 0.00016486
  106 105.5 0.382514 0.000166022
  107 106.5 0.386356 0.000167689
  108 107.5 0.387934 0.000168374
  109 108.5 0.386642 0.000167813
  110 109.5 0.38413 0.000166723
  111 110.5 0.385122 0.000167154
  112 111.5 0.389418 0.000169018
  113 112.5 0.385516 0.000167325
  114 113.5 0.383182 0.000166312
  115 114.5 0.384714 0.000166977
  116 115.5 0.381882 0.000165747
  117 116.5 0.379956 0.000164911
  118 117.5 0.384434 0.000166855
  119 118.5 0.381086 0.000165402
  120 119.5 0.381602 0.000165626
  121 120.5 0.38216 0.000165868
  122 121.5 0.380042 0.000164949
  123 122.5 0.380346 0.000165081
  124 123.5 0.382234 0.0001659
  125 124.5 0.384034 0.000166681
  126 125.5 0.38022 0.000165026
  127 126.5 0.37734 0.000163776
  128 127.5 0.38108 0.000165399
  129 128.5 0.379052 0.000164519
  130 129.5 0.378242 0.000164168
  131 130.5 0.377182 0.000163707
  132 131.5 0.37796 0.000164045
  133 132.5 0.381112 0.000165413
  134 133.5 0.38384 0.000166597
  135 134.5 0.381438 0.000165555
  136 135.5 0.37602 0.000163203
  137 136.5 0.38346 0.000166432
  138 137.5 0.380336 0.000165076
  139 138.5 0.380142 0.000164992
  140 139.5 0.38274 0.00016612
  141 140.5 0.380828 0.00016529
  142 141.5 0.380862 0.000165305
  143 142.5 0.38171 0.000165673
  144 143.5 0.381314 0.000165501
  145 144.5 0.380068 0.00016496
  146 145.5 0.383918 0.000166631
  147 146.5 0.381666 0.000165654
  148 147.5 0.381472 0.000165569
  149 148.5 0.385256 0.000167212
  150 149.5 0.389202 0.000168924
  151 150.5 0.396322 0.000172015
  152 151.5 0.401856 0.000174417
  153 152.5 0.406346 0.000176365
  154 153.5 0.413886 0.000179638
  155 154.5 0.422632 0.000183434
  156 155.5 0.437708 0.000189977
  157 156.5 0.456186 0.000197997
  158 157.5 0.49735 0.000215864
  159 158.5 0.559214 0.000242714
  160 159.5 0.681236 0.000295675
  161 160.5 0.905378 0.000392959
  162 161.5 1.3203 0.000573045
  163 162.5 2.07569 0.000900908
  164 163.5 3.36063 0.00145861
  165 164.5 5.4408 0.00236146
  166 165.5 8.41653 0.00365301
  167 166.5 12.2765 0.00532835
  168 167.5 16.7138 0.00725423
  169 168.5 21.209 0.00920529
  170 169.5 25.2517 0.0109599
  171 170.5 28.4819 0.0123619
  172 171.5 30.8502 0.0133898
  173 172.5 32.5155 0.0141126
  174 173.5 33.6004 0.0145835
  175 174.5 34.3405 0.0149047
  176 175.5 34.8423 0.0151225
  177 176.5 35.1508 0.0152564
  178 177.5 35.3618 0.015348
  179 178.5 35.4766 0.0153978
  180 179.5 35.6195 0.0154599
  181 180.5 35.6838 0.0154878
  182 181.5 35.7278 0.0155069
  183 182.5 35.7502 0.0155166
  184 183.5 35.788 0.015533
  185 184.5 35.8348 0.0155533
  186 185.5 35.8098 0.0155424
  187 186.5 35.8167 0.0155454
  188 187.5 35.8484 0.0155592
  189 188.5 35.829 0.0155508
  190 189.5 35.8454 0.0155579
  191 190.5 35.8232 0.0155483
  192 191.5 35.8472 0.0155587
  193 192.5 35.8497 0.0155598
  194 193.5 35.8345 0.0155532
  195 194.5 35.82 0.0155469
  196 195.5 35.8601 0.0155643
  197 196.5 35.8474 0.0155587
  198 197.5 35.838 0.0155547
  199 198.5 35.8288 0.0155507
  200 199.5 35.864 0.015566
  201 200.5 35.8206 0.0155472
  202 201.5 35.8335 0.0155528
  203 202.5 35.8558 0.0155624
  204 203.5 35.8222 0.0155478
  205 204.5 35.8683 0.0155679
  206 205.5 35.8296 0.0155511
  207 206.5 35.87 0.0155686
  208 207.5 35.8714 0.0155692
  209 208.5 35.8206 0.0155471
  210 209.5 35.8885 0.0155766
  211 210.5 35.8559 0.0155625
  212 211.5 35.8435 0.0155571
  213 212.5 35.8447 0.0155576
  214 213.5 35.8601 0.0155643
  215 214.5 35.8549 0.015562
  216 215.5 35.8944 0.0155792
  217 216.5 35.8451 0.0155578
  218 217.5 35.8591 0.0155638
  219 218.5 35.8678 0.0155676
  220 219.5 35.8675 0.0155675
  221 220.5 35.8063 0.0155409
  222 221.5 35.8517 0.0155606
  223 222.5 35.8874 0.0155761
  224 223.5 35.8135 0.0155441
  225 224.5 35.8405 0.0155558
  226 225.5 35.8797 0.0155728
  227 226.5 35.8883 0.0155765
  228 227.5 35.7991 0.0155378
  229 228.5 35.8665 0.0155671
  230 229.5 35.887 0.015576
  231 230.5 35.8197 0.0155468
  232 231.5 35.8388 0.015555
  233 232.5 35.8818 0.0155737
  234 233.5 35.8363 0.015554
  235 234.5 35.8245 0.0155488
  236 235.5 35.853 0.0155612
  237 236.5 35.8486 0.0155593
  238 237.5 35.8308 0.0155516
  239 238.5 35.8252 0.0155491
  240 239.5 35.8516 0.0155606
  241 240.5 35.8302 0.0155513
  242 241.5 35.7952 0.0155361
  243 242.5 35.8482 0.0155591
  244 243.5 35.8578 0.0155633
  245 244.5 35.7889 0.0155334
  246 245.5 35.8389 0.0155551
  247 246.5 35.8621 0.0155651
  248 247.5 35.8094 0.0155423
  249 248.5 35.8165 0.0155454
  250 249.5 35.8565 0.0155627
  251 250.5 35.8498 0.0155598
  252 251.5 35.8343 0.0155531
  253 252.5 35.8162 0.0155452
  254 253.5 35.8452 0.0155578
  255 254.5 35.8419 0.0155564
  256 255.5 35.859 0.0155638
  257 256.5 35.8357 0.0155537
  258 257.5 35.862 0.0155651
  259 258.5 35.8342 0.015553
  260 259.5 35.8873 0.0155761
  261 260.5 35.8286 0.0155506
  262 261.5 35.8865 0.0155757
  263 262.5 35.8477 0.0155589
  264 263.5 35.8731 0.0155699
  265 264.5 35.8762 0.0155713
  266 265.5 35.849 0.0155595
  267 266.5 35.8567 0.0155628
  268 267.5 35.8892 0.0155769
  269 268.5 35.8829 0.0155742
  270 269.5 35.8507 0.0155602
  271 270.5 35.8797 0.0155728
  272 271.5 35.8798 0.0155728
  273 272.5 35.8629 0.0155655
  274 273.5 35.8521 0.0155608
  275 274.5 35.9013 0.0155822
  276 275.5 35.8727 0.0155697
  277 276.5 35.8524 0.0155609
  278 277.5 35.8826 0.0155741
  279 278.5 35.9047 0.0155837
  280 279.5 35.8697 0.0155685
  281 280.5 35.8642 0.015566
  282 281.5 35.9215 0.0155909
  283 282.5 35.9034 0.0155831
  284 283.5 35.842 0.0155564
  285 284.5 35.9188 0.0155897
  286 285.5 35.9168 0.0155889
  287 286.5 35.8584 0.0155635
  288 287.5 35.8892 0.0155769
  289 288.5 35.911 0.0155864
  290 289.5 35.8794 0.0155727
  291 290.5 35.8707 0.0155689
  292 291.5 35.8736 0.0155701
  293 292.5 35.8924 0.0155783
  294 293.5 35.8886 0.0155766
  295 294.5 35.8498 0.0155598
  296 295.5 35.8862 0.0155756
  297 296.5 35.889 0.0155768
  298 297.5 35.8559 0.0155624
  299 298.5 35.8724 0.0155696
  300 299.5 35.8717 0.0155693
  301 300.5 35.8723 0.0155696
  302 301.5 35.8818 0.0155737
  303 302.5 35.8959 0.0155798
  304 303.5 35.8737 0.0155702
  305 304.5 35.8523 0.0155609
  306 305.5 35.8608 0.0155646
  307 306.5 35.8482 0.0155591
  308 307.5 35.8856 0.0155754
  309 308.5 35.826 0.0155495
  310 309.5 35.8268 0.0155498
  311 310.5 35.8553 0.0155622
  312 311.5 35.8161 0.0155452
  313 312.5 35.7826 0.0155306
  314 313.5 35.7598 0.0155208
  315 314.5 35.7287 0.0155072
  316 315.5 35.6671 0.0154805
  317 316.5 35.5634 0.0154355
  318 317.5 35.4801 0.0153994
  319 318.5 35.3346 0.0153362
  320 319.5 35.0522 0.0152136
  321 320.5 34.6998 0.0150607
  322 321.5 34.2003 0.0148439
  323 322.5 33.3322 0.0144671
  324 323.5 32.114 0.0139384
  325 324.5 30.2792 0.013142
  326 325.5 27.6868 0.0120169
  327 326.5 24.2415 0.0105215
  328 327.5 20.0723 0.00871195
  329 328.5 15.617 0.00677823
  330 329.5 11.3421 0.0049228
  331 330.5 7.71332 0.0033478
  332 331.5 4.98739 0.00216467
  333 332.5 3.14465 0.00136486
  334 333.5 1.9803 0.000859505
  335 334.5 1.29857 0.000563615
  336 335.5 0.918648 0.000398719
  337 336.5 0.702972 0.000305109
  338 337.5 0.586082 0.000254376
  339 338.5 0.521828 0.000226488
  340 339.5 0.483632 0.00020991
  341 340.5 0.454666 0.000197338
  342 341.5 0.432464 0.000187701
  343 342.5 0.420658 0.000182577
  344 343.5 0.413318 0.000179391
  345 344.5 0.404446 0.000175541
  346 345.5 0.398932 0.000173148
  347 346.5 0.389272 0.000168955
  348 347.5 0.38484 0.000167031
  349 348.5 0.38009 0.00016497
  350 349.5 0.378024 0.000164073
  351 350.5 0.372012 0.000161464
  352 351.5 0.368166 0.000159794
  353 352.5 0.367378 0.000159452
  354 353.5 0.365068 0.00015845
  355 354.5 0.363336 0.000157698
  356 355.5 0.36144 0.000156875
  357 356.5 0.362098 0.000157161
  358 357.5 0.361456 0.000156882
  359 358.5 0.35909 0.000155855
  360 359.5 0.357022 0.000154957
  361 360.5 0.35811 0.00015543
  362 361.5 0.357144 0.00015501
  363 362.5 0.357088 0.000154986
  364 363.5 0.356232 0.000154615
  365 364.5 0.360214 0.000156343
  366 365.5 0.360982 0.000156676
  367 366.5 0.363254 0.000157662
  368 367.5 0.36003 0.000156263
  369 368.5 0.362662 0.000157405
  370 369.5 0.36479 0.000158329
  371 370.5 0.358356 0.000155536
  372 371.5 0.353156 0.00015328
  373 372.5 0.354112 0.000153694
  374 373.5 0.356776 0.000154851
  375 374.5 0.356296 0.000154642
  376 375.5 0.35829 0.000155508
  377 376.5 0.36089 0.000156636
  378 377.5 0.356756 0.000154842
  379 378.5 0.353188 0.000153293
  380 379.5 0.350864 0.000152285
  381 380.5 0.350026 0.000151921
  382 381.5 0.349616 0.000151743
  383 382.5 0.35046 0.000152109
  384 383.5 0.35243 0.000152964
  385 384.5 0.359294 0.000155944
  386 385.5 0.35667 0.000154805
  387 386.5 0.356494 0.000154728
  388 387.5 0.356932 0.000154918
  389 388.5 0.353326 0.000153353
  390 389.5 0.355162 0.00015415
  391 390.5 0.355966 0.000154499
  392 391.5 0.353392 0.000153382
  393 392.5 0.352446 0.000152971
  394 393.5 0.354456 0.000153844
  395 394.5 0.351876 0.000152724
  396 395.5 0.352562 0.000153022
  397 396.5 0.356316 0.000154651
  398 397.5 0.351702 0.000152648
  399 398.5 0.351154 0.000152411
  400 399.5 0.350214 0.000152003
  401 400.5 0.35602 0.000154523
  402 401.5 0.355514 0.000154303
  403 402.5 0.355576 0.00015433
  404 403.5 0.35546 0.00015428
  405 404.5 0.354706 0.000153952
  406 405.5 0.357486 0.000155159
  407 406.5 0.35803 0.000155395
  408 407.5 0.35696 0.000154931
  409 408.5 0.358998 0.000155815
  410 409.5 0.361526 0.000156912
  411 410.5 0.36146 0.000156884
  412 411.5 0.363972 0.000157974
  413 412.5 0.364956 0.000158401
  414 413.5 0.364582 0.000158239
  415 414.5 0.363596 0.000157811
  416 415.5 0.365392 0.00015859
  417 416.5 0.364128 0.000158042
  418 417.5 0.355862 0.000154454
  419 418.5 0.354492 0.000153859
  420 419.5 0.35122 0.000152439
  421 420.5 0.348606 0.000151305
  422 421.5 0.35103 0.000152357
  423 422.5 0.353358 0.000153367
  424 423.5 0.35211 0.000152826
  425 424.5 0.355258 0.000154192
  426 425.5 0.360194 0.000156334
  427 426.5 0.358496 0.000155597
  428 427.5 0.35686 0.000154887
  429 428.5 0.360554 0.00015649
  430 429.5 0.361994 0.000157115
  431 430.5 0.358734 0.000155701
  432 431.5 0.358094 0.000155423
  433 432.5 0.362088 0.000157156
  434 433.5 0.362494 0.000157332
  435 434.5 0.361482 0.000156893
  436 435.5 0.358622 0.000155652
  437 436.5 0.358188 0.000155464
  438 437.5 0.355954 0.000154494
  439 438.5 0.353274 0.000153331
  440 439.5 0.35387 0.000153589
  441 440.5 0.353922 0.000153612
  442 441.5 0.350298 0.000152039
  443 442.5 0.347182 0.000150687
  444 443.5 0.345292 0.000149866
  445 444.5 0.347736 0.000150927
  446 445.5 0.35322 0.000153307
  447 446.5 0.352546 0.000153015
  448 447.5 0.35221 0.000152869
  449 448.5 0.354866 0.000154022
  450 449.5 0.351152 0.00015241
  451 450.5 0.351804 0.000152693
  452 451.5 0.358376 0.000155545
  453 452.5 0.358012 0.000155387
  454 453.5 0.356852 0.000154884
  455 454.5 0.358402 0.000155556
  456 455.5 0.361648 0.000156965
  457 456.5 0.361326 0.000156826
  458 457.5 0.362052 0.000157141
  459 458.5 0.362994 0.000157549
  460 459.5 0.367464 0.00015949
  461 460.5 0.369398 0.000160329
  462 461.5 0.370234 0.000160692
  463 462.5 0.371616 0.000161292
  464 463.5 0.377638 0.000163905
  465 464.5 0.376048 0.000163215
  466 465.5 0.377682 0.000163924
  467 466.5 0.377808 0.000163979
  468 467.5 0.380458 0.000165129
  469 468.5 0.386062 0.000167562
  470 469.5 0.392068 0.000170168
  471 470.5 0.393804 0.000170922
  472 471.5 0.396534 0.000172107
  473 472.5 0.399504 0.000173396
  474 473.5 0.403682 0.000175209
  475 474.5 0.410384 0.000178118
  476 475.5 0.416568 0.000180802
  477 476.5 0.42163 0.000182999
  478 477.5 0.428714 0.000186074
  479 478.5 0.429984 0.000186625
  480 479.5 0.4304 0.000186806
50000000 480 5848.9999999999945
  1 0.5 0.4185 0.000181641
  2 1.5 0.421436 0.000182915
  3 2.5 0.426594 0.000185154
  4 3.5 0.426948 0.000185307
  5 4.5 0.43129 0.000187192
  6 5.5 0.430258 0.000186744
  7 6.5 0.435668 0.000189092
  8 7.5 0.43654 0.00018947
  9 8.5 0.433534 0.000188166
  10 9.5 0.430918 0.00018703
  11 10.5 0.431806 0.000187416
  12 11.5 0.42934 0.000186345
  13 12.5 0.423878 0.000183975
  14 13.5 0.418072 0.000181455
  15 14.5 0.414372 0.000179849
  16 15.5 0.410716 0.000178262
  17 16.5 0.40949 0.00017773
  18 17.5 0.407872 0.000177028
  19 18.5 0.401928 0.000174448
  20 19.5 0.395676 0.000171734
  21 20.5 0.391328 0.000169847
  22 21.5 0.390122 0.000169324
  23 22.5 0.387786 0.00016831
  24 23.5 0.37869 0.000164362
  25 24.5 0.380356 0.000165085
  26 25.5 0.381264 0.000165479
  27 26.5 0.382124 0.000165852
  28 27.5 0.38159 0.000165621
  29 28.5 0.37798 0.000164054
  30 29.5 0.378842 0.000164428
  31 30.5 0.379242 0.000164602
  32 31.5 0.379194 0.000164581
  33 32.5 0.377252 0.000163738
  34 33.5 0.371754 0.000161352
  35 34.5 0.375064 0.000162788
  36 35.5 0.380432 0.000165118
  37 36.5 0.388134 0.000168461
  38 37.5 0.390508 0.000169491
  39 38.5 0.394778 0.000171345
  40 39.5 0.39759 0.000172565
  41 40.5 0.395042 0.000171459
  42 41.5 0.391134 0.000169763
  43 42.5 0.388506 0.000168622
  44 43.5 0.387564 0.000168214
  45 44.5 0.387136 0.000168028
  46 45.5 0.38585 0.00016747
  47 46.5 0.385634 0.000167376
  48 47.5 0.381386 0.000165532
  49 48.5 0.391608 0.000169969
  50 49.5 0.396212 0.000171967
  51 50.5 0.395952 0.000171854
  52 51.5 0.393706 0.000170879
  53 52.5 0.39551 0.000171662
  54 53.5 0.396992 0.000172306
  55 54.5 0.394918 0.000171405
  56 55.5 0.394776 0.000171344
  57 56.5 0.387968 0.000168389
  58 57.5 0.38587 0.000167478
  59 58.5 0.384662 0.000166954
  60 59.5 0.384578 0.000166918
  61 60.5 0.386152 0.000167601
  62 61.5 0.38367 0.000166523
  63 62.5 0.38125 0.000165473
  64 63.5 0.384774 0.000167003
  65 64.5 0.384374 0.000166829
  66 65.5 0.384834 0.000167029
  67 66.5 0.378704 0.000164368
  68 67.5 0.378018 0.00016407
  69 68.5 0.37727 0.000163746
  70 69.5 0.38118 0.000165443
  71 70.5 0.383824 0.00016659
  72 71.5 0.381496 0.00016558
  73 72.5 0.386782 0.000167874
  74 73.5 0.384366 0.000166826
  75 74.5 0.382352 0.000165951
  76 75.5 0.385962 0.000167518
  77 76.5 0.389002 0.000168838
  78 77.5 0.387288 0.000168094
  79 78.5 0.384986 0.000167095
  80 79.5 0.38429 0.000166793
  81 80.5 0.386338 0.000167681
  82 81.5 0.38737 0.000168129
  83 82.5 0.391898 0.000170095
  84 83.5 0.393226 0.000170671
  85 84.5 0.393442 0.000170765
  86 85.5 0.39798 0.000172734
  87 86.5 0.403724 0.000175227
  88 87.5 0.403528 0.000175142
  89 88.5 0.402336 0.000174625
  90 89.5 0.409828 0.000177877
  91 90.5 0.402164 0.00017455
  92 91.5 0.39991 0.000173572
  93 92.5 0.402382 0.000174645
  94 93.5 0.405714 0.000176091
  95 94.5 0.40361 0.000175178
  96 95.5 0.405806 0.000176131
  97 96.5 0.415784 0.000180462
  98 97.5 0.421104 0.000182771
  99 98.5 0.413648 0.000179535
  100 99.5 0.41578 0.00018046
  101 100.5 0.41526 0.000180234
  102 101.5 0.412952 0.000179233
  103 102.5 0.410886 0.000178336
  104 103.5 0.41331 0.000179388
  105 104.5 0.407188 0.000176731
  106 105.5 0.404662 0.000175635
  107 106.5 0.405364 0.000175939
  108 107.5 0.408484 0.000177293
  109 108.5 0.408172 0.000177158
  110 109.5 0.4047 0.000175651
  111 110.5 0.402656 0.000174764
  112 111.5 0.40348 0.000175122
  113 112.5 0.408308 0.000177217
  114 113.5 0.40738 0.000176814
  115 114.5 0.405972 0.000176203
  116 115.5 0.408724 0.000177398
  117 116.5 0.402686 0.000174777
  118 117.5 0.403878 0.000175294
  119 118.5 0.401842 0.000174411
  120 119.5 0.399094 0.000173218
  121 120.5 0.39581 0.000171793
  122 121.5 0.398826 0.000173102
  123 122.5 0.39336 0.000170729
  124 123.5 0.391728 0.000170021
  125 124.5 0.389686 0.000169135
  126 125.5 0.385524 0.000167328
  127 126.5 0.385616 0.000167368
  128 127.5 0.3837 0.000166536
  129 128.5 0.385886 0.000167485
  130 129.5 0.392862 0.000170513
  131 130.5 0.394092 0.000171047
  132 131.5 0.390824 0.000169628
  133 132.5 0.393662 0.00017086
  134 133.5 0.39717 0.000172383
  135 134.5 0.391888 0.00017009
  136 135.5 0.394852 0.000171377
  137 136.5 0.390246 0.000169378
  138 137.5 0.390148 0.000169335
  139 138.5 0.389474 0.000169043
  140 139.5 0.386762 0.000167865
  141 140.5 0.387582 0.000168221
  142 141.5 0.391124 0.000169759
  143 142.5 0.392806 0.000170489
  144 143.5 0.39194 0.000170113
  145 144.5 0.396266 0.00017199
  146 145.5 0.3952 0.000171528
  147 146.5 0.393516 0.000170797
  148 147.5 0.39221 0.00017023
  149 148.5 0.394886 0.000171391
  150 149.5 0.399624 0.000173448
  151 150.5 0.397802 0.000172657
  152 151.5 0.40483 0.000175707
  153 152.5 0.410388 0.00017812
  154 153.5 0.42093 0.000182695
  155 154.5 0.43237 0.000187661
  156 155.5 0.443126 0.000192329
  157 156.5 0.468066 0.000203154
  158 157.5 0.511408 0.000221965
  159 158.5 0.585248 0.000254014
  160 159.5 0.72321 0.000313893
  161 160.5 0.963046 0.000417989
  162 161.5 1.41979 0.000616228
  163 162.5 2.23489 0.000970006
  164 163.5 3.6017 0.00156324
  165 164.5 5.76346 0.0025015
  166 165.5 8.82776 0.00383149
  167 166.5 12.7369 0.00552816
  168 167.5 17.1175 0.00742948
  169 168.5 21.5275 0.00934353
  170 169.5 25.458 0.0110495
  171 170.5 28.6169 0.0124205
  172 171.5 30.9387 0.0134283
  173 172.5 32.5577 0.014131
  174 173.5 33.6465 0.0146035
  175 174.5 34.365 0.0149154
  176 175.5 34.818 0.015112
  177 176.5 35.1475 0.015255
  178 177.5 35.362 0.0153481
  179 178.5 35.4785 0.0153986
  180 179.5 35.5974 0.0154502
  181 180.5 35.6675 0.0154807
  182 181.5 35.7136 0.0155007
  183 182.5 35.7155 0.0155015
  184 183.5 35.7765 0.015528
  185 184.5 35.8311 0.0155517
  186 185.5 35.7923 0.0155349
  187 186.5 35.8091 0.0155421
  188 187.5 35.8164 0.0155453
  189 188.5 35.8818 0.0155737
  190 189.5 35.8253 0.0155492
  191 190.5 35.8156 0.015545
  192 191.5 35.847 0.0155586
  193 192.5 35.9001 0.0155816
  194 193.5 35.8099 0.0155425
  195 194.5 35.8374 0.0155544
  196 195.5 35.8789 0.0155725
  197 196.5 35.8516 0.0155606
  198 197.5 35.8274 0.0155501
  199 198.5 35.8608 0.0155646
  200 199.5 35.8678 0.0155676
  201 200.5 35.8801 0.015573
  202 201.5 35.8362 0.0155539
  203 202.5 35.8621 0.0155651
  204 203.5 35.904 0.0155833
  205 204.5 35.8782 0.0155721
  206 205.5 35.8327 0.0155524
  207 206.5 35.8885 0.0155766
  208 207.5 35.919 0.0155899
  209 208.5 35.7967 0.0155368
  210 209.5 35.8629 0.0155655
  211 210.5 35.9215 0.0155909
  212 211.5 35.8265 0.0155497
  213 212.5 35.8377 0.0155546
  214 213.5 35.886 0.0155755
  215 214.5 35.8862 0.0155756
  216 215.5 35.8261 0.0155495
  217 216.5 35.8546 0.0155619
  218 217.5 35.8876 0.0155762
  219 218.5 35.8444 0.0155574
  220 219.5 35.8228 0.0155481
  221 220.5 35.8725 0.0155697
  222 221.5 35.8457 0.015558
  223 222.5 35.8324 0.0155523
  224 223.5 35.804 0.01554
  225 224.5 35.8568 0.0155629
  226 225.5 35.8512 0.0155604
  227 226.5 35.8195 0.0155467
  228 227.5 35.8419 0.0155564
  229 228.5 35.8737 0.0155702
  230 229.5 35.8395 0.0155554
  231 230.5 35.824 0.0155486
  232 231.5 35.8675 0.0155675
  233 232.5 35.8625 0.0155653
  234 233.5 35.8667 0.0155672
  235 234.5 35.8281 0.0155504
  236 235.5 35.8501 0.0155599
  237 236.5 35.8804 0.0155731
  238 237.5 35.8421 0.0155565
  239 238.5 35.8214 0.0155475
  240 239.5 35.8703 0.0155687
  241 240.5 35.8979 0.0155807
  242 241.5 35.816 0.0155451
  243 242.5 35.8535 0.0155614
  244 243.5 35.8646 0.0155662
  245 244.5 35.8513 0.0155605
  246 245.5 35.8428 0.0155567
  247 246.5 35.8387 0.015555
  248 247.5 35.8511 0.0155604
  249 248.5 35.8577 0.0155632
  250 249.5 35.8207 0.0155472
  251 250.5 35.8487 0.0155593
  252 251.5 35.8837 0.0155745
  253 252.5 35.8228 0.0155481
  254 253.5 35.8273 0.0155501
  255 254.5 35.8814 0.0155735
  256 255.5 35.8307 0.0155515
  257 256.5 35.7695 0.0155249
  258 257.5 35.8609 0.0155646
  259 258.5 35.8565 0.0155627
  260 259.5 35.7824 0.0155306
  261 260.5 35.8067 0.0155411
  262 261.5 35.8622 0.0155652
  263 262.5 35.8164 0.0155453
  264 263.5 35.8015 0.0155389
  265 264.5 35.8205 0.0155471
  266 265.5 35.8488 0.0155594
  267 266.5 35.7951 0.0155361
  268 267.5 35.826 0.0155495
  269 268.5 35.8263 0.0155496
  270 269.5 35.8162 0.0155452
  271 270.5 35.7892 0.0155335
  272 271.5 35.8257 0.0155494
  273 272.5 35.8243 0.0155487
  274 273.5 35.8207 0.0155472
  275 274.5 35.842 0.0155564
  276 275.5 35.8179 0.015546
  277 276.5 35.8443 0.0155574
  278 277.5 35.8189 0.0155464
  279 278.5 35.8627 0.0155654
  280 279.5 35.8344 0.0155531
  281 280.5 35.8322 0.0155522
  282 281.5 35.8451 0.0155578
  283 282.5 35.8438 0.0155572
  284 283.5 35.863 0.0155655
  285 284.5 35.8281 0.0155504
  286 285.5 35.8442 0.0155574
  287 286.5 35.8688 0.015568
  288 287.5 35.8771 0.0155717
  289 288.5 35.8308 0.0155516
  290 289.5 35.8349 0.0155533
  291 290.5 35.8778 0.015572
  292 291.5 35.8872 0.015576
  293 292.5 35.8213 0.0155474
  294 293.5 35.8518 0.0155607
  295 294.5 35.8701 0.0155686
  296 295.5 35.88 0.0155729
  297 296.5 35.8036 0.0155397
  298 297.5 35.8631 0.0155656
  299 298.5 35.9012 0.0155821
  300 299.5 35.8273 0.01555
  301 300.5 35.8457 0.015558
  302 301.5 35.8606 0.0155645
  303 302.5 35.8888 0.0155767
  304 303.5 35.8119 0.0155433
  305 304.5 35.8663 0.015567
  306 305.5 35.8356 0.0155537
  307 306.5 35.8421 0.0155565
  308 307.5 35.8317 0.015552
  309 308.5 35.8193 0.0155466
  310 309.5 35.8205 0.0155471
  311 310.5 35.8618 0.015565
  312 311.5 35.7908 0.0155342
  313 312.5 35.7256 0.0155059
  314 313.5 35.7821 0.0155304
  315 314.5 35.7551 0.0155187
  316 315.5 35.6065 0.0154542
  317 316.5 35.5777 0.0154417
  318 317.5 35.5012 0.0154085
  319 318.5 35.2523 0.0153005
  320 319.5 35.0028 0.0151922
  321 320.5 34.684 0.0150538
  322 321.5 34.0784 0.014791
  323 322.5 33.1881 0.0144046
  324 323.5 31.9054 0.0138479
  325 324.5 29.9831 0.0130135
  326 325.5 27.3134 0.0118548
  327 326.5 23.8392 0.0103469
  328 327.5 19.7238 0.00856066
  329 328.5 15.3452 0.00666026
  330 329.5 11.1761 0.00485076
  331 330.5 7.66227 0.00332564
  332 331.5 4.98677 0.00216439
  333 332.5 3.14876 0.00136665
  334 333.5 1.98459 0.000861365
  335 334.5 1.30477 0.000566305
  336 335.5 0.915834 0.000397497
  337 336.5 0.705 0.00030599
  338 337.5 0.588748 0.000255533
  339 338.5 0.522898 0.000226952
  340 339.5 0.482222 0.000209298
  341 340.5 0.451264 0.000195861
  342 341.5 0.429172 0.000186273
  343 342.5 0.418136 0.000181483
  344 343.5 0.409222 0.000177614
  345 344.5 0.402048 0.0001745
  346 345.5 0.390616 0.000169538
  347 346.5 0.386648 0.000167816
  348 347.5 0.385134 0.000167159
  349 348.5 0.377388 0.000163797
  350 349.5 0.37132 0.000161163
  351 350.5 0.369364 0.000160314
  352 351.5 0.36622 0.00015895
  353 352.5 0.359806 0.000156166
  354 353.5 0.357198 0.000155034
  355 354.5 0.357262 0.000155062
  356 355.5 0.360348 0.000156401
  357 356.5 0.359458 0.000156015
  358 357.5 0.354842 0.000154011
  359 358.5 0.349078 0.00015151
  360 359.5 0.351154 0.000152411
  361 360.5 0.350884 0.000152293
  362 361.5 0.348376 0.000151205
  363 362.5 0.348372 0.000151203
  364 363.5 0.347954 0.000151022
  365 364.5 0.34407 0.000149336
  366 365.5 0.343026 0.000148883
  367 366.5 0.344986 0.000149734
  368 367.5 0.347416 0.000150788
  369 368.5 0.346804 0.000150523
  370 369.5 0.348616 0.000151309
  371 370.5 0.354798 0.000153992
  372 371.5 0.350456 0.000152108
  373 372.5 0.351328 0.000152486
  374 373.5 0.348578 0.000151293
  375 374.5 0.343332 0.000149016
  376 375.5 0.346106 0.00015022
  377 376.5 0.345476 0.000149946
  378 377.5 0.346288 0.000150299
  379 378.5 0.34321 0.000148963
  380 379.5 0.342482 0.000148647
  381 380.5 0.345002 0.00014974
  382 381.5 0.346786 0.000150515
  383 382.5 0.344628 0.000149578
  384 383.5 0.343104 0.000148917
  385 384.5 0.342148 0.000148502
  386 385.5 0.346028 0.000150186
  387 386.5 0.34389 0.000149258
  388 387.5 0.344348 0.000149457
  389 388.5 0.345584 0.000149993
  390 389.5 0.342994 0.000148869
  391 390.5 0.34078 0.000147908
  392 391.5 0.346762 0.000150504
  393 392.5 0.353326 0.000153353
  394 393.5 0.350834 0.000152272
  395 394.5 0.354734 0.000153964
  396 395.5 0.354804 0.000153995
  397 396.5 0.354666 0.000153935
  398 397.5 0.356688 0.000154813
  399 398.5 0.355718 0.000154391
  400 399.5 0.355166 0.000154152
  401 400.5 0.353838 0.000153576
  402 401.5 0.354546 0.000153883
  403 402.5 0.352692 0.000153078
  404 403.5 0.34977 0.00015181
  405 404.5 0.347582 0.00015086
  406 405.5 0.347688 0.000150906
  407 406.5 0.344246 0.000149412
  408 407.5 0.341868 0.00014838
  409 408.5 0.342638 0.000148714
  410 409.5 0.346974 0.000150596
  411 410.5 0.346636 0.00015045
  412 411.5 0.344646 0.000149586
  413 412.5 0.342758 0.000148766
  414 413.5 0.346044 0.000150193
  415 414.5 0.351098 0.000152386
  416 415.5 0.351492 0.000152557
  417 416.5 0.351132 0.000152401
  418 417.5 0.344332 0.00014945
  419 418.5 0.341136 0.000148063
  420 419.5 0.34468 0.000149601
  421 420.5 0.345746 0.000150063
  422 421.5 0.343156 0.000148939
  423 422.5 0.34327 0.000148989
  424 423.5 0.344502 0.000149523
  425 424.5 0.345788 0.000150082
  426 425.5 0.342296 0.000148566
  427 426.5 0.339768 0.000147469
  428 427.5 0.342128 0.000148493
  429 428.5 0.343834 0.000149234
  430 429.5 0.34473 0.000149622
  431 430.5 0.346714 0.000150484
  432 431.5 0.343654 0.000149155
  433 432.5 0.344954 0.00014972
  434 433.5 0.349262 0.000151589
  435 434.5 0.348688 0.00015134
  436 435.5 0.34465 0.000149588
  437 436.5 0.340442 0.000147761
  438 437.5 0.342286 0.000148562
  439 438.5 0.345906 0.000150133
  440 439.5 0.34362 0.000149141
  441 440.5 0.341562 0.000148247
  442 441.5 0.343282 0.000148994
  443 442.5 0.339672 0.000147427
  444 443.5 0.339466 0.000147338
  445 444.5 0.33721 0.000146359
  446 445.5 0.334264 0.00014508
  447 446.5 0.33369 0.000144831
  448 447.5 0.337332 0.000146411
  449 448.5 0.334638 0.000145242
  450 449.5 0.332436 0.000144286
  451 450.5 0.332304 0.000144229
  452 451.5 0.336816 0.000146187
  453 452.5 0.339466 0.000147338
  454 453.5 0.340738 0.00014789
  455 454.5 0.337402 0.000146442
  456 455.5 0.33771 0.000146576
  457 456.5 0.340582 0.000147822
  458 457.5 0.339876 0.000147516
  459 458.5 0.340206 0.000147659
  460 459.5 0.342664 0.000148726
  461 460.5 0.349024 0.000151486
  462 461.5 0.35203 0.000152791
  463 462.5 0.356616 0.000154781
  464 463.5 0.359598 0.000156076
  465 464.5 0.355448 0.000154274
  466 465.5 0.359412 0.000155995
  467 466.5 0.363818 0.000157907
  468 467.5 0.371036 0.00016104
  469 468.5 0.375664 0.000163049
  470 469.5 0.37582 0.000163116
  471 470.5 0.381708 0.000165672
  472 471.5 0.385764 0.000167432
  473 472.5 0.389434 0.000169025
  474 473.5 0.397564 0.000172554
  475 474.5 0.400912 0.000174007
  476 475.5 0.404972 0.000175769
  477 476.5 0.409554 0.000177758
  478 477.5 0.413742 0.000179576
  479 478.5 0.414444 0.00017988
  480 479.5 0.420048 0.000182312
