# Chunk-averaged data for fix tensor2 and group c1
# Timestep Number-of-chunks Total-count
# Chunk Coord1 Ncount density/number
20000000 480 5487.999999999998
  1 0.5 32.9557 0.0143037
  2 1.5 32.9527 0.0143024
  3 2.5 32.9471 0.0143
  4 3.5 32.9624 0.0143066
  5 4.5 32.9485 0.0143006
  6 5.5 32.9241 0.01429
  7 6.5 32.988 0.0143177
  8 7.5 33.0147 0.0143293
  9 8.5 32.9531 0.0143026
  10 9.5 32.9644 0.0143074
  11 10.5 32.9732 0.0143113
  12 11.5 32.9826 0.0143154
  13 12.5 32.9501 0.0143013
  14 13.5 32.9742 0.0143117
  15 14.5 32.9634 0.014307
  16 15.5 32.9124 0.0142849
  17 16.5 32.9015 0.0142801
  18 17.5 32.9772 0.014313
  19 18.5 32.9476 0.0143002
  20 19.5 32.9323 0.0142935
  21 20.5 32.9364 0.0142953
  22 21.5 32.9542 0.0143031
  23 22.5 32.9406 0.0142971
  24 23.5 32.9323 0.0142935
  25 24.5 32.9369 0.0142955
  26 25.5 32.903 0.0142808
  27 26.5 32.9208 0.0142885
  28 27.5 32.9158 0.0142864
  29 28.5 32.8925 0.0142763
  30 29.5 32.8813 0.0142714
  31 30.5 32.897 0.0142782
  32 31.5 32.9079 0.0142829
  33 32.5 32.8646 0.0142642
  34 33.5 32.9073 0.0142827
  35 34.5 32.8447 0.0142555
  36 35.5 32.889 0.0142747
  37 36.5 32.8737 0.0142681
  38 37.5 32.891 0.0142756
  39 38.5 32.8564 0.0142606
  40 39.5 32.8761 0.0142692
  41 40.5 32.8843 0.0142727
  42 41.5 32.8663 0.0142649
  43 42.5 32.8896 0.014275
  44 43.5 32.9057 0.014282
  45 44.5 32.8741 0.0142683
  46 45.5 32.8548 0.0142599
  47 46.5 32.8981 0.0142787
  48 47.5 32.8944 0.0142771
  49 48.5 32.8448 0.0142555
  50 49.5 32.8569 0.0142608
  51 50.5 32.9017 0.0142802
  52 51.5 32.7894 0.0142315
  53 52.5 32.8212 0.0142453
  54 53.5 32.8112 0.014241
  55 54.5 32.7435 0.0142116
  56 55.5 32.7169 0.0142
  57 56.5 32.7329 0.014207
  58 57.5 32.6319 0.0141632
  59 58.5 32.5868 0.0141436
  60 59.5 32.5 0.0141059
  61 60.5 32.36 0.0140451
  62 61.5 32.1757 0.0139651
  63 62.5 31.9332 0.0138599
  64 63.5 31.5754 0.0137046
  65 64.5 31.0482 0.0134758
  66 65.5 30.3818 0.0131865
  67 66.5 29.4349 0.0127755
  68 67.5 28.1617 0.012223
  69 68.5 26.3692 0.011445
  70 69.5 24.1523 0.0104828
  71 70.5 21.4305 0.00930143
  72 71.5 18.2317 0.00791307
  73 72.5 14.8181 0.00643145
  74 73.5 11.5102 0.00499575
  75 74.5 8.51414 0.00369537
  76 75.5 6.01957 0.00261266
  77 76.5 4.13295 0.00179382
  78 77.5 2.81884 0.00122346
  79 78.5 1.95335 0.000847808
  80 79.5 1.40396 0.000609359
  81 80.5 1.07355 0.000465951
  82 81.5 0.870896 0.000377993
  83 82.5 0.75782 0.000328915
  84 83.5 0.68399 0.000296871
  85 84.5 0.640464 0.000277979
  86 85.5 0.611332 0.000265335
  87 86.5 0.598364 0.000259707
  88 87.5 0.585438 0.000254096
  89 88.5 0.58316 0.000253108
  90 89.5 0.57586 0.000249939
  91 90.5 0.567334 0.000246239
  92 91.5 0.567206 0.000246183
  93 92.5 0.56579 0.000245569
  94 93.5 0.564212 0.000244884
  95 94.5 0.560158 0.000243124
  96 95.5 0.564198 0.000244878
  97 96.5 0.562516 0.000244148
  98 97.5 0.562772 0.000244259
  99 98.5 0.564692 0.000245092
  100 99.5 0.558214 0.00024228
  101 100.5 0.566816 0.000246014
  102 101.5 0.563906 0.000244751
  103 102.5 0.566962 0.000246077
  104 103.5 0.56672 0.000245972
  105 104.5 0.568388 0.000246696
  106 105.5 0.565578 0.000245477
  107 106.5 0.55962 0.000242891
  108 107.5 0.555878 0.000241266
  109 108.5 0.561398 0.000243662
  110 109.5 0.558166 0.00024226
  111 110.5 0.558816 0.000242542
  112 111.5 0.557486 0.000241964
  113 112.5 0.56026 0.000243168
  114 113.5 0.563122 0.000244411
  115 114.5 0.561368 0.000243649
  116 115.5 0.563816 0.000244712
  117 116.5 0.56137 0.00024365
  118 117.5 0.558194 0.000242272
  119 118.5 0.561654 0.000243773
  120 119.5 0.564596 0.00024505
  121 120.5 0.56107 0.00024352
  122 121.5 0.563958 0.000244773
  123 122.5 0.562086 0.000243961
  124 123.5 0.566872 0.000246038
  125 124.5 0.567234 0.000246195
  126 125.5 0.562976 0.000244347
  127 126.5 0.562722 0.000244237
  128 127.5 0.56558 0.000245477
  129 128.5 0.56685 0.000246029
  130 129.5 0.568694 0.000246829
  131 130.5 0.562088 0.000243962
  132 131.5 0.565848 0.000245594
  133 132.5 0.56551 0.000245447
  134 133.5 0.564718 0.000245103
  135 134.5 0.566696 0.000245962
  136 135.5 0.563342 0.000244506
  137 136.5 0.566866 0.000246036
  138 137.5 0.569686 0.00024726
  139 138.5 0.569768 0.000247295
  140 139.5 0.56817 0.000246602
  141 140.5 0.567422 0.000246277
  142 141.5 0.564436 0.000244981
  143 142.5 0.565156 0.000245293
  144 143.5 0.562854 0.000244294
  145 144.5 0.568728 0.000246844
  146 145.5 0.56337 0.000244518
  147 146.5 0.560724 0.00024337
  148 147.5 0.562446 0.000244117
  149 148.5 0.563832 0.000244719
  150 149.5 0.55758 0.000242005
  151 150.5 0.557088 0.000241792
  152 151.5 0.556998 0.000241753
  153 152.5 0.553124 0.000240071
  154 153.5 0.55587 0.000241263
  155 154.5 0.556754 0.000241647
  156 155.5 0.560602 0.000243317
  157 156.5 0.567744 0.000246417
  158 157.5 0.568784 0.000246868
  159 158.5 0.56922 0.000247057
  160 159.5 0.569894 0.00024735
  161 160.5 0.565974 0.000245648
  162 161.5 0.57336 0.000248854
  163 162.5 0.567916 0.000246491
  164 163.5 0.572516 0.000248488
  165 164.5 0.571642 0.000248109
  166 165.5 0.570498 0.000247612
  167 166.5 0.566612 0.000245925
  168 167.5 0.570236 0.000247498
  169 168.5 0.565418 0.000245407
  170 169.5 0.562396 0.000244095
  171 170.5 0.565264 0.00024534
  172 171.5 0.563988 0.000244786
  173 172.5 0.5628 0.000244271
  174 173.5 0.567042 0.000246112
  175 174.5 0.565234 0.000245327
  176 175.5 0.560996 0.000243488
  177 176.5 0.556734 0.000241638
  178 177.5 0.561844 0.000243856
  179 178.5 0.55726 0.000241866
  180 179.5 0.562604 0.000244186
  181 180.5 0.562912 0.000244319
  182 181.5 0.568852 0.000246898
  183 182.5 0.567342 0.000246242
  184 183.5 0.567378 0.000246258
  185 184.5 0.572174 0.000248339
  186 185.5 0.57507 0.000249596
  187 186.5 0.567644 0.000246373
  188 187.5 0.565612 0.000245491
  189 188.5 0.564686 0.000245089
  190 189.5 0.565544 0.000245462
  191 190.5 0.55803 0.000242201
  192 191.5 0.56032 0.000243194
  193 192.5 0.560672 0.000243347
  194 193.5 0.566506 0.000245879
  195 194.5 0.566732 0.000245977
  196 195.5 0.567252 0.000246203
  197 196.5 0.560162 0.000243126
  198 197.5 0.56842 0.00024671
  199 198.5 0.566894 0.000246048
  200 199.5 0.564456 0.00024499
  201 200.5 0.56445 0.000244987
  202 201.5 0.565166 0.000245298
  203 202.5 0.565116 0.000245276
  204 203.5 0.560738 0.000243376
  205 204.5 0.558746 0.000242511
  206 205.5 0.557958 0.000242169
  207 206.5 0.561186 0.00024357
  208 207.5 0.562414 0.000244103
  209 208.5 0.565114 0.000245275
  210 209.5 0.559058 0.000242647
  211 210.5 0.562892 0.000244311
  212 211.5 0.567756 0.000246422
  213 212.5 0.565926 0.000245628
  214 213.5 0.565866 0.000245602
  215 214.5 0.577912 0.00025083
  216 215.5 0.588984 0.000255635
  217 216.5 0.601964 0.000261269
  218 217.5 0.623482 0.000270609
  219 218.5 0.659382 0.00028619
  220 219.5 0.719928 0.000312469
  221 220.5 0.814784 0.000353639
  222 221.5 0.961176 0.000417177
  223 222.5 1.21568 0.00052764
  224 223.5 1.61222 0.000699747
  225 224.5 2.23073 0.000968197
  226 225.5 3.14027 0.00136296
  227 226.5 4.35923 0.00189203
  228 227.5 5.86252 0.0025445
  229 228.5 7.48842 0.00325018
  230 229.5 8.86026 0.0038456
  231 230.5 9.61884 0.00417484
  232 231.5 9.50427 0.00412512
  233 232.5 8.50035 0.00368939
  234 233.5 6.96001 0.00302084
  235 234.5 5.29957 0.00230016
  236 235.5 3.81424 0.00165548
  237 236.5 2.68535 0.00116552
  238 237.5 1.92007 0.000833364
  239 238.5 1.39669 0.000606204
  240 239.5 1.07547 0.000466786
  241 240.5 0.883682 0.000383543
  242 241.5 0.762852 0.000331099
  243 242.5 0.685018 0.000297317
  244 243.5 0.63383 0.0002751
  245 244.5 0.595918 0.000258645
  246 245.5 0.561024 0.0002435
  247 246.5 0.540466 0.000234577
  248 247.5 0.531324 0.000230609
  249 248.5 0.528434 0.000229355
  250 249.5 0.525064 0.000227892
  251 250.5 0.517488 0.000224604
  252 251.5 0.516178 0.000224036
  253 252.5 0.514092 0.00022313
  254 253.5 0.503824 0.000218674
  255 254.5 0.5138 0.000223003
  256 255.5 0.516104 0.000224003
  257 256.5 0.511198 0.000221874
  258 257.5 0.506558 0.00021986
  259 258.5 0.510864 0.000221729
  260 259.5 0.505702 0.000219489
  261 260.5 0.508546 0.000220723
  262 261.5 0.508546 0.000220723
  263 262.5 0.49596 0.00021526
  264 263.5 0.487934 0.000211777
  265 264.5 0.483616 0.000209903
  266 265.5 0.482466 0.000209404
  267 266.5 0.486836 0.0002113
  268 267.5 0.491272 0.000213226
  269 268.5 0.497438 0.000215902
  270 269.5 0.49869 0.000216445
  271 270.5 0.502818 0.000218237
  272 271.5 0.507 0.000220052
  273 272.5 0.508536 0.000220719
  274 273.5 0.512136 0.000222281
  275 274.5 0.511508 0.000222009
  276 275.5 0.503608 0.00021858
  277 276.5 0.48688 0.000211319
  278 277.5 0.484798 0.000210416
  279 278.5 0.481632 0.000209042
  280 279.5 0.48036 0.00020849
  281 280.5 0.476274 0.000206716
  282 281.5 0.469396 0.000203731
  283 282.5 0.47812 0.000207517
  284 283.5 0.477202 0.000207119
  285 284.5 0.483728 0.000209951
  286 285.5 0.500048 0.000217035
  287 286.5 0.502318 0.00021802
  288 287.5 0.493748 0.0002143
  289 288.5 0.495642 0.000215122
  290 289.5 0.499978 0.000217004
  291 290.5 0.501814 0.000217801
  292 291.5 0.501628 0.00021772
  293 292.5 0.491004 0.000213109
  294 293.5 0.498118 0.000216197
  295 294.5 0.514832 0.000223451
  296 295.5 0.511468 0.000221991
  297 296.5 0.516566 0.000224204
  298 297.5 0.521426 0.000226313
  299 298.5 0.521732 0.000226446
  300 299.5 0.526732 0.000228616
  301 300.5 0.538084 0.000233543
  302 301.5 0.546134 0.000237037
  303 302.5 0.559466 0.000242824
  304 303.5 0.549202 0.000238369
  305 304.5 0.546328 0.000237122
  306 305.5 0.549882 0.000238664
  307 306.5 0.554226 0.000240549
  308 307.5 0.550756 0.000239043
  309 308.5 0.547338 0.00023756
  310 309.5 0.539586 0.000234195
  311 310.5 0.526644 0.000228578
  312 311.5 0.517822 0.000224749
  313 312.5 0.520418 0.000225876
  314 313.5 0.529576 0.000229851
  315 314.5 0.543044 0.000235696
  316 315.5 0.539418 0.000234122
  317 316.5 0.540258 0.000234487
  318 317.5 0.552522 0.00023981
  319 318.5 0.559422 0.000242805
  320 319.5 0.569938 0.000247369
  321 320.5 0.578414 0.000251048
  322 321.5 0.585718 0.000254218
  323 322.5 0.595622 0.000258516
  324 323.5 0.599932 0.000260387
  325 324.5 0.606782 0.00026336
  326 325.5 0.606596 0.00026328
  327 326.5 0.602586 0.000261539
  328 327.5 0.606168 0.000263094
  329 328.5 0.607552 0.000263694
  330 329.5 0.609246 0.00026443
  331 330.5 0.615352 0.00026708
  332 331.5 0.608752 0.000264215
  333 332.5 0.60562 0.000262856
  334 333.5 0.609088 0.000264361
  335 334.5 0.616538 0.000267595
  336 335.5 0.61915 0.000268728
  337 336.5 0.611816 0.000265545
  338 337.5 0.600888 0.000260802
  339 338.5 0.606868 0.000263398
  340 339.5 0.607858 0.000263827
  341 340.5 0.609632 0.000264597
  342 341.5 0.621412 0.00026971
  343 342.5 0.623566 0.000270645
  344 343.5 0.62638 0.000271866
  345 344.5 0.608326 0.00026403
  346 345.5 0.609472 0.000264528
  347 346.5 0.606094 0.000263062
  348 347.5 0.602028 0.000261297
  349 348.5 0.610362 0.000264914
  350 349.5 0.611312 0.000265326
  351 350.5 0.608958 0.000264305
  352 351.5 0.619564 0.000268908
  353 352.5 0.60702 0.000263464
  354 353.5 0.591188 0.000256592
  355 354.5 0.592498 0.000257161
  356 355.5 0.590556 0.000256318
  357 356.5 0.584914 0.000253869
  358 357.5 0.592228 0.000257043
  359 358.5 0.589194 0.000255727
  360 359.5 0.583262 0.000253152
  361 360.5 0.596114 0.00025873
  362 361.5 0.606064 0.000263049
  363 362.5 0.61892 0.000268628
  364 363.5 0.624818 0.000271188
  365 364.5 0.617302 0.000267926
  366 365.5 0.615414 0.000267107
  367 366.5 0.608668 0.000264179
  368 367.5 0.603034 0.000261734
  369 368.5 0.599902 0.000260374
  370 369.5 0.603524 0.000261946
  371 370.5 0.601746 0.000261174
  372 371.5 0.601062 0.000260878
  373 372.5 0.603864 0.000262094
  374 373.5 0.600878 0.000260798
  375 374.5 0.603224 0.000261816
  376 375.5 0.609976 0.000264747
  377 376.5 0.618602 0.00026849
  378 377.5 0.628862 0.000272944
  379 378.5 0.636848 0.00027641
  380 379.5 0.656128 0.000284778
  381 380.5 0.68135 0.000295725
  382 381.5 0.720202 0.000312588
  383 382.5 0.77724 0.000337344
  384 383.5 0.8764 0.000380382
  385 384.5 1.04726 0.000454538
  386 385.5 1.34741 0.000584813
  387 386.5 1.85237 0.000803982
  388 387.5 2.70339 0.00117335
  389 388.5 4.05997 0.00176214
  390 389.5 6.09465 0.00264525
  391 390.5 8.87616 0.0038525
  392 391.5 12.3655 0.00536699
  393 392.5 16.2778 0.00706502
  394 393.5 20.2085 0.00877106
  395 394.5 23.7572 0.0103113
  396 395.5 26.6142 0.0115513
  397 396.5 28.7694 0.0124867
  398 397.5 30.1363 0.01308
  399 398.5 31.1057 0.0135007
  400 399.5 31.7355 0.0137741
  401 400.5 32.126 0.0139436
  402 401.5 32.3402 0.0140366
  403 402.5 32.5264 0.0141174
  404 403.5 32.6099 0.0141536
  405 404.5 32.6911 0.0141888
  406 405.5 32.7255 0.0142038
  407 406.5 32.791 0.0142322
  408 407.5 32.8019 0.0142369
  409 408.5 32.8029 0.0142374
  410 409.5 32.8598 0.014262
  411 410.5 32.8503 0.0142579
  412 411.5 32.8268 0.0142477
  413 412.5 32.8577 0.0142611
  414 413.5 32.8474 0.0142567
  415 414.5 32.8644 0.0142641
  416 415.5 32.8373 0.0142523
  417 416.5 32.8246 0.0142468
  418 417.5 32.8435 0.014255
  419 418.5 32.8602 0.0142622
  420 419.5 32.8194 0.0142446
  421 420.5 32.8154 0.0142428
  422 421.5 32.8428 0.0142547
  423 422.5 32.8088 0.0142399
  424 423.5 32.7951 0.014234
  425 424.5 32.8395 0.0142532
  426 425.5 32.8123 0.0142414
  427 426.5 32.8439 0.0142552
  428 427.5 32.8182 0.014244
  429 428.5 32.8571 0.0142609
  430 429.5 32.8856 0.0142733
  431 430.5 32.8305 0.0142493
  432 431.5 32.8733 0.0142679
  433 432.5 32.8905 0.0142754
  434 433.5 32.9062 0.0142822
  435 434.5 32.8504 0.014258
  436 435.5 32.8805 0.014271
  437 436.5 32.8935 0.0142767
  438 437.5 32.9062 0.0142822
  439 438.5 32.8886 0.0142746
  440 439.5 32.8853 0.0142731
  441 440.5 32.8892 0.0142748
  442 441.5 32.9432 0.0142983
  443 442.5 32.9292 0.0142922
  444 443.5 32.9017 0.0142802
  445 444.5 32.8988 0.014279
  446 445.5 32.8962 0.0142779
  447 446.5 32.9115 0.0142845
  448 447.5 32.8907 0.0142755
  449 448.5 32.897 0.0142782
  450 449.5 32.9309 0.0142929
  451 450.5 32.9149 0.014286
  452 451.5 32.9437 0.0142985
  453 452.5 32.9397 0.0142968
  454 453.5 32.9256 0.0142906
  455 454.5 32.9386 0.0142963
  456 455.5 32.9431 0.0142982
  457 456.5 32.97 0.0143099
  458 457.5 32.9356 0.014295
  459 458.5 32.9662 0.0143083
  460 459.5 32.9871 0.0143173
  461 460.5 32.9585 0.0143049
  462 461.5 32.9264 0.014291
  463 462.5 33.0141 0.014329
  464 463.5 32.9849 0.0143164
  465 464.5 32.9613 0.0143061
  466 465.5 32.9909 0.014319
  467 466.5 32.9956 0.014321
  468 467.5 32.9829 0.0143155
  469 468.5 32.9762 0.0143126
  470 469.5 32.955 0.0143034
  471 470.5 33.0141 0.014329
  472 471.5 32.9788 0.0143137
  473 472.5 32.9517 0.014302
  474 473.5 32.9691 0.0143095
  475 474.5 33.0012 0.0143235
  476 475.5 32.9313 0.0142931
  477 476.5 32.9426 0.014298
  478 477.5 32.9589 0.0143051
  479 478.5 32.9674 0.0143088
  480 479.5 32.9572 0.0143044
30000000 480 5487.999999999999
  1 0.5 32.9018 0.0142803
  2 1.5 32.8871 0.0142739
  3 2.5 32.8618 0.0142629
  4 3.5 32.8783 0.0142701
  5 4.5 32.882 0.0142717
  6 5.5 32.852 0.0142587
  7 6.5 32.8514 0.0142584
  8 7.5 32.8822 0.0142718
  9 8.5 32.8556 0.0142602
  10 9.5 32.8383 0.0142528
  11 10.5 32.8381 0.0142527
  12 11.5 32.8579 0.0142613
  13 12.5 32.8413 0.014254
  14 13.5 32.8448 0.0142556
  15 14.5 32.8244 0.0142467
  16 15.5 32.8591 0.0142618
  17 16.5 32.8263 0.0142475
  18 17.5 32.8704 0.0142667
  19 18.5 32.8269 0.0142478
  20 19.5 32.8126 0.0142416
  21 20.5 32.8212 0.0142453
  22 21.5 32.8606 0.0142624
  23 22.5 32.8122 0.0142414
  24 23.5 32.82 0.0142448
  25 24.5 32.8706 0.0142667
  26 25.5 32.8755 0.0142689
  27 26.5 32.8109 0.0142408
  28 27.5 32.8176 0.0142437
  29 28.5 32.8799 0.0142708
  30 29.5 32.8167 0.0142434
  31 30.5 32.789 0.0142313
  32 31.5 32.8493 0.0142575
  33 32.5 32.8594 0.0142619
  34 33.5 32.811 0.0142409
  35 34.5 32.8226 0.0142459
  36 35.5 32.8841 0.0142726
  37 36.5 32.8619 0.014263
  38 37.5 32.8246 0.0142468
  39 38.5 32.8615 0.0142628
  40 39.5 32.8877 0.0142742
  41 40.5 32.8586 0.0142616
  42 41.5 32.8452 0.0142557
  43 42.5 32.8907 0.0142755
  44 43.5 32.8798 0.0142707
  45 44.5 32.8527 0.014259
  46 45.5 32.8465 0.0142563
  47 46.5 32.842 0.0142543
  48 47.5 32.8536 0.0142594
  49 48.5 32.841 0.0142539
  50 49.5 32.8249 0.0142469
  51 50.5 32.8334 0.0142506
  52 51.5 32.798 0.0142352
  53 52.5 32.8052 0.0142384
  54 53.5 32.773 0.0142244
  55 54.5 32.7379 0.0142092
  56 55.5 32.6803 0.0141842
  57 56.5 32.696 0.014191
  58 57.5 32.6262 0.0141607
  59 58.5 32.5001 0.0141059
  60 59.5 32.4296 0.0140754
  61 60.5 32.2717 0.0140068
  62 61.5 32.0261 0.0139002
  63 62.5 31.7331 0.013773
  64 63.5 31.2801 0.0135765
  65 64.5 30.6331 0.0132956
  66 65.5 29.749 0.0129119
  67 66.5 28.5466 0.01239
  68 67.5 26.8952 0.0116732
  69 68.5 24.7882 0.0107588
  70 69.5 22.1512 0.00961425
  71 70.5 19.0483 0.00826749
  72 71.5 15.6472 0.00679131
  73 72.5 12.2705 0.00532575
  74 73.5 9.13658 0.00396553
  75 74.5 6.52826 0.00283344
  76 75.5 4.52224 0.00196278
  77 76.5 3.08307 0.00133814
  78 77.5 2.12387 0.000921818
  79 78.5 1.51281 0.000656603
  80 79.5 1.13911 0.000494404
  81 80.5 0.910816 0.000395319
  82 81.5 0.780782 0.000338881
  83 82.5 0.69845 0.000303147
  84 83.5 0.646352 0.000280535
  85 84.5 0.61855 0.000268468
  86 85.5 0.60561 0.000262852
  87 86.5 0.594976 0.000258236
  88 87.5 0.581308 0.000252304
  89 88.5 0.571034 0.000247845
  90 89.5 0.568404 0.000246703
  91 90.5 0.571026 0.000247841
  92 91.5 0.563948 0.000244769
  93 92.5 0.563698 0.000244661
  94 93.5 0.560138 0.000243115
  95 94.5 0.563756 0.000244686
  96 95.5 0.560764 0.000243387
  97 96.5 0.56737 0.000246254
  98 97.5 0.567394 0.000246265
  99 98.5 0.561514 0.000243713
  100 99.5 0.562122 0.000243977
  101 100.5 0.559006 0.000242624
  102 101.5 0.559938 0.000243029
  103 102.5 0.560124 0.000243109
  104 103.5 0.569544 0.000247198
  105 104.5 0.562268 0.00024404
  106 105.5 0.56594 0.000245634
  107 106.5 0.562298 0.000244053
  108 107.5 0.561078 0.000243523
  109 108.5 0.56378 0.000244696
  110 109.5 0.56818 0.000246606
  111 110.5 0.566708 0.000245967
  112 111.5 0.565212 0.000245318
  113 112.5 0.56043 0.000243242
  114 113.5 0.565958 0.000245641
  115 114.5 0.558248 0.000242295
  116 115.5 0.557632 0.000242028
  117 116.5 0.557204 0.000241842
  118 117.5 0.560516 0.00024328
  119 118.5 0.562734 0.000244242
  120 119.5 0.56828 0.000246649
  121 120.5 0.567872 0.000246472
  122 121.5 0.565608 0.00024549
  123 122.5 0.560162 0.000243126
  124 123.5 0.560256 0.000243167
  125 124.5 0.56154 0.000243724
  126 125.5 0.562334 0.000244069
  127 126.5 0.569578 0.000247213
  128 127.5 0.566428 0.000245845
  129 128.5 0.565512 0.000245448
  130 129.5 0.566948 0.000246071
  131 130.5 0.56308 0.000244392
  132 131.5 0.562102 0.000243968
  133 132.5 0.561808 0.00024384
  134 133.5 0.55887 0.000242565
  135 134.5 0.562132 0.000243981
  136 135.5 0.562802 0.000244272
  137 136.5 0.558738 0.000242508
  138 137.5 0.56816 0.000246597
  139 138.5 0.571998 0.000248263
  140 139.5 0.567134 0.000246152
  141 140.5 0.567706 0.0002464
  142 141.5 0.568144 0.00024659
  143 142.5 0.56861 0.000246793
  144 143.5 0.564264 0.000244906
  145 144.5 0.559392 0.000242792
  146 145.5 0.562056 0.000243948
  147 146.5 0.564192 0.000244875
  148 147.5 0.561922 0.00024389
  149 148.5 0.55495 0.000240864
  150 149.5 0.559762 0.000242952
  151 150.5 0.560172 0.00024313
  152 151.5 0.560352 0.000243208
  153 152.5 0.557486 0.000241964
  154 153.5 0.562712 0.000244233
  155 154.5 0.562556 0.000244165
  156 155.5 0.562734 0.000244242
  157 156.5 0.564438 0.000244982
  158 157.5 0.56251 0.000244145
  159 158.5 0.56962 0.000247231
  160 159.5 0.566612 0.000245925
  161 160.5 0.563162 0.000244428
  162 161.5 0.562586 0.000244178
  163 162.5 0.566364 0.000245818
  164 163.5 0.566806 0.00024601
  165 164.5 0.56485 0.000245161
  166 165.5 0.56274 0.000244245
  167 166.5 0.563158 0.000244426
  168 167.5 0.56167 0.00024378
  169 168.5 0.563906 0.000244751
  170 169.5 0.561726 0.000243805
  171 170.5 0.561454 0.000243687
  172 171.5 0.559952 0.000243035
  173 172.5 0.55506 0.000240911
  174 173.5 0.552454 0.00023978
  175 174.5 0.552428 0.000239769
  176 175.5 0.55653 0.000241549
  177 176.5 0.554754 0.000240779
  178 177.5 0.554084 0.000240488
  179 178.5 0.555846 0.000241253
  180 179.5 0.559316 0.000242759
  181 180.5 0.557722 0.000242067
  182 181.5 0.555562 0.000241129
  183 182.5 0.557624 0.000242024
  184 183.5 0.556008 0.000241323
  185 184.5 0.559648 0.000242903
  186 185.5 0.559352 0.000242774
  187 186.5 0.560754 0.000243383
  188 187.5 0.560406 0.000243232
  189 188.5 0.557556 0.000241995
  190 189.5 0.561398 0.000243662
  191 190.5 0.56095 0.000243468
  192 191.5 0.555126 0.00024094
  193 192.5 0.554722 0.000240765
  194 193.5 0.55376 0.000240347
  195 194.5 0.5607 0.000243359
  196 195.5 0.55903 0.000242635
  197 196.5 0.558656 0.000242472
  198 197.5 0.565602 0.000245487
  199 198.5 0.562514 0.000244147
  200 199.5 0.559734 0.00024294
  201 200.5 0.568282 0.00024665
  202 201.5 0.563448 0.000244552
  203 202.5 0.569208 0.000247052
  204 203.5 0.564756 0.00024512
  205 204.5 0.564578 0.000245043
  206 205.5 0.567268 0.00024621
  207 206.5 0.569682 0.000247258
  208 207.5 0.568478 0.000246735
  209 208.5 0.572598 0.000248523
  210 209.5 0.571984 0.000248257
  211 210.5 0.57384 0.000249062
  212 211.5 0.578998 0.000251301
  213 212.5 0.585444 0.000254099
  214 213.5 0.589114 0.000255692
  215 214.5 0.589732 0.00025596
  216 215.5 0.594066 0.000257841
  217 216.5 0.608632 0.000264163
  218 217.5 0.647644 0.000281095
  219 218.5 0.698948 0.000303363
  220 219.5 0.787864 0.000341955
  221 220.5 0.920064 0.000399333
  222 221.5 1.14594 0.000497369
  223 222.5 1.50682 0.000654003
  224 223.5 2.07844 0.0009021
  225 224.5 2.93958 0.00127586
  226 225.5 4.14819 0.00180043
  227 226.5 5.69647 0.00247243
  228 227.5 7.37777 0.00320216
  229 228.5 8.93765 0.00387919
  230 229.5 9.91808 0.00430472
  231 230.5 10.025 0.00435112
  232 231.5 9.1989 0.00399258
  233 232.5 7.73693 0.00335804
  234 233.5 6.00456 0.00260615
  235 234.5 4.36757 0.00189565
  236 235.5 3.10315 0.00134685
  237 236.5 2.20766 0.000958184
  238 237.5 1.58735 0.000688956
  239 238.5 1.2146 0.000527172
  240 239.5 0.982376 0.000426378
  241 240.5 0.843412 0.000366064
  242 241.5 0.75779 0.000328902
  243 242.5 0.710276 0.00030828
  244 243.5 0.6749 0.000292925
  245 244.5 0.644064 0.000279542
  246 245.5 0.618706 0.000268536
  247 246.5 0.62262 0.000270234
  248 247.5 0.620742 0.000269419
  249 248.5 0.621018 0.000269539
  250 249.5 0.622398 0.000270138
  251 250.5 0.622268 0.000270082
  252 251.5 0.626942 0.00027211
  253 252.5 0.632012 0.000274311
  254 253.5 0.627414 0.000272315
  255 254.5 0.625756 0.000271595
  256 255.5 0.629186 0.000273084
  257 256.5 0.617278 0.000267916
  258 257.5 0.618032 0.000268243
  259 258.5 0.609726 0.000264638
  260 259.5 0.606084 0.000263057
  261 260.5 0.610242 0.000264862
  262 261.5 0.618512 0.000268451
  263 262.5 0.62836 0.000272726
  264 263.5 0.629764 0.000273335
  265 264.5 0.620454 0.000269294
  266 265.5 0.625434 0.000271456
  267 266.5 0.63092 0.000273837
  268 267.5 0.624562 0.000271077
  269 268.5 0.618796 0.000268575
  270 269.5 0.61699 0.000267791
  271 270.5 0.603114 0.000261768
  272 271.5 0.606784 0.000263361
  273 272.5 0.598788 0.000259891
  274 273.5 0.587238 0.000254878
  275 274.5 0.57785 0.000250803
  276 275.5 0.568388 0.000246696
  277 276.5 0.568862 0.000246902
  278 277.5 0.575516 0.00024979
  279 278.5 0.582602 0.000252865
  280 279.5 0.578742 0.00025119
  281 280.5 0.599724 0.000260297
  282 281.5 0.602262 0.000261398
  283 282.5 0.610588 0.000265012
  284 283.5 0.626832 0.000272063
  285 284.5 0.639916 0.000277741
  286 285.5 0.63002 0.000273446
  287 286.5 0.62091 0.000269492
  288 287.5 0.63044 0.000273628
  289 288.5 0.628534 0.000272801
  290 289.5 0.61999 0.000269093
  291 290.5 0.613484 0.000266269
  292 291.5 0.617466 0.000267997
  293 292.5 0.624658 0.000271119
  294 293.5 0.622104 0.00027001
  295 294.5 0.618134 0.000268287
  296 295.5 0.612876 0.000266005
  297 296.5 0.616044 0.00026738
  298 297.5 0.61301 0.000266063
  299 298.5 0.619896 0.000269052
  300 299.5 0.621774 0.000269867
  301 300.5 0.617864 0.00026817
  302 301.5 0.624116 0.000270884
  303 302.5 0.643586 0.000279334
  304 303.5 0.645698 0.000280251
  305 304.5 0.665826 0.000288987
  306 305.5 0.677172 0.000293911
  307 306.5 0.686034 0.000297758
  308 307.5 0.676888 0.000293788
  309 308.5 0.680272 0.000295257
  310 309.5 0.679852 0.000295075
  311 310.5 0.675424 0.000293153
  312 311.5 0.683442 0.000296633
  313 312.5 0.687072 0.000298208
  314 313.5 0.681606 0.000295836
  315 314.5 0.668822 0.000290287
  316 315.5 0.672746 0.00029199
  317 316.5 0.659496 0.00028624
  318 317.5 0.659094 0.000286065
  319 318.5 0.66035 0.00028661
  320 319.5 0.653044 0.000283439
  321 320.5 0.652968 0.000283406
  322 321.5 0.66242 0.000287509
  323 322.5 0.672756 0.000291995
  324 323.5 0.670796 0.000291144
  325 324.5 0.663562 0.000288004
  326 325.5 0.652796 0.000283332
  327 326.5 0.65757 0.000285404
  328 327.5 0.650504 0.000282337
  329 328.5 0.64317 0.000279154
  330 329.5 0.640404 0.000277953
  331 330.5 0.63631 0.000276176
  332 331.5 0.637684 0.000276773
  333 332.5 0.631996 0.000274304
  334 333.5 0.644716 0.000279825
  335 334.5 0.645018 0.000279956
  336 335.5 0.635748 0.000275932
  337 336.5 0.642168 0.000278719
  338 337.5 0.630552 0.000273677
  339 338.5 0.623214 0.000270492
  340 339.5 0.628504 0.000272788
  341 340.5 0.622942 0.000270374
  342 341.5 0.62764 0.000272413
  343 342.5 0.633642 0.000275018
  344 343.5 0.64037 0.000277938
  345 344.5 0.640946 0.000278188
  346 345.5 0.636174 0.000276117
  347 346.5 0.616958 0.000267777
  348 347.5 0.61629 0.000267487
  349 348.5 0.61881 0.000268581
  350 349.5 0.624614 0.0002711
  351 350.5 0.626574 0.000271951
  352 351.5 0.643358 0.000279235
  353 352.5 0.652298 0.000283115
  354 353.5 0.649036 0.0002817
  355 354.5 0.650774 0.000282454
  356 355.5 0.655808 0.000284639
  357 356.5 0.654654 0.000284138
  358 357.5 0.649726 0.000281999
  359 358.5 0.640138 0.000277838
  360 359.5 0.630384 0.000273604
  361 360.5 0.636536 0.000276274
  362 361.5 0.647784 0.000281156
  363 362.5 0.650684 0.000282415
  364 363.5 0.647436 0.000281005
  365 364.5 0.644938 0.000279921
  366 365.5 0.661112 0.000286941
  367 366.5 0.666216 0.000289156
  368 367.5 0.64845 0.000281445
  369 368.5 0.63268 0.000274601
  370 369.5 0.622528 0.000270194
  371 370.5 0.61906 0.000268689
  372 371.5 0.613896 0.000266448
  373 372.5 0.605318 0.000262725
  374 373.5 0.60541 0.000262765
  375 374.5 0.615528 0.000267156
  376 375.5 0.633002 0.00027474
  377 376.5 0.633552 0.000274979
  378 377.5 0.631584 0.000274125
  379 378.5 0.638214 0.000277003
  380 379.5 0.653706 0.000283727
  381 380.5 0.69132 0.000300052
  382 381.5 0.739406 0.000320923
  383 382.5 0.823134 0.000357263
  384 383.5 0.949964 0.000412311
  385 384.5 1.18894 0.000516031
  386 385.5 1.613 0.000700089
  387 386.5 2.31494 0.00100475
  388 387.5 3.46234 0.00150275
  389 388.5 5.25793 0.00228209
  390 389.5 7.7965 0.0033839
  391 390.5 11.0755 0.00480706
  392 391.5 14.8712 0.00645453
  393 392.5 18.8976 0.00820207
  394 393.5 22.659 0.00983465
  395 394.5 25.7446 0.0111739
  396 395.5 28.0584 0.0121781
  397 396.5 29.7772 0.0129241
  398 397.5 30.8597 0.013394
  399 398.5 31.5411 0.0136897
  400 399.5 31.9789 0.0138797
  401 400.5 32.2823 0.0140114
  402 401.5 32.4581 0.0140877
  403 402.5 32.5491 0.0141272
  404 403.5 32.6026 0.0141504
  405 404.5 32.7 0.0141927
  406 405.5 32.6908 0.0141887
  407 406.5 32.7295 0.0142055
  408 407.5 32.7267 0.0142043
  409 408.5 32.7773 0.0142263
  410 409.5 32.7365 0.0142085
  411 410.5 32.7676 0.0142221
  412 411.5 32.7711 0.0142235
  413 412.5 32.7658 0.0142213
  414 413.5 32.7789 0.0142269
  415 414.5 32.7307 0.014206
  416 415.5 32.7882 0.014231
  417 416.5 32.7311 0.0142062
  418 417.5 32.7716 0.0142238
  419 418.5 32.7156 0.0141995
  420 419.5 32.7767 0.014226
  421 420.5 32.751 0.0142148
  422 421.5 32.7329 0.014207
  423 422.5 32.7393 0.0142098
  424 423.5 32.7943 0.0142336
  425 424.5 32.748 0.0142136
  426 425.5 32.7155 0.0141995
  427 426.5 32.7903 0.0142319
  428 427.5 32.7699 0.014223
  429 428.5 32.7232 0.0142028
  430 429.5 32.7797 0.0142273
  431 430.5 32.7707 0.0142234
  432 431.5 32.756 0.014217
  433 432.5 32.7923 0.0142327
  434 433.5 32.7635 0.0142203
  435 434.5 32.7792 0.0142271
  436 435.5 32.8192 0.0142444
  437 436.5 32.8147 0.0142425
  438 437.5 32.7605 0.014219
  439 438.5 32.7956 0.0142342
  440 439.5 32.8326 0.0142503
  441 440.5 32.8052 0.0142384
  442 441.5 32.7619 0.0142196
  443 442.5 32.812 0.0142413
  444 443.5 32.7734 0.0142246
  445 444.5 32.7956 0.0142342
  446 445.5 32.7591 0.0142184
  447 446.5 32.7997 0.014236
  448 447.5 32.783 0.0142287
  449 448.5 32.7889 0.0142313
  450 449.5 32.8036 0.0142377
  451 450.5 32.8139 0.0142422
  452 451.5 32.8158 0.014243
  453 452.5 32.824 0.0142465
  454 453.5 32.8493 0.0142575
  455 454.5 32.849 0.0142574
  456 455.5 32.8484 0.0142571
  457 456.5 32.8799 0.0142708
  458 457.5 32.8939 0.0142769
  459 458.5 32.8462 0.0142562
  460 459.5 32.8963 0.0142779
  461 460.5 32.8676 0.0142655
  462 461.5 32.8447 0.0142555
  463 462.5 32.8502 0.0142579
  464 463.5 32.8619 0.014263
  465 464.5 32.8429 0.0142547
  466 465.5 32.8585 0.0142615
  467 466.5 32.8225 0.0142459
  468 467.5 32.8219 0.0142456
  469 468.5 32.8519 0.0142587
  470 469.5 32.8735 0.014268
  471 470.5 32.8471 0.0142566
  472 471.5 32.868 0.0142656
  473 472.5 32.8272 0.0142479
  474 473.5 32.8512 0.0142583
  475 474.5 32.8821 0.0142717
  476 475.5 32.8357 0.0142516
  477 476.5 32.851 0.0142582
  478 477.5 32.9068 0.0142825
  479 478.5 32.8936 0.0142768
  480 479.5 32.8394 0.0142532
40000000 480 5487.999999999999
  1 0.5 32.8698 0.0142664
  2 1.5 32.8813 0.0142714
  3 2.5 32.91 0.0142839
  4 3.5 32.8901 0.0142752
  5 4.5 32.8396 0.0142533
  6 5.5 32.8995 0.0142793
  7 6.5 32.9137 0.0142854
  8 7.5 32.8674 0.0142654
  9 8.5 32.8891 0.0142748
  10 9.5 32.8827 0.014272
  11 10.5 32.9108 0.0142842
  12 11.5 32.8868 0.0142738
  13 12.5 32.9209 0.0142886
  14 13.5 32.8898 0.0142751
  15 14.5 32.9155 0.0142862
  16 15.5 32.9161 0.0142865
  17 16.5 32.9186 0.0142876
  18 17.5 32.9007 0.0142798
  19 18.5 32.8834 0.0142723
  20 19.5 32.9464 0.0142996
  21 20.5 32.9061 0.0142822
  22 21.5 32.9208 0.0142885
  23 22.5 32.9082 0.0142831
  24 23.5 32.9086 0.0142832
  25 24.5 32.9186 0.0142876
  26 25.5 32.9213 0.0142888
  27 26.5 32.9206 0.0142885
  28 27.5 32.907 0.0142826
  29 28.5 32.8926 0.0142763
  30 29.5 32.9078 0.0142829
  31 30.5 32.8902 0.0142753
  32 31.5 32.8825 0.0142719
  33 32.5 32.8812 0.0142714
  34 33.5 32.8797 0.0142707
  35 34.5 32.8917 0.0142759
  36 35.5 32.9254 0.0142906
  37 36.5 32.8509 0.0142582
  38 37.5 32.881 0.0142713
  39 38.5 32.9357 0.014295
  40 39.5 32.889 0.0142748
  41 40.5 32.8387 0.0142529
  42 41.5 32.9074 0.0142827
  43 42.5 32.9282 0.0142918
  44 43.5 32.841 0.0142539
  45 44.5 32.832 0.01425
  46 45.5 32.9066 0.0142824
  47 46.5 32.868 0.0142656
  48 47.5 32.8538 0.0142594
  49 48.5 32.8496 0.0142576
  50 49.5 32.8939 0.0142769
  51 50.5 32.8609 0.0142626
  52 51.5 32.8091 0.0142401
  53 52.5 32.8173 0.0142436
  54 53.5 32.8281 0.0142483
  55 54.5 32.7433 0.0142115
  56 55.5 32.7073 0.0141959
  57 56.5 32.7105 0.0141973
  58 57.5 32.587 0.0141437
  59 58.5 32.4591 0.0140882
  60 59.5 32.3914 0.0140588
  61 60.5 32.2227 0.0139855
  62 61.5 31.925 0.0138563
  63 62.5 31.585 0.0137088
  64 63.5 31.1196 0.0135068
  65 64.5 30.4579 0.0132196
  66 65.5 29.4514 0.0127827
  67 66.5 28.1998 0.0122395
  68 67.5 26.4739 0.0114904
  69 68.5 24.2061 0.0105061
  70 69.5 21.4301 0.00930127
  71 70.5 18.2584 0.00792464
  72 71.5 14.8253 0.0064346
  73 72.5 11.4664 0.00497675
  74 73.5 8.48882 0.00368438
  75 74.5 6.00425 0.00260601
  76 75.5 4.1345 0.00179449
  77 76.5 2.81344 0.00122111
  78 77.5 1.95667 0.000849247
  79 78.5 1.40624 0.000610345
  80 79.5 1.06849 0.000463753
  81 80.5 0.878144 0.000381139
  82 81.5 0.758852 0.000329363
  83 82.5 0.691686 0.000300211
  84 83.5 0.64239 0.000278815
  85 84.5 0.6138 0.000266406
  86 85.5 0.59317 0.000257452
  87 86.5 0.585448 0.000254101
  88 87.5 0.576892 0.000250387
  89 88.5 0.571344 0.000247979
  90 89.5 0.56851 0.000246749
  91 90.5 0.567214 0.000246187
  92 91.5 0.567238 0.000246197
  93 92.5 0.569408 0.000247139
  94 93.5 0.568392 0.000246698
  95 94.5 0.576588 0.000250255
  96 95.5 0.56956 0.000247205
  97 96.5 0.570288 0.000247521
  98 97.5 0.570208 0.000247486
  99 98.5 0.568526 0.000246756
  100 99.5 0.566972 0.000246082
  101 100.5 0.56889 0.000246914
  102 101.5 0.559308 0.000242755
  103 102.5 0.55563 0.000241159
  104 103.5 0.559056 0.000242646
  105 104.5 0.55421 0.000240543
  106 105.5 0.559246 0.000242728
  107 106.5 0.55618 0.000241398
  108 107.5 0.557314 0.00024189
  109 108.5 0.558412 0.000242366
  110 109.5 0.55948 0.00024283
  111 110.5 0.558054 0.000242211
  112 111.5 0.560644 0.000243335
  113 112.5 0.561568 0.000243736
  114 113.5 0.564298 0.000244921
  115 114.5 0.56539 0.000245395
  116 115.5 0.56864 0.000246806
  117 116.5 0.576744 0.000250323
  118 117.5 0.567104 0.000246139
  119 118.5 0.568418 0.000246709
  120 119.5 0.57049 0.000247609
  121 120.5 0.570194 0.00024748
  122 121.5 0.565398 0.000245398
  123 122.5 0.566666 0.000245949
  124 123.5 0.565306 0.000245359
  125 124.5 0.565848 0.000245594
  126 125.5 0.564522 0.000245018
  127 126.5 0.565978 0.00024565
  128 127.5 0.56709 0.000246133
  129 128.5 0.564376 0.000244955
  130 129.5 0.567762 0.000246424
  131 130.5 0.563416 0.000244538
  132 131.5 0.561482 0.000243699
  133 132.5 0.56952 0.000247188
  134 133.5 0.569338 0.000247109
  135 134.5 0.570052 0.000247418
  136 135.5 0.567824 0.000246451
  137 136.5 0.57292 0.000248663
  138 137.5 0.569992 0.000247392
  139 138.5 0.57065 0.000247678
  140 139.5 0.567294 0.000246221
  141 140.5 0.56491 0.000245187
  142 141.5 0.559758 0.000242951
  143 142.5 0.559494 0.000242836
  144 143.5 0.55884 0.000242552
  145 144.5 0.552626 0.000239855
  146 145.5 0.552026 0.000239595
  147 146.5 0.555718 0.000241197
  148 147.5 0.564226 0.00024489
  149 148.5 0.566836 0.000246023
  150 149.5 0.563792 0.000244701
  151 150.5 0.56452 0.000245017
  152 151.5 0.56381 0.000244709
  153 152.5 0.565226 0.000245324
  154 153.5 0.56492 0.000245191
  155 154.5 0.567784 0.000246434
  156 155.5 0.562764 0.000244255
  157 156.5 0.559434 0.00024281
  158 157.5 0.564666 0.000245081
  159 158.5 0.566386 0.000245827
  160 159.5 0.566634 0.000245935
  161 160.5 0.563856 0.000244729
  162 161.5 0.56879 0.000246871
  163 162.5 0.567356 0.000246248
  164 163.5 0.561998 0.000243923
  165 164.5 0.564346 0.000244942
  166 165.5 0.564874 0.000245171
  167 166.5 0.567508 0.000246314
  168 167.5 0.566262 0.000245773
  169 168.5 0.567788 0.000246436
  170 169.5 0.563174 0.000244433
  171 170.5 0.56358 0.000244609
  172 171.5 0.567532 0.000246325
  173 172.5 0.57162 0.000248099
  174 173.5 0.574662 0.000249419
  175 174.5 0.573596 0.000248957
  176 175.5 0.570846 0.000247763
  177 176.5 0.567318 0.000246232
  178 177.5 0.574008 0.000249135
  179 178.5 0.57344 0.000248889
  180 179.5 0.574968 0.000249552
  181 180.5 0.579318 0.00025144
  182 181.5 0.575414 0.000249746
  183 182.5 0.571344 0.000247979
  184 183.5 0.570706 0.000247702
  185 184.5 0.568072 0.000246559
  186 185.5 0.56716 0.000246163
  187 186.5 0.569652 0.000247245
  188 187.5 0.563236 0.00024446
  189 188.5 0.565988 0.000245655
  190 189.5 0.569666 0.000247251
  191 190.5 0.571336 0.000247976
  192 191.5 0.568704 0.000246833
  193 192.5 0.56669 0.000245959
  194 193.5 0.57242 0.000248446
  195 194.5 0.573624 0.000248969
  196 195.5 0.572942 0.000248673
  197 196.5 0.56427 0.000244909
  198 197.5 0.566082 0.000245695
  199 198.5 0.566866 0.000246036
  200 199.5 0.568578 0.000246779
  201 200.5 0.570594 0.000247654
  202 201.5 0.570764 0.000247727
  203 202.5 0.570418 0.000247577
  204 203.5 0.569332 0.000247106
  205 204.5 0.575526 0.000249794
  206 205.5 0.57274 0.000248585
  207 206.5 0.571794 0.000248174
  208 207.5 0.570444 0.000247589
  209 208.5 0.571236 0.000247932
  210 209.5 0.572736 0.000248583
  211 210.5 0.57785 0.000250803
  212 211.5 0.577206 0.000250523
  213 212.5 0.57961 0.000251567
  214 213.5 0.58754 0.000255009
  215 214.5 0.591706 0.000256817
  216 215.5 0.607132 0.000263512
  217 216.5 0.631596 0.00027413
  218 217.5 0.670004 0.0002908
  219 218.5 0.723672 0.000314094
  220 219.5 0.818908 0.000355429
  221 220.5 0.96978 0.000420911
  222 221.5 1.22891 0.000533383
  223 222.5 1.64515 0.000714041
  224 223.5 2.27602 0.000987854
  225 224.5 3.23969 0.00140611
  226 225.5 4.5539 0.00197652
  227 226.5 6.13851 0.00266428
  228 227.5 7.82981 0.00339836
  229 228.5 9.27052 0.00402366
  230 229.5 9.99858 0.00433966
  231 230.5 9.84111 0.00427132
  232 231.5 8.79855 0.00381881
  233 232.5 7.21424 0.00313118
  234 233.5 5.48435 0.00238036
  235 234.5 3.95328 0.00171583
  236 235.5 2.78873 0.00121039
  237 236.5 1.98509 0.000861583
  238 237.5 1.47525 0.000640301
  239 238.5 1.13773 0.000493806
  240 239.5 0.931114 0.000404129
  241 240.5 0.810338 0.000351709
  242 241.5 0.754368 0.000327417
  243 242.5 0.711942 0.000309003
  244 243.5 0.68696 0.00029816
  245 244.5 0.66959 0.000290621
  246 245.5 0.651152 0.000282618
  247 246.5 0.650182 0.000282197
  248 247.5 0.649714 0.000281994
  249 248.5 0.648864 0.000281625
  250 249.5 0.637722 0.000276789
  251 250.5 0.643184 0.00027916
  252 251.5 0.64364 0.000279358
  253 252.5 0.636842 0.000276407
  254 253.5 0.63075 0.000273763
  255 254.5 0.63723 0.000276576
  256 255.5 0.635556 0.000275849
  257 256.5 0.639988 0.000277773
  258 257.5 0.636476 0.000276248
  259 258.5 0.641182 0.000278291
  260 259.5 0.627274 0.000272254
  261 260.5 0.617814 0.000268148
  262 261.5 0.620272 0.000269215
  263 262.5 0.626688 0.000272
  264 263.5 0.624558 0.000271076
  265 264.5 0.62588 0.000271649
  266 265.5 0.618108 0.000268276
  267 266.5 0.622212 0.000270057
  268 267.5 0.631294 0.000273999
  269 268.5 0.626842 0.000272067
  270 269.5 0.626114 0.000271751
  271 270.5 0.630704 0.000273743
  272 271.5 0.635356 0.000275762
  273 272.5 0.634326 0.000275315
  274 273.5 0.636574 0.000276291
  275 274.5 0.63905 0.000277365
  276 275.5 0.63804 0.000276927
  277 276.5 0.626094 0.000271742
  278 277.5 0.619524 0.000268891
  279 278.5 0.620612 0.000269363
  280 279.5 0.622014 0.000269971
  281 280.5 0.634606 0.000275437
  282 281.5 0.647106 0.000280862
  283 282.5 0.653314 0.000283556
  284 283.5 0.653174 0.000283496
  285 284.5 0.661674 0.000287185
  286 285.5 0.654044 0.000283873
  287 286.5 0.656392 0.000284892
  288 287.5 0.648956 0.000281665
  289 288.5 0.655412 0.000284467
  290 289.5 0.656478 0.00028493
  291 290.5 0.662144 0.000287389
  292 291.5 0.654802 0.000284202
  293 292.5 0.645612 0.000280214
  294 293.5 0.633988 0.000275168
  295 294.5 0.622202 0.000270053
  296 295.5 0.619882 0.000269046
  297 296.5 0.610372 0.000264918
  298 297.5 0.606716 0.000263332
  299 298.5 0.601778 0.000261188
  300 299.5 0.599256 0.000260094
  301 300.5 0.610214 0.00026485
  302 301.5 0.620678 0.000269391
  303 302.5 0.61775 0.000268121
  304 303.5 0.620712 0.000269406
  305 304.5 0.627938 0.000272543
  306 305.5 0.626652 0.000271984
  307 306.5 0.620522 0.000269324
  308 307.5 0.615696 0.000267229
  309 308.5 0.613674 0.000266352
  310 309.5 0.624968 0.000271253
  311 310.5 0.621592 0.000269788
  312 311.5 0.613922 0.000266459
  313 312.5 0.597764 0.000259446
  314 313.5 0.593032 0.000257392
  315 314.5 0.582346 0.000252754
  316 315.5 0.579202 0.00025139
  317 316.5 0.589916 0.00025604
  318 317.5 0.59287 0.000257322
  319 318.5 0.589922 0.000256043
  320 319.5 0.600664 0.000260705
  321 320.5 0.615528 0.000267156
  322 321.5 0.619012 0.000268668
  323 322.5 0.607422 0.000263638
  324 323.5 0.611462 0.000265391
  325 324.5 0.615968 0.000267347
  326 325.5 0.611774 0.000265527
  327 326.5 0.610984 0.000265184
  328 327.5 0.613442 0.000266251
  329 328.5 0.615368 0.000267087
  330 329.5 0.61239 0.000265794
  331 330.5 0.61544 0.000267118
  332 331.5 0.610796 0.000265102
  333 332.5 0.613018 0.000266067
  334 333.5 0.610176 0.000264833
  335 334.5 0.6086 0.000264149
  336 335.5 0.602802 0.000261633
  337 336.5 0.61114 0.000265252
  338 337.5 0.618672 0.000268521
  339 338.5 0.621728 0.000269847
  340 339.5 0.61808 0.000268264
  341 340.5 0.621944 0.000269941
  342 341.5 0.626846 0.000272069
  343 342.5 0.621452 0.000269727
  344 343.5 0.621318 0.000269669
  345 344.5 0.620166 0.000269169
  346 345.5 0.62819 0.000272652
  347 346.5 0.635198 0.000275694
  348 347.5 0.629326 0.000273145
  349 348.5 0.632676 0.000274599
  350 349.5 0.644766 0.000279846
  351 350.5 0.65554 0.000284523
  352 351.5 0.65665 0.000285004
  353 352.5 0.654426 0.000284039
  354 353.5 0.654184 0.000283934
  355 354.5 0.651634 0.000282827
  356 355.5 0.644594 0.000279772
  357 356.5 0.632604 0.000274568
  358 357.5 0.627418 0.000272317
  359 358.5 0.627292 0.000272262
  360 359.5 0.632686 0.000274603
  361 360.5 0.622788 0.000270307
  362 361.5 0.62008 0.000269132
  363 362.5 0.615562 0.000267171
  364 363.5 0.617278 0.000267916
  365 364.5 0.618976 0.000268653
  366 365.5 0.631408 0.000274049
  367 366.5 0.621104 0.000269576
  368 367.5 0.617872 0.000268174
  369 368.5 0.614604 0.000266755
  370 369.5 0.60884 0.000264253
  371 370.5 0.605724 0.000262901
  372 371.5 0.609574 0.000264572
  373 372.5 0.611394 0.000265362
  374 373.5 0.618874 0.000268609
  375 374.5 0.61505 0.000266949
  376 375.5 0.616296 0.00026749
  377 376.5 0.618924 0.00026863
  378 377.5 0.621522 0.000269758
  379 378.5 0.630786 0.000273779
  380 379.5 0.646822 0.000280739
  381 380.5 0.675006 0.000292971
  382 381.5 0.728694 0.000316273
  383 382.5 0.824154 0.000357706
  384 383.5 0.98658 0.000428203
  385 384.5 1.25828 0.000546127
  386 385.5 1.735 0.000753038
  387 386.5 2.53595 0.00110067
  388 387.5 3.80511 0.00165152
  389 388.5 5.74848 0.002495
  390 389.5 8.42318 0.00365589
  391 390.5 11.8401 0.00513893
  392 391.5 15.679 0.0068051
  393 392.5 19.5911 0.00850308
  394 393.5 23.1638 0.0100537
  395 394.5 26.1066 0.011331
  396 395.5 28.3723 0.0123144
  397 396.5 29.9042 0.0129793
  398 397.5 30.8653 0.0133964
  399 398.5 31.5776 0.0137056
  400 399.5 31.9901 0.0138846
  401 400.5 32.2164 0.0139828
  402 401.5 32.3471 0.0140395
  403 402.5 32.5677 0.0141353
  404 403.5 32.5908 0.0141453
  405 404.5 32.6139 0.0141553
  406 405.5 32.6692 0.0141793
  407 406.5 32.7397 0.0142099
  408 407.5 32.7411 0.0142106
  409 408.5 32.7207 0.0142017
  410 409.5 32.7915 0.0142324
  411 410.5 32.7919 0.0142326
  412 411.5 32.7524 0.0142154
  413 412.5 32.8057 0.0142386
  414 413.5 32.814 0.0142422
  415 414.5 32.8141 0.0142422
  416 415.5 32.8038 0.0142378
  417 416.5 32.835 0.0142513
  418 417.5 32.8431 0.0142548
  419 418.5 32.789 0.0142314
  420 419.5 32.8005 0.0142363
  421 420.5 32.8043 0.014238
  422 421.5 32.8379 0.0142526
  423 422.5 32.7739 0.0142248
  424 423.5 32.797 0.0142348
  425 424.5 32.8451 0.0142557
  426 425.5 32.8176 0.0142438
  427 426.5 32.7623 0.0142198
  428 427.5 32.8368 0.0142521
  429 428.5 32.8485 0.0142572
  430 429.5 32.7817 0.0142282
  431 430.5 32.8166 0.0142433
  432 431.5 32.8375 0.0142524
  433 432.5 32.8179 0.0142439
  434 433.5 32.79 0.0142317
  435 434.5 32.826 0.0142474
  436 435.5 32.8678 0.0142655
  437 436.5 32.785 0.0142296
  438 437.5 32.7962 0.0142345
  439 438.5 32.8389 0.014253
  440 439.5 32.8205 0.014245
  441 440.5 32.7455 0.0142125
  442 441.5 32.811 0.0142409
  443 442.5 32.819 0.0142444
  444 443.5 32.7962 0.0142345
  445 444.5 32.7638 0.0142204
  446 445.5 32.843 0.0142548
  447 446.5 32.7944 0.0142337
  448 447.5 32.7854 0.0142298
  449 448.5 32.8044 0.014238
  450 449.5 32.8141 0.0142422
  451 450.5 32.8049 0.0142382
  452 451.5 32.8177 0.0142438
  453 452.5 32.8088 0.0142399
  454 453.5 32.8159 0.014243
  455 454.5 32.8461 0.0142561
  456 455.5 32.8271 0.0142479
  457 456.5 32.7998 0.014236
  458 457.5 32.8404 0.0142536
  459 458.5 32.8368 0.0142521
  460 459.5 32.8064 0.0142389
  461 460.5 32.8006 0.0142364
  462 461.5 32.787 0.0142305
  463 462.5 32.8305 0.0142493
  464 463.5 32.8144 0.0142424
  465 464.5 32.7922 0.0142327
  466 465.5 32.8286 0.0142485
  467 466.5 32.8425 0.0142545
  468 467.5 32.8258 0.0142473
  469 468.5 32.8263 0.0142475
  470 469.5 32.8447 0.0142555
  471 470.5 32.8465 0.0142563
  472 471.5 32.8563 0.0142606
  473 472.5 32.8695 0.0142663
  474 473.5 32.8541 0.0142596
  475 474.5 32.8566 0.0142607
  476 475.5 32.8832 0.0142722
  477 476.5 32.8971 0.0142783
  478 477.5 32.8477 0.0142568
  479 478.5 32.8741 0.0142683
  480 479.5 32.8999 0.0142795
50000000 480 5488.0000000000055
  1 0.5 32.7644 0.0142206
  2 1.5 32.8258 0.0142473
  3 2.5 32.7918 0.0142326
  4 3.5 32.7834 0.0142289
  5 4.5 32.8204 0.014245
  6 5.5 32.8003 0.0142362
  7 6.5 32.8109 0.0142408
  8 7.5 32.8068 0.014239
  9 8.5 32.8025 0.0142372
  10 9.5 32.8089 0.01424
  11 10.5 32.7966 0.0142347
  12 11.5 32.8427 0.0142547
  13 12.5 32.8182 0.014244
  14 13.5 32.7856 0.0142298
  15 14.5 32.8602 0.0142623
  16 15.5 32.8516 0.0142585
  17 16.5 32.8012 0.0142366
  18 17.5 32.8186 0.0142442
  19 18.5 32.8556 0.0142602
  20 19.5 32.7932 0.0142332
  21 20.5 32.8071 0.0142392
  22 21.5 32.8395 0.0142533
  23 22.5 32.8151 0.0142427
  24 23.5 32.8203 0.0142449
  25 24.5 32.8838 0.0142725
  26 25.5 32.8671 0.0142652
  27 26.5 32.8888 0.0142747
  28 27.5 32.8776 0.0142698
  29 28.5 32.863 0.0142635
  30 29.5 32.9133 0.0142853
  31 30.5 32.8899 0.0142751
  32 31.5 32.8978 0.0142785
  33 32.5 32.8799 0.0142708
  34 33.5 32.8851 0.0142731
  35 34.5 32.9375 0.0142958
  36 35.5 32.9098 0.0142838
  37 36.5 32.8917 0.0142759
  38 37.5 32.8877 0.0142742
  39 38.5 32.9128 0.0142851
  40 39.5 32.8918 0.014276
  41 40.5 32.8646 0.0142642
  42 41.5 32.8722 0.0142674
  43 42.5 32.8586 0.0142615
  44 43.5 32.8477 0.0142568
  45 44.5 32.8573 0.014261
  46 45.5 32.8484 0.0142571
  47 46.5 32.8476 0.0142568
  48 47.5 32.8417 0.0142542
  49 48.5 32.8247 0.0142468
  50 49.5 32.8334 0.0142506
  51 50.5 32.8152 0.0142427
  52 51.5 32.802 0.014237
  53 52.5 32.7829 0.0142287
  54 53.5 32.741 0.0142105
  55 54.5 32.7378 0.0142091
  56 55.5 32.6718 0.0141805
  57 56.5 32.6369 0.0141653
  58 57.5 32.5407 0.0141236
  59 58.5 32.4403 0.01408
  60 59.5 32.3188 0.0140272
  61 60.5 32.0552 0.0139128
  62 61.5 31.813 0.0138077
  63 62.5 31.4134 0.0136343
  64 63.5 30.816 0.013375
  65 64.5 29.9791 0.0130118
  66 65.5 28.8997 0.0125433
  67 66.5 27.4218 0.0119018
  68 67.5 25.3482 0.0110018
  69 68.5 22.8082 0.00989939
  70 69.5 19.8282 0.008606
  71 70.5 16.448 0.0071389
  72 71.5 13.0244 0.00565296
  73 72.5 9.83907 0.00427043
  74 73.5 7.12854 0.00309399
  75 74.5 4.9681 0.00215629
  76 75.5 3.41063 0.00148031
  77 76.5 2.34061 0.00101589
  78 77.5 1.63871 0.000711244
  79 78.5 1.20876 0.000524635
  80 79.5 0.953254 0.000413739
  81 80.5 0.79678 0.000345825
  82 81.5 0.709954 0.00030814
  83 82.5 0.655514 0.000284511
  84 83.5 0.619206 0.000268753
  85 84.5 0.60067 0.000260707
  86 85.5 0.583828 0.000253398
  87 86.5 0.573978 0.000249122
  88 87.5 0.56536 0.000245382
  89 88.5 0.56259 0.00024418
  90 89.5 0.555158 0.000240954
  91 90.5 0.561456 0.000243688
  92 91.5 0.56066 0.000243342
  93 92.5 0.558714 0.000242497
  94 93.5 0.557936 0.00024216
  95 94.5 0.55979 0.000242964
  96 95.5 0.564784 0.000245132
  97 96.5 0.558426 0.000242372
  98 97.5 0.556878 0.000241701
  99 98.5 0.555798 0.000241232
  100 99.5 0.557806 0.000242103
  101 100.5 0.56519 0.000245308
  102 101.5 0.563158 0.000244426
  103 102.5 0.56252 0.000244149
  104 103.5 0.562256 0.000244035
  105 104.5 0.564414 0.000244971
  106 105.5 0.5636 0.000244618
  107 106.5 0.56187 0.000243867
  108 107.5 0.562656 0.000244208
  109 108.5 0.558432 0.000242375
  110 109.5 0.559402 0.000242796
  111 110.5 0.563756 0.000244686
  112 111.5 0.559656 0.000242906
  113 112.5 0.567802 0.000246442
  114 113.5 0.564724 0.000245106
  115 114.5 0.569224 0.000247059
  116 115.5 0.567186 0.000246174
  117 116.5 0.56501 0.00024523
  118 117.5 0.564242 0.000244897
  119 118.5 0.565194 0.00024531
  120 119.5 0.561118 0.000243541
  121 120.5 0.566458 0.000245859
  122 121.5 0.566258 0.000245772
  123 122.5 0.567778 0.000246431
  124 123.5 0.57025 0.000247504
  125 124.5 0.566866 0.000246036
  126 125.5 0.56454 0.000245026
  127 126.5 0.57089 0.000247782
  128 127.5 0.56995 0.000247374
  129 128.5 0.566578 0.000245911
  130 129.5 0.565488 0.000245437
  131 130.5 0.566632 0.000245934
  132 131.5 0.560794 0.0002434
  133 132.5 0.555886 0.00024127
  134 133.5 0.558886 0.000242572
  135 134.5 0.5615 0.000243707
  136 135.5 0.562166 0.000243996
  137 136.5 0.56228 0.000244045
  138 137.5 0.559652 0.000242905
  139 138.5 0.563076 0.000244391
  140 139.5 0.562354 0.000244077
  141 140.5 0.56366 0.000244644
  142 141.5 0.554258 0.000240563
  143 142.5 0.560912 0.000243451
  144 143.5 0.56655 0.000245898
  145 144.5 0.56071 0.000243364
  146 145.5 0.557168 0.000241826
  147 146.5 0.557256 0.000241865
  148 147.5 0.559804 0.00024297
  149 148.5 0.563148 0.000244422
  150 149.5 0.559594 0.000242879
  151 150.5 0.563706 0.000244664
  152 151.5 0.565546 0.000245463
  153 152.5 0.568854 0.000246898
  154 153.5 0.567028 0.000246106
  155 154.5 0.56746 0.000246293
  156 155.5 0.56292 0.000244323
  157 156.5 0.567374 0.000246256
  158 157.5 0.566156 0.000245727
  159 158.5 0.56088 0.000243438
  160 159.5 0.565122 0.000245279
  161 160.5 0.557828 0.000242113
  162 161.5 0.558544 0.000242424
  163 162.5 0.560074 0.000243088
  164 163.5 0.560212 0.000243148
  165 164.5 0.56436 0.000244948
  166 165.5 0.563888 0.000244743
  167 166.5 0.564974 0.000245214
  168 167.5 0.559842 0.000242987
  169 168.5 0.564318 0.00024493
  170 169.5 0.56788 0.000246476
  171 170.5 0.564692 0.000245092
  172 171.5 0.567774 0.00024643
  173 172.5 0.56432 0.000244931
  174 173.5 0.561648 0.000243771
  175 174.5 0.562962 0.000244341
  176 175.5 0.566236 0.000245762
  177 176.5 0.560914 0.000243452
  178 177.5 0.558326 0.000242329
  179 178.5 0.56385 0.000244727
  180 179.5 0.556822 0.000241676
  181 180.5 0.558218 0.000242282
  182 181.5 0.561444 0.000243682
  183 182.5 0.558862 0.000242562
  184 183.5 0.558084 0.000242224
  185 184.5 0.558736 0.000242507
  186 185.5 0.555162 0.000240956
  187 186.5 0.556674 0.000241612
  188 187.5 0.551066 0.000239178
  189 188.5 0.55195 0.000239562
  190 189.5 0.554868 0.000240828
  191 190.5 0.553976 0.000240441
  192 191.5 0.55289 0.00023997
  193 192.5 0.557208 0.000241844
  194 193.5 0.55571 0.000241194
  195 194.5 0.562396 0.000244095
  196 195.5 0.566708 0.000245967
  197 196.5 0.56098 0.000243481
  198 197.5 0.562122 0.000243977
  199 198.5 0.564314 0.000244928
  200 199.5 0.55775 0.000242079
  201 200.5 0.560782 0.000243395
  202 201.5 0.561704 0.000243795
  203 202.5 0.565242 0.000245331
  204 203.5 0.560736 0.000243375
  205 204.5 0.56532 0.000245365
  206 205.5 0.564094 0.000244832
  207 206.5 0.563106 0.000244404
  208 207.5 0.566424 0.000245844
  209 208.5 0.561076 0.000243523
  210 209.5 0.566048 0.000245681
  211 210.5 0.569862 0.000247336
  212 211.5 0.57527 0.000249683
  213 212.5 0.577798 0.00025078
  214 213.5 0.586834 0.000254702
  215 214.5 0.600492 0.00026063
  216 215.5 0.615068 0.000266957
  217 216.5 0.643398 0.000279253
  218 217.5 0.690598 0.000299739
  219 218.5 0.762434 0.000330918
  220 219.5 0.879796 0.000381856
  221 220.5 1.06743 0.000463295
  222 221.5 1.38479 0.000601039
  223 222.5 1.90578 0.000827163
  224 223.5 2.69762 0.00117084
  225 224.5 3.82808 0.00166149
  226 225.5 5.28534 0.00229399
  227 226.5 6.93936 0.00301188
  228 227.5 8.52673 0.00370084
  229 228.5 9.55891 0.00414883
  230 229.5 9.76525 0.00423839
  231 230.5 9.0437 0.00392522
  232 231.5 7.66048 0.00332486
  233 232.5 5.95946 0.00258657
  234 233.5 4.35523 0.00189029
  235 234.5 3.07351 0.00133399
  236 235.5 2.16836 0.00094113
  237 236.5 1.5606 0.000677343
  238 237.5 1.18378 0.000513795
  239 238.5 0.957186 0.000415445
  240 239.5 0.826098 0.000358549
  241 240.5 0.746852 0.000324155
  242 241.5 0.690996 0.000299911
  243 242.5 0.642166 0.000278718
  244 243.5 0.626094 0.000271742
  245 244.5 0.61113 0.000265247
  246 245.5 0.596186 0.000258761
  247 246.5 0.590688 0.000256375
  248 247.5 0.572368 0.000248424
  249 248.5 0.568898 0.000246918
  250 249.5 0.555302 0.000241016
  251 250.5 0.55008 0.00023875
  252 251.5 0.549718 0.000238593
  253 252.5 0.557324 0.000241894
  254 253.5 0.54016 0.000234444
  255 254.5 0.533808 0.000231687
  256 255.5 0.544722 0.000236424
  257 256.5 0.54851 0.000238069
  258 257.5 0.551678 0.000239444
  259 258.5 0.562402 0.000244098
  260 259.5 0.57375 0.000249023
  261 260.5 0.57421 0.000249223
  262 261.5 0.579946 0.000251713
  263 262.5 0.581318 0.000252308
  264 263.5 0.58059 0.000251992
  265 264.5 0.57124 0.000247934
  266 265.5 0.581024 0.000252181
  267 266.5 0.58636 0.000254497
  268 267.5 0.596858 0.000259053
  269 268.5 0.59341 0.000257556
  270 269.5 0.595224 0.000258344
  271 270.5 0.583884 0.000253422
  272 271.5 0.58834 0.000255356
  273 272.5 0.597522 0.000259341
  274 273.5 0.59834 0.000259696
  275 274.5 0.588726 0.000255523
  276 275.5 0.59186 0.000256884
  277 276.5 0.601888 0.000261236
  278 277.5 0.603574 0.000261968
  279 278.5 0.603356 0.000261873
  280 279.5 0.607746 0.000263779
  281 280.5 0.613434 0.000266247
  282 281.5 0.621304 0.000269663
  283 282.5 0.621724 0.000269845
  284 283.5 0.613124 0.000266113
  285 284.5 0.618838 0.000268593
  286 285.5 0.625664 0.000271556
  287 286.5 0.62576 0.000271597
  288 287.5 0.635368 0.000275767
  289 288.5 0.632534 0.000274537
  290 289.5 0.626596 0.00027196
  291 290.5 0.61429 0.000266619
  292 291.5 0.613784 0.000266399
  293 292.5 0.61443 0.00026668
  294 293.5 0.604326 0.000262294
  295 294.5 0.595194 0.000258331
  296 295.5 0.587096 0.000254816
  297 296.5 0.592326 0.000257086
  298 297.5 0.596678 0.000258975
  299 298.5 0.600388 0.000260585
  300 299.5 0.606168 0.000263094
  301 300.5 0.62384 0.000270764
  302 301.5 0.622212 0.000270057
  303 302.5 0.618756 0.000268557
  304 303.5 0.631444 0.000274064
  305 304.5 0.63986 0.000277717
  306 305.5 0.6387 0.000277214
  307 306.5 0.642108 0.000278693
  308 307.5 0.637422 0.000276659
  309 308.5 0.64062 0.000278047
  310 309.5 0.634964 0.000275592
  311 310.5 0.632492 0.000274519
  312 311.5 0.63416 0.000275243
  313 312.5 0.62342 0.000270582
  314 313.5 0.609694 0.000264624
  315 314.5 0.60603 0.000263034
  316 315.5 0.607366 0.000263614
  317 316.5 0.602418 0.000261466
  318 317.5 0.599686 0.00026028
  319 318.5 0.599446 0.000260176
  320 319.5 0.601856 0.000261222
  321 320.5 0.601092 0.000260891
  322 321.5 0.602398 0.000261457
  323 322.5 0.611914 0.000265588
  324 323.5 0.612764 0.000265957
  325 324.5 0.607622 0.000263725
  326 325.5 0.602904 0.000261677
  327 326.5 0.615416 0.000267108
  328 327.5 0.61976 0.000268993
  329 328.5 0.620424 0.000269281
  330 329.5 0.61667 0.000267652
  331 330.5 0.607468 0.000263658
  332 331.5 0.601556 0.000261092
  333 332.5 0.599164 0.000260054
  334 333.5 0.590316 0.000256214
  335 334.5 0.583892 0.000253425
  336 335.5 0.579164 0.000251373
  337 336.5 0.57102 0.000247839
  338 337.5 0.58135 0.000252322
  339 338.5 0.584906 0.000253865
  340 339.5 0.593282 0.000257501
  341 340.5 0.595436 0.000258436
  342 341.5 0.601006 0.000260853
  343 342.5 0.609766 0.000264655
  344 343.5 0.609406 0.000264499
  345 344.5 0.61113 0.000265247
  346 345.5 0.59779 0.000259457
  347 346.5 0.602622 0.000261555
  348 347.5 0.598786 0.00025989
  349 348.5 0.587878 0.000255155
  350 349.5 0.58342 0.00025322
  351 350.5 0.584434 0.000253661
  352 351.5 0.5884 0.000255382
  353 352.5 0.58444 0.000253663
  354 353.5 0.5788 0.000251215
  355 354.5 0.581124 0.000252224
  356 355.5 0.587836 0.000255137
  357 356.5 0.588428 0.000255394
  358 357.5 0.582374 0.000252766
  359 358.5 0.591192 0.000256594
  360 359.5 0.578234 0.00025097
  361 360.5 0.57234 0.000248411
  362 361.5 0.569966 0.000247381
  363 362.5 0.565816 0.00024558
  364 363.5 0.566692 0.00024596
  365 364.5 0.567086 0.000246131
  366 365.5 0.573432 0.000248885
  367 366.5 0.577358 0.000250589
  368 367.5 0.584936 0.000253878
  369 368.5 0.588102 0.000255253
  370 369.5 0.588034 0.000255223
  371 370.5 0.592742 0.000257266
  372 371.5 0.586814 0.000254694
  373 372.5 0.58219 0.000252687
  374 373.5 0.581912 0.000252566
  375 374.5 0.58733 0.000254918
  376 375.5 0.583968 0.000253458
  377 376.5 0.588092 0.000255248
  378 377.5 0.600466 0.000260619
  379 378.5 0.620296 0.000269226
  380 379.5 0.661574 0.000287141
  381 380.5 0.724218 0.000314331
  382 381.5 0.805954 0.000349806
  383 382.5 0.945708 0.000410464
  384 383.5 1.17626 0.000510529
  385 384.5 1.57701 0.000684464
  386 385.5 2.26788 0.000984324
  387 386.5 3.39395 0.00147307
  388 387.5 5.13075 0.00222689
  389 388.5 7.65778 0.00332369
  390 389.5 10.9703 0.00476143
  391 390.5 14.8437 0.00644256
  392 391.5 18.8507 0.00818171
  393 392.5 22.6234 0.0098192
  394 393.5 25.7631 0.0111819
  395 394.5 28.1473 0.0122167
  396 395.5 29.7549 0.0129145
  397 396.5 30.8367 0.013384
  398 397.5 31.5695 0.0137021
  399 398.5 32.0228 0.0138988
  400 399.5 32.2684 0.0140054
  401 400.5 32.4446 0.0140819
  402 401.5 32.5638 0.0141336
  403 402.5 32.6319 0.0141631
  404 403.5 32.6856 0.0141865
  405 404.5 32.7153 0.0141993
  406 405.5 32.7769 0.0142261
  407 406.5 32.7477 0.0142134
  408 407.5 32.8223 0.0142458
  409 408.5 32.8199 0.0142447
  410 409.5 32.8332 0.0142505
  411 410.5 32.804 0.0142379
  412 411.5 32.8675 0.0142654
  413 412.5 32.8398 0.0142534
  414 413.5 32.8358 0.0142516
  415 414.5 32.8364 0.0142519
  416 415.5 32.8481 0.014257
  417 416.5 32.8545 0.0142598
  418 417.5 32.8421 0.0142544
  419 418.5 32.8234 0.0142462
  420 419.5 32.8196 0.0142446
  421 420.5 32.8566 0.0142607
  422 421.5 32.7957 0.0142343
  423 422.5 32.7925 0.0142329
  424 423.5 32.8423 0.0142545
  425 424.5 32.8371 0.0142522
  426 425.5 32.8101 0.0142405
  427 426.5 32.8394 0.0142532
  428 427.5 32.8639 0.0142638
  429 428.5 32.824 0.0142465
  430 429.5 32.8116 0.0142411
  431 430.5 32.8746 0.0142685
  432 431.5 32.8179 0.0142439
  433 432.5 32.7839 0.0142291
  434 433.5 32.8408 0.0142538
  435 434.5 32.8128 0.0142417
  436 435.5 32.8216 0.0142455
  437 436.5 32.8155 0.0142428
  438 437.5 32.8325 0.0142502
  439 438.5 32.8254 0.0142471
  440 439.5 32.807 0.0142392
  441 440.5 32.8092 0.0142401
  442 441.5 32.8081 0.0142396
  443 442.5 32.8241 0.0142466
  444 443.5 32.826 0.0142474
  445 444.5 32.8076 0.0142394
  446 445.5 32.8102 0.0142405
  447 446.5 32.8254 0.0142471
  448 447.5 32.8025 0.0142372
  449 448.5 32.8244 0.0142467
  450 449.5 32.847 0.0142565
  451 450.5 32.832 0.01425
  452 451.5 32.79 0.0142318
  453 452.5 32.8157 0.0142429
  454 453.5 32.855 0.01426
  455 454.5 32.8209 0.0142452
  456 455.5 32.8117 0.0142412
  457 456.5 32.8275 0.0142481
  458 457.5 32.8249 0.0142469
  459 458.5 32.8486 0.0142572
  460 459.5 32.8146 0.0142425
  461 460.5 32.8201 0.0142448
  462 461.5 32.8331 0.0142505
  463 462.5 32.8682 0.0142657
  464 463.5 32.7991 0.0142357
  465 464.5 32.8389 0.014253
  466 465.5 32.8177 0.0142438
  467 466.5 32.8158 0.014243
  468 467.5 32.8034 0.0142376
  469 468.5 32.8279 0.0142482
  470 469.5 32.8269 0.0142478
  471 470.5 32.8376 0.0142525
  472 471.5 32.8516 0.0142585
  473 472.5 32.8297 0.014249
  474 473.5 32.7831 0.0142288
  475 474.5 32.8622 0.0142631
  476 475.5 32.8478 0.0142568
  477 476.5 32.7404 0.0142103
  478 477.5 32.8374 0.0142524
  479 478.5 32.8313 0.0142497
  480 479.5 32.7961 0.0142344
