# Chunk-averaged data for fix tensor3 and group c2
# Timestep Number-of-chunks Total-count
# Chunk Coord1 Ncount density/number
20000000 480 5999.999999999997
  1 0.5 0.684274 0.000296994
  2 1.5 0.6839 0.000296832
  3 2.5 0.687048 0.000298198
  4 3.5 0.687772 0.000298512
  5 4.5 0.682706 0.000296313
  6 5.5 0.684786 0.000297216
  7 6.5 0.68091 0.000295534
  8 7.5 0.664082 0.00028823
  9 8.5 0.66953 0.000290595
  10 9.5 0.67202 0.000291675
  11 10.5 0.67408 0.000292569
  12 11.5 0.674592 0.000292792
  13 12.5 0.675072 0.000293
  14 13.5 0.676928 0.000293806
  15 14.5 0.687418 0.000298359
  16 15.5 0.697498 0.000302734
  17 16.5 0.692068 0.000300377
  18 17.5 0.682768 0.00029634
  19 18.5 0.687234 0.000298279
  20 19.5 0.67843 0.000294457
  21 20.5 0.672776 0.000292003
  22 21.5 0.668 0.000289931
  23 22.5 0.667302 0.000289628
  24 23.5 0.678102 0.000294315
  25 24.5 0.682566 0.000296253
  26 25.5 0.680048 0.00029516
  27 26.5 0.689572 0.000299293
  28 27.5 0.690744 0.000299802
  29 28.5 0.694646 0.000301496
  30 29.5 0.697766 0.00030285
  31 30.5 0.696308 0.000302217
  32 31.5 0.698402 0.000303126
  33 32.5 0.706376 0.000306587
  34 33.5 0.711402 0.000308768
  35 34.5 0.715956 0.000310745
  36 35.5 0.719988 0.000312495
  37 36.5 0.716916 0.000311161
  38 37.5 0.723354 0.000313956
  39 38.5 0.728898 0.000316362
  40 39.5 0.72323 0.000313902
  41 40.5 0.7244 0.00031441
  42 41.5 0.720968 0.00031292
  43 42.5 0.724 0.000314236
  44 43.5 0.731772 0.000317609
  45 44.5 0.734128 0.000318632
  46 45.5 0.734448 0.000318771
  47 46.5 0.734604 0.000318839
  48 47.5 0.728248 0.00031608
  49 48.5 0.734898 0.000318966
  50 49.5 0.735912 0.000319406
  51 50.5 0.74601 0.000323789
  52 51.5 0.76808 0.000333368
  53 52.5 0.771834 0.000334997
  54 53.5 0.772066 0.000335098
  55 54.5 0.780682 0.000338838
  56 55.5 0.784508 0.000340498
  57 56.5 0.789034 0.000342463
  58 57.5 0.77988 0.00033849
  59 58.5 0.783238 0.000339947
  60 59.5 0.792202 0.000343838
  61 60.5 0.810034 0.000351577
  62 61.5 0.835732 0.000362731
  63 62.5 0.850406 0.0003691
  64 63.5 0.882986 0.00038324
  65 64.5 0.914674 0.000396994
  66 65.5 0.96511 0.000418885
  67 66.5 1.02034 0.000442857
  68 67.5 1.05814 0.000459262
  69 68.5 1.09619 0.000475775
  70 69.5 1.1123 0.000482769
  71 70.5 1.11498 0.000483933
  72 71.5 1.07195 0.000465257
  73 72.5 0.98623 0.000428051
  74 73.5 0.845568 0.000367
  75 74.5 0.699756 0.000303714
  76 75.5 0.559424 0.000242806
  77 76.5 0.426714 0.000185206
  78 77.5 0.32306 0.000140217
  79 78.5 0.245534 0.000106569
  80 79.5 0.189144 8.20937e-05
  81 80.5 0.154652 6.71233e-05
  82 81.5 0.132898 5.76814e-05
  83 82.5 0.119082 5.16849e-05
  84 83.5 0.110656 4.80278e-05
  85 84.5 0.103128 4.47604e-05
  86 85.5 0.098528 4.27639e-05
  87 86.5 0.094826 4.11571e-05
  88 87.5 0.093228 4.04635e-05
  89 88.5 0.091474 3.97023e-05
  90 89.5 0.091538 3.973e-05
  91 90.5 0.089764 3.89601e-05
  92 91.5 0.090394 3.92335e-05
  93 92.5 0.089304 3.87604e-05
  94 93.5 0.08953 3.88585e-05
  95 94.5 0.08957 3.88759e-05
  96 95.5 0.091196 3.95816e-05
  97 96.5 0.092532 4.01615e-05
  98 97.5 0.093318 4.05026e-05
  99 98.5 0.09184 3.98611e-05
  100 99.5 0.091748 3.98212e-05
  101 100.5 0.088426 3.83793e-05
  102 101.5 0.088278 3.83151e-05
  103 102.5 0.090204 3.9151e-05
  104 103.5 0.089332 3.87726e-05
  105 104.5 0.087898 3.81502e-05
  106 105.5 0.088096 3.82361e-05
  107 106.5 0.088008 3.81979e-05
  108 107.5 0.090742 3.93845e-05
  109 108.5 0.089108 3.86753e-05
  110 109.5 0.08931 3.8763e-05
  111 110.5 0.08933 3.87717e-05
  112 111.5 0.089162 3.86988e-05
  113 112.5 0.088654 3.84783e-05
  114 113.5 0.089176 3.87049e-05
  115 114.5 0.088188 3.8276e-05
  116 115.5 0.088694 3.84957e-05
  117 116.5 0.089968 3.90486e-05
  118 117.5 0.088618 3.84627e-05
  119 118.5 0.089942 3.90373e-05
  120 119.5 0.088998 3.86276e-05
  121 120.5 0.08992 3.90278e-05
  122 121.5 0.09028 3.9184e-05
  123 122.5 0.089236 3.87309e-05
  124 123.5 0.090066 3.90911e-05
  125 124.5 0.08851 3.84158e-05
  126 125.5 0.087062 3.77873e-05
  127 126.5 0.086422 3.75095e-05
  128 127.5 0.08911 3.86762e-05
  129 128.5 0.08917 3.87023e-05
  130 129.5 0.090528 3.92917e-05
  131 130.5 0.088916 3.8592e-05
  132 131.5 0.090328 3.92049e-05
  133 132.5 0.089562 3.88724e-05
  134 133.5 0.0897 3.89323e-05
  135 134.5 0.08901 3.86328e-05
  136 135.5 0.089084 3.86649e-05
  137 136.5 0.090002 3.90634e-05
  138 137.5 0.09124 3.96007e-05
  139 138.5 0.08983 3.89887e-05
  140 139.5 0.092252 4.00399e-05
  141 140.5 0.092308 4.00642e-05
  142 141.5 0.090758 3.93915e-05
  143 142.5 0.089864 3.90035e-05
  144 143.5 0.091662 3.97839e-05
  145 144.5 0.09271 4.02387e-05
  146 145.5 0.09161 3.97613e-05
  147 146.5 0.091298 3.96259e-05
  148 147.5 0.09088 3.94444e-05
  149 148.5 0.093948 4.0776e-05
  150 149.5 0.094824 4.11563e-05
  151 150.5 0.09479 4.11415e-05
  152 151.5 0.093252 4.0474e-05
  153 152.5 0.093936 4.07708e-05
  154 153.5 0.094202 4.08863e-05
  155 154.5 0.09293 4.03342e-05
  156 155.5 0.091342 3.9645e-05
  157 156.5 0.089336 3.87743e-05
  158 157.5 0.090614 3.9329e-05
  159 158.5 0.089778 3.89661e-05
  160 159.5 0.090206 3.91519e-05
  161 160.5 0.09246 4.01302e-05
  162 161.5 0.091188 3.95781e-05
  163 162.5 0.092456 4.01285e-05
  164 163.5 0.092608 4.01944e-05
  165 164.5 0.091216 3.95903e-05
  166 165.5 0.092608 4.01944e-05
  167 166.5 0.090622 3.93325e-05
  168 167.5 0.089808 3.89792e-05
  169 168.5 0.09202 3.99392e-05
  170 169.5 0.089378 3.87925e-05
  171 170.5 0.090742 3.93845e-05
  172 171.5 0.091482 3.97057e-05
  173 172.5 0.089006 3.86311e-05
  174 173.5 0.08955 3.88672e-05
  175 174.5 0.09075 3.9388e-05
  176 175.5 0.089116 3.86788e-05
  177 176.5 0.089772 3.89635e-05
  178 177.5 0.089142 3.86901e-05
  179 178.5 0.08909 3.86675e-05
  180 179.5 0.092578 4.01814e-05
  181 180.5 0.092416 4.01111e-05
  182 181.5 0.089122 3.86814e-05
  183 182.5 0.089156 3.86962e-05
  184 183.5 0.089778 3.89661e-05
  185 184.5 0.090572 3.93108e-05
  186 185.5 0.08898 3.86198e-05
  187 186.5 0.089578 3.88793e-05
  188 187.5 0.09119 3.9579e-05
  189 188.5 0.090216 3.91562e-05
  190 189.5 0.092118 3.99818e-05
  191 190.5 0.090654 3.93464e-05
  192 191.5 0.090136 3.91215e-05
  193 192.5 0.091308 3.96302e-05
  194 193.5 0.090584 3.9316e-05
  195 194.5 0.089136 3.86875e-05
  196 195.5 0.0917 3.98003e-05
  197 196.5 0.091466 3.96988e-05
  198 197.5 0.091784 3.98368e-05
  199 198.5 0.092418 4.0112e-05
  200 199.5 0.092182 4.00095e-05
  201 200.5 0.09154 3.97309e-05
  202 201.5 0.09116 3.9566e-05
  203 202.5 0.092992 4.03611e-05
  204 203.5 0.093658 4.06502e-05
  205 204.5 0.093358 4.052e-05
  206 205.5 0.093878 4.07457e-05
  207 206.5 0.09478 4.11372e-05
  208 207.5 0.092014 3.99366e-05
  209 208.5 0.090564 3.93073e-05
  210 209.5 0.089776 3.89653e-05
  211 210.5 0.08881 3.8546e-05
  212 211.5 0.090138 3.91224e-05
  213 212.5 0.092764 4.02622e-05
  214 213.5 0.095338 4.13793e-05
  215 214.5 0.094578 4.10495e-05
  216 215.5 0.09595 4.1645e-05
  217 216.5 0.09673 4.19835e-05
  218 217.5 0.099938 4.33759e-05
  219 218.5 0.10644 4.61979e-05
  220 219.5 0.115956 5.03281e-05
  221 220.5 0.129948 5.6401e-05
  222 221.5 0.155856 6.76458e-05
  223 222.5 0.194944 8.46111e-05
  224 223.5 0.272252 0.000118165
  225 224.5 0.414244 0.000179793
  226 225.5 0.676938 0.00029381
  227 226.5 1.17026 0.000507925
  228 227.5 2.0664 0.000896875
  229 228.5 3.56107 0.0015456
  230 229.5 5.91622 0.00256781
  231 230.5 9.23672 0.00400899
  232 231.5 13.3895 0.00581142
  233 232.5 17.9589 0.00779464
  234 233.5 22.4699 0.00975255
  235 234.5 26.4092 0.0114623
  236 235.5 29.5459 0.0128238
  237 236.5 31.8633 0.0138295
  238 237.5 33.5133 0.0145457
  239 238.5 34.5727 0.0150055
  240 239.5 35.32 0.0153299
  241 240.5 35.844 0.0155573
  242 241.5 36.1422 0.0156867
  243 242.5 36.3191 0.0157635
  244 243.5 36.5455 0.0158618
  245 244.5 36.6382 0.015902
  246 245.5 36.688 0.0159236
  247 246.5 36.7584 0.0159542
  248 247.5 36.852 0.0159948
  249 248.5 36.8211 0.0159814
  250 249.5 36.8027 0.0159734
  251 250.5 36.897 0.0160143
  252 251.5 36.8908 0.0160117
  253 252.5 36.8265 0.0159837
  254 253.5 36.9074 0.0160188
  255 254.5 36.901 0.016016
  256 255.5 36.835 0.0159874
  257 256.5 36.8947 0.0160133
  258 257.5 36.9315 0.0160293
  259 258.5 36.8969 0.0160143
  260 259.5 36.8725 0.0160037
  261 260.5 36.9388 0.0160325
  262 261.5 36.8887 0.0160107
  263 262.5 36.9047 0.0160177
  264 263.5 36.9707 0.0160463
  265 264.5 36.9395 0.0160328
  266 265.5 36.9182 0.0160235
  267 266.5 36.9549 0.0160394
  268 267.5 36.9347 0.0160307
  269 268.5 36.9194 0.016024
  270 269.5 36.9089 0.0160195
  271 270.5 36.8891 0.0160109
  272 271.5 36.9382 0.0160322
  273 272.5 36.9102 0.0160201
  274 273.5 36.8671 0.0160013
  275 274.5 36.9231 0.0160256
  276 275.5 36.9538 0.016039
  277 276.5 36.9149 0.0160221
  278 277.5 36.9123 0.016021
  279 278.5 36.9779 0.0160494
  280 279.5 36.9384 0.0160323
  281 280.5 36.9513 0.0160379
  282 281.5 36.9276 0.0160276
  283 282.5 37.0036 0.0160606
  284 283.5 36.9017 0.0160164
  285 284.5 36.9516 0.016038
  286 285.5 36.9132 0.0160214
  287 286.5 36.952 0.0160382
  288 287.5 36.8816 0.0160076
  289 288.5 36.9605 0.0160419
  290 289.5 36.9251 0.0160265
  291 290.5 36.8921 0.0160122
  292 291.5 36.9274 0.0160275
  293 292.5 36.9679 0.0160451
  294 293.5 36.8721 0.0160035
  295 294.5 36.9119 0.0160208
  296 295.5 36.9139 0.0160216
  297 296.5 36.8981 0.0160148
  298 297.5 36.8864 0.0160097
  299 298.5 36.8789 0.0160065
  300 299.5 36.8707 0.0160029
  301 300.5 36.9052 0.0160179
  302 301.5 36.837 0.0159883
  303 302.5 36.8446 0.0159916
  304 303.5 36.8859 0.0160095
  305 304.5 36.8532 0.0159953
  306 305.5 36.8382 0.0159888
  307 306.5 36.8796 0.0160068
  308 307.5 36.8468 0.0159925
  309 308.5 36.8662 0.016001
  310 309.5 36.8719 0.0160034
  311 310.5 36.8763 0.0160053
  312 311.5 36.8738 0.0160042
  313 312.5 36.9133 0.0160214
  314 313.5 36.8665 0.0160011
  315 314.5 36.8603 0.0159984
  316 315.5 36.8806 0.0160072
  317 316.5 36.8574 0.0159971
  318 317.5 36.8561 0.0159966
  319 318.5 36.8591 0.0159979
  320 319.5 36.8215 0.0159816
  321 320.5 36.8237 0.0159825
  322 321.5 36.8368 0.0159882
  323 322.5 36.797 0.0159709
  324 323.5 36.7801 0.0159636
  325 324.5 36.8333 0.0159867
  326 325.5 36.7713 0.0159598
  327 326.5 36.7912 0.0159684
  328 327.5 36.8088 0.0159761
  329 328.5 36.785 0.0159657
  330 329.5 36.7868 0.0159665
  331 330.5 36.7668 0.0159578
  332 331.5 36.8199 0.0159809
  333 332.5 36.8003 0.0159723
  334 333.5 36.7577 0.0159539
  335 334.5 36.8101 0.0159766
  336 335.5 36.7702 0.0159593
  337 336.5 36.763 0.0159562
  338 337.5 36.7706 0.0159595
  339 338.5 36.8584 0.0159976
  340 339.5 36.7765 0.015962
  341 340.5 36.7476 0.0159495
  342 341.5 36.812 0.0159774
  343 342.5 36.7946 0.0159699
  344 343.5 36.7088 0.0159326
  345 344.5 36.779 0.0159631
  346 345.5 36.8364 0.015988
  347 346.5 36.7724 0.0159602
  348 347.5 36.7452 0.0159484
  349 348.5 36.8046 0.0159742
  350 349.5 36.8016 0.0159729
  351 350.5 36.7566 0.0159534
  352 351.5 36.7562 0.0159532
  353 352.5 36.7986 0.0159716
  354 353.5 36.8091 0.0159762
  355 354.5 36.7452 0.0159484
  356 355.5 36.833 0.0159866
  357 356.5 36.8308 0.0159856
  358 357.5 36.7807 0.0159638
  359 358.5 36.7986 0.0159716
  360 359.5 36.8361 0.0159879
  361 360.5 36.8151 0.0159788
  362 361.5 36.7533 0.015952
  363 362.5 36.8132 0.015978
  364 363.5 36.7582 0.0159541
  365 364.5 36.7908 0.0159682
  366 365.5 36.7786 0.0159629
  367 366.5 36.8013 0.0159728
  368 367.5 36.7679 0.0159583
  369 368.5 36.832 0.0159861
  370 369.5 36.7903 0.015968
  371 370.5 36.7518 0.0159513
  372 371.5 36.8306 0.0159855
  373 372.5 36.7961 0.0159705
  374 373.5 36.7374 0.015945
  375 374.5 36.7658 0.0159574
  376 375.5 36.7985 0.0159716
  377 376.5 36.7316 0.0159425
  378 377.5 36.667 0.0159145
  379 378.5 36.7106 0.0159334
  380 379.5 36.6432 0.0159042
  381 380.5 36.5348 0.0158571
  382 381.5 36.4437 0.0158176
  383 382.5 36.3431 0.0157739
  384 383.5 36.0955 0.0156665
  385 384.5 35.7299 0.0155078
  386 385.5 35.255 0.0153016
  387 386.5 34.4161 0.0149375
  388 387.5 33.1719 0.0143975
  389 388.5 31.3047 0.0135871
  390 389.5 28.7262 0.012468
  391 390.5 25.3208 0.01099
  392 391.5 21.2556 0.00922551
  393 392.5 16.8766 0.00732491
  394 393.5 12.6461 0.00548878
  395 394.5 8.96099 0.00388932
  396 395.5 6.10706 0.00265063
  397 396.5 4.11223 0.00178482
  398 397.5 2.79782 0.00121433
  399 398.5 1.9719 0.000855861
  400 399.5 1.47189 0.000638841
  401 400.5 1.18751 0.000515412
  402 401.5 1.01863 0.000442115
  403 402.5 0.914308 0.000396835
  404 403.5 0.860888 0.000373649
  405 404.5 0.819882 0.000355852
  406 405.5 0.793704 0.00034449
  407 406.5 0.784472 0.000340483
  408 407.5 0.76529 0.000332157
  409 408.5 0.750462 0.000325721
  410 409.5 0.746344 0.000323934
  411 410.5 0.741652 0.000321898
  412 411.5 0.753482 0.000327032
  413 412.5 0.745882 0.000323734
  414 413.5 0.742572 0.000322297
  415 414.5 0.740974 0.000321603
  416 415.5 0.756098 0.000328168
  417 416.5 0.770096 0.000334243
  418 417.5 0.76964 0.000334045
  419 418.5 0.769384 0.000333934
  420 419.5 0.765302 0.000332162
  421 420.5 0.767462 0.0003331
  422 421.5 0.776082 0.000336841
  423 422.5 0.778184 0.000337753
  424 423.5 0.769544 0.000334003
  425 424.5 0.772542 0.000335305
  426 425.5 0.7631 0.000331207
  427 426.5 0.758812 0.000329345
  428 427.5 0.759662 0.000329714
  429 428.5 0.749546 0.000325324
  430 429.5 0.730628 0.000317113
  431 430.5 0.729936 0.000316812
  432 431.5 0.732962 0.000318126
  433 432.5 0.72627 0.000315221
  434 433.5 0.721708 0.000313241
  435 434.5 0.726182 0.000315183
  436 435.5 0.727608 0.000315802
  437 436.5 0.722166 0.00031344
  438 437.5 0.723238 0.000313905
  439 438.5 0.72489 0.000314622
  440 439.5 0.723902 0.000314194
  441 440.5 0.722748 0.000313693
  442 441.5 0.71358 0.000309714
  443 442.5 0.706562 0.000306668
  444 443.5 0.715112 0.000310378
  445 444.5 0.726112 0.000315153
  446 445.5 0.730266 0.000316956
  447 446.5 0.727524 0.000315766
  448 447.5 0.721514 0.000313157
  449 448.5 0.71449 0.000310109
  450 449.5 0.718956 0.000312047
  451 450.5 0.710102 0.000308204
  452 451.5 0.698844 0.000303318
  453 452.5 0.694846 0.000301582
  454 453.5 0.70133 0.000304397
  455 454.5 0.695128 0.000301705
  456 455.5 0.695412 0.000301828
  457 456.5 0.691392 0.000300083
  458 457.5 0.68215 0.000296072
  459 458.5 0.674708 0.000292842
  460 459.5 0.673582 0.000292353
  461 460.5 0.669208 0.000290455
  462 461.5 0.6618 0.00028724
  463 462.5 0.66756 0.00028974
  464 463.5 0.668258 0.000290043
  465 464.5 0.658576 0.00028584
  466 465.5 0.655986 0.000284716
  467 466.5 0.662446 0.00028752
  468 467.5 0.665508 0.000288849
  469 468.5 0.659486 0.000286235
  470 469.5 0.658526 0.000285819
  471 470.5 0.662346 0.000287477
  472 471.5 0.667476 0.000289703
  473 472.5 0.673442 0.000292293
  474 473.5 0.671984 0.00029166
  475 474.5 0.67026 0.000290911
  476 475.5 0.679676 0.000294998
  477 476.5 0.684912 0.000297271
  478 477.5 0.681036 0.000295589
  479 478.5 0.68036 0.000295295
  480 479.5 0.684516 0.000297099
30000000 480 6000.000000000005
  1 0.5 0.757512 0.000328781
  2 1.5 0.756588 0.00032838
  3 2.5 0.752278 0.00032651
  4 3.5 0.761698 0.000330598
  5 4.5 0.772542 0.000335305
  6 5.5 0.773102 0.000335548
  7 6.5 0.76676 0.000332795
  8 7.5 0.771074 0.000334668
  9 8.5 0.780958 0.000338957
  10 9.5 0.787344 0.000341729
  11 10.5 0.781236 0.000339078
  12 11.5 0.777406 0.000337416
  13 12.5 0.785554 0.000340952
  14 13.5 0.793186 0.000344265
  15 14.5 0.784518 0.000340503
  16 15.5 0.774702 0.000336242
  17 16.5 0.771564 0.00033488
  18 17.5 0.773578 0.000335754
  19 18.5 0.785632 0.000340986
  20 19.5 0.78437 0.000340438
  21 20.5 0.782028 0.000339422
  22 21.5 0.78292 0.000339809
  23 22.5 0.771406 0.000334812
  24 23.5 0.764598 0.000331857
  25 24.5 0.768686 0.000333631
  26 25.5 0.771972 0.000335057
  27 26.5 0.775844 0.000336738
  28 27.5 0.786184 0.000341226
  29 28.5 0.79572 0.000345365
  30 29.5 0.797856 0.000346292
  31 30.5 0.799962 0.000347206
  32 31.5 0.799814 0.000347141
  33 32.5 0.792146 0.000343813
  34 33.5 0.78702 0.000341589
  35 34.5 0.788122 0.000342067
  36 35.5 0.78172 0.000339288
  37 36.5 0.777258 0.000337352
  38 37.5 0.770164 0.000334273
  39 38.5 0.76418 0.000331675
  40 39.5 0.7588 0.00032934
  41 40.5 0.754778 0.000327595
  42 41.5 0.759386 0.000329595
  43 42.5 0.7609 0.000330252
  44 43.5 0.758254 0.000329103
  45 44.5 0.761654 0.000330579
  46 45.5 0.76613 0.000332522
  47 46.5 0.770638 0.000334478
  48 47.5 0.769252 0.000333877
  49 48.5 0.77225 0.000335178
  50 49.5 0.774042 0.000335956
  51 50.5 0.776154 0.000336872
  52 51.5 0.779686 0.000338405
  53 52.5 0.780528 0.000338771
  54 53.5 0.798674 0.000346647
  55 54.5 0.802754 0.000348418
  56 55.5 0.799004 0.00034679
  57 56.5 0.79726 0.000346033
  58 57.5 0.800812 0.000347575
  59 58.5 0.813882 0.000353247
  60 59.5 0.815454 0.00035393
  61 60.5 0.818878 0.000355416
  62 61.5 0.831472 0.000360882
  63 62.5 0.863934 0.000374971
  64 63.5 0.891358 0.000386874
  65 64.5 0.938334 0.000407263
  66 65.5 0.995234 0.000431959
  67 66.5 1.06342 0.000461553
  68 67.5 1.11965 0.00048596
  69 68.5 1.15443 0.000501053
  70 69.5 1.17878 0.000511623
  71 70.5 1.14653 0.000497628
  72 71.5 1.06483 0.000462164
  73 72.5 0.943172 0.000409363
  74 73.5 0.793284 0.000344307
  75 74.5 0.624142 0.000270895
  76 75.5 0.4777 0.000207335
  77 76.5 0.362214 0.000157211
  78 77.5 0.276998 0.000120225
  79 78.5 0.21477 9.32161e-05
  80 79.5 0.170102 7.3829e-05
  81 80.5 0.142018 6.16398e-05
  82 81.5 0.123776 5.37222e-05
  83 82.5 0.112112 4.86597e-05
  84 83.5 0.105852 4.59427e-05
  85 84.5 0.102364 4.44288e-05
  86 85.5 0.100214 4.34957e-05
  87 86.5 0.098208 4.2625e-05
  88 87.5 0.098932 4.29392e-05
  89 88.5 0.096734 4.19852e-05
  90 89.5 0.0976 4.23611e-05
  91 90.5 0.097998 4.25339e-05
  92 91.5 0.095304 4.13646e-05
  93 92.5 0.095088 4.12708e-05
  94 93.5 0.095246 4.13394e-05
  95 94.5 0.094154 4.08655e-05
  96 95.5 0.09442 4.09809e-05
  97 96.5 0.093858 4.0737e-05
  98 97.5 0.094476 4.10052e-05
  99 98.5 0.09402 4.08073e-05
  100 99.5 0.09384 4.07292e-05
  101 100.5 0.09602 4.16753e-05
  102 101.5 0.09569 4.15321e-05
  103 102.5 0.096152 4.17326e-05
  104 103.5 0.098508 4.27552e-05
  105 104.5 0.099604 4.32309e-05
  106 105.5 0.097308 4.22344e-05
  107 106.5 0.094728 4.11146e-05
  108 107.5 0.095462 4.14332e-05
  109 108.5 0.095424 4.14167e-05
  110 109.5 0.094654 4.10825e-05
  111 110.5 0.094168 4.08715e-05
  112 111.5 0.096148 4.17309e-05
  113 112.5 0.094134 4.08568e-05
  114 113.5 0.096046 4.16866e-05
  115 114.5 0.09489 4.11849e-05
  116 115.5 0.093674 4.06571e-05
  117 116.5 0.095114 4.12821e-05
  118 117.5 0.095888 4.16181e-05
  119 118.5 0.098482 4.27439e-05
  120 119.5 0.099246 4.30755e-05
  121 120.5 0.097708 4.2408e-05
  122 121.5 0.096648 4.19479e-05
  123 122.5 0.094274 4.09175e-05
  124 123.5 0.096224 4.17639e-05
  125 124.5 0.09683 4.20269e-05
  126 125.5 0.097046 4.21207e-05
  127 126.5 0.097314 4.2237e-05
  128 127.5 0.098608 4.27986e-05
  129 128.5 0.099022 4.29783e-05
  130 129.5 0.097422 4.22839e-05
  131 130.5 0.09827 4.26519e-05
  132 131.5 0.097568 4.23472e-05
  133 132.5 0.097086 4.2138e-05
  134 133.5 0.097424 4.22847e-05
  135 134.5 0.097818 4.24557e-05
  136 135.5 0.098406 4.27109e-05
  137 136.5 0.097698 4.24036e-05
  138 137.5 0.095682 4.15286e-05
  139 138.5 0.095922 4.16328e-05
  140 139.5 0.096252 4.1776e-05
  141 140.5 0.095458 4.14314e-05
  142 141.5 0.09539 4.14019e-05
  143 142.5 0.095434 4.1421e-05
  144 143.5 0.096214 4.17595e-05
  145 144.5 0.096368 4.18264e-05
  146 145.5 0.097846 4.24679e-05
  147 146.5 0.095678 4.15269e-05
  148 147.5 0.095614 4.14991e-05
  149 148.5 0.095684 4.15295e-05
  150 149.5 0.095044 4.12517e-05
  151 150.5 0.097714 4.24106e-05
  152 151.5 0.09599 4.16623e-05
  153 152.5 0.096024 4.16771e-05
  154 153.5 0.098536 4.27674e-05
  155 154.5 0.09694 4.20747e-05
  156 155.5 0.097524 4.23281e-05
  157 156.5 0.097854 4.24714e-05
  158 157.5 0.098906 4.2928e-05
  159 158.5 0.097396 4.22726e-05
  160 159.5 0.09832 4.26736e-05
  161 160.5 0.099192 4.30521e-05
  162 161.5 0.097506 4.23203e-05
  163 162.5 0.098258 4.26467e-05
  164 163.5 0.095808 4.15833e-05
  165 164.5 0.096952 4.20799e-05
  166 165.5 0.098274 4.26536e-05
  167 166.5 0.096834 4.20286e-05
  168 167.5 0.094976 4.12222e-05
  169 168.5 0.095176 4.1309e-05
  170 169.5 0.095018 4.12405e-05
  171 170.5 0.09439 4.09679e-05
  172 171.5 0.095562 4.14766e-05
  173 172.5 0.095606 4.14957e-05
  174 173.5 0.09302 4.03733e-05
  175 174.5 0.092954 4.03446e-05
  176 175.5 0.0954 4.14063e-05
  177 176.5 0.097458 4.22995e-05
  178 177.5 0.097484 4.23108e-05
  179 178.5 0.09654 4.1901e-05
  180 179.5 0.097338 4.22474e-05
  181 180.5 0.098766 4.28672e-05
  182 181.5 0.099124 4.30226e-05
  183 182.5 0.09652 4.18924e-05
  184 183.5 0.09549 4.14453e-05
  185 184.5 0.094602 4.10599e-05
  186 185.5 0.095998 4.16658e-05
  187 186.5 0.097054 4.21241e-05
  188 187.5 0.096236 4.17691e-05
  189 188.5 0.097844 4.2467e-05
  190 189.5 0.09738 4.22656e-05
  191 190.5 0.097526 4.2329e-05
  192 191.5 0.097124 4.21545e-05
  193 192.5 0.095704 4.15382e-05
  194 193.5 0.096004 4.16684e-05
  195 194.5 0.09561 4.14974e-05
  196 195.5 0.094104 4.08438e-05
  197 196.5 0.095628 4.15052e-05
  198 197.5 0.096514 4.18898e-05
  199 198.5 0.093974 4.07873e-05
  200 199.5 0.09284 4.02951e-05
  201 200.5 0.093872 4.07431e-05
  202 201.5 0.094562 4.10425e-05
  203 202.5 0.095642 4.15113e-05
  204 203.5 0.09704 4.21181e-05
  205 204.5 0.098474 4.27405e-05
  206 205.5 0.098864 4.29097e-05
  207 206.5 0.099192 4.30521e-05
  208 207.5 0.099442 4.31606e-05
  209 208.5 0.09841 4.27127e-05
  210 209.5 0.09881 4.28863e-05
  211 210.5 0.100362 4.35599e-05
  212 211.5 0.100518 4.36276e-05
  213 212.5 0.10024 4.35069e-05
  214 213.5 0.099604 4.32309e-05
  215 214.5 0.099868 4.33455e-05
  216 215.5 0.103486 4.49158e-05
  217 216.5 0.105676 4.58663e-05
  218 217.5 0.109048 4.73299e-05
  219 218.5 0.11455 4.97179e-05
  220 219.5 0.128448 5.575e-05
  221 220.5 0.149166 6.47422e-05
  222 221.5 0.186772 8.10642e-05
  223 222.5 0.251788 0.000109283
  224 223.5 0.366448 0.000159049
  225 224.5 0.593846 0.000257746
  226 225.5 1.00266 0.000435182
  227 226.5 1.75482 0.000761641
  228 227.5 3.04949 0.00132356
  229 228.5 5.16543 0.00224194
  230 229.5 8.23279 0.00357326
  231 230.5 12.1754 0.00528447
  232 231.5 16.5941 0.00720232
  233 232.5 21.1009 0.00915839
  234 233.5 25.2217 0.0109469
  235 234.5 28.5826 0.0124056
  236 235.5 31.1638 0.013526
  237 236.5 32.9744 0.0143118
  238 237.5 34.2262 0.0148551
  239 238.5 35.061 0.0152175
  240 239.5 35.6293 0.0154641
  241 240.5 35.9806 0.0156166
  242 241.5 36.2245 0.0157224
  243 242.5 36.3971 0.0157974
  244 243.5 36.5222 0.0158517
  245 244.5 36.5819 0.0158776
  246 245.5 36.6704 0.015916
  247 246.5 36.6767 0.0159187
  248 247.5 36.6979 0.0159279
  249 248.5 36.7373 0.015945
  250 249.5 36.7139 0.0159349
  251 250.5 36.7066 0.0159317
  252 251.5 36.756 0.0159531
  253 252.5 36.745 0.0159483
  254 253.5 36.7195 0.0159373
  255 254.5 36.7305 0.015942
  256 255.5 36.7443 0.015948
  257 256.5 36.7415 0.0159468
  258 257.5 36.7673 0.015958
  259 258.5 36.7358 0.0159444
  260 259.5 36.7549 0.0159526
  261 260.5 36.7723 0.0159602
  262 261.5 36.7443 0.015948
  263 262.5 36.7081 0.0159323
  264 263.5 36.7761 0.0159619
  265 264.5 36.7552 0.0159528
  266 265.5 36.6999 0.0159288
  267 266.5 36.7274 0.0159407
  268 267.5 36.7875 0.0159668
  269 268.5 36.7543 0.0159524
  270 269.5 36.7095 0.015933
  271 270.5 36.7833 0.015965
  272 271.5 36.8091 0.0159762
  273 272.5 36.7331 0.0159432
  274 273.5 36.7645 0.0159568
  275 274.5 36.8612 0.0159988
  276 275.5 36.7932 0.0159693
  277 276.5 36.7471 0.0159492
  278 277.5 36.8496 0.0159938
  279 278.5 36.8183 0.0159802
  280 279.5 36.7535 0.015952
  281 280.5 36.7888 0.0159673
  282 281.5 36.8111 0.015977
  283 282.5 36.7409 0.0159466
  284 283.5 36.7179 0.0159366
  285 284.5 36.754 0.0159523
  286 285.5 36.7478 0.0159495
  287 286.5 36.7042 0.0159306
  288 287.5 36.7785 0.0159629
  289 288.5 36.7383 0.0159455
  290 289.5 36.7381 0.0159454
  291 290.5 36.7623 0.0159559
  292 291.5 36.7726 0.0159603
  293 292.5 36.7296 0.0159417
  294 293.5 36.7476 0.0159495
  295 294.5 36.7742 0.015961
  296 295.5 36.753 0.0159518
  297 296.5 36.7561 0.0159532
  298 297.5 36.7344 0.0159438
  299 298.5 36.7792 0.0159632
  300 299.5 36.7431 0.0159475
  301 300.5 36.7255 0.0159399
  302 301.5 36.7361 0.0159445
  303 302.5 36.7615 0.0159555
  304 303.5 36.6877 0.0159235
  305 304.5 36.6878 0.0159235
  306 305.5 36.6949 0.0159266
  307 306.5 36.6975 0.0159277
  308 307.5 36.6577 0.0159105
  309 308.5 36.7037 0.0159304
  310 309.5 36.6867 0.0159231
  311 310.5 36.6677 0.0159148
  312 311.5 36.6808 0.0159205
  313 312.5 36.6924 0.0159255
  314 313.5 36.6945 0.0159264
  315 314.5 36.6812 0.0159207
  316 315.5 36.7266 0.0159404
  317 316.5 36.7009 0.0159292
  318 317.5 36.7141 0.015935
  319 318.5 36.7416 0.0159469
  320 319.5 36.7004 0.015929
  321 320.5 36.7316 0.0159425
  322 321.5 36.7119 0.015934
  323 322.5 36.7086 0.0159325
  324 323.5 36.7238 0.0159392
  325 324.5 36.7089 0.0159327
  326 325.5 36.7301 0.0159419
  327 326.5 36.7218 0.0159383
  328 327.5 36.7379 0.0159453
  329 328.5 36.7381 0.0159454
  330 329.5 36.7367 0.0159447
  331 330.5 36.7333 0.0159433
  332 331.5 36.7619 0.0159557
  333 332.5 36.7467 0.0159491
  334 333.5 36.7335 0.0159433
  335 334.5 36.7434 0.0159476
  336 335.5 36.7739 0.0159609
  337 336.5 36.7328 0.0159431
  338 337.5 36.7658 0.0159574
  339 338.5 36.7618 0.0159556
  340 339.5 36.7805 0.0159638
  341 340.5 36.7512 0.015951
  342 341.5 36.7728 0.0159604
  343 342.5 36.7353 0.0159442
  344 343.5 36.757 0.0159536
  345 344.5 36.7453 0.0159485
  346 345.5 36.7554 0.0159529
  347 346.5 36.7262 0.0159402
  348 347.5 36.8033 0.0159736
  349 348.5 36.7971 0.015971
  350 349.5 36.7249 0.0159396
  351 350.5 36.7366 0.0159447
  352 351.5 36.8112 0.0159771
  353 352.5 36.748 0.0159497
  354 353.5 36.7033 0.0159303
  355 354.5 36.7303 0.015942
  356 355.5 36.7866 0.0159664
  357 356.5 36.7076 0.0159321
  358 357.5 36.7227 0.0159387
  359 358.5 36.7789 0.0159631
  360 359.5 36.7472 0.0159493
  361 360.5 36.7651 0.0159571
  362 361.5 36.74 0.0159462
  363 362.5 36.7334 0.0159433
  364 363.5 36.7691 0.0159588
  365 364.5 36.7159 0.0159357
  366 365.5 36.7417 0.0159469
  367 366.5 36.749 0.0159501
  368 367.5 36.715 0.0159353
  369 368.5 36.7661 0.0159575
  370 369.5 36.8018 0.015973
  371 370.5 36.7672 0.015958
  372 371.5 36.7556 0.0159529
  373 372.5 36.7893 0.0159676
  374 373.5 36.7928 0.0159691
  375 374.5 36.7591 0.0159545
  376 375.5 36.7407 0.0159465
  377 376.5 36.7499 0.0159505
  378 377.5 36.6832 0.0159215
  379 378.5 36.6907 0.0159248
  380 379.5 36.5977 0.0158844
  381 380.5 36.5442 0.0158612
  382 381.5 36.3898 0.0157942
  383 382.5 36.2327 0.015726
  384 383.5 35.958 0.0156068
  385 384.5 35.4857 0.0154018
  386 385.5 34.772 0.015092
  387 386.5 33.7837 0.014663
  388 387.5 32.1049 0.0139344
  389 388.5 29.712 0.0128958
  390 389.5 26.6453 0.0115648
  391 390.5 22.794 0.00989324
  392 391.5 18.377 0.00797614
  393 392.5 14.0129 0.00608198
  394 393.5 10.153 0.00440667
  395 394.5 7.01012 0.00304259
  396 395.5 4.69367 0.00203718
  397 396.5 3.16852 0.00137523
  398 397.5 2.2232 0.000964931
  399 398.5 1.63729 0.000710628
  400 399.5 1.29283 0.000561126
  401 400.5 1.0939 0.000474783
  402 401.5 0.977526 0.000424273
  403 402.5 0.911508 0.00039562
  404 403.5 0.88417 0.000383754
  405 404.5 0.865986 0.000375862
  406 405.5 0.855016 0.000371101
  407 406.5 0.84802 0.000368064
  408 407.5 0.840378 0.000364747
  409 408.5 0.843982 0.000366312
  410 409.5 0.838448 0.00036391
  411 410.5 0.835708 0.00036272
  412 411.5 0.830996 0.000360675
  413 412.5 0.832414 0.000361291
  414 413.5 0.839074 0.000364181
  415 414.5 0.838772 0.00036405
  416 415.5 0.847222 0.000367718
  417 416.5 0.84587 0.000367131
  418 417.5 0.85641 0.000371706
  419 418.5 0.852 0.000369792
  420 419.5 0.85657 0.000371775
  421 420.5 0.855428 0.00037128
  422 421.5 0.850168 0.000368997
  423 422.5 0.84895 0.000368468
  424 423.5 0.840216 0.000364677
  425 424.5 0.838586 0.00036397
  426 425.5 0.83701 0.000363286
  427 426.5 0.830036 0.000360259
  428 427.5 0.830948 0.000360655
  429 428.5 0.834494 0.000362194
  430 429.5 0.833292 0.000361672
  431 430.5 0.831066 0.000360706
  432 431.5 0.829488 0.000360021
  433 432.5 0.831418 0.000360859
  434 433.5 0.823086 0.000357242
  435 434.5 0.808688 0.000350993
  436 435.5 0.80558 0.000349644
  437 436.5 0.803902 0.000348916
  438 437.5 0.809662 0.000351416
  439 438.5 0.808034 0.000350709
  440 439.5 0.81487 0.000353676
  441 440.5 0.81871 0.000355343
  442 441.5 0.819236 0.000355571
  443 442.5 0.82775 0.000359266
  444 443.5 0.833198 0.000361631
  445 444.5 0.83883 0.000364076
  446 445.5 0.832432 0.000361299
  447 446.5 0.830574 0.000360492
  448 447.5 0.82362 0.000357474
  449 448.5 0.82338 0.00035737
  450 449.5 0.809136 0.000351187
  451 450.5 0.79986 0.000347161
  452 451.5 0.79718 0.000345998
  453 452.5 0.785594 0.00034097
  454 453.5 0.776576 0.000337056
  455 454.5 0.775612 0.000336637
  456 455.5 0.76693 0.000332869
  457 456.5 0.760078 0.000329895
  458 457.5 0.761392 0.000330465
  459 458.5 0.759858 0.000329799
  460 459.5 0.755534 0.000327923
  461 460.5 0.764992 0.000332028
  462 461.5 0.77515 0.000336437
  463 462.5 0.770726 0.000334516
  464 463.5 0.775144 0.000336434
  465 464.5 0.782312 0.000339545
  466 465.5 0.792412 0.000343929
  467 466.5 0.79812 0.000346406
  468 467.5 0.788564 0.000342259
  469 468.5 0.784256 0.000340389
  470 469.5 0.775808 0.000336722
  471 470.5 0.762884 0.000331113
  472 471.5 0.774424 0.000336122
  473 472.5 0.78584 0.000341076
  474 473.5 0.77937 0.000338268
  475 474.5 0.77608 0.00033684
  476 475.5 0.778664 0.000337962
  477 476.5 0.769378 0.000333931
  478 477.5 0.75991 0.000329822
  479 478.5 0.756514 0.000328348
  480 479.5 0.753842 0.000327188
40000000 480 5999.999999999996
  1 0.5 0.72508 0.000314705
  2 1.5 0.724586 0.00031449
  3 2.5 0.719398 0.000312239
  4 3.5 0.718598 0.000311891
  5 4.5 0.722308 0.000313502
  6 5.5 0.716546 0.000311001
  7 6.5 0.727244 0.000315644
  8 7.5 0.724328 0.000314378
  9 8.5 0.720194 0.000312584
  10 9.5 0.719346 0.000312216
  11 10.5 0.710878 0.000308541
  12 11.5 0.709382 0.000307891
  13 12.5 0.704614 0.000305822
  14 13.5 0.703614 0.000305388
  15 14.5 0.707204 0.000306946
  16 15.5 0.69918 0.000303464
  17 16.5 0.708398 0.000307464
  18 17.5 0.706988 0.000306852
  19 18.5 0.710594 0.000308418
  20 19.5 0.701438 0.000304444
  21 20.5 0.703628 0.000305394
  22 21.5 0.7065 0.000306641
  23 22.5 0.7054 0.000306163
  24 23.5 0.711866 0.00030897
  25 24.5 0.707562 0.000307102
  26 25.5 0.702396 0.000304859
  27 26.5 0.702592 0.000304944
  28 27.5 0.718388 0.0003118
  29 28.5 0.723298 0.000313931
  30 29.5 0.72811 0.00031602
  31 30.5 0.730222 0.000316937
  32 31.5 0.741282 0.000321737
  33 32.5 0.733296 0.000318271
  34 33.5 0.727202 0.000315626
  35 34.5 0.728954 0.000316386
  36 35.5 0.727966 0.000315957
  37 36.5 0.72995 0.000316819
  38 37.5 0.728106 0.000316018
  39 38.5 0.725722 0.000314984
  40 39.5 0.721016 0.000312941
  41 40.5 0.728542 0.000316207
  42 41.5 0.740032 0.000321194
  43 42.5 0.73834 0.00032046
  44 43.5 0.732286 0.000317832
  45 44.5 0.739854 0.000321117
  46 45.5 0.740036 0.000321196
  47 46.5 0.73876 0.000320642
  48 47.5 0.727744 0.000315861
  49 48.5 0.736992 0.000319875
  50 49.5 0.735744 0.000319333
  51 50.5 0.727446 0.000315732
  52 51.5 0.734868 0.000318953
  53 52.5 0.736374 0.000319607
  54 53.5 0.74686 0.000324158
  55 54.5 0.753048 0.000326844
  56 55.5 0.761386 0.000330463
  57 56.5 0.775888 0.000336757
  58 57.5 0.783608 0.000340108
  59 58.5 0.788676 0.000342307
  60 59.5 0.802784 0.000348431
  61 60.5 0.823978 0.000357629
  62 61.5 0.842966 0.000365871
  63 62.5 0.873232 0.000379007
  64 63.5 0.918674 0.00039873
  65 64.5 0.963602 0.00041823
  66 65.5 1.00479 0.000436108
  67 66.5 1.06457 0.000462055
  68 67.5 1.11301 0.000483076
  69 68.5 1.14002 0.0004948
  70 69.5 1.13963 0.000494629
  71 70.5 1.08827 0.000472339
  72 71.5 0.996522 0.000432518
  73 72.5 0.864456 0.000375198
  74 73.5 0.717716 0.000311509
  75 74.5 0.566476 0.000245866
  76 75.5 0.428422 0.000185947
  77 76.5 0.317984 0.000138014
  78 77.5 0.244422 0.000106086
  79 78.5 0.190922 8.28655e-05
  80 79.5 0.156358 6.78637e-05
  81 80.5 0.130794 5.67682e-05
  82 81.5 0.116484 5.05573e-05
  83 82.5 0.109224 4.74062e-05
  84 83.5 0.102642 4.45495e-05
  85 84.5 0.100852 4.37726e-05
  86 85.5 0.095406 4.14089e-05
  87 86.5 0.096518 4.18915e-05
  88 87.5 0.096132 4.1724e-05
  89 88.5 0.094524 4.1026e-05
  90 89.5 0.095446 4.14262e-05
  91 90.5 0.097586 4.2355e-05
  92 91.5 0.094416 4.09792e-05
  93 92.5 0.095338 4.13793e-05
  94 93.5 0.094428 4.09844e-05
  95 94.5 0.095624 4.15035e-05
  96 95.5 0.093448 4.0559e-05
  97 96.5 0.095662 4.152e-05
  98 97.5 0.09636 4.18229e-05
  99 98.5 0.095474 4.14384e-05
  100 99.5 0.09464 4.10764e-05
  101 100.5 0.09355 4.06033e-05
  102 101.5 0.095444 4.14253e-05
  103 102.5 0.09521 4.13238e-05
  104 103.5 0.097076 4.21337e-05
  105 104.5 0.097204 4.21892e-05
  106 105.5 0.094578 4.10495e-05
  107 106.5 0.092138 3.99905e-05
  108 107.5 0.093112 4.04132e-05
  109 108.5 0.091462 3.9697e-05
  110 109.5 0.092324 4.00712e-05
  111 110.5 0.090524 3.92899e-05
  112 111.5 0.09156 3.97396e-05
  113 112.5 0.093802 4.07127e-05
  114 113.5 0.092358 4.00859e-05
  115 114.5 0.093288 4.04896e-05
  116 115.5 0.093176 4.0441e-05
  117 116.5 0.093078 4.03984e-05
  118 117.5 0.09419 4.08811e-05
  119 118.5 0.095532 4.14635e-05
  120 119.5 0.09445 4.09939e-05
  121 120.5 0.094346 4.09488e-05
  122 121.5 0.095144 4.12951e-05
  123 122.5 0.093694 4.06658e-05
  124 123.5 0.096738 4.1987e-05
  125 124.5 0.094822 4.11554e-05
  126 125.5 0.096248 4.17743e-05
  127 126.5 0.095448 4.14271e-05
  128 127.5 0.094584 4.10521e-05
  129 128.5 0.093016 4.03715e-05
  130 129.5 0.093816 4.07187e-05
  131 130.5 0.091196 3.95816e-05
  132 131.5 0.091802 3.98446e-05
  133 132.5 0.095584 4.14861e-05
  134 133.5 0.093612 4.06302e-05
  135 134.5 0.092622 4.02005e-05
  136 135.5 0.094334 4.09436e-05
  137 136.5 0.094048 4.08194e-05
  138 137.5 0.094744 4.11215e-05
  139 138.5 0.092394 4.01016e-05
  140 139.5 0.093308 4.04983e-05
  141 140.5 0.093632 4.06389e-05
  142 141.5 0.094788 4.11406e-05
  143 142.5 0.094786 4.11398e-05
  144 143.5 0.094188 4.08802e-05
  145 144.5 0.096854 4.20373e-05
  146 145.5 0.095308 4.13663e-05
  147 146.5 0.094916 4.11962e-05
  148 147.5 0.094772 4.11337e-05
  149 148.5 0.093602 4.06259e-05
  150 149.5 0.09572 4.15451e-05
  151 150.5 0.09603 4.16797e-05
  152 151.5 0.095572 4.14809e-05
  153 152.5 0.092658 4.02161e-05
  154 153.5 0.093678 4.06589e-05
  155 154.5 0.092986 4.03585e-05
  156 155.5 0.091668 3.97865e-05
  157 156.5 0.093524 4.0592e-05
  158 157.5 0.096572 4.19149e-05
  159 158.5 0.096586 4.1921e-05
  160 159.5 0.094854 4.11693e-05
  161 160.5 0.093482 4.05738e-05
  162 161.5 0.093338 4.05113e-05
  163 162.5 0.093708 4.06719e-05
  164 163.5 0.093798 4.07109e-05
  165 164.5 0.094034 4.08134e-05
  166 165.5 0.093486 4.05755e-05
  167 166.5 0.093606 4.06276e-05
  168 167.5 0.092786 4.02717e-05
  169 168.5 0.091328 3.96389e-05
  170 169.5 0.093952 4.07778e-05
  171 170.5 0.092756 4.02587e-05
  172 171.5 0.093106 4.04106e-05
  173 172.5 0.095166 4.13047e-05
  174 173.5 0.094736 4.11181e-05
  175 174.5 0.094576 4.10486e-05
  176 175.5 0.097192 4.2184e-05
  177 176.5 0.096936 4.20729e-05
  178 177.5 0.093856 4.07361e-05
  179 178.5 0.093984 4.07917e-05
  180 179.5 0.0971 4.21441e-05
  181 180.5 0.09739 4.227e-05
  182 181.5 0.096122 4.17196e-05
  183 182.5 0.095356 4.13872e-05
  184 183.5 0.097134 4.21589e-05
  185 184.5 0.09595 4.1645e-05
  186 185.5 0.097354 4.22543e-05
  187 186.5 0.096702 4.19714e-05
  188 187.5 0.095056 4.12569e-05
  189 188.5 0.095674 4.15252e-05
  190 189.5 0.094248 4.09063e-05
  191 190.5 0.09495 4.12109e-05
  192 191.5 0.095542 4.14679e-05
  193 192.5 0.094342 4.0947e-05
  194 193.5 0.095312 4.13681e-05
  195 194.5 0.096542 4.19019e-05
  196 195.5 0.094082 4.08342e-05
  197 196.5 0.092204 4.00191e-05
  198 197.5 0.092702 4.02352e-05
  199 198.5 0.09242 4.01128e-05
  200 199.5 0.092918 4.0329e-05
  201 200.5 0.094968 4.12188e-05
  202 201.5 0.09438 4.09635e-05
  203 202.5 0.09405 4.08203e-05
  204 203.5 0.093676 4.0658e-05
  205 204.5 0.095406 4.14089e-05
  206 205.5 0.093772 4.06997e-05
  207 206.5 0.09395 4.07769e-05
  208 207.5 0.091704 3.98021e-05
  209 208.5 0.09302 4.03733e-05
  210 209.5 0.092536 4.01632e-05
  211 210.5 0.093524 4.0592e-05
  212 211.5 0.09405 4.08203e-05
  213 212.5 0.094448 4.09931e-05
  214 213.5 0.098596 4.27934e-05
  215 214.5 0.100668 4.36927e-05
  216 215.5 0.101786 4.4178e-05
  217 216.5 0.104404 4.53142e-05
  218 217.5 0.10873 4.71918e-05
  219 218.5 0.118208 5.13056e-05
  220 219.5 0.129454 5.61866e-05
  221 220.5 0.15652 6.7934e-05
  222 221.5 0.198262 8.60512e-05
  223 222.5 0.271942 0.00011803
  224 223.5 0.4161 0.000180599
  225 224.5 0.67405 0.000292556
  226 225.5 1.15884 0.000502969
  227 226.5 2.02676 0.00087967
  228 227.5 3.51391 0.00152514
  229 228.5 5.83973 0.00253461
  230 229.5 9.13966 0.00396687
  231 230.5 13.2381 0.0057457
  232 231.5 17.7889 0.00772089
  233 232.5 22.2832 0.00967154
  234 233.5 26.2338 0.0113862
  235 234.5 29.3854 0.0127541
  236 235.5 31.802 0.0138029
  237 236.5 33.4005 0.0144967
  238 237.5 34.5034 0.0149754
  239 238.5 35.245 0.0152973
  240 239.5 35.7877 0.0155328
  241 240.5 36.0535 0.0156482
  242 241.5 36.2995 0.015755
  243 242.5 36.4233 0.0158087
  244 243.5 36.509 0.0158459
  245 244.5 36.6133 0.0158912
  246 245.5 36.6512 0.0159076
  247 246.5 36.6335 0.0159
  248 247.5 36.7099 0.0159331
  249 248.5 36.6929 0.0159257
  250 249.5 36.7179 0.0159366
  251 250.5 36.7075 0.0159321
  252 251.5 36.7499 0.0159505
  253 252.5 36.7331 0.0159432
  254 253.5 36.7094 0.0159329
  255 254.5 36.738 0.0159453
  256 255.5 36.7459 0.0159487
  257 256.5 36.7116 0.0159338
  258 257.5 36.7195 0.0159373
  259 258.5 36.7572 0.0159536
  260 259.5 36.7395 0.015946
  261 260.5 36.7396 0.015946
  262 261.5 36.7674 0.0159581
  263 262.5 36.7543 0.0159524
  264 263.5 36.7148 0.0159352
  265 264.5 36.7857 0.015966
  266 265.5 36.757 0.0159536
  267 266.5 36.7311 0.0159423
  268 267.5 36.7495 0.0159503
  269 268.5 36.7696 0.015959
  270 269.5 36.7486 0.0159499
  271 270.5 36.7491 0.0159501
  272 271.5 36.7379 0.0159453
  273 272.5 36.7625 0.0159559
  274 273.5 36.7365 0.0159447
  275 274.5 36.7377 0.0159452
  276 275.5 36.7549 0.0159526
  277 276.5 36.7549 0.0159526
  278 277.5 36.7623 0.0159559
  279 278.5 36.7682 0.0159584
  280 279.5 36.7508 0.0159509
  281 280.5 36.7535 0.015952
  282 281.5 36.7442 0.015948
  283 282.5 36.7386 0.0159456
  284 283.5 36.725 0.0159397
  285 284.5 36.7476 0.0159495
  286 285.5 36.7217 0.0159382
  287 286.5 36.7035 0.0159303
  288 287.5 36.7567 0.0159534
  289 288.5 36.745 0.0159484
  290 289.5 36.682 0.015921
  291 290.5 36.7359 0.0159444
  292 291.5 36.7732 0.0159606
  293 292.5 36.7489 0.01595
  294 293.5 36.6877 0.0159235
  295 294.5 36.8161 0.0159792
  296 295.5 36.7902 0.015968
  297 296.5 36.7637 0.0159565
  298 297.5 36.7857 0.015966
  299 298.5 36.8205 0.0159811
  300 299.5 36.7886 0.0159673
  301 300.5 36.7719 0.01596
  302 301.5 36.8115 0.0159772
  303 302.5 36.7776 0.0159625
  304 303.5 36.7632 0.0159562
  305 304.5 36.7603 0.015955
  306 305.5 36.8117 0.0159773
  307 306.5 36.7459 0.0159488
  308 307.5 36.777 0.0159623
  309 308.5 36.8123 0.0159776
  310 309.5 36.7828 0.0159647
  311 310.5 36.7395 0.015946
  312 311.5 36.7818 0.0159643
  313 312.5 36.8647 0.0160003
  314 313.5 36.7569 0.0159535
  315 314.5 36.8077 0.0159756
  316 315.5 36.8504 0.0159941
  317 316.5 36.8215 0.0159816
  318 317.5 36.7561 0.0159532
  319 318.5 36.8464 0.0159923
  320 319.5 36.8275 0.0159842
  321 320.5 36.7536 0.0159521
  322 321.5 36.7823 0.0159646
  323 322.5 36.8268 0.0159839
  324 323.5 36.7699 0.0159592
  325 324.5 36.7467 0.0159491
  326 325.5 36.8285 0.0159846
  327 326.5 36.7532 0.0159519
  328 327.5 36.8001 0.0159723
  329 328.5 36.7867 0.0159665
  330 329.5 36.778 0.0159627
  331 330.5 36.7795 0.0159633
  332 331.5 36.8126 0.0159777
  333 332.5 36.7701 0.0159592
  334 333.5 36.7765 0.015962
  335 334.5 36.8219 0.0159817
  336 335.5 36.7623 0.0159558
  337 336.5 36.7901 0.0159679
  338 337.5 36.7879 0.015967
  339 338.5 36.7557 0.015953
  340 339.5 36.7943 0.0159698
  341 340.5 36.7855 0.0159659
  342 341.5 36.749 0.0159501
  343 342.5 36.7557 0.015953
  344 343.5 36.7988 0.0159717
  345 344.5 36.81 0.0159766
  346 345.5 36.7241 0.0159393
  347 346.5 36.7479 0.0159496
  348 347.5 36.7798 0.0159635
  349 348.5 36.7702 0.0159593
  350 349.5 36.7262 0.0159402
  351 350.5 36.7379 0.0159453
  352 351.5 36.752 0.0159514
  353 352.5 36.7173 0.0159363
  354 353.5 36.7304 0.015942
  355 354.5 36.7281 0.015941
  356 355.5 36.7618 0.0159556
  357 356.5 36.7293 0.0159415
  358 357.5 36.7326 0.015943
  359 358.5 36.7673 0.015958
  360 359.5 36.7723 0.0159602
  361 360.5 36.7657 0.0159573
  362 361.5 36.7276 0.0159408
  363 362.5 36.8103 0.0159767
  364 363.5 36.8173 0.0159797
  365 364.5 36.7178 0.0159365
  366 365.5 36.75 0.0159505
  367 366.5 36.8074 0.0159754
  368 367.5 36.7708 0.0159595
  369 368.5 36.7451 0.0159484
  370 369.5 36.7722 0.0159601
  371 370.5 36.7999 0.0159722
  372 371.5 36.7602 0.0159549
  373 372.5 36.775 0.0159614
  374 373.5 36.7232 0.0159389
  375 374.5 36.7617 0.0159556
  376 375.5 36.7087 0.0159326
  377 376.5 36.736 0.0159445
  378 377.5 36.708 0.0159323
  379 378.5 36.627 0.0158971
  380 379.5 36.6074 0.0158886
  381 380.5 36.5288 0.0158545
  382 381.5 36.374 0.0157873
  383 382.5 36.1644 0.0156963
  384 383.5 35.8644 0.0155661
  385 384.5 35.3488 0.0153424
  386 385.5 34.5903 0.0150132
  387 386.5 33.3999 0.0144965
  388 387.5 31.6207 0.0137243
  389 388.5 29.1743 0.0126625
  390 389.5 25.8497 0.0112195
  391 390.5 21.834 0.00947655
  392 391.5 17.5509 0.00761758
  393 392.5 13.3268 0.0057842
  394 393.5 9.57821 0.00415721
  395 394.5 6.60994 0.0028689
  396 395.5 4.46395 0.00193748
  397 396.5 3.05058 0.00132404
  398 397.5 2.14549 0.000931201
  399 398.5 1.62001 0.000703129
  400 399.5 1.29826 0.000563483
  401 400.5 1.11333 0.000483217
  402 401.5 1.01886 0.000442214
  403 402.5 0.948554 0.000411699
  404 403.5 0.910102 0.00039501
  405 404.5 0.872618 0.00037874
  406 405.5 0.856856 0.000371899
  407 406.5 0.844182 0.000366398
  408 407.5 0.829606 0.000360072
  409 408.5 0.818358 0.00035519
  410 409.5 0.81526 0.000353845
  411 410.5 0.81337 0.000353025
  412 411.5 0.805546 0.000349629
  413 412.5 0.797688 0.000346219
  414 413.5 0.795334 0.000345197
  415 414.5 0.789514 0.000342671
  416 415.5 0.77722 0.000337335
  417 416.5 0.791846 0.000343683
  418 417.5 0.789698 0.000342751
  419 418.5 0.791786 0.000343657
  420 419.5 0.800408 0.000347399
  421 420.5 0.808404 0.00035087
  422 421.5 0.797028 0.000345932
  423 422.5 0.802044 0.000348109
  424 423.5 0.79755 0.000346159
  425 424.5 0.79583 0.000345412
  426 425.5 0.79388 0.000344566
  427 426.5 0.793976 0.000344608
  428 427.5 0.79203 0.000343763
  429 428.5 0.7873 0.00034171
  430 429.5 0.791418 0.000343497
  431 430.5 0.789314 0.000342584
  432 431.5 0.790068 0.000342911
  433 432.5 0.785842 0.000341077
  434 433.5 0.788624 0.000342285
  435 434.5 0.785776 0.000341049
  436 435.5 0.78603 0.000341159
  437 436.5 0.78897 0.000342435
  438 437.5 0.78447 0.000340482
  439 438.5 0.787418 0.000341761
  440 439.5 0.79708 0.000345955
  441 440.5 0.805254 0.000349503
  442 441.5 0.808398 0.000350867
  443 442.5 0.804472 0.000349163
  444 443.5 0.802938 0.000348497
  445 444.5 0.81338 0.00035303
  446 445.5 0.808736 0.000351014
  447 446.5 0.807378 0.000350424
  448 447.5 0.809626 0.0003514
  449 448.5 0.799084 0.000346825
  450 449.5 0.79284 0.000344115
  451 450.5 0.792742 0.000344072
  452 451.5 0.78369 0.000340143
  453 452.5 0.784742 0.0003406
  454 453.5 0.779788 0.00033845
  455 454.5 0.782658 0.000339695
  456 455.5 0.775952 0.000336785
  457 456.5 0.767742 0.000333221
  458 457.5 0.76867 0.000333624
  459 458.5 0.777754 0.000337567
  460 459.5 0.780176 0.000338618
  461 460.5 0.788842 0.000342379
  462 461.5 0.801814 0.00034801
  463 462.5 0.79278 0.000344089
  464 463.5 0.786626 0.000341418
  465 464.5 0.78593 0.000341115
  466 465.5 0.779824 0.000338465
  467 466.5 0.773438 0.000335694
  468 467.5 0.771942 0.000335044
  469 468.5 0.765038 0.000332048
  470 469.5 0.766496 0.000332681
  471 470.5 0.757074 0.000328591
  472 471.5 0.749108 0.000325134
  473 472.5 0.74479 0.00032326
  474 473.5 0.738194 0.000320397
  475 474.5 0.73029 0.000316966
  476 475.5 0.727942 0.000315947
  477 476.5 0.728012 0.000315977
  478 477.5 0.7288 0.000316319
  479 478.5 0.732282 0.000317831
  480 479.5 0.723524 0.00031403
50000000 480 5999.999999999999
  1 0.5 0.799444 0.000346981
  2 1.5 0.801012 0.000347661
  3 2.5 0.795986 0.00034548
  4 3.5 0.795314 0.000345188
  5 4.5 0.800828 0.000347582
  6 5.5 0.794136 0.000344677
  7 6.5 0.789062 0.000342475
  8 7.5 0.789744 0.000342771
  9 8.5 0.802908 0.000348484
  10 9.5 0.79974 0.000347109
  11 10.5 0.798596 0.000346613
  12 11.5 0.790422 0.000343065
  13 12.5 0.775184 0.000336451
  14 13.5 0.76921 0.000333859
  15 14.5 0.772624 0.00033534
  16 15.5 0.774746 0.000336261
  17 16.5 0.774158 0.000336006
  18 17.5 0.789596 0.000342707
  19 18.5 0.783596 0.000340102
  20 19.5 0.782578 0.000339661
  21 20.5 0.7813 0.000339106
  22 21.5 0.776152 0.000336872
  23 22.5 0.773152 0.000335569
  24 23.5 0.762602 0.00033099
  25 24.5 0.73389 0.000318529
  26 25.5 0.72936 0.000316563
  27 26.5 0.728978 0.000316397
  28 27.5 0.729278 0.000316527
  29 28.5 0.718598 0.000311891
  30 29.5 0.7249 0.000314627
  31 30.5 0.726508 0.000315325
  32 31.5 0.727216 0.000315632
  33 32.5 0.72339 0.000313971
  34 33.5 0.720504 0.000312719
  35 34.5 0.714824 0.000310253
  36 35.5 0.70892 0.000307691
  37 36.5 0.712078 0.000309062
  38 37.5 0.722434 0.000313556
  39 38.5 0.72185 0.000313303
  40 39.5 0.74171 0.000321923
  41 40.5 0.752492 0.000326602
  42 41.5 0.75526 0.000327804
  43 42.5 0.758892 0.00032938
  44 43.5 0.760908 0.000330255
  45 44.5 0.765172 0.000332106
  46 45.5 0.75963 0.000329701
  47 46.5 0.763724 0.000331477
  48 47.5 0.763296 0.000331292
  49 48.5 0.76206 0.000330755
  50 49.5 0.766624 0.000332736
  51 50.5 0.775846 0.000336739
  52 51.5 0.774574 0.000336187
  53 52.5 0.776412 0.000336984
  54 53.5 0.780766 0.000338874
  55 54.5 0.79092 0.000343281
  56 55.5 0.793234 0.000344286
  57 56.5 0.80022 0.000347318
  58 57.5 0.799376 0.000346951
  59 58.5 0.803528 0.000348753
  60 59.5 0.816646 0.000354447
  61 60.5 0.822966 0.00035719
  62 61.5 0.842066 0.00036548
  63 62.5 0.873016 0.000378913
  64 63.5 0.916198 0.000397655
  65 64.5 0.951238 0.000412864
  66 65.5 1.00968 0.000438227
  67 66.5 1.05098 0.000456155
  68 67.5 1.09463 0.000475102
  69 68.5 1.10822 0.000480997
  70 69.5 1.0826 0.000469877
  71 70.5 1.01449 0.000440317
  72 71.5 0.900804 0.000390974
  73 72.5 0.75809 0.000329032
  74 73.5 0.615088 0.000266965
  75 74.5 0.475474 0.000206369
  76 75.5 0.358682 0.000155678
  77 76.5 0.271628 0.000117894
  78 77.5 0.206146 8.94731e-05
  79 78.5 0.16469 7.148e-05
  80 79.5 0.135456 5.87917e-05
  81 80.5 0.117868 5.1158e-05
  82 81.5 0.107764 4.67726e-05
  83 82.5 0.101252 4.39462e-05
  84 83.5 0.09638 4.18316e-05
  85 84.5 0.09313 4.0421e-05
  86 85.5 0.090256 3.91736e-05
  87 86.5 0.089758 3.89575e-05
  88 87.5 0.087802 3.81085e-05
  89 88.5 0.08854 3.84288e-05
  90 89.5 0.089214 3.87214e-05
  91 90.5 0.089866 3.90043e-05
  92 91.5 0.089966 3.90477e-05
  93 92.5 0.08795 3.81727e-05
  94 93.5 0.087848 3.81285e-05
  95 94.5 0.089304 3.87604e-05
  96 95.5 0.089244 3.87344e-05
  97 96.5 0.088322 3.83342e-05
  98 97.5 0.087998 3.81936e-05
  99 98.5 0.087954 3.81745e-05
  100 99.5 0.088318 3.83325e-05
  101 100.5 0.088826 3.8553e-05
  102 101.5 0.090036 3.90781e-05
  103 102.5 0.091194 3.95807e-05
  104 103.5 0.090066 3.90911e-05
  105 104.5 0.090178 3.91398e-05
  106 105.5 0.091138 3.95564e-05
  107 106.5 0.089384 3.87951e-05
  108 107.5 0.090354 3.92161e-05
  109 108.5 0.091108 3.95434e-05
  110 109.5 0.089266 3.87439e-05
  111 110.5 0.088984 3.86215e-05
  112 111.5 0.090608 3.93264e-05
  113 112.5 0.08853 3.84245e-05
  114 113.5 0.090142 3.91241e-05
  115 114.5 0.087926 3.81623e-05
  116 115.5 0.088946 3.8605e-05
  117 116.5 0.091592 3.97535e-05
  118 117.5 0.090544 3.92986e-05
  119 118.5 0.092254 4.00408e-05
  120 119.5 0.091864 3.98715e-05
  121 120.5 0.092656 4.02153e-05
  122 121.5 0.09313 4.0421e-05
  123 122.5 0.0907 3.93663e-05
  124 123.5 0.0919 3.98872e-05
  125 124.5 0.089418 3.88099e-05
  126 125.5 0.09123 3.95964e-05
  127 126.5 0.092518 4.01554e-05
  128 127.5 0.091024 3.95069e-05
  129 128.5 0.089886 3.9013e-05
  130 129.5 0.090576 3.93125e-05
  131 130.5 0.088884 3.85781e-05
  132 131.5 0.092798 4.02769e-05
  133 132.5 0.091786 3.98377e-05
  134 133.5 0.094018 4.08064e-05
  135 134.5 0.092786 4.02717e-05
  136 135.5 0.091052 3.95191e-05
  137 136.5 0.089644 3.8908e-05
  138 137.5 0.091322 3.96363e-05
  139 138.5 0.09142 3.96788e-05
  140 139.5 0.09163 3.977e-05
  141 140.5 0.09126 3.96094e-05
  142 141.5 0.090262 3.91762e-05
  143 142.5 0.090362 3.92196e-05
  144 143.5 0.089452 3.88247e-05
  145 144.5 0.089864 3.90035e-05
  146 145.5 0.08808 3.82292e-05
  147 146.5 0.091134 3.95547e-05
  148 147.5 0.089778 3.89661e-05
  149 148.5 0.089034 3.86432e-05
  150 149.5 0.089704 3.8934e-05
  151 150.5 0.090386 3.923e-05
  152 151.5 0.091398 3.96693e-05
  153 152.5 0.090518 3.92873e-05
  154 153.5 0.091792 3.98403e-05
  155 154.5 0.089878 3.90095e-05
  156 155.5 0.091108 3.95434e-05
  157 156.5 0.090332 3.92066e-05
  158 157.5 0.090392 3.92326e-05
  159 158.5 0.091108 3.95434e-05
  160 159.5 0.091076 3.95295e-05
  161 160.5 0.09138 3.96615e-05
  162 161.5 0.09225 4.00391e-05
  163 162.5 0.09045 3.92578e-05
  164 163.5 0.089812 3.89809e-05
  165 164.5 0.087504 3.79792e-05
  166 165.5 0.087624 3.80312e-05
  167 166.5 0.089398 3.88012e-05
  168 167.5 0.088046 3.82144e-05
  169 168.5 0.086708 3.76337e-05
  170 169.5 0.086512 3.75486e-05
  171 170.5 0.087518 3.79852e-05
  172 171.5 0.087858 3.81328e-05
  173 172.5 0.089818 3.89835e-05
  174 173.5 0.090428 3.92483e-05
  175 174.5 0.089484 3.88385e-05
  176 175.5 0.09056 3.93056e-05
  177 176.5 0.08943 3.88151e-05
  178 177.5 0.091326 3.9638e-05
  179 178.5 0.090438 3.92526e-05
  180 179.5 0.091356 3.9651e-05
  181 180.5 0.092368 4.00903e-05
  182 181.5 0.089852 3.89983e-05
  183 182.5 0.0922 4.00174e-05
  184 183.5 0.0909 3.94531e-05
  185 184.5 0.090628 3.93351e-05
  186 185.5 0.089266 3.87439e-05
  187 186.5 0.09034 3.92101e-05
  188 187.5 0.087744 3.80833e-05
  189 188.5 0.089664 3.89167e-05
  190 189.5 0.088932 3.8599e-05
  191 190.5 0.092428 4.01163e-05
  192 191.5 0.089068 3.8658e-05
  193 192.5 0.090278 3.91832e-05
  194 193.5 0.08982 3.89844e-05
  195 194.5 0.088494 3.84089e-05
  196 195.5 0.09079 3.94054e-05
  197 196.5 0.091194 3.95807e-05
  198 197.5 0.090958 3.94783e-05
  199 198.5 0.093386 4.05321e-05
  200 199.5 0.094842 4.11641e-05
  201 200.5 0.092702 4.02352e-05
  202 201.5 0.090808 3.94132e-05
  203 202.5 0.091582 3.97491e-05
  204 203.5 0.092834 4.02925e-05
  205 204.5 0.092278 4.00512e-05
  206 205.5 0.092432 4.01181e-05
  207 206.5 0.095144 4.12951e-05
  208 207.5 0.093896 4.07535e-05
  209 208.5 0.095872 4.16111e-05
  210 209.5 0.093834 4.07266e-05
  211 210.5 0.096252 4.1776e-05
  212 211.5 0.09929 4.30946e-05
  213 212.5 0.09628 4.17882e-05
  214 213.5 0.098082 4.25703e-05
  215 214.5 0.099652 4.32517e-05
  216 215.5 0.100686 4.37005e-05
  217 216.5 0.10415 4.5204e-05
  218 217.5 0.112388 4.87795e-05
  219 218.5 0.124116 5.38698e-05
  220 219.5 0.142572 6.18802e-05
  221 220.5 0.17645 7.65842e-05
  222 221.5 0.233728 0.000101444
  223 222.5 0.34141 0.000148181
  224 223.5 0.539622 0.000234211
  225 224.5 0.928404 0.000402953
  226 225.5 1.64651 0.00071463
  227 226.5 2.88023 0.0012501
  228 227.5 4.90253 0.00212783
  229 228.5 7.89022 0.00342458
  230 229.5 11.7313 0.0050917
  231 230.5 16.2456 0.00705106
  232 231.5 20.8646 0.0090558
  233 232.5 25.0179 0.0108585
  234 233.5 28.491 0.0123659
  235 234.5 31.1324 0.0135123
  236 235.5 33.0051 0.0143251
  237 236.5 34.2377 0.0148601
  238 237.5 35.122 0.0152439
  239 238.5 35.6574 0.0154763
  240 239.5 36.0543 0.0156486
  241 240.5 36.2626 0.015739
  242 241.5 36.4155 0.0158053
  243 242.5 36.6036 0.015887
  244 243.5 36.6264 0.0158969
  245 244.5 36.6868 0.0159231
  246 245.5 36.7408 0.0159465
  247 246.5 36.7912 0.0159684
  248 247.5 36.7707 0.0159595
  249 248.5 36.7996 0.0159721
  250 249.5 36.8681 0.0160018
  251 250.5 36.8428 0.0159908
  252 251.5 36.8087 0.015976
  253 252.5 36.8771 0.0160057
  254 253.5 36.8823 0.0160079
  255 254.5 36.8442 0.0159914
  256 255.5 36.8561 0.0159966
  257 256.5 36.8928 0.0160125
  258 257.5 36.8789 0.0160065
  259 258.5 36.8203 0.0159811
  260 259.5 36.8414 0.0159902
  261 260.5 36.8655 0.0160006
  262 261.5 36.7847 0.0159656
  263 262.5 36.8493 0.0159936
  264 263.5 36.8364 0.015988
  265 264.5 36.8002 0.0159723
  266 265.5 36.8072 0.0159753
  267 266.5 36.8488 0.0159934
  268 267.5 36.7687 0.0159587
  269 268.5 36.8032 0.0159736
  270 269.5 36.8251 0.0159831
  271 270.5 36.8172 0.0159797
  272 271.5 36.7766 0.0159621
  273 272.5 36.8081 0.0159757
  274 273.5 36.8307 0.0159855
  275 274.5 36.805 0.0159744
  276 275.5 36.7732 0.0159606
  277 276.5 36.8232 0.0159823
  278 277.5 36.8079 0.0159757
  279 278.5 36.7507 0.0159508
  280 279.5 36.8002 0.0159723
  281 280.5 36.7766 0.0159621
  282 281.5 36.7695 0.015959
  283 282.5 36.7729 0.0159604
  284 283.5 36.781 0.015964
  285 284.5 36.7742 0.015961
  286 285.5 36.7853 0.0159658
  287 286.5 36.7688 0.0159587
  288 287.5 36.7466 0.015949
  289 288.5 36.7461 0.0159488
  290 289.5 36.7821 0.0159644
  291 290.5 36.767 0.0159579
  292 291.5 36.7597 0.0159547
  293 292.5 36.7872 0.0159667
  294 293.5 36.7819 0.0159644
  295 294.5 36.8279 0.0159843
  296 295.5 36.7634 0.0159563
  297 296.5 36.7922 0.0159688
  298 297.5 36.8294 0.015985
  299 298.5 36.7883 0.0159672
  300 299.5 36.7626 0.015956
  301 300.5 36.7754 0.0159615
  302 301.5 36.7692 0.0159589
  303 302.5 36.7691 0.0159588
  304 303.5 36.7591 0.0159545
  305 304.5 36.7608 0.0159552
  306 305.5 36.7429 0.0159474
  307 306.5 36.7658 0.0159574
  308 307.5 36.7647 0.0159569
  309 308.5 36.7318 0.0159426
  310 309.5 36.7438 0.0159478
  311 310.5 36.8187 0.0159803
  312 311.5 36.7228 0.0159387
  313 312.5 36.7455 0.0159486
  314 313.5 36.8 0.0159722
  315 314.5 36.7974 0.0159711
  316 315.5 36.7662 0.0159575
  317 316.5 36.7806 0.0159638
  318 317.5 36.8082 0.0159758
  319 318.5 36.7968 0.0159708
  320 319.5 36.7808 0.0159639
  321 320.5 36.7928 0.0159691
  322 321.5 36.7971 0.015971
  323 322.5 36.7662 0.0159576
  324 323.5 36.7714 0.0159598
  325 324.5 36.816 0.0159792
  326 325.5 36.757 0.0159535
  327 326.5 36.7827 0.0159647
  328 327.5 36.7731 0.0159605
  329 328.5 36.77 0.0159592
  330 329.5 36.7707 0.0159595
  331 330.5 36.8093 0.0159763
  332 331.5 36.7454 0.0159485
  333 332.5 36.8284 0.0159845
  334 333.5 36.7785 0.0159629
  335 334.5 36.8054 0.0159746
  336 335.5 36.8065 0.015975
  337 336.5 36.8464 0.0159923
  338 337.5 36.769 0.0159588
  339 338.5 36.7811 0.015964
  340 339.5 36.8241 0.0159827
  341 340.5 36.7863 0.0159663
  342 341.5 36.7754 0.0159615
  343 342.5 36.7645 0.0159568
  344 343.5 36.7892 0.0159675
  345 344.5 36.7947 0.0159699
  346 345.5 36.7588 0.0159543
  347 346.5 36.7857 0.015966
  348 347.5 36.8055 0.0159746
  349 348.5 36.8207 0.0159812
  350 349.5 36.7818 0.0159643
  351 350.5 36.8296 0.0159851
  352 351.5 36.808 0.0159757
  353 352.5 36.7851 0.0159658
  354 353.5 36.8022 0.0159732
  355 354.5 36.8365 0.0159881
  356 355.5 36.7959 0.0159705
  357 356.5 36.8039 0.0159739
  358 357.5 36.7907 0.0159682
  359 358.5 36.7955 0.0159703
  360 359.5 36.8184 0.0159802
  361 360.5 36.8207 0.0159812
  362 361.5 36.784 0.0159653
  363 362.5 36.825 0.0159831
  364 363.5 36.8494 0.0159937
  365 364.5 36.8112 0.0159771
  366 365.5 36.7637 0.0159565
  367 366.5 36.8324 0.0159863
  368 367.5 36.8242 0.0159827
  369 368.5 36.769 0.0159588
  370 369.5 36.8001 0.0159723
  371 370.5 36.8164 0.0159793
  372 371.5 36.7685 0.0159586
  373 372.5 36.7736 0.0159608
  374 373.5 36.8004 0.0159724
  375 374.5 36.7804 0.0159637
  376 375.5 36.7394 0.0159459
  377 376.5 36.7283 0.0159411
  378 377.5 36.7045 0.0159308
  379 378.5 36.6622 0.0159124
  380 379.5 36.5309 0.0158554
  381 380.5 36.3942 0.0157961
  382 381.5 36.2317 0.0157256
  383 382.5 35.9421 0.0155999
  384 383.5 35.5243 0.0154185
  385 384.5 34.8428 0.0151227
  386 385.5 33.7487 0.0146479
  387 386.5 32.1929 0.0139726
  388 387.5 29.9013 0.012978
  389 388.5 26.7389 0.0116054
  390 389.5 22.7997 0.0098957
  391 390.5 18.4507 0.00800811
  392 391.5 14.0672 0.00610557
  393 392.5 10.0841 0.00437677
  394 393.5 6.94434 0.00301404
  395 394.5 4.6591 0.00202218
  396 395.5 3.14273 0.00136403
  397 396.5 2.17476 0.000943906
  398 397.5 1.60217 0.000695385
  399 398.5 1.2577 0.000545877
  400 399.5 1.06643 0.000462861
  401 400.5 0.970792 0.000421351
  402 401.5 0.904278 0.000392482
  403 402.5 0.85766 0.000372248
  404 403.5 0.832656 0.000361396
  405 404.5 0.814908 0.000353693
  406 405.5 0.807556 0.000350502
  407 406.5 0.79301 0.000344188
  408 407.5 0.772308 0.000335203
  409 408.5 0.762214 0.000330822
  410 409.5 0.760554 0.000330102
  411 410.5 0.757208 0.000328649
  412 411.5 0.753478 0.00032703
  413 412.5 0.756706 0.000328431
  414 413.5 0.75827 0.00032911
  415 414.5 0.754182 0.000327336
  416 415.5 0.758198 0.000329079
  417 416.5 0.759486 0.000329638
  418 417.5 0.761328 0.000330438
  419 418.5 0.771224 0.000334733
  420 419.5 0.780606 0.000338805
  421 420.5 0.786472 0.000341351
  422 421.5 0.785792 0.000341056
  423 422.5 0.780724 0.000338856
  424 423.5 0.776988 0.000337234
  425 424.5 0.771912 0.000335031
  426 425.5 0.766396 0.000332637
  427 426.5 0.757316 0.000328696
  428 427.5 0.757854 0.00032893
  429 428.5 0.75935 0.000329579
  430 429.5 0.752352 0.000326542
  431 430.5 0.755632 0.000327965
  432 431.5 0.767128 0.000332955
  433 432.5 0.769952 0.000334181
  434 433.5 0.77896 0.00033809
  435 434.5 0.779506 0.000338327
  436 435.5 0.768572 0.000333582
  437 436.5 0.766232 0.000332566
  438 437.5 0.771214 0.000334728
  439 438.5 0.772096 0.000335111
  440 439.5 0.774898 0.000336327
  441 440.5 0.784476 0.000340484
  442 441.5 0.781394 0.000339147
  443 442.5 0.772776 0.000335406
  444 443.5 0.776144 0.000336868
  445 444.5 0.775362 0.000336529
  446 445.5 0.789582 0.000342701
  447 446.5 0.781824 0.000339333
  448 447.5 0.77255 0.000335308
  449 448.5 0.775348 0.000336523
  450 449.5 0.779386 0.000338275
  451 450.5 0.781038 0.000338992
  452 451.5 0.776128 0.000336861
  453 452.5 0.769372 0.000333929
  454 453.5 0.767594 0.000333157
  455 454.5 0.770434 0.00033439
  456 455.5 0.775844 0.000336738
  457 456.5 0.768048 0.000333354
  458 457.5 0.769728 0.000334083
  459 458.5 0.762882 0.000331112
  460 459.5 0.76324 0.000331267
  461 460.5 0.7562 0.000328212
  462 461.5 0.757172 0.000328634
  463 462.5 0.757466 0.000328761
  464 463.5 0.76877 0.000333668
  465 464.5 0.772096 0.000335111
  466 465.5 0.77191 0.00033503
  467 466.5 0.77983 0.000338468
  468 467.5 0.780674 0.000338834
  469 468.5 0.777028 0.000337252
  470 469.5 0.768468 0.000333536
  471 470.5 0.763086 0.000331201
  472 471.5 0.773012 0.000335509
  473 472.5 0.77373 0.00033582
  474 473.5 0.779528 0.000338337
  475 474.5 0.78281 0.000339761
  476 475.5 0.78095 0.000338954
  477 476.5 0.783618 0.000340112
  478 477.5 0.780076 0.000338575
  479 478.5 0.780578 0.000338793
  480 479.5 0.790788 0.000343224
