# Chunk-averaged data for fix tensor1 and group all
# Timestep Number-of-chunks Total-count
# Chunk Coord1 Ncount density/number c_press[1] c_press[2] c_press[3]
240000000 624 15261
  1 0.5 37.8118 0.0164114 -125.625 -107.448 -139.749
  2 1.5 37.8028 0.0164074 -159.279 -116.796 -129.321
  3 2.5 37.8008 0.0164066 -159.14 -190.793 -169.908
  4 3.5 37.8448 0.0164257 -149.116 -175.544 -174.399
  5 4.5 37.7964 0.0164047 -90.8973 -189.906 -119.044
  6 5.5 37.801 0.0164067 -133.018 -126.161 -139.995
  7 6.5 37.826 0.0164175 -62.5083 -120.133 -186.392
  8 7.5 37.8248 0.016417 -75.7822 -110.079 -99.1662
  9 8.5 37.7986 0.0164057 -40.1367 -168.008 -124.791
  10 9.5 37.8124 0.0164116 -133.953 -199.556 -154.969
  11 10.5 37.8358 0.0164218 -121.938 -182.673 -133.566
  12 11.5 37.8082 0.0164098 -142.601 -57.4683 -93.6954
  13 12.5 37.813 0.0164119 -105.402 -39.8322 -153.1
  14 13.5 37.8281 0.0164184 -92.1134 -38.2821 -129.128
  15 14.5 37.8101 0.0164107 -128.898 -121.298 -112.224
  16 15.5 37.8147 0.0164126 -177.05 -108.559 -114.377
  17 16.5 37.8201 0.016415 -155.226 -154.091 -174.582
  18 17.5 37.8213 0.0164155 -139.725 -213.895 -119.059
  19 18.5 37.8039 0.016408 -223.455 -279.934 -115.044
  20 19.5 37.8389 0.0164231 -277.386 -268.139 -120.305
  21 20.5 37.837 0.0164223 -292.958 -245.985 -155.484
  22 21.5 37.7903 0.016402 -203.65 -155.501 -177.996
  23 22.5 37.8288 0.0164187 -162.914 -144.92 -71.2267
  24 23.5 37.857 0.016431 -65.5378 -100.679 -83.7342
  25 24.5 37.8171 0.0164137 -202.881 -145.945 -148.89
  26 25.5 37.8029 0.0164075 -240.344 -220.229 -154.311
  27 26.5 37.8433 0.0164251 -249.338 -185.965 -132.755
  28 27.5 37.8487 0.0164274 -174.057 -123.635 -151.967
  29 28.5 37.8411 0.0164241 -116.309 -136.246 -155.499
  30 29.5 37.8034 0.0164077 -108.876 -112.705 -55.8964
  31 30.5 37.8658 0.0164348 -191.095 -128.889 -179.466
  32 31.5 37.8536 0.0164295 -152.984 -130.045 -171.631
  33 32.5 37.8165 0.0164134 -179.815 -174.297 -161.786
  34 33.5 37.8435 0.0164251 -74.0232 -124.193 -106.837
  35 34.5 37.8674 0.0164355 -72.432 -150.139 -188.407
  36 35.5 37.8284 0.0164186 -7.86041 -124.825 -136.713
  37 36.5 37.8197 0.0164148 -43.3374 -4.13663 -108.507
  38 37.5 37.8599 0.0164322 -110.327 -130.58 -184.37
  39 38.5 37.8294 0.016419 -75.4298 -59.3704 -202.78
  40 39.5 37.818 0.016414 -28.009 -52.3176 -133.549
  41 40.5 37.8308 0.0164196 -54.8303 -57.0043 -159.676
  42 41.5 37.847 0.0164266 -40.959 -91.6006 -138.313
  43 42.5 37.798 0.0164054 -171.717 -160.73 -130.04
  44 43.5 37.8269 0.0164179 -153.318 -176.675 -197.689
  45 44.5 37.8169 0.0164136 -148.378 -140.72 -193.751
  46 45.5 37.7651 0.0163911 -79.4868 -74.4664 -127.375
  47 46.5 37.7913 0.0164025 -168.471 -122.555 -136.53
  48 47.5 37.8095 0.0164104 -160.486 -111.873 -177.117
  49 48.5 37.7288 0.0163753 -188.078 -145.297 -166.391
  50 49.5 37.7578 0.0163879 -112.287 -48.4864 -193.658
  51 50.5 37.7561 0.0163872 -177.67 -93.5935 -211.348
  52 51.5 37.736 0.0163785 -100.066 -6.29709 -96.4888
  53 52.5 37.6921 0.0163594 -89.1738 -71.0992 -189.233
  54 53.5 37.7105 0.0163674 -31.6827 0.226801 -224.235
  55 54.5 37.7107 0.0163675 12.1631 -17.1029 -120.328
  56 55.5 37.6516 0.0163418 50.2466 -55.1026 -146.373
  57 56.5 37.6463 0.0163396 27.7028 -115.669 -255.762
  58 57.5 37.6529 0.0163424 12.5659 -40.2464 -188.928
  59 58.5 37.6006 0.0163197 84.5622 31.6391 -142.739
  60 59.5 37.5835 0.0163123 103.587 50.7505 -232.157
  61 60.5 37.5583 0.0163013 63.8905 30.7408 -231.428
  62 61.5 37.5306 0.0162893 29.6606 27.6452 -162.206
  63 62.5 37.515 0.0162826 -15.9807 4.67038 -166.461
  64 63.5 37.4771 0.0162661 -12.6061 42.9968 -236.915
  65 64.5 37.4497 0.0162542 -4.10918 79.4777 -153.197
  66 65.5 37.3913 0.0162289 -57.9776 1.13656 -201.305
  67 66.5 37.3918 0.0162291 -47.9478 -43.5501 -211.553
  68 67.5 37.3186 0.0161973 4.67159 -19.1225 -213.28
  69 68.5 37.2839 0.0161822 -62.9346 -6.96553 -181.599
  70 69.5 37.251 0.016168 -82.5275 26.4921 -173.509
  71 70.5 37.2073 0.016149 -55.3601 -20.5604 -192.928
  72 71.5 37.1498 0.016124 -78.9717 -52.858 -191.714
  73 72.5 37.1171 0.0161099 -58.8427 -96.3077 -210.461
  74 73.5 37.0596 0.0160849 -11.472 -30.011 -132.175
  75 74.5 37.0034 0.0160605 -21.2604 -73.6205 -136.748
  76 75.5 36.952 0.0160382 -64.5612 -5.69589 -190.113
  77 76.5 36.8966 0.0160141 -108.301 -62.7808 -141.638
  78 77.5 36.8512 0.0159944 -48.6827 -109.585 -184.014
  79 78.5 36.7788 0.015963 -46.5443 -57.9897 -138.351
  80 79.5 36.7299 0.0159418 -31.8766 3.75202 -88.8796
  81 80.5 36.6705 0.015916 -60.8855 -38.3813 -112.849
  82 81.5 36.6178 0.0158931 -21.821 -94.9501 -114.794
  83 82.5 36.5618 0.0158688 -49.8466 -90.4589 -109.302
  84 83.5 36.4903 0.0158378 -150.778 -176.892 -117.683
  85 84.5 36.4649 0.0158268 -96.7753 -77.8706 -88.7376
  86 85.5 36.3772 0.0157887 -120.486 -147.63 -53.4235
  87 86.5 36.3276 0.0157672 -160.559 -142.39 -69.5262
  88 87.5 36.2943 0.0157528 -141.618 -147.563 -109.243
  89 88.5 36.2362 0.0157275 -175.908 -205.119 -45.4516
  90 89.5 36.1913 0.015708 -248.201 -216.321 -80.5803
  91 90.5 36.1674 0.0156977 -187.422 -175.999 -18.3408
  92 91.5 36.0865 0.0156625 -212.629 -218.29 -128.218
  93 92.5 36.0679 0.0156545 -168.976 -226.699 -76.677
  94 93.5 36.0676 0.0156543 -114.22 -212.242 -57.7612
  95 94.5 36.0026 0.0156261 -106.269 -198.959 -78.7762
  96 95.5 35.9451 0.0156012 -162.303 -183.105 -48.55
  97 96.5 35.958 0.0156068 -224.023 -167.469 -117.553
  98 97.5 35.9207 0.0155906 -196.453 -179.409 -97.1834
  99 98.5 35.8895 0.015577 -210.77 -124.436 -56.9791
  100 99.5 35.8622 0.0155652 -217.934 -171.605 -78.1936
  101 100.5 35.8497 0.0155598 -192.772 -163.726 -120.115
  102 101.5 35.8325 0.0155523 -227.686 -201.03 -75.573
  103 102.5 35.8127 0.0155437 -261.036 -272.221 -106.996
  104 103.5 35.7806 0.0155298 -234.536 -188.185 -104.806
  105 104.5 35.7714 0.0155258 -190.934 -188.545 -117.268
  106 105.5 35.7434 0.0155136 -116.899 -179.513 -112.435
  107 106.5 35.7502 0.0155166 -116.929 -97.2645 -99.0818
  108 107.5 35.7157 0.0155016 -109.22 -120.048 -114.519
  109 108.5 35.6978 0.0154939 -146.744 -126.773 -92.4534
  110 109.5 35.7008 0.0154952 -174.324 -131.394 -119.569
  111 110.5 35.6857 0.0154886 -158.144 -183.06 -149.966
  112 111.5 35.6634 0.0154789 -139.814 -200.508 -129.186
  113 112.5 35.6632 0.0154788 -156.887 -153.499 -55.0627
  114 113.5 35.6663 0.0154802 -137.605 -203.185 -136.646
  115 114.5 35.6174 0.0154589 -221.023 -200.751 -152.216
  116 115.5 35.6179 0.0154591 -178.394 -111.864 -145.857
  117 116.5 35.6231 0.0154614 -144.972 -208.379 -89.9786
  118 117.5 35.6316 0.0154651 -140.582 -140.552 -83.0196
  119 118.5 35.6001 0.0154514 -161.592 -192.866 -152.458
  120 119.5 35.563 0.0154353 -200.449 -120.121 -145.533
  121 120.5 35.5959 0.0154496 -167.59 -192.334 -105.938
  122 121.5 35.6282 0.0154636 -243.782 -238.877 -114.046
  123 122.5 35.5674 0.0154372 -140.458 -199.131 -125.297
  124 123.5 35.5404 0.0154255 -99.1022 -190.628 -127.344
  125 124.5 35.6003 0.0154515 -182.379 -169.775 -109.168
  126 125.5 35.5794 0.0154424 -171.76 -158.281 -125.047
  127 126.5 35.5418 0.0154261 -177.792 -206.804 -156.409
  128 127.5 35.5584 0.0154333 -157.325 -184.049 -133.873
  129 128.5 35.5813 0.0154433 -167.655 -182.517 -98.8274
  130 129.5 35.5929 0.0154483 -214.207 -212.392 -99.9026
  131 130.5 35.521 0.0154171 -194.273 -157.974 -144.986
  132 131.5 35.5721 0.0154393 -133.058 -161.978 -160.991
  133 132.5 35.5947 0.0154491 -131.697 -140.003 -111.388
  134 133.5 35.5656 0.0154365 -54.5158 -139.808 -61.4056
  135 134.5 35.545 0.0154275 -126.882 -174.635 -225.525
  136 135.5 35.5952 0.0154493 -47.8779 -91.0965 -104.096
  137 136.5 35.5996 0.0154512 -121.138 -7.32285 -129.375
  138 137.5 35.5746 0.0154404 -156.402 -146.588 -149.099
  139 138.5 35.5864 0.0154455 -150.17 -178.023 -142.621
  140 139.5 35.5994 0.0154511 -156.258 -209.498 -163.361
  141 140.5 35.6205 0.0154603 -137.984 -186.385 -127.138
  142 141.5 35.5652 0.0154363 -105.812 -167.174 -165.031
  143 142.5 35.6297 0.0154643 -89.8306 -92.3794 -159.256
  144 143.5 35.602 0.0154523 -113.73 -119.803 -165.87
  145 144.5 35.6148 0.0154578 -98.4232 -95.513 -129.975
  146 145.5 35.6352 0.0154667 -168.463 -161.846 -167.27
  147 146.5 35.6196 0.0154599 -70.6966 -115.216 -167.948
  148 147.5 35.6105 0.015456 -135.21 -193.425 -194.162
  149 148.5 35.6288 0.0154639 -167.343 -139.649 -149.355
  150 149.5 35.6463 0.0154715 -145.94 -140.26 -125.406
  151 150.5 35.5825 0.0154438 -133.968 -121.841 -194.545
  152 151.5 35.6205 0.0154603 -76.1857 -96.5369 -190.811
  153 152.5 35.5789 0.0154422 -77.7362 -142.376 -168.777
  154 153.5 35.6165 0.0154585 -99.6364 -95.6057 -136.268
  155 154.5 35.589 0.0154466 -101.874 -56.4999 -157.953
  156 155.5 35.5755 0.0154407 -134.874 -106.137 -125.733
  157 156.5 35.5642 0.0154358 -166.258 -88.0029 -151.703
  158 157.5 35.5988 0.0154508 -114.765 -117.31 -136.434
  159 158.5 35.5576 0.015433 -164.895 -145.683 -176.268
  160 159.5 35.5507 0.01543 -175.531 -163.784 -143.101
  161 160.5 35.5555 0.0154321 -153.948 -143.311 -119.745
  162 161.5 35.553 0.015431 -166.731 -210.976 -156.664
  163 162.5 35.535 0.0154232 -176.333 -153.636 -157.876
  164 163.5 35.5302 0.0154211 -172.246 -164.951 -157.185
  165 164.5 35.5507 0.01543 -140.808 -183.09 -99.2562
  166 165.5 35.5301 0.015421 -206.799 -140.384 -166.726
  167 166.5 35.5106 0.0154126 -199.326 -146.713 -136.738
  168 167.5 35.5118 0.0154131 -169.724 -149.743 -133.097
  169 168.5 35.5187 0.0154161 -122.609 -190.991 -150.039
  170 169.5 35.4947 0.0154057 -106.872 -174.828 -116.641
  171 170.5 35.4788 0.0153988 -110.71 -156.274 -183.296
  172 171.5 35.5039 0.0154097 -132.263 -149.359 -140.755
  173 172.5 35.4817 0.0154001 -99.0634 -163.867 -120.928
  174 173.5 35.4681 0.0153941 -114.495 -153.676 -110.117
  175 174.5 35.474 0.0153967 -140.453 -223.896 -171.542
  176 175.5 35.4602 0.0153907 -127.598 -142.872 -151.461
  177 176.5 35.4634 0.0153921 -149.592 -170.57 -103.341
  178 177.5 35.4516 0.015387 -145.283 -217.938 -181.475
  179 178.5 35.457 0.0153893 -85.507 -162.883 -128.324
  180 179.5 35.4205 0.0153735 -120.123 -164.839 -129.509
  181 180.5 35.4733 0.0153964 -160.032 -143.316 -111.448
  182 181.5 35.4567 0.0153892 -178.255 -190.884 -126.502
  183 182.5 35.4277 0.0153766 -163.458 -197.589 -144.784
  184 183.5 35.4293 0.0153773 -186.684 -116.798 -171.205
  185 184.5 35.4508 0.0153866 -173.863 -129.913 -162.899
  186 185.5 35.4352 0.0153799 -146.596 -141.455 -103.436
  187 186.5 35.4262 0.015376 -144.13 -172.515 -136.641
  188 187.5 35.424 0.015375 -137.564 -114.711 -137.057
  189 188.5 35.4234 0.0153747 -170.985 -117.978 -136.539
  190 189.5 35.4222 0.0153742 -159.546 -158.216 -185.726
  191 190.5 35.4319 0.0153784 -168.978 -137.086 -135.236
  192 191.5 35.4094 0.0153686 -200.776 -143.936 -130.002
  193 192.5 35.4365 0.0153804 -136.492 -84.8719 -129.202
  194 193.5 35.4053 0.0153669 -106.967 -77.6235 -145.165
  195 194.5 35.4138 0.0153706 -158.189 -157.032 -165.237
  196 195.5 35.4259 0.0153758 -140.888 -104.833 -104.804
  197 196.5 35.4262 0.015376 -151.25 -144.002 -165.375
  198 197.5 35.4015 0.0153652 -123.907 -141.748 -162.115
  199 198.5 35.4159 0.0153715 -166.501 -83.7201 -194.345
  200 199.5 35.419 0.0153728 -145.524 -136.344 -88.7062
  201 200.5 35.4122 0.0153699 -141.477 -167.276 -129.656
  202 201.5 35.4004 0.0153648 -197.913 -186.129 -169.866
  203 202.5 35.3904 0.0153604 -91.9632 -129.041 -167.463
  204 203.5 35.3935 0.0153618 -138.481 -61.04 -126.247
  205 204.5 35.401 0.015365 -139.606 -151.087 -146.849
  206 205.5 35.4001 0.0153646 -131.275 -118.52 -146.504
  207 206.5 35.391 0.0153607 -178.626 -168.913 -132.818
  208 207.5 35.3922 0.0153612 -102.861 -121.594 -132.909
  209 208.5 35.3952 0.0153625 -115.458 -146.087 -137.28
  210 209.5 35.3811 0.0153564 -136.109 -164.855 -134.866
  211 210.5 35.383 0.0153572 -135.298 -183.313 -134.473
  212 211.5 35.3809 0.0153563 -117.553 -181.311 -150.083
  213 212.5 35.3783 0.0153552 -175.603 -220.188 -154.411
  214 213.5 35.3831 0.0153573 -115.719 -151.433 -91.9636
  215 214.5 35.397 0.0153633 -219.288 -156.528 -142.068
  216 215.5 35.3739 0.0153533 -176.657 -167.952 -154.009
  217 216.5 35.3729 0.0153528 -172.124 -158.381 -161.494
  218 217.5 35.368 0.0153507 -131.992 -138.28 -132.897
  219 218.5 35.4012 0.0153651 -124.386 -117.782 -144.506
  220 219.5 35.3889 0.0153598 -174.482 -152.43 -123.027
  221 220.5 35.3523 0.0153439 -170.676 -160.341 -125.328
  222 221.5 35.4283 0.0153769 -176.006 -172.05 -164.574
  223 222.5 35.3885 0.0153596 -205.501 -167.525 -147.003
  224 223.5 35.3608 0.0153476 -194.25 -174.848 -176.675
  225 224.5 35.3923 0.0153612 -191.52 -149.661 -179.961
  226 225.5 35.4098 0.0153688 -149.788 -166.294 -162.813
  227 226.5 35.3814 0.0153565 -123.107 -151.118 -174.502
  228 227.5 35.3788 0.0153554 -108.737 -106.213 -203.443
  229 228.5 35.3929 0.0153615 -65.4332 -117.485 -209.291
  230 229.5 35.3763 0.0153543 -74.8263 -94.2361 -229.217
  231 230.5 35.3764 0.0153543 -31.404 -99.4616 -237.164
  232 231.5 35.3903 0.0153604 10.2341 -45.2831 -291.126
  233 232.5 35.3577 0.0153462 -5.70707 -64.9324 -286.519
  234 233.5 35.342 0.0153394 60.5796 -8.99036 -381.778
  235 234.5 35.3558 0.0153454 94.8751 80.6366 -411.262
  236 235.5 35.2928 0.0153181 137.062 132.068 -509.848
  237 236.5 35.2845 0.0153144 214.908 174.146 -506.128
  238 237.5 35.2366 0.0152937 293.402 283.111 -701.648
  239 238.5 35.1702 0.0152649 418.849 451.64 -711.886
  240 239.5 35.0855 0.0152281 639.703 661.543 -814.212
  241 240.5 34.9635 0.0151751 864.653 845.785 -875.851
  242 241.5 34.8181 0.015112 1178.66 1174.13 -807.362
  243 242.5 34.5548 0.0149977 1409.16 1437.9 -884.261
  244 243.5 34.2058 0.0148463 1638.99 1718.11 -774.596
  245 244.5 33.7561 0.0146511 1931.21 2028.88 -652.017
  246 245.5 33.1506 0.0143883 2203 2222.42 -526.286
  247 246.5 32.4446 0.0140818 2355.08 2364.71 -444.83
  248 247.5 31.5956 0.0137134 2410.68 2498.07 -327.103
  249 248.5 30.6846 0.013318 2598.63 2588.66 -262.554
  250 249.5 29.719 0.0128989 2658.01 2710.28 -281.749
  251 250.5 28.6859 0.0124505 2778.74 2804.74 -223.853
  252 251.5 27.6541 0.0120027 2817.69 2895.35 -284.828
  253 252.5 26.6279 0.0115573 2995.22 3064.47 -310.158
  254 253.5 25.5857 0.0111049 3177.07 3183.11 -311.398
  255 254.5 24.5781 0.0106676 3442.16 3323.78 -291.468
  256 255.5 23.5011 0.0102001 3570.99 3507.76 -212.577
  257 256.5 22.4293 0.00973493 3786.52 3733.94 -126.747
  258 257.5 21.3056 0.00924723 3849.5 3863.65 -179.752
  259 258.5 20.1878 0.00876208 3944.62 3949.62 -260.955
  260 259.5 19.0684 0.0082762 4187.68 4164.61 -378.976
  261 260.5 17.9854 0.00780617 4519.27 4522.2 -544.929
  262 261.5 16.9604 0.00736127 5018.36 5017.57 -580.165
  263 262.5 15.93 0.00691408 5667.17 5612.51 -306.517
  264 263.5 14.8741 0.00645576 6194.53 6164.44 15.9482
  265 264.5 13.7456 0.00596596 6641.24 6645.28 375.876
  266 265.5 12.5556 0.00544946 7075.04 7011.29 913.753
  267 266.5 11.2955 0.00490257 7177.71 7112.24 1313.02
  268 267.5 10.049 0.00436156 7187.18 7277.9 1512.3
  269 268.5 8.83722 0.0038356 7423.46 7357.14 1697.22
  270 269.5 7.70852 0.00334571 7629.98 7559.37 1799.84
  271 270.5 6.69747 0.00290689 7950.48 7842.98 1977.77
  272 271.5 5.74082 0.00249167 8274.78 8293.03 2364.28
  273 272.5 4.87245 0.00211478 8549.37 8644.38 2827.94
  274 273.5 4.08339 0.0017723 8802.05 8912.9 3542.89
  275 274.5 3.34782 0.00145305 8848.86 8821.91 4559.16
  276 275.5 2.66949 0.00115863 8265.82 8208.03 5486.28
  277 276.5 2.07104 0.000898888 6899.38 6961.32 6060.63
  278 277.5 1.55692 0.000675747 4771.63 4884.01 6193.59
  279 278.5 1.13811 0.000493973 1558.49 1551.22 4942.78
  280 279.5 0.842922 0.000365852 -2320.51 -2312.82 2783.3
  281 280.5 0.640928 0.000278181 -6373 -6552.78 -897.717
  282 281.5 0.513029 0.000222669 -9820.22 -9870.02 -4862.38
  283 282.5 0.437573 0.000189919 -12466.8 -12461.2 -8706.97
  284 283.5 0.395336 0.000171587 -13973.1 -14070 -11579.7
  285 284.5 0.375487 0.000162972 -14661.5 -14747.8 -13060.6
  286 285.5 0.363267 0.000157668 -15279.1 -15253.2 -14236.9
  287 286.5 0.360614 0.000156516 -15282.1 -15419.4 -14554.7
  288 287.5 0.355781 0.000154419 -15315.3 -15494.6 -14932.8
  289 288.5 0.353168 0.000153285 -15560.4 -15545.1 -15243.1
  290 289.5 0.352212 0.00015287 -15637 -15627.2 -15343.3
  291 290.5 0.35403 0.000153659 -15625.5 -15703.2 -15193
  292 291.5 0.352544 0.000153014 -15809.2 -15585.7 -15382.7
  293 292.5 0.351106 0.00015239 -15697.6 -15671.7 -15454.7
  294 293.5 0.35004 0.000151927 -15677 -15623.8 -15510.8
  295 294.5 0.349998 0.000151909 -15594 -15659.6 -15528.9
  296 295.5 0.351662 0.000152631 -15271.7 -15668.6 -15428.8
  297 296.5 0.352655 0.000153062 -15360.6 -15847.5 -15412.3
  298 297.5 0.350372 0.000152071 -15329.6 -15607.3 -15497.1
  299 298.5 0.348579 0.000151293 -15596.8 -15765.8 -15606.2
  300 299.5 0.349749 0.000151801 -15545.6 -15793.1 -15522.4
  301 300.5 0.353033 0.000153226 -15385.8 -15655.3 -15461.6
  302 301.5 0.351404 0.000152519 -15506.5 -15608.3 -15440.8
  303 302.5 0.351112 0.000152392 -15245.9 -15693.5 -15492.1
  304 303.5 0.351889 0.00015273 -15427.3 -15749.8 -15455.5
  305 304.5 0.347649 0.000150889 -15297.1 -15634.2 -15668.9
  306 305.5 0.348911 0.000151437 -15488.4 -15665.5 -15576.4
  307 306.5 0.349929 0.000151879 -15411.5 -15679.2 -15542.3
  308 307.5 0.350994 0.000152341 -15583.3 -15731 -15485.4
  309 308.5 0.351099 0.000152387 -15592.3 -15663.7 -15499.1
  310 309.5 0.350883 0.000152293 -15519.5 -15473.2 -15517.4
  311 310.5 0.350846 0.000152277 -15465.3 -15618.8 -15486.6
  312 311.5 0.351314 0.00015248 -15389.4 -15383.8 -15490.2
  313 312.5 0.349257 0.000151587 -15451 -15531.5 -15577
  314 313.5 0.347378 0.000150772 -15356 -15455.3 -15637.3
  315 314.5 0.348595 0.0001513 -15327.6 -15612.5 -15587.1
  316 315.5 0.3455 0.000149957 -15225.4 -15530.2 -15734.3
  317 316.5 0.348594 0.000151299 -14979.9 -15683.9 -15634.8
  318 317.5 0.350441 0.000152101 -15120.9 -15592.8 -15539.1
  319 318.5 0.349819 0.000151831 -15189 -15409.5 -15493.6
  320 319.5 0.349025 0.000151487 -15349 -15526.1 -15603.8
  321 320.5 0.349155 0.000151543 -15538.9 -15688.4 -15593.2
  322 321.5 0.352013 0.000152783 -15609.9 -15901.2 -15428.6
  323 322.5 0.349625 0.000151747 -15569.5 -15807 -15554
  324 323.5 0.3494 0.000151649 -15714.1 -15741.8 -15602.6
  325 324.5 0.350608 0.000152174 -15569.6 -15804.1 -15477.7
  326 325.5 0.35118 0.000152422 -15844.7 -15754.6 -15463.5
  327 326.5 0.352276 0.000152898 -15473.8 -15614.1 -15469.8
  328 327.5 0.351429 0.00015253 -15477.2 -15788.3 -15477
  329 328.5 0.350924 0.000152311 -15506.2 -15787 -15500.5
  330 329.5 0.350411 0.000152088 -15359.1 -15851.7 -15530.8
  331 330.5 0.351061 0.00015237 -15400.9 -15694.4 -15518.8
  332 331.5 0.354391 0.000153816 -15517.3 -15630.6 -15392.2
  333 332.5 0.355222 0.000154176 -15500.1 -15779.8 -15260.6
  334 333.5 0.351087 0.000152382 -15630.5 -15858.1 -15501.7
  335 334.5 0.349098 0.000151518 -15715 -15890 -15564.9
  336 335.5 0.349376 0.000151639 -15687.7 -15554.6 -15521.7
  337 336.5 0.346953 0.000150587 -15738.2 -15638.9 -15678.2
  338 337.5 0.346438 0.000150364 -15758.3 -16013.3 -15694.7
  339 338.5 0.346151 0.000150239 -15658 -15662.9 -15734.1
  340 339.5 0.34503 0.000149753 -15815.7 -15617.2 -15723
  341 340.5 0.344717 0.000149617 -15934.2 -15549.6 -15799.9
  342 341.5 0.34895 0.000151454 -15689.2 -15395.4 -15621.5
  343 342.5 0.352333 0.000152922 -15764.4 -15376.7 -15432.4
  344 343.5 0.353224 0.000153309 -15739.6 -15627.5 -15350.7
  345 344.5 0.352609 0.000153042 -15742.5 -15456.6 -15450.4
  346 345.5 0.351633 0.000152618 -15416.4 -15453.9 -15509.1
  347 346.5 0.351368 0.000152503 -15571.8 -15681.4 -15438.8
  348 347.5 0.350246 0.000152016 -15475 -15794.8 -15570.4
  349 348.5 0.349789 0.000151818 -15702.3 -15902.9 -15545.4
  350 349.5 0.349509 0.000151697 -15553.2 -15788.3 -15547.7
  351 350.5 0.354438 0.000153836 -15680 -15624.3 -15313.6
  352 351.5 0.351503 0.000152562 -15819.3 -15752.9 -15482.8
  353 352.5 0.354034 0.000153661 -15728.8 -15837 -15354.7
  354 353.5 0.35275 0.000153103 -15605.8 -15861 -15479.8
  355 354.5 0.347438 0.000150798 -15169.7 -15838.9 -15672.5
  356 355.5 0.349444 0.000151668 -15043.7 -15808.4 -15526.6
  357 356.5 0.352888 0.000153163 -15221.2 -15718.3 -15423.9
  358 357.5 0.352407 0.000152954 -15159.9 -15505.2 -15422.9
  359 358.5 0.355143 0.000154142 -15197.6 -15386.3 -15292.3
  360 359.5 0.353951 0.000153625 -15200.4 -15390.9 -15350.7
  361 360.5 0.35373 0.000153529 -15138.5 -15478.8 -15387.9
  362 361.5 0.350763 0.000152241 -15119.4 -15506.6 -15520.2
  363 362.5 0.349857 0.000151848 -15143.6 -15544.7 -15611.3
  364 363.5 0.352607 0.000153041 -15168.2 -15371.9 -15419.6
  365 364.5 0.350188 0.000151991 -15314.8 -15510 -15499.4
  366 365.5 0.355314 0.000154216 -15269.6 -15631.7 -15292
  367 366.5 0.35206 0.000152804 -15305.3 -15565.4 -15444.4
  368 367.5 0.352404 0.000152953 -15320.7 -15544.4 -15419.8
  369 368.5 0.35221 0.000152869 -15475.8 -15322.1 -15414.8
  370 369.5 0.351276 0.000152464 -15243.9 -15372.6 -15509.6
  371 370.5 0.353622 0.000153482 -15363.3 -15389.2 -15416.3
  372 371.5 0.35305 0.000153234 -15387.9 -15260.3 -15379.8
  373 372.5 0.35445 0.000153841 -15348.3 -15257.5 -15355.8
  374 373.5 0.352564 0.000153023 -15142.8 -15369.8 -15428.9
  375 374.5 0.350376 0.000152073 -15205.4 -15391.3 -15499
  376 375.5 0.351025 0.000152355 -15336.7 -15500.4 -15544.1
  377 376.5 0.349328 0.000151618 -15311.9 -15420.8 -15597.2
  378 377.5 0.352311 0.000152913 -15197.1 -15341.1 -15396.3
  379 378.5 0.35536 0.000154236 -15342.3 -15507 -15291.7
  380 379.5 0.35048 0.000152118 -15600.9 -15536.6 -15518.7
  381 380.5 0.35538 0.000154245 -15478.7 -15422.4 -15267.6
  382 381.5 0.353712 0.000153521 -15429 -15424.5 -15405.6
  383 382.5 0.351816 0.000152698 -15557.8 -15519.3 -15545.7
  384 383.5 0.352657 0.000153063 -15477.5 -15582.9 -15388.7
  385 384.5 0.35371 0.00015352 -15349.9 -15403.8 -15350.9
  386 385.5 0.353007 0.000153215 -15611.3 -15514.7 -15435.2
  387 386.5 0.353652 0.000153495 -15707.8 -15580.2 -15376.3
  388 387.5 0.347673 0.0001509 -15573.1 -15576.5 -15594.8
  389 388.5 0.350297 0.000152039 -15669 -15604 -15587.5
  390 389.5 0.349715 0.000151786 -15732.1 -15660.7 -15569.5
  391 390.5 0.348581 0.000151294 -15524.6 -15657.4 -15593.2
  392 391.5 0.349126 0.00015153 -15544.3 -15541.2 -15534
  393 392.5 0.347077 0.000150641 -15451 -15708 -15687.5
  394 393.5 0.346766 0.000150506 -15566.3 -15630.8 -15654.4
  395 394.5 0.349505 0.000151695 -15716.8 -15583.1 -15588.3
  396 395.5 0.351128 0.000152399 -15620.7 -15804.3 -15489.2
  397 396.5 0.348802 0.00015139 -15591.9 -15836.3 -15590.1
  398 397.5 0.350489 0.000152122 -15576.5 -15653.8 -15504.6
  399 398.5 0.350063 0.000151937 -15710.1 -15538.6 -15577
  400 399.5 0.350203 0.000151998 -15554.6 -15571.5 -15510.8
  401 400.5 0.351314 0.00015248 -15373.7 -15299.5 -15501
  402 401.5 0.349727 0.000151791 -15388.4 -15408.2 -15567.5
  403 402.5 0.350785 0.00015225 -15532 -15455.6 -15475.6
  404 403.5 0.352249 0.000152886 -15456.9 -15543.9 -15441.5
  405 404.5 0.348788 0.000151384 -15534.3 -15546.6 -15610.2
  406 405.5 0.34627 0.000150291 -15647 -15684.6 -15687.3
  407 406.5 0.348661 0.000151329 -15631.6 -15589.5 -15575.2
  408 407.5 0.348978 0.000151466 -15403.6 -15651.6 -15609.9
  409 408.5 0.346494 0.000150388 -15482.8 -15604.1 -15676.2
  410 409.5 0.346602 0.000150435 -15195.4 -15603.9 -15731.9
  411 410.5 0.346324 0.000150314 -15395.2 -15614.6 -15699.2
  412 411.5 0.346488 0.000150385 -15689 -15563.5 -15708.7
  413 412.5 0.34799 0.000151037 -15418 -15441.6 -15588.1
  414 413.5 0.347716 0.000150918 -15700.2 -15520.1 -15684.1
  415 414.5 0.34753 0.000150838 -15915.1 -15672.1 -15681.5
  416 415.5 0.347024 0.000150618 -15889.5 -15719.8 -15654.2
  417 416.5 0.346509 0.000150395 -15797.7 -15632 -15652.5
  418 417.5 0.346354 0.000150327 -16055 -15655.1 -15654.1
  419 418.5 0.34405 0.000149327 -15998.1 -15656.5 -15837.5
  420 419.5 0.345365 0.000149898 -15804.8 -15523.2 -15759.9
  421 420.5 0.345048 0.00014976 -15793.2 -15753.2 -15783.8
  422 421.5 0.348787 0.000151383 -16068.6 -15802.2 -15595.6
  423 422.5 0.347068 0.000150637 -16064.1 -15771 -15650.9
  424 423.5 0.348058 0.000151067 -15925 -15844.6 -15645.8
  425 424.5 0.346011 0.000150178 -16114 -15743.2 -15726.5
  426 425.5 0.349176 0.000151552 -15888.6 -15617.2 -15524.8
  427 426.5 0.349482 0.000151685 -15927.2 -15540.6 -15577.1
  428 427.5 0.351271 0.000152461 -15845.9 -15567.9 -15490
  429 428.5 0.348793 0.000151386 -15953.7 -15514.3 -15618.3
  430 429.5 0.351631 0.000152618 -16168.4 -15562.2 -15486.3
  431 430.5 0.350687 0.000152208 -15860.2 -15492.4 -15474.9
  432 431.5 0.349163 0.000151546 -15814.7 -15465.4 -15608.7
  433 432.5 0.349241 0.00015158 -15964.7 -15457.6 -15553.7
  434 433.5 0.351306 0.000152477 -15957.6 -15602.1 -15479.4
  435 434.5 0.351699 0.000152647 -15951.4 -15366.5 -15444.9
  436 435.5 0.348465 0.000151243 -15753.6 -15488.2 -15530.6
  437 436.5 0.349065 0.000151504 -15576 -15464 -15559.7
  438 437.5 0.352624 0.000153049 -15613.3 -15438.5 -15383.2
  439 438.5 0.353079 0.000153246 -15507.9 -15449.5 -15334.3
  440 439.5 0.351514 0.000152567 -15454.6 -15340.3 -15309.9
  441 440.5 0.35373 0.000153529 -15545.8 -15362.6 -15248.3
  442 441.5 0.352888 0.000153163 -15429.6 -15514.3 -15138.5
  443 442.5 0.356396 0.000154686 -15542.7 -15248.3 -14869.6
  444 443.5 0.361827 0.000157043 -15456.1 -15224.8 -14472.3
  445 444.5 0.367736 0.000159608 -15051.4 -14804.4 -13840
  446 445.5 0.384124 0.00016672 -14540.4 -14472.5 -12675.8
  447 446.5 0.410486 0.000178162 -13842.3 -13629.8 -10800.7
  448 447.5 0.453394 0.000196786 -11956.8 -12060.3 -8060.61
  449 448.5 0.536692 0.000232939 -9402.07 -9431.9 -4030.53
  450 449.5 0.680721 0.000295452 -5708.74 -5743.21 129.278
  451 450.5 0.91244 0.000396024 -1715.78 -1820.51 3716.61
  452 451.5 1.26752 0.000550138 1992.94 2030.77 6101.39
  453 452.5 1.76532 0.000766199 5050.09 5165.76 6964.69
  454 453.5 2.38804 0.00103648 7256.8 7293.5 6875.35
  455 454.5 3.11074 0.00135015 8631.18 8510.14 6023.43
  456 455.5 3.9268 0.00170434 9273.37 9285.18 5038.11
  457 456.5 4.83624 0.00209906 9415.28 9491.46 3975.48
  458 457.5 5.77014 0.0025044 9212.79 9252.79 3003.69
  459 458.5 6.73913 0.00292497 8861.49 8875.52 2185.03
  460 459.5 7.72266 0.00335185 8372.87 8287.17 1369.32
  461 460.5 8.6966 0.00377456 7816.83 7707.15 866.448
  462 461.5 9.69709 0.00420881 7190.23 7025.46 567.808
  463 462.5 10.7472 0.0046646 6730.14 6609.17 369.448
  464 463.5 11.8222 0.00513118 6245.34 6272.2 313.704
  465 464.5 12.919 0.0056072 5950.48 5928.78 326.751
  466 465.5 14.0558 0.00610059 5647.04 5665.8 221.681
  467 466.5 15.1467 0.00657409 5462.55 5461.34 58.3922
  468 467.5 16.1986 0.00703065 5043.05 5086.49 -178.442
  469 468.5 17.2187 0.0074734 4688.66 4672.52 -285.349
  470 469.5 18.2211 0.00790848 4337.76 4319.14 -273.005
  471 470.5 19.2678 0.00836275 3928.88 3963.33 -316.922
  472 471.5 20.4055 0.00885657 3746.82 3753.03 -130.719
  473 472.5 21.6162 0.00938202 3692.31 3722.09 74.5154
  474 473.5 22.9308 0.0099526 3673.21 3731.8 267.341
  475 474.5 24.2417 0.0105216 3726.17 3711.96 285.192
  476 475.5 25.4772 0.0110578 3718.13 3716.06 165.233
  477 476.5 26.6488 0.0115663 3582.96 3532.34 -110.546
  478 477.5 27.7519 0.0120451 3386.03 3315.14 -259.063
  479 478.5 28.7752 0.0124892 3189.65 3107.65 -376.97
  480 479.5 29.7028 0.0128918 2879.92 2876.16 -470.088
  481 480.5 30.6086 0.013285 2601.51 2589.57 -546.743
  482 481.5 31.4729 0.0136601 2366.15 2365.55 -532.12
  483 482.5 32.2624 0.0140028 2238.83 2224.11 -520.505
  484 483.5 32.9757 0.0143123 2025.2 2033.78 -489.285
  485 484.5 33.6228 0.0145932 1896.28 1888.61 -541.985
  486 485.5 34.1673 0.0148295 1636.83 1644.04 -646.886
  487 486.5 34.5546 0.0149977 1385.51 1396.75 -704.272
  488 487.5 34.8551 0.0151281 1158.11 1142.8 -711.066
  489 488.5 35.1373 0.0152506 858.226 885.998 -732.158
  490 489.5 35.286 0.0153151 690.192 717.764 -688.274
  491 490.5 35.4138 0.0153706 477.451 578.994 -674.083
  492 491.5 35.5038 0.0154096 309.837 340.669 -606.322
  493 492.5 35.6241 0.0154619 171.097 178.599 -472.118
  494 493.5 35.7001 0.0154948 126.106 66.8892 -409.929
  495 494.5 35.756 0.0155191 27.105 27.4154 -402.509
  496 495.5 35.8033 0.0155396 24.778 55.8996 -274.666
  497 496.5 35.9 0.0155816 -18.7343 -10.8781 -273.972
  498 497.5 35.9531 0.0156047 -14.399 -13.7726 -204.791
  499 498.5 35.9691 0.0156116 -57.5546 -107.098 -230.845
  500 499.5 36.0656 0.0156535 -58.7781 -124.184 -187.316
  501 500.5 36.1501 0.0156901 -126.073 -82.9827 -152.108
  502 501.5 36.1505 0.0156903 -120.534 -87.7734 -191.789
  503 502.5 36.2046 0.0157138 -107.251 -77.0717 -147.042
  504 503.5 36.3063 0.015758 -42.3122 -48.5976 -186.942
  505 504.5 36.3514 0.0157775 -86.1813 -34.397 -144.216
  506 505.5 36.3626 0.0157824 -15.6812 -8.93631 -110.514
  507 506.5 36.4616 0.0158254 -81.3475 -30.354 -166.686
  508 507.5 36.4995 0.0158418 -78.1627 -26.3676 -140.179
  509 508.5 36.5487 0.0158631 -122.418 -58.114 -207.89
  510 509.5 36.5993 0.0158851 -76.6311 -72.5991 -134.055
  511 510.5 36.6568 0.0159101 -109.214 -95.3674 -176.282
  512 511.5 36.7066 0.0159317 -70.3456 -60.8823 -150.801
  513 512.5 36.7507 0.0159508 -42.6353 -21.5406 -185.58
  514 513.5 36.7908 0.0159682 -5.22983 39.3917 -149.654
  515 514.5 36.8423 0.0159906 -29.6316 -51.4301 -167.718
  516 515.5 36.8951 0.0160135 -75.2581 -63.9093 -142.112
  517 516.5 36.9437 0.0160346 -37.6542 -92.4632 -146.067
  518 517.5 36.9598 0.0160416 -20.1368 -100.29 -212.763
  519 518.5 37.0047 0.0160611 -32.1957 1.52293 -162.562
  520 519.5 37.0508 0.0160811 -33.1698 -50.356 -168.723
  521 520.5 37.1062 0.0161051 -12.7581 -83.6238 -198.886
  522 521.5 37.1071 0.0161055 8.54419 -59.6453 -152.774
  523 522.5 37.1597 0.0161283 -9.32474 -5.56213 -181.968
  524 523.5 37.2194 0.0161543 -37.588 -9.19788 -190.167
  525 524.5 37.2271 0.0161576 9.18792 -40.6742 -122.554
  526 525.5 37.2421 0.0161641 -27.1929 -11.8577 -178.376
  527 526.5 37.3225 0.016199 -113.538 -48.3619 -191.965
  528 527.5 37.3184 0.0161972 -107.619 -90.3544 -183.386
  529 528.5 37.3171 0.0161967 -147.025 -130.086 -200.079
  530 529.5 37.3956 0.0162307 -65.1339 -105.553 -156.986
  531 530.5 37.4418 0.0162508 -47.167 -33.3286 -163.686
  532 531.5 37.3836 0.0162255 -52.7608 -10.0017 -189.739
  533 532.5 37.4339 0.0162473 -104.779 -41.7253 -212.92
  534 533.5 37.5004 0.0162762 -86.4146 -79.4211 -154.414
  535 534.5 37.5064 0.0162788 -37.7867 -36.8 -129.804
  536 535.5 37.4849 0.0162695 -60.2101 -33.9713 -191.839
  537 536.5 37.5258 0.0162873 -23.0537 -20.0273 -200.701
  538 537.5 37.5575 0.016301 -7.21435 -59.7141 -156.854
  539 538.5 37.5595 0.0163019 -78.1212 -140.402 -172.73
  540 539.5 37.5398 0.0162933 -115.53 -140.428 -160.199
  541 540.5 37.6066 0.0163223 -69.5723 -121.016 -209.319
  542 541.5 37.6027 0.0163206 -128.568 -108.108 -105.065
  543 542.5 37.5898 0.016315 -84.9874 -160.229 -184.329
  544 543.5 37.6274 0.0163313 -78.2724 -127.418 -184.731
  545 544.5 37.6286 0.0163319 -63.7463 -79.2972 -159.327
  546 545.5 37.6229 0.0163294 -100.641 -81.7949 -104.539
  547 546.5 37.6576 0.0163445 -99.6273 -100.739 -190.121
  548 547.5 37.6534 0.0163426 -136.588 -81.3977 -158.459
  549 548.5 37.6354 0.0163348 -61.3812 -68.7756 -148.642
  550 549.5 37.6725 0.0163509 -101.801 -86.5108 -120.491
  551 550.5 37.6843 0.016356 -63.9219 -30.0737 -117.435
  552 551.5 37.6616 0.0163462 -157.211 -118.962 -155.66
  553 552.5 37.6835 0.0163557 -164.648 -163.545 -159.529
  554 553.5 37.7062 0.0163655 -158.632 -168.631 -115.998
  555 554.5 37.6878 0.0163576 -173.072 -125.837 -164.212
  556 555.5 37.7014 0.0163635 -120.794 -136.448 -146.498
  557 556.5 37.6919 0.0163593 -101.122 -162.249 -93.5574
  558 557.5 37.7206 0.0163718 -140.387 -99.3125 -132.359
  559 558.5 37.7272 0.0163746 -114.277 -115.252 -140.082
  560 559.5 37.7049 0.016365 -152.178 -84.2092 -115.399
  561 560.5 37.7406 0.0163805 -171.459 -152.102 -168.336
  562 561.5 37.7503 0.0163847 -59.9112 -123.367 -110.261
  563 562.5 37.7369 0.0163789 -74.875 -117.015 -140.497
  564 563.5 37.7343 0.0163778 -107.973 -121.78 -177.207
  565 564.5 37.774 0.016395 -105.397 -50.0183 -118.176
  566 565.5 37.7604 0.0163891 -130.07 -91.8976 -133.267
  567 566.5 37.767 0.0163919 -151.672 -33.1047 -191.203
  568 567.5 37.7569 0.0163875 -62.083 -68.586 -123.327
  569 568.5 37.7827 0.0163987 -145.026 -59.2386 -136.197
  570 569.5 37.7997 0.0164061 -123.581 -101.571 -123.251
  571 570.5 37.7696 0.0163931 -114.227 -152.989 -214.136
  572 571.5 37.784 0.0163993 -39.975 -105.562 -125.043
  573 572.5 37.8161 0.0164132 -100.129 -130.962 -179.767
  574 573.5 37.7959 0.0164045 -63.3999 -73.5039 -172.972
  575 574.5 37.7648 0.016391 -96.0238 -130.437 -184.727
  576 575.5 37.8107 0.0164109 -14.6671 -131.3 -164.931
  577 576.5 37.8118 0.0164114 -36.903 -122.441 -87.5887
  578 577.5 37.7655 0.0163913 -89.543 -63.0269 -170.276
  579 578.5 37.7603 0.016389 -112.203 -49.1575 -177.815
  580 579.5 37.817 0.0164136 -102.887 -60.5962 -158.659
  581 580.5 37.7685 0.0163926 -83.3876 -57.4436 -164.93
  582 581.5 37.7503 0.0163847 -105.074 -44.6735 -99.6178
  583 582.5 37.785 0.0163997 -116.998 -39.7435 -182.135
  584 583.5 37.7958 0.0164044 -114.513 -83.3289 -127.026
  585 584.5 37.7046 0.0163648 -100.398 -130.83 -158.814
  586 585.5 37.7588 0.0163884 -89.6163 -135.051 -148.034
  587 586.5 37.7724 0.0163943 -23.8718 -64.0032 -104.644
  588 587.5 37.7217 0.0163722 -120.041 -155.434 -115.503
  589 588.5 37.7021 0.0163637 -104.158 -179.403 -136.41
  590 589.5 37.7494 0.0163843 -124.29 -200.363 -160.037
  591 590.5 37.7215 0.0163722 -135.966 -194.712 -137.44
  592 591.5 37.6689 0.0163494 -130.502 -133.959 -85.4197
  593 592.5 37.7106 0.0163675 -81.8447 -90.453 -95.1158
  594 593.5 37.7112 0.0163677 -156.139 -68.521 -118.992
  595 594.5 37.6675 0.0163487 -157.94 -91.1127 -68.2935
  596 595.5 37.6969 0.0163615 -148.966 -88.4489 -171.913
  597 596.5 37.6975 0.0163618 -146.652 -101.321 -83.7172
  598 597.5 37.6866 0.016357 -83.3036 -74.6178 -75.5623
  599 598.5 37.642 0.0163377 -167.47 -188.258 -118.75
  600 599.5 37.702 0.0163637 -186.241 -123.727 -66.32
  601 600.5 37.6915 0.0163592 -232.716 -188.516 -162.433
  602 601.5 37.676 0.0163524 -255.531 -223.983 -148.459
  603 602.5 37.658 0.0163446 -98.4566 -186.232 -26.045
  604 603.5 37.7191 0.0163711 -180.712 -185.266 -108.828
  605 604.5 37.7064 0.0163656 -244.61 -184.637 -128.468
  606 605.5 37.6557 0.0163436 -203.031 -241.959 -119.14
  607 606.5 37.732 0.0163767 -196.612 -210.686 -104.219
  608 607.5 37.7246 0.0163735 -211.402 -188.006 -118.95
  609 608.5 37.7115 0.0163678 -158.882 -145.892 -110.814
  610 609.5 37.6924 0.0163595 -170.749 -80.9903 -151.615
  611 610.5 37.7714 0.0163938 -168.834 -118.003 -121.547
  612 611.5 37.7183 0.0163708 -113.979 -127.566 -113.624
  613 612.5 37.731 0.0163763 -125.848 -122.226 -104.299
  614 613.5 37.7631 0.0163902 -94.4919 -193.967 -139.279
  615 614.5 37.7596 0.0163887 -200.212 -219.835 -192.965
  616 615.5 37.7487 0.016384 -158.99 -94.3202 -90.5078
  617 616.5 37.77 0.0163932 -140.077 -199.87 -114.227
  618 617.5 37.824 0.0164166 -160.709 -139.925 -207.467
  619 618.5 37.7382 0.0163794 -154.535 -79.5656 -138.267
  620 619.5 37.7946 0.0164039 -42.1895 -57.7889 -90.0424
  621 620.5 37.8106 0.0164109 -33.8678 -75.7679 -203.764
  622 621.5 37.7979 0.0164053 -79.7934 -75.8623 -117.09
  623 622.5 37.7827 0.0163987 -51.7353 -56.204 -151.582
  624 623.5 37.8377 0.0164226 -81.8225 -45.8532 -160.194
