# Chunk-averaged data for fix tensor3 and group c2
# Timestep Number-of-chunks Total-count
# Chunk Coord1 Ncount density/number
20000000 480 6268
  1 0.5 0.786468 0.000341349
  2 1.5 0.796248 0.000345594
  3 2.5 0.800266 0.000347338
  4 3.5 0.812422 0.000352614
  5 4.5 0.813106 0.000352911
  6 5.5 0.840232 0.000364684
  7 6.5 0.844476 0.000366526
  8 7.5 0.8382 0.000363802
  9 8.5 0.835514 0.000362636
  10 9.5 0.824356 0.000357793
  11 10.5 0.821226 0.000356435
  12 11.5 0.812108 0.000352477
  13 12.5 0.807138 0.00035032
  14 13.5 0.812548 0.000352668
  15 14.5 0.816688 0.000354465
  16 15.5 0.810146 0.000351626
  17 16.5 0.817394 0.000354772
  18 17.5 0.81314 0.000352925
  19 18.5 0.797628 0.000346193
  20 19.5 0.77937 0.000338268
  21 20.5 0.770336 0.000334347
  22 21.5 0.753304 0.000326955
  23 22.5 0.746814 0.000324138
  24 23.5 0.749708 0.000325394
  25 24.5 0.753526 0.000327051
  26 25.5 0.754358 0.000327412
  27 26.5 0.746046 0.000323805
  28 27.5 0.752784 0.000326729
  29 28.5 0.761136 0.000330354
  30 29.5 0.774264 0.000336052
  31 30.5 0.793626 0.000344456
  32 31.5 0.807432 0.000350448
  33 32.5 0.808614 0.000350961
  34 33.5 0.798674 0.000346647
  35 34.5 0.793656 0.000344469
  36 35.5 0.796002 0.000345487
  37 36.5 0.776362 0.000336963
  38 37.5 0.772194 0.000335154
  39 38.5 0.775394 0.000336543
  40 39.5 0.764812 0.00033195
  41 40.5 0.774802 0.000336286
  42 41.5 0.788784 0.000342354
  43 42.5 0.80364 0.000348802
  44 43.5 0.817876 0.000354981
  45 44.5 0.813112 0.000352913
  46 45.5 0.815632 0.000354007
  47 46.5 0.809062 0.000351155
  48 47.5 0.816578 0.000354418
  49 48.5 0.82914 0.00035987
  50 49.5 0.846972 0.000367609
  51 50.5 0.846316 0.000367325
  52 51.5 0.840028 0.000364595
  53 52.5 0.84109 0.000365056
  54 53.5 0.837784 0.000363622
  55 54.5 0.848618 0.000368324
  56 55.5 0.844222 0.000366416
  57 56.5 0.845014 0.00036676
  58 57.5 0.846942 0.000367596
  59 58.5 0.837582 0.000363534
  60 59.5 0.829796 0.000360155
  61 60.5 0.827028 0.000358953
  62 61.5 0.819812 0.000355821
  63 62.5 0.824206 0.000357728
  64 63.5 0.845604 0.000367016
  65 64.5 0.865582 0.000375687
  66 65.5 0.899776 0.000390528
  67 66.5 0.926728 0.000402226
  68 67.5 0.9679 0.000420095
  69 68.5 1.03457 0.000449034
  70 69.5 1.14085 0.00049516
  71 70.5 1.2823 0.000556556
  72 71.5 1.46762 0.000636989
  73 72.5 1.66206 0.000721382
  74 73.5 1.87441 0.000813548
  75 74.5 2.01074 0.000872717
  76 75.5 1.87862 0.000815373
  77 76.5 1.47204 0.000638907
  78 77.5 0.965354 0.00041899
  79 78.5 0.529754 0.000229928
  80 79.5 0.251512 0.000109163
  81 80.5 0.113932 4.94497e-05
  82 81.5 0.053242 2.31085e-05
  83 82.5 0.029214 1.26797e-05
  84 83.5 0.019166 8.31858e-06
  85 84.5 0.01543 6.69705e-06
  86 85.5 0.013954 6.05642e-06
  87 86.5 0.01272 5.52083e-06
  88 87.5 0.012188 5.28993e-06
  89 88.5 0.012164 5.27951e-06
  90 89.5 0.011624 5.04514e-06
  91 90.5 0.011006 4.77691e-06
  92 91.5 0.011084 4.81076e-06
  93 92.5 0.011564 5.0191e-06
  94 93.5 0.01146 4.97396e-06
  95 94.5 0.012132 5.26563e-06
  96 95.5 0.011962 5.19184e-06
  97 96.5 0.011498 4.99045e-06
  98 97.5 0.010992 4.77083e-06
  99 98.5 0.01085 4.7092e-06
  100 99.5 0.012496 5.42361e-06
  101 100.5 0.011246 4.88108e-06
  102 101.5 0.011566 5.01997e-06
  103 102.5 0.01219 5.2908e-06
  104 103.5 0.012528 5.4375e-06
  105 104.5 0.012714 5.51823e-06
  106 105.5 0.012444 5.40104e-06
  107 106.5 0.012352 5.36111e-06
  108 107.5 0.014912 6.47222e-06
  109 108.5 0.012882 5.59115e-06
  110 109.5 0.011876 5.15451e-06
  111 110.5 0.012054 5.23177e-06
  112 111.5 0.011744 5.09722e-06
  113 112.5 0.01199 5.20399e-06
  114 113.5 0.013716 5.95313e-06
  115 114.5 0.0117 5.07812e-06
  116 115.5 0.01193 5.17795e-06
  117 116.5 0.012282 5.33073e-06
  118 117.5 0.012332 5.35243e-06
  119 118.5 0.012158 5.27691e-06
  120 119.5 0.012208 5.29861e-06
  121 120.5 0.012552 5.44792e-06
  122 121.5 0.013336 5.78819e-06
  123 122.5 0.013382 5.80816e-06
  124 123.5 0.013526 5.87066e-06
  125 124.5 0.013142 5.70399e-06
  126 125.5 0.01252 5.43403e-06
  127 126.5 0.014006 6.07899e-06
  128 127.5 0.011472 4.97917e-06
  129 128.5 0.011626 5.04601e-06
  130 129.5 0.011458 4.97309e-06
  131 130.5 0.011504 4.99306e-06
  132 131.5 0.011262 4.88802e-06
  133 132.5 0.01138 4.93924e-06
  134 133.5 0.011748 5.09896e-06
  135 134.5 0.011368 4.93403e-06
  136 135.5 0.011196 4.85937e-06
  137 136.5 0.011064 4.80208e-06
  138 137.5 0.01096 4.75694e-06
  139 138.5 0.010946 4.75087e-06
  140 139.5 0.01089 4.72656e-06
  141 140.5 0.011014 4.78038e-06
  142 141.5 0.010968 4.76042e-06
  143 142.5 0.010988 4.7691e-06
  144 143.5 0.010978 4.76476e-06
  145 144.5 0.011342 4.92274e-06
  146 145.5 0.011532 5.00521e-06
  147 146.5 0.01138 4.93924e-06
  148 147.5 0.01129 4.90017e-06
  149 148.5 0.011516 4.99826e-06
  150 149.5 0.01155 5.01302e-06
  151 150.5 0.011536 5.00694e-06
  152 151.5 0.011636 5.05035e-06
  153 152.5 0.011742 5.09635e-06
  154 153.5 0.011998 5.20747e-06
  155 154.5 0.011826 5.13281e-06
  156 155.5 0.011748 5.09896e-06
  157 156.5 0.011884 5.15799e-06
  158 157.5 0.011914 5.17101e-06
  159 158.5 0.012544 5.44444e-06
  160 159.5 0.012384 5.375e-06
  161 160.5 0.012314 5.34462e-06
  162 161.5 0.012508 5.42882e-06
  163 162.5 0.01326 5.75521e-06
  164 163.5 0.012814 5.56163e-06
  165 164.5 0.012262 5.32205e-06
  166 165.5 0.012678 5.5026e-06
  167 166.5 0.01229 5.3342e-06
  168 167.5 0.012206 5.29774e-06
  169 168.5 0.012108 5.25521e-06
  170 169.5 0.01185 5.14323e-06
  171 170.5 0.01163 5.04774e-06
  172 171.5 0.012096 5.25e-06
  173 172.5 0.012974 5.63108e-06
  174 173.5 0.014054 6.09983e-06
  175 174.5 0.011304 4.90625e-06
  176 175.5 0.011196 4.85937e-06
  177 176.5 0.01208 5.24306e-06
  178 177.5 0.01203 5.22135e-06
  179 178.5 0.011228 4.87326e-06
  180 179.5 0.010844 4.7066e-06
  181 180.5 0.010836 4.70312e-06
  182 181.5 0.010994 4.7717e-06
  183 182.5 0.010944 4.75e-06
  184 183.5 0.011194 4.85851e-06
  185 184.5 0.011472 4.97917e-06
  186 185.5 0.011532 5.00521e-06
  187 186.5 0.011364 4.93229e-06
  188 187.5 0.011402 4.94878e-06
  189 188.5 0.011394 4.94531e-06
  190 189.5 0.011532 5.00521e-06
  191 190.5 0.011666 5.06337e-06
  192 191.5 0.011514 4.9974e-06
  193 192.5 0.011606 5.03733e-06
  194 193.5 0.01151 4.99566e-06
  195 194.5 0.011634 5.04948e-06
  196 195.5 0.011566 5.01997e-06
  197 196.5 0.011426 4.9592e-06
  198 197.5 0.01165 5.05642e-06
  199 198.5 0.011572 5.02257e-06
  200 199.5 0.011416 4.95486e-06
  201 200.5 0.011642 5.05295e-06
  202 201.5 0.011074 4.80642e-06
  203 202.5 0.010958 4.75608e-06
  204 203.5 0.011176 4.85069e-06
  205 204.5 0.011234 4.87587e-06
  206 205.5 0.01048 4.54861e-06
  207 206.5 0.010488 4.55208e-06
  208 207.5 0.0104 4.51389e-06
  209 208.5 0.011088 4.8125e-06
  210 209.5 0.011094 4.8151e-06
  211 210.5 0.010946 4.75087e-06
  212 211.5 0.010678 4.63455e-06
  213 212.5 0.010738 4.66059e-06
  214 213.5 0.011562 5.01823e-06
  215 214.5 0.01118 4.85243e-06
  216 215.5 0.010882 4.72309e-06
  217 216.5 0.010528 4.56944e-06
  218 217.5 0.010932 4.74479e-06
  219 218.5 0.010642 4.61892e-06
  220 219.5 0.010824 4.69792e-06
  221 220.5 0.01125 4.88281e-06
  222 221.5 0.011002 4.77517e-06
  223 222.5 0.011616 5.04167e-06
  224 223.5 0.012198 5.29427e-06
  225 224.5 0.011894 5.16233e-06
  226 225.5 0.012272 5.32639e-06
  227 226.5 0.012356 5.36285e-06
  228 227.5 0.013414 5.82205e-06
  229 228.5 0.014608 6.34028e-06
  230 229.5 0.016968 7.36458e-06
  231 230.5 0.022696 9.85069e-06
  232 231.5 0.036452 1.58212e-05
  233 232.5 0.076912 3.33819e-05
  234 233.5 0.203582 8.83602e-05
  235 234.5 0.6103 0.000264887
  236 235.5 1.71621 0.000744881
  237 236.5 4.23817 0.00183948
  238 237.5 8.80044 0.00381964
  239 238.5 15.0244 0.00652099
  240 239.5 21.4164 0.00929532
  241 240.5 26.5429 0.0115204
  242 241.5 30.3531 0.0131741
  243 242.5 33.2569 0.0144344
  244 243.5 35.2145 0.0152841
  245 244.5 36.4034 0.0158001
  246 245.5 37.2329 0.0161601
  247 246.5 37.7938 0.0164035
  248 247.5 38.1258 0.0165477
  249 248.5 38.3352 0.0166385
  250 249.5 38.49 0.0167057
  251 250.5 38.624 0.0167639
  252 251.5 38.7182 0.0168048
  253 252.5 38.7536 0.0168201
  254 253.5 38.8002 0.0168404
  255 254.5 38.8827 0.0168762
  256 255.5 38.8176 0.0168479
  257 256.5 38.7992 0.0168399
  258 257.5 38.8035 0.0168418
  259 258.5 38.7779 0.0168307
  260 259.5 38.7156 0.0168037
  261 260.5 38.7415 0.0168149
  262 261.5 38.7312 0.0168104
  263 262.5 38.6523 0.0167762
  264 263.5 38.6801 0.0167882
  265 264.5 38.7079 0.0168003
  266 265.5 38.6348 0.0167686
  267 266.5 38.6572 0.0167783
  268 267.5 38.6525 0.0167763
  269 268.5 38.6703 0.016784
  270 269.5 38.574 0.0167422
  271 270.5 38.6098 0.0167577
  272 271.5 38.6581 0.0167787
  273 272.5 38.5737 0.016742
  274 273.5 38.5904 0.0167493
  275 274.5 38.6613 0.0167801
  276 275.5 38.6791 0.0167878
  277 276.5 38.6556 0.0167776
  278 277.5 38.7389 0.0168138
  279 278.5 38.7182 0.0168048
  280 279.5 38.7408 0.0168146
  281 280.5 38.7382 0.0168135
  282 281.5 38.8005 0.0168405
  283 282.5 38.7903 0.0168361
  284 283.5 38.7524 0.0168196
  285 284.5 38.7962 0.0168386
  286 285.5 38.843 0.0168589
  287 286.5 38.8673 0.0168695
  288 287.5 38.751 0.016819
  289 288.5 38.8247 0.016851
  290 289.5 38.94 0.016901
  291 290.5 38.7962 0.0168386
  292 291.5 38.7947 0.016838
  293 292.5 38.8931 0.0168807
  294 293.5 38.9182 0.0168916
  295 294.5 38.745 0.0168164
  296 295.5 38.8381 0.0168568
  297 296.5 38.9026 0.0168848
  298 297.5 38.7698 0.0168272
  299 298.5 38.8448 0.0168597
  300 299.5 38.8819 0.0168758
  301 300.5 38.8964 0.0168821
  302 301.5 38.8065 0.0168431
  303 302.5 38.8994 0.0168834
  304 303.5 38.8178 0.016848
  305 304.5 38.7827 0.0168328
  306 305.5 38.787 0.0168346
  307 306.5 38.8395 0.0168574
  308 307.5 38.7808 0.016832
  309 308.5 38.75 0.0168186
  310 309.5 38.8898 0.0168792
  311 310.5 38.8189 0.0168485
  312 311.5 38.7337 0.0168115
  313 312.5 38.7783 0.0168309
  314 313.5 38.8573 0.0168651
  315 314.5 38.7749 0.0168294
  316 315.5 38.7671 0.016826
  317 316.5 38.7866 0.0168345
  318 317.5 38.8229 0.0168502
  319 318.5 38.7883 0.0168352
  320 319.5 38.8219 0.0168498
  321 320.5 38.7933 0.0168374
  322 321.5 38.8592 0.016866
  323 322.5 38.7773 0.0168304
  324 323.5 38.8222 0.0168499
  325 324.5 38.7266 0.0168084
  326 325.5 38.7094 0.016801
  327 326.5 38.7433 0.0168157
  328 327.5 38.7727 0.0168284
  329 328.5 38.6634 0.016781
  330 329.5 38.6945 0.0167945
  331 330.5 38.7332 0.0168113
  332 331.5 38.6337 0.0167681
  333 332.5 38.6307 0.0167668
  334 333.5 38.7059 0.0167995
  335 334.5 38.6714 0.0167845
  336 335.5 38.5892 0.0167488
  337 336.5 38.6504 0.0167753
  338 337.5 38.6881 0.0167917
  339 338.5 38.6233 0.0167636
  340 339.5 38.6168 0.0167608
  341 340.5 38.6903 0.0167927
  342 341.5 38.6913 0.0167931
  343 342.5 38.6488 0.0167747
  344 343.5 38.6257 0.0167646
  345 344.5 38.6872 0.0167913
  346 345.5 38.6652 0.0167818
  347 346.5 38.6263 0.0167649
  348 347.5 38.6361 0.0167691
  349 348.5 38.6765 0.0167867
  350 349.5 38.5861 0.0167474
  351 350.5 38.6209 0.0167626
  352 351.5 38.6586 0.0167789
  353 352.5 38.6184 0.0167614
  354 353.5 38.6091 0.0167574
  355 354.5 38.6404 0.016771
  356 355.5 38.6519 0.016776
  357 356.5 38.6338 0.0167681
  358 357.5 38.6407 0.0167712
  359 358.5 38.649 0.0167748
  360 359.5 38.6495 0.0167749
  361 360.5 38.5946 0.0167511
  362 361.5 38.6223 0.0167632
  363 362.5 38.637 0.0167695
  364 363.5 38.602 0.0167543
  365 364.5 38.643 0.0167721
  366 365.5 38.6439 0.0167725
  367 366.5 38.6476 0.0167741
  368 367.5 38.6121 0.0167587
  369 368.5 38.6562 0.0167779
  370 369.5 38.6282 0.0167657
  371 370.5 38.729 0.0168094
  372 371.5 38.6754 0.0167862
  373 372.5 38.6653 0.0167818
  374 373.5 38.7504 0.0168187
  375 374.5 38.7591 0.0168225
  376 375.5 38.6852 0.0167905
  377 376.5 38.7243 0.0168074
  378 377.5 38.7864 0.0168344
  379 378.5 38.7393 0.0168139
  380 379.5 38.7057 0.0167993
  381 380.5 38.7629 0.0168242
  382 381.5 38.747 0.0168173
  383 382.5 38.6801 0.0167882
  384 383.5 38.6806 0.0167885
  385 384.5 38.7316 0.0168106
  386 385.5 38.6673 0.0167827
  387 386.5 38.592 0.01675
  388 387.5 38.5221 0.0167197
  389 388.5 38.4467 0.016687
  390 389.5 38.207 0.0165829
  391 390.5 37.8941 0.0164471
  392 391.5 37.4255 0.0162437
  393 392.5 36.4688 0.0158285
  394 393.5 35.1876 0.0152724
  395 394.5 33.1184 0.0143743
  396 395.5 30.0689 0.0130507
  397 396.5 26.0938 0.0113254
  398 397.5 21.446 0.00930817
  399 398.5 16.5362 0.00717718
  400 399.5 12.0279 0.00522046
  401 400.5 8.3179 0.0036102
  402 401.5 5.56116 0.0024137
  403 402.5 3.70243 0.00160696
  404 403.5 2.55999 0.00111111
  405 404.5 1.89109 0.000820785
  406 405.5 1.46844 0.000637342
  407 406.5 1.24049 0.000538406
  408 407.5 1.1143 0.000483637
  409 408.5 1.03915 0.000451022
  410 409.5 0.968648 0.00042042
  411 410.5 0.932234 0.000404615
  412 411.5 0.934324 0.000405523
  413 412.5 0.940942 0.000408395
  414 413.5 0.937418 0.000406865
  415 414.5 0.9125 0.00039605
  416 415.5 0.88344 0.000383437
  417 416.5 0.876522 0.000380435
  418 417.5 0.869586 0.000377424
  419 418.5 0.868586 0.00037699
  420 419.5 0.873248 0.000379014
  421 420.5 0.871714 0.000378348
  422 421.5 0.876738 0.000380529
  423 422.5 0.883446 0.00038344
  424 423.5 0.869756 0.000377498
  425 424.5 0.88132 0.000382517
  426 425.5 0.871134 0.000378096
  427 426.5 0.864914 0.000375397
  428 427.5 0.862184 0.000374212
  429 428.5 0.86462 0.000375269
  430 429.5 0.864848 0.000375368
  431 430.5 0.849886 0.000368874
  432 431.5 0.829228 0.000359908
  433 432.5 0.826992 0.000358937
  434 433.5 0.807184 0.00035034
  435 434.5 0.805582 0.000349645
  436 435.5 0.805778 0.00034973
  437 436.5 0.803274 0.000348643
  438 437.5 0.795524 0.00034528
  439 438.5 0.807712 0.000350569
  440 439.5 0.811076 0.00035203
  441 440.5 0.795872 0.000345431
  442 441.5 0.788472 0.000342219
  443 442.5 0.787058 0.000341605
  444 443.5 0.787656 0.000341865
  445 444.5 0.788636 0.00034229
  446 445.5 0.781488 0.000339187
  447 446.5 0.777172 0.000337314
  448 447.5 0.764532 0.000331828
  449 448.5 0.750628 0.000325793
  450 449.5 0.74327 0.0003226
  451 450.5 0.758126 0.000329048
  452 451.5 0.780646 0.000338822
  453 452.5 0.79117 0.00034339
  454 453.5 0.793634 0.000344459
  455 454.5 0.785636 0.000340988
  456 455.5 0.775396 0.000336543
  457 456.5 0.781638 0.000339253
  458 457.5 0.780486 0.000338753
  459 458.5 0.773592 0.00033576
  460 459.5 0.772314 0.000335206
  461 460.5 0.774808 0.000336288
  462 461.5 0.782754 0.000339737
  463 462.5 0.803262 0.000348638
  464 463.5 0.803688 0.000348823
  465 464.5 0.7894 0.000342622
  466 465.5 0.780062 0.000338569
  467 466.5 0.76729 0.000333025
  468 467.5 0.77436 0.000336094
  469 468.5 0.787612 0.000341845
  470 469.5 0.789872 0.000342826
  471 470.5 0.778246 0.00033778
  472 471.5 0.778088 0.000337712
  473 472.5 0.772926 0.000335471
  474 473.5 0.765316 0.000332168
  475 474.5 0.753898 0.000327213
  476 475.5 0.758082 0.000329029
  477 476.5 0.75087 0.000325898
  478 477.5 0.753452 0.000327019
  479 478.5 0.780626 0.000338813
  480 479.5 0.77688 0.000337188
30000000 480 6268
  1 0.5 0.894566 0.000388266
  2 1.5 0.890168 0.000386358
  3 2.5 0.889014 0.000385857
  4 3.5 0.88999 0.00038628
  5 4.5 0.893402 0.000387761
  6 5.5 0.886674 0.000384841
  7 6.5 0.890154 0.000386352
  8 7.5 0.886504 0.000384767
  9 8.5 0.893598 0.000387846
  10 9.5 0.885186 0.000384195
  11 10.5 0.885186 0.000384195
  12 11.5 0.878788 0.000381418
  13 12.5 0.862154 0.000374199
  14 13.5 0.86515 0.000375499
  15 14.5 0.847654 0.000367905
  16 15.5 0.840088 0.000364622
  17 16.5 0.84712 0.000367674
  18 17.5 0.837552 0.000363521
  19 18.5 0.836254 0.000362957
  20 19.5 0.827564 0.000359186
  21 20.5 0.826476 0.000358714
  22 21.5 0.824518 0.000357864
  23 22.5 0.819028 0.000355481
  24 23.5 0.819412 0.000355648
  25 24.5 0.809722 0.000351442
  26 25.5 0.792636 0.000344026
  27 26.5 0.793746 0.000344508
  28 27.5 0.781702 0.00033928
  29 28.5 0.775912 0.000336767
  30 29.5 0.780858 0.000338914
  31 30.5 0.790974 0.000343305
  32 31.5 0.79238 0.000343915
  33 32.5 0.774096 0.000335979
  34 33.5 0.767136 0.000332958
  35 34.5 0.785814 0.000341065
  36 35.5 0.78919 0.00034253
  37 36.5 0.796558 0.000345728
  38 37.5 0.795492 0.000345266
  39 38.5 0.790832 0.000343243
  40 39.5 0.792558 0.000343992
  41 40.5 0.783758 0.000340173
  42 41.5 0.783598 0.000340103
  43 42.5 0.776978 0.00033723
  44 43.5 0.782412 0.000339589
  45 44.5 0.79704 0.000345937
  46 45.5 0.800846 0.000347589
  47 46.5 0.808088 0.000350733
  48 47.5 0.800308 0.000347356
  49 48.5 0.798114 0.000346404
  50 49.5 0.790214 0.000342975
  51 50.5 0.785478 0.000340919
  52 51.5 0.794034 0.000344633
  53 52.5 0.781386 0.000339143
  54 53.5 0.79106 0.000343342
  55 54.5 0.79415 0.000344683
  56 55.5 0.804996 0.000349391
  57 56.5 0.819812 0.000355821
  58 57.5 0.820276 0.000356023
  59 58.5 0.809684 0.000351425
  60 59.5 0.802052 0.000348113
  61 60.5 0.80268 0.000348385
  62 61.5 0.809682 0.000351424
  63 62.5 0.8217 0.000356641
  64 63.5 0.819164 0.00035554
  65 64.5 0.8394 0.000364323
  66 65.5 0.87075 0.00037793
  67 66.5 0.903052 0.00039195
  68 67.5 0.937572 0.000406932
  69 68.5 0.98446 0.000427283
  70 69.5 1.0689 0.000463934
  71 70.5 1.17477 0.000509882
  72 71.5 1.32252 0.000574012
  73 72.5 1.53546 0.000666434
  74 73.5 1.77974 0.000772455
  75 74.5 1.9874 0.000862585
  76 75.5 1.99701 0.000866756
  77 76.5 1.75437 0.000761445
  78 77.5 1.29041 0.000560075
  79 78.5 0.795308 0.000345186
  80 79.5 0.420414 0.000182471
  81 80.5 0.198608 8.62014e-05
  82 81.5 0.088826 3.8553e-05
  83 82.5 0.0432 1.875e-05
  84 83.5 0.02452 1.06424e-05
  85 84.5 0.01749 7.59115e-06
  86 85.5 0.013982 6.06858e-06
  87 86.5 0.011922 5.17448e-06
  88 87.5 0.011428 4.96007e-06
  89 88.5 0.011554 5.01476e-06
  90 89.5 0.010878 4.72135e-06
  91 90.5 0.01105 4.79601e-06
  92 91.5 0.012086 5.24566e-06
  93 92.5 0.01144 4.96528e-06
  94 93.5 0.011532 5.00521e-06
  95 94.5 0.01213 5.26476e-06
  96 95.5 0.012148 5.27257e-06
  97 96.5 0.012252 5.31771e-06
  98 97.5 0.01236 5.36458e-06
  99 98.5 0.011544 5.01042e-06
  100 99.5 0.011546 5.01128e-06
  101 100.5 0.011594 5.03212e-06
  102 101.5 0.011118 4.82552e-06
  103 102.5 0.011256 4.88542e-06
  104 103.5 0.011488 4.98611e-06
  105 104.5 0.011728 5.09028e-06
  106 105.5 0.011278 4.89497e-06
  107 106.5 0.011186 4.85503e-06
  108 107.5 0.011312 4.90972e-06
  109 108.5 0.011728 5.09028e-06
  110 109.5 0.011372 4.93576e-06
  111 110.5 0.01135 4.92622e-06
  112 111.5 0.011258 4.88628e-06
  113 112.5 0.011338 4.92101e-06
  114 113.5 0.011032 4.78819e-06
  115 114.5 0.010958 4.75608e-06
  116 115.5 0.011024 4.78472e-06
  117 116.5 0.010956 4.75521e-06
  118 117.5 0.010932 4.74479e-06
  119 118.5 0.010884 4.72396e-06
  120 119.5 0.010762 4.67101e-06
  121 120.5 0.010936 4.74653e-06
  122 121.5 0.01239 5.3776e-06
  123 122.5 0.012038 5.22483e-06
  124 123.5 0.0117 5.07812e-06
  125 124.5 0.013404 5.81771e-06
  126 125.5 0.01065 4.6224e-06
  127 126.5 0.010506 4.5599e-06
  128 127.5 0.01038 4.50521e-06
  129 128.5 0.010334 4.48524e-06
  130 129.5 0.010162 4.41059e-06
  131 130.5 0.010286 4.46441e-06
  132 131.5 0.010534 4.57205e-06
  133 132.5 0.01183 5.13455e-06
  134 133.5 0.011538 5.00781e-06
  135 134.5 0.01136 4.93056e-06
  136 135.5 0.01126 4.88715e-06
  137 136.5 0.011154 4.84115e-06
  138 137.5 0.010974 4.76302e-06
  139 138.5 0.010638 4.61719e-06
  140 139.5 0.01064 4.61806e-06
  141 140.5 0.010564 4.58507e-06
  142 141.5 0.010894 4.7283e-06
  143 142.5 0.011444 4.96701e-06
  144 143.5 0.01162 5.0434e-06
  145 144.5 0.011892 5.16146e-06
  146 145.5 0.011864 5.14931e-06
  147 146.5 0.012 5.20833e-06
  148 147.5 0.011588 5.02951e-06
  149 148.5 0.01127 4.89149e-06
  150 149.5 0.011156 4.84201e-06
  151 150.5 0.01135 4.92622e-06
  152 151.5 0.011426 4.9592e-06
  153 152.5 0.012036 5.22396e-06
  154 153.5 0.011032 4.78819e-06
  155 154.5 0.01133 4.91753e-06
  156 155.5 0.010626 4.61198e-06
  157 156.5 0.01061 4.60503e-06
  158 157.5 0.01053 4.57031e-06
  159 158.5 0.010382 4.50608e-06
  160 159.5 0.010246 4.44705e-06
  161 160.5 0.010094 4.38108e-06
  162 161.5 0.010554 4.58073e-06
  163 162.5 0.010592 4.59722e-06
  164 163.5 0.010446 4.53385e-06
  165 164.5 0.010896 4.72917e-06
  166 165.5 0.010652 4.62326e-06
  167 166.5 0.010404 4.51562e-06
  168 167.5 0.010704 4.64583e-06
  169 168.5 0.01168 5.06944e-06
  170 169.5 0.010748 4.66493e-06
  171 170.5 0.010524 4.56771e-06
  172 171.5 0.01047 4.54427e-06
  173 172.5 0.010774 4.67622e-06
  174 173.5 0.010974 4.76302e-06
  175 174.5 0.010376 4.50347e-06
  176 175.5 0.010528 4.56944e-06
  177 176.5 0.011084 4.81076e-06
  178 177.5 0.010654 4.62413e-06
  179 178.5 0.010564 4.58507e-06
  180 179.5 0.010578 4.59115e-06
  181 180.5 0.011002 4.77517e-06
  182 181.5 0.011092 4.81424e-06
  183 182.5 0.011106 4.82031e-06
  184 183.5 0.011464 4.97569e-06
  185 184.5 0.012076 5.24132e-06
  186 185.5 0.01266 5.49479e-06
  187 186.5 0.01277 5.54253e-06
  188 187.5 0.011302 4.90538e-06
  189 188.5 0.011312 4.90972e-06
  190 189.5 0.01297 5.62934e-06
  191 190.5 0.012552 5.44792e-06
  192 191.5 0.01223 5.30816e-06
  193 192.5 0.011732 5.09201e-06
  194 193.5 0.011404 4.94965e-06
  195 194.5 0.010836 4.70312e-06
  196 195.5 0.010756 4.6684e-06
  197 196.5 0.010752 4.66667e-06
  198 197.5 0.01061 4.60503e-06
  199 198.5 0.010892 4.72743e-06
  200 199.5 0.010744 4.66319e-06
  201 200.5 0.010834 4.70226e-06
  202 201.5 0.010956 4.75521e-06
  203 202.5 0.010908 4.73437e-06
  204 203.5 0.01184 5.13889e-06
  205 204.5 0.011466 4.97656e-06
  206 205.5 0.011138 4.8342e-06
  207 206.5 0.010778 4.67795e-06
  208 207.5 0.010724 4.65451e-06
  209 208.5 0.010846 4.70747e-06
  210 209.5 0.010666 4.62934e-06
  211 210.5 0.010748 4.66493e-06
  212 211.5 0.01036 4.49653e-06
  213 212.5 0.01078 4.67882e-06
  214 213.5 0.01063 4.61372e-06
  215 214.5 0.010634 4.61545e-06
  216 215.5 0.010652 4.62326e-06
  217 216.5 0.010858 4.71267e-06
  218 217.5 0.010724 4.65451e-06
  219 218.5 0.011398 4.94705e-06
  220 219.5 0.011226 4.8724e-06
  221 220.5 0.011538 5.00781e-06
  222 221.5 0.011118 4.82552e-06
  223 222.5 0.012486 5.41927e-06
  224 223.5 0.011468 4.97743e-06
  225 224.5 0.012214 5.30122e-06
  226 225.5 0.011582 5.02691e-06
  227 226.5 0.012296 5.33681e-06
  228 227.5 0.012154 5.27517e-06
  229 228.5 0.012706 5.51476e-06
  230 229.5 0.014596 6.33507e-06
  231 230.5 0.019112 8.29514e-06
  232 231.5 0.027252 1.18281e-05
  233 232.5 0.052444 2.27622e-05
  234 233.5 0.126864 5.50625e-05
  235 234.5 0.372384 0.000161625
  236 235.5 1.09623 0.000475794
  237 236.5 2.90557 0.0012611
  238 237.5 6.58956 0.00286005
  239 238.5 12.3656 0.005367
  240 239.5 19.0837 0.00828286
  241 240.5 25.0945 0.0108917
  242 241.5 29.4883 0.0127988
  243 242.5 32.6041 0.0141511
  244 243.5 34.8849 0.015141
  245 244.5 36.3557 0.0157794
  246 245.5 37.1091 0.0161064
  247 246.5 37.7751 0.0163954
  248 247.5 38.1999 0.0165798
  249 248.5 38.3629 0.0166506
  250 249.5 38.4741 0.0166988
  251 250.5 38.6426 0.016772
  252 251.5 38.7118 0.016802
  253 252.5 38.6851 0.0167904
  254 253.5 38.7475 0.0168175
  255 254.5 38.7621 0.0168238
  256 255.5 38.8405 0.0168579
  257 256.5 38.7736 0.0168288
  258 257.5 38.8228 0.0168502
  259 258.5 38.8545 0.0168639
  260 259.5 38.8352 0.0168555
  261 260.5 38.8555 0.0168644
  262 261.5 38.8355 0.0168557
  263 262.5 38.8837 0.0168766
  264 263.5 38.8536 0.0168635
  265 264.5 38.8688 0.0168701
  266 265.5 38.8932 0.0168807
  267 266.5 38.8508 0.0168623
  268 267.5 38.8118 0.0168454
  269 268.5 38.9027 0.0168848
  270 269.5 38.847 0.0168607
  271 270.5 38.8056 0.0168427
  272 271.5 38.8761 0.0168733
  273 272.5 38.8968 0.0168823
  274 273.5 38.8226 0.0168501
  275 274.5 38.8906 0.0168796
  276 275.5 38.9546 0.0169074
  277 276.5 38.8398 0.0168575
  278 277.5 38.8435 0.0168592
  279 278.5 38.9697 0.0169139
  280 279.5 38.912 0.0168889
  281 280.5 38.8628 0.0168675
  282 281.5 38.8828 0.0168762
  283 282.5 38.9376 0.0169
  284 283.5 38.8598 0.0168662
  285 284.5 38.8591 0.0168659
  286 285.5 38.9531 0.0169067
  287 286.5 38.8303 0.0168534
  288 287.5 38.8512 0.0168625
  289 288.5 38.8921 0.0168803
  290 289.5 38.8978 0.0168827
  291 290.5 38.8161 0.0168472
  292 291.5 38.8316 0.016854
  293 292.5 38.9074 0.0168869
  294 293.5 38.8849 0.0168771
  295 294.5 38.8252 0.0168512
  296 295.5 38.8833 0.0168764
  297 296.5 38.8902 0.0168794
  298 297.5 38.837 0.0168564
  299 298.5 38.805 0.0168424
  300 299.5 38.8107 0.0168449
  301 300.5 38.8599 0.0168663
  302 301.5 38.7856 0.016834
  303 302.5 38.779 0.0168312
  304 303.5 38.8044 0.0168422
  305 304.5 38.8151 0.0168468
  306 305.5 38.7683 0.0168265
  307 306.5 38.7802 0.0168317
  308 307.5 38.8638 0.016868
  309 308.5 38.7744 0.0168292
  310 309.5 38.7485 0.0168179
  311 310.5 38.8041 0.0168421
  312 311.5 38.7937 0.0168376
  313 312.5 38.7199 0.0168055
  314 313.5 38.7073 0.0168001
  315 314.5 38.8143 0.0168465
  316 315.5 38.6995 0.0167967
  317 316.5 38.6517 0.0167759
  318 317.5 38.7326 0.016811
  319 318.5 38.7314 0.0168105
  320 319.5 38.6972 0.0167957
  321 320.5 38.6773 0.016787
  322 321.5 38.7068 0.0167998
  323 322.5 38.6907 0.0167929
  324 323.5 38.6988 0.0167964
  325 324.5 38.7166 0.0168041
  326 325.5 38.7665 0.0168257
  327 326.5 38.7073 0.0168
  328 327.5 38.6954 0.0167949
  329 328.5 38.7267 0.0168085
  330 329.5 38.7192 0.0168052
  331 330.5 38.6736 0.0167854
  332 331.5 38.6804 0.0167884
  333 332.5 38.6776 0.0167871
  334 333.5 38.6655 0.0167819
  335 334.5 38.6505 0.0167754
  336 335.5 38.6886 0.0167919
  337 336.5 38.6532 0.0167766
  338 337.5 38.6575 0.0167784
  339 338.5 38.602 0.0167544
  340 339.5 38.6652 0.0167818
  341 340.5 38.6823 0.0167892
  342 341.5 38.608 0.016757
  343 342.5 38.7071 0.0168
  344 343.5 38.7236 0.0168071
  345 344.5 38.6585 0.0167789
  346 345.5 38.6092 0.0167574
  347 346.5 38.6991 0.0167965
  348 347.5 38.6617 0.0167803
  349 348.5 38.5484 0.0167311
  350 349.5 38.6755 0.0167862
  351 350.5 38.6575 0.0167784
  352 351.5 38.6489 0.0167747
  353 352.5 38.6285 0.0167658
  354 353.5 38.6873 0.0167914
  355 354.5 38.6564 0.0167779
  356 355.5 38.6382 0.01677
  357 356.5 38.6274 0.0167654
  358 357.5 38.6732 0.0167852
  359 358.5 38.6419 0.0167716
  360 359.5 38.6284 0.0167658
  361 360.5 38.6398 0.0167708
  362 361.5 38.6515 0.0167758
  363 362.5 38.6601 0.0167796
  364 363.5 38.6045 0.0167554
  365 364.5 38.6044 0.0167554
  366 365.5 38.5879 0.0167482
  367 366.5 38.5816 0.0167455
  368 367.5 38.5619 0.0167369
  369 368.5 38.6217 0.0167629
  370 369.5 38.6816 0.0167889
  371 370.5 38.5696 0.0167403
  372 371.5 38.6732 0.0167852
  373 372.5 38.6693 0.0167835
  374 373.5 38.6731 0.0167852
  375 374.5 38.6042 0.0167553
  376 375.5 38.718 0.0168047
  377 376.5 38.7053 0.0167992
  378 377.5 38.7014 0.0167975
  379 378.5 38.7644 0.0168248
  380 379.5 38.7075 0.0168001
  381 380.5 38.7494 0.0168183
  382 381.5 38.7393 0.0168139
  383 382.5 38.7103 0.0168014
  384 383.5 38.7338 0.0168115
  385 384.5 38.8007 0.0168406
  386 385.5 38.6457 0.0167733
  387 386.5 38.6592 0.0167792
  388 387.5 38.6586 0.0167789
  389 388.5 38.4844 0.0167033
  390 389.5 38.2373 0.016596
  391 390.5 37.9874 0.0164876
  392 391.5 37.5036 0.0162776
  393 392.5 36.6262 0.0158968
  394 393.5 35.2565 0.0153023
  395 394.5 33.1883 0.0144047
  396 395.5 30.1755 0.013097
  397 396.5 26.2147 0.0113779
  398 397.5 21.4637 0.00931584
  399 398.5 16.5866 0.00719906
  400 399.5 12.0443 0.00522756
  401 400.5 8.23178 0.00357282
  402 401.5 5.4381 0.00236029
  403 402.5 3.59679 0.00156111
  404 403.5 2.45484 0.00106547
  405 404.5 1.77735 0.000771418
  406 405.5 1.37419 0.000596437
  407 406.5 1.16427 0.000505324
  408 407.5 1.06017 0.000460145
  409 408.5 1.02375 0.000444336
  410 409.5 0.983266 0.000426765
  411 410.5 0.95438 0.000414227
  412 411.5 0.936202 0.000406338
  413 412.5 0.941796 0.000408766
  414 413.5 0.941478 0.000408628
  415 414.5 0.933152 0.000405014
  416 415.5 0.909276 0.000394651
  417 416.5 0.897754 0.00038965
  418 417.5 0.915124 0.000397189
  419 418.5 0.92982 0.000403568
  420 419.5 0.924258 0.000401154
  421 420.5 0.924754 0.000401369
  422 421.5 0.922278 0.000400294
  423 422.5 0.93389 0.000405334
  424 423.5 0.934148 0.000405446
  425 424.5 0.93786 0.000407057
  426 425.5 0.93765 0.000406966
  427 426.5 0.948376 0.000411622
  428 427.5 0.95551 0.000414718
  429 428.5 0.974682 0.000423039
  430 429.5 0.983822 0.000427006
  431 430.5 1.00614 0.000436692
  432 431.5 1.01049 0.000438581
  433 432.5 0.996316 0.000432429
  434 433.5 0.98518 0.000427595
  435 434.5 0.99126 0.000430234
  436 435.5 0.986866 0.000428327
  437 436.5 0.991892 0.000430509
  438 437.5 0.992014 0.000430562
  439 438.5 0.974588 0.000422998
  440 439.5 0.955424 0.000414681
  441 440.5 0.934208 0.000405472
  442 441.5 0.925104 0.000401521
  443 442.5 0.935548 0.000406054
  444 443.5 0.936968 0.00040667
  445 444.5 0.932198 0.0004046
  446 445.5 0.93422 0.000405477
  447 446.5 0.951992 0.000413191
  448 447.5 0.939944 0.000407962
  449 448.5 0.927244 0.00040245
  450 449.5 0.92364 0.000400885
  451 450.5 0.93056 0.000403889
  452 451.5 0.923902 0.000400999
  453 452.5 0.919808 0.000399222
  454 453.5 0.913264 0.000396382
  455 454.5 0.909298 0.000394661
  456 455.5 0.901568 0.000391306
  457 456.5 0.893012 0.000387592
  458 457.5 0.886494 0.000384763
  459 458.5 0.88558 0.000384366
  460 459.5 0.895336 0.000388601
  461 460.5 0.896014 0.000388895
  462 461.5 0.885288 0.00038424
  463 462.5 0.887644 0.000385262
  464 463.5 0.877824 0.000381
  465 464.5 0.861694 0.000373999
  466 465.5 0.861204 0.000373786
  467 466.5 0.865194 0.000375518
  468 467.5 0.870792 0.000377948
  469 468.5 0.894968 0.000388441
  470 469.5 0.879502 0.000381728
  471 470.5 0.86651 0.000376089
  472 471.5 0.874068 0.00037937
  473 472.5 0.885602 0.000384376
  474 473.5 0.892934 0.000387558
  475 474.5 0.905338 0.000392942
  476 475.5 0.911764 0.000395731
  477 476.5 0.904568 0.000392608
  478 477.5 0.905886 0.00039318
  479 478.5 0.913978 0.000396692
  480 479.5 0.905326 0.000392937
40000000 480 6268
  1 0.5 0.828746 0.000359699
  2 1.5 0.829264 0.000359924
  3 2.5 0.817952 0.000355014
  4 3.5 0.816102 0.000354211
  5 4.5 0.83397 0.000361966
  6 5.5 0.837426 0.000363466
  7 6.5 0.857974 0.000372385
  8 7.5 0.847106 0.000367668
  9 8.5 0.853428 0.000370411
  10 9.5 0.869094 0.000377211
  11 10.5 0.88565 0.000384397
  12 11.5 0.867226 0.0003764
  13 12.5 0.881468 0.000382582
  14 13.5 0.8844 0.000383854
  15 14.5 0.887308 0.000385116
  16 15.5 0.884478 0.000383888
  17 16.5 0.891976 0.000387142
  18 17.5 0.879946 0.000381921
  19 18.5 0.85081 0.000369275
  20 19.5 0.8397 0.000364453
  21 20.5 0.834052 0.000362002
  22 21.5 0.82712 0.000358993
  23 22.5 0.838984 0.000364142
  24 23.5 0.838678 0.00036401
  25 24.5 0.847308 0.000367755
  26 25.5 0.871278 0.000378159
  27 26.5 0.88908 0.000385885
  28 27.5 0.881072 0.00038241
  29 28.5 0.865734 0.000375753
  30 29.5 0.848486 0.000368266
  31 30.5 0.843138 0.000365945
  32 31.5 0.833154 0.000361612
  33 32.5 0.814552 0.000353538
  34 33.5 0.800972 0.000347644
  35 34.5 0.800306 0.000347355
  36 35.5 0.78649 0.000341359
  37 36.5 0.790578 0.000343133
  38 37.5 0.784278 0.000340398
  39 38.5 0.766254 0.000332576
  40 39.5 0.762858 0.000331102
  41 40.5 0.75329 0.000326949
  42 41.5 0.728674 0.000316265
  43 42.5 0.712516 0.000309252
  44 43.5 0.698908 0.000303345
  45 44.5 0.691214 0.000300006
  46 45.5 0.699038 0.000303402
  47 46.5 0.699572 0.000303634
  48 47.5 0.6974 0.000302691
  49 48.5 0.686584 0.000297997
  50 49.5 0.697316 0.000302655
  51 50.5 0.712048 0.000309049
  52 51.5 0.7141 0.000309939
  53 52.5 0.705912 0.000306385
  54 53.5 0.732938 0.000318115
  55 54.5 0.727404 0.000315714
  56 55.5 0.735488 0.000319222
  57 56.5 0.751696 0.000326257
  58 57.5 0.758148 0.000329057
  59 58.5 0.753862 0.000327197
  60 59.5 0.74931 0.000325221
  61 60.5 0.74362 0.000322752
  62 61.5 0.75028 0.000325642
  63 62.5 0.7725 0.000335286
  64 63.5 0.802418 0.000348272
  65 64.5 0.812376 0.000352594
  66 65.5 0.838 0.000363715
  67 66.5 0.863786 0.000374907
  68 67.5 0.90922 0.000394627
  69 68.5 0.96206 0.000417561
  70 69.5 1.0569 0.000458726
  71 70.5 1.19904 0.000520418
  72 71.5 1.36923 0.000594282
  73 72.5 1.56215 0.000678015
  74 73.5 1.66818 0.000724036
  75 74.5 1.60257 0.000695558
  76 75.5 1.29578 0.000562406
  77 76.5 0.877554 0.000380883
  78 77.5 0.4984 0.000216319
  79 78.5 0.243596 0.000105727
  80 79.5 0.108396 4.70469e-05
  81 80.5 0.050598 2.19609e-05
  82 81.5 0.02712 1.17708e-05
  83 82.5 0.017592 7.63542e-06
  84 83.5 0.01332 5.78125e-06
  85 84.5 0.01125 4.88281e-06
  86 85.5 0.009828 4.26563e-06
  87 86.5 0.009546 4.14323e-06
  88 87.5 0.009554 4.1467e-06
  89 88.5 0.009356 4.06076e-06
  90 89.5 0.00937 4.06684e-06
  91 90.5 0.00932 4.04514e-06
  92 91.5 0.009144 3.96875e-06
  93 92.5 0.009012 3.91146e-06
  94 93.5 0.009052 3.92882e-06
  95 94.5 0.009102 3.95052e-06
  96 95.5 0.009172 3.9809e-06
  97 96.5 0.009288 4.03125e-06
  98 97.5 0.009742 4.2283e-06
  99 98.5 0.010188 4.42187e-06
  100 99.5 0.010334 4.48524e-06
  101 100.5 0.00961 4.17101e-06
  102 101.5 0.009462 4.10677e-06
  103 102.5 0.009298 4.03559e-06
  104 103.5 0.009178 3.98351e-06
  105 104.5 0.00936 4.0625e-06
  106 105.5 0.010504 4.55903e-06
  107 106.5 0.011114 4.82378e-06
  108 107.5 0.010276 4.46007e-06
  109 108.5 0.010102 4.38455e-06
  110 109.5 0.010008 4.34375e-06
  111 110.5 0.009454 4.1033e-06
  112 111.5 0.009552 4.14583e-06
  113 112.5 0.009572 4.15451e-06
  114 113.5 0.009526 4.13455e-06
  115 114.5 0.009462 4.10677e-06
  116 115.5 0.009446 4.09983e-06
  117 116.5 0.011058 4.79948e-06
  118 117.5 0.012064 5.23611e-06
  119 118.5 0.011402 4.94878e-06
  120 119.5 0.010506 4.5599e-06
  121 120.5 0.010498 4.55642e-06
  122 121.5 0.010566 4.58594e-06
  123 122.5 0.010064 4.36806e-06
  124 123.5 0.009998 4.33941e-06
  125 124.5 0.010018 4.34809e-06
  126 125.5 0.010026 4.35156e-06
  127 126.5 0.009938 4.31337e-06
  128 127.5 0.009968 4.32639e-06
  129 128.5 0.010308 4.47396e-06
  130 129.5 0.011404 4.94965e-06
  131 130.5 0.010158 4.40885e-06
  132 131.5 0.009986 4.3342e-06
  133 132.5 0.01009 4.37934e-06
  134 133.5 0.009926 4.30816e-06
  135 134.5 0.009678 4.20052e-06
  136 135.5 0.009668 4.19618e-06
  137 136.5 0.009638 4.18316e-06
  138 137.5 0.009504 4.125e-06
  139 138.5 0.00953 4.13628e-06
  140 139.5 0.009564 4.15104e-06
  141 140.5 0.009568 4.15278e-06
  142 141.5 0.009472 4.11111e-06
  143 142.5 0.00947 4.11024e-06
  144 143.5 0.00947 4.11024e-06
  145 144.5 0.009522 4.13281e-06
  146 145.5 0.00939 4.07552e-06
  147 146.5 0.009392 4.07639e-06
  148 147.5 0.009968 4.32639e-06
  149 148.5 0.010092 4.38021e-06
  150 149.5 0.00997 4.32726e-06
  151 150.5 0.009602 4.16753e-06
  152 151.5 0.00942 4.08854e-06
  153 152.5 0.009616 4.17361e-06
  154 153.5 0.00979 4.24913e-06
  155 154.5 0.009638 4.18316e-06
  156 155.5 0.009714 4.21615e-06
  157 156.5 0.009918 4.30469e-06
  158 157.5 0.009844 4.27257e-06
  159 158.5 0.009978 4.33073e-06
  160 159.5 0.009968 4.32639e-06
  161 160.5 0.009348 4.05729e-06
  162 161.5 0.009068 3.93576e-06
  163 162.5 0.008956 3.88715e-06
  164 163.5 0.009104 3.95139e-06
  165 164.5 0.009256 4.01736e-06
  166 165.5 0.009406 4.08247e-06
  167 166.5 0.009324 4.04688e-06
  168 167.5 0.00952 4.13194e-06
  169 168.5 0.009174 3.98177e-06
  170 169.5 0.009452 4.10243e-06
  171 170.5 0.009808 4.25694e-06
  172 171.5 0.009888 4.29167e-06
  173 172.5 0.009196 3.99132e-06
  174 173.5 0.009276 4.02604e-06
  175 174.5 0.009912 4.30208e-06
  176 175.5 0.009566 4.15191e-06
  177 176.5 0.00889 3.85851e-06
  178 177.5 0.009236 4.00868e-06
  179 178.5 0.00925 4.01476e-06
  180 179.5 0.009316 4.0434e-06
  181 180.5 0.009928 4.30903e-06
  182 181.5 0.010094 4.38108e-06
  183 182.5 0.010196 4.42535e-06
  184 183.5 0.009064 3.93403e-06
  185 184.5 0.009056 3.93056e-06
  186 185.5 0.009096 3.94792e-06
  187 186.5 0.008826 3.83073e-06
  188 187.5 0.008784 3.8125e-06
  189 188.5 0.009146 3.96962e-06
  190 189.5 0.008944 3.88194e-06
  191 190.5 0.009364 4.06424e-06
  192 191.5 0.008768 3.80556e-06
  193 192.5 0.0089 3.86285e-06
  194 193.5 0.008908 3.86632e-06
  195 194.5 0.008782 3.81163e-06
  196 195.5 0.008966 3.89149e-06
  197 196.5 0.008904 3.86458e-06
  198 197.5 0.009234 4.00781e-06
  199 198.5 0.009428 4.09201e-06
  200 199.5 0.009438 4.09635e-06
  201 200.5 0.009332 4.05035e-06
  202 201.5 0.009114 3.95573e-06
  203 202.5 0.008804 3.82118e-06
  204 203.5 0.00871 3.78038e-06
  205 204.5 0.008734 3.7908e-06
  206 205.5 0.00919 3.98872e-06
  207 206.5 0.009178 3.98351e-06
  208 207.5 0.009196 3.99132e-06
  209 208.5 0.009078 3.9401e-06
  210 209.5 0.009152 3.97222e-06
  211 210.5 0.009134 3.96441e-06
  212 211.5 0.00929 4.03212e-06
  213 212.5 0.009644 4.18576e-06
  214 213.5 0.009066 3.9349e-06
  215 214.5 0.009082 3.94184e-06
  216 215.5 0.00917 3.98003e-06
  217 216.5 0.00874 3.7934e-06
  218 217.5 0.00882 3.82812e-06
  219 218.5 0.008706 3.77865e-06
  220 219.5 0.008768 3.80556e-06
  221 220.5 0.008592 3.72917e-06
  222 221.5 0.008796 3.81771e-06
  223 222.5 0.008778 3.8099e-06
  224 223.5 0.009588 4.16146e-06
  225 224.5 0.010318 4.4783e-06
  226 225.5 0.010742 4.66233e-06
  227 226.5 0.011778 5.11198e-06
  228 227.5 0.012822 5.5651e-06
  229 228.5 0.015036 6.52604e-06
  230 229.5 0.019012 8.25174e-06
  231 230.5 0.030688 1.33194e-05
  232 231.5 0.065692 2.85122e-05
  233 232.5 0.179836 7.80538e-05
  234 233.5 0.538942 0.000233916
  235 234.5 1.53271 0.000665237
  236 235.5 3.85939 0.00167508
  237 236.5 8.15806 0.00354083
  238 237.5 14.1386 0.00613653
  239 238.5 20.4623 0.00888119
  240 239.5 25.7587 0.01118
  241 240.5 29.6299 0.0128602
  242 241.5 32.6577 0.0141744
  243 242.5 34.8571 0.0151289
  244 243.5 36.136 0.015684
  245 244.5 36.886 0.0160096
  246 245.5 37.6641 0.0163473
  247 246.5 38.0231 0.0165031
  248 247.5 38.1199 0.0165451
  249 248.5 38.347 0.0166437
  250 249.5 38.5155 0.0167168
  251 250.5 38.5337 0.0167247
  252 251.5 38.5339 0.0167248
  253 252.5 38.6167 0.0167607
  254 253.5 38.7267 0.0168085
  255 254.5 38.6315 0.0167672
  256 255.5 38.6381 0.01677
  257 256.5 38.6949 0.0167947
  258 257.5 38.7239 0.0168072
  259 258.5 38.6133 0.0167593
  260 259.5 38.677 0.0167869
  261 260.5 38.6738 0.0167855
  262 261.5 38.6475 0.0167741
  263 262.5 38.6258 0.0167647
  264 263.5 38.6456 0.0167732
  265 264.5 38.6671 0.0167826
  266 265.5 38.6591 0.0167791
  267 266.5 38.6276 0.0167654
  268 267.5 38.6849 0.0167903
  269 268.5 38.634 0.0167682
  270 269.5 38.6 0.0167535
  271 270.5 38.6205 0.0167623
  272 271.5 38.6805 0.0167884
  273 272.5 38.6046 0.0167555
  274 273.5 38.6206 0.0167624
  275 274.5 38.642 0.0167717
  276 275.5 38.6098 0.0167577
  277 276.5 38.5748 0.0167425
  278 277.5 38.6043 0.0167554
  279 278.5 38.6358 0.016769
  280 279.5 38.5475 0.0167307
  281 280.5 38.5454 0.0167298
  282 281.5 38.6404 0.016771
  283 282.5 38.5521 0.0167327
  284 283.5 38.4985 0.0167094
  285 284.5 38.5971 0.0167522
  286 285.5 38.6182 0.0167614
  287 286.5 38.5689 0.01674
  288 287.5 38.5683 0.0167397
  289 288.5 38.6773 0.016787
  290 289.5 38.6581 0.0167787
  291 290.5 38.5446 0.0167294
  292 291.5 38.574 0.0167422
  293 292.5 38.7368 0.0168128
  294 293.5 38.5808 0.0167451
  295 294.5 38.5811 0.0167453
  296 295.5 38.6954 0.0167949
  297 296.5 38.6876 0.0167915
  298 297.5 38.5161 0.0167171
  299 298.5 38.6495 0.0167749
  300 299.5 38.6858 0.0167907
  301 300.5 38.4969 0.0167087
  302 301.5 38.5522 0.0167327
  303 302.5 38.584 0.0167465
  304 303.5 38.5113 0.016715
  305 304.5 38.5672 0.0167392
  306 305.5 38.6258 0.0167647
  307 306.5 38.619 0.0167617
  308 307.5 38.5502 0.0167319
  309 308.5 38.6312 0.016767
  310 309.5 38.6411 0.0167713
  311 310.5 38.5924 0.0167502
  312 311.5 38.5453 0.0167297
  313 312.5 38.6635 0.0167811
  314 313.5 38.568 0.0167396
  315 314.5 38.5241 0.0167205
  316 315.5 38.5754 0.0167428
  317 316.5 38.5796 0.0167446
  318 317.5 38.5504 0.0167319
  319 318.5 38.5512 0.0167323
  320 319.5 38.5316 0.0167238
  321 320.5 38.5894 0.0167489
  322 321.5 38.5309 0.0167235
  323 322.5 38.5033 0.0167115
  324 323.5 38.5619 0.0167369
  325 324.5 38.576 0.016743
  326 325.5 38.5457 0.0167299
  327 326.5 38.539 0.016727
  328 327.5 38.5693 0.0167401
  329 328.5 38.5736 0.016742
  330 329.5 38.5412 0.0167279
  331 330.5 38.4912 0.0167063
  332 331.5 38.5674 0.0167393
  333 332.5 38.5221 0.0167196
  334 333.5 38.5925 0.0167502
  335 334.5 38.5478 0.0167308
  336 335.5 38.5251 0.016721
  337 336.5 38.6186 0.0167615
  338 337.5 38.582 0.0167457
  339 338.5 38.5161 0.0167171
  340 339.5 38.5593 0.0167358
  341 340.5 38.5675 0.0167394
  342 341.5 38.5273 0.0167219
  343 342.5 38.5221 0.0167197
  344 343.5 38.5932 0.0167505
  345 344.5 38.5847 0.0167468
  346 345.5 38.5501 0.0167318
  347 346.5 38.6014 0.0167541
  348 347.5 38.6322 0.0167674
  349 348.5 38.583 0.0167461
  350 349.5 38.5576 0.0167351
  351 350.5 38.5751 0.0167427
  352 351.5 38.5988 0.0167529
  353 352.5 38.5075 0.0167133
  354 353.5 38.5129 0.0167157
  355 354.5 38.583 0.0167461
  356 355.5 38.5443 0.0167293
  357 356.5 38.481 0.0167018
  358 357.5 38.5608 0.0167365
  359 358.5 38.5204 0.0167189
  360 359.5 38.5362 0.0167258
  361 360.5 38.5185 0.0167181
  362 361.5 38.581 0.0167452
  363 362.5 38.5264 0.0167215
  364 363.5 38.5629 0.0167374
  365 364.5 38.5592 0.0167357
  366 365.5 38.5936 0.0167507
  367 366.5 38.5562 0.0167345
  368 367.5 38.6414 0.0167714
  369 368.5 38.5907 0.0167494
  370 369.5 38.5958 0.0167516
  371 370.5 38.6655 0.0167819
  372 371.5 38.6915 0.0167932
  373 372.5 38.5768 0.0167434
  374 373.5 38.6978 0.0167959
  375 374.5 38.7153 0.0168035
  376 375.5 38.6593 0.0167792
  377 376.5 38.6542 0.016777
  378 377.5 38.7319 0.0168107
  379 378.5 38.7076 0.0168002
  380 379.5 38.6397 0.0167707
  381 380.5 38.6737 0.0167855
  382 381.5 38.7305 0.0168101
  383 382.5 38.6874 0.0167914
  384 383.5 38.5859 0.0167474
  385 384.5 38.6922 0.0167935
  386 385.5 38.6598 0.0167794
  387 386.5 38.5344 0.016725
  388 387.5 38.4543 0.0166902
  389 388.5 38.4406 0.0166843
  390 389.5 38.0984 0.0165358
  391 390.5 37.7207 0.0163718
  392 391.5 37.2347 0.0161609
  393 392.5 36.3256 0.0157663
  394 393.5 34.7665 0.0150896
  395 394.5 32.5355 0.0141213
  396 395.5 29.3653 0.0127453
  397 396.5 25.144 0.0109132
  398 397.5 20.3016 0.00881145
  399 398.5 15.3917 0.00668043
  400 399.5 10.9718 0.00476206
  401 400.5 7.46647 0.00324065
  402 401.5 4.94826 0.00214768
  403 402.5 3.29139 0.00142856
  404 403.5 2.27704 0.000988299
  405 404.5 1.66644 0.000723281
  406 405.5 1.32096 0.000573334
  407 406.5 1.09684 0.000476059
  408 407.5 0.97842 0.000424661
  409 408.5 0.924924 0.000401443
  410 409.5 0.879192 0.000381594
  411 410.5 0.839318 0.000364287
  412 411.5 0.820192 0.000355986
  413 412.5 0.804076 0.000348991
  414 413.5 0.805632 0.000349667
  415 414.5 0.806448 0.000350021
  416 415.5 0.806936 0.000350233
  417 416.5 0.784832 0.000340639
  418 417.5 0.777466 0.000337442
  419 418.5 0.771 0.000334635
  420 419.5 0.786838 0.00034151
  421 420.5 0.791524 0.000343543
  422 421.5 0.797364 0.000346078
  423 422.5 0.791848 0.000343684
  424 423.5 0.8012 0.000347743
  425 424.5 0.811658 0.000352282
  426 425.5 0.814938 0.000353706
  427 426.5 0.827102 0.000358985
  428 427.5 0.824832 0.000358
  429 428.5 0.82206 0.000356797
  430 429.5 0.829794 0.000360154
  431 430.5 0.84741 0.000367799
  432 431.5 0.836558 0.000363089
  433 432.5 0.822356 0.000356925
  434 433.5 0.82685 0.000358876
  435 434.5 0.813314 0.000353001
  436 435.5 0.808994 0.000351126
  437 436.5 0.823782 0.000357544
  438 437.5 0.8301 0.000360286
  439 438.5 0.83722 0.000363377
  440 439.5 0.840416 0.000364764
  441 440.5 0.847908 0.000368016
  442 441.5 0.84031 0.000364718
  443 442.5 0.840412 0.000364762
  444 443.5 0.819752 0.000355795
  445 444.5 0.812498 0.000352647
  446 445.5 0.80994 0.000351536
  447 446.5 0.79976 0.000347118
  448 447.5 0.785284 0.000340835
  449 448.5 0.782588 0.000339665
  450 449.5 0.77961 0.000338372
  451 450.5 0.785184 0.000340792
  452 451.5 0.783616 0.000340111
  453 452.5 0.778118 0.000337725
  454 453.5 0.777814 0.000337593
  455 454.5 0.78555 0.000340951
  456 455.5 0.787278 0.000341701
  457 456.5 0.805396 0.000349564
  458 457.5 0.811236 0.000352099
  459 458.5 0.812126 0.000352485
  460 459.5 0.812162 0.000352501
  461 460.5 0.817198 0.000354687
  462 461.5 0.815586 0.000353987
  463 462.5 0.817838 0.000354964
  464 463.5 0.811512 0.000352219
  465 464.5 0.7932 0.000344271
  466 465.5 0.777812 0.000337592
  467 466.5 0.773312 0.000335639
  468 467.5 0.769164 0.000333839
  469 468.5 0.759418 0.000329609
  470 469.5 0.776476 0.000337012
  471 470.5 0.77565 0.000336654
  472 471.5 0.777934 0.000337645
  473 472.5 0.78293 0.000339813
  474 473.5 0.793294 0.000344312
  475 474.5 0.810212 0.000351655
  476 475.5 0.81582 0.000354089
  477 476.5 0.818754 0.000355362
  478 477.5 0.835236 0.000362516
  479 478.5 0.841586 0.000365272
  480 479.5 0.830116 0.000360293
50000000 480 6268
  1 0.5 0.929548 0.00040345
  2 1.5 0.916912 0.000397965
  3 2.5 0.907102 0.000393707
  4 3.5 0.896454 0.000389086
  5 4.5 0.87166 0.000378325
  6 5.5 0.858746 0.00037272
  7 6.5 0.865254 0.000375544
  8 7.5 0.862528 0.000374361
  9 8.5 0.853366 0.000370385
  10 9.5 0.859978 0.000373254
  11 10.5 0.854414 0.000370839
  12 11.5 0.854188 0.000370741
  13 12.5 0.863448 0.00037476
  14 13.5 0.854104 0.000370705
  15 14.5 0.859018 0.000372838
  16 15.5 0.850472 0.000369128
  17 16.5 0.851176 0.000369434
  18 17.5 0.852858 0.000370164
  19 18.5 0.841454 0.000365214
  20 19.5 0.831594 0.000360935
  21 20.5 0.817364 0.000354759
  22 21.5 0.819398 0.000355641
  23 22.5 0.80628 0.000349948
  24 23.5 0.796692 0.000345786
  25 24.5 0.80426 0.000349071
  26 25.5 0.794304 0.00034475
  27 26.5 0.777044 0.000337259
  28 27.5 0.755824 0.000328049
  29 28.5 0.747254 0.000324329
  30 29.5 0.74686 0.000324158
  31 30.5 0.757208 0.000328649
  32 31.5 0.757676 0.000328852
  33 32.5 0.751884 0.000326339
  34 33.5 0.743458 0.000322681
  35 34.5 0.740206 0.00032127
  36 35.5 0.738736 0.000320632
  37 36.5 0.728578 0.000316223
  38 37.5 0.71599 0.00031076
  39 38.5 0.719032 0.00031208
  40 39.5 0.715814 0.000310683
  41 40.5 0.711526 0.000308822
  42 41.5 0.72467 0.000314527
  43 42.5 0.726244 0.00031521
  44 43.5 0.724062 0.000314263
  45 44.5 0.722528 0.000313597
  46 45.5 0.731412 0.000317453
  47 46.5 0.739564 0.000320991
  48 47.5 0.75089 0.000325907
  49 48.5 0.744276 0.000323036
  50 49.5 0.753356 0.000326977
  51 50.5 0.769842 0.000334133
  52 51.5 0.769696 0.000334069
  53 52.5 0.759086 0.000329464
  54 53.5 0.755346 0.000327841
  55 54.5 0.738694 0.000320614
  56 55.5 0.739194 0.000320831
  57 56.5 0.723562 0.000314046
  58 57.5 0.71694 0.000311172
  59 58.5 0.713044 0.000309481
  60 59.5 0.714126 0.000309951
  61 60.5 0.711768 0.000308927
  62 61.5 0.712854 0.000309398
  63 62.5 0.72499 0.000314666
  64 63.5 0.74235 0.000322201
  65 64.5 0.74207 0.000322079
  66 65.5 0.756198 0.000328211
  67 66.5 0.767958 0.000333315
  68 67.5 0.795888 0.000345438
  69 68.5 0.838866 0.000364091
  70 69.5 0.899572 0.000390439
  71 70.5 0.989456 0.000429451
  72 71.5 1.12276 0.000487308
  73 72.5 1.29973 0.000564119
  74 73.5 1.47845 0.000641688
  75 74.5 1.56745 0.000680319
  76 75.5 1.50445 0.000652974
  77 76.5 1.28403 0.000557306
  78 77.5 0.937154 0.000406751
  79 78.5 0.587022 0.000254784
  80 79.5 0.324052 0.000140648
  81 80.5 0.156798 6.80547e-05
  82 81.5 0.073278 3.18047e-05
  83 82.5 0.038588 1.67483e-05
  84 83.5 0.022198 9.63455e-06
  85 84.5 0.01579 6.8533e-06
  86 85.5 0.012928 5.61111e-06
  87 86.5 0.012314 5.34462e-06
  88 87.5 0.011748 5.09896e-06
  89 88.5 0.010888 4.72569e-06
  90 89.5 0.010318 4.4783e-06
  91 90.5 0.010306 4.47309e-06
  92 91.5 0.010496 4.55556e-06
  93 92.5 0.009974 4.32899e-06
  94 93.5 0.010024 4.35069e-06
  95 94.5 0.009952 4.31944e-06
  96 95.5 0.010632 4.61458e-06
  97 96.5 0.010752 4.66667e-06
  98 97.5 0.01027 4.45747e-06
  99 98.5 0.010462 4.5408e-06
  100 99.5 0.010594 4.59809e-06
  101 100.5 0.010434 4.52865e-06
  102 101.5 0.010628 4.61285e-06
  103 102.5 0.011006 4.77691e-06
  104 103.5 0.011058 4.79948e-06
  105 104.5 0.0113 4.90451e-06
  106 105.5 0.010886 4.72483e-06
  107 106.5 0.010788 4.68229e-06
  108 107.5 0.01093 4.74392e-06
  109 108.5 0.010796 4.68576e-06
  110 109.5 0.010606 4.6033e-06
  111 110.5 0.010564 4.58507e-06
  112 111.5 0.010464 4.54167e-06
  113 112.5 0.010622 4.61024e-06
  114 113.5 0.01064 4.61806e-06
  115 114.5 0.010594 4.59809e-06
  116 115.5 0.010084 4.37674e-06
  117 116.5 0.010986 4.76823e-06
  118 117.5 0.01084 4.70486e-06
  119 118.5 0.010868 4.71701e-06
  120 119.5 0.010858 4.71267e-06
  121 120.5 0.010702 4.64497e-06
  122 121.5 0.010624 4.61111e-06
  123 122.5 0.010892 4.72743e-06
  124 123.5 0.010662 4.6276e-06
  125 124.5 0.010484 4.55035e-06
  126 125.5 0.010796 4.68576e-06
  127 126.5 0.010768 4.67361e-06
  128 127.5 0.011056 4.79861e-06
  129 128.5 0.012192 5.29167e-06
  130 129.5 0.011512 4.99653e-06
  131 130.5 0.011256 4.88542e-06
  132 131.5 0.011734 5.09288e-06
  133 132.5 0.011482 4.98351e-06
  134 133.5 0.010332 4.48437e-06
  135 134.5 0.010056 4.36458e-06
  136 135.5 0.010012 4.34549e-06
  137 136.5 0.009908 4.30035e-06
  138 137.5 0.009848 4.27431e-06
  139 138.5 0.00982 4.26215e-06
  140 139.5 0.00982 4.26215e-06
  141 140.5 0.009928 4.30903e-06
  142 141.5 0.010112 4.38889e-06
  143 142.5 0.009968 4.32639e-06
  144 143.5 0.01137 4.9349e-06
  145 144.5 0.011562 5.01823e-06
  146 145.5 0.010448 4.53472e-06
  147 146.5 0.010366 4.49913e-06
  148 147.5 0.011086 4.81163e-06
  149 148.5 0.010858 4.71267e-06
  150 149.5 0.010476 4.54687e-06
  151 150.5 0.010266 4.45573e-06
  152 151.5 0.010164 4.41146e-06
  153 152.5 0.01047 4.54427e-06
  154 153.5 0.010426 4.52517e-06
  155 154.5 0.010576 4.59028e-06
  156 155.5 0.010568 4.58681e-06
  157 156.5 0.011444 4.96701e-06
  158 157.5 0.010594 4.59809e-06
  159 158.5 0.010408 4.51736e-06
  160 159.5 0.010608 4.60417e-06
  161 160.5 0.010646 4.62066e-06
  162 161.5 0.011164 4.84549e-06
  163 162.5 0.01154 5.00868e-06
  164 163.5 0.011136 4.83333e-06
  165 164.5 0.010512 4.5625e-06
  166 165.5 0.010926 4.74219e-06
  167 166.5 0.010952 4.75347e-06
  168 167.5 0.011698 5.07726e-06
  169 168.5 0.011468 4.97743e-06
  170 169.5 0.01145 4.96962e-06
  171 170.5 0.01124 4.87847e-06
  172 171.5 0.010508 4.56076e-06
  173 172.5 0.0105 4.55729e-06
  174 173.5 0.010434 4.52865e-06
  175 174.5 0.010644 4.61979e-06
  176 175.5 0.010958 4.75608e-06
  177 176.5 0.011118 4.82552e-06
  178 177.5 0.010684 4.63715e-06
  179 178.5 0.01033 4.48351e-06
  180 179.5 0.010288 4.46528e-06
  181 180.5 0.010174 4.4158e-06
  182 181.5 0.0102 4.42708e-06
  183 182.5 0.010242 4.44531e-06
  184 183.5 0.01087 4.71788e-06
  185 184.5 0.010544 4.57639e-06
  186 185.5 0.010526 4.56858e-06
  187 186.5 0.010326 4.48177e-06
  188 187.5 0.0099 4.29688e-06
  189 188.5 0.010152 4.40625e-06
  190 189.5 0.011148 4.83854e-06
  191 190.5 0.010456 4.53819e-06
  192 191.5 0.010376 4.50347e-06
  193 192.5 0.010596 4.59896e-06
  194 193.5 0.010174 4.4158e-06
  195 194.5 0.010256 4.45139e-06
  196 195.5 0.010346 4.49045e-06
  197 196.5 0.01014 4.40104e-06
  198 197.5 0.010132 4.39757e-06
  199 198.5 0.010146 4.40365e-06
  200 199.5 0.010102 4.38455e-06
  201 200.5 0.010264 4.45486e-06
  202 201.5 0.01059 4.59635e-06
  203 202.5 0.01109 4.81337e-06
  204 203.5 0.011292 4.90104e-06
  205 204.5 0.010938 4.7474e-06
  206 205.5 0.010862 4.71441e-06
  207 206.5 0.01093 4.74392e-06
  208 207.5 0.010974 4.76302e-06
  209 208.5 0.0107 4.6441e-06
  210 209.5 0.010658 4.62587e-06
  211 210.5 0.010504 4.55903e-06
  212 211.5 0.01048 4.54861e-06
  213 212.5 0.010714 4.65017e-06
  214 213.5 0.011302 4.90538e-06
  215 214.5 0.011614 5.0408e-06
  216 215.5 0.010696 4.64236e-06
  217 216.5 0.010972 4.76215e-06
  218 217.5 0.010604 4.60243e-06
  219 218.5 0.010576 4.59028e-06
  220 219.5 0.010996 4.77257e-06
  221 220.5 0.010622 4.61024e-06
  222 221.5 0.009884 4.28993e-06
  223 222.5 0.010042 4.35851e-06
  224 223.5 0.009744 4.22917e-06
  225 224.5 0.009672 4.19792e-06
  226 225.5 0.009896 4.29514e-06
  227 226.5 0.010462 4.5408e-06
  228 227.5 0.011588 5.02951e-06
  229 228.5 0.013024 5.65278e-06
  230 229.5 0.014502 6.29427e-06
  231 230.5 0.019908 8.64062e-06
  232 231.5 0.034094 1.47977e-05
  233 232.5 0.075376 3.27153e-05
  234 233.5 0.2068 8.97569e-05
  235 234.5 0.59449 0.000258025
  236 235.5 1.62613 0.000705786
  237 236.5 3.85861 0.00167474
  238 237.5 7.82325 0.00339551
  239 238.5 13.3908 0.00581196
  240 239.5 19.5761 0.00849655
  241 240.5 25.1127 0.0108996
  242 241.5 29.5004 0.012804
  243 242.5 32.6867 0.0141869
  244 243.5 34.7584 0.0150861
  245 244.5 36.1458 0.0156883
  246 245.5 37.1136 0.0161083
  247 246.5 37.6476 0.0163401
  248 247.5 37.9769 0.016483
  249 248.5 38.2611 0.0166064
  250 249.5 38.41 0.016671
  251 250.5 38.464 0.0166945
  252 251.5 38.5607 0.0167364
  253 252.5 38.6116 0.0167585
  254 253.5 38.6552 0.0167774
  255 254.5 38.6451 0.016773
  256 255.5 38.6566 0.016778
  257 256.5 38.6941 0.0167943
  258 257.5 38.6646 0.0167815
  259 258.5 38.7404 0.0168144
  260 259.5 38.6708 0.0167842
  261 260.5 38.7014 0.0167975
  262 261.5 38.719 0.0168051
  263 262.5 38.6997 0.0167967
  264 263.5 38.7275 0.0168088
  265 264.5 38.7278 0.016809
  266 265.5 38.7451 0.0168164
  267 266.5 38.6056 0.0167559
  268 267.5 38.7603 0.016823
  269 268.5 38.7181 0.0168047
  270 269.5 38.7015 0.0167975
  271 270.5 38.6904 0.0167927
  272 271.5 38.7939 0.0168376
  273 272.5 38.7085 0.0168006
  274 273.5 38.7161 0.0168039
  275 274.5 38.7203 0.0168057
  276 275.5 38.7609 0.0168233
  277 276.5 38.7469 0.0168172
  278 277.5 38.7195 0.0168053
  279 278.5 38.8227 0.0168501
  280 279.5 38.7614 0.0168235
  281 280.5 38.8048 0.0168424
  282 281.5 38.8189 0.0168485
  283 282.5 38.8311 0.0168538
  284 283.5 38.8461 0.0168603
  285 284.5 38.8217 0.0168497
  286 285.5 38.8683 0.0168699
  287 286.5 38.882 0.0168759
  288 287.5 38.8301 0.0168533
  289 288.5 38.8289 0.0168528
  290 289.5 38.8567 0.0168649
  291 290.5 38.8376 0.0168566
  292 291.5 38.7441 0.016816
  293 292.5 38.8519 0.0168628
  294 293.5 38.825 0.0168511
  295 294.5 38.7477 0.0168176
  296 295.5 38.7511 0.0168191
  297 296.5 38.8948 0.0168814
  298 297.5 38.7791 0.0168312
  299 298.5 38.7771 0.0168303
  300 299.5 38.8351 0.0168555
  301 300.5 38.876 0.0168733
  302 301.5 38.7477 0.0168176
  303 302.5 38.7948 0.016838
  304 303.5 38.7689 0.0168268
  305 304.5 38.7851 0.0168338
  306 305.5 38.7367 0.0168128
  307 306.5 38.747 0.0168173
  308 307.5 38.7691 0.0168269
  309 308.5 38.7356 0.0168123
  310 309.5 38.6795 0.016788
  311 310.5 38.8016 0.016841
  312 311.5 38.7632 0.0168243
  313 312.5 38.6971 0.0167956
  314 313.5 38.7638 0.0168246
  315 314.5 38.834 0.016855
  316 315.5 38.775 0.0168294
  317 316.5 38.8178 0.016848
  318 317.5 38.8234 0.0168504
  319 318.5 38.8312 0.0168538
  320 319.5 38.7532 0.01682
  321 320.5 38.8129 0.0168459
  322 321.5 38.8446 0.0168597
  323 322.5 38.8123 0.0168456
  324 323.5 38.8231 0.0168503
  325 324.5 38.8416 0.0168583
  326 325.5 38.8787 0.0168744
  327 326.5 38.8159 0.0168472
  328 327.5 38.8377 0.0168567
  329 328.5 38.8395 0.0168574
  330 329.5 38.8148 0.0168467
  331 330.5 38.8956 0.0168818
  332 331.5 38.8682 0.0168699
  333 332.5 38.7793 0.0168313
  334 333.5 38.8573 0.0168652
  335 334.5 38.846 0.0168602
  336 335.5 38.7897 0.0168358
  337 336.5 38.8093 0.0168443
  338 337.5 38.8727 0.0168718
  339 338.5 38.8235 0.0168505
  340 339.5 38.8525 0.0168631
  341 340.5 38.8244 0.0168509
  342 341.5 38.8379 0.0168567
  343 342.5 38.9279 0.0168958
  344 343.5 38.8297 0.0168532
  345 344.5 38.8052 0.0168426
  346 345.5 38.9065 0.0168865
  347 346.5 38.8994 0.0168834
  348 347.5 38.7882 0.0168352
  349 348.5 38.8725 0.0168717
  350 349.5 38.8892 0.016879
  351 350.5 38.8117 0.0168453
  352 351.5 38.8279 0.0168524
  353 352.5 38.9304 0.0168969
  354 353.5 38.8759 0.0168732
  355 354.5 38.8274 0.0168522
  356 355.5 38.8823 0.016876
  357 356.5 38.902 0.0168845
  358 357.5 38.7837 0.0168332
  359 358.5 38.8544 0.0168639
  360 359.5 38.8757 0.0168731
  361 360.5 38.8712 0.0168712
  362 361.5 38.7608 0.0168233
  363 362.5 38.8895 0.0168791
  364 363.5 38.8917 0.0168801
  365 364.5 38.7313 0.0168105
  366 365.5 38.846 0.0168603
  367 366.5 38.834 0.016855
  368 367.5 38.8387 0.0168571
  369 368.5 38.7773 0.0168304
  370 369.5 38.9299 0.0168967
  371 370.5 38.8296 0.0168531
  372 371.5 38.7954 0.0168383
  373 372.5 38.8764 0.0168734
  374 373.5 38.8687 0.0168701
  375 374.5 38.7826 0.0168327
  376 375.5 38.9108 0.0168884
  377 376.5 38.8302 0.0168534
  378 377.5 38.8463 0.0168604
  379 378.5 38.8699 0.0168706
  380 379.5 38.8954 0.0168817
  381 380.5 38.8257 0.0168514
  382 381.5 38.8243 0.0168508
  383 382.5 38.8481 0.0168612
  384 383.5 38.746 0.0168168
  385 384.5 38.799 0.0168398
  386 385.5 38.7163 0.0168039
  387 386.5 38.6819 0.016789
  388 387.5 38.5641 0.0167379
  389 388.5 38.465 0.0166949
  390 389.5 38.2623 0.0166069
  391 390.5 37.8909 0.0164457
  392 391.5 37.3567 0.0162138
  393 392.5 36.4908 0.015838
  394 393.5 35.0206 0.0151999
  395 394.5 32.7719 0.0142239
  396 395.5 29.7436 0.0129096
  397 396.5 25.7437 0.0111735
  398 397.5 21.0302 0.00912767
  399 398.5 16.2698 0.00706153
  400 399.5 11.7668 0.00510712
  401 400.5 8.04723 0.00349272
  402 401.5 5.39691 0.00234241
  403 402.5 3.58855 0.00155753
  404 403.5 2.44679 0.00106198
  405 404.5 1.76073 0.000764204
  406 405.5 1.3771 0.000597698
  407 406.5 1.16904 0.000507398
  408 407.5 1.03224 0.000448019
  409 408.5 0.951538 0.000412994
  410 409.5 0.918556 0.000398679
  411 410.5 0.889018 0.000385859
  412 411.5 0.871204 0.000378127
  413 412.5 0.863606 0.000374829
  414 413.5 0.8639 0.000374957
  415 414.5 0.860604 0.000373526
  416 415.5 0.867148 0.000376366
  417 416.5 0.869232 0.000377271
  418 417.5 0.877138 0.000380702
  419 418.5 0.870616 0.000377872
  420 419.5 0.862754 0.000374459
  421 420.5 0.869174 0.000377246
  422 421.5 0.875306 0.000379907
  423 422.5 0.8803 0.000382075
  424 423.5 0.882304 0.000382944
  425 424.5 0.89038 0.00038645
  426 425.5 0.890106 0.000386331
  427 426.5 0.89568 0.00038875
  428 427.5 0.894658 0.000388306
  429 428.5 0.895274 0.000388574
  430 429.5 0.900342 0.000390773
  431 430.5 0.897184 0.000389403
  432 431.5 0.895828 0.000388814
  433 432.5 0.91145 0.000395595
  434 433.5 0.904636 0.000392637
  435 434.5 0.901166 0.000391131
  436 435.5 0.902994 0.000391924
  437 436.5 0.906334 0.000393374
  438 437.5 0.899148 0.000390255
  439 438.5 0.886176 0.000384625
  440 439.5 0.891346 0.000386869
  441 440.5 0.891588 0.000386974
  442 441.5 0.883798 0.000383593
  443 442.5 0.90641 0.000393407
  444 443.5 0.916686 0.000397867
  445 444.5 0.913684 0.000396564
  446 445.5 0.895436 0.000388644
  447 446.5 0.879582 0.000381763
  448 447.5 0.880186 0.000382025
  449 448.5 0.902576 0.000391743
  450 449.5 0.91822 0.000398533
  451 450.5 0.931396 0.000404252
  452 451.5 0.953786 0.00041397
  453 452.5 0.96682 0.000419627
  454 453.5 0.984052 0.000427106
  455 454.5 0.988722 0.000429133
  456 455.5 0.998372 0.000433321
  457 456.5 1.00323 0.000435431
  458 457.5 0.988732 0.000429137
  459 458.5 0.98333 0.000426793
  460 459.5 0.97725 0.000424154
  461 460.5 0.984298 0.000427213
  462 461.5 0.983246 0.000426756
  463 462.5 0.991672 0.000430413
  464 463.5 0.981224 0.000425878
  465 464.5 0.9584 0.000415972
  466 465.5 0.956224 0.000415028
  467 466.5 0.975364 0.000423335
  468 467.5 0.969416 0.000420753
  469 468.5 0.954108 0.000414109
  470 469.5 0.925772 0.000401811
  471 470.5 0.914804 0.00039705
  472 471.5 0.9067 0.000393533
  473 472.5 0.916976 0.000397993
  474 473.5 0.914128 0.000396757
  475 474.5 0.922072 0.000400205
  476 475.5 0.912254 0.000395944
  477 476.5 0.903068 0.000391957
  478 477.5 0.90131 0.000391194
  479 478.5 0.914286 0.000396826
  480 479.5 0.931616 0.000404347
