# Chunk-averaged data for fix tensor2 and group c1
# Timestep Number-of-chunks Total-count
# Chunk Coord1 Ncount density/number
20000000 480 4635.999999999997
  1 0.5 4.35027 0.00188814
  2 1.5 4.45889 0.00193528
  3 2.5 4.61308 0.00200221
  4 3.5 4.7607 0.00206628
  5 4.5 4.93623 0.00214246
  6 5.5 5.18343 0.00224975
  7 6.5 5.44486 0.00236322
  8 7.5 5.72711 0.00248572
  9 8.5 6.08023 0.00263899
  10 9.5 6.46291 0.00280508
  11 10.5 6.8946 0.00299245
  12 11.5 7.43743 0.00322805
  13 12.5 7.99758 0.00347117
  14 13.5 8.62122 0.00374185
  15 14.5 9.30303 0.00403777
  16 15.5 10.0591 0.00436592
  17 16.5 10.86 0.00471355
  18 17.5 11.6417 0.00505283
  19 18.5 12.5157 0.00543215
  20 19.5 13.3592 0.00579828
  21 20.5 14.2057 0.00616565
  22 21.5 15.0903 0.00654963
  23 22.5 15.9307 0.00691436
  24 23.5 16.7107 0.00725289
  25 24.5 17.4727 0.00758364
  26 25.5 18.1744 0.00788821
  27 26.5 18.8398 0.00817701
  28 27.5 19.4545 0.00844381
  29 28.5 20.0196 0.00868904
  30 29.5 20.4947 0.00889528
  31 30.5 20.92 0.00907986
  32 31.5 21.3079 0.00924821
  33 32.5 21.624 0.0093854
  34 33.5 21.9101 0.0095096
  35 34.5 22.1443 0.00961123
  36 35.5 22.3553 0.00970281
  37 36.5 22.5362 0.00978132
  38 37.5 22.6629 0.00983633
  39 38.5 22.7971 0.0098946
  40 39.5 22.8948 0.00993697
  41 40.5 23.0156 0.00998941
  42 41.5 23.0679 0.0100121
  43 42.5 23.1459 0.010046
  44 43.5 23.2248 0.0100802
  45 44.5 23.2826 0.0101053
  46 45.5 23.2876 0.0101074
  47 46.5 23.3151 0.0101194
  48 47.5 23.3708 0.0101436
  49 48.5 23.3733 0.0101446
  50 49.5 23.4168 0.0101635
  51 50.5 23.3858 0.0101501
  52 51.5 23.4015 0.0101569
  53 52.5 23.4385 0.010173
  54 53.5 23.4525 0.010179
  55 54.5 23.4377 0.0101726
  56 55.5 23.4765 0.0101895
  57 56.5 23.4682 0.0101858
  58 57.5 23.4431 0.010175
  59 58.5 23.4791 0.0101906
  60 59.5 23.4632 0.0101837
  61 60.5 23.4432 0.010175
  62 61.5 23.421 0.0101653
  63 62.5 23.4771 0.0101897
  64 63.5 23.4897 0.0101952
  65 64.5 23.4813 0.0101915
  66 65.5 23.453 0.0101792
  67 66.5 23.4799 0.0101909
  68 67.5 23.4753 0.010189
  69 68.5 23.4726 0.0101878
  70 69.5 23.4819 0.0101918
  71 70.5 23.4945 0.0101973
  72 71.5 23.4988 0.0101991
  73 72.5 23.5131 0.0102053
  74 73.5 23.4813 0.0101915
  75 74.5 23.4982 0.0101989
  76 75.5 23.4941 0.0101971
  77 76.5 23.4836 0.0101926
  78 77.5 23.4874 0.0101942
  79 78.5 23.4953 0.0101976
  80 79.5 23.4595 0.0101821
  81 80.5 23.4683 0.0101859
  82 81.5 23.4864 0.0101938
  83 82.5 23.4888 0.0101948
  84 83.5 23.4813 0.0101916
  85 84.5 23.4986 0.0101991
  86 85.5 23.4449 0.0101757
  87 86.5 23.4567 0.0101809
  88 87.5 23.4418 0.0101744
  89 88.5 23.4406 0.0101739
  90 89.5 23.396 0.0101545
  91 90.5 23.4307 0.0101696
  92 91.5 23.4364 0.010172
  93 92.5 23.4008 0.0101566
  94 93.5 23.4075 0.0101595
  95 94.5 23.3924 0.010153
  96 95.5 23.3917 0.0101526
  97 96.5 23.412 0.0101614
  98 97.5 23.396 0.0101545
  99 98.5 23.3952 0.0101542
  100 99.5 23.3839 0.0101493
  101 100.5 23.4124 0.0101616
  102 101.5 23.4044 0.0101582
  103 102.5 23.4163 0.0101633
  104 103.5 23.4481 0.0101771
  105 104.5 23.4733 0.0101881
  106 105.5 23.4831 0.0101923
  107 106.5 23.4573 0.0101811
  108 107.5 23.4427 0.0101748
  109 108.5 23.4689 0.0101861
  110 109.5 23.4541 0.0101797
  111 110.5 23.4564 0.0101807
  112 111.5 23.4615 0.010183
  113 112.5 23.466 0.0101849
  114 113.5 23.468 0.0101858
  115 114.5 23.4312 0.0101698
  116 115.5 23.4457 0.0101761
  117 116.5 23.4592 0.0101819
  118 117.5 23.4633 0.0101837
  119 118.5 23.4755 0.010189
  120 119.5 23.4834 0.0101924
  121 120.5 23.4915 0.010196
  122 121.5 23.5048 0.0102017
  123 122.5 23.4922 0.0101963
  124 123.5 23.5115 0.0102047
  125 124.5 23.506 0.0102022
  126 125.5 23.5151 0.0102062
  127 126.5 23.5196 0.0102082
  128 127.5 23.5277 0.0102117
  129 128.5 23.5187 0.0102078
  130 129.5 23.5213 0.0102089
  131 130.5 23.493 0.0101966
  132 131.5 23.472 0.0101875
  133 132.5 23.5052 0.0102019
  134 133.5 23.4781 0.0101901
  135 134.5 23.4857 0.0101934
  136 135.5 23.4777 0.01019
  137 136.5 23.439 0.0101732
  138 137.5 23.4807 0.0101913
  139 138.5 23.4364 0.0101721
  140 139.5 23.4453 0.0101759
  141 140.5 23.4273 0.0101681
  142 141.5 23.4448 0.0101757
  143 142.5 23.4436 0.0101752
  144 143.5 23.4268 0.0101679
  145 144.5 23.4217 0.0101657
  146 145.5 23.4227 0.0101661
  147 146.5 23.4108 0.0101609
  148 147.5 23.4049 0.0101584
  149 148.5 23.3896 0.0101517
  150 149.5 23.3784 0.0101469
  151 150.5 23.3225 0.0101226
  152 151.5 23.2779 0.0101032
  153 152.5 23.2609 0.0100959
  154 153.5 23.2012 0.01007
  155 154.5 23.1573 0.0100509
  156 155.5 23.0425 0.0100011
  157 156.5 22.8962 0.00993758
  158 157.5 22.7005 0.00985264
  159 158.5 22.4401 0.00973961
  160 159.5 22.0167 0.00955587
  161 160.5 21.4458 0.00930805
  162 161.5 20.6735 0.00897289
  163 162.5 19.6421 0.00852523
  164 163.5 18.276 0.0079323
  165 164.5 16.6739 0.00723693
  166 165.5 14.783 0.00641624
  167 166.5 12.7239 0.00552252
  168 167.5 10.6456 0.00462049
  169 168.5 8.65902 0.00375826
  170 169.5 6.90311 0.00299614
  171 170.5 5.3998 0.00234366
  172 171.5 4.20675 0.00182585
  173 172.5 3.27432 0.00142114
  174 173.5 2.59872 0.00112792
  175 174.5 2.12726 0.00092329
  176 175.5 1.79264 0.000778056
  177 176.5 1.57048 0.000681631
  178 177.5 1.41996 0.000616303
  179 178.5 1.30869 0.00056801
  180 179.5 1.23398 0.000535583
  181 180.5 1.17333 0.000509256
  182 181.5 1.11584 0.000484305
  183 182.5 1.08094 0.000469159
  184 183.5 1.05131 0.000456298
  185 184.5 1.0254 0.00044505
  186 185.5 1.01162 0.000439073
  187 186.5 1.00621 0.000436723
  188 187.5 0.998274 0.000433279
  189 188.5 0.998918 0.000433558
  190 189.5 1.00268 0.000435193
  191 190.5 1.00306 0.000435355
  192 191.5 0.99206 0.000430582
  193 192.5 0.993898 0.000431379
  194 193.5 0.975118 0.000423228
  195 194.5 0.974646 0.000423023
  196 195.5 0.969804 0.000420922
  197 196.5 0.9787 0.000424783
  198 197.5 0.978626 0.000424751
  199 198.5 0.972984 0.000422302
  200 199.5 0.967178 0.000419782
  201 200.5 0.962834 0.000417897
  202 201.5 0.97096 0.000421424
  203 202.5 0.973242 0.000422414
  204 203.5 0.978004 0.000424481
  205 204.5 0.97628 0.000423733
  206 205.5 0.977172 0.00042412
  207 206.5 0.977138 0.000424105
  208 207.5 0.978058 0.000424504
  209 208.5 0.979196 0.000424998
  210 209.5 0.993692 0.00043129
  211 210.5 0.986144 0.000428014
  212 211.5 0.979904 0.000425306
  213 212.5 0.975176 0.000423253
  214 213.5 0.96628 0.000419392
  215 214.5 0.969158 0.000420641
  216 215.5 0.967146 0.000419768
  217 216.5 0.97304 0.000422326
  218 217.5 0.972444 0.000422068
  219 218.5 0.970384 0.000421174
  220 219.5 0.970878 0.000421388
  221 220.5 0.965664 0.000419125
  222 221.5 0.965752 0.000419163
  223 222.5 0.960796 0.000417012
  224 223.5 0.96185 0.00041747
  225 224.5 0.960606 0.00041693
  226 225.5 0.959176 0.000416309
  227 226.5 0.957822 0.000415721
  228 227.5 0.956496 0.000415146
  229 228.5 0.949804 0.000412241
  230 229.5 0.95202 0.000413203
  231 230.5 0.950592 0.000412583
  232 231.5 0.943988 0.000409717
  233 232.5 0.944998 0.000410155
  234 233.5 0.939702 0.000407857
  235 234.5 0.931678 0.000404374
  236 235.5 0.938396 0.00040729
  237 236.5 0.929992 0.000403642
  238 237.5 0.916284 0.000397693
  239 238.5 0.92197 0.000400161
  240 239.5 0.9311 0.000404123
  241 240.5 0.927466 0.000402546
  242 241.5 0.922424 0.000400358
  243 242.5 0.908898 0.000394487
  244 243.5 0.898836 0.00039012
  245 244.5 0.897436 0.000389512
  246 245.5 0.898004 0.000389759
  247 246.5 0.907038 0.00039368
  248 247.5 0.912898 0.000396223
  249 248.5 0.919054 0.000398895
  250 249.5 0.914514 0.000396924
  251 250.5 0.91765 0.000398286
  252 251.5 0.908606 0.00039436
  253 252.5 0.912894 0.000396221
  254 253.5 0.920084 0.000399342
  255 254.5 0.916906 0.000397963
  256 255.5 0.916862 0.000397944
  257 256.5 0.918042 0.000398456
  258 257.5 0.918622 0.000398707
  259 258.5 0.911342 0.000395548
  260 259.5 0.91345 0.000396463
  261 260.5 0.908464 0.000394299
  262 261.5 0.9012 0.000391146
  263 262.5 0.910056 0.00039499
  264 263.5 0.906676 0.000393523
  265 264.5 0.900506 0.000390845
  266 265.5 0.909386 0.000394699
  267 266.5 0.909628 0.000394804
  268 267.5 0.909016 0.000394538
  269 268.5 0.90818 0.000394175
  270 269.5 0.904364 0.000392519
  271 270.5 0.909408 0.000394708
  272 271.5 0.906576 0.000393479
  273 272.5 0.90947 0.000394735
  274 273.5 0.900866 0.000391001
  275 274.5 0.893276 0.000387707
  276 275.5 0.886352 0.000384701
  277 276.5 0.89104 0.000386736
  278 277.5 0.892656 0.000387437
  279 278.5 0.894482 0.00038823
  280 279.5 0.894054 0.000388044
  281 280.5 0.901684 0.000391356
  282 281.5 0.904794 0.000392706
  283 282.5 0.904942 0.00039277
  284 283.5 0.90706 0.000393689
  285 284.5 0.908524 0.000394325
  286 285.5 0.91353 0.000396497
  287 286.5 0.92501 0.00040148
  288 287.5 0.9193 0.000399002
  289 288.5 0.922122 0.000400227
  290 289.5 0.926404 0.000402085
  291 290.5 0.92811 0.000402826
  292 291.5 0.924794 0.000401386
  293 292.5 0.938864 0.000407493
  294 293.5 0.954332 0.000414207
  295 294.5 0.960084 0.000416703
  296 295.5 0.971586 0.000421695
  297 296.5 0.986594 0.000428209
  298 297.5 0.987032 0.000428399
  299 298.5 0.98622 0.000428047
  300 299.5 0.999872 0.000433972
  301 300.5 1.00236 0.000435051
  302 301.5 1.00754 0.000437301
  303 302.5 1.00488 0.000436145
  304 303.5 1.013 0.000439668
  305 304.5 1.00611 0.000436681
  306 305.5 1.00583 0.000436559
  307 306.5 1.00909 0.000437975
  308 307.5 1.02411 0.000444494
  309 308.5 1.02469 0.000444746
  310 309.5 1.03369 0.00044865
  311 310.5 1.05663 0.000458605
  312 311.5 1.08038 0.000468915
  313 312.5 1.11057 0.000482018
  314 313.5 1.15478 0.000501208
  315 314.5 1.20996 0.000525157
  316 315.5 1.27411 0.000552998
  317 316.5 1.36654 0.000593116
  318 317.5 1.51183 0.000656178
  319 318.5 1.7457 0.000757681
  320 319.5 2.07526 0.000900721
  321 320.5 2.56053 0.00111134
  322 321.5 3.22522 0.00139983
  323 322.5 4.14233 0.00179789
  324 323.5 5.33077 0.0023137
  325 324.5 6.78608 0.00294535
  326 325.5 8.54112 0.00370708
  327 326.5 10.4844 0.00455054
  328 327.5 12.4719 0.00541315
  329 328.5 14.3879 0.00624473
  330 329.5 16.1104 0.00699235
  331 330.5 17.593 0.00763587
  332 331.5 18.6695 0.00810308
  333 332.5 19.4462 0.0084402
  334 333.5 19.9562 0.00866156
  335 334.5 20.2044 0.00876926
  336 335.5 20.1755 0.00875671
  337 336.5 20.0208 0.00868956
  338 337.5 19.7352 0.00856561
  339 338.5 19.2812 0.00836857
  340 339.5 18.7584 0.00814166
  341 340.5 18.1468 0.00787621
  342 341.5 17.4565 0.00757661
  343 342.5 16.7002 0.00724833
  344 343.5 15.8892 0.00689636
  345 344.5 15.0336 0.00652499
  346 345.5 14.1625 0.00614692
  347 346.5 13.2825 0.00576496
  348 347.5 12.3979 0.00538105
  349 348.5 11.5361 0.005007
  350 349.5 10.7179 0.00465187
  351 350.5 9.92668 0.00430846
  352 351.5 9.17727 0.00398319
  353 352.5 8.47856 0.00367993
  354 353.5 7.84967 0.00340697
  355 354.5 7.30188 0.00316922
  356 355.5 6.79583 0.00294958
  357 356.5 6.32028 0.00274318
  358 357.5 5.94068 0.00257842
  359 358.5 5.61207 0.00243579
  360 359.5 5.3251 0.00231124
  361 360.5 5.06712 0.00219927
  362 361.5 4.87357 0.00211526
  363 362.5 4.71065 0.00204455
  364 363.5 4.56526 0.00198145
  365 364.5 4.44121 0.00192761
  366 365.5 4.34971 0.00188789
  367 366.5 4.27015 0.00185336
  368 367.5 4.20322 0.00182432
  369 368.5 4.14667 0.00179977
  370 369.5 4.09308 0.00177651
  371 370.5 4.05037 0.00175797
  372 371.5 4.02087 0.00174517
  373 372.5 3.99827 0.00173536
  374 373.5 3.97789 0.00172651
  375 374.5 3.94997 0.0017144
  376 375.5 3.93657 0.00170858
  377 376.5 3.94161 0.00171077
  378 377.5 3.93051 0.00170595
  379 378.5 3.91695 0.00170006
  380 379.5 3.91186 0.00169785
  381 380.5 3.90365 0.00169429
  382 381.5 3.90048 0.00169292
  383 382.5 3.91035 0.0016972
  384 383.5 3.9098 0.00169696
  385 384.5 3.90598 0.0016953
  386 385.5 3.89916 0.00169234
  387 386.5 3.90143 0.00169333
  388 387.5 3.90277 0.00169391
  389 388.5 3.89928 0.0016924
  390 389.5 3.89727 0.00169152
  391 390.5 3.88003 0.00168404
  392 391.5 3.87577 0.00168219
  393 392.5 3.87426 0.00168154
  394 393.5 3.85944 0.00167511
  395 394.5 3.85576 0.00167351
  396 395.5 3.85988 0.00167529
  397 396.5 3.86163 0.00167605
  398 397.5 3.84772 0.00167002
  399 398.5 3.84805 0.00167016
  400 399.5 3.85921 0.001675
  401 400.5 3.86659 0.00167821
  402 401.5 3.84489 0.00166879
  403 402.5 3.85356 0.00167255
  404 403.5 3.84943 0.00167076
  405 404.5 3.84485 0.00166877
  406 405.5 3.84734 0.00166985
  407 406.5 3.83172 0.00166307
  408 407.5 3.83258 0.00166345
  409 408.5 3.83496 0.00166448
  410 409.5 3.83751 0.00166558
  411 410.5 3.8416 0.00166736
  412 411.5 3.84102 0.00166711
  413 412.5 3.83332 0.00166377
  414 413.5 3.83017 0.0016624
  415 414.5 3.82944 0.00166208
  416 415.5 3.82853 0.00166169
  417 416.5 3.83931 0.00166637
  418 417.5 3.82938 0.00166206
  419 418.5 3.82996 0.00166231
  420 419.5 3.83258 0.00166345
  421 420.5 3.84056 0.00166691
  422 421.5 3.84704 0.00166972
  423 422.5 3.84125 0.00166721
  424 423.5 3.84992 0.00167097
  425 424.5 3.83902 0.00166624
  426 425.5 3.84007 0.0016667
  427 426.5 3.84313 0.00166802
  428 427.5 3.84971 0.00167088
  429 428.5 3.86567 0.00167781
  430 429.5 3.8619 0.00167617
  431 430.5 3.86487 0.00167746
  432 431.5 3.87421 0.00168152
  433 432.5 3.86018 0.00167542
  434 433.5 3.8541 0.00167279
  435 434.5 3.86847 0.00167902
  436 435.5 3.85766 0.00167433
  437 436.5 3.85071 0.00167132
  438 437.5 3.84793 0.00167011
  439 438.5 3.86166 0.00167607
  440 439.5 3.85531 0.00167331
  441 440.5 3.85224 0.00167198
  442 441.5 3.84126 0.00166721
  443 442.5 3.84578 0.00166917
  444 443.5 3.83286 0.00166357
  445 444.5 3.82398 0.00165971
  446 445.5 3.82839 0.00166163
  447 446.5 3.82492 0.00166012
  448 447.5 3.84251 0.00166776
  449 448.5 3.83399 0.00166406
  450 449.5 3.82858 0.00166171
  451 450.5 3.82426 0.00165984
  452 451.5 3.82582 0.00166051
  453 452.5 3.83082 0.00166268
  454 453.5 3.82879 0.0016618
  455 454.5 3.82856 0.0016617
  456 455.5 3.82101 0.00165843
  457 456.5 3.81488 0.00165577
  458 457.5 3.83176 0.00166309
  459 458.5 3.82804 0.00166148
  460 459.5 3.83735 0.00166552
  461 460.5 3.83527 0.00166461
  462 461.5 3.84388 0.00166835
  463 462.5 3.84954 0.00167081
  464 463.5 3.85569 0.00167348
  465 464.5 3.85942 0.0016751
  466 465.5 3.86812 0.00167887
  467 466.5 3.86123 0.00167588
  468 467.5 3.87469 0.00168172
  469 468.5 3.8749 0.00168182
  470 469.5 3.88492 0.00168616
  471 470.5 3.88259 0.00168515
  472 471.5 3.90771 0.00169605
  473 472.5 3.92819 0.00170494
  474 473.5 3.95159 0.0017151
  475 474.5 3.99263 0.00173291
  476 475.5 4.02878 0.0017486
  477 476.5 4.06325 0.00176356
  478 477.5 4.11604 0.00178647
  479 478.5 4.18137 0.00181483
  480 479.5 4.25373 0.00184624
30000000 480 4636.000000000001
  1 0.5 4.11514 0.00178609
  2 1.5 4.16008 0.00180559
  3 2.5 4.22824 0.00183517
  4 3.5 4.28935 0.0018617
  5 4.5 4.35626 0.00189074
  6 5.5 4.44142 0.0019277
  7 6.5 4.56325 0.00198058
  8 7.5 4.65826 0.00202181
  9 8.5 4.81226 0.00208865
  10 9.5 4.98379 0.0021631
  11 10.5 5.18337 0.00224972
  12 11.5 5.38301 0.00233638
  13 12.5 5.64418 0.00244973
  14 13.5 5.91329 0.00256653
  15 14.5 6.19509 0.00268884
  16 15.5 6.54228 0.00283953
  17 16.5 6.89069 0.00299075
  18 17.5 7.25951 0.00315083
  19 18.5 7.66171 0.0033254
  20 19.5 8.07294 0.00350388
  21 20.5 8.5067 0.00369214
  22 21.5 8.97094 0.00389364
  23 22.5 9.44666 0.00410011
  24 23.5 9.94148 0.00431488
  25 24.5 10.4234 0.00452407
  26 25.5 10.9473 0.00475145
  27 26.5 11.4704 0.00497846
  28 27.5 11.988 0.00520313
  29 28.5 12.5059 0.0054279
  30 29.5 13.0532 0.00566544
  31 30.5 13.5781 0.00589326
  32 31.5 14.0944 0.00611734
  33 32.5 14.6278 0.00634886
  34 33.5 15.1163 0.00656089
  35 34.5 15.6125 0.00677624
  36 35.5 16.1099 0.00699214
  37 36.5 16.5606 0.00718774
  38 37.5 17.0277 0.00739051
  39 38.5 17.4764 0.00758524
  40 39.5 17.8894 0.00776449
  41 40.5 18.2977 0.00794169
  42 41.5 18.6833 0.00810907
  43 42.5 19.0915 0.00828624
  44 43.5 19.4788 0.00845432
  45 44.5 19.816 0.0086007
  46 45.5 20.1512 0.00874616
  47 46.5 20.5072 0.00890069
  48 47.5 20.8228 0.00903768
  49 48.5 21.1109 0.00916271
  50 49.5 21.383 0.00928081
  51 50.5 21.6355 0.00939039
  52 51.5 21.8892 0.00950051
  53 52.5 22.0698 0.00957889
  54 53.5 22.2503 0.00965726
  55 54.5 22.4093 0.00972626
  56 55.5 22.5825 0.00980143
  57 56.5 22.6894 0.00984783
  58 57.5 22.8201 0.00990456
  59 58.5 22.9153 0.0099459
  60 59.5 22.9836 0.00997553
  61 60.5 23.0771 0.0100161
  62 61.5 23.1083 0.0100296
  63 62.5 23.188 0.0100642
  64 63.5 23.2105 0.010074
  65 64.5 23.3002 0.0101129
  66 65.5 23.2996 0.0101127
  67 66.5 23.3382 0.0101294
  68 67.5 23.3204 0.0101217
  69 68.5 23.3952 0.0101542
  70 69.5 23.428 0.0101684
  71 70.5 23.424 0.0101667
  72 71.5 23.4108 0.010161
  73 72.5 23.4653 0.0101846
  74 73.5 23.4851 0.0101932
  75 74.5 23.4413 0.0101742
  76 75.5 23.474 0.0101884
  77 76.5 23.5259 0.0102109
  78 77.5 23.5512 0.0102219
  79 78.5 23.5435 0.0102185
  80 79.5 23.5554 0.0102237
  81 80.5 23.5407 0.0102173
  82 81.5 23.572 0.0102309
  83 82.5 23.5743 0.0102319
  84 83.5 23.5534 0.0102228
  85 84.5 23.5952 0.010241
  86 85.5 23.5757 0.0102325
  87 86.5 23.5823 0.0102354
  88 87.5 23.5774 0.0102332
  89 88.5 23.5775 0.0102333
  90 89.5 23.5667 0.0102286
  91 90.5 23.5641 0.0102275
  92 91.5 23.5747 0.0102321
  93 92.5 23.5862 0.0102371
  94 93.5 23.5587 0.0102251
  95 94.5 23.5954 0.0102411
  96 95.5 23.5891 0.0102383
  97 96.5 23.5789 0.0102339
  98 97.5 23.5986 0.0102425
  99 98.5 23.6127 0.0102486
  100 99.5 23.5911 0.0102392
  101 100.5 23.6229 0.010253
  102 101.5 23.5983 0.0102423
  103 102.5 23.5698 0.01023
  104 103.5 23.5891 0.0102383
  105 104.5 23.5709 0.0102304
  106 105.5 23.569 0.0102296
  107 106.5 23.5992 0.0102427
  108 107.5 23.5865 0.0102372
  109 108.5 23.5909 0.0102391
  110 109.5 23.5991 0.0102427
  111 110.5 23.6197 0.0102516
  112 111.5 23.6112 0.0102479
  113 112.5 23.6174 0.0102506
  114 113.5 23.6153 0.0102497
  115 114.5 23.6182 0.010251
  116 115.5 23.6346 0.0102581
  117 116.5 23.6192 0.0102514
  118 117.5 23.6358 0.0102586
  119 118.5 23.6441 0.0102622
  120 119.5 23.6186 0.0102511
  121 120.5 23.6545 0.0102667
  122 121.5 23.6308 0.0102564
  123 122.5 23.6407 0.0102607
  124 123.5 23.6234 0.0102532
  125 124.5 23.6368 0.010259
  126 125.5 23.6079 0.0102465
  127 126.5 23.6188 0.0102512
  128 127.5 23.6393 0.0102601
  129 128.5 23.6313 0.0102567
  130 129.5 23.5905 0.0102389
  131 130.5 23.6088 0.0102469
  132 131.5 23.5947 0.0102407
  133 132.5 23.5699 0.01023
  134 133.5 23.5672 0.0102288
  135 134.5 23.5873 0.0102376
  136 135.5 23.5791 0.010234
  137 136.5 23.582 0.0102353
  138 137.5 23.6138 0.010249
  139 138.5 23.5529 0.0102226
  140 139.5 23.576 0.0102327
  141 140.5 23.5865 0.0102372
  142 141.5 23.5897 0.0102386
  143 142.5 23.5848 0.0102364
  144 143.5 23.6073 0.0102462
  145 144.5 23.6042 0.0102449
  146 145.5 23.6044 0.010245
  147 146.5 23.6023 0.0102441
  148 147.5 23.5985 0.0102424
  149 148.5 23.6113 0.010248
  150 149.5 23.5898 0.0102386
  151 150.5 23.5511 0.0102218
  152 151.5 23.5854 0.0102367
  153 152.5 23.5689 0.0102296
  154 153.5 23.5334 0.0102141
  155 154.5 23.4887 0.0101948
  156 155.5 23.4648 0.0101844
  157 156.5 23.3637 0.0101405
  158 157.5 23.2985 0.0101122
  159 158.5 23.1489 0.0100472
  160 159.5 22.9956 0.00998071
  161 160.5 22.718 0.00986024
  162 161.5 22.3255 0.0096899
  163 162.5 21.7765 0.00945159
  164 163.5 21.0899 0.0091536
  165 164.5 20.1714 0.00875494
  166 165.5 18.9986 0.0082459
  167 166.5 17.5628 0.00762275
  168 167.5 15.9688 0.0069309
  169 168.5 14.2316 0.00617693
  170 169.5 12.4188 0.00539009
  171 170.5 10.6098 0.00460493
  172 171.5 8.92504 0.00387372
  173 172.5 7.34095 0.00318618
  174 173.5 5.97098 0.00259157
  175 174.5 4.79569 0.00208146
  176 175.5 3.82265 0.00165914
  177 176.5 3.05714 0.00132688
  178 177.5 2.48713 0.00107949
  179 178.5 2.04326 0.000886832
  180 179.5 1.7334 0.000752344
  181 180.5 1.51079 0.000655726
  182 181.5 1.34724 0.000584739
  183 182.5 1.23274 0.000535042
  184 183.5 1.16398 0.000505201
  185 184.5 1.12564 0.000488559
  186 185.5 1.09919 0.000477078
  187 186.5 1.05526 0.000458012
  188 187.5 1.03881 0.000450874
  189 188.5 1.025 0.00044488
  190 189.5 1.02211 0.000443626
  191 190.5 1.01807 0.00044187
  192 191.5 1.01466 0.00044039
  193 192.5 0.99585 0.000432227
  194 193.5 0.997556 0.000432967
  195 194.5 0.993278 0.00043111
  196 195.5 0.987732 0.000428703
  197 196.5 0.990874 0.000430067
  198 197.5 1.00369 0.000435628
  199 198.5 1.00721 0.000437157
  200 199.5 1.01148 0.000439011
  201 200.5 1.0048 0.000436111
  202 201.5 1.00516 0.000436266
  203 202.5 1.00223 0.000434996
  204 203.5 1.00379 0.000435672
  205 204.5 0.99683 0.000432652
  206 205.5 0.987882 0.000428768
  207 206.5 0.984544 0.000427319
  208 207.5 0.98057 0.000425595
  209 208.5 0.982286 0.000426339
  210 209.5 0.977092 0.000424085
  211 210.5 0.984138 0.000427143
  212 211.5 0.974688 0.000423042
  213 212.5 0.970884 0.000421391
  214 213.5 0.974528 0.000422972
  215 214.5 0.979026 0.000424924
  216 215.5 0.978664 0.000424767
  217 216.5 0.969448 0.000420767
  218 217.5 0.95679 0.000415273
  219 218.5 0.93665 0.000406532
  220 219.5 0.942356 0.000409009
  221 220.5 0.941802 0.000408768
  222 221.5 0.938768 0.000407451
  223 222.5 0.928852 0.000403148
  224 223.5 0.920296 0.000399434
  225 224.5 0.92428 0.000401163
  226 225.5 0.929174 0.000403287
  227 226.5 0.930328 0.000403788
  228 227.5 0.932836 0.000404877
  229 228.5 0.930474 0.000403852
  230 229.5 0.927422 0.000402527
  231 230.5 0.926342 0.000402058
  232 231.5 0.927486 0.000402555
  233 232.5 0.922952 0.000400587
  234 233.5 0.917176 0.00039808
  235 234.5 0.915806 0.000397485
  236 235.5 0.91371 0.000396576
  237 236.5 0.91397 0.000396688
  238 237.5 0.908772 0.000394432
  239 238.5 0.914712 0.00039701
  240 239.5 0.923692 0.000400908
  241 240.5 0.932532 0.000404745
  242 241.5 0.944848 0.00041009
  243 242.5 0.947436 0.000411214
  244 243.5 0.94768 0.000411319
  245 244.5 0.940636 0.000408262
  246 245.5 0.931562 0.000404324
  247 246.5 0.924864 0.000401417
  248 247.5 0.931928 0.000404483
  249 248.5 0.926786 0.000402251
  250 249.5 0.935232 0.000405917
  251 250.5 0.94184 0.000408785
  252 251.5 0.936938 0.000406657
  253 252.5 0.936156 0.000406318
  254 253.5 0.925198 0.000401562
  255 254.5 0.918006 0.00039844
  256 255.5 0.92931 0.000403346
  257 256.5 0.936044 0.000406269
  258 257.5 0.923246 0.000400714
  259 258.5 0.925528 0.000401705
  260 259.5 0.927568 0.00040259
  261 260.5 0.927282 0.000402466
  262 261.5 0.925502 0.000401694
  263 262.5 0.929842 0.000403577
  264 263.5 0.930134 0.000403704
  265 264.5 0.934278 0.000405503
  266 265.5 0.943592 0.000409545
  267 266.5 0.942586 0.000409109
  268 267.5 0.92698 0.000402335
  269 268.5 0.918378 0.000398602
  270 269.5 0.919686 0.000399169
  271 270.5 0.922086 0.000400211
  272 271.5 0.925324 0.000401616
  273 272.5 0.928348 0.000402929
  274 273.5 0.933012 0.000404953
  275 274.5 0.934832 0.000405743
  276 275.5 0.93447 0.000405586
  277 276.5 0.935044 0.000405835
  278 277.5 0.937296 0.000406813
  279 278.5 0.95334 0.000413776
  280 279.5 0.957014 0.000415371
  281 280.5 0.965134 0.000418895
  282 281.5 0.981176 0.000425858
  283 282.5 0.988916 0.000429217
  284 283.5 0.992996 0.000430988
  285 284.5 1.00138 0.000434625
  286 285.5 1.00113 0.000434518
  287 286.5 1.01132 0.000438942
  288 287.5 1.01283 0.000439597
  289 288.5 1.01045 0.000438562
  290 289.5 1.00941 0.000438112
  291 290.5 1.00269 0.000435196
  292 291.5 1.00187 0.000434841
  293 292.5 0.998802 0.000433508
  294 293.5 0.998348 0.000433311
  295 294.5 0.998876 0.00043354
  296 295.5 1.00326 0.000435444
  297 296.5 1.00366 0.000435618
  298 297.5 0.998664 0.000433448
  299 298.5 0.989602 0.000429515
  300 299.5 0.98461 0.000427348
  301 300.5 0.973502 0.000422527
  302 301.5 0.966834 0.000419633
  303 302.5 0.970524 0.000421234
  304 303.5 0.966434 0.000419459
  305 304.5 0.980286 0.000425471
  306 305.5 0.987842 0.000428751
  307 306.5 0.987344 0.000428535
  308 307.5 0.992438 0.000430746
  309 308.5 0.991036 0.000430137
  310 309.5 0.993166 0.000431062
  311 310.5 1.00818 0.000437579
  312 311.5 1.03326 0.000448464
  313 312.5 1.05188 0.000456546
  314 313.5 1.07082 0.000464767
  315 314.5 1.09585 0.000475631
  316 315.5 1.12853 0.000489814
  317 316.5 1.19421 0.000518321
  318 317.5 1.27714 0.000554316
  319 318.5 1.38098 0.000599385
  320 319.5 1.55295 0.000674024
  321 320.5 1.79003 0.000776924
  322 321.5 2.14257 0.000929933
  323 322.5 2.63699 0.00114453
  324 323.5 3.30711 0.00143538
  325 324.5 4.19441 0.00182049
  326 325.5 5.29616 0.00229868
  327 326.5 6.57719 0.00285468
  328 327.5 8.00042 0.0034724
  329 328.5 9.5507 0.00414527
  330 329.5 11.1496 0.00483923
  331 330.5 12.7327 0.00552634
  332 331.5 14.2005 0.00616341
  333 332.5 15.5387 0.00674425
  334 333.5 16.6897 0.0072438
  335 334.5 17.7375 0.00769857
  336 335.5 18.5736 0.00806145
  337 336.5 19.217 0.00834072
  338 337.5 19.6904 0.00854616
  339 338.5 20.0167 0.00868779
  340 339.5 20.1462 0.008744
  341 340.5 20.1431 0.00874268
  342 341.5 20.0568 0.00870519
  343 342.5 19.8386 0.00861048
  344 343.5 19.5487 0.0084847
  345 344.5 19.2011 0.00833382
  346 345.5 18.793 0.0081567
  347 346.5 18.3838 0.00797908
  348 347.5 17.9266 0.00778064
  349 348.5 17.438 0.00756856
  350 349.5 16.8934 0.00733219
  351 350.5 16.3941 0.00711549
  352 351.5 15.8772 0.00689115
  353 352.5 15.3115 0.00664563
  354 353.5 14.7887 0.0064187
  355 354.5 14.2589 0.00618875
  356 355.5 13.7529 0.00596913
  357 356.5 13.2329 0.00574346
  358 357.5 12.7369 0.00552816
  359 358.5 12.2289 0.00530769
  360 359.5 11.7331 0.00509248
  361 360.5 11.2571 0.00488588
  362 361.5 10.7799 0.00467878
  363 362.5 10.3506 0.00449246
  364 363.5 9.92563 0.004308
  365 364.5 9.49851 0.00412262
  366 365.5 9.09825 0.00394889
  367 366.5 8.70224 0.00377702
  368 367.5 8.30507 0.00360463
  369 368.5 7.93903 0.00344576
  370 369.5 7.56521 0.00328351
  371 370.5 7.19166 0.00312138
  372 371.5 6.8772 0.00298489
  373 372.5 6.55321 0.00284428
  374 373.5 6.24682 0.00271129
  375 374.5 5.97509 0.00259336
  376 375.5 5.69129 0.00247018
  377 376.5 5.46311 0.00237114
  378 377.5 5.23419 0.00227178
  379 378.5 5.02867 0.00218258
  380 379.5 4.85525 0.00210731
  381 380.5 4.69893 0.00203947
  382 381.5 4.55398 0.00197655
  383 382.5 4.43909 0.00192669
  384 383.5 4.33557 0.00188176
  385 384.5 4.24674 0.0018432
  386 385.5 4.16759 0.00180885
  387 386.5 4.11266 0.00178501
  388 387.5 4.07473 0.00176855
  389 388.5 4.03718 0.00175225
  390 389.5 3.99611 0.00173442
  391 390.5 3.96722 0.00172189
  392 391.5 3.95782 0.0017178
  393 392.5 3.94433 0.00171195
  394 393.5 3.93835 0.00170936
  395 394.5 3.92565 0.00170384
  396 395.5 3.927 0.00170443
  397 396.5 3.92033 0.00170153
  398 397.5 3.91377 0.00169868
  399 398.5 3.90684 0.00169568
  400 399.5 3.90192 0.00169354
  401 400.5 3.8887 0.0016878
  402 401.5 3.90706 0.00169577
  403 402.5 3.90431 0.00169458
  404 403.5 3.90963 0.00169689
  405 404.5 3.91285 0.00169828
  406 405.5 3.93142 0.00170634
  407 406.5 3.92702 0.00170443
  408 407.5 3.93339 0.0017072
  409 408.5 3.92493 0.00170353
  410 409.5 3.92675 0.00170432
  411 410.5 3.92905 0.00170532
  412 411.5 3.93269 0.0017069
  413 412.5 3.93371 0.00170734
  414 413.5 3.92349 0.0017029
  415 414.5 3.91697 0.00170007
  416 415.5 3.92795 0.00170484
  417 416.5 3.9204 0.00170156
  418 417.5 3.91913 0.00170101
  419 418.5 3.92041 0.00170157
  420 419.5 3.92405 0.00170315
  421 420.5 3.92489 0.00170351
  422 421.5 3.92507 0.00170359
  423 422.5 3.92819 0.00170494
  424 423.5 3.91919 0.00170104
  425 424.5 3.93892 0.0017096
  426 425.5 3.93231 0.00170673
  427 426.5 3.95236 0.00171544
  428 427.5 3.9718 0.00172387
  429 428.5 3.95408 0.00171618
  430 429.5 3.9676 0.00172205
  431 430.5 3.96834 0.00172237
  432 431.5 3.96422 0.00172058
  433 432.5 3.96597 0.00172134
  434 433.5 3.94786 0.00171348
  435 434.5 3.95116 0.00171491
  436 435.5 3.9387 0.0017095
  437 436.5 3.93187 0.00170654
  438 437.5 3.94265 0.00171122
  439 438.5 3.93772 0.00170908
  440 439.5 3.94303 0.00171139
  441 440.5 3.94924 0.00171408
  442 441.5 3.95805 0.0017179
  443 442.5 3.9584 0.00171806
  444 443.5 3.96292 0.00172002
  445 444.5 3.96023 0.00171885
  446 445.5 3.95489 0.00171653
  447 446.5 3.95554 0.00171682
  448 447.5 3.9474 0.00171328
  449 448.5 3.9618 0.00171953
  450 449.5 3.94284 0.0017113
  451 450.5 3.9323 0.00170673
  452 451.5 3.9359 0.00170829
  453 452.5 3.93907 0.00170966
  454 453.5 3.93855 0.00170944
  455 454.5 3.92686 0.00170437
  456 455.5 3.94606 0.0017127
  457 456.5 3.94359 0.00171163
  458 457.5 3.93308 0.00170707
  459 458.5 3.93957 0.00170988
  460 459.5 3.93634 0.00170848
  461 460.5 3.94059 0.00171033
  462 461.5 3.93691 0.00170873
  463 462.5 3.93871 0.00170951
  464 463.5 3.94455 0.00171204
  465 464.5 3.93601 0.00170834
  466 465.5 3.94429 0.00171193
  467 466.5 3.94486 0.00171218
  468 467.5 3.94361 0.00171164
  469 468.5 3.93155 0.0017064
  470 469.5 3.93213 0.00170665
  471 470.5 3.93532 0.00170804
  472 471.5 3.93683 0.00170869
  473 472.5 3.95581 0.00171693
  474 473.5 3.95874 0.0017182
  475 474.5 3.96559 0.00172118
  476 475.5 3.98211 0.00172834
  477 476.5 4.00257 0.00173723
  478 477.5 4.0224 0.00174583
  479 478.5 4.04845 0.00175714
  480 479.5 4.06684 0.00176512
40000000 480 4636.000000000003
  1 0.5 3.95016 0.00171448
  2 1.5 3.95187 0.00171522
  3 2.5 3.95045 0.00171461
  4 3.5 3.96546 0.00172112
  5 4.5 3.9672 0.00172188
  6 5.5 3.97459 0.00172508
  7 6.5 3.96393 0.00172046
  8 7.5 3.9816 0.00172813
  9 8.5 3.98872 0.00173122
  10 9.5 3.99035 0.00173192
  11 10.5 3.98607 0.00173007
  12 11.5 3.9799 0.00172739
  13 12.5 3.98193 0.00172827
  14 13.5 3.99305 0.00173309
  15 14.5 3.98715 0.00173053
  16 15.5 3.99512 0.00173399
  17 16.5 4.00973 0.00174033
  18 17.5 4.01821 0.00174401
  19 18.5 4.03143 0.00174975
  20 19.5 4.02533 0.00174711
  21 20.5 4.02785 0.0017482
  22 21.5 4.05601 0.00176042
  23 22.5 4.06374 0.00176378
  24 23.5 4.08493 0.00177297
  25 24.5 4.10518 0.00178176
  26 25.5 4.13019 0.00179262
  27 26.5 4.16188 0.00180637
  28 27.5 4.20298 0.00182421
  29 28.5 4.26442 0.00185088
  30 29.5 4.31207 0.00187156
  31 30.5 4.38333 0.00190249
  32 31.5 4.49044 0.00194897
  33 32.5 4.60136 0.00199712
  34 33.5 4.74686 0.00206027
  35 34.5 4.89813 0.00212592
  36 35.5 5.08674 0.00220779
  37 36.5 5.29495 0.00229816
  38 37.5 5.53378 0.00240181
  39 38.5 5.78834 0.0025123
  40 39.5 6.11585 0.00265445
  41 40.5 6.45049 0.00279969
  42 41.5 6.81167 0.00295645
  43 42.5 7.21721 0.00313247
  44 43.5 7.6559 0.00332287
  45 44.5 8.11246 0.00352103
  46 45.5 8.61326 0.00373839
  47 46.5 9.15428 0.00397321
  48 47.5 9.71102 0.00421485
  49 48.5 10.3155 0.00447723
  50 49.5 10.9243 0.00474145
  51 50.5 11.5495 0.0050128
  52 51.5 12.2102 0.00529955
  53 52.5 12.8794 0.00559
  54 53.5 13.5172 0.00586682
  55 54.5 14.2046 0.00616521
  56 55.5 14.903 0.00646833
  57 56.5 15.5746 0.00675982
  58 57.5 16.2487 0.00705238
  59 58.5 16.9441 0.0073542
  60 59.5 17.5824 0.00763126
  61 60.5 18.1715 0.00788694
  62 61.5 18.7603 0.0081425
  63 62.5 19.353 0.00839975
  64 63.5 19.8594 0.00861954
  65 64.5 20.2801 0.00880214
  66 65.5 20.7195 0.00899282
  67 66.5 21.1126 0.00916347
  68 67.5 21.4176 0.00929581
  69 68.5 21.7499 0.00944005
  70 69.5 21.988 0.00954339
  71 70.5 22.221 0.00964452
  72 71.5 22.4161 0.00972923
  73 72.5 22.6031 0.00981038
  74 73.5 22.7426 0.00987094
  75 74.5 22.8838 0.00993219
  76 75.5 22.9731 0.00997098
  77 76.5 23.0474 0.0100032
  78 77.5 23.1368 0.010042
  79 78.5 23.2011 0.0100699
  80 79.5 23.2217 0.0100789
  81 80.5 23.2673 0.0100987
  82 81.5 23.3388 0.0101297
  83 82.5 23.3566 0.0101374
  84 83.5 23.3625 0.01014
  85 84.5 23.3913 0.0101525
  86 85.5 23.4103 0.0101607
  87 86.5 23.44 0.0101736
  88 87.5 23.4449 0.0101757
  89 88.5 23.4442 0.0101754
  90 89.5 23.4492 0.0101776
  91 90.5 23.4667 0.0101852
  92 91.5 23.4705 0.0101868
  93 92.5 23.4425 0.0101747
  94 93.5 23.4498 0.0101779
  95 94.5 23.4488 0.0101774
  96 95.5 23.4347 0.0101713
  97 96.5 23.4231 0.0101663
  98 97.5 23.4299 0.0101692
  99 98.5 23.4112 0.0101611
  100 99.5 23.387 0.0101506
  101 100.5 23.413 0.0101619
  102 101.5 23.4238 0.0101666
  103 102.5 23.4119 0.0101614
  104 103.5 23.387 0.0101506
  105 104.5 23.4184 0.0101642
  106 105.5 23.4513 0.0101785
  107 106.5 23.417 0.0101636
  108 107.5 23.3955 0.0101543
  109 108.5 23.4454 0.010176
  110 109.5 23.4589 0.0101818
  111 110.5 23.445 0.0101758
  112 111.5 23.4715 0.0101873
  113 112.5 23.4493 0.0101776
  114 113.5 23.4605 0.0101825
  115 114.5 23.4778 0.01019
  116 115.5 23.4637 0.0101839
  117 116.5 23.4455 0.010176
  118 117.5 23.5192 0.010208
  119 118.5 23.4948 0.0101974
  120 119.5 23.5031 0.010201
  121 120.5 23.5058 0.0102022
  122 121.5 23.5801 0.0102344
  123 122.5 23.5279 0.0102118
  124 123.5 23.5402 0.0102171
  125 124.5 23.5259 0.0102109
  126 125.5 23.5484 0.0102207
  127 126.5 23.5405 0.0102172
  128 127.5 23.5548 0.0102235
  129 128.5 23.5683 0.0102293
  130 129.5 23.5673 0.0102288
  131 130.5 23.5463 0.0102198
  132 131.5 23.5426 0.0102181
  133 132.5 23.5782 0.0102336
  134 133.5 23.5874 0.0102376
  135 134.5 23.579 0.0102339
  136 135.5 23.5352 0.0102149
  137 136.5 23.5675 0.0102289
  138 137.5 23.5691 0.0102296
  139 138.5 23.5503 0.0102215
  140 139.5 23.5427 0.0102182
  141 140.5 23.5584 0.010225
  142 141.5 23.5626 0.0102268
  143 142.5 23.5627 0.0102269
  144 143.5 23.5614 0.0102263
  145 144.5 23.5537 0.010223
  146 145.5 23.5422 0.010218
  147 146.5 23.5398 0.0102169
  148 147.5 23.5355 0.0102151
  149 148.5 23.5574 0.0102246
  150 149.5 23.535 0.0102148
  151 150.5 23.5128 0.0102052
  152 151.5 23.5252 0.0102106
  153 152.5 23.5595 0.0102255
  154 153.5 23.5249 0.0102104
  155 154.5 23.5202 0.0102084
  156 155.5 23.548 0.0102205
  157 156.5 23.5194 0.0102081
  158 157.5 23.5077 0.010203
  159 158.5 23.4884 0.0101946
  160 159.5 23.4581 0.0101815
  161 160.5 23.4379 0.0101727
  162 161.5 23.4035 0.0101578
  163 162.5 23.3639 0.0101406
  164 163.5 23.2614 0.0100961
  165 164.5 23.1692 0.0100561
  166 165.5 23.0111 0.00998744
  167 166.5 22.7252 0.00986339
  168 167.5 22.3839 0.00971522
  169 168.5 21.9405 0.0095228
  170 169.5 21.2835 0.00923764
  171 170.5 20.3796 0.00884533
  172 171.5 19.307 0.00837975
  173 172.5 17.9842 0.00780564
  174 173.5 16.4441 0.00713718
  175 174.5 14.6933 0.00637728
  176 175.5 12.8488 0.00557672
  177 176.5 11.0194 0.00478271
  178 177.5 9.2398 0.00401033
  179 178.5 7.55167 0.00327763
  180 179.5 6.08845 0.00264255
  181 180.5 4.85188 0.00210585
  182 181.5 3.82922 0.00166199
  183 182.5 3.03248 0.00131618
  184 183.5 2.44567 0.00106149
  185 184.5 2.01144 0.00087302
  186 185.5 1.7187 0.000745964
  187 186.5 1.50188 0.000651857
  188 187.5 1.35432 0.000587811
  189 188.5 1.24978 0.000542441
  190 189.5 1.19345 0.000517989
  191 190.5 1.13104 0.000490903
  192 191.5 1.09791 0.000476525
  193 192.5 1.08119 0.000469266
  194 193.5 1.07277 0.000465613
  195 194.5 1.06862 0.000463812
  196 195.5 1.05147 0.000456367
  197 196.5 1.04758 0.00045468
  198 197.5 1.03191 0.000447876
  199 198.5 1.05015 0.000455796
  200 199.5 1.05519 0.00045798
  201 200.5 1.05967 0.000459926
  202 201.5 1.05594 0.000458306
  203 202.5 1.06258 0.00046119
  204 203.5 1.07096 0.000464826
  205 204.5 1.07849 0.000468093
  206 205.5 1.08776 0.000472119
  207 206.5 1.0917 0.000473827
  208 207.5 1.09413 0.000474881
  209 208.5 1.09127 0.00047364
  210 209.5 1.10275 0.000478624
  211 210.5 1.10644 0.000480227
  212 211.5 1.10593 0.000480003
  213 212.5 1.11606 0.000484399
  214 213.5 1.12791 0.000489545
  215 214.5 1.12524 0.000488385
  216 215.5 1.13073 0.00049077
  217 216.5 1.1315 0.000491104
  218 217.5 1.12846 0.000489782
  219 218.5 1.11365 0.000483355
  220 219.5 1.09749 0.000476342
  221 220.5 1.08794 0.000472196
  222 221.5 1.08792 0.000472187
  223 222.5 1.08103 0.000469195
  224 223.5 1.0709 0.000464802
  225 224.5 1.08174 0.000469503
  226 225.5 1.08664 0.000471631
  227 226.5 1.08246 0.000469818
  228 227.5 1.09131 0.000473658
  229 228.5 1.08913 0.000472712
  230 229.5 1.08533 0.000471063
  231 230.5 1.0748 0.000466493
  232 231.5 1.08244 0.000469811
  233 232.5 1.07531 0.000466716
  234 233.5 1.07292 0.000465678
  235 234.5 1.06556 0.000462484
  236 235.5 1.06166 0.00046079
  237 236.5 1.06205 0.000460958
  238 237.5 1.06873 0.000463859
  239 238.5 1.07852 0.000468109
  240 239.5 1.09101 0.00047353
  241 240.5 1.0967 0.000475999
  242 241.5 1.08808 0.000472255
  243 242.5 1.07678 0.000467354
  244 243.5 1.07439 0.000466313
  245 244.5 1.07277 0.00046561
  246 245.5 1.06893 0.000463946
  247 246.5 1.07112 0.000464896
  248 247.5 1.06879 0.000463883
  249 248.5 1.06954 0.000464208
  250 249.5 1.06687 0.000463053
  251 250.5 1.07109 0.000464881
  252 251.5 1.06385 0.00046174
  253 252.5 1.06632 0.000462811
  254 253.5 1.06806 0.000463568
  255 254.5 1.05877 0.000459537
  256 255.5 1.05648 0.000458541
  257 256.5 1.06116 0.000460571
  258 257.5 1.04452 0.000453351
  259 258.5 1.04023 0.000451488
  260 259.5 1.03708 0.000450122
  261 260.5 1.03212 0.000447969
  262 261.5 1.03393 0.000448753
  263 262.5 1.04412 0.000453176
  264 263.5 1.04089 0.000451773
  265 264.5 1.03824 0.000450624
  266 265.5 1.03739 0.000450255
  267 266.5 1.02998 0.000447041
  268 267.5 1.02058 0.000442958
  269 268.5 1.0191 0.000442317
  270 269.5 1.01789 0.000441793
  271 270.5 1.02587 0.000445258
  272 271.5 1.03374 0.000448673
  273 272.5 1.03229 0.000448043
  274 273.5 1.03558 0.00044947
  275 274.5 1.03806 0.000450547
  276 275.5 1.0439 0.000453081
  277 276.5 1.05087 0.000456106
  278 277.5 1.04701 0.000454431
  279 278.5 1.05375 0.000457358
  280 279.5 1.05475 0.000457789
  281 280.5 1.03641 0.00044983
  282 281.5 1.03587 0.000449597
  283 282.5 1.03445 0.000448981
  284 283.5 1.03475 0.000449109
  285 284.5 1.02657 0.000445561
  286 285.5 1.01763 0.00044168
  287 286.5 1.01799 0.000441836
  288 287.5 1.02409 0.000444483
  289 288.5 1.02055 0.000442948
  290 289.5 1.00762 0.000437337
  291 290.5 1.00161 0.000434727
  292 291.5 0.998924 0.000433561
  293 292.5 1.00107 0.000434492
  294 293.5 1.00164 0.000434741
  295 294.5 1.00109 0.000434503
  296 295.5 0.996358 0.000432447
  297 296.5 0.998844 0.000433526
  298 297.5 0.998954 0.000433574
  299 298.5 0.999242 0.000433699
  300 299.5 1.00898 0.000437924
  301 300.5 1.01133 0.000438947
  302 301.5 1.00796 0.000437483
  303 302.5 1.01154 0.000439035
  304 303.5 1.01862 0.000442111
  305 304.5 1.01784 0.000441772
  306 305.5 1.01021 0.00043846
  307 306.5 1.0204 0.00044288
  308 307.5 1.01923 0.000442375
  309 308.5 1.01514 0.000440599
  310 309.5 1.01994 0.000442684
  311 310.5 1.02315 0.000444074
  312 311.5 1.02146 0.000443341
  313 312.5 1.00749 0.00043728
  314 313.5 1.0058 0.000436547
  315 314.5 1.00523 0.000436299
  316 315.5 1.00008 0.000434062
  317 316.5 1.01296 0.000439651
  318 317.5 1.02283 0.000443937
  319 318.5 1.03498 0.000449209
  320 319.5 1.04673 0.00045431
  321 320.5 1.07413 0.000466202
  322 321.5 1.1054 0.000479775
  323 322.5 1.13814 0.000493986
  324 323.5 1.19417 0.000518303
  325 324.5 1.27478 0.000553291
  326 325.5 1.37947 0.00059873
  327 326.5 1.52893 0.000663599
  328 327.5 1.77278 0.000769435
  329 328.5 2.10335 0.000912911
  330 329.5 2.57499 0.00111762
  331 330.5 3.20662 0.00139176
  332 331.5 4.06012 0.00176221
  333 332.5 5.16103 0.00224003
  334 333.5 6.47456 0.00281014
  335 334.5 8.03185 0.00348605
  336 335.5 9.78289 0.00424605
  337 336.5 11.6454 0.00505445
  338 337.5 13.5334 0.00587387
  339 338.5 15.3339 0.00665533
  340 339.5 16.9826 0.00737093
  341 340.5 18.4443 0.00800533
  342 341.5 19.6682 0.00853655
  343 342.5 20.634 0.00895574
  344 343.5 21.3538 0.00926814
  345 344.5 21.9047 0.00950726
  346 345.5 22.3239 0.00968919
  347 346.5 22.5725 0.00979708
  348 347.5 22.7317 0.00986621
  349 348.5 22.8875 0.00993382
  350 349.5 22.9828 0.00997515
  351 350.5 22.9999 0.00998258
  352 351.5 23.0009 0.00998305
  353 352.5 22.9806 0.00997424
  354 353.5 22.9645 0.00996723
  355 354.5 22.9112 0.0099441
  356 355.5 22.8434 0.00991467
  357 356.5 22.7557 0.00987662
  358 357.5 22.6587 0.00983449
  359 358.5 22.5519 0.00978813
  360 359.5 22.4171 0.00972963
  361 360.5 22.2525 0.00965821
  362 361.5 22.0578 0.00957369
  363 362.5 21.8787 0.00949595
  364 363.5 21.6494 0.00939644
  365 364.5 21.3731 0.00927653
  366 365.5 21.0777 0.00914832
  367 366.5 20.7408 0.0090021
  368 367.5 20.3702 0.00884123
  369 368.5 19.9401 0.00865454
  370 369.5 19.516 0.00847049
  371 370.5 19.0524 0.00826927
  372 371.5 18.5502 0.00805132
  373 372.5 17.9849 0.00780594
  374 373.5 17.4144 0.00755835
  375 374.5 16.823 0.00730164
  376 375.5 16.1798 0.0070225
  377 376.5 15.5734 0.00675927
  378 377.5 14.8853 0.00646062
  379 378.5 14.2384 0.00617986
  380 379.5 13.5444 0.00587865
  381 380.5 12.8693 0.00558563
  382 381.5 12.1873 0.00528962
  383 382.5 11.5053 0.0049936
  384 383.5 10.8485 0.00470856
  385 384.5 10.1686 0.00441344
  386 385.5 9.5464 0.0041434
  387 386.5 8.97051 0.00389345
  388 387.5 8.41567 0.00365263
  389 388.5 7.89712 0.00342757
  390 389.5 7.41317 0.00321752
  391 390.5 6.9702 0.00302526
  392 391.5 6.57979 0.00285581
  393 392.5 6.20441 0.00269289
  394 393.5 5.86968 0.0025476
  395 394.5 5.58719 0.00242499
  396 395.5 5.33917 0.00231735
  397 396.5 5.10194 0.00221438
  398 397.5 4.91621 0.00213377
  399 398.5 4.75122 0.00206216
  400 399.5 4.60906 0.00200046
  401 400.5 4.4978 0.00195217
  402 401.5 4.40717 0.00191283
  403 402.5 4.3244 0.00187691
  404 403.5 4.25744 0.00184785
  405 404.5 4.18946 0.00181834
  406 405.5 4.15639 0.00180399
  407 406.5 4.13532 0.00179484
  408 407.5 4.08178 0.00177161
  409 408.5 4.05864 0.00176156
  410 409.5 4.04129 0.00175403
  411 410.5 4.00969 0.00174032
  412 411.5 3.99374 0.00173339
  413 412.5 3.98642 0.00173022
  414 413.5 3.9801 0.00172748
  415 414.5 3.95472 0.00171646
  416 415.5 3.95833 0.00171802
  417 416.5 3.94901 0.00171398
  418 417.5 3.94051 0.00171029
  419 418.5 3.9325 0.00170681
  420 419.5 3.92722 0.00170452
  421 420.5 3.92363 0.00170296
  422 421.5 3.9184 0.0017007
  423 422.5 3.91012 0.0016971
  424 423.5 3.91542 0.0016994
  425 424.5 3.9093 0.00169674
  426 425.5 3.89449 0.00169032
  427 426.5 3.89293 0.00168964
  428 427.5 3.89783 0.00169177
  429 428.5 3.87157 0.00168037
  430 429.5 3.867 0.00167838
  431 430.5 3.86562 0.00167779
  432 431.5 3.86963 0.00167953
  433 432.5 3.86947 0.00167946
  434 433.5 3.87238 0.00168072
  435 434.5 3.86762 0.00167866
  436 435.5 3.86604 0.00167797
  437 436.5 3.86549 0.00167773
  438 437.5 3.86702 0.00167839
  439 438.5 3.86745 0.00167858
  440 439.5 3.84832 0.00167028
  441 440.5 3.8615 0.001676
  442 441.5 3.86597 0.00167794
  443 442.5 3.86222 0.00167631
  444 443.5 3.85309 0.00167235
  445 444.5 3.84422 0.0016685
  446 445.5 3.8458 0.00166918
  447 446.5 3.85685 0.00167398
  448 447.5 3.85957 0.00167516
  449 448.5 3.87736 0.00168288
  450 449.5 3.86692 0.00167835
  451 450.5 3.87572 0.00168217
  452 451.5 3.87487 0.0016818
  453 452.5 3.87996 0.00168401
  454 453.5 3.88075 0.00168436
  455 454.5 3.8729 0.00168094
  456 455.5 3.86426 0.0016772
  457 456.5 3.88131 0.00168459
  458 457.5 3.87982 0.00168395
  459 458.5 3.87476 0.00168176
  460 459.5 3.87446 0.00168162
  461 460.5 3.87664 0.00168257
  462 461.5 3.8779 0.00168312
  463 462.5 3.87835 0.00168331
  464 463.5 3.88402 0.00168577
  465 464.5 3.8917 0.00168911
  466 465.5 3.90023 0.00169281
  467 466.5 3.89089 0.00168875
  468 467.5 3.8941 0.00169015
  469 468.5 3.91012 0.0016971
  470 469.5 3.91672 0.00169996
  471 470.5 3.92916 0.00170537
  472 471.5 3.94118 0.00171058
  473 472.5 3.94003 0.00171008
  474 473.5 3.937 0.00170877
  475 474.5 3.94483 0.00171217
  476 475.5 3.95706 0.00171747
  477 476.5 3.94911 0.00171403
  478 477.5 3.94625 0.00171278
  479 478.5 3.94403 0.00171182
  480 479.5 3.95014 0.00171447
50000000 480 4635.999999999998
  1 0.5 3.84334 0.00166811
  2 1.5 3.83514 0.00166456
  3 2.5 3.84824 0.00167024
  4 3.5 3.84406 0.00166843
  5 4.5 3.85651 0.00167383
  6 5.5 3.85263 0.00167215
  7 6.5 3.87157 0.00168037
  8 7.5 3.87187 0.0016805
  9 8.5 3.87753 0.00168295
  10 9.5 3.87536 0.00168201
  11 10.5 3.88349 0.00168554
  12 11.5 3.89776 0.00169174
  13 12.5 3.90215 0.00169364
  14 13.5 3.91242 0.0016981
  15 14.5 3.93203 0.00170661
  16 15.5 3.94557 0.00171249
  17 16.5 3.95998 0.00171874
  18 17.5 3.98474 0.00172949
  19 18.5 3.9966 0.00173464
  20 19.5 4.03087 0.00174951
  21 20.5 4.08699 0.00177387
  22 21.5 4.1374 0.00179574
  23 22.5 4.19099 0.00181901
  24 23.5 4.28596 0.00186022
  25 24.5 4.37475 0.00189876
  26 25.5 4.46521 0.00193802
  27 26.5 4.60257 0.00199764
  28 27.5 4.76065 0.00206625
  29 28.5 4.92198 0.00213628
  30 29.5 5.14256 0.00223202
  31 30.5 5.36898 0.00233029
  32 31.5 5.63855 0.00244729
  33 32.5 5.92731 0.00257262
  34 33.5 6.26172 0.00271776
  35 34.5 6.62903 0.00287718
  36 35.5 7.01756 0.00304582
  37 36.5 7.45358 0.00323506
  38 37.5 7.91673 0.00343608
  39 38.5 8.4043 0.0036477
  40 39.5 8.92218 0.00387247
  41 40.5 9.48885 0.00411843
  42 41.5 10.0338 0.00435495
  43 42.5 10.5905 0.00459656
  44 43.5 11.168 0.00484723
  45 44.5 11.763 0.00510549
  46 45.5 12.3481 0.00535942
  47 46.5 12.9386 0.00561571
  48 47.5 13.5183 0.00586732
  49 48.5 14.0987 0.00611923
  50 49.5 14.7138 0.0063862
  51 50.5 15.3197 0.00664916
  52 51.5 15.9023 0.00690205
  53 52.5 16.4585 0.00714345
  54 53.5 17.0225 0.00738825
  55 54.5 17.5896 0.00763436
  56 55.5 18.1454 0.00787559
  57 56.5 18.6549 0.00809675
  58 57.5 19.1257 0.00830108
  59 58.5 19.6039 0.00850862
  60 59.5 20.0654 0.00870896
  61 60.5 20.4253 0.00886515
  62 61.5 20.8022 0.00902872
  63 62.5 21.1652 0.00918627
  64 63.5 21.4408 0.00930589
  65 64.5 21.6865 0.00941255
  66 65.5 21.9469 0.00952557
  67 66.5 22.1701 0.00962246
  68 67.5 22.3304 0.00969202
  69 68.5 22.512 0.00977083
  70 69.5 22.6537 0.00983234
  71 70.5 22.7523 0.00987514
  72 71.5 22.8455 0.0099156
  73 72.5 22.9358 0.00995475
  74 73.5 23.0264 0.00999409
  75 74.5 23.0874 0.0100206
  76 75.5 23.1324 0.0100401
  77 76.5 23.1971 0.0100682
  78 77.5 23.2606 0.0100958
  79 78.5 23.26 0.0100955
  80 79.5 23.3219 0.0101224
  81 80.5 23.3765 0.0101461
  82 81.5 23.386 0.0101502
  83 82.5 23.4114 0.0101612
  84 83.5 23.4334 0.0101707
  85 84.5 23.484 0.0101927
  86 85.5 23.5059 0.0102022
  87 86.5 23.5009 0.0102
  88 87.5 23.488 0.0101945
  89 88.5 23.5127 0.0102052
  90 89.5 23.5182 0.0102075
  91 90.5 23.4911 0.0101958
  92 91.5 23.5332 0.0102141
  93 92.5 23.5415 0.0102177
  94 93.5 23.5401 0.010217
  95 94.5 23.5347 0.0102147
  96 95.5 23.5189 0.0102079
  97 96.5 23.5332 0.0102141
  98 97.5 23.5352 0.0102149
  99 98.5 23.5118 0.0102048
  100 99.5 23.4903 0.0101954
  101 100.5 23.513 0.0102053
  102 101.5 23.5091 0.0102036
  103 102.5 23.5125 0.0102051
  104 103.5 23.507 0.0102027
  105 104.5 23.524 0.0102101
  106 105.5 23.496 0.0101979
  107 106.5 23.5184 0.0102076
  108 107.5 23.4734 0.0101881
  109 108.5 23.4982 0.0101989
  110 109.5 23.5009 0.0102001
  111 110.5 23.4892 0.010195
  112 111.5 23.4645 0.0101842
  113 112.5 23.4692 0.0101863
  114 113.5 23.4726 0.0101878
  115 114.5 23.4388 0.0101731
  116 115.5 23.4443 0.0101755
  117 116.5 23.4538 0.0101796
  118 117.5 23.4333 0.0101707
  119 118.5 23.4208 0.0101653
  120 119.5 23.4339 0.010171
  121 120.5 23.4436 0.0101752
  122 121.5 23.4174 0.0101638
  123 122.5 23.4387 0.010173
  124 123.5 23.4317 0.01017
  125 124.5 23.4106 0.0101609
  126 125.5 23.3945 0.0101539
  127 126.5 23.4505 0.0101782
  128 127.5 23.4609 0.0101827
  129 128.5 23.4265 0.0101678
  130 129.5 23.4209 0.0101653
  131 130.5 23.444 0.0101753
  132 131.5 23.4256 0.0101674
  133 132.5 23.4213 0.0101655
  134 133.5 23.4544 0.0101799
  135 134.5 23.4457 0.0101761
  136 135.5 23.4604 0.0101825
  137 136.5 23.4605 0.0101825
  138 137.5 23.44 0.0101736
  139 138.5 23.4528 0.0101791
  140 139.5 23.4595 0.0101821
  141 140.5 23.477 0.0101897
  142 141.5 23.4627 0.0101834
  143 142.5 23.461 0.0101827
  144 143.5 23.4464 0.0101764
  145 144.5 23.4661 0.0101849
  146 145.5 23.4719 0.0101874
  147 146.5 23.4817 0.0101917
  148 147.5 23.474 0.0101884
  149 148.5 23.4817 0.0101917
  150 149.5 23.4748 0.0101887
  151 150.5 23.4871 0.0101941
  152 151.5 23.4515 0.0101786
  153 152.5 23.4758 0.0101892
  154 153.5 23.4656 0.0101847
  155 154.5 23.4479 0.010177
  156 155.5 23.4548 0.01018
  157 156.5 23.4573 0.0101811
  158 157.5 23.4316 0.01017
  159 158.5 23.3953 0.0101542
  160 159.5 23.393 0.0101532
  161 160.5 23.3652 0.0101411
  162 161.5 23.2728 0.010101
  163 162.5 23.1681 0.0100556
  164 163.5 23.0216 0.00999201
  165 164.5 22.8551 0.00991977
  166 165.5 22.5073 0.00976878
  167 166.5 22.0766 0.00958186
  168 167.5 21.4834 0.0093244
  169 168.5 20.7226 0.00899419
  170 169.5 19.6592 0.00853262
  171 170.5 18.3741 0.00797486
  172 171.5 16.8621 0.00731861
  173 172.5 15.1013 0.00655439
  174 173.5 13.2121 0.00573442
  175 174.5 11.2908 0.00490053
  176 175.5 9.38456 0.00407316
  177 176.5 7.59824 0.00329785
  178 177.5 6.03925 0.0026212
  179 178.5 4.73973 0.00205717
  180 179.5 3.71108 0.00161071
  181 180.5 2.91526 0.0012653
  182 181.5 2.33069 0.00101158
  183 182.5 1.92434 0.000835217
  184 183.5 1.64452 0.000713766
  185 184.5 1.45565 0.000631791
  186 185.5 1.32421 0.000574744
  187 186.5 1.23004 0.000533872
  188 187.5 1.17354 0.000509351
  189 188.5 1.13054 0.000490688
  190 189.5 1.10113 0.000477922
  191 190.5 1.06591 0.000462635
  192 191.5 1.0482 0.000454949
  193 192.5 1.03092 0.000447449
  194 193.5 1.02269 0.000443876
  195 194.5 1.00793 0.00043747
  196 195.5 1.01231 0.00043937
  197 196.5 1.00401 0.000435769
  198 197.5 1.00177 0.000434794
  199 198.5 0.993876 0.00043137
  200 199.5 0.978834 0.000424841
  201 200.5 0.969622 0.000420843
  202 201.5 0.960576 0.000416917
  203 202.5 0.953298 0.000413758
  204 203.5 0.954126 0.000414117
  205 204.5 0.952344 0.000413344
  206 205.5 0.95309 0.000413668
  207 206.5 0.964672 0.000418694
  208 207.5 0.97014 0.000421068
  209 208.5 0.968636 0.000420415
  210 209.5 0.97119 0.000421523
  211 210.5 0.975756 0.000423505
  212 211.5 0.97699 0.000424041
  213 212.5 0.995248 0.000431965
  214 213.5 0.992066 0.000430584
  215 214.5 0.996082 0.000432327
  216 215.5 1.00805 0.00043752
  217 216.5 1.0043 0.000435893
  218 217.5 1.01368 0.000439964
  219 218.5 1.02193 0.000443545
  220 219.5 1.02538 0.000445043
  221 220.5 1.03107 0.000447511
  222 221.5 1.04407 0.000453155
  223 222.5 1.06206 0.000460963
  224 223.5 1.05487 0.000457844
  225 224.5 1.06323 0.000461473
  226 225.5 1.07096 0.000464827
  227 226.5 1.07041 0.000464589
  228 227.5 1.0719 0.000465236
  229 228.5 1.06697 0.000463096
  230 229.5 1.07493 0.000466549
  231 230.5 1.07716 0.000467517
  232 231.5 1.06985 0.000464345
  233 232.5 1.08348 0.000470261
  234 233.5 1.09656 0.000475939
  235 234.5 1.09543 0.000475445
  236 235.5 1.08977 0.000472991
  237 236.5 1.0929 0.000474349
  238 237.5 1.09365 0.000474673
  239 238.5 1.08095 0.000469161
  240 239.5 1.07134 0.000464993
  241 240.5 1.07238 0.000465444
  242 241.5 1.07533 0.000466724
  243 242.5 1.06756 0.000463351
  244 243.5 1.07761 0.000467711
  245 244.5 1.08376 0.00047038
  246 245.5 1.09224 0.000474064
  247 246.5 1.09349 0.000474604
  248 247.5 1.08368 0.000470347
  249 248.5 1.09204 0.000473975
  250 249.5 1.09004 0.000473107
  251 250.5 1.09297 0.000474378
  252 251.5 1.0997 0.000477299
  253 252.5 1.10605 0.000480056
  254 253.5 1.10661 0.000480299
  255 254.5 1.11345 0.00048327
  256 255.5 1.11354 0.000483309
  257 256.5 1.10499 0.000479595
  258 257.5 1.09373 0.000474711
  259 258.5 1.09345 0.000474588
  260 259.5 1.09982 0.000477353
  261 260.5 1.09726 0.00047624
  262 261.5 1.10493 0.000479569
  263 262.5 1.10653 0.000480264
  264 263.5 1.10474 0.000479487
  265 264.5 1.11956 0.00048592
  266 265.5 1.11589 0.000484326
  267 266.5 1.11967 0.000485966
  268 267.5 1.12047 0.000486315
  269 268.5 1.12056 0.000486356
  270 269.5 1.12435 0.000487997
  271 270.5 1.12978 0.000490354
  272 271.5 1.14059 0.000495046
  273 272.5 1.13431 0.000492323
  274 273.5 1.12811 0.000489631
  275 274.5 1.11778 0.000485149
  276 275.5 1.11055 0.000482009
  277 276.5 1.09053 0.00047332
  278 277.5 1.08217 0.00046969
  279 278.5 1.07262 0.000465546
  280 279.5 1.08044 0.000468943
  281 280.5 1.07439 0.000466314
  282 281.5 1.06291 0.000461334
  283 282.5 1.04671 0.000454303
  284 283.5 1.03401 0.000448787
  285 284.5 1.03572 0.00044953
  286 285.5 1.04285 0.000452628
  287 286.5 1.03376 0.00044868
  288 287.5 1.03162 0.000447751
  289 288.5 1.02849 0.000446395
  290 289.5 1.02437 0.000444605
  291 290.5 1.0222 0.000443664
  292 291.5 1.02149 0.000443357
  293 292.5 1.01824 0.000441945
  294 293.5 1.01911 0.000442321
  295 294.5 1.01747 0.00044161
  296 295.5 1.01585 0.000440906
  297 296.5 1.01456 0.000440348
  298 297.5 1.02409 0.000444484
  299 298.5 1.03299 0.000448345
  300 299.5 1.04864 0.000455137
  301 300.5 1.05261 0.00045686
  302 301.5 1.05212 0.000456651
  303 302.5 1.04938 0.000455461
  304 303.5 1.03975 0.00045128
  305 304.5 1.04231 0.00045239
  306 305.5 1.05427 0.000457584
  307 306.5 1.0536 0.000457291
  308 307.5 1.05908 0.000459669
  309 308.5 1.07241 0.000465457
  310 309.5 1.0765 0.00046723
  311 310.5 1.07504 0.000466599
  312 311.5 1.07701 0.000467451
  313 312.5 1.07926 0.000468429
  314 313.5 1.07787 0.000467825
  315 314.5 1.07925 0.000468423
  316 315.5 1.08618 0.000471433
  317 316.5 1.08667 0.000471647
  318 317.5 1.07568 0.000466876
  319 318.5 1.08542 0.000471101
  320 319.5 1.09751 0.000476351
  321 320.5 1.13161 0.000491149
  322 321.5 1.17243 0.000508867
  323 322.5 1.22578 0.000532023
  324 323.5 1.31584 0.000571111
  325 324.5 1.44049 0.000625211
  326 325.5 1.62037 0.000703287
  327 326.5 1.89529 0.000822607
  328 327.5 2.30398 0.000999992
  329 328.5 2.87071 0.00124597
  330 329.5 3.61689 0.00156983
  331 330.5 4.61965 0.00200506
  332 331.5 5.89975 0.00256066
  333 332.5 7.475 0.00324436
  334 333.5 9.25236 0.00401578
  335 334.5 11.2114 0.00486605
  336 335.5 13.2333 0.00574362
  337 336.5 15.1734 0.00658566
  338 337.5 16.9074 0.00733829
  339 338.5 18.4826 0.00802196
  340 339.5 19.7894 0.00858914
  341 340.5 20.7571 0.00900916
  342 341.5 21.4922 0.00932821
  343 342.5 22.0677 0.00957801
  344 343.5 22.486 0.00975956
  345 344.5 22.7016 0.00985313
  346 345.5 22.8485 0.00991689
  347 346.5 23.019 0.0099909
  348 347.5 23.0587 0.0100081
  349 348.5 23.0228 0.00999254
  350 349.5 23.0359 0.00999824
  351 350.5 22.9967 0.0099812
  352 351.5 22.901 0.00993969
  353 352.5 22.815 0.00990234
  354 353.5 22.6888 0.00984755
  355 354.5 22.5502 0.00978743
  356 355.5 22.3769 0.00971221
  357 356.5 22.158 0.00961718
  358 357.5 21.941 0.00952299
  359 358.5 21.6721 0.00940629
  360 359.5 21.3644 0.00927275
  361 360.5 21.0565 0.00913911
  362 361.5 20.6833 0.00897713
  363 362.5 20.2658 0.0087959
  364 363.5 19.8172 0.00860122
  365 364.5 19.3191 0.00838502
  366 365.5 18.8385 0.00817645
  367 366.5 18.2713 0.00793027
  368 367.5 17.703 0.0076836
  369 368.5 17.1578 0.00744696
  370 369.5 16.5208 0.00717047
  371 370.5 15.9132 0.00690677
  372 371.5 15.348 0.00666144
  373 372.5 14.7075 0.00638348
  374 373.5 14.0782 0.00611032
  375 374.5 13.4774 0.00584955
  376 375.5 12.8739 0.00558762
  377 376.5 12.2192 0.00530348
  378 377.5 11.5934 0.00503187
  379 378.5 11.0234 0.00478445
  380 379.5 10.4278 0.00452597
  381 380.5 9.8208 0.0042625
  382 381.5 9.26445 0.00402103
  383 382.5 8.71877 0.00378419
  384 383.5 8.22013 0.00356776
  385 384.5 7.71923 0.00335036
  386 385.5 7.27496 0.00315753
  387 386.5 6.84848 0.00297243
  388 387.5 6.44298 0.00279643
  389 388.5 6.09433 0.00264511
  390 389.5 5.77365 0.00250593
  391 390.5 5.4899 0.00238277
  392 391.5 5.2429 0.00227557
  393 392.5 5.02185 0.00217962
  394 393.5 4.83149 0.002097
  395 394.5 4.68283 0.00203248
  396 395.5 4.5271 0.00196489
  397 396.5 4.40099 0.00191015
  398 397.5 4.29656 0.00186483
  399 398.5 4.2124 0.0018283
  400 399.5 4.14593 0.00179945
  401 400.5 4.08189 0.00177165
  402 401.5 4.00939 0.00174019
  403 402.5 3.96731 0.00172192
  404 403.5 3.94418 0.00171188
  405 404.5 3.91729 0.00170021
  406 405.5 3.89454 0.00169034
  407 406.5 3.87565 0.00168214
  408 407.5 3.86257 0.00167646
  409 408.5 3.85336 0.00167247
  410 409.5 3.84533 0.00166898
  411 410.5 3.82971 0.0016622
  412 411.5 3.8211 0.00165846
  413 412.5 3.82181 0.00165877
  414 413.5 3.826 0.00166059
  415 414.5 3.81518 0.0016559
  416 415.5 3.79834 0.00164859
  417 416.5 3.8062 0.001652
  418 417.5 3.80725 0.00165245
  419 418.5 3.80515 0.00165154
  420 419.5 3.78446 0.00164256
  421 420.5 3.79508 0.00164717
  422 421.5 3.78503 0.00164281
  423 422.5 3.78027 0.00164074
  424 423.5 3.76555 0.00163436
  425 424.5 3.78096 0.00164104
  426 425.5 3.78027 0.00164074
  427 426.5 3.76797 0.0016354
  428 427.5 3.75658 0.00163046
  429 428.5 3.766 0.00163455
  430 429.5 3.7609 0.00163233
  431 430.5 3.75967 0.0016318
  432 431.5 3.75729 0.00163077
  433 432.5 3.75841 0.00163126
  434 433.5 3.7628 0.00163316
  435 434.5 3.74748 0.00162651
  436 435.5 3.74057 0.00162351
  437 436.5 3.73938 0.00162299
  438 437.5 3.74245 0.00162433
  439 438.5 3.74924 0.00162727
  440 439.5 3.74393 0.00162497
  441 440.5 3.7269 0.00161758
  442 441.5 3.74597 0.00162585
  443 442.5 3.75179 0.00162838
  444 443.5 3.75434 0.00162949
  445 444.5 3.75672 0.00163052
  446 445.5 3.76106 0.0016324
  447 446.5 3.76838 0.00163558
  448 447.5 3.77677 0.00163922
  449 448.5 3.76721 0.00163507
  450 449.5 3.78152 0.00164129
  451 450.5 3.77159 0.00163697
  452 451.5 3.78471 0.00164267
  453 452.5 3.79196 0.00164582
  454 453.5 3.80739 0.00165251
  455 454.5 3.80048 0.00164951
  456 455.5 3.79345 0.00164646
  457 456.5 3.81716 0.00165675
  458 457.5 3.79691 0.00164796
  459 458.5 3.79739 0.00164817
  460 459.5 3.80871 0.00165309
  461 460.5 3.81905 0.00165757
  462 461.5 3.81378 0.00165528
  463 462.5 3.80997 0.00165363
  464 463.5 3.80557 0.00165172
  465 464.5 3.80662 0.00165218
  466 465.5 3.80501 0.00165148
  467 466.5 3.82128 0.00165854
  468 467.5 3.81665 0.00165653
  469 468.5 3.81794 0.00165709
  470 469.5 3.83095 0.00166274
  471 470.5 3.82468 0.00166002
  472 471.5 3.83576 0.00166483
  473 472.5 3.84427 0.00166852
  474 473.5 3.85341 0.00167249
  475 474.5 3.83043 0.00166251
  476 475.5 3.84014 0.00166673
  477 476.5 3.8342 0.00166415
  478 477.5 3.83888 0.00166618
  479 478.5 3.83855 0.00166604
  480 479.5 3.83506 0.00166452
