# Chunk-averaged data for fix tensor3 and group c2
# Timestep Number-of-chunks Total-count
# Chunk Coord1 Ncount density/number
20000000 480 5361.999999999987
  1 0.5 1.71611 0.000744839
  2 1.5 1.58629 0.000688493
  3 2.5 1.47447 0.000639962
  4 3.5 1.39501 0.000605473
  5 4.5 1.3176 0.000571874
  6 5.5 1.25278 0.000543741
  7 6.5 1.20062 0.000521102
  8 7.5 1.16834 0.00050709
  9 8.5 1.14004 0.000494807
  10 9.5 1.11294 0.000483047
  11 10.5 1.09321 0.000474484
  12 11.5 1.08491 0.000470881
  13 12.5 1.07938 0.000468483
  14 13.5 1.07165 0.000465128
  15 14.5 1.05968 0.000459929
  16 15.5 1.06354 0.000461605
  17 16.5 1.07052 0.000464634
  18 17.5 1.0587 0.000459505
  19 18.5 1.05491 0.00045786
  20 19.5 1.0667 0.000462979
  21 20.5 1.06892 0.000463942
  22 21.5 1.06391 0.000461766
  23 22.5 1.06114 0.000460562
  24 23.5 1.06742 0.000463289
  25 24.5 1.07103 0.000464855
  26 25.5 1.07566 0.000466866
  27 26.5 1.07316 0.000465782
  28 27.5 1.07493 0.000466549
  29 28.5 1.07259 0.000465534
  30 29.5 1.07413 0.000466202
  31 30.5 1.07874 0.000468202
  32 31.5 1.08044 0.000468941
  33 32.5 1.08103 0.000469199
  34 33.5 1.08238 0.000469785
  35 34.5 1.08682 0.000471708
  36 35.5 1.08033 0.000468892
  37 36.5 1.07993 0.000468719
  38 37.5 1.08771 0.000472095
  39 38.5 1.08446 0.000470686
  40 39.5 1.08813 0.00047228
  41 40.5 1.08558 0.00047117
  42 41.5 1.0813 0.000469313
  43 42.5 1.07941 0.000468494
  44 43.5 1.08326 0.000470164
  45 44.5 1.08033 0.000468891
  46 45.5 1.08444 0.000470678
  47 46.5 1.09428 0.000474946
  48 47.5 1.09806 0.000476588
  49 48.5 1.0991 0.000477041
  50 49.5 1.09299 0.00047439
  51 50.5 1.08569 0.00047122
  52 51.5 1.0806 0.000469009
  53 52.5 1.07385 0.000466079
  54 53.5 1.06982 0.000464333
  55 54.5 1.06688 0.000463054
  56 55.5 1.07543 0.000466765
  57 56.5 1.07625 0.000467123
  58 57.5 1.08131 0.000469317
  59 58.5 1.08506 0.000470946
  60 59.5 1.08521 0.00047101
  61 60.5 1.08706 0.000471815
  62 61.5 1.09964 0.000477273
  63 62.5 1.10898 0.000481329
  64 63.5 1.11796 0.000485227
  65 64.5 1.12373 0.000487728
  66 65.5 1.1284 0.000489756
  67 66.5 1.13474 0.000492509
  68 67.5 1.1323 0.000491449
  69 68.5 1.13441 0.000492365
  70 69.5 1.12043 0.000486299
  71 70.5 1.12257 0.000487225
  72 71.5 1.11876 0.000485574
  73 72.5 1.10621 0.000480127
  74 73.5 1.09521 0.000475352
  75 74.5 1.09977 0.000477332
  76 75.5 1.09423 0.000474926
  77 76.5 1.09391 0.000474786
  78 77.5 1.09172 0.000473839
  79 78.5 1.09133 0.000473668
  80 79.5 1.09906 0.000477021
  81 80.5 1.09597 0.000475682
  82 81.5 1.10096 0.000477849
  83 82.5 1.09829 0.000476687
  84 83.5 1.0929 0.000474348
  85 84.5 1.09305 0.000474414
  86 85.5 1.09902 0.000477005
  87 86.5 1.10288 0.000478682
  88 87.5 1.1099 0.000481729
  89 88.5 1.11117 0.00048228
  90 89.5 1.10595 0.000480014
  91 90.5 1.09891 0.000476957
  92 91.5 1.0868 0.000471703
  93 92.5 1.0941 0.000474869
  94 93.5 1.09429 0.000474951
  95 94.5 1.09546 0.000475462
  96 95.5 1.09915 0.00047706
  97 96.5 1.10173 0.00047818
  98 97.5 1.11604 0.000484394
  99 98.5 1.10889 0.000481287
  100 99.5 1.10265 0.000478582
  101 100.5 1.10365 0.000479016
  102 101.5 1.09512 0.000475313
  103 102.5 1.095 0.00047526
  104 103.5 1.09802 0.000476571
  105 104.5 1.09244 0.00047415
  106 105.5 1.08992 0.000473056
  107 106.5 1.08554 0.000471156
  108 107.5 1.08848 0.000472432
  109 108.5 1.08857 0.000472469
  110 109.5 1.09723 0.000476229
  111 110.5 1.10257 0.000478546
  112 111.5 1.09902 0.000477005
  113 112.5 1.10264 0.000478576
  114 113.5 1.09866 0.00047685
  115 114.5 1.1004 0.000477604
  116 115.5 1.10026 0.000477543
  117 116.5 1.10107 0.000477894
  118 117.5 1.10634 0.000480181
  119 118.5 1.10589 0.000479986
  120 119.5 1.10144 0.000478056
  121 120.5 1.10609 0.000480073
  122 121.5 1.10512 0.000479653
  123 122.5 1.11086 0.000482144
  124 123.5 1.11008 0.000481805
  125 124.5 1.11929 0.000485801
  126 125.5 1.12892 0.000489983
  127 126.5 1.13548 0.000492832
  128 127.5 1.15 0.000499131
  129 128.5 1.1477 0.000498132
  130 129.5 1.14051 0.000495014
  131 130.5 1.14143 0.000495414
  132 131.5 1.14319 0.000496175
  133 132.5 1.14304 0.000496112
  134 133.5 1.1432 0.000496179
  135 134.5 1.14737 0.000497992
  136 135.5 1.15259 0.000500255
  137 136.5 1.15537 0.000501464
  138 137.5 1.15362 0.000500703
  139 138.5 1.15675 0.000502063
  140 139.5 1.17127 0.000508365
  141 140.5 1.18034 0.000512299
  142 141.5 1.19204 0.000517378
  143 142.5 1.20478 0.00052291
  144 143.5 1.24385 0.000539865
  145 144.5 1.30665 0.000567122
  146 145.5 1.36887 0.000594128
  147 146.5 1.45297 0.000630628
  148 147.5 1.58358 0.000687319
  149 148.5 1.76808 0.000767398
  150 149.5 2.02218 0.000877684
  151 150.5 2.36837 0.00102794
  152 151.5 2.86249 0.0012424
  153 152.5 3.52468 0.00152981
  154 153.5 4.42444 0.00192033
  155 154.5 5.61797 0.00243836
  156 155.5 7.15025 0.00310341
  157 156.5 8.97197 0.00389409
  158 157.5 11.0686 0.00480407
  159 158.5 13.3838 0.00580896
  160 159.5 15.7928 0.00685453
  161 160.5 18.1294 0.00786866
  162 161.5 20.3319 0.00882462
  163 162.5 22.3263 0.00969024
  164 163.5 23.995 0.0104145
  165 164.5 25.4381 0.0110409
  166 165.5 26.6095 0.0115493
  167 166.5 27.5 0.0119357
  168 167.5 28.1968 0.0122382
  169 168.5 28.7768 0.0124899
  170 169.5 29.2235 0.0126838
  171 170.5 29.5042 0.0128056
  172 171.5 29.7591 0.0129163
  173 172.5 29.9658 0.013006
  174 173.5 30.0786 0.0130549
  175 174.5 30.1846 0.013101
  176 175.5 30.2886 0.0131461
  177 176.5 30.3336 0.0131656
  178 177.5 30.4033 0.0131959
  179 178.5 30.4118 0.0131995
  180 179.5 30.4903 0.0132336
  181 180.5 30.4988 0.0132373
  182 181.5 30.491 0.0132339
  183 182.5 30.5424 0.0132562
  184 183.5 30.522 0.0132474
  185 184.5 30.5302 0.013251
  186 185.5 30.5615 0.0132645
  187 186.5 30.5641 0.0132657
  188 187.5 30.5241 0.0132483
  189 188.5 30.5425 0.0132563
  190 189.5 30.5839 0.0132743
  191 190.5 30.5542 0.0132614
  192 191.5 30.5703 0.0132683
  193 192.5 30.5702 0.0132683
  194 193.5 30.5877 0.0132759
  195 194.5 30.6033 0.0132827
  196 195.5 30.6019 0.0132821
  197 196.5 30.6169 0.0132886
  198 197.5 30.5737 0.0132698
  199 198.5 30.623 0.0132912
  200 199.5 30.6249 0.0132921
  201 200.5 30.6149 0.0132877
  202 201.5 30.6074 0.0132845
  203 202.5 30.6235 0.0132914
  204 203.5 30.6447 0.0133007
  205 204.5 30.5822 0.0132735
  206 205.5 30.6591 0.0133069
  207 206.5 30.6865 0.0133188
  208 207.5 30.6086 0.013285
  209 208.5 30.6136 0.0132871
  210 209.5 30.6654 0.0133096
  211 210.5 30.6642 0.0133091
  212 211.5 30.6095 0.0132854
  213 212.5 30.5944 0.0132788
  214 213.5 30.6623 0.0133083
  215 214.5 30.6355 0.0132967
  216 215.5 30.6127 0.0132868
  217 216.5 30.6238 0.0132916
  218 217.5 30.6689 0.0133111
  219 218.5 30.6161 0.0132882
  220 219.5 30.6456 0.013301
  221 220.5 30.638 0.0132977
  222 221.5 30.6296 0.0132941
  223 222.5 30.6292 0.0132939
  224 223.5 30.6072 0.0132844
  225 224.5 30.5932 0.0132783
  226 225.5 30.6104 0.0132858
  227 226.5 30.5962 0.0132796
  228 227.5 30.603 0.0132825
  229 228.5 30.6225 0.013291
  230 229.5 30.5916 0.0132776
  231 230.5 30.5882 0.0132761
  232 231.5 30.6162 0.0132883
  233 232.5 30.5895 0.0132767
  234 233.5 30.5774 0.0132714
  235 234.5 30.5672 0.013267
  236 235.5 30.6412 0.0132991
  237 236.5 30.5919 0.0132777
  238 237.5 30.5709 0.0132686
  239 238.5 30.6183 0.0132892
  240 239.5 30.6147 0.0132876
  241 240.5 30.5592 0.0132635
  242 241.5 30.5929 0.0132782
  243 242.5 30.6295 0.0132941
  244 243.5 30.6078 0.0132846
  245 244.5 30.5756 0.0132707
  246 245.5 30.6157 0.0132881
  247 246.5 30.6241 0.0132917
  248 247.5 30.6002 0.0132814
  249 248.5 30.5905 0.0132771
  250 249.5 30.6271 0.013293
  251 250.5 30.6137 0.0132872
  252 251.5 30.5606 0.0132641
  253 252.5 30.618 0.013289
  254 253.5 30.6016 0.013282
  255 254.5 30.5612 0.0132644
  256 255.5 30.5506 0.0132598
  257 256.5 30.5519 0.0132604
  258 257.5 30.5825 0.0132737
  259 258.5 30.5327 0.013252
  260 259.5 30.5194 0.0132463
  261 260.5 30.5788 0.013272
  262 261.5 30.5356 0.0132533
  263 262.5 30.5218 0.0132473
  264 263.5 30.5361 0.0132535
  265 264.5 30.5553 0.0132618
  266 265.5 30.5244 0.0132484
  267 266.5 30.5323 0.0132519
  268 267.5 30.5487 0.013259
  269 268.5 30.5416 0.0132559
  270 269.5 30.5472 0.0132583
  271 270.5 30.5635 0.0132654
  272 271.5 30.5433 0.0132566
  273 272.5 30.5667 0.0132668
  274 273.5 30.5611 0.0132644
  275 274.5 30.5558 0.0132621
  276 275.5 30.5837 0.0132742
  277 276.5 30.5579 0.013263
  278 277.5 30.5311 0.0132514
  279 278.5 30.588 0.0132761
  280 279.5 30.5532 0.0132609
  281 280.5 30.5394 0.0132549
  282 281.5 30.5453 0.0132575
  283 282.5 30.5849 0.0132747
  284 283.5 30.5267 0.0132495
  285 284.5 30.5306 0.0132511
  286 285.5 30.5403 0.0132554
  287 286.5 30.5932 0.0132783
  288 287.5 30.5099 0.0132421
  289 288.5 30.4993 0.0132376
  290 289.5 30.531 0.0132513
  291 290.5 30.5459 0.0132578
  292 291.5 30.5346 0.0132529
  293 292.5 30.5135 0.0132437
  294 293.5 30.5507 0.0132599
  295 294.5 30.5852 0.0132748
  296 295.5 30.5042 0.0132397
  297 296.5 30.5135 0.0132437
  298 297.5 30.5316 0.0132516
  299 298.5 30.5212 0.013247
  300 299.5 30.486 0.0132318
  301 300.5 30.5237 0.0132481
  302 301.5 30.4749 0.0132269
  303 302.5 30.3981 0.0131936
  304 303.5 30.3597 0.0131769
  305 304.5 30.3441 0.0131702
  306 305.5 30.204 0.0131094
  307 306.5 30.0743 0.0130531
  308 307.5 29.9698 0.0130077
  309 308.5 29.7683 0.0129203
  310 309.5 29.5052 0.0128061
  311 310.5 29.1768 0.0126636
  312 311.5 28.7784 0.0124906
  313 312.5 28.2433 0.0122584
  314 313.5 27.4816 0.0119278
  315 314.5 26.636 0.0115608
  316 315.5 25.5557 0.0110919
  317 316.5 24.2339 0.0105182
  318 317.5 22.6791 0.00984337
  319 318.5 20.9416 0.00908924
  320 319.5 18.9769 0.00823649
  321 320.5 16.8662 0.0073204
  322 321.5 14.7618 0.00640702
  323 322.5 12.668 0.00549827
  324 323.5 10.707 0.00464713
  325 324.5 8.95073 0.00388487
  326 325.5 7.39791 0.0032109
  327 326.5 6.07788 0.00263797
  328 327.5 5.02334 0.00218027
  329 328.5 4.18458 0.00181623
  330 329.5 3.52809 0.00153129
  331 330.5 3.02076 0.00131109
  332 331.5 2.63329 0.00114292
  333 332.5 2.3444 0.00101753
  334 333.5 2.1388 0.0009283
  335 334.5 1.97868 0.000858803
  336 335.5 1.86761 0.000810594
  337 336.5 1.78655 0.000775412
  338 337.5 1.72236 0.000747552
  339 338.5 1.67601 0.000727437
  340 339.5 1.63047 0.000707671
  341 340.5 1.59737 0.000693302
  342 341.5 1.58188 0.000686578
  343 342.5 1.56113 0.000677576
  344 343.5 1.55032 0.00067288
  345 344.5 1.53367 0.000665656
  346 345.5 1.5341 0.000665842
  347 346.5 1.5216 0.000660415
  348 347.5 1.51489 0.000657504
  349 348.5 1.49779 0.000650084
  350 349.5 1.50386 0.000652719
  351 350.5 1.49979 0.00065095
  352 351.5 1.49689 0.000649693
  353 352.5 1.50493 0.000653181
  354 353.5 1.49063 0.000646974
  355 354.5 1.48838 0.000645999
  356 355.5 1.48285 0.000643599
  357 356.5 1.47428 0.000639879
  358 357.5 1.48589 0.000644918
  359 358.5 1.4832 0.000643749
  360 359.5 1.48426 0.000644211
  361 360.5 1.49032 0.000646841
  362 361.5 1.49156 0.000647378
  363 362.5 1.49632 0.000649446
  364 363.5 1.49082 0.000647059
  365 364.5 1.49158 0.000647389
  366 365.5 1.48936 0.000646422
  367 366.5 1.48983 0.000646628
  368 367.5 1.49575 0.000649195
  369 368.5 1.49509 0.000648911
  370 369.5 1.49004 0.000646719
  371 370.5 1.48428 0.000644218
  372 371.5 1.48386 0.000644036
  373 372.5 1.4766 0.000640885
  374 373.5 1.47491 0.000640152
  375 374.5 1.47789 0.000641445
  376 375.5 1.48261 0.000643496
  377 376.5 1.47593 0.000640595
  378 377.5 1.48528 0.000644655
  379 378.5 1.48567 0.000644823
  380 379.5 1.47979 0.000642272
  381 380.5 1.47906 0.000641951
  382 381.5 1.48749 0.000645613
  383 382.5 1.48679 0.000645306
  384 383.5 1.49204 0.000647587
  385 384.5 1.48847 0.000646039
  386 385.5 1.48362 0.000643934
  387 386.5 1.47991 0.000642324
  388 387.5 1.48285 0.000643597
  389 388.5 1.48843 0.000646019
  390 389.5 1.48296 0.000643645
  391 390.5 1.48701 0.000645405
  392 391.5 1.48247 0.000643431
  393 392.5 1.49598 0.000649297
  394 393.5 1.49908 0.000650644
  395 394.5 1.49062 0.000646969
  396 395.5 1.48976 0.000646598
  397 396.5 1.48466 0.000644385
  398 397.5 1.48412 0.000644151
  399 398.5 1.49212 0.000647621
  400 399.5 1.5015 0.000651691
  401 400.5 1.50093 0.000651447
  402 401.5 1.50476 0.000653108
  403 402.5 1.50566 0.000653499
  404 403.5 1.50413 0.000652833
  405 404.5 1.50142 0.000651659
  406 405.5 1.50499 0.000653209
  407 406.5 1.50209 0.000651949
  408 407.5 1.49104 0.000647154
  409 408.5 1.48936 0.000646425
  410 409.5 1.49116 0.000647206
  411 410.5 1.49567 0.000649164
  412 411.5 1.48858 0.000646087
  413 412.5 1.49713 0.000649796
  414 413.5 1.50114 0.000651537
  415 414.5 1.5035 0.000652562
  416 415.5 1.49655 0.000649545
  417 416.5 1.49554 0.000649107
  418 417.5 1.49988 0.000650988
  419 418.5 1.49487 0.000648814
  420 419.5 1.48466 0.000644382
  421 420.5 1.4826 0.000643488
  422 421.5 1.48465 0.000644379
  423 422.5 1.48359 0.000643918
  424 423.5 1.49064 0.000646981
  425 424.5 1.48192 0.000643194
  426 425.5 1.48311 0.000643709
  427 426.5 1.48383 0.000644023
  428 427.5 1.48741 0.000645577
  429 428.5 1.48508 0.000644564
  430 429.5 1.47684 0.000640988
  431 430.5 1.48503 0.000644546
  432 431.5 1.47758 0.000641312
  433 432.5 1.47655 0.000640864
  434 433.5 1.46867 0.000637444
  435 434.5 1.47112 0.000638506
  436 435.5 1.47221 0.000638978
  437 436.5 1.47069 0.000638322
  438 437.5 1.48009 0.000642398
  439 438.5 1.48136 0.000642951
  440 439.5 1.4882 0.000645921
  441 440.5 1.49592 0.00064927
  442 441.5 1.50123 0.000651574
  443 442.5 1.50722 0.000654174
  444 443.5 1.51029 0.000655506
  445 444.5 1.50464 0.000653056
  446 445.5 1.51154 0.000656049
  447 446.5 1.50678 0.000653984
  448 447.5 1.51036 0.000655536
  449 448.5 1.5218 0.000660505
  450 449.5 1.52358 0.000661274
  451 450.5 1.52901 0.000663633
  452 451.5 1.53935 0.000668121
  453 452.5 1.55248 0.000673819
  454 453.5 1.56571 0.000679562
  455 454.5 1.58799 0.000689234
  456 455.5 1.60933 0.000698496
  457 456.5 1.6433 0.000713238
  458 457.5 1.67204 0.000725714
  459 458.5 1.72763 0.000749839
  460 459.5 1.78903 0.00077649
  461 460.5 1.85091 0.000803348
  462 461.5 1.94011 0.000842062
  463 462.5 2.0464 0.000888195
  464 463.5 2.15409 0.000934933
  465 464.5 2.2781 0.000988757
  466 465.5 2.41425 0.00104785
  467 466.5 2.54942 0.00110652
  468 467.5 2.6823 0.00116419
  469 468.5 2.78803 0.00121008
  470 469.5 2.88289 0.00125126
  471 470.5 2.93813 0.00127523
  472 471.5 2.95396 0.0012821
  473 472.5 2.91123 0.00126356
  474 473.5 2.84419 0.00123446
  475 474.5 2.72833 0.00118417
  476 475.5 2.55942 0.00111086
  477 476.5 2.3933 0.00103876
  478 477.5 2.1944 0.000952431
  479 478.5 2.01892 0.000876268
  480 479.5 1.86695 0.000810309
30000000 480 5362.000000000002
  1 0.5 2.23552 0.000970278
  2 1.5 2.07857 0.000902156
  3 2.5 1.93947 0.000841784
  4 3.5 1.80119 0.000781766
  5 4.5 1.66036 0.000720641
  6 5.5 1.54011 0.00066845
  7 6.5 1.44743 0.000628224
  8 7.5 1.36604 0.0005929
  9 8.5 1.3049 0.000566364
  10 9.5 1.25579 0.000545046
  11 10.5 1.20764 0.000524149
  12 11.5 1.17441 0.000509726
  13 12.5 1.13631 0.000493189
  14 13.5 1.12258 0.000487229
  15 14.5 1.11544 0.00048413
  16 15.5 1.10049 0.000477641
  17 16.5 1.08619 0.000471436
  18 17.5 1.07282 0.000465635
  19 18.5 1.07169 0.000465141
  20 19.5 1.07082 0.000464765
  21 20.5 1.06092 0.000460467
  22 21.5 1.05903 0.000459648
  23 22.5 1.05755 0.000459006
  24 23.5 1.05646 0.000458532
  25 24.5 1.04486 0.000453497
  26 25.5 1.03483 0.000449145
  27 26.5 1.03119 0.000447567
  28 27.5 1.03036 0.000447205
  29 28.5 1.03945 0.00045115
  30 29.5 1.04508 0.000453592
  31 30.5 1.04242 0.000452438
  32 31.5 1.05078 0.000456067
  33 32.5 1.05285 0.000456966
  34 33.5 1.05975 0.00045996
  35 34.5 1.06169 0.000460805
  36 35.5 1.06008 0.000460105
  37 36.5 1.04845 0.000455058
  38 37.5 1.04998 0.000455721
  39 38.5 1.05425 0.000457575
  40 39.5 1.05421 0.000457557
  41 40.5 1.04641 0.000454169
  42 41.5 1.04381 0.000453043
  43 42.5 1.03472 0.000449096
  44 43.5 1.03523 0.000449318
  45 44.5 1.04164 0.000452101
  46 45.5 1.04937 0.000455454
  47 46.5 1.05565 0.000458181
  48 47.5 1.06258 0.000461191
  49 48.5 1.06605 0.000462696
  50 49.5 1.06439 0.000461977
  51 50.5 1.05621 0.000458424
  52 51.5 1.03966 0.000451243
  53 52.5 1.03331 0.000448484
  54 53.5 1.02528 0.000445002
  55 54.5 1.01892 0.000442239
  56 55.5 1.02756 0.00044599
  57 56.5 1.02225 0.000443687
  58 57.5 1.02184 0.000443508
  59 58.5 1.01662 0.000441243
  60 59.5 1.01837 0.000442002
  61 60.5 1.02474 0.000444766
  62 61.5 1.01992 0.000442674
  63 62.5 1.01671 0.000441279
  64 63.5 1.01659 0.000441228
  65 64.5 1.02097 0.000443129
  66 65.5 1.02678 0.000445651
  67 66.5 1.02976 0.000446943
  68 67.5 1.0349 0.000449174
  69 68.5 1.0375 0.000450302
  70 69.5 1.04916 0.000455364
  71 70.5 1.05843 0.000459387
  72 71.5 1.06426 0.00046192
  73 72.5 1.06063 0.000460344
  74 73.5 1.05765 0.000459051
  75 74.5 1.06542 0.000462422
  76 75.5 1.06094 0.000460477
  77 76.5 1.04845 0.000455058
  78 77.5 1.0459 0.00045395
  79 78.5 1.04237 0.000452419
  80 79.5 1.04941 0.000455475
  81 80.5 1.04926 0.000455409
  82 81.5 1.05193 0.000456569
  83 82.5 1.06786 0.000463481
  84 83.5 1.07281 0.000465631
  85 84.5 1.06745 0.000463303
  86 85.5 1.0838 0.000470398
  87 86.5 1.0818 0.000469531
  88 87.5 1.07282 0.000465634
  89 88.5 1.06669 0.000462974
  90 89.5 1.06828 0.000463664
  91 90.5 1.06847 0.000463747
  92 91.5 1.05663 0.000458609
  93 92.5 1.04783 0.000454786
  94 93.5 1.05701 0.000458771
  95 94.5 1.05724 0.00045887
  96 95.5 1.05884 0.000459566
  97 96.5 1.06494 0.000462214
  98 97.5 1.07638 0.00046718
  99 98.5 1.06879 0.000463885
  100 99.5 1.06169 0.000460801
  101 100.5 1.05072 0.00045604
  102 101.5 1.04766 0.000454712
  103 102.5 1.05699 0.000458761
  104 103.5 1.05909 0.000459675
  105 104.5 1.06256 0.000461181
  106 105.5 1.06038 0.000460234
  107 106.5 1.0613 0.000460635
  108 107.5 1.07096 0.000464827
  109 108.5 1.07365 0.000465993
  110 109.5 1.06844 0.000463734
  111 110.5 1.06319 0.000461455
  112 111.5 1.0661 0.000462719
  113 112.5 1.06538 0.000462404
  114 113.5 1.07042 0.000464592
  115 114.5 1.07038 0.000464574
  116 115.5 1.0697 0.000464278
  117 116.5 1.06814 0.000463601
  118 117.5 1.06771 0.000463415
  119 118.5 1.07475 0.000466473
  120 119.5 1.06634 0.00046282
  121 120.5 1.05447 0.000457668
  122 121.5 1.04302 0.000452701
  123 122.5 1.03621 0.000449745
  124 123.5 1.02454 0.00044468
  125 124.5 1.02451 0.000444664
  126 125.5 1.01327 0.000439786
  127 126.5 1.01244 0.000439428
  128 127.5 1.00675 0.000436959
  129 128.5 1.00439 0.000435934
  130 129.5 1.01418 0.000440182
  131 130.5 1.02626 0.000445426
  132 131.5 1.02422 0.000444542
  133 132.5 1.01742 0.00044159
  134 133.5 1.02291 0.00044397
  135 134.5 1.03157 0.000447732
  136 135.5 1.04087 0.000451766
  137 136.5 1.05258 0.000456848
  138 137.5 1.06539 0.000462411
  139 138.5 1.0658 0.000462588
  140 139.5 1.07614 0.000467076
  141 140.5 1.08302 0.000470062
  142 141.5 1.08738 0.000471951
  143 142.5 1.09909 0.000477036
  144 143.5 1.11916 0.000485748
  145 144.5 1.1506 0.000499391
  146 145.5 1.18407 0.000513919
  147 146.5 1.22193 0.000530351
  148 147.5 1.27528 0.000553506
  149 148.5 1.3423 0.000582596
  150 149.5 1.44084 0.000625363
  151 150.5 1.58487 0.000687877
  152 151.5 1.78117 0.000773076
  153 152.5 2.0387 0.000884851
  154 153.5 2.40105 0.00104212
  155 154.5 2.91466 0.00126504
  156 155.5 3.61367 0.00156843
  157 156.5 4.54426 0.00197233
  158 157.5 5.75471 0.0024977
  159 158.5 7.28542 0.00316208
  160 159.5 9.11517 0.00395624
  161 160.5 11.2199 0.00486973
  162 161.5 13.5141 0.0058655
  163 162.5 15.9263 0.00691245
  164 163.5 18.2864 0.0079368
  165 164.5 20.4717 0.00888529
  166 165.5 22.5036 0.0097672
  167 166.5 24.1744 0.0104923
  168 167.5 25.5912 0.0111073
  169 168.5 26.7289 0.0116011
  170 169.5 27.6577 0.0120042
  171 170.5 28.3514 0.0123053
  172 171.5 28.897 0.0125421
  173 172.5 29.317 0.0127244
  174 173.5 29.6027 0.0128484
  175 174.5 29.8769 0.0129674
  176 175.5 30.0474 0.0130414
  177 176.5 30.1934 0.0131048
  178 177.5 30.2649 0.0131358
  179 178.5 30.3437 0.01317
  180 179.5 30.4143 0.0132006
  181 180.5 30.4605 0.0132207
  182 181.5 30.461 0.0132209
  183 182.5 30.519 0.0132461
  184 183.5 30.5124 0.0132432
  185 184.5 30.5226 0.0132477
  186 185.5 30.5433 0.0132567
  187 186.5 30.5802 0.0132726
  188 187.5 30.5498 0.0132594
  189 188.5 30.5565 0.0132624
  190 189.5 30.5766 0.0132711
  191 190.5 30.5985 0.0132806
  192 191.5 30.5522 0.0132605
  193 192.5 30.5456 0.0132576
  194 193.5 30.5927 0.0132781
  195 194.5 30.5609 0.0132643
  196 195.5 30.5408 0.0132556
  197 196.5 30.598 0.0132804
  198 197.5 30.563 0.0132652
  199 198.5 30.5628 0.0132651
  200 199.5 30.5591 0.0132635
  201 200.5 30.5692 0.0132679
  202 201.5 30.5767 0.0132711
  203 202.5 30.5649 0.013266
  204 203.5 30.5865 0.0132754
  205 204.5 30.5717 0.013269
  206 205.5 30.5679 0.0132673
  207 206.5 30.5853 0.0132749
  208 207.5 30.5828 0.0132738
  209 208.5 30.561 0.0132643
  210 209.5 30.575 0.0132704
  211 210.5 30.5339 0.0132526
  212 211.5 30.5551 0.0132618
  213 212.5 30.5404 0.0132554
  214 213.5 30.6045 0.0132832
  215 214.5 30.5192 0.0132462
  216 215.5 30.5186 0.0132459
  217 216.5 30.5702 0.0132683
  218 217.5 30.5572 0.0132627
  219 218.5 30.5047 0.0132399
  220 219.5 30.5265 0.0132493
  221 220.5 30.6037 0.0132829
  222 221.5 30.5411 0.0132557
  223 222.5 30.5064 0.0132406
  224 223.5 30.552 0.0132604
  225 224.5 30.5933 0.0132783
  226 225.5 30.5205 0.0132468
  227 226.5 30.5357 0.0132533
  228 227.5 30.5607 0.0132642
  229 228.5 30.5506 0.0132598
  230 229.5 30.5463 0.0132579
  231 230.5 30.5499 0.0132595
  232 231.5 30.5648 0.013266
  233 232.5 30.5589 0.0132634
  234 233.5 30.5596 0.0132637
  235 234.5 30.5188 0.013246
  236 235.5 30.5553 0.0132619
  237 236.5 30.5333 0.0132523
  238 237.5 30.5527 0.0132607
  239 238.5 30.4994 0.0132376
  240 239.5 30.5757 0.0132707
  241 240.5 30.5223 0.0132475
  242 241.5 30.5188 0.013246
  243 242.5 30.5171 0.0132453
  244 243.5 30.5617 0.0132646
  245 244.5 30.5351 0.0132531
  246 245.5 30.582 0.0132734
  247 246.5 30.5611 0.0132643
  248 247.5 30.5507 0.0132599
  249 248.5 30.5398 0.0132551
  250 249.5 30.5708 0.0132686
  251 250.5 30.5481 0.0132587
  252 251.5 30.5645 0.0132659
  253 252.5 30.5514 0.0132601
  254 253.5 30.5674 0.0132671
  255 254.5 30.576 0.0132709
  256 255.5 30.595 0.0132791
  257 256.5 30.5599 0.0132639
  258 257.5 30.6097 0.0132855
  259 258.5 30.6316 0.013295
  260 259.5 30.5948 0.013279
  261 260.5 30.6055 0.0132836
  262 261.5 30.6009 0.0132816
  263 262.5 30.612 0.0132865
  264 263.5 30.5926 0.013278
  265 264.5 30.5865 0.0132754
  266 265.5 30.6086 0.013285
  267 266.5 30.6016 0.013282
  268 267.5 30.577 0.0132712
  269 268.5 30.573 0.0132696
  270 269.5 30.575 0.0132704
  271 270.5 30.5852 0.0132748
  272 271.5 30.5682 0.0132674
  273 272.5 30.5712 0.0132687
  274 273.5 30.5671 0.013267
  275 274.5 30.5625 0.013265
  276 275.5 30.5608 0.0132642
  277 276.5 30.5523 0.0132605
  278 277.5 30.5555 0.0132619
  279 278.5 30.5585 0.0132632
  280 279.5 30.5343 0.0132528
  281 280.5 30.5512 0.0132601
  282 281.5 30.552 0.0132604
  283 282.5 30.5648 0.013266
  284 283.5 30.5626 0.013265
  285 284.5 30.5947 0.013279
  286 285.5 30.6024 0.0132823
  287 286.5 30.601 0.0132817
  288 287.5 30.5809 0.013273
  289 288.5 30.6125 0.0132867
  290 289.5 30.5822 0.0132735
  291 290.5 30.6197 0.0132898
  292 291.5 30.5981 0.0132804
  293 292.5 30.5738 0.0132699
  294 293.5 30.6063 0.013284
  295 294.5 30.5887 0.0132763
  296 295.5 30.5951 0.0132791
  297 296.5 30.5863 0.0132753
  298 297.5 30.5968 0.0132799
  299 298.5 30.5956 0.0132794
  300 299.5 30.5791 0.0132722
  301 300.5 30.5635 0.0132654
  302 301.5 30.537 0.0132539
  303 302.5 30.5468 0.0132582
  304 303.5 30.4735 0.0132263
  305 304.5 30.4719 0.0132256
  306 305.5 30.4776 0.0132281
  307 306.5 30.3993 0.0131941
  308 307.5 30.2994 0.0131508
  309 308.5 30.2389 0.0131245
  310 309.5 30.149 0.0130855
  311 310.5 30.0163 0.0130279
  312 311.5 29.7885 0.012929
  313 312.5 29.6403 0.0128647
  314 313.5 29.3374 0.0127332
  315 314.5 28.9162 0.0125505
  316 315.5 28.4206 0.0123353
  317 316.5 27.8061 0.0120686
  318 317.5 26.9508 0.0116974
  319 318.5 25.9235 0.0112515
  320 319.5 24.6585 0.0107025
  321 320.5 23.2002 0.0100695
  322 321.5 21.4448 0.00930762
  323 322.5 19.563 0.00849088
  324 323.5 17.5218 0.00760495
  325 324.5 15.3639 0.00666837
  326 325.5 13.2229 0.00573912
  327 326.5 11.217 0.00486848
  328 327.5 9.32563 0.00404758
  329 328.5 7.68658 0.00333619
  330 329.5 6.32864 0.00274681
  331 330.5 5.20548 0.00225932
  332 331.5 4.29117 0.00186249
  333 332.5 3.60446 0.00156444
  334 333.5 3.07858 0.00133619
  335 334.5 2.66446 0.00115645
  336 335.5 2.3718 0.00102943
  337 336.5 2.15769 0.000936497
  338 337.5 1.99102 0.000864156
  339 338.5 1.86284 0.000808526
  340 339.5 1.77568 0.000770694
  341 340.5 1.70809 0.000741359
  342 341.5 1.65943 0.000720238
  343 342.5 1.62256 0.000704237
  344 343.5 1.59262 0.00069124
  345 344.5 1.56608 0.00067972
  346 345.5 1.54621 0.000671097
  347 346.5 1.53936 0.000668124
  348 347.5 1.5315 0.000664712
  349 348.5 1.52159 0.000660411
  350 349.5 1.5052 0.000653298
  351 350.5 1.49837 0.000650332
  352 351.5 1.49741 0.000649918
  353 352.5 1.50398 0.000652769
  354 353.5 1.50047 0.000651247
  355 354.5 1.49224 0.000647675
  356 355.5 1.49381 0.000648357
  357 356.5 1.48646 0.000645167
  358 357.5 1.48381 0.000644013
  359 358.5 1.48188 0.000643176
  360 359.5 1.48486 0.000644472
  361 360.5 1.48828 0.000645954
  362 361.5 1.49258 0.00064782
  363 362.5 1.49619 0.000649388
  364 363.5 1.49991 0.000651003
  365 364.5 1.48822 0.00064593
  366 365.5 1.48102 0.000642803
  367 366.5 1.48356 0.000643908
  368 367.5 1.48364 0.000643939
  369 368.5 1.48087 0.000642737
  370 369.5 1.47487 0.000640135
  371 370.5 1.4774 0.000641234
  372 371.5 1.46691 0.000636678
  373 372.5 1.47129 0.000638579
  374 373.5 1.47613 0.000640683
  375 374.5 1.47333 0.000639468
  376 375.5 1.47623 0.000640726
  377 376.5 1.46674 0.000636606
  378 377.5 1.46551 0.00063607
  379 378.5 1.47733 0.000641203
  380 379.5 1.4737 0.000639628
  381 380.5 1.46838 0.000637319
  382 381.5 1.47024 0.000638126
  383 382.5 1.4688 0.0006375
  384 383.5 1.46573 0.000636168
  385 384.5 1.46141 0.000634293
  386 385.5 1.45975 0.000633574
  387 386.5 1.46491 0.00063581
  388 387.5 1.45949 0.000633457
  389 388.5 1.45953 0.000633477
  390 389.5 1.46041 0.000633858
  391 390.5 1.45352 0.000630869
  392 391.5 1.45576 0.000631842
  393 392.5 1.45839 0.000632984
  394 393.5 1.46592 0.000636248
  395 394.5 1.46943 0.000637773
  396 395.5 1.45888 0.000633194
  397 396.5 1.46256 0.000634792
  398 397.5 1.46564 0.000636128
  399 398.5 1.46829 0.000637279
  400 399.5 1.46669 0.000636584
  401 400.5 1.46717 0.000636793
  402 401.5 1.46134 0.000634261
  403 402.5 1.46331 0.000635117
  404 403.5 1.4634 0.000635157
  405 404.5 1.46152 0.000634339
  406 405.5 1.45724 0.000632481
  407 406.5 1.45827 0.000632931
  408 407.5 1.46214 0.000634611
  409 408.5 1.45992 0.000633648
  410 409.5 1.4652 0.000635938
  411 410.5 1.46058 0.000633931
  412 411.5 1.46707 0.00063675
  413 412.5 1.47117 0.000638527
  414 413.5 1.4687 0.000637457
  415 414.5 1.47002 0.00063803
  416 415.5 1.47521 0.000640284
  417 416.5 1.48331 0.000643799
  418 417.5 1.47422 0.000639852
  419 418.5 1.48115 0.000642862
  420 419.5 1.48327 0.00064378
  421 420.5 1.47789 0.000641447
  422 421.5 1.48781 0.000645751
  423 422.5 1.48903 0.000646282
  424 423.5 1.4875 0.000645618
  425 424.5 1.4866 0.000645227
  426 425.5 1.49173 0.000647453
  427 426.5 1.49031 0.000646834
  428 427.5 1.47694 0.000641033
  429 428.5 1.48319 0.000643745
  430 429.5 1.48295 0.000643642
  431 430.5 1.47844 0.000641686
  432 431.5 1.4719 0.000638847
  433 432.5 1.46481 0.000635768
  434 433.5 1.4585 0.00063303
  435 434.5 1.45748 0.000632589
  436 435.5 1.4606 0.00063394
  437 436.5 1.46083 0.000634041
  438 437.5 1.46233 0.000634691
  439 438.5 1.46861 0.000637418
  440 439.5 1.46538 0.000636017
  441 440.5 1.47767 0.000641352
  442 441.5 1.47387 0.000639701
  443 442.5 1.47154 0.000638688
  444 443.5 1.47004 0.000638037
  445 444.5 1.47402 0.000639765
  446 445.5 1.47489 0.000640145
  447 446.5 1.47333 0.000639464
  448 447.5 1.48866 0.00064612
  449 448.5 1.49443 0.000648626
  450 449.5 1.50211 0.000651957
  451 450.5 1.49603 0.00064932
  452 451.5 1.49667 0.000649596
  453 452.5 1.50259 0.000652167
  454 453.5 1.51303 0.000656695
  455 454.5 1.51476 0.000657447
  456 455.5 1.52143 0.000660341
  457 456.5 1.53832 0.000667674
  458 457.5 1.54843 0.00067206
  459 458.5 1.56949 0.000681203
  460 459.5 1.60262 0.000695583
  461 460.5 1.63859 0.000711194
  462 461.5 1.67494 0.000726969
  463 462.5 1.72896 0.000750415
  464 463.5 1.80637 0.000784016
  465 464.5 1.87732 0.000814811
  466 465.5 1.96716 0.000853801
  467 466.5 2.06091 0.000894491
  468 467.5 2.17283 0.000943069
  469 468.5 2.28494 0.000991729
  470 469.5 2.41421 0.00104784
  471 470.5 2.5449 0.00110456
  472 471.5 2.64576 0.00114833
  473 472.5 2.73525 0.00118717
  474 473.5 2.80576 0.00121778
  475 474.5 2.81983 0.00122389
  476 475.5 2.78892 0.00121047
  477 476.5 2.74487 0.00119135
  478 477.5 2.64647 0.00114864
  479 478.5 2.52263 0.00109489
  480 479.5 2.37314 0.00103001
40000000 480 5362.000000000002
  1 0.5 2.32616 0.00100962
  2 1.5 2.1845 0.000948132
  3 2.5 2.02824 0.000880314
  4 3.5 1.86605 0.000809918
  5 4.5 1.73191 0.000751699
  6 5.5 1.61304 0.000700106
  7 6.5 1.49883 0.000650535
  8 7.5 1.39771 0.000606644
  9 8.5 1.32894 0.000576796
  10 9.5 1.26405 0.000548634
  11 10.5 1.21142 0.000525789
  12 11.5 1.17019 0.000507895
  13 12.5 1.13816 0.000493995
  14 13.5 1.11451 0.000483727
  15 14.5 1.1054 0.000479774
  16 15.5 1.09639 0.000475865
  17 16.5 1.07524 0.000466682
  18 17.5 1.06441 0.000461984
  19 18.5 1.04953 0.000455523
  20 19.5 1.0452 0.000453645
  21 20.5 1.03698 0.00045008
  22 21.5 1.0397 0.000451259
  23 22.5 1.03486 0.00044916
  24 23.5 1.02933 0.000446756
  25 24.5 1.01593 0.000440942
  26 25.5 1.01354 0.000439904
  27 26.5 0.99775 0.000433051
  28 27.5 0.998056 0.000433184
  29 28.5 0.995872 0.000432236
  30 29.5 1.00037 0.000434188
  31 30.5 0.992928 0.000430958
  32 31.5 0.9957 0.000432161
  33 32.5 0.992912 0.000430951
  34 33.5 0.98751 0.000428607
  35 34.5 0.995236 0.00043196
  36 35.5 0.990738 0.000430008
  37 36.5 0.996066 0.00043232
  38 37.5 0.999446 0.000433787
  39 38.5 0.995734 0.000432176
  40 39.5 1.00089 0.000434414
  41 40.5 1.00337 0.000435489
  42 41.5 1.00555 0.000436436
  43 42.5 1.0078 0.000437413
  44 43.5 1.00674 0.000436953
  45 44.5 1.01483 0.000440464
  46 45.5 1.01321 0.00043976
  47 46.5 1.00485 0.000436132
  48 47.5 1.00343 0.000435516
  49 48.5 1.01065 0.00043865
  50 49.5 1.00661 0.000436895
  51 50.5 1.00314 0.000435391
  52 51.5 1.00231 0.00043503
  53 52.5 0.996166 0.000432364
  54 53.5 0.991516 0.000430345
  55 54.5 1.00212 0.000434947
  56 55.5 1.00417 0.000435837
  57 56.5 1.00009 0.000434068
  58 57.5 1.00025 0.000434135
  59 58.5 1.00381 0.00043568
  60 59.5 1.00288 0.000435278
  61 60.5 1.00296 0.000435313
  62 61.5 0.997786 0.000433067
  63 62.5 1.00353 0.000435562
  64 63.5 0.997214 0.000432819
  65 64.5 1.00117 0.000434535
  66 65.5 1.0097 0.000438237
  67 66.5 1.01354 0.000439903
  68 67.5 1.01135 0.000438956
  69 68.5 1.02433 0.000444588
  70 69.5 1.0292 0.000446703
  71 70.5 1.03239 0.000448087
  72 71.5 1.02957 0.000446864
  73 72.5 1.02588 0.00044526
  74 73.5 1.02434 0.000444594
  75 74.5 1.02532 0.000445019
  76 75.5 1.02514 0.00044494
  77 76.5 1.03468 0.00044908
  78 77.5 1.0334 0.000448524
  79 78.5 1.04086 0.00045176
  80 79.5 1.04529 0.000453684
  81 80.5 1.05426 0.000457578
  82 81.5 1.06368 0.000461668
  83 82.5 1.06214 0.000461
  84 83.5 1.06612 0.000462726
  85 84.5 1.06465 0.000462089
  86 85.5 1.06333 0.000461516
  87 86.5 1.061 0.000460502
  88 87.5 1.0678 0.000463453
  89 88.5 1.06697 0.000463093
  90 89.5 1.05158 0.000456416
  91 90.5 1.04671 0.0004543
  92 91.5 1.048 0.000454863
  93 92.5 1.04053 0.00045162
  94 93.5 1.0468 0.000454342
  95 94.5 1.04016 0.000451457
  96 95.5 1.04613 0.00045405
  97 96.5 1.04775 0.000454753
  98 97.5 1.05466 0.00045775
  99 98.5 1.05644 0.000458526
  100 99.5 1.05498 0.000457892
  101 100.5 1.06797 0.00046353
  102 101.5 1.08275 0.000469943
  103 102.5 1.08059 0.000469008
  104 103.5 1.07503 0.000466594
  105 104.5 1.07438 0.000466312
  106 105.5 1.075 0.000466578
  107 106.5 1.08043 0.000468936
  108 107.5 1.08908 0.000472689
  109 108.5 1.08369 0.000470353
  110 109.5 1.07293 0.000465682
  111 110.5 1.07543 0.000466768
  112 111.5 1.0852 0.000471008
  113 112.5 1.08491 0.000470879
  114 113.5 1.09179 0.000473867
  115 114.5 1.08026 0.000468864
  116 115.5 1.0806 0.000469011
  117 116.5 1.08536 0.000471075
  118 117.5 1.0748 0.000466494
  119 118.5 1.07267 0.00046557
  120 119.5 1.0704 0.000464583
  121 120.5 1.07426 0.000466258
  122 121.5 1.06658 0.000462924
  123 122.5 1.06294 0.000461347
  124 123.5 1.05933 0.00045978
  125 124.5 1.05559 0.000458156
  126 125.5 1.05731 0.000458904
  127 126.5 1.06014 0.000460129
  128 127.5 1.06514 0.000462302
  129 128.5 1.06517 0.000462312
  130 129.5 1.06784 0.00046347
  131 130.5 1.07213 0.000465332
  132 131.5 1.07798 0.000467875
  133 132.5 1.08329 0.000470177
  134 133.5 1.08798 0.000472213
  135 134.5 1.09108 0.000473558
  136 135.5 1.08366 0.000470338
  137 136.5 1.08028 0.000468872
  138 137.5 1.08072 0.000469063
  139 138.5 1.08836 0.000472378
  140 139.5 1.09173 0.000473839
  141 140.5 1.08779 0.000472131
  142 141.5 1.08735 0.000471939
  143 142.5 1.09848 0.000476771
  144 143.5 1.11682 0.000484729
  145 144.5 1.13211 0.000491367
  146 145.5 1.13117 0.000490961
  147 146.5 1.14374 0.000496415
  148 147.5 1.17849 0.000511496
  149 148.5 1.22552 0.000531911
  150 149.5 1.2839 0.00055725
  151 150.5 1.3655 0.000592667
  152 151.5 1.47768 0.000641352
  153 152.5 1.62667 0.000706022
  154 153.5 1.84364 0.000800192
  155 154.5 2.13156 0.000925157
  156 155.5 2.52629 0.00109648
  157 156.5 3.086 0.00133941
  158 157.5 3.84458 0.00166865
  159 158.5 4.8808 0.0021184
  160 159.5 6.19201 0.00268751
  161 160.5 7.82687 0.00339708
  162 161.5 9.79824 0.00425271
  163 162.5 11.9994 0.00520807
  164 163.5 14.3287 0.00621904
  165 164.5 16.7447 0.00726768
  166 165.5 19.0767 0.00827984
  167 166.5 21.1729 0.00918962
  168 167.5 23.0926 0.0100228
  169 168.5 24.6852 0.0107141
  170 169.5 26.0089 0.0112886
  171 170.5 27.0671 0.0117479
  172 171.5 27.8556 0.0120901
  173 172.5 28.4892 0.0123651
  174 173.5 29.0198 0.0125954
  175 174.5 29.3854 0.0127541
  176 175.5 29.6871 0.012885
  177 176.5 29.9183 0.0129854
  178 177.5 30.0936 0.0130615
  179 178.5 30.2164 0.0131147
  180 179.5 30.3108 0.0131557
  181 180.5 30.3793 0.0131855
  182 181.5 30.4799 0.0132291
  183 182.5 30.5134 0.0132437
  184 183.5 30.5656 0.0132663
  185 184.5 30.5916 0.0132776
  186 185.5 30.6396 0.0132984
  187 186.5 30.6514 0.0133036
  188 187.5 30.6444 0.0133005
  189 188.5 30.6762 0.0133143
  190 189.5 30.7098 0.0133289
  191 190.5 30.6864 0.0133187
  192 191.5 30.7141 0.0133308
  193 192.5 30.712 0.0133299
  194 193.5 30.7227 0.0133345
  195 194.5 30.7385 0.0133413
  196 195.5 30.7046 0.0133267
  197 196.5 30.7135 0.0133305
  198 197.5 30.7315 0.0133383
  199 198.5 30.7021 0.0133256
  200 199.5 30.7196 0.0133332
  201 200.5 30.6925 0.0133214
  202 201.5 30.6887 0.0133197
  203 202.5 30.691 0.0133207
  204 203.5 30.6707 0.0133119
  205 204.5 30.6897 0.0133202
  206 205.5 30.6769 0.0133146
  207 206.5 30.6939 0.013322
  208 207.5 30.6714 0.0133122
  209 208.5 30.6998 0.0133246
  210 209.5 30.6745 0.0133136
  211 210.5 30.7062 0.0133273
  212 211.5 30.7134 0.0133305
  213 212.5 30.6953 0.0133226
  214 213.5 30.6974 0.0133235
  215 214.5 30.7009 0.0133251
  216 215.5 30.7084 0.0133283
  217 216.5 30.7033 0.0133261
  218 217.5 30.6887 0.0133198
  219 218.5 30.685 0.0133181
  220 219.5 30.7399 0.013342
  221 220.5 30.6801 0.013316
  222 221.5 30.6995 0.0133244
  223 222.5 30.7148 0.0133311
  224 223.5 30.6628 0.0133085
  225 224.5 30.692 0.0133212
  226 225.5 30.692 0.0133212
  227 226.5 30.7187 0.0133328
  228 227.5 30.719 0.0133329
  229 228.5 30.729 0.0133372
  230 229.5 30.7384 0.0133413
  231 230.5 30.7544 0.0133483
  232 231.5 30.7417 0.0133428
  233 232.5 30.7529 0.0133476
  234 233.5 30.7435 0.0133435
  235 234.5 30.7513 0.0133469
  236 235.5 30.745 0.0133442
  237 236.5 30.7229 0.0133346
  238 237.5 30.7149 0.0133311
  239 238.5 30.7282 0.0133369
  240 239.5 30.7406 0.0133423
  241 240.5 30.7115 0.0133297
  242 241.5 30.7269 0.0133363
  243 242.5 30.7337 0.0133393
  244 243.5 30.7414 0.0133426
  245 244.5 30.6937 0.0133219
  246 245.5 30.7236 0.0133349
  247 246.5 30.6855 0.0133184
  248 247.5 30.7065 0.0133275
  249 248.5 30.6997 0.0133245
  250 249.5 30.6705 0.0133119
  251 250.5 30.7063 0.0133274
  252 251.5 30.6796 0.0133158
  253 252.5 30.6879 0.0133194
  254 253.5 30.701 0.0133251
  255 254.5 30.6797 0.0133158
  256 255.5 30.7053 0.013327
  257 256.5 30.6852 0.0133182
  258 257.5 30.7331 0.013339
  259 258.5 30.7077 0.013328
  260 259.5 30.7048 0.0133267
  261 260.5 30.6971 0.0133234
  262 261.5 30.6769 0.0133146
  263 262.5 30.7354 0.01334
  264 263.5 30.7217 0.0133341
  265 264.5 30.6682 0.0133109
  266 265.5 30.7141 0.0133308
  267 266.5 30.694 0.013322
  268 267.5 30.6871 0.0133191
  269 268.5 30.6806 0.0133162
  270 269.5 30.7204 0.0133335
  271 270.5 30.7 0.0133246
  272 271.5 30.644 0.0133004
  273 272.5 30.6829 0.0133172
  274 273.5 30.6936 0.0133219
  275 274.5 30.6286 0.0132936
  276 275.5 30.6666 0.0133102
  277 276.5 30.6859 0.0133185
  278 277.5 30.6603 0.0133074
  279 278.5 30.6485 0.0133023
  280 279.5 30.67 0.0133116
  281 280.5 30.6474 0.0133018
  282 281.5 30.6816 0.0133167
  283 282.5 30.7106 0.0133293
  284 283.5 30.6752 0.0133139
  285 284.5 30.6759 0.0133142
  286 285.5 30.7057 0.0133271
  287 286.5 30.7135 0.0133305
  288 287.5 30.6921 0.0133212
  289 288.5 30.7146 0.013331
  290 289.5 30.7032 0.013326
  291 290.5 30.7126 0.0133301
  292 291.5 30.6937 0.0133219
  293 292.5 30.6956 0.0133228
  294 293.5 30.6999 0.0133246
  295 294.5 30.6551 0.0133052
  296 295.5 30.688 0.0133195
  297 296.5 30.6296 0.0132941
  298 297.5 30.669 0.0133112
  299 298.5 30.631 0.0132947
  300 299.5 30.6315 0.0132949
  301 300.5 30.5905 0.0132771
  302 301.5 30.6172 0.0132887
  303 302.5 30.5574 0.0132627
  304 303.5 30.5636 0.0132654
  305 304.5 30.534 0.0132526
  306 305.5 30.5144 0.0132441
  307 306.5 30.4769 0.0132278
  308 307.5 30.4152 0.0132011
  309 308.5 30.3947 0.0131921
  310 309.5 30.3304 0.0131642
  311 310.5 30.2457 0.0131275
  312 311.5 30.0875 0.0130588
  313 312.5 29.9417 0.0129955
  314 313.5 29.776 0.0129236
  315 314.5 29.522 0.0128134
  316 315.5 29.149 0.0126515
  317 316.5 28.7626 0.0124838
  318 317.5 28.1817 0.0122317
  319 318.5 27.4438 0.0119114
  320 319.5 26.5221 0.0115113
  321 320.5 25.4057 0.0110268
  322 321.5 24.0444 0.0104359
  323 322.5 22.3969 0.00972088
  324 323.5 20.5567 0.00892218
  325 324.5 18.5414 0.00804748
  326 325.5 16.4005 0.00711827
  327 326.5 14.217 0.00617057
  328 327.5 12.0889 0.00524693
  329 328.5 10.1236 0.00439394
  330 329.5 8.37193 0.00363365
  331 330.5 6.87172 0.00298252
  332 331.5 5.63125 0.00244412
  333 332.5 4.62173 0.00200596
  334 333.5 3.85402 0.00167275
  335 334.5 3.24728 0.00140941
  336 335.5 2.80181 0.00121606
  337 336.5 2.45733 0.00106655
  338 337.5 2.20038 0.000955025
  339 338.5 2.01936 0.000876457
  340 339.5 1.87929 0.000815663
  341 340.5 1.77571 0.000770706
  342 341.5 1.70173 0.000738599
  343 342.5 1.63844 0.000711129
  344 343.5 1.5864 0.000688543
  345 344.5 1.55432 0.000674617
  346 345.5 1.523 0.000661023
  347 346.5 1.50716 0.000654148
  348 347.5 1.50237 0.000652069
  349 348.5 1.4882 0.000645919
  350 349.5 1.46781 0.000637072
  351 350.5 1.462 0.000634548
  352 351.5 1.46025 0.000633788
  353 352.5 1.45398 0.000631069
  354 353.5 1.45523 0.00063161
  355 354.5 1.45307 0.000630671
  356 355.5 1.44661 0.000627867
  357 356.5 1.44817 0.000628548
  358 357.5 1.43601 0.000623267
  359 358.5 1.43218 0.000621608
  360 359.5 1.4304 0.000620832
  361 360.5 1.42942 0.000620408
  362 361.5 1.43872 0.000624445
  363 362.5 1.43601 0.000623267
  364 363.5 1.43583 0.000623188
  365 364.5 1.43392 0.000622361
  366 365.5 1.43438 0.000622561
  367 366.5 1.43553 0.00062306
  368 367.5 1.43892 0.000624531
  369 368.5 1.43026 0.000620772
  370 369.5 1.43713 0.000623754
  371 370.5 1.44699 0.000628036
  372 371.5 1.44254 0.000626103
  373 372.5 1.43973 0.000624881
  374 373.5 1.43973 0.000624881
  375 374.5 1.43656 0.000623508
  376 375.5 1.43157 0.000621343
  377 376.5 1.4322 0.000621615
  378 377.5 1.43953 0.000624798
  379 378.5 1.43073 0.000620977
  380 379.5 1.42578 0.00061883
  381 380.5 1.4257 0.000618793
  382 381.5 1.43559 0.000623084
  383 382.5 1.42685 0.000619291
  384 383.5 1.43552 0.000623057
  385 384.5 1.42468 0.00061835
  386 385.5 1.4244 0.000618231
  387 386.5 1.42504 0.000618509
  388 387.5 1.42622 0.000619021
  389 388.5 1.42784 0.000619723
  390 389.5 1.4274 0.00061953
  391 390.5 1.4283 0.000619924
  392 391.5 1.44187 0.000625813
  393 392.5 1.43911 0.000624613
  394 393.5 1.4464 0.00062778
  395 394.5 1.43163 0.000621365
  396 395.5 1.43356 0.000622204
  397 396.5 1.42942 0.000620407
  398 397.5 1.43593 0.000623234
  399 398.5 1.44182 0.000625788
  400 399.5 1.43059 0.000620915
  401 400.5 1.43725 0.000623808
  402 401.5 1.4329 0.000621918
  403 402.5 1.43506 0.000622855
  404 403.5 1.43195 0.000621508
  405 404.5 1.43108 0.000621129
  406 405.5 1.44552 0.000627395
  407 406.5 1.4363 0.000623392
  408 407.5 1.43581 0.000623183
  409 408.5 1.43955 0.000624806
  410 409.5 1.43866 0.000624418
  411 410.5 1.43667 0.000623554
  412 411.5 1.43404 0.000622415
  413 412.5 1.43379 0.000622304
  414 413.5 1.43425 0.000622505
  415 414.5 1.43946 0.000624767
  416 415.5 1.43538 0.000622993
  417 416.5 1.44232 0.000626009
  418 417.5 1.44469 0.000627037
  419 418.5 1.43386 0.000622333
  420 419.5 1.42933 0.000620371
  421 420.5 1.42686 0.000619296
  422 421.5 1.42858 0.000620044
  423 422.5 1.42982 0.000620581
  424 423.5 1.43109 0.000621134
  425 424.5 1.43166 0.00062138
  426 425.5 1.42192 0.000617154
  427 426.5 1.42177 0.000617089
  428 427.5 1.42573 0.000618806
  429 428.5 1.42521 0.000618581
  430 429.5 1.41925 0.000615996
  431 430.5 1.43115 0.000621157
  432 431.5 1.42762 0.000619628
  433 432.5 1.43083 0.000621022
  434 433.5 1.42821 0.000619881
  435 434.5 1.41702 0.000615025
  436 435.5 1.42648 0.000619132
  437 436.5 1.42423 0.000618155
  438 437.5 1.41897 0.000615872
  439 438.5 1.42498 0.000618479
  440 439.5 1.42453 0.000618287
  441 440.5 1.41998 0.000616312
  442 441.5 1.41911 0.000615933
  443 442.5 1.42166 0.000617039
  444 443.5 1.41451 0.000613935
  445 444.5 1.41112 0.000612467
  446 445.5 1.40891 0.000611505
  447 446.5 1.40424 0.000609478
  448 447.5 1.38975 0.000603188
  449 448.5 1.39375 0.000604924
  450 449.5 1.40375 0.000609268
  451 450.5 1.40938 0.000611712
  452 451.5 1.41326 0.000613395
  453 452.5 1.41794 0.000615426
  454 453.5 1.41751 0.000615238
  455 454.5 1.42693 0.000619326
  456 455.5 1.43788 0.000624082
  457 456.5 1.45558 0.000631763
  458 457.5 1.46916 0.000637655
  459 458.5 1.47211 0.000638936
  460 459.5 1.48923 0.000646369
  461 460.5 1.52075 0.000660047
  462 461.5 1.55778 0.00067612
  463 462.5 1.5836 0.000687328
  464 463.5 1.63744 0.000710696
  465 464.5 1.69702 0.000736554
  466 465.5 1.76047 0.000764093
  467 466.5 1.84096 0.000799027
  468 467.5 1.94148 0.000842658
  469 468.5 2.05993 0.000894068
  470 469.5 2.17659 0.000944699
  471 470.5 2.29622 0.000996623
  472 471.5 2.41419 0.00104782
  473 472.5 2.51308 0.00109075
  474 473.5 2.60905 0.0011324
  475 474.5 2.67552 0.00116125
  476 475.5 2.69356 0.00116908
  477 476.5 2.68389 0.00116488
  478 477.5 2.64204 0.00114672
  479 478.5 2.56494 0.00111326
  480 479.5 2.44018 0.00105911
50000000 480 5362.000000000002
  1 0.5 2.27659 0.000988102
  2 1.5 2.13992 0.000928786
  3 2.5 1.99616 0.000866388
  4 3.5 1.85152 0.000803609
  5 4.5 1.722 0.000747395
  6 5.5 1.6019 0.000695271
  7 6.5 1.5047 0.00065308
  8 7.5 1.41899 0.000615883
  9 8.5 1.34183 0.000582393
  10 9.5 1.27776 0.000554585
  11 10.5 1.22272 0.000530695
  12 11.5 1.17521 0.000510074
  13 12.5 1.12943 0.000490206
  14 13.5 1.1054 0.000479773
  15 14.5 1.07146 0.000465045
  16 15.5 1.05418 0.000457542
  17 16.5 1.03853 0.000450753
  18 17.5 1.03134 0.000447629
  19 18.5 1.02755 0.000445986
  20 19.5 1.01941 0.000442453
  21 20.5 1.01277 0.00043957
  22 21.5 1.00733 0.000437207
  23 22.5 1.0107 0.000438671
  24 23.5 1.01474 0.000440424
  25 24.5 1.01331 0.000439803
  26 25.5 1.01935 0.000442425
  27 26.5 1.02286 0.000443951
  28 27.5 1.02188 0.000443523
  29 28.5 1.01684 0.000441338
  30 29.5 1.02766 0.000446031
  31 30.5 1.02255 0.000443813
  32 31.5 1.01968 0.000442569
  33 32.5 1.01728 0.000441527
  34 33.5 1.02589 0.000445263
  35 34.5 1.02298 0.000444
  36 35.5 1.03077 0.000447381
  37 36.5 1.04067 0.000451679
  38 37.5 1.04519 0.000453641
  39 38.5 1.03505 0.000449241
  40 39.5 1.03791 0.000450483
  41 40.5 1.04676 0.000454322
  42 41.5 1.04854 0.000455097
  43 42.5 1.05131 0.000456299
  44 43.5 1.04828 0.000454982
  45 44.5 1.05111 0.000456209
  46 45.5 1.04775 0.000454752
  47 46.5 1.05343 0.000457218
  48 47.5 1.05592 0.000458299
  49 48.5 1.06077 0.000460404
  50 49.5 1.06057 0.000460317
  51 50.5 1.0701 0.000464453
  52 51.5 1.06883 0.0004639
  53 52.5 1.05921 0.000459727
  54 53.5 1.06033 0.000460213
  55 54.5 1.05847 0.000459405
  56 55.5 1.06595 0.000462652
  57 56.5 1.0767 0.000467318
  58 57.5 1.07707 0.000467478
  59 58.5 1.07776 0.000467778
  60 59.5 1.07677 0.000467346
  61 60.5 1.08518 0.000470999
  62 61.5 1.08694 0.000471762
  63 62.5 1.08346 0.00047025
  64 63.5 1.08515 0.000470986
  65 64.5 1.08852 0.000472448
  66 65.5 1.08848 0.000472432
  67 66.5 1.08382 0.000470408
  68 67.5 1.08948 0.000472866
  69 68.5 1.09829 0.000476687
  70 69.5 1.10191 0.000478261
  71 70.5 1.09912 0.000477047
  72 71.5 1.10037 0.000477593
  73 72.5 1.11188 0.000482588
  74 73.5 1.11544 0.000484134
  75 74.5 1.10365 0.000479013
  76 75.5 1.09855 0.0004768
  77 76.5 1.09458 0.000475077
  78 77.5 1.09793 0.00047653
  79 78.5 1.10277 0.000478631
  80 79.5 1.10343 0.000478919
  81 80.5 1.10802 0.000480911
  82 81.5 1.11679 0.00048472
  83 82.5 1.11734 0.000484955
  84 83.5 1.12279 0.000487321
  85 84.5 1.11091 0.000482165
  86 85.5 1.11464 0.000483784
  87 86.5 1.12432 0.000487985
  88 87.5 1.1197 0.000485979
  89 88.5 1.11668 0.000484669
  90 89.5 1.11224 0.000482744
  91 90.5 1.11459 0.000483762
  92 91.5 1.11421 0.000483597
  93 92.5 1.11539 0.00048411
  94 93.5 1.11524 0.000484046
  95 94.5 1.11304 0.00048309
  96 95.5 1.12047 0.000486316
  97 96.5 1.12494 0.000488255
  98 97.5 1.11764 0.000485089
  99 98.5 1.12425 0.000487954
  100 99.5 1.12409 0.000487887
  101 100.5 1.1169 0.000484766
  102 101.5 1.12278 0.000487318
  103 102.5 1.12511 0.00048833
  104 103.5 1.14112 0.000495276
  105 104.5 1.1452 0.000497049
  106 105.5 1.15286 0.000500375
  107 106.5 1.15746 0.000502371
  108 107.5 1.16037 0.000503634
  109 108.5 1.15109 0.000499604
  110 109.5 1.14985 0.000499069
  111 110.5 1.14795 0.00049824
  112 111.5 1.15497 0.000501289
  113 112.5 1.15188 0.000499946
  114 113.5 1.14678 0.000497736
  115 114.5 1.14417 0.0004966
  116 115.5 1.13657 0.000493302
  117 116.5 1.13768 0.000493786
  118 117.5 1.14109 0.000495266
  119 118.5 1.1439 0.000496486
  120 119.5 1.13396 0.000492171
  121 120.5 1.12641 0.000488895
  122 121.5 1.11962 0.000485944
  123 122.5 1.11961 0.000485942
  124 123.5 1.12253 0.000487209
  125 124.5 1.11601 0.000484378
  126 125.5 1.1217 0.000486849
  127 126.5 1.12148 0.000486753
  128 127.5 1.11868 0.00048554
  129 128.5 1.11518 0.000484021
  130 129.5 1.11801 0.000485247
  131 130.5 1.11725 0.000484916
  132 131.5 1.11713 0.000484867
  133 132.5 1.11822 0.00048534
  134 133.5 1.1131 0.000483117
  135 134.5 1.11277 0.000482975
  136 135.5 1.11725 0.000484918
  137 136.5 1.11443 0.000483694
  138 137.5 1.11692 0.000484773
  139 138.5 1.12056 0.000486356
  140 139.5 1.12081 0.000486463
  141 140.5 1.11268 0.000482933
  142 141.5 1.12577 0.000488614
  143 142.5 1.12998 0.000490444
  144 143.5 1.14277 0.000495993
  145 144.5 1.14969 0.000498996
  146 145.5 1.17241 0.000508857
  147 146.5 1.20045 0.000521028
  148 147.5 1.22229 0.000530507
  149 148.5 1.26315 0.000548244
  150 149.5 1.31599 0.000571178
  151 150.5 1.39579 0.00060581
  152 151.5 1.51036 0.00065554
  153 152.5 1.65894 0.000720028
  154 153.5 1.87415 0.000813433
  155 154.5 2.16904 0.000941424
  156 155.5 2.60834 0.00113209
  157 156.5 3.19949 0.00138867
  158 157.5 3.99832 0.00173538
  159 158.5 5.05335 0.0021933
  160 159.5 6.42024 0.00278656
  161 160.5 8.08992 0.00351125
  162 161.5 10.0611 0.00436678
  163 162.5 12.291 0.00533462
  164 163.5 14.6778 0.00637058
  165 164.5 17.0893 0.00741722
  166 165.5 19.3793 0.00841115
  167 166.5 21.5228 0.00934148
  168 167.5 23.38 0.0101476
  169 168.5 24.9414 0.0108253
  170 169.5 26.2302 0.0113847
  171 170.5 27.2453 0.0118252
  172 171.5 28.0531 0.0121758
  173 172.5 28.6832 0.0124493
  174 173.5 29.1546 0.0126539
  175 174.5 29.5055 0.0128062
  176 175.5 29.7399 0.0129079
  177 176.5 29.9956 0.0130189
  178 177.5 30.1925 0.0131044
  179 178.5 30.2545 0.0131313
  180 179.5 30.3765 0.0131842
  181 180.5 30.4376 0.0132108
  182 181.5 30.4867 0.0132321
  183 182.5 30.5283 0.0132501
  184 183.5 30.5762 0.0132709
  185 184.5 30.5898 0.0132768
  186 185.5 30.6393 0.0132983
  187 186.5 30.6374 0.0132975
  188 187.5 30.6394 0.0132984
  189 188.5 30.6523 0.0133039
  190 189.5 30.6709 0.013312
  191 190.5 30.6712 0.0133121
  192 191.5 30.6474 0.0133018
  193 192.5 30.685 0.0133181
  194 193.5 30.6772 0.0133147
  195 194.5 30.6644 0.0133092
  196 195.5 30.6662 0.01331
  197 196.5 30.6566 0.0133058
  198 197.5 30.6511 0.0133034
  199 198.5 30.6831 0.0133173
  200 199.5 30.6732 0.013313
  201 200.5 30.6637 0.0133089
  202 201.5 30.6431 0.0133
  203 202.5 30.6581 0.0133065
  204 203.5 30.6698 0.0133116
  205 204.5 30.66 0.0133073
  206 205.5 30.6256 0.0132923
  207 206.5 30.6409 0.013299
  208 207.5 30.6721 0.0133126
  209 208.5 30.6404 0.0132988
  210 209.5 30.6322 0.0132952
  211 210.5 30.6183 0.0132892
  212 211.5 30.6757 0.0133141
  213 212.5 30.6464 0.0133014
  214 213.5 30.6351 0.0132965
  215 214.5 30.6344 0.0132962
  216 215.5 30.6642 0.0133091
  217 216.5 30.625 0.0132921
  218 217.5 30.6488 0.0133024
  219 218.5 30.679 0.0133155
  220 219.5 30.6332 0.0132957
  221 220.5 30.6289 0.0132938
  222 221.5 30.6307 0.0132946
  223 222.5 30.6514 0.0133036
  224 223.5 30.6437 0.0133002
  225 224.5 30.6179 0.013289
  226 225.5 30.6372 0.0132974
  227 226.5 30.6101 0.0132856
  228 227.5 30.6208 0.0132903
  229 228.5 30.6021 0.0132821
  230 229.5 30.5993 0.013281
  231 230.5 30.626 0.0132925
  232 231.5 30.6185 0.0132893
  233 232.5 30.623 0.0132913
  234 233.5 30.5931 0.0132783
  235 234.5 30.6175 0.0132888
  236 235.5 30.6478 0.013302
  237 236.5 30.6058 0.0132837
  238 237.5 30.6086 0.013285
  239 238.5 30.5897 0.0132768
  240 239.5 30.6407 0.0132989
  241 240.5 30.6199 0.0132899
  242 241.5 30.6009 0.0132816
  243 242.5 30.6289 0.0132938
  244 243.5 30.6138 0.0132873
  245 244.5 30.6392 0.0132982
  246 245.5 30.6208 0.0132903
  247 246.5 30.6282 0.0132935
  248 247.5 30.5942 0.0132787
  249 248.5 30.6156 0.013288
  250 249.5 30.6469 0.0133016
  251 250.5 30.61 0.0132856
  252 251.5 30.6174 0.0132888
  253 252.5 30.6033 0.0132827
  254 253.5 30.6402 0.0132987
  255 254.5 30.6186 0.0132893
  256 255.5 30.6049 0.0132834
  257 256.5 30.6572 0.0133061
  258 257.5 30.6541 0.0133047
  259 258.5 30.6255 0.0132923
  260 259.5 30.6595 0.0133071
  261 260.5 30.6745 0.0133136
  262 261.5 30.6625 0.0133084
  263 262.5 30.6165 0.0132884
  264 263.5 30.7178 0.0133324
  265 264.5 30.701 0.0133251
  266 265.5 30.6782 0.0133152
  267 266.5 30.6347 0.0132963
  268 267.5 30.6888 0.0133198
  269 268.5 30.7019 0.0133255
  270 269.5 30.6506 0.0133032
  271 270.5 30.6547 0.013305
  272 271.5 30.7012 0.0133252
  273 272.5 30.6852 0.0133182
  274 273.5 30.661 0.0133077
  275 274.5 30.7006 0.0133249
  276 275.5 30.6918 0.0133211
  277 276.5 30.6665 0.0133101
  278 277.5 30.6862 0.0133187
  279 278.5 30.697 0.0133233
  280 279.5 30.6942 0.0133222
  281 280.5 30.6589 0.0133068
  282 281.5 30.6934 0.0133218
  283 282.5 30.6888 0.0133198
  284 283.5 30.6868 0.0133189
  285 284.5 30.6916 0.013321
  286 285.5 30.7023 0.0133257
  287 286.5 30.677 0.0133147
  288 287.5 30.6821 0.0133169
  289 288.5 30.6949 0.0133224
  290 289.5 30.6892 0.01332
  291 290.5 30.6797 0.0133159
  292 291.5 30.6836 0.0133176
  293 292.5 30.6877 0.0133193
  294 293.5 30.6924 0.0133213
  295 294.5 30.6693 0.0133113
  296 295.5 30.6855 0.0133183
  297 296.5 30.6929 0.0133216
  298 297.5 30.6598 0.0133072
  299 298.5 30.6569 0.013306
  300 299.5 30.6853 0.0133183
  301 300.5 30.6912 0.0133208
  302 301.5 30.65 0.013303
  303 302.5 30.6622 0.0133083
  304 303.5 30.6393 0.0132983
  305 304.5 30.5962 0.0132796
  306 305.5 30.5708 0.0132686
  307 306.5 30.5672 0.013267
  308 307.5 30.4898 0.0132334
  309 308.5 30.401 0.0131949
  310 309.5 30.3705 0.0131816
  311 310.5 30.2526 0.0131304
  312 311.5 30.0833 0.013057
  313 312.5 29.9342 0.0129923
  314 313.5 29.696 0.0128889
  315 314.5 29.4179 0.0127682
  316 315.5 29.0304 0.0126
  317 316.5 28.5553 0.0123938
  318 317.5 27.9275 0.0121213
  319 318.5 27.1016 0.0117629
  320 319.5 26.0738 0.0113168
  321 320.5 24.8561 0.0107882
  322 321.5 23.3934 0.0101534
  323 322.5 21.6405 0.00939257
  324 323.5 19.7174 0.00855788
  325 324.5 17.6363 0.00765466
  326 325.5 15.4689 0.00671392
  327 326.5 13.2666 0.00575807
  328 327.5 11.2341 0.00487592
  329 328.5 9.36013 0.00406256
  330 329.5 7.7025 0.0033431
  331 330.5 6.31114 0.00273921
  332 331.5 5.18098 0.00224869
  333 332.5 4.27877 0.00185711
  334 333.5 3.58529 0.00155611
  335 334.5 3.05261 0.00132492
  336 335.5 2.64275 0.00114703
  337 336.5 2.35444 0.00102189
  338 337.5 2.13945 0.000928582
  339 338.5 1.96968 0.000854894
  340 339.5 1.8472 0.000801736
  341 340.5 1.75239 0.000760584
  342 341.5 1.68859 0.000732895
  343 342.5 1.64612 0.000714462
  344 343.5 1.61029 0.000698911
  345 344.5 1.57486 0.000683535
  346 345.5 1.54049 0.000668614
  347 346.5 1.53107 0.000664527
  348 347.5 1.52895 0.000663607
  349 348.5 1.51295 0.000656663
  350 349.5 1.50019 0.000651122
  351 350.5 1.50052 0.000651269
  352 351.5 1.504 0.000652777
  353 352.5 1.49698 0.000649731
  354 353.5 1.48854 0.000646066
  355 354.5 1.47572 0.000640505
  356 355.5 1.47673 0.000640941
  357 356.5 1.48328 0.000643784
  358 357.5 1.48677 0.000645301
  359 358.5 1.48212 0.00064328
  360 359.5 1.47705 0.000641082
  361 360.5 1.48675 0.000645293
  362 361.5 1.48194 0.000643202
  363 362.5 1.48495 0.000644509
  364 363.5 1.48688 0.000645348
  365 364.5 1.48056 0.000642604
  366 365.5 1.46343 0.000635168
  367 366.5 1.47387 0.000639702
  368 367.5 1.47349 0.000639536
  369 368.5 1.46772 0.000637031
  370 369.5 1.47001 0.000638027
  371 370.5 1.47417 0.000639829
  372 371.5 1.47762 0.000641329
  373 372.5 1.48039 0.00064253
  374 373.5 1.48122 0.000642891
  375 374.5 1.47971 0.000642237
  376 375.5 1.4809 0.000642753
  377 376.5 1.48271 0.000643539
  378 377.5 1.48654 0.000645201
  379 378.5 1.48071 0.00064267
  380 379.5 1.4864 0.000645138
  381 380.5 1.48345 0.00064386
  382 381.5 1.47849 0.000641704
  383 382.5 1.47596 0.000640609
  384 383.5 1.47221 0.000638982
  385 384.5 1.46671 0.000636594
  386 385.5 1.46472 0.000635731
  387 386.5 1.47526 0.000640302
  388 387.5 1.48718 0.000645477
  389 388.5 1.47755 0.000641298
  390 389.5 1.48327 0.000643782
  391 390.5 1.48121 0.000642887
  392 391.5 1.47293 0.000639292
  393 392.5 1.47997 0.000642349
  394 393.5 1.48212 0.000643283
  395 394.5 1.48534 0.000644679
  396 395.5 1.4769 0.000641014
  397 396.5 1.47862 0.00064176
  398 397.5 1.48079 0.000642702
  399 398.5 1.4747 0.000640061
  400 399.5 1.46953 0.000637817
  401 400.5 1.47089 0.000638407
  402 401.5 1.46792 0.000637118
  403 402.5 1.46245 0.000634744
  404 403.5 1.45382 0.000630999
  405 404.5 1.45648 0.000632154
  406 405.5 1.45839 0.000632982
  407 406.5 1.45105 0.000629798
  408 407.5 1.44897 0.000628895
  409 408.5 1.45442 0.000631258
  410 409.5 1.44987 0.000629283
  411 410.5 1.45074 0.000629661
  412 411.5 1.44789 0.000628424
  413 412.5 1.44873 0.000628789
  414 413.5 1.45194 0.000630184
  415 414.5 1.45085 0.000629708
  416 415.5 1.44202 0.000625876
  417 416.5 1.43893 0.000624534
  418 417.5 1.44159 0.000625689
  419 418.5 1.44849 0.000628684
  420 419.5 1.44603 0.000627619
  421 420.5 1.44176 0.000625766
  422 421.5 1.45185 0.000630145
  423 422.5 1.43848 0.000624339
  424 423.5 1.44421 0.000626828
  425 424.5 1.44919 0.00062899
  426 425.5 1.44856 0.000628715
  427 426.5 1.44813 0.00062853
  428 427.5 1.44823 0.000628571
  429 428.5 1.44719 0.000628122
  430 429.5 1.44735 0.00062819
  431 430.5 1.451 0.000629773
  432 431.5 1.44671 0.000627911
  433 432.5 1.43574 0.000623151
  434 433.5 1.44002 0.000625009
  435 434.5 1.44309 0.00062634
  436 435.5 1.44575 0.000627495
  437 436.5 1.43424 0.000622498
  438 437.5 1.4338 0.00062231
  439 438.5 1.43932 0.000624707
  440 439.5 1.43967 0.000624855
  441 440.5 1.44262 0.000626139
  442 441.5 1.44286 0.000626241
  443 442.5 1.43709 0.000623738
  444 443.5 1.44738 0.000628202
  445 444.5 1.45087 0.000629717
  446 445.5 1.44639 0.000627774
  447 446.5 1.44925 0.000629016
  448 447.5 1.44597 0.00062759
  449 448.5 1.4531 0.000630687
  450 449.5 1.45787 0.000632757
  451 450.5 1.4505 0.000629557
  452 451.5 1.45865 0.000633093
  453 452.5 1.46771 0.000637027
  454 453.5 1.4715 0.000638672
  455 454.5 1.47738 0.000641225
  456 455.5 1.47829 0.000641618
  457 456.5 1.50142 0.00065166
  458 457.5 1.51404 0.000657135
  459 458.5 1.53094 0.00066447
  460 459.5 1.54791 0.000671837
  461 460.5 1.5806 0.000686023
  462 461.5 1.6196 0.000702951
  463 462.5 1.65895 0.00072003
  464 463.5 1.70923 0.000741854
  465 464.5 1.77143 0.000768848
  466 465.5 1.84337 0.000800074
  467 466.5 1.92314 0.000834694
  468 467.5 2.01611 0.000875049
  469 468.5 2.12839 0.00092378
  470 469.5 2.25137 0.000977156
  471 470.5 2.36991 0.00102861
  472 471.5 2.46579 0.00107022
  473 472.5 2.54484 0.00110453
  474 473.5 2.62514 0.00113938
  475 474.5 2.66474 0.00115657
  476 475.5 2.68028 0.00116332
  477 476.5 2.66742 0.00115774
  478 477.5 2.61397 0.00113453
  479 478.5 2.52534 0.00109607
  480 479.5 2.41529 0.0010483
