# Chunk-averaged data for fix tensor2 and group c1
# Timestep Number-of-chunks Total-count
# Chunk Coord1 Ncount density/number
20000000 480 4785.0000000000055
  1 0.5 15.2887 0.00663573
  2 1.5 16.1023 0.00698886
  3 2.5 16.9025 0.00733614
  4 3.5 17.6597 0.00766479
  5 4.5 18.3842 0.00797926
  6 5.5 19.0991 0.00828956
  7 6.5 19.7057 0.00855282
  8 7.5 20.3184 0.00881876
  9 8.5 20.8321 0.00904172
  10 9.5 21.323 0.00925476
  11 10.5 21.7599 0.00944442
  12 11.5 22.1365 0.00960786
  13 12.5 22.524 0.00977605
  14 13.5 22.7741 0.00988459
  15 14.5 23.0499 0.0100043
  16 15.5 23.2868 0.0101071
  17 16.5 23.4895 0.0101951
  18 17.5 23.6622 0.01027
  19 18.5 23.7987 0.0103293
  20 19.5 23.9602 0.0103994
  21 20.5 24.0449 0.0104361
  22 21.5 24.151 0.0104822
  23 22.5 24.2437 0.0105224
  24 23.5 24.3288 0.0105594
  25 24.5 24.3424 0.0105653
  26 25.5 24.423 0.0106003
  27 26.5 24.4607 0.0106166
  28 27.5 24.4881 0.0106285
  29 28.5 24.5189 0.0106419
  30 29.5 24.5874 0.0106716
  31 30.5 24.5835 0.0106699
  32 31.5 24.6163 0.0106841
  33 32.5 24.6185 0.0106851
  34 33.5 24.6378 0.0106935
  35 34.5 24.6678 0.0107065
  36 35.5 24.6644 0.0107051
  37 36.5 24.6761 0.0107101
  38 37.5 24.6943 0.010718
  39 38.5 24.7063 0.0107232
  40 39.5 24.6788 0.0107113
  41 40.5 24.7041 0.0107223
  42 41.5 24.6978 0.0107195
  43 42.5 24.7038 0.0107221
  44 43.5 24.6851 0.010714
  45 44.5 24.6982 0.0107197
  46 45.5 24.6782 0.010711
  47 46.5 24.703 0.0107218
  48 47.5 24.6939 0.0107178
  49 48.5 24.6745 0.0107094
  50 49.5 24.6962 0.0107189
  51 50.5 24.7133 0.0107263
  52 51.5 24.6921 0.0107171
  53 52.5 24.6698 0.0107074
  54 53.5 24.6477 0.0106978
  55 54.5 24.6695 0.0107072
  56 55.5 24.6387 0.0106939
  57 56.5 24.6281 0.0106893
  58 57.5 24.6333 0.0106915
  59 58.5 24.639 0.010694
  60 59.5 24.6302 0.0106902
  61 60.5 24.6213 0.0106863
  62 61.5 24.657 0.0107018
  63 62.5 24.6344 0.010692
  64 63.5 24.5873 0.0106716
  65 64.5 24.616 0.010684
  66 65.5 24.6432 0.0106958
  67 66.5 24.588 0.0106719
  68 67.5 24.5495 0.0106552
  69 68.5 24.5963 0.0106755
  70 69.5 24.5941 0.0106745
  71 70.5 24.5437 0.0106526
  72 71.5 24.5698 0.010664
  73 72.5 24.5621 0.0106606
  74 73.5 24.558 0.0106588
  75 74.5 24.563 0.010661
  76 75.5 24.5632 0.0106611
  77 76.5 24.5878 0.0106718
  78 77.5 24.5742 0.0106659
  79 78.5 24.5862 0.0106711
  80 79.5 24.6002 0.0106772
  81 80.5 24.5787 0.0106679
  82 81.5 24.5726 0.0106652
  83 82.5 24.5988 0.0106765
  84 83.5 24.593 0.010674
  85 84.5 24.6043 0.010679
  86 85.5 24.5886 0.0106722
  87 86.5 24.5786 0.0106678
  88 87.5 24.6127 0.0106826
  89 88.5 24.5776 0.0106674
  90 89.5 24.6012 0.0106776
  91 90.5 24.576 0.0106667
  92 91.5 24.5805 0.0106686
  93 92.5 24.525 0.0106445
  94 93.5 24.557 0.0106584
  95 94.5 24.562 0.0106606
  96 95.5 24.5626 0.0106608
  97 96.5 24.5278 0.0106457
  98 97.5 24.539 0.0106506
  99 98.5 24.5405 0.0106513
  100 99.5 24.5606 0.01066
  101 100.5 24.5215 0.010643
  102 101.5 24.5237 0.010644
  103 102.5 24.5517 0.0106561
  104 103.5 24.4991 0.0106333
  105 104.5 24.5185 0.0106417
  106 105.5 24.5234 0.0106438
  107 106.5 24.538 0.0106502
  108 107.5 24.4869 0.010628
  109 108.5 24.5067 0.0106366
  110 109.5 24.4964 0.0106321
  111 110.5 24.5132 0.0106394
  112 111.5 24.5039 0.0106354
  113 112.5 24.5008 0.010634
  114 113.5 24.5264 0.0106451
  115 114.5 24.5154 0.0106403
  116 115.5 24.5238 0.010644
  117 116.5 24.5267 0.0106453
  118 117.5 24.5258 0.0106449
  119 118.5 24.5049 0.0106358
  120 119.5 24.5208 0.0106427
  121 120.5 24.5224 0.0106434
  122 121.5 24.5379 0.0106501
  123 122.5 24.5287 0.0106461
  124 123.5 24.5176 0.0106413
  125 124.5 24.5418 0.0106518
  126 125.5 24.5399 0.010651
  127 126.5 24.5267 0.0106453
  128 127.5 24.5073 0.0106368
  129 128.5 24.5133 0.0106394
  130 129.5 24.5059 0.0106362
  131 130.5 24.4935 0.0106308
  132 131.5 24.5127 0.0106392
  133 132.5 24.5017 0.0106344
  134 133.5 24.464 0.0106181
  135 134.5 24.4585 0.0106157
  136 135.5 24.4613 0.0106169
  137 136.5 24.4172 0.0105978
  138 137.5 24.3586 0.0105723
  139 138.5 24.3675 0.0105762
  140 139.5 24.3381 0.0105634
  141 140.5 24.229 0.010516
  142 141.5 24.2315 0.0105171
  143 142.5 24.1952 0.0105014
  144 143.5 24.1244 0.0104707
  145 144.5 24.012 0.0104219
  146 145.5 23.941 0.0103911
  147 146.5 23.7884 0.0103248
  148 147.5 23.6783 0.010277
  149 148.5 23.5397 0.0102169
  150 149.5 23.3347 0.0101279
  151 150.5 23.0875 0.0100206
  152 151.5 22.8145 0.00990212
  153 152.5 22.5372 0.00978178
  154 153.5 22.1357 0.00960749
  155 154.5 21.6221 0.00938459
  156 155.5 21.0465 0.00913475
  157 156.5 20.2969 0.00880943
  158 157.5 19.3625 0.00840385
  159 158.5 18.1734 0.00788776
  160 159.5 16.6944 0.00724582
  161 160.5 14.9345 0.00648199
  162 161.5 12.9195 0.00560741
  163 162.5 10.7562 0.00466847
  164 163.5 8.59611 0.00373095
  165 164.5 6.57884 0.0028554
  166 165.5 4.82689 0.00209501
  167 166.5 3.45841 0.00150105
  168 167.5 2.43718 0.0010578
  169 168.5 1.71553 0.000744587
  170 169.5 1.231 0.00053429
  171 170.5 0.926764 0.000402241
  172 171.5 0.734558 0.000318819
  173 172.5 0.611348 0.000265342
  174 173.5 0.537346 0.000233223
  175 174.5 0.488744 0.000212128
  176 175.5 0.4605 0.00019987
  177 176.5 0.43454 0.000188602
  178 177.5 0.421296 0.000182854
  179 178.5 0.410748 0.000178276
  180 179.5 0.402024 0.00017449
  181 180.5 0.396374 0.000172037
  182 181.5 0.395878 0.000171822
  183 182.5 0.389226 0.000168935
  184 183.5 0.383758 0.000166562
  185 184.5 0.381632 0.000165639
  186 185.5 0.381794 0.000165709
  187 186.5 0.378608 0.000164326
  188 187.5 0.376796 0.00016354
  189 188.5 0.37475 0.000162652
  190 189.5 0.370204 0.000160679
  191 190.5 0.374216 0.00016242
  192 191.5 0.372672 0.00016175
  193 192.5 0.376558 0.000163437
  194 193.5 0.374932 0.000162731
  195 194.5 0.375368 0.00016292
  196 195.5 0.370962 0.000161008
  197 196.5 0.37084 0.000160955
  198 197.5 0.370876 0.00016097
  199 198.5 0.3726 0.000161719
  200 199.5 0.371596 0.000161283
  201 200.5 0.372456 0.000161656
  202 201.5 0.38085 0.000165299
  203 202.5 0.387452 0.000168165
  204 203.5 0.385388 0.000167269
  205 204.5 0.383904 0.000166625
  206 205.5 0.387554 0.000168209
  207 206.5 0.38773 0.000168286
  208 207.5 0.38344 0.000166424
  209 208.5 0.383436 0.000166422
  210 209.5 0.377394 0.000163799
  211 210.5 0.384502 0.000166885
  212 211.5 0.38926 0.00016895
  213 212.5 0.384956 0.000167082
  214 213.5 0.384526 0.000166895
  215 214.5 0.38624 0.000167639
  216 215.5 0.386088 0.000167573
  217 216.5 0.388254 0.000168513
  218 217.5 0.38568 0.000167396
  219 218.5 0.38702 0.000167977
  220 219.5 0.388952 0.000168816
  221 220.5 0.388006 0.000168405
  222 221.5 0.385748 0.000167425
  223 222.5 0.392806 0.000170489
  224 223.5 0.393084 0.000170609
  225 224.5 0.392694 0.00017044
  226 225.5 0.38213 0.000165855
  227 226.5 0.387474 0.000168174
  228 227.5 0.383616 0.0001665
  229 228.5 0.37945 0.000164692
  230 229.5 0.37636 0.000163351
  231 230.5 0.373482 0.000162102
  232 231.5 0.375424 0.000162944
  233 232.5 0.380832 0.000165292
  234 233.5 0.380394 0.000165102
  235 234.5 0.37822 0.000164158
  236 235.5 0.37919 0.000164579
  237 236.5 0.379758 0.000164826
  238 237.5 0.383716 0.000166543
  239 238.5 0.381192 0.000165448
  240 239.5 0.384464 0.000166868
  241 240.5 0.378056 0.000164087
  242 241.5 0.37062 0.000160859
  243 242.5 0.376046 0.000163214
  244 243.5 0.374338 0.000162473
  245 244.5 0.372852 0.000161828
  246 245.5 0.368652 0.000160005
  247 246.5 0.364818 0.000158341
  248 247.5 0.36045 0.000156445
  249 248.5 0.361012 0.000156689
  250 249.5 0.358946 0.000155793
  251 250.5 0.363282 0.000157674
  252 251.5 0.360562 0.000156494
  253 252.5 0.353528 0.000153441
  254 253.5 0.357286 0.000155072
  255 254.5 0.36087 0.000156628
  256 255.5 0.366144 0.000158917
  257 256.5 0.363118 0.000157603
  258 257.5 0.35863 0.000155655
  259 258.5 0.359348 0.000155967
  260 259.5 0.360728 0.000156566
  261 260.5 0.368018 0.00015973
  262 261.5 0.372926 0.00016186
  263 262.5 0.370852 0.00016096
  264 263.5 0.37326 0.000162005
  265 264.5 0.376018 0.000163202
  266 265.5 0.380668 0.00016522
  267 266.5 0.379922 0.000164897
  268 267.5 0.377916 0.000164026
  269 268.5 0.376022 0.000163204
  270 269.5 0.377484 0.000163839
  271 270.5 0.373862 0.000162266
  272 271.5 0.373778 0.00016223
  273 272.5 0.373318 0.00016203
  274 273.5 0.372362 0.000161615
  275 274.5 0.369156 0.000160224
  276 275.5 0.367168 0.000159361
  277 276.5 0.36192 0.000157083
  278 277.5 0.362584 0.000157372
  279 278.5 0.360864 0.000156625
  280 279.5 0.36591 0.000158815
  281 280.5 0.370116 0.000160641
  282 281.5 0.375776 0.000163097
  283 282.5 0.375114 0.00016281
  284 283.5 0.373522 0.000162119
  285 284.5 0.366194 0.000158938
  286 285.5 0.363278 0.000157673
  287 286.5 0.359626 0.000156088
  288 287.5 0.355334 0.000154225
  289 288.5 0.35346 0.000153411
  290 289.5 0.353312 0.000153347
  291 290.5 0.35409 0.000153685
  292 291.5 0.355978 0.000154504
  293 292.5 0.354986 0.000154074
  294 293.5 0.356752 0.00015484
  295 294.5 0.355038 0.000154096
  296 295.5 0.354894 0.000154034
  297 296.5 0.360078 0.000156284
  298 297.5 0.359834 0.000156178
  299 298.5 0.364502 0.000158204
  300 299.5 0.374508 0.000162547
  301 300.5 0.3735 0.000162109
  302 301.5 0.380808 0.000165281
  303 302.5 0.384416 0.000166847
  304 303.5 0.383702 0.000166537
  305 304.5 0.385878 0.000167482
  306 305.5 0.387668 0.000168259
  307 306.5 0.384838 0.00016703
  308 307.5 0.391176 0.000169781
  309 308.5 0.393314 0.000170709
  310 309.5 0.397184 0.000172389
  311 310.5 0.410336 0.000178097
  312 311.5 0.425188 0.000184543
  313 312.5 0.448724 0.000194759
  314 313.5 0.48059 0.000208589
  315 314.5 0.527192 0.000228816
  316 315.5 0.58828 0.00025533
  317 316.5 0.695332 0.000301793
  318 317.5 0.867194 0.000376386
  319 318.5 1.12296 0.000487398
  320 319.5 1.50224 0.000652015
  321 320.5 2.0414 0.000886023
  322 321.5 2.76167 0.00119864
  323 322.5 3.66636 0.0015913
  324 323.5 4.72905 0.00205254
  325 324.5 5.85799 0.00254253
  326 325.5 6.94905 0.00301608
  327 326.5 7.91807 0.00343666
  328 327.5 8.65102 0.00375478
  329 328.5 9.10923 0.00395366
  330 329.5 9.27504 0.00402562
  331 330.5 9.22042 0.00400192
  332 331.5 9.01622 0.00391329
  333 332.5 8.69371 0.00377331
  334 333.5 8.28333 0.00359519
  335 334.5 7.88709 0.00342322
  336 335.5 7.48905 0.00325045
  337 336.5 7.09884 0.00308109
  338 337.5 6.73661 0.00292388
  339 338.5 6.4383 0.0027944
  340 339.5 6.15479 0.00267135
  341 340.5 5.87879 0.00255156
  342 341.5 5.65243 0.00245331
  343 342.5 5.46363 0.00237137
  344 343.5 5.31164 0.0023054
  345 344.5 5.15333 0.00223669
  346 345.5 5.01454 0.00217645
  347 346.5 4.92989 0.00213971
  348 347.5 4.85275 0.00210623
  349 348.5 4.77316 0.00207168
  350 349.5 4.70732 0.00204311
  351 350.5 4.66577 0.00202507
  352 351.5 4.61939 0.00200494
  353 352.5 4.58205 0.00198874
  354 353.5 4.54567 0.00197295
  355 354.5 4.50478 0.0019552
  356 355.5 4.49298 0.00195008
  357 356.5 4.46866 0.00193952
  358 357.5 4.44634 0.00192983
  359 358.5 4.45731 0.0019346
  360 359.5 4.45264 0.00193257
  361 360.5 4.44479 0.00192916
  362 361.5 4.44564 0.00192953
  363 362.5 4.43872 0.00192653
  364 363.5 4.44296 0.00192837
  365 364.5 4.42332 0.00191984
  366 365.5 4.4046 0.00191172
  367 366.5 4.40734 0.00191291
  368 367.5 4.40848 0.0019134
  369 368.5 4.3817 0.00190178
  370 369.5 4.38417 0.00190285
  371 370.5 4.36356 0.00189391
  372 371.5 4.35788 0.00189144
  373 372.5 4.3669 0.00189536
  374 373.5 4.35722 0.00189116
  375 374.5 4.34451 0.00188564
  376 375.5 4.34631 0.00188642
  377 376.5 4.34468 0.00188571
  378 377.5 4.35074 0.00188834
  379 378.5 4.35814 0.00189155
  380 379.5 4.34612 0.00188634
  381 380.5 4.3411 0.00188416
  382 381.5 4.34254 0.00188478
  383 382.5 4.35911 0.00189197
  384 383.5 4.34153 0.00188435
  385 384.5 4.35059 0.00188828
  386 385.5 4.3641 0.00189414
  387 386.5 4.35963 0.0018922
  388 387.5 4.34691 0.00188668
  389 388.5 4.34575 0.00188618
  390 389.5 4.35168 0.00188875
  391 390.5 4.34684 0.00188665
  392 391.5 4.34988 0.00188797
  393 392.5 4.37198 0.00189756
  394 393.5 4.38484 0.00190314
  395 394.5 4.37344 0.00189819
  396 395.5 4.37595 0.00189928
  397 396.5 4.38681 0.001904
  398 397.5 4.39549 0.00190777
  399 398.5 4.39588 0.00190794
  400 399.5 4.40517 0.00191196
  401 400.5 4.40611 0.00191238
  402 401.5 4.41144 0.00191469
  403 402.5 4.40832 0.00191333
  404 403.5 4.41718 0.00191718
  405 404.5 4.43077 0.00192308
  406 405.5 4.42403 0.00192015
  407 406.5 4.4282 0.00192196
  408 407.5 4.42375 0.00192003
  409 408.5 4.41835 0.00191769
  410 409.5 4.42947 0.00192251
  411 410.5 4.42727 0.00192156
  412 411.5 4.42532 0.00192071
  413 412.5 4.41931 0.0019181
  414 413.5 4.41385 0.00191573
  415 414.5 4.43169 0.00192348
  416 415.5 4.43467 0.00192477
  417 416.5 4.42878 0.00192221
  418 417.5 4.42873 0.00192219
  419 418.5 4.43192 0.00192358
  420 419.5 4.42079 0.00191875
  421 420.5 4.40996 0.00191405
  422 421.5 4.41844 0.00191772
  423 422.5 4.40563 0.00191217
  424 423.5 4.40712 0.00191281
  425 424.5 4.40628 0.00191245
  426 425.5 4.39814 0.00190891
  427 426.5 4.41075 0.00191439
  428 427.5 4.41235 0.00191508
  429 428.5 4.39441 0.00190729
  430 429.5 4.38029 0.00190117
  431 430.5 4.39905 0.00190931
  432 431.5 4.40889 0.00191358
  433 432.5 4.41009 0.0019141
  434 433.5 4.41292 0.00191533
  435 434.5 4.41186 0.00191487
  436 435.5 4.41428 0.00191592
  437 436.5 4.40866 0.00191348
  438 437.5 4.41336 0.00191552
  439 438.5 4.39954 0.00190952
  440 439.5 4.3867 0.00190395
  441 440.5 4.38425 0.00190289
  442 441.5 4.39518 0.00190763
  443 442.5 4.38233 0.00190205
  444 443.5 4.39376 0.00190702
  445 444.5 4.39591 0.00190795
  446 445.5 4.3851 0.00190326
  447 446.5 4.37825 0.00190028
  448 447.5 4.3814 0.00190165
  449 448.5 4.38524 0.00190331
  450 449.5 4.40335 0.00191117
  451 450.5 4.41896 0.00191795
  452 451.5 4.45521 0.00193368
  453 452.5 4.49089 0.00194917
  454 453.5 4.51928 0.00196149
  455 454.5 4.55199 0.00197569
  456 455.5 4.6054 0.00199887
  457 456.5 4.65039 0.0020184
  458 457.5 4.73344 0.00205444
  459 458.5 4.82264 0.00209316
  460 459.5 4.90132 0.00212731
  461 460.5 5.00697 0.00217316
  462 461.5 5.14218 0.00223185
  463 462.5 5.31038 0.00230485
  464 463.5 5.48724 0.00238162
  465 464.5 5.71414 0.00248009
  466 465.5 5.98298 0.00259678
  467 466.5 6.26722 0.00272015
  468 467.5 6.60073 0.0028649
  469 468.5 7.00343 0.00303968
  470 469.5 7.43711 0.00322791
  471 470.5 7.95747 0.00345376
  472 471.5 8.51403 0.00369532
  473 472.5 9.1349 0.0039648
  474 473.5 9.76631 0.00423885
  475 474.5 10.4979 0.00455638
  476 475.5 11.2587 0.0048866
  477 476.5 12.0142 0.00521449
  478 477.5 12.8341 0.00557037
  479 478.5 13.6472 0.00592325
  480 479.5 14.472 0.00628125
30000000 480 4785.000000000006
  1 0.5 16.9554 0.00735912
  2 1.5 17.727 0.007694
  3 2.5 18.4426 0.00800461
  4 3.5 19.139 0.00830687
  5 4.5 19.7901 0.00858947
  6 5.5 20.3844 0.0088474
  7 6.5 20.9249 0.009082
  8 7.5 21.4048 0.00929029
  9 8.5 21.8374 0.00947802
  10 9.5 22.2372 0.00965157
  11 10.5 22.5776 0.00979929
  12 11.5 22.8683 0.00992546
  13 12.5 23.1389 0.0100429
  14 13.5 23.3596 0.0101387
  15 14.5 23.5255 0.0102107
  16 15.5 23.7105 0.010291
  17 16.5 23.847 0.0103503
  18 17.5 23.9809 0.0104084
  19 18.5 24.0578 0.0104418
  20 19.5 24.162 0.010487
  21 20.5 24.1779 0.0104939
  22 21.5 24.2482 0.0105244
  23 22.5 24.3111 0.0105517
  24 23.5 24.3253 0.0105578
  25 24.5 24.3612 0.0105735
  26 25.5 24.3708 0.0105776
  27 26.5 24.3937 0.0105876
  28 27.5 24.417 0.0105977
  29 28.5 24.4662 0.010619
  30 29.5 24.459 0.0106159
  31 30.5 24.4403 0.0106078
  32 31.5 24.4918 0.0106301
  33 32.5 24.5043 0.0106355
  34 33.5 24.4786 0.0106244
  35 34.5 24.4833 0.0106264
  36 35.5 24.5074 0.0106369
  37 36.5 24.529 0.0106463
  38 37.5 24.4927 0.0106305
  39 38.5 24.4792 0.0106246
  40 39.5 24.5121 0.0106389
  41 40.5 24.5366 0.0106496
  42 41.5 24.5017 0.0106344
  43 42.5 24.4983 0.0106329
  44 43.5 24.516 0.0106406
  45 44.5 24.5042 0.0106355
  46 45.5 24.4837 0.0106266
  47 46.5 24.501 0.0106341
  48 47.5 24.5367 0.0106496
  49 48.5 24.5291 0.0106463
  50 49.5 24.4849 0.0106271
  51 50.5 24.5186 0.0106418
  52 51.5 24.4987 0.0106331
  53 52.5 24.5109 0.0106384
  54 53.5 24.4785 0.0106244
  55 54.5 24.513 0.0106393
  56 55.5 24.4829 0.0106263
  57 56.5 24.5052 0.0106359
  58 57.5 24.5002 0.0106338
  59 58.5 24.4938 0.010631
  60 59.5 24.4815 0.0106256
  61 60.5 24.4941 0.0106311
  62 61.5 24.4857 0.0106275
  63 62.5 24.4794 0.0106247
  64 63.5 24.5119 0.0106388
  65 64.5 24.5082 0.0106372
  66 65.5 24.4976 0.0106326
  67 66.5 24.494 0.0106311
  68 67.5 24.5147 0.01064
  69 68.5 24.5389 0.0106506
  70 69.5 24.5232 0.0106437
  71 70.5 24.5055 0.0106361
  72 71.5 24.5038 0.0106353
  73 72.5 24.5505 0.0106556
  74 73.5 24.5527 0.0106566
  75 74.5 24.5158 0.0106405
  76 75.5 24.5343 0.0106486
  77 76.5 24.544 0.0106528
  78 77.5 24.5555 0.0106578
  79 78.5 24.5297 0.0106466
  80 79.5 24.5679 0.0106631
  81 80.5 24.5529 0.0106566
  82 81.5 24.5662 0.0106624
  83 82.5 24.5568 0.0106583
  84 83.5 24.5691 0.0106637
  85 84.5 24.576 0.0106667
  86 85.5 24.536 0.0106493
  87 86.5 24.5554 0.0106577
  88 87.5 24.5423 0.010652
  89 88.5 24.5588 0.0106592
  90 89.5 24.56 0.0106597
  91 90.5 24.5231 0.0106437
  92 91.5 24.5142 0.0106398
  93 92.5 24.5329 0.010648
  94 93.5 24.5395 0.0106508
  95 94.5 24.5321 0.0106476
  96 95.5 24.5286 0.0106461
  97 96.5 24.5298 0.0106466
  98 97.5 24.5041 0.0106354
  99 98.5 24.487 0.010628
  100 99.5 24.5419 0.0106519
  101 100.5 24.506 0.0106363
  102 101.5 24.4864 0.0106278
  103 102.5 24.4999 0.0106336
  104 103.5 24.5444 0.010653
  105 104.5 24.5061 0.0106363
  106 105.5 24.5278 0.0106458
  107 106.5 24.5004 0.0106339
  108 107.5 24.5162 0.0106407
  109 108.5 24.4912 0.0106299
  110 109.5 24.507 0.0106367
  111 110.5 24.4804 0.0106252
  112 111.5 24.5221 0.0106433
  113 112.5 24.5245 0.0106443
  114 113.5 24.5084 0.0106373
  115 114.5 24.5329 0.0106479
  116 115.5 24.5537 0.010657
  117 116.5 24.5388 0.0106505
  118 117.5 24.5334 0.0106482
  119 118.5 24.5572 0.0106585
  120 119.5 24.5689 0.0106636
  121 120.5 24.5408 0.0106514
  122 121.5 24.5496 0.0106552
  123 122.5 24.575 0.0106662
  124 123.5 24.546 0.0106536
  125 124.5 24.5404 0.0106512
  126 125.5 24.5613 0.0106603
  127 126.5 24.5556 0.0106578
  128 127.5 24.5176 0.0106413
  129 128.5 24.4673 0.0106195
  130 129.5 24.4891 0.010629
  131 130.5 24.4999 0.0106336
  132 131.5 24.5032 0.0106351
  133 132.5 24.4334 0.0106048
  134 133.5 24.4399 0.0106076
  135 134.5 24.4781 0.0106242
  136 135.5 24.411 0.0105951
  137 136.5 24.3585 0.0105723
  138 137.5 24.3777 0.0105806
  139 138.5 24.3713 0.0105778
  140 139.5 24.3029 0.0105481
  141 140.5 24.2498 0.0105251
  142 141.5 24.2083 0.0105071
  143 142.5 24.1588 0.0104856
  144 143.5 24.0824 0.0104524
  145 144.5 23.9792 0.0104077
  146 145.5 23.8597 0.0103558
  147 146.5 23.7596 0.0103123
  148 147.5 23.6359 0.0102586
  149 148.5 23.3948 0.010154
  150 149.5 23.2047 0.0100715
  151 150.5 22.9963 0.00998105
  152 151.5 22.6619 0.00983588
  153 152.5 22.2483 0.00965639
  154 153.5 21.8289 0.00947436
  155 154.5 21.2671 0.00923049
  156 155.5 20.5916 0.00893731
  157 156.5 19.7084 0.00855398
  158 157.5 18.6098 0.00807718
  159 158.5 17.2186 0.00747334
  160 159.5 15.5556 0.00675154
  161 160.5 13.6218 0.00591223
  162 161.5 11.4979 0.00499042
  163 162.5 9.3258 0.00404766
  164 163.5 7.2532 0.00314809
  165 164.5 5.43927 0.00236079
  166 165.5 3.94997 0.0017144
  167 166.5 2.80564 0.00121773
  168 167.5 1.9839 0.000861067
  169 168.5 1.42182 0.000617109
  170 169.5 1.04841 0.00045504
  171 170.5 0.81604 0.000354184
  172 171.5 0.66247 0.00028753
  173 172.5 0.565488 0.000245437
  174 173.5 0.501506 0.000217668
  175 174.5 0.463244 0.000201061
  176 175.5 0.428862 0.000186138
  177 176.5 0.40762 0.000176918
  178 177.5 0.397434 0.000172497
  179 178.5 0.39156 0.000169948
  180 179.5 0.384712 0.000166976
  181 180.5 0.379296 0.000164625
  182 181.5 0.371982 0.000161451
  183 182.5 0.368882 0.000160105
  184 183.5 0.367914 0.000159685
  185 184.5 0.366012 0.000158859
  186 185.5 0.363392 0.000157722
  187 186.5 0.356324 0.000154655
  188 187.5 0.35014 0.00015197
  189 188.5 0.349016 0.000151483
  190 189.5 0.343464 0.000149073
  191 190.5 0.339476 0.000147342
  192 191.5 0.335572 0.000145648
  193 192.5 0.33411 0.000145013
  194 193.5 0.333692 0.000144832
  195 194.5 0.340514 0.000147793
  196 195.5 0.344472 0.00014951
  197 196.5 0.33985 0.000147504
  198 197.5 0.337958 0.000146683
  199 198.5 0.33726 0.00014638
  200 199.5 0.337358 0.000146423
  201 200.5 0.339756 0.000147464
  202 201.5 0.340626 0.000147841
  203 202.5 0.336422 0.000146016
  204 203.5 0.335312 0.000145535
  205 204.5 0.332254 0.000144207
  206 205.5 0.332698 0.0001444
  207 206.5 0.333172 0.000144606
  208 207.5 0.333628 0.000144804
  209 208.5 0.329704 0.000143101
  210 209.5 0.333806 0.000144881
  211 210.5 0.33088 0.000143611
  212 211.5 0.33393 0.000144935
  213 212.5 0.336964 0.000146252
  214 213.5 0.339818 0.00014749
  215 214.5 0.347056 0.000150632
  216 215.5 0.352416 0.000152958
  217 216.5 0.356118 0.000154565
  218 217.5 0.356106 0.00015456
  219 218.5 0.357412 0.000155127
  220 219.5 0.358248 0.00015549
  221 220.5 0.358574 0.000155631
  222 221.5 0.358826 0.00015574
  223 222.5 0.36627 0.000158971
  224 223.5 0.366744 0.000159177
  225 224.5 0.365284 0.000158543
  226 225.5 0.36463 0.00015826
  227 226.5 0.369936 0.000160563
  228 227.5 0.373236 0.000161995
  229 228.5 0.376188 0.000163276
  230 229.5 0.377954 0.000164043
  231 230.5 0.375858 0.000163133
  232 231.5 0.37473 0.000162643
  233 232.5 0.37195 0.000161437
  234 233.5 0.37022 0.000160686
  235 234.5 0.370828 0.00016095
  236 235.5 0.378368 0.000164222
  237 236.5 0.381156 0.000165432
  238 237.5 0.380046 0.000164951
  239 238.5 0.37717 0.000163702
  240 239.5 0.378302 0.000164194
  241 240.5 0.376282 0.000163317
  242 241.5 0.369024 0.000160167
  243 242.5 0.375538 0.000162994
  244 243.5 0.375884 0.000163144
  245 244.5 0.375776 0.000163097
  246 245.5 0.373998 0.000162326
  247 246.5 0.378328 0.000164205
  248 247.5 0.381386 0.000165532
  249 248.5 0.378148 0.000164127
  250 249.5 0.372408 0.000161635
  251 250.5 0.371582 0.000161277
  252 251.5 0.372306 0.000161591
  253 252.5 0.375658 0.000163046
  254 253.5 0.379482 0.000164706
  255 254.5 0.38222 0.000165894
  256 255.5 0.385362 0.000167258
  257 256.5 0.387274 0.000168088
  258 257.5 0.392564 0.000170384
  259 258.5 0.405806 0.000176131
  260 259.5 0.404448 0.000175542
  261 260.5 0.394736 0.000171326
  262 261.5 0.394072 0.000171038
  263 262.5 0.386408 0.000167712
  264 263.5 0.391398 0.000169878
  265 264.5 0.38903 0.00016885
  266 265.5 0.386106 0.000167581
  267 266.5 0.383034 0.000166247
  268 267.5 0.385004 0.000167102
  269 268.5 0.38222 0.000165894
  270 269.5 0.380588 0.000165186
  271 270.5 0.37663 0.000163468
  272 271.5 0.3771 0.000163672
  273 272.5 0.381182 0.000165444
  274 273.5 0.37104 0.000161042
  275 274.5 0.375618 0.000163029
  276 275.5 0.36935 0.000160308
  277 276.5 0.36757 0.000159536
  278 277.5 0.368322 0.000159862
  279 278.5 0.368826 0.000160081
  280 279.5 0.363876 0.000157932
  281 280.5 0.362016 0.000157125
  282 281.5 0.365466 0.000158622
  283 282.5 0.367312 0.000159424
  284 283.5 0.368002 0.000159723
  285 284.5 0.367898 0.000159678
  286 285.5 0.366808 0.000159205
  287 286.5 0.365786 0.000158761
  288 287.5 0.366216 0.000158948
  289 288.5 0.364428 0.000158172
  290 289.5 0.365314 0.000158556
  291 290.5 0.365588 0.000158675
  292 291.5 0.365334 0.000158565
  293 292.5 0.363204 0.000157641
  294 293.5 0.360174 0.000156326
  295 294.5 0.361764 0.000157016
  296 295.5 0.359268 0.000155932
  297 296.5 0.355152 0.000154146
  298 297.5 0.351804 0.000152693
  299 298.5 0.349986 0.000151904
  300 299.5 0.353106 0.000153258
  301 300.5 0.35026 0.000152023
  302 301.5 0.34683 0.000150534
  303 302.5 0.352554 0.000153018
  304 303.5 0.357712 0.000155257
  305 304.5 0.36295 0.00015753
  306 305.5 0.371418 0.000161206
  307 306.5 0.373902 0.000162284
  308 307.5 0.39015 0.000169336
  309 308.5 0.400198 0.000173697
  310 309.5 0.405308 0.000175915
  311 310.5 0.413166 0.000179326
  312 311.5 0.437428 0.000189856
  313 312.5 0.467232 0.000202792
  314 313.5 0.515996 0.000223957
  315 314.5 0.58749 0.000254987
  316 315.5 0.69066 0.000299766
  317 316.5 0.837502 0.000363499
  318 317.5 1.07254 0.000465513
  319 318.5 1.41847 0.000615657
  320 319.5 1.90554 0.000827058
  321 320.5 2.5778 0.00111884
  322 321.5 3.41752 0.0014833
  323 322.5 4.41557 0.00191648
  324 323.5 5.48206 0.00237937
  325 324.5 6.527 0.0028329
  326 325.5 7.45669 0.00323641
  327 326.5 8.15742 0.00354055
  328 327.5 8.58801 0.00372743
  329 328.5 8.75079 0.00379809
  330 329.5 8.70545 0.00377841
  331 330.5 8.45685 0.00367051
  332 331.5 8.12287 0.00352555
  333 332.5 7.74107 0.00335984
  334 333.5 7.33949 0.00318554
  335 334.5 6.93127 0.00300836
  336 335.5 6.5553 0.00284518
  337 336.5 6.2247 0.00270169
  338 337.5 5.93499 0.00257595
  339 338.5 5.67732 0.00246412
  340 339.5 5.43863 0.00236052
  341 340.5 5.24958 0.00227847
  342 341.5 5.09101 0.00220964
  343 342.5 4.94601 0.00214671
  344 343.5 4.82681 0.00209497
  345 344.5 4.734 0.00205469
  346 345.5 4.66986 0.00202685
  347 346.5 4.59292 0.00199345
  348 347.5 4.53213 0.00196707
  349 348.5 4.47612 0.00194276
  350 349.5 4.44524 0.00192936
  351 350.5 4.41723 0.0019172
  352 351.5 4.39119 0.0019059
  353 352.5 4.3613 0.00189293
  354 353.5 4.3398 0.00188359
  355 354.5 4.3193 0.0018747
  356 355.5 4.3147 0.0018727
  357 356.5 4.28608 0.00186028
  358 357.5 4.27831 0.0018569
  359 358.5 4.26259 0.00185008
  360 359.5 4.26756 0.00185224
  361 360.5 4.25779 0.001848
  362 361.5 4.25843 0.00184828
  363 362.5 4.25764 0.00184793
  364 363.5 4.23778 0.00183931
  365 364.5 4.24271 0.00184145
  366 365.5 4.25543 0.00184697
  367 366.5 4.24959 0.00184444
  368 367.5 4.259 0.00184852
  369 368.5 4.24317 0.00184166
  370 369.5 4.23807 0.00183944
  371 370.5 4.2479 0.0018437
  372 371.5 4.2481 0.00184379
  373 372.5 4.24769 0.00184361
  374 373.5 4.26194 0.0018498
  375 374.5 4.24316 0.00184165
  376 375.5 4.25493 0.00184676
  377 376.5 4.25041 0.0018448
  378 377.5 4.25153 0.00184528
  379 378.5 4.24814 0.00184381
  380 379.5 4.2627 0.00185013
  381 380.5 4.26687 0.00185194
  382 381.5 4.2659 0.00185152
  383 382.5 4.26731 0.00185213
  384 383.5 4.27772 0.00185665
  385 384.5 4.28503 0.00185982
  386 385.5 4.27766 0.00185662
  387 386.5 4.29148 0.00186262
  388 387.5 4.29604 0.0018646
  389 388.5 4.28145 0.00185827
  390 389.5 4.28968 0.00186184
  391 390.5 4.28279 0.00185885
  392 391.5 4.27795 0.00185675
  393 392.5 4.28113 0.00185813
  394 393.5 4.284 0.00185937
  395 394.5 4.26873 0.00185275
  396 395.5 4.27112 0.00185378
  397 396.5 4.2747 0.00185534
  398 397.5 4.25867 0.00184838
  399 398.5 4.26904 0.00185288
  400 399.5 4.26758 0.00185225
  401 400.5 4.2624 0.00185
  402 401.5 4.25809 0.00184813
  403 402.5 4.2566 0.00184748
  404 403.5 4.26792 0.0018524
  405 404.5 4.26904 0.00185288
  406 405.5 4.26474 0.00185101
  407 406.5 4.25696 0.00184764
  408 407.5 4.27173 0.00185405
  409 408.5 4.27492 0.00185543
  410 409.5 4.26411 0.00185074
  411 410.5 4.28217 0.00185858
  412 411.5 4.27379 0.00185495
  413 412.5 4.28082 0.00185799
  414 413.5 4.28433 0.00185952
  415 414.5 4.27211 0.00185421
  416 415.5 4.27746 0.00185654
  417 416.5 4.28541 0.00185999
  418 417.5 4.29121 0.00186251
  419 418.5 4.29941 0.00186606
  420 419.5 4.29414 0.00186377
  421 420.5 4.32742 0.00187822
  422 421.5 4.31435 0.00187255
  423 422.5 4.30693 0.00186933
  424 423.5 4.32045 0.00187519
  425 424.5 4.3211 0.00187548
  426 425.5 4.32126 0.00187555
  427 426.5 4.31578 0.00187317
  428 427.5 4.31531 0.00187296
  429 428.5 4.32576 0.0018775
  430 429.5 4.32648 0.00187781
  431 430.5 4.32988 0.00187929
  432 431.5 4.33143 0.00187996
  433 432.5 4.34015 0.00188375
  434 433.5 4.33092 0.00187974
  435 434.5 4.33622 0.00188204
  436 435.5 4.32291 0.00187626
  437 436.5 4.32735 0.00187819
  438 437.5 4.33937 0.00188341
  439 438.5 4.34517 0.00188593
  440 439.5 4.33313 0.0018807
  441 440.5 4.34443 0.00188561
  442 441.5 4.35087 0.0018884
  443 442.5 4.34051 0.0018839
  444 443.5 4.34721 0.00188681
  445 444.5 4.3637 0.00189397
  446 445.5 4.36763 0.00189567
  447 446.5 4.38266 0.0019022
  448 447.5 4.4019 0.00191055
  449 448.5 4.42831 0.00192201
  450 449.5 4.46253 0.00193686
  451 450.5 4.48611 0.00194709
  452 451.5 4.52369 0.00196341
  453 452.5 4.56245 0.00198023
  454 453.5 4.61566 0.00200333
  455 454.5 4.67385 0.00202858
  456 455.5 4.75372 0.00206325
  457 456.5 4.84365 0.00210228
  458 457.5 4.96303 0.00215409
  459 458.5 5.08362 0.00220643
  460 459.5 5.23166 0.00227069
  461 460.5 5.40574 0.00234624
  462 461.5 5.59761 0.00242952
  463 462.5 5.80849 0.00252105
  464 463.5 6.10494 0.00264971
  465 464.5 6.40508 0.00277998
  466 465.5 6.75753 0.00293295
  467 466.5 7.16034 0.00310779
  468 467.5 7.6088 0.00330243
  469 468.5 8.10461 0.00351763
  470 469.5 8.67092 0.00376342
  471 470.5 9.25901 0.00401867
  472 471.5 9.8841 0.00428997
  473 472.5 10.6107 0.00460535
  474 473.5 11.3626 0.0049317
  475 474.5 12.1095 0.00525587
  476 475.5 12.9039 0.00560063
  477 476.5 13.7285 0.00595854
  478 477.5 14.5322 0.00630737
  479 478.5 15.3395 0.00665777
  480 479.5 16.169 0.0070178
40000000 480 4784.999999999997
  1 0.5 16.0251 0.00695535
  2 1.5 16.8962 0.00733341
  3 2.5 17.6831 0.00767494
  4 3.5 18.4517 0.00800853
  5 4.5 19.1854 0.00832701
  6 5.5 19.8573 0.00861861
  7 6.5 20.49 0.00889324
  8 7.5 21.0087 0.00911837
  9 8.5 21.4547 0.00931193
  10 9.5 21.9054 0.00950757
  11 10.5 22.3233 0.00968891
  12 11.5 22.6183 0.00981698
  13 12.5 22.9018 0.00994002
  14 13.5 23.1431 0.0100447
  15 14.5 23.3774 0.0101464
  16 15.5 23.5168 0.0102069
  17 16.5 23.7038 0.0102881
  18 17.5 23.8727 0.0103614
  19 18.5 23.95 0.010395
  20 19.5 24.0824 0.0104524
  21 20.5 24.1742 0.0104923
  22 21.5 24.2305 0.0105167
  23 22.5 24.261 0.0105299
  24 23.5 24.3468 0.0105672
  25 24.5 24.4076 0.0105936
  26 25.5 24.4101 0.0105946
  27 26.5 24.4435 0.0106091
  28 27.5 24.467 0.0106194
  29 28.5 24.5057 0.0106361
  30 29.5 24.53 0.0106467
  31 30.5 24.5497 0.0106552
  32 31.5 24.583 0.0106697
  33 32.5 24.6215 0.0106864
  34 33.5 24.615 0.0106836
  35 34.5 24.6498 0.0106987
  36 35.5 24.6446 0.0106964
  37 36.5 24.6877 0.0107151
  38 37.5 24.7027 0.0107216
  39 38.5 24.652 0.0106996
  40 39.5 24.6451 0.0106967
  41 40.5 24.7216 0.0107299
  42 41.5 24.7123 0.0107258
  43 42.5 24.6775 0.0107107
  44 43.5 24.717 0.0107279
  45 44.5 24.7137 0.0107264
  46 45.5 24.7058 0.010723
  47 46.5 24.6948 0.0107182
  48 47.5 24.6817 0.0107125
  49 48.5 24.6651 0.0107053
  50 49.5 24.6714 0.0107081
  51 50.5 24.6867 0.0107147
  52 51.5 24.6682 0.0107067
  53 52.5 24.6644 0.010705
  54 53.5 24.6726 0.0107086
  55 54.5 24.6715 0.0107081
  56 55.5 24.6177 0.0106848
  57 56.5 24.6582 0.0107023
  58 57.5 24.6395 0.0106942
  59 58.5 24.6365 0.0106929
  60 59.5 24.6063 0.0106798
  61 60.5 24.6476 0.0106978
  62 61.5 24.6413 0.010695
  63 62.5 24.5887 0.0106722
  64 63.5 24.5994 0.0106768
  65 64.5 24.6209 0.0106861
  66 65.5 24.604 0.0106788
  67 66.5 24.6369 0.0106931
  68 67.5 24.6025 0.0106782
  69 68.5 24.5931 0.0106741
  70 69.5 24.6016 0.0106778
  71 70.5 24.629 0.0106897
  72 71.5 24.5961 0.0106754
  73 72.5 24.5956 0.0106752
  74 73.5 24.5904 0.0106729
  75 74.5 24.6189 0.0106853
  76 75.5 24.5975 0.010676
  77 76.5 24.5922 0.0106737
  78 77.5 24.5954 0.0106751
  79 78.5 24.5988 0.0106766
  80 79.5 24.5891 0.0106724
  81 80.5 24.6089 0.0106809
  82 81.5 24.6 0.0106771
  83 82.5 24.5865 0.0106712
  84 83.5 24.6063 0.0106798
  85 84.5 24.6324 0.0106912
  86 85.5 24.5653 0.010662
  87 86.5 24.5702 0.0106642
  88 87.5 24.5968 0.0106757
  89 88.5 24.5581 0.0106589
  90 89.5 24.5256 0.0106448
  91 90.5 24.5442 0.0106529
  92 91.5 24.5359 0.0106493
  93 92.5 24.5093 0.0106377
  94 93.5 24.5339 0.0106484
  95 94.5 24.5385 0.0106504
  96 95.5 24.5683 0.0106633
  97 96.5 24.5815 0.0106691
  98 97.5 24.5431 0.0106524
  99 98.5 24.5639 0.0106614
  100 99.5 24.5801 0.0106685
  101 100.5 24.5794 0.0106681
  102 101.5 24.5388 0.0106505
  103 102.5 24.5633 0.0106611
  104 103.5 24.5955 0.0106751
  105 104.5 24.5872 0.0106715
  106 105.5 24.5816 0.0106691
  107 106.5 24.5784 0.0106677
  108 107.5 24.5859 0.010671
  109 108.5 24.5849 0.0106705
  110 109.5 24.5801 0.0106685
  111 110.5 24.6334 0.0106916
  112 111.5 24.6177 0.0106848
  113 112.5 24.5916 0.0106734
  114 113.5 24.5772 0.0106672
  115 114.5 24.6363 0.0106928
  116 115.5 24.6083 0.0106807
  117 116.5 24.6145 0.0106834
  118 117.5 24.6384 0.0106937
  119 118.5 24.6781 0.010711
  120 119.5 24.6262 0.0106884
  121 120.5 24.6524 0.0106998
  122 121.5 24.6348 0.0106922
  123 122.5 24.6331 0.0106915
  124 123.5 24.6292 0.0106898
  125 124.5 24.623 0.0106871
  126 125.5 24.6108 0.0106818
  127 126.5 24.6259 0.0106883
  128 127.5 24.6351 0.0106923
  129 128.5 24.5979 0.0106762
  130 129.5 24.6075 0.0106804
  131 130.5 24.6341 0.0106919
  132 131.5 24.616 0.010684
  133 132.5 24.5845 0.0106704
  134 133.5 24.5873 0.0106716
  135 134.5 24.5942 0.0106746
  136 135.5 24.5169 0.010641
  137 136.5 24.5253 0.0106447
  138 137.5 24.5234 0.0106438
  139 138.5 24.4745 0.0106226
  140 139.5 24.4031 0.0105916
  141 140.5 24.431 0.0106037
  142 141.5 24.353 0.0105699
  143 142.5 24.2651 0.0105317
  144 143.5 24.2055 0.0105059
  145 144.5 24.1262 0.0104715
  146 145.5 24.0009 0.010417
  147 146.5 23.8655 0.0103583
  148 147.5 23.7316 0.0103002
  149 148.5 23.5642 0.0102275
  150 149.5 23.3685 0.0101426
  151 150.5 23.1085 0.0100297
  152 151.5 22.8299 0.00990879
  153 152.5 22.5407 0.00978328
  154 153.5 22.1393 0.00960909
  155 154.5 21.6302 0.00938811
  156 155.5 21.0574 0.00913948
  157 156.5 20.3591 0.00883642
  158 157.5 19.4598 0.00844608
  159 158.5 18.3146 0.00794903
  160 159.5 16.8994 0.00733483
  161 160.5 15.2073 0.00660041
  162 161.5 13.2341 0.00574396
  163 162.5 11.0818 0.00480983
  164 163.5 8.9254 0.00387387
  165 164.5 6.86676 0.00298036
  166 165.5 5.08893 0.00220874
  167 166.5 3.64622 0.00158256
  168 167.5 2.5713 0.00111601
  169 168.5 1.82225 0.000790905
  170 169.5 1.30422 0.000566067
  171 170.5 0.970258 0.000421119
  172 171.5 0.753564 0.000327068
  173 172.5 0.627478 0.000272343
  174 173.5 0.551336 0.000239295
  175 174.5 0.495836 0.000215207
  176 175.5 0.46075 0.000199978
  177 176.5 0.438554 0.000190345
  178 177.5 0.4306 0.000186892
  179 178.5 0.419612 0.000182123
  180 179.5 0.416464 0.000180757
  181 180.5 0.415608 0.000180385
  182 181.5 0.406558 0.000176457
  183 182.5 0.400184 0.000173691
  184 183.5 0.399172 0.000173252
  185 184.5 0.398736 0.000173063
  186 185.5 0.401608 0.000174309
  187 186.5 0.398196 0.000172828
  188 187.5 0.389008 0.00016884
  189 188.5 0.38958 0.000169089
  190 189.5 0.39002 0.00016928
  191 190.5 0.392656 0.000170424
  192 191.5 0.391162 0.000169775
  193 192.5 0.39698 0.0001723
  194 193.5 0.4014 0.000174219
  195 194.5 0.394342 0.000171155
  196 195.5 0.387088 0.000168007
  197 196.5 0.385486 0.000167312
  198 197.5 0.382458 0.000165997
  199 198.5 0.381242 0.00016547
  200 199.5 0.37837 0.000164223
  201 200.5 0.371906 0.000161418
  202 201.5 0.370532 0.000160821
  203 202.5 0.372266 0.000161574
  204 203.5 0.373852 0.000162262
  205 204.5 0.371108 0.000161071
  206 205.5 0.368162 0.000159793
  207 206.5 0.360056 0.000156274
  208 207.5 0.353878 0.000153593
  209 208.5 0.352474 0.000152984
  210 209.5 0.350066 0.000151938
  211 210.5 0.349622 0.000151746
  212 211.5 0.346592 0.000150431
  213 212.5 0.347242 0.000150713
  214 213.5 0.351024 0.000152354
  215 214.5 0.352766 0.00015311
  216 215.5 0.354172 0.00015372
  217 216.5 0.350694 0.000152211
  218 217.5 0.347178 0.000150685
  219 218.5 0.34694 0.000150582
  220 219.5 0.352088 0.000152816
  221 220.5 0.355986 0.000154508
  222 221.5 0.35565 0.000154362
  223 222.5 0.354036 0.000153661
  224 223.5 0.360946 0.000156661
  225 224.5 0.366218 0.000158949
  226 225.5 0.366568 0.000159101
  227 226.5 0.36719 0.000159371
  228 227.5 0.362588 0.000157373
  229 228.5 0.357688 0.000155247
  230 229.5 0.355674 0.000154372
  231 230.5 0.353728 0.000153528
  232 231.5 0.354356 0.0001538
  233 232.5 0.357866 0.000155324
  234 233.5 0.353476 0.000153418
  235 234.5 0.356088 0.000154552
  236 235.5 0.350406 0.000152086
  237 236.5 0.352404 0.000152953
  238 237.5 0.356678 0.000154808
  239 238.5 0.360546 0.000156487
  240 239.5 0.360348 0.000156401
  241 240.5 0.364724 0.0001583
  242 241.5 0.372652 0.000161741
  243 242.5 0.368664 0.00016001
  244 243.5 0.368756 0.00016005
  245 244.5 0.37668 0.00016349
  246 245.5 0.378312 0.000164198
  247 246.5 0.384714 0.000166977
  248 247.5 0.380544 0.000165167
  249 248.5 0.376002 0.000163195
  250 249.5 0.372716 0.000161769
  251 250.5 0.37218 0.000161536
  252 251.5 0.36899 0.000160152
  253 252.5 0.368348 0.000159873
  254 253.5 0.359202 0.000155904
  255 254.5 0.364296 0.000158115
  256 255.5 0.37067 0.000160881
  257 256.5 0.374734 0.000162645
  258 257.5 0.376984 0.000163622
  259 258.5 0.374712 0.000162635
  260 259.5 0.371638 0.000161301
  261 260.5 0.374224 0.000162424
  262 261.5 0.372452 0.000161655
  263 262.5 0.362504 0.000157337
  264 263.5 0.358368 0.000155542
  265 264.5 0.356988 0.000154943
  266 265.5 0.355786 0.000154421
  267 266.5 0.349178 0.000151553
  268 267.5 0.346258 0.000150286
  269 268.5 0.342558 0.00014868
  270 269.5 0.34513 0.000149796
  271 270.5 0.338054 0.000146725
  272 271.5 0.339168 0.000147208
  273 272.5 0.34599 0.000150169
  274 273.5 0.349026 0.000151487
  275 274.5 0.348878 0.000151423
  276 275.5 0.352974 0.000153201
  277 276.5 0.350854 0.00015228
  278 277.5 0.347342 0.000150756
  279 278.5 0.346376 0.000150337
  280 279.5 0.349358 0.000151631
  281 280.5 0.344972 0.000149727
  282 281.5 0.33764 0.000146545
  283 282.5 0.34035 0.000147721
  284 283.5 0.341184 0.000148083
  285 284.5 0.339946 0.000147546
  286 285.5 0.34122 0.000148099
  287 286.5 0.33504 0.000145417
  288 287.5 0.333024 0.000144542
  289 288.5 0.332012 0.000144102
  290 289.5 0.334738 0.000145286
  291 290.5 0.343048 0.000148892
  292 291.5 0.344648 0.000149587
  293 292.5 0.343464 0.000149073
  294 293.5 0.34606 0.0001502
  295 294.5 0.351002 0.000152345
  296 295.5 0.354604 0.000153908
  297 296.5 0.354376 0.000153809
  298 297.5 0.35485 0.000154015
  299 298.5 0.352496 0.000152993
  300 299.5 0.354024 0.000153656
  301 300.5 0.354676 0.000153939
  302 301.5 0.347944 0.000151017
  303 302.5 0.348454 0.000151239
  304 303.5 0.346508 0.000150394
  305 304.5 0.353228 0.000153311
  306 305.5 0.358828 0.000155741
  307 306.5 0.365104 0.000158465
  308 307.5 0.368156 0.00015979
  309 308.5 0.373658 0.000162178
  310 309.5 0.381046 0.000165385
  311 310.5 0.39382 0.000170929
  312 311.5 0.409504 0.000177736
  313 312.5 0.430252 0.000186741
  314 313.5 0.45854 0.000199019
  315 314.5 0.503304 0.000218448
  316 315.5 0.572106 0.00024831
  317 316.5 0.66979 0.000290707
  318 317.5 0.8312 0.000360764
  319 318.5 1.0645 0.000462024
  320 319.5 1.42472 0.000618366
  321 320.5 1.91985 0.000833269
  322 321.5 2.58142 0.00112041
  323 322.5 3.4324 0.00148976
  324 323.5 4.4256 0.00192083
  325 324.5 5.51011 0.00239154
  326 325.5 6.57276 0.00285276
  327 326.5 7.47782 0.00324558
  328 327.5 8.22487 0.00356982
  329 328.5 8.70619 0.00377873
  330 329.5 8.90651 0.00386567
  331 330.5 8.86434 0.00384737
  332 331.5 8.63959 0.00374982
  333 332.5 8.30859 0.00360616
  334 333.5 7.90709 0.00343189
  335 334.5 7.49675 0.0032538
  336 335.5 7.08711 0.003076
  337 336.5 6.72594 0.00291925
  338 337.5 6.38098 0.00276952
  339 338.5 6.07049 0.00263476
  340 339.5 5.80313 0.00251872
  341 340.5 5.58095 0.00242229
  342 341.5 5.38582 0.00233759
  343 342.5 5.19983 0.00225687
  344 343.5 5.04226 0.00218848
  345 344.5 4.93202 0.00214063
  346 345.5 4.82645 0.00209481
  347 346.5 4.74419 0.00205911
  348 347.5 4.66894 0.00202645
  349 348.5 4.59247 0.00199326
  350 349.5 4.54896 0.00197437
  351 350.5 4.50411 0.00195491
  352 351.5 4.46057 0.00193601
  353 352.5 4.42756 0.00192169
  354 353.5 4.39443 0.00190731
  355 354.5 4.36607 0.001895
  356 355.5 4.3494 0.00188776
  357 356.5 4.34193 0.00188452
  358 357.5 4.3338 0.00188099
  359 358.5 4.33145 0.00187997
  360 359.5 4.33916 0.00188331
  361 360.5 4.33871 0.00188312
  362 361.5 4.33453 0.00188131
  363 362.5 4.3177 0.001874
  364 363.5 4.31476 0.00187273
  365 364.5 4.30228 0.00186731
  366 365.5 4.29415 0.00186378
  367 366.5 4.30246 0.00186739
  368 367.5 4.30915 0.00187029
  369 368.5 4.29442 0.0018639
  370 369.5 4.28134 0.00185822
  371 370.5 4.29493 0.00186412
  372 371.5 4.29091 0.00186238
  373 372.5 4.2984 0.00186563
  374 373.5 4.28806 0.00186114
  375 374.5 4.29233 0.00186299
  376 375.5 4.30338 0.00186779
  377 376.5 4.30266 0.00186748
  378 377.5 4.28757 0.00186092
  379 378.5 4.30637 0.00186908
  380 379.5 4.29669 0.00186488
  381 380.5 4.2868 0.00186059
  382 381.5 4.28426 0.00185949
  383 382.5 4.29209 0.00186289
  384 383.5 4.28898 0.00186154
  385 384.5 4.2768 0.00185625
  386 385.5 4.29562 0.00186442
  387 386.5 4.30536 0.00186865
  388 387.5 4.3069 0.00186932
  389 388.5 4.2939 0.00186367
  390 389.5 4.29387 0.00186366
  391 390.5 4.29651 0.0018648
  392 391.5 4.28162 0.00185834
  393 392.5 4.28798 0.0018611
  394 393.5 4.27961 0.00185747
  395 394.5 4.27073 0.00185362
  396 395.5 4.27084 0.00185366
  397 396.5 4.26656 0.00185181
  398 397.5 4.27686 0.00185628
  399 398.5 4.27494 0.00185544
  400 399.5 4.26717 0.00185207
  401 400.5 4.26958 0.00185311
  402 401.5 4.27278 0.00185451
  403 402.5 4.25644 0.00184741
  404 403.5 4.24048 0.00184049
  405 404.5 4.26038 0.00184912
  406 405.5 4.25445 0.00184655
  407 406.5 4.2604 0.00184913
  408 407.5 4.25616 0.00184729
  409 408.5 4.25275 0.00184581
  410 409.5 4.25531 0.00184692
  411 410.5 4.24473 0.00184233
  412 411.5 4.24258 0.0018414
  413 412.5 4.24566 0.00184274
  414 413.5 4.24092 0.00184068
  415 414.5 4.23865 0.00183969
  416 415.5 4.22626 0.00183431
  417 416.5 4.22474 0.00183365
  418 417.5 4.21785 0.00183066
  419 418.5 4.20923 0.00182692
  420 419.5 4.22113 0.00183209
  421 420.5 4.20778 0.00182629
  422 421.5 4.20006 0.00182294
  423 422.5 4.2147 0.0018293
  424 423.5 4.20095 0.00182333
  425 424.5 4.21296 0.00182854
  426 425.5 4.20852 0.00182661
  427 426.5 4.21275 0.00182845
  428 427.5 4.20338 0.00182438
  429 428.5 4.21807 0.00183076
  430 429.5 4.21891 0.00183113
  431 430.5 4.21385 0.00182893
  432 431.5 4.21406 0.00182902
  433 432.5 4.21021 0.00182735
  434 433.5 4.22764 0.00183491
  435 434.5 4.22472 0.00183365
  436 435.5 4.22302 0.00183291
  437 436.5 4.22275 0.00183279
  438 437.5 4.22271 0.00183277
  439 438.5 4.22341 0.00183308
  440 439.5 4.22004 0.00183161
  441 440.5 4.23204 0.00183682
  442 441.5 4.24651 0.0018431
  443 442.5 4.26319 0.00185034
  444 443.5 4.27378 0.00185494
  445 444.5 4.28031 0.00185777
  446 445.5 4.30897 0.00187021
  447 446.5 4.31354 0.0018722
  448 447.5 4.3191 0.00187461
  449 448.5 4.33964 0.00188353
  450 449.5 4.36845 0.00189603
  451 450.5 4.3833 0.00190247
  452 451.5 4.40451 0.00191168
  453 452.5 4.4472 0.00193021
  454 453.5 4.47076 0.00194043
  455 454.5 4.51408 0.00195924
  456 455.5 4.5659 0.00198173
  457 456.5 4.65019 0.00201831
  458 457.5 4.7291 0.00205256
  459 458.5 4.82902 0.00209593
  460 459.5 4.93621 0.00214245
  461 460.5 5.07145 0.00220115
  462 461.5 5.21736 0.00226448
  463 462.5 5.38829 0.00233867
  464 463.5 5.59348 0.00242772
  465 464.5 5.81124 0.00252224
  466 465.5 6.10006 0.00264759
  467 466.5 6.43914 0.00279476
  468 467.5 6.827 0.00296311
  469 468.5 7.23945 0.00314212
  470 469.5 7.71541 0.0033487
  471 470.5 8.23805 0.00357554
  472 471.5 8.80903 0.00382336
  473 472.5 9.47169 0.00411098
  474 473.5 10.146 0.00440367
  475 474.5 10.9059 0.00473348
  476 475.5 11.7086 0.00508184
  477 476.5 12.543 0.005444
  478 477.5 13.399 0.00581556
  479 478.5 14.2913 0.00620284
  480 479.5 15.1515 0.00657618
50000000 480 4785
  1 0.5 15.3062 0.00664333
  2 1.5 16.1294 0.0070006
  3 2.5 16.9889 0.00737367
  4 3.5 17.7374 0.0076985
  5 4.5 18.4712 0.008017
  6 5.5 19.1754 0.00832266
  7 6.5 19.8222 0.00860336
  8 7.5 20.4227 0.00886402
  9 8.5 20.9644 0.00909913
  10 9.5 21.4445 0.0093075
  11 10.5 21.8708 0.00949254
  12 11.5 22.2467 0.00965567
  13 12.5 22.5923 0.0098057
  14 13.5 22.9041 0.00994101
  15 14.5 23.1373 0.0100422
  16 15.5 23.3459 0.0101328
  17 16.5 23.542 0.0102179
  18 17.5 23.7256 0.0102976
  19 18.5 23.8706 0.0103605
  20 19.5 24.0141 0.0104228
  21 20.5 24.0679 0.0104461
  22 21.5 24.2025 0.0105046
  23 22.5 24.2673 0.0105327
  24 23.5 24.3119 0.010552
  25 24.5 24.382 0.0105825
  26 25.5 24.4383 0.0106069
  27 26.5 24.458 0.0106155
  28 27.5 24.4702 0.0106207
  29 28.5 24.4977 0.0106327
  30 29.5 24.5158 0.0106405
  31 30.5 24.5623 0.0106607
  32 31.5 24.5315 0.0106473
  33 32.5 24.5324 0.0106477
  34 33.5 24.5325 0.0106478
  35 34.5 24.5345 0.0106487
  36 35.5 24.551 0.0106558
  37 36.5 24.531 0.0106472
  38 37.5 24.5384 0.0106503
  39 38.5 24.527 0.0106454
  40 39.5 24.5922 0.0106737
  41 40.5 24.5586 0.0106591
  42 41.5 24.5327 0.0106479
  43 42.5 24.5234 0.0106438
  44 43.5 24.5791 0.010668
  45 44.5 24.5552 0.0106576
  46 45.5 24.5029 0.0106349
  47 46.5 24.5241 0.0106441
  48 47.5 24.5511 0.0106559
  49 48.5 24.5505 0.0106556
  50 49.5 24.5551 0.0106576
  51 50.5 24.5292 0.0106464
  52 51.5 24.5533 0.0106568
  53 52.5 24.5385 0.0106504
  54 53.5 24.5147 0.0106401
  55 54.5 24.5334 0.0106482
  56 55.5 24.5301 0.0106468
  57 56.5 24.5276 0.0106457
  58 57.5 24.5244 0.0106443
  59 58.5 24.541 0.0106515
  60 59.5 24.5384 0.0106504
  61 60.5 24.5412 0.0106515
  62 61.5 24.5463 0.0106538
  63 62.5 24.5526 0.0106565
  64 63.5 24.5462 0.0106537
  65 64.5 24.5489 0.0106549
  66 65.5 24.5675 0.010663
  67 66.5 24.5537 0.010657
  68 67.5 24.5506 0.0106556
  69 68.5 24.5154 0.0106404
  70 69.5 24.5328 0.0106479
  71 70.5 24.5224 0.0106434
  72 71.5 24.493 0.0106307
  73 72.5 24.5075 0.0106369
  74 73.5 24.5056 0.0106361
  75 74.5 24.4929 0.0106306
  76 75.5 24.4733 0.0106221
  77 76.5 24.477 0.0106237
  78 77.5 24.4793 0.0106247
  79 78.5 24.4697 0.0106205
  80 79.5 24.4561 0.0106146
  81 80.5 24.4659 0.0106189
  82 81.5 24.4998 0.0106336
  83 82.5 24.462 0.0106172
  84 83.5 24.4665 0.0106191
  85 84.5 24.4548 0.0106141
  86 85.5 24.4862 0.0106277
  87 86.5 24.4632 0.0106177
  88 87.5 24.462 0.0106172
  89 88.5 24.4391 0.0106072
  90 89.5 24.435 0.0106055
  91 90.5 24.4369 0.0106063
  92 91.5 24.4619 0.0106171
  93 92.5 24.4029 0.0105915
  94 93.5 24.41 0.0105946
  95 94.5 24.4344 0.0106052
  96 95.5 24.4172 0.0105977
  97 96.5 24.3919 0.0105868
  98 97.5 24.4246 0.0106009
  99 98.5 24.4502 0.010612
  100 99.5 24.4558 0.0106145
  101 100.5 24.4366 0.0106062
  102 101.5 24.4345 0.0106052
  103 102.5 24.4529 0.0106132
  104 103.5 24.4609 0.0106167
  105 104.5 24.4555 0.0106144
  106 105.5 24.4436 0.0106092
  107 106.5 24.4339 0.010605
  108 107.5 24.4744 0.0106226
  109 108.5 24.4582 0.0106155
  110 109.5 24.431 0.0106037
  111 110.5 24.4463 0.0106104
  112 111.5 24.4858 0.0106275
  113 112.5 24.4728 0.0106219
  114 113.5 24.4563 0.0106147
  115 114.5 24.489 0.0106289
  116 115.5 24.4798 0.0106249
  117 116.5 24.4679 0.0106198
  118 117.5 24.4958 0.0106319
  119 118.5 24.4823 0.010626
  120 119.5 24.4718 0.0106214
  121 120.5 24.4247 0.010601
  122 121.5 24.4711 0.0106211
  123 122.5 24.4419 0.0106085
  124 123.5 24.4421 0.0106085
  125 124.5 24.4095 0.0105944
  126 125.5 24.4368 0.0106063
  127 126.5 24.4066 0.0105932
  128 127.5 24.4322 0.0106042
  129 128.5 24.3897 0.0105858
  130 129.5 24.3954 0.0105883
  131 130.5 24.3756 0.0105797
  132 131.5 24.3592 0.0105726
  133 132.5 24.3776 0.0105805
  134 133.5 24.3672 0.0105761
  135 134.5 24.3572 0.0105717
  136 135.5 24.3472 0.0105674
  137 136.5 24.3184 0.0105549
  138 137.5 24.349 0.0105681
  139 138.5 24.3265 0.0105584
  140 139.5 24.288 0.0105417
  141 140.5 24.2481 0.0105244
  142 141.5 24.2315 0.0105171
  143 142.5 24.1622 0.0104871
  144 143.5 24.1259 0.0104713
  145 144.5 24.083 0.0104527
  146 145.5 24.0568 0.0104413
  147 146.5 23.9178 0.010381
  148 147.5 23.8395 0.010347
  149 148.5 23.7488 0.0103076
  150 149.5 23.594 0.0102405
  151 150.5 23.4379 0.0101727
  152 151.5 23.2073 0.0100726
  153 152.5 23.0181 0.00999052
  154 153.5 22.7399 0.00986973
  155 154.5 22.4045 0.00972418
  156 155.5 22.0243 0.00955917
  157 156.5 21.5343 0.00934649
  158 157.5 20.945 0.00909069
  159 158.5 20.2061 0.00876999
  160 159.5 19.2777 0.00836705
  161 160.5 18.1027 0.00785706
  162 161.5 16.6813 0.00724017
  163 162.5 14.9891 0.00650569
  164 163.5 13.0667 0.00567132
  165 164.5 10.994 0.00477169
  166 165.5 8.90534 0.00386516
  167 166.5 6.93392 0.00300951
  168 167.5 5.22105 0.00226608
  169 168.5 3.81019 0.00165373
  170 169.5 2.71825 0.0011798
  171 170.5 1.92677 0.000836273
  172 171.5 1.38122 0.000599486
  173 172.5 1.01862 0.00044211
  174 173.5 0.781464 0.000339177
  175 174.5 0.643148 0.000279144
  176 175.5 0.553862 0.000240391
  177 176.5 0.492322 0.000213681
  178 177.5 0.445696 0.000193444
  179 178.5 0.419222 0.000181954
  180 179.5 0.401704 0.000174351
  181 180.5 0.389712 0.000169146
  182 181.5 0.379728 0.000164813
  183 182.5 0.372592 0.000161715
  184 183.5 0.36701 0.000159293
  185 184.5 0.35839 0.000155551
  186 185.5 0.353808 0.000153562
  187 186.5 0.351274 0.000152463
  188 187.5 0.347124 0.000150661
  189 188.5 0.352712 0.000153087
  190 189.5 0.359184 0.000155896
  191 190.5 0.363632 0.000157826
  192 191.5 0.361674 0.000156977
  193 192.5 0.359994 0.000156247
  194 193.5 0.362922 0.000157518
  195 194.5 0.363398 0.000157725
  196 195.5 0.362162 0.000157188
  197 196.5 0.359502 0.000156034
  198 197.5 0.35958 0.000156068
  199 198.5 0.358766 0.000155714
  200 199.5 0.357116 0.000154998
  201 200.5 0.359894 0.000156204
  202 201.5 0.359168 0.000155889
  203 202.5 0.358376 0.000155545
  204 203.5 0.35771 0.000155256
  205 204.5 0.35322 0.000153307
  206 205.5 0.355436 0.000154269
  207 206.5 0.352064 0.000152806
  208 207.5 0.355698 0.000154383
  209 208.5 0.349898 0.000151865
  210 209.5 0.34956 0.000151719
  211 210.5 0.349134 0.000151534
  212 211.5 0.349184 0.000151556
  213 212.5 0.344534 0.000149537
  214 213.5 0.349278 0.000151596
  215 214.5 0.348576 0.000151292
  216 215.5 0.353276 0.000153332
  217 216.5 0.355252 0.000154189
  218 217.5 0.361652 0.000156967
  219 218.5 0.357888 0.000155333
  220 219.5 0.35908 0.000155851
  221 220.5 0.358842 0.000155747
  222 221.5 0.357256 0.000155059
  223 222.5 0.357168 0.000155021
  224 223.5 0.367018 0.000159296
  225 224.5 0.367142 0.00015935
  226 225.5 0.35858 0.000155634
  227 226.5 0.362622 0.000157388
  228 227.5 0.360898 0.00015664
  229 228.5 0.359288 0.000155941
  230 229.5 0.364884 0.00015837
  231 230.5 0.36747 0.000159492
  232 231.5 0.36027 0.000156367
  233 232.5 0.358986 0.00015581
  234 233.5 0.35918 0.000155894
  235 234.5 0.352438 0.000152968
  236 235.5 0.348622 0.000151312
  237 236.5 0.34698 0.000150599
  238 237.5 0.345756 0.000150068
  239 238.5 0.3437 0.000149175
  240 239.5 0.343214 0.000148964
  241 240.5 0.34185 0.000148372
  242 241.5 0.346124 0.000150227
  243 242.5 0.345656 0.000150024
  244 243.5 0.344818 0.000149661
  245 244.5 0.352934 0.000153183
  246 245.5 0.355924 0.000154481
  247 246.5 0.362496 0.000157333
  248 247.5 0.355092 0.00015412
  249 248.5 0.353354 0.000153365
  250 249.5 0.353274 0.000153331
  251 250.5 0.357084 0.000154984
  252 251.5 0.360628 0.000156523
  253 252.5 0.364994 0.000158418
  254 253.5 0.366232 0.000158955
  255 254.5 0.368848 0.00016009
  256 255.5 0.373488 0.000162104
  257 256.5 0.36707 0.000159319
  258 257.5 0.370186 0.000160671
  259 258.5 0.370672 0.000160882
  260 259.5 0.37255 0.000161697
  261 260.5 0.371614 0.000161291
  262 261.5 0.372496 0.000161674
  263 262.5 0.376372 0.000163356
  264 263.5 0.377964 0.000164047
  265 264.5 0.376852 0.000163564
  266 265.5 0.38031 0.000165065
  267 266.5 0.381792 0.000165708
  268 267.5 0.37835 0.000164214
  269 268.5 0.380774 0.000165266
  270 269.5 0.381812 0.000165717
  271 270.5 0.388028 0.000168415
  272 271.5 0.386108 0.000167582
  273 272.5 0.383832 0.000166594
  274 273.5 0.384766 0.000166999
  275 274.5 0.376494 0.000163409
  276 275.5 0.376764 0.000163526
  277 276.5 0.3775 0.000163845
  278 277.5 0.377456 0.000163826
  279 278.5 0.375992 0.000163191
  280 279.5 0.367392 0.000159458
  281 280.5 0.36451 0.000158207
  282 281.5 0.366374 0.000159016
  283 282.5 0.369414 0.000160336
  284 283.5 0.369096 0.000160198
  285 284.5 0.370968 0.00016101
  286 285.5 0.376328 0.000163337
  287 286.5 0.382538 0.000166032
  288 287.5 0.37667 0.000163485
  289 288.5 0.373728 0.000162208
  290 289.5 0.373692 0.000162193
  291 290.5 0.375532 0.000162991
  292 291.5 0.378024 0.000164073
  293 292.5 0.363594 0.00015781
  294 293.5 0.359878 0.000156197
  295 294.5 0.356096 0.000154556
  296 295.5 0.354118 0.000153697
  297 296.5 0.353392 0.000153382
  298 297.5 0.347542 0.000150843
  299 298.5 0.345382 0.000149905
  300 299.5 0.338332 0.000146845
  301 300.5 0.338246 0.000146808
  302 301.5 0.340138 0.000147629
  303 302.5 0.336668 0.000146123
  304 303.5 0.341442 0.000148195
  305 304.5 0.349094 0.000151516
  306 305.5 0.347118 0.000150659
  307 306.5 0.347742 0.00015093
  308 307.5 0.35457 0.000153893
  309 308.5 0.36215 0.000157183
  310 309.5 0.369488 0.000160368
  311 310.5 0.376578 0.000163445
  312 311.5 0.387468 0.000168172
  313 312.5 0.396826 0.000172234
  314 313.5 0.40376 0.000175243
  315 314.5 0.425766 0.000184794
  316 315.5 0.455938 0.00019789
  317 316.5 0.514588 0.000223345
  318 317.5 0.59826 0.000259661
  319 318.5 0.717192 0.000311281
  320 319.5 0.89382 0.000387943
  321 320.5 1.16864 0.000507223
  322 321.5 1.55339 0.000674213
  323 322.5 2.10691 0.000914457
  324 323.5 2.83039 0.00122847
  325 324.5 3.70494 0.00160805
  326 325.5 4.69998 0.00203992
  327 326.5 5.75162 0.00249636
  328 327.5 6.71627 0.00291505
  329 328.5 7.55282 0.00327813
  330 329.5 8.1607 0.00354197
  331 330.5 8.53522 0.00370452
  332 331.5 8.66471 0.00376072
  333 332.5 8.57922 0.00372362
  334 333.5 8.33313 0.00361681
  335 334.5 7.98074 0.00346386
  336 335.5 7.60435 0.0033005
  337 336.5 7.2177 0.00313268
  338 337.5 6.81655 0.00295857
  339 338.5 6.47036 0.00280831
  340 339.5 6.13871 0.00266437
  341 340.5 5.84303 0.00253604
  342 341.5 5.58578 0.00242438
  343 342.5 5.38436 0.00233696
  344 343.5 5.19769 0.00225594
  345 344.5 5.0399 0.00218746
  346 345.5 4.91116 0.00213158
  347 346.5 4.79435 0.00208088
  348 347.5 4.69614 0.00203826
  349 348.5 4.60286 0.00199777
  350 349.5 4.54324 0.00197189
  351 350.5 4.47365 0.00194169
  352 351.5 4.42648 0.00192122
  353 352.5 4.38815 0.00190458
  354 353.5 4.35924 0.00189203
  355 354.5 4.31693 0.00187367
  356 355.5 4.3106 0.00187092
  357 356.5 4.28902 0.00186155
  358 357.5 4.27486 0.00185541
  359 358.5 4.27106 0.00185376
  360 359.5 4.25577 0.00184712
  361 360.5 4.24493 0.00184242
  362 361.5 4.23484 0.00183804
  363 362.5 4.22469 0.00183363
  364 363.5 4.23504 0.00183812
  365 364.5 4.21345 0.00182876
  366 365.5 4.22185 0.0018324
  367 366.5 4.2216 0.00183229
  368 367.5 4.21083 0.00182762
  369 368.5 4.21397 0.00182898
  370 369.5 4.22728 0.00183476
  371 370.5 4.21403 0.001829
  372 371.5 4.21989 0.00183155
  373 372.5 4.22194 0.00183244
  374 373.5 4.20808 0.00182642
  375 374.5 4.21001 0.00182726
  376 375.5 4.21326 0.00182867
  377 376.5 4.20539 0.00182526
  378 377.5 4.2008 0.00182326
  379 378.5 4.20827 0.00182651
  380 379.5 4.20393 0.00182462
  381 380.5 4.19703 0.00182163
  382 381.5 4.20622 0.00182562
  383 382.5 4.20388 0.0018246
  384 383.5 4.20911 0.00182687
  385 384.5 4.21103 0.00182771
  386 385.5 4.21686 0.00183023
  387 386.5 4.20879 0.00182673
  388 387.5 4.22502 0.00183378
  389 388.5 4.22129 0.00183216
  390 389.5 4.22113 0.00183209
  391 390.5 4.2223 0.00183259
  392 391.5 4.21957 0.00183141
  393 392.5 4.22127 0.00183215
  394 393.5 4.22571 0.00183408
  395 394.5 4.22461 0.0018336
  396 395.5 4.22014 0.00183166
  397 396.5 4.21403 0.00182901
  398 397.5 4.22635 0.00183435
  399 398.5 4.23002 0.00183595
  400 399.5 4.22219 0.00183255
  401 400.5 4.2263 0.00183433
  402 401.5 4.22768 0.00183493
  403 402.5 4.2312 0.00183646
  404 403.5 4.24743 0.0018435
  405 404.5 4.24283 0.00184151
  406 405.5 4.25249 0.0018457
  407 406.5 4.25655 0.00184746
  408 407.5 4.24838 0.00184391
  409 408.5 4.23985 0.00184021
  410 409.5 4.24633 0.00184303
  411 410.5 4.25629 0.00184735
  412 411.5 4.25599 0.00184722
  413 412.5 4.26613 0.00185162
  414 413.5 4.25977 0.00184886
  415 414.5 4.26595 0.00185154
  416 415.5 4.26409 0.00185073
  417 416.5 4.27384 0.00185497
  418 417.5 4.2868 0.00186059
  419 418.5 4.2985 0.00186567
  420 419.5 4.28921 0.00186164
  421 420.5 4.27778 0.00185667
  422 421.5 4.26884 0.0018528
  423 422.5 4.26106 0.00184942
  424 423.5 4.26246 0.00185003
  425 424.5 4.26193 0.00184979
  426 425.5 4.27355 0.00185484
  427 426.5 4.26845 0.00185263
  428 427.5 4.26363 0.00185054
  429 428.5 4.27132 0.00185387
  430 429.5 4.28075 0.00185797
  431 430.5 4.2899 0.00186193
  432 431.5 4.29403 0.00186373
  433 432.5 4.29764 0.00186529
  434 433.5 4.29155 0.00186265
  435 434.5 4.28768 0.00186097
  436 435.5 4.28517 0.00185988
  437 436.5 4.277 0.00185634
  438 437.5 4.27162 0.001854
  439 438.5 4.281 0.00185807
  440 439.5 4.29997 0.00186631
  441 440.5 4.29213 0.0018629
  442 441.5 4.28706 0.0018607
  443 442.5 4.30022 0.00186641
  444 443.5 4.28922 0.00186164
  445 444.5 4.29669 0.00186488
  446 445.5 4.30293 0.00186759
  447 446.5 4.31011 0.00187071
  448 447.5 4.32599 0.0018776
  449 448.5 4.34796 0.00188713
  450 449.5 4.3547 0.00189006
  451 450.5 4.38052 0.00190127
  452 451.5 4.41115 0.00191456
  453 452.5 4.43007 0.00192277
  454 453.5 4.45911 0.00193538
  455 454.5 4.5103 0.00195759
  456 455.5 4.55457 0.00197681
  457 456.5 4.60815 0.00200006
  458 457.5 4.66816 0.00202611
  459 458.5 4.76413 0.00206777
  460 459.5 4.83419 0.00209817
  461 460.5 4.9476 0.00214739
  462 461.5 5.07668 0.00220342
  463 462.5 5.22296 0.00226691
  464 463.5 5.40693 0.00234676
  465 464.5 5.61932 0.00243894
  466 465.5 5.8708 0.00254809
  467 466.5 6.17014 0.00267801
  468 467.5 6.50996 0.0028255
  469 468.5 6.90475 0.00299685
  470 469.5 7.34716 0.00318887
  471 470.5 7.82667 0.00339699
  472 471.5 8.38799 0.00364062
  473 472.5 8.99049 0.00390212
  474 473.5 9.64355 0.00418557
  475 474.5 10.3772 0.00450401
  476 475.5 11.1344 0.00483263
  477 476.5 11.9173 0.00517244
  478 477.5 12.7614 0.00553881
  479 478.5 13.5886 0.00589781
  480 479.5 14.4432 0.00626877
