# Chunk-averaged data for fix tensor3 and group c2
# Timestep Number-of-chunks Total-count
# Chunk Coord1 Ncount density/number
20000000 480 5816.999999999999
  1 0.5 0.57128 0.000247951
  2 1.5 0.615422 0.00026711
  3 2.5 0.66485 0.000288563
  4 3.5 0.730914 0.000317237
  5 4.5 0.810222 0.000351659
  6 5.5 0.901146 0.000391122
  7 6.5 1.00976 0.000438265
  8 7.5 1.14091 0.000495186
  9 8.5 1.29633 0.000562641
  10 9.5 1.4574 0.000632551
  11 10.5 1.62314 0.000704487
  12 11.5 1.81342 0.000787073
  13 12.5 1.9955 0.000866102
  14 13.5 2.18841 0.000949829
  15 14.5 2.37976 0.00103288
  16 15.5 2.56516 0.00111335
  17 16.5 2.733 0.0011862
  18 17.5 2.87343 0.00124715
  19 18.5 3.01313 0.00130778
  20 19.5 3.14014 0.00136291
  21 20.5 3.26046 0.00141513
  22 21.5 3.33215 0.00144624
  23 22.5 3.40159 0.00147638
  24 23.5 3.45216 0.00149833
  25 24.5 3.48496 0.00151257
  26 25.5 3.50868 0.00152287
  27 26.5 3.52714 0.00153088
  28 27.5 3.54557 0.00153887
  29 28.5 3.55983 0.00154506
  30 29.5 3.56311 0.00154649
  31 30.5 3.55068 0.00154109
  32 31.5 3.54583 0.00153899
  33 32.5 3.54107 0.00153692
  34 33.5 3.52936 0.00153184
  35 34.5 3.53529 0.00153441
  36 35.5 3.54234 0.00153747
  37 36.5 3.51808 0.00152694
  38 37.5 3.51975 0.00152767
  39 38.5 3.53609 0.00153476
  40 39.5 3.54294 0.00153773
  41 40.5 3.5356 0.00153455
  42 41.5 3.5413 0.00153702
  43 42.5 3.53135 0.0015327
  44 43.5 3.54536 0.00153878
  45 44.5 3.54775 0.00153982
  46 45.5 3.53728 0.00153528
  47 46.5 3.52302 0.00152909
  48 47.5 3.51676 0.00152637
  49 48.5 3.52034 0.00152793
  50 49.5 3.51678 0.00152638
  51 50.5 3.51565 0.00152589
  52 51.5 3.51232 0.00152444
  53 52.5 3.51932 0.00152748
  54 53.5 3.50507 0.0015213
  55 54.5 3.52446 0.00152972
  56 55.5 3.52716 0.00153089
  57 56.5 3.54101 0.0015369
  58 57.5 3.53624 0.00153482
  59 58.5 3.52341 0.00152926
  60 59.5 3.52813 0.00153131
  61 60.5 3.53562 0.00153456
  62 61.5 3.52126 0.00152832
  63 62.5 3.51816 0.00152698
  64 63.5 3.49341 0.00151624
  65 64.5 3.4942 0.00151658
  66 65.5 3.48671 0.00151333
  67 66.5 3.48964 0.0015146
  68 67.5 3.50372 0.00152071
  69 68.5 3.51622 0.00152614
  70 69.5 3.49553 0.00151716
  71 70.5 3.50782 0.00152249
  72 71.5 3.51024 0.00152354
  73 72.5 3.5318 0.0015329
  74 73.5 3.52606 0.00153041
  75 74.5 3.54004 0.00153648
  76 75.5 3.53801 0.00153559
  77 76.5 3.52685 0.00153075
  78 77.5 3.54467 0.00153849
  79 78.5 3.56064 0.00154542
  80 79.5 3.56493 0.00154728
  81 80.5 3.56745 0.00154837
  82 81.5 3.56802 0.00154862
  83 82.5 3.56178 0.00154591
  84 83.5 3.57265 0.00155063
  85 84.5 3.58477 0.00155589
  86 85.5 3.60242 0.00156355
  87 86.5 3.63029 0.00157564
  88 87.5 3.62499 0.00157334
  89 88.5 3.64356 0.00158141
  90 89.5 3.66334 0.00158999
  91 90.5 3.67337 0.00159434
  92 91.5 3.67839 0.00159652
  93 92.5 3.70187 0.00160671
  94 93.5 3.70539 0.00160824
  95 94.5 3.70474 0.00160796
  96 95.5 3.7016 0.0016066
  97 96.5 3.71551 0.00161264
  98 97.5 3.72276 0.00161578
  99 98.5 3.72634 0.00161734
  100 99.5 3.72534 0.0016169
  101 100.5 3.75315 0.00162897
  102 101.5 3.76976 0.00163618
  103 102.5 3.77631 0.00163902
  104 103.5 3.7922 0.00164592
  105 104.5 3.79912 0.00164892
  106 105.5 3.81576 0.00165615
  107 106.5 3.82751 0.00166125
  108 107.5 3.84374 0.00166829
  109 108.5 3.85539 0.00167335
  110 109.5 3.86906 0.00167928
  111 110.5 3.87483 0.00168178
  112 111.5 3.89034 0.00168852
  113 112.5 3.90155 0.00169338
  114 113.5 3.92977 0.00170563
  115 114.5 3.93668 0.00170863
  116 115.5 3.94301 0.00171138
  117 116.5 3.95395 0.00171613
  118 117.5 3.9174 0.00170026
  119 118.5 3.90695 0.00169573
  120 119.5 3.89381 0.00169002
  121 120.5 3.89029 0.00168849
  122 121.5 3.89347 0.00168988
  123 122.5 3.9024 0.00169375
  124 123.5 3.91823 0.00170062
  125 124.5 3.93504 0.00170792
  126 125.5 3.91917 0.00170103
  127 126.5 3.93335 0.00170718
  128 127.5 3.95997 0.00171874
  129 128.5 3.95057 0.00171466
  130 129.5 3.94231 0.00171107
  131 130.5 3.95442 0.00171633
  132 131.5 3.96789 0.00172217
  133 132.5 3.9702 0.00172318
  134 133.5 4.006 0.00173872
  135 134.5 4.04201 0.00175434
  136 135.5 4.06091 0.00176255
  137 136.5 4.08488 0.00177295
  138 137.5 4.10838 0.00178315
  139 138.5 4.1431 0.00179822
  140 139.5 4.20298 0.00182421
  141 140.5 4.27747 0.00185654
  142 141.5 4.36758 0.00189565
  143 142.5 4.50156 0.0019538
  144 143.5 4.68974 0.00203548
  145 144.5 4.92403 0.00213716
  146 145.5 5.21005 0.00226131
  147 146.5 5.58926 0.0024259
  148 147.5 6.07784 0.00263795
  149 148.5 6.67413 0.00289676
  150 149.5 7.38139 0.00320373
  151 150.5 8.26729 0.00358823
  152 151.5 9.32569 0.00404761
  153 152.5 10.5311 0.00457079
  154 153.5 11.8878 0.00515963
  155 154.5 13.4093 0.00581999
  156 155.5 15.0401 0.00652783
  157 156.5 16.7629 0.00727557
  158 157.5 18.4494 0.00800755
  159 158.5 20.1377 0.00874031
  160 159.5 21.7926 0.0094586
  161 160.5 23.2887 0.0101079
  162 161.5 24.6966 0.010719
  163 162.5 25.9263 0.0112527
  164 163.5 26.9979 0.0117178
  165 164.5 27.9478 0.0121301
  166 165.5 28.7072 0.0124597
  167 166.5 29.3181 0.0127249
  168 167.5 29.8728 0.0129656
  169 168.5 30.345 0.0131706
  170 169.5 30.6299 0.0132942
  171 170.5 30.9084 0.0134151
  172 171.5 31.1677 0.0135276
  173 172.5 31.3477 0.0136058
  174 173.5 31.4309 0.0136419
  175 174.5 31.5289 0.0136844
  176 175.5 31.6404 0.0137328
  177 176.5 31.6586 0.0137407
  178 177.5 31.7323 0.0137727
  179 178.5 31.7601 0.0137848
  180 179.5 31.7911 0.0137982
  181 180.5 31.7726 0.0137902
  182 181.5 31.782 0.0137943
  183 182.5 31.7982 0.0138013
  184 183.5 31.7787 0.0137929
  185 184.5 31.7864 0.0137962
  186 185.5 31.787 0.0137964
  187 186.5 31.7878 0.0137968
  188 187.5 31.7853 0.0137957
  189 188.5 31.8145 0.0138084
  190 189.5 31.8289 0.0138146
  191 190.5 31.816 0.013809
  192 191.5 31.8413 0.01382
  193 192.5 31.8894 0.0138409
  194 193.5 31.891 0.0138416
  195 194.5 31.8624 0.0138292
  196 195.5 31.9062 0.0138482
  197 196.5 31.9279 0.0138576
  198 197.5 31.8879 0.0138402
  199 198.5 31.9427 0.013864
  200 199.5 31.9491 0.0138668
  201 200.5 31.9008 0.0138458
  202 201.5 31.9444 0.0138647
  203 202.5 31.9638 0.0138732
  204 203.5 31.9256 0.0138566
  205 204.5 31.9174 0.013853
  206 205.5 31.9765 0.0138787
  207 206.5 31.9639 0.0138732
  208 207.5 31.9627 0.0138727
  209 208.5 31.9393 0.0138625
  210 209.5 31.9686 0.0138752
  211 210.5 31.9619 0.0138723
  212 211.5 31.9683 0.0138751
  213 212.5 32.0005 0.0138891
  214 213.5 32.024 0.0138993
  215 214.5 32.0192 0.0138972
  216 215.5 32.0313 0.0139025
  217 216.5 32.0359 0.0139045
  218 217.5 32.0638 0.0139166
  219 218.5 32.0908 0.0139283
  220 219.5 32.0567 0.0139135
  221 220.5 32.078 0.0139227
  222 221.5 32.0931 0.0139293
  223 222.5 32.0557 0.0139131
  224 223.5 32.0683 0.0139185
  225 224.5 32.1059 0.0139348
  226 225.5 32.0527 0.0139118
  227 226.5 32.0266 0.0139004
  228 227.5 32.0664 0.0139177
  229 228.5 32.0256 0.0139
  230 229.5 32.0416 0.0139069
  231 230.5 31.9669 0.0138745
  232 231.5 32.0016 0.0138896
  233 232.5 31.9655 0.0138739
  234 233.5 31.9508 0.0138675
  235 234.5 31.9457 0.0138653
  236 235.5 31.9264 0.013857
  237 236.5 31.9032 0.0138469
  238 237.5 31.8802 0.0138369
  239 238.5 31.9223 0.0138552
  240 239.5 31.9432 0.0138642
  241 240.5 31.907 0.0138485
  242 241.5 31.9373 0.0138617
  243 242.5 31.9692 0.0138755
  244 243.5 32.0077 0.0138922
  245 244.5 32.0195 0.0138973
  246 245.5 32.0324 0.013903
  247 246.5 32.0272 0.0139007
  248 247.5 31.9932 0.0138859
  249 248.5 31.9989 0.0138884
  250 249.5 32.0027 0.0138901
  251 250.5 32.0012 0.0138894
  252 251.5 31.9576 0.0138705
  253 252.5 31.9963 0.0138873
  254 253.5 31.9728 0.0138771
  255 254.5 31.9344 0.0138604
  256 255.5 31.9828 0.0138814
  257 256.5 31.9825 0.0138813
  258 257.5 31.9261 0.0138568
  259 258.5 31.9232 0.0138556
  260 259.5 31.9397 0.0138627
  261 260.5 31.9096 0.0138497
  262 261.5 31.9211 0.0138547
  263 262.5 31.8883 0.0138404
  264 263.5 31.884 0.0138385
  265 264.5 31.8789 0.0138363
  266 265.5 31.889 0.0138407
  267 266.5 31.8762 0.0138351
  268 267.5 31.8701 0.0138325
  269 268.5 31.8868 0.0138398
  270 269.5 31.8666 0.013831
  271 270.5 31.8621 0.0138291
  272 271.5 31.8693 0.0138321
  273 272.5 31.8775 0.0138357
  274 273.5 31.8954 0.0138435
  275 274.5 31.9067 0.0138484
  276 275.5 31.9222 0.0138551
  277 276.5 31.9422 0.0138638
  278 277.5 31.9674 0.0138748
  279 278.5 31.947 0.0138659
  280 279.5 31.9201 0.0138542
  281 280.5 31.9619 0.0138723
  282 281.5 31.9475 0.0138661
  283 282.5 31.9219 0.013855
  284 283.5 31.9607 0.0138718
  285 284.5 31.9861 0.0138829
  286 285.5 31.9592 0.0138712
  287 286.5 31.9779 0.0138793
  288 287.5 31.9658 0.0138741
  289 288.5 31.9163 0.0138525
  290 289.5 31.9344 0.0138604
  291 290.5 31.9365 0.0138613
  292 291.5 31.8906 0.0138414
  293 292.5 31.8969 0.0138441
  294 293.5 31.8908 0.0138415
  295 294.5 31.8561 0.0138264
  296 295.5 31.849 0.0138234
  297 296.5 31.8241 0.0138125
  298 297.5 31.7747 0.0137911
  299 298.5 31.7462 0.0137787
  300 299.5 31.7428 0.0137773
  301 300.5 31.7072 0.0137618
  302 301.5 31.599 0.0137148
  303 302.5 31.5261 0.0136832
  304 303.5 31.3879 0.0136232
  305 304.5 31.2083 0.0135453
  306 305.5 30.9846 0.0134482
  307 306.5 30.692 0.0133212
  308 307.5 30.3467 0.0131713
  309 308.5 29.8842 0.0129706
  310 309.5 29.2511 0.0126958
  311 310.5 28.5804 0.0124047
  312 311.5 27.6419 0.0119974
  313 312.5 26.5648 0.0115299
  314 313.5 25.3334 0.0109954
  315 314.5 23.8716 0.0103609
  316 315.5 22.2293 0.00964812
  317 316.5 20.4907 0.00889354
  318 317.5 18.6837 0.00810924
  319 318.5 16.8015 0.00729231
  320 319.5 14.9249 0.0064778
  321 320.5 13.2069 0.00573217
  322 321.5 11.6055 0.00503709
  323 322.5 10.1585 0.00440908
  324 323.5 8.89103 0.00385896
  325 324.5 7.78584 0.00337927
  326 325.5 6.88376 0.00298774
  327 326.5 6.14229 0.00266592
  328 327.5 5.53413 0.00240197
  329 328.5 5.04421 0.00218933
  330 329.5 4.659 0.00202213
  331 330.5 4.32221 0.00187596
  332 331.5 4.06172 0.0017629
  333 332.5 3.84673 0.00166959
  334 333.5 3.63485 0.00157763
  335 334.5 3.43606 0.00149135
  336 335.5 3.2509 0.00141098
  337 336.5 3.0402 0.00131953
  338 337.5 2.81401 0.00122136
  339 338.5 2.6014 0.00112908
  340 339.5 2.391 0.00103776
  341 340.5 2.15894 0.000937041
  342 341.5 1.92839 0.000836977
  343 342.5 1.71983 0.000746456
  344 343.5 1.52382 0.00066138
  345 344.5 1.34594 0.000584177
  346 345.5 1.1831 0.000513497
  347 346.5 1.04438 0.000453292
  348 347.5 0.926262 0.000402023
  349 348.5 0.82631 0.000358641
  350 349.5 0.739092 0.000320786
  351 350.5 0.674322 0.000292674
  352 351.5 0.61953 0.000268893
  353 352.5 0.584582 0.000253725
  354 353.5 0.546338 0.000237126
  355 354.5 0.523898 0.000227386
  356 355.5 0.505746 0.000219508
  357 356.5 0.490684 0.00021297
  358 357.5 0.481046 0.000208787
  359 358.5 0.467486 0.000202902
  360 359.5 0.460222 0.000199749
  361 360.5 0.455096 0.000197524
  362 361.5 0.450972 0.000195734
  363 362.5 0.447894 0.000194398
  364 363.5 0.447736 0.00019433
  365 364.5 0.449048 0.000194899
  366 365.5 0.449176 0.000194955
  367 366.5 0.45227 0.000196298
  368 367.5 0.449184 0.000194958
  369 368.5 0.44884 0.000194809
  370 369.5 0.44556 0.000193385
  371 370.5 0.444676 0.000193002
  372 371.5 0.444512 0.000192931
  373 372.5 0.442148 0.000191905
  374 373.5 0.438118 0.000190155
  375 374.5 0.437318 0.000189808
  376 375.5 0.438612 0.00019037
  377 376.5 0.439348 0.000190689
  378 377.5 0.440098 0.000191015
  379 378.5 0.436734 0.000189555
  380 379.5 0.441164 0.000191477
  381 380.5 0.432412 0.000187679
  382 381.5 0.434162 0.000188438
  383 382.5 0.436978 0.000189661
  384 383.5 0.436308 0.00018937
  385 384.5 0.440146 0.000191036
  386 385.5 0.437628 0.000189943
  387 386.5 0.443264 0.000192389
  388 387.5 0.44112 0.000191458
  389 388.5 0.438846 0.000190471
  390 389.5 0.444084 0.000192745
  391 390.5 0.441994 0.000191838
  392 391.5 0.440694 0.000191273
  393 392.5 0.437614 0.000189937
  394 393.5 0.434066 0.000188397
  395 394.5 0.431664 0.000187354
  396 395.5 0.4363 0.000189366
  397 396.5 0.432536 0.000187733
  398 397.5 0.436544 0.000189472
  399 398.5 0.43336 0.00018809
  400 399.5 0.436256 0.000189347
  401 400.5 0.43571 0.00018911
  402 401.5 0.435104 0.000188847
  403 402.5 0.43584 0.000189167
  404 403.5 0.43492 0.000188767
  405 404.5 0.434026 0.000188379
  406 405.5 0.436916 0.000189634
  407 406.5 0.441458 0.000191605
  408 407.5 0.438824 0.000190462
  409 408.5 0.441182 0.000191485
  410 409.5 0.44042 0.000191155
  411 410.5 0.435456 0.000189
  412 411.5 0.434184 0.000188448
  413 412.5 0.435006 0.000188805
  414 413.5 0.433462 0.000188135
  415 414.5 0.435576 0.000189052
  416 415.5 0.436948 0.000189648
  417 416.5 0.434856 0.00018874
  418 417.5 0.435976 0.000189226
  419 418.5 0.438494 0.000190319
  420 419.5 0.44095 0.000191385
  421 420.5 0.437042 0.000189688
  422 421.5 0.434798 0.000188714
  423 422.5 0.439114 0.000190588
  424 423.5 0.440434 0.000191161
  425 424.5 0.439522 0.000190765
  426 425.5 0.434242 0.000188473
  427 426.5 0.431056 0.00018709
  428 427.5 0.434242 0.000188473
  429 428.5 0.42735 0.000185482
  430 429.5 0.43019 0.000186714
  431 430.5 0.427448 0.000185524
  432 431.5 0.425096 0.000184503
  433 432.5 0.428714 0.000186074
  434 433.5 0.427182 0.000185409
  435 434.5 0.426656 0.000185181
  436 435.5 0.423594 0.000183852
  437 436.5 0.421826 0.000183084
  438 437.5 0.42011 0.000182339
  439 438.5 0.420036 0.000182307
  440 439.5 0.419206 0.000181947
  441 440.5 0.423234 0.000183695
  442 441.5 0.425426 0.000184647
  443 442.5 0.423784 0.000183934
  444 443.5 0.427802 0.000185678
  445 444.5 0.426818 0.000185251
  446 445.5 0.428022 0.000185773
  447 446.5 0.431898 0.000187456
  448 447.5 0.43417 0.000188442
  449 448.5 0.432916 0.000187898
  450 449.5 0.430522 0.000186859
  451 450.5 0.428614 0.00018603
  452 451.5 0.431094 0.000187107
  453 452.5 0.43487 0.000188746
  454 453.5 0.433264 0.000188049
  455 454.5 0.429158 0.000186266
  456 455.5 0.430394 0.000186803
  457 456.5 0.433044 0.000187953
  458 457.5 0.43253 0.00018773
  459 458.5 0.43345 0.000188129
  460 459.5 0.43112 0.000187118
  461 460.5 0.43348 0.000188142
  462 461.5 0.438974 0.000190527
  463 462.5 0.440438 0.000191162
  464 463.5 0.438272 0.000190222
  465 464.5 0.435254 0.000188912
  466 465.5 0.43643 0.000189423
  467 466.5 0.439106 0.000190584
  468 467.5 0.435084 0.000188839
  469 468.5 0.440722 0.000191286
  470 469.5 0.441994 0.000191838
  471 470.5 0.43741 0.000189848
  472 471.5 0.437672 0.000189962
  473 472.5 0.443744 0.000192597
  474 473.5 0.450062 0.000195339
  475 474.5 0.454 0.000197049
  476 475.5 0.463386 0.000201122
  477 476.5 0.476678 0.000206891
  478 477.5 0.492304 0.000213674
  479 478.5 0.509882 0.000221303
  480 479.5 0.536962 0.000233056
30000000 480 5817
  1 0.5 0.696986 0.000302511
  2 1.5 0.767474 0.000333105
  3 2.5 0.854718 0.000370971
  4 3.5 0.9619 0.000417491
  5 4.5 1.0808 0.000469099
  6 5.5 1.22587 0.000532063
  7 6.5 1.38784 0.000602361
  8 7.5 1.56284 0.000678318
  9 8.5 1.74901 0.00075912
  10 9.5 1.94812 0.000845536
  11 10.5 2.14562 0.00093126
  12 11.5 2.33772 0.00101464
  13 12.5 2.52868 0.00109752
  14 13.5 2.71495 0.00117836
  15 14.5 2.87864 0.00124941
  16 15.5 3.02838 0.0013144
  17 16.5 3.17318 0.00137725
  18 17.5 3.28742 0.00142683
  19 18.5 3.38662 0.00146989
  20 19.5 3.47157 0.00150676
  21 20.5 3.54648 0.00153927
  22 21.5 3.60838 0.00156614
  23 22.5 3.65948 0.00158832
  24 23.5 3.68213 0.00159815
  25 24.5 3.70764 0.00160922
  26 25.5 3.71936 0.00161431
  27 26.5 3.72792 0.00161802
  28 27.5 3.74192 0.0016241
  29 28.5 3.74652 0.00162609
  30 29.5 3.74889 0.00162712
  31 30.5 3.7691 0.00163589
  32 31.5 3.77457 0.00163827
  33 32.5 3.79764 0.00164828
  34 33.5 3.80804 0.00165279
  35 34.5 3.84729 0.00166983
  36 35.5 3.86627 0.00167807
  37 36.5 3.85758 0.0016743
  38 37.5 3.86368 0.00167694
  39 38.5 3.85541 0.00167336
  40 39.5 3.85592 0.00167357
  41 40.5 3.83135 0.00166291
  42 41.5 3.83294 0.0016636
  43 42.5 3.83446 0.00166426
  44 43.5 3.8284 0.00166163
  45 44.5 3.83506 0.00166452
  46 45.5 3.84756 0.00166995
  47 46.5 3.84586 0.00166921
  48 47.5 3.84328 0.00166809
  49 48.5 3.84487 0.00166878
  50 49.5 3.85898 0.00167491
  51 50.5 3.8601 0.00167539
  52 51.5 3.87202 0.00168056
  53 52.5 3.89489 0.00169049
  54 53.5 3.88516 0.00168627
  55 54.5 3.90509 0.00169492
  56 55.5 3.92778 0.00170477
  57 56.5 3.9476 0.00171337
  58 57.5 3.96751 0.00172201
  59 58.5 3.95259 0.00171553
  60 59.5 3.97272 0.00172427
  61 60.5 3.98618 0.00173011
  62 61.5 4.00127 0.00173666
  63 62.5 3.99959 0.00173593
  64 63.5 3.99115 0.00173227
  65 64.5 4.00427 0.00173796
  66 65.5 4.00158 0.0017368
  67 66.5 3.99275 0.00173297
  68 67.5 3.98594 0.00173001
  69 68.5 3.9572 0.00171754
  70 69.5 3.94689 0.00171306
  71 70.5 3.96196 0.0017196
  72 71.5 3.97262 0.00172423
  73 72.5 3.94218 0.00171102
  74 73.5 3.9387 0.0017095
  75 74.5 3.94312 0.00171142
  76 75.5 3.9411 0.00171055
  77 76.5 3.94314 0.00171143
  78 77.5 3.94798 0.00171353
  79 78.5 3.96174 0.0017195
  80 79.5 3.9679 0.00172218
  81 80.5 3.94942 0.00171416
  82 81.5 3.97249 0.00172417
  83 82.5 3.95018 0.00171449
  84 83.5 3.94789 0.0017135
  85 84.5 3.95298 0.0017157
  86 85.5 3.94961 0.00171424
  87 86.5 3.96063 0.00171902
  88 87.5 3.96083 0.00171911
  89 88.5 3.94575 0.00171256
  90 89.5 3.96599 0.00172135
  91 90.5 3.97966 0.00172728
  92 91.5 3.98721 0.00173056
  93 92.5 3.98763 0.00173074
  94 93.5 3.99633 0.00173452
  95 94.5 4.00548 0.00173849
  96 95.5 3.98598 0.00173003
  97 96.5 3.96555 0.00172116
  98 97.5 3.97164 0.0017238
  99 98.5 3.98902 0.00173135
  100 99.5 3.99536 0.0017341
  101 100.5 4.00737 0.00173931
  102 101.5 4.02763 0.0017481
  103 102.5 4.02601 0.0017474
  104 103.5 4.00457 0.00173809
  105 104.5 4.00658 0.00173897
  106 105.5 3.99896 0.00173566
  107 106.5 4.00482 0.0017382
  108 107.5 3.99333 0.00173322
  109 108.5 3.97246 0.00172416
  110 109.5 3.96475 0.00172081
  111 110.5 3.96448 0.0017207
  112 111.5 3.92832 0.001705
  113 112.5 3.93016 0.0017058
  114 113.5 3.90429 0.00169457
  115 114.5 3.88684 0.001687
  116 115.5 3.87506 0.00168189
  117 116.5 3.87715 0.00168279
  118 117.5 3.87036 0.00167984
  119 118.5 3.87944 0.00168379
  120 119.5 3.87214 0.00168062
  121 120.5 3.86362 0.00167692
  122 121.5 3.87217 0.00168063
  123 122.5 3.89661 0.00169124
  124 123.5 3.90062 0.00169298
  125 124.5 3.90172 0.00169346
  126 125.5 3.91779 0.00170043
  127 126.5 3.93236 0.00170675
  128 127.5 3.94972 0.00171429
  129 128.5 3.95749 0.00171766
  130 129.5 3.95177 0.00171518
  131 130.5 3.95187 0.00171522
  132 131.5 3.94162 0.00171077
  133 132.5 3.94458 0.00171206
  134 133.5 3.94534 0.00171239
  135 134.5 3.954 0.00171615
  136 135.5 3.96273 0.00171993
  137 136.5 3.97964 0.00172728
  138 137.5 4.00547 0.00173849
  139 138.5 4.05198 0.00175867
  140 139.5 4.08964 0.00177502
  141 140.5 4.13519 0.00179479
  142 141.5 4.20216 0.00182385
  143 142.5 4.29808 0.00186548
  144 143.5 4.38404 0.0019028
  145 144.5 4.51741 0.00196068
  146 145.5 4.6806 0.00203151
  147 146.5 4.92886 0.00213926
  148 147.5 5.23867 0.00227373
  149 148.5 5.61286 0.00243614
  150 149.5 6.07107 0.00263501
  151 150.5 6.67369 0.00289657
  152 151.5 7.41008 0.00321618
  153 152.5 8.29856 0.00360181
  154 153.5 9.34641 0.0040566
  155 154.5 10.5808 0.00459234
  156 155.5 11.9869 0.00520264
  157 156.5 13.5282 0.00587163
  158 157.5 15.1893 0.0065926
  159 158.5 16.9509 0.00735717
  160 159.5 18.7452 0.00813594
  161 160.5 20.5375 0.00891383
  162 161.5 22.2324 0.00964948
  163 162.5 23.7847 0.0103232
  164 163.5 25.172 0.0109253
  165 164.5 26.3667 0.0114439
  166 165.5 27.4625 0.0119195
  167 166.5 28.3566 0.0123075
  168 167.5 29.1357 0.0126457
  169 168.5 29.7027 0.0128918
  170 169.5 30.1716 0.0130953
  171 170.5 30.5758 0.0132707
  172 171.5 30.8802 0.0134028
  173 172.5 31.1065 0.0135011
  174 173.5 31.2795 0.0135762
  175 174.5 31.4399 0.0136458
  176 175.5 31.58 0.0137066
  177 176.5 31.6788 0.0137495
  178 177.5 31.7309 0.0137721
  179 178.5 31.81 0.0138064
  180 179.5 31.8773 0.0138356
  181 180.5 31.88 0.0138368
  182 181.5 31.9087 0.0138493
  183 182.5 31.9939 0.0138863
  184 183.5 31.9809 0.0138806
  185 184.5 31.9394 0.0138626
  186 185.5 31.9951 0.0138868
  187 186.5 32.0189 0.0138971
  188 187.5 31.9796 0.01388
  189 188.5 31.9914 0.0138852
  190 189.5 32.0541 0.0139124
  191 190.5 32.0315 0.0139026
  192 191.5 31.9998 0.0138888
  193 192.5 32.0355 0.0139043
  194 193.5 32.0667 0.0139178
  195 194.5 32.0006 0.0138892
  196 195.5 32.0106 0.0138935
  197 196.5 32.0096 0.0138931
  198 197.5 32.0087 0.0138927
  199 198.5 31.981 0.0138807
  200 199.5 31.9884 0.0138838
  201 200.5 31.9689 0.0138754
  202 201.5 31.9873 0.0138834
  203 202.5 31.9494 0.0138669
  204 203.5 32.0093 0.0138929
  205 204.5 31.9723 0.0138769
  206 205.5 31.9552 0.0138695
  207 206.5 31.9782 0.0138794
  208 207.5 31.9623 0.0138725
  209 208.5 31.9577 0.0138705
  210 209.5 31.9761 0.0138785
  211 210.5 32.0001 0.013889
  212 211.5 31.9604 0.0138717
  213 212.5 31.9547 0.0138692
  214 213.5 32.0018 0.0138897
  215 214.5 31.9659 0.0138741
  216 215.5 32.0169 0.0138962
  217 216.5 32.0468 0.0139092
  218 217.5 32.062 0.0139158
  219 218.5 32.0196 0.0138974
  220 219.5 32.0452 0.0139085
  221 220.5 32.0576 0.0139139
  222 221.5 32.0408 0.0139066
  223 222.5 32.0483 0.0139099
  224 223.5 32.0675 0.0139182
  225 224.5 32.0528 0.0139118
  226 225.5 32.0082 0.0138924
  227 226.5 32.03 0.0139019
  228 227.5 32.0299 0.0139019
  229 228.5 32.0113 0.0138938
  230 229.5 32.0252 0.0138998
  231 230.5 32.0067 0.0138918
  232 231.5 31.9958 0.013887
  233 232.5 32.0343 0.0139038
  234 233.5 32.0317 0.0139026
  235 234.5 32.0449 0.0139084
  236 235.5 32.0278 0.013901
  237 236.5 32.043 0.0139076
  238 237.5 32.0535 0.0139121
  239 238.5 32.0187 0.013897
  240 239.5 32.0175 0.0138965
  241 240.5 32.0393 0.0139059
  242 241.5 32.03 0.0139019
  243 242.5 31.9997 0.0138888
  244 243.5 32.0345 0.0139039
  245 244.5 32.0348 0.013904
  246 245.5 32.0189 0.0138971
  247 246.5 32.0324 0.0139029
  248 247.5 32.0382 0.0139055
  249 248.5 32.0451 0.0139085
  250 249.5 32.0269 0.0139005
  251 250.5 32.0408 0.0139066
  252 251.5 32.0269 0.0139006
  253 252.5 32.0034 0.0138904
  254 253.5 32.0089 0.0138928
  255 254.5 31.9856 0.0138826
  256 255.5 31.9495 0.013867
  257 256.5 31.9744 0.0138778
  258 257.5 31.9465 0.0138657
  259 258.5 31.954 0.0138689
  260 259.5 31.9383 0.0138621
  261 260.5 31.9569 0.0138702
  262 261.5 31.9145 0.0138518
  263 262.5 31.8835 0.0138383
  264 263.5 31.8796 0.0138366
  265 264.5 31.8478 0.0138228
  266 265.5 31.8388 0.0138189
  267 266.5 31.8547 0.0138258
  268 267.5 31.8481 0.013823
  269 268.5 31.7857 0.0137959
  270 269.5 31.845 0.0138216
  271 270.5 31.8128 0.0138077
  272 271.5 31.8005 0.0138023
  273 272.5 31.7968 0.0138007
  274 273.5 31.7814 0.013794
  275 274.5 31.8067 0.013805
  276 275.5 31.818 0.0138099
  277 276.5 31.8342 0.0138169
  278 277.5 31.8126 0.0138076
  279 278.5 31.8089 0.0138059
  280 279.5 31.8205 0.013811
  281 280.5 31.8043 0.0138039
  282 281.5 31.8063 0.0138048
  283 282.5 31.8155 0.0138088
  284 283.5 31.8175 0.0138097
  285 284.5 31.8019 0.0138029
  286 285.5 31.8187 0.0138102
  287 286.5 31.8359 0.0138176
  288 287.5 31.7838 0.013795
  289 288.5 31.7995 0.0138018
  290 289.5 31.7925 0.0137988
  291 290.5 31.788 0.0137969
  292 291.5 31.8047 0.0138041
  293 292.5 31.7885 0.0137971
  294 293.5 31.791 0.0137982
  295 294.5 31.7765 0.0137919
  296 295.5 31.7526 0.0137815
  297 296.5 31.7722 0.01379
  298 297.5 31.7473 0.0137792
  299 298.5 31.7333 0.0137731
  300 299.5 31.7021 0.0137596
  301 300.5 31.6579 0.0137404
  302 301.5 31.5637 0.0136995
  303 302.5 31.5301 0.013685
  304 303.5 31.4357 0.013644
  305 304.5 31.2417 0.0135598
  306 305.5 31.0584 0.0134802
  307 306.5 30.8126 0.0133735
  308 307.5 30.4986 0.0132372
  309 308.5 30.0336 0.0130354
  310 309.5 29.5013 0.0128044
  311 310.5 28.8947 0.0125411
  312 311.5 28.0658 0.0121813
  313 312.5 27.0762 0.0117518
  314 313.5 25.9632 0.0112688
  315 314.5 24.6489 0.0106983
  316 315.5 23.0611 0.0100091
  317 316.5 21.4243 0.00929876
  318 317.5 19.6662 0.00853566
  319 318.5 17.7891 0.00772096
  320 319.5 15.9406 0.00691865
  321 320.5 14.175 0.00615235
  322 321.5 12.5143 0.00543157
  323 322.5 10.9718 0.00476209
  324 323.5 9.62887 0.0041792
  325 324.5 8.45007 0.00366757
  326 325.5 7.45289 0.00323476
  327 326.5 6.61857 0.00287264
  328 327.5 5.9255 0.00257183
  329 328.5 5.36292 0.00232766
  330 329.5 4.87732 0.00211689
  331 330.5 4.47734 0.00194329
  332 331.5 4.12971 0.00179241
  333 332.5 3.82958 0.00166214
  334 333.5 3.54025 0.00153657
  335 334.5 3.25552 0.00141298
  336 335.5 3.01145 0.00130705
  337 336.5 2.75799 0.00119704
  338 337.5 2.50335 0.00108652
  339 338.5 2.25728 0.00097972
  340 339.5 2.02203 0.000877617
  341 340.5 1.79951 0.000781036
  342 341.5 1.60021 0.000694534
  343 342.5 1.41604 0.000614601
  344 343.5 1.24198 0.000539053
  345 344.5 1.09333 0.000474537
  346 345.5 0.96378 0.000418307
  347 346.5 0.860246 0.000373371
  348 347.5 0.773094 0.000335544
  349 348.5 0.708288 0.000307417
  350 349.5 0.651288 0.000282677
  351 350.5 0.606652 0.000263304
  352 351.5 0.564756 0.00024512
  353 352.5 0.543668 0.000235967
  354 353.5 0.52026 0.000225807
  355 354.5 0.5035 0.000218533
  356 355.5 0.489432 0.000212427
  357 356.5 0.475442 0.000206355
  358 357.5 0.47247 0.000205065
  359 358.5 0.465552 0.000202063
  360 359.5 0.456388 0.000198085
  361 360.5 0.459952 0.000199632
  362 361.5 0.455738 0.000197803
  363 362.5 0.453748 0.000196939
  364 363.5 0.449506 0.000195098
  365 364.5 0.444952 0.000193122
  366 365.5 0.449438 0.000195069
  367 366.5 0.451964 0.000196165
  368 367.5 0.449104 0.000194924
  369 368.5 0.44843 0.000194631
  370 369.5 0.446808 0.000193927
  371 370.5 0.448182 0.000194523
  372 371.5 0.442938 0.000192247
  373 372.5 0.442826 0.000192199
  374 373.5 0.436862 0.00018961
  375 374.5 0.4413 0.000191536
  376 375.5 0.443966 0.000192694
  377 376.5 0.44304 0.000192292
  378 377.5 0.43892 0.000190503
  379 378.5 0.43797 0.000190091
  380 379.5 0.439634 0.000190813
  381 380.5 0.441266 0.000191522
  382 381.5 0.440982 0.000191398
  383 382.5 0.445204 0.000193231
  384 383.5 0.437796 0.000190016
  385 384.5 0.439604 0.0001908
  386 385.5 0.443106 0.00019232
  387 386.5 0.444796 0.000193054
  388 387.5 0.439698 0.000190841
  389 388.5 0.437552 0.00018991
  390 389.5 0.442804 0.000192189
  391 390.5 0.44357 0.000192522
  392 391.5 0.444016 0.000192715
  393 392.5 0.44492 0.000193108
  394 393.5 0.443394 0.000192445
  395 394.5 0.447974 0.000194433
  396 395.5 0.44659 0.000193832
  397 396.5 0.444068 0.000192738
  398 397.5 0.444716 0.000193019
  399 398.5 0.443436 0.000192464
  400 399.5 0.443322 0.000192414
  401 400.5 0.440128 0.000191028
  402 401.5 0.444252 0.000192818
  403 402.5 0.440666 0.000191261
  404 403.5 0.441168 0.000191479
  405 404.5 0.445646 0.000193423
  406 405.5 0.44861 0.000194709
  407 406.5 0.448618 0.000194713
  408 407.5 0.451566 0.000195992
  409 408.5 0.451298 0.000195876
  410 409.5 0.449942 0.000195287
  411 410.5 0.449026 0.00019489
  412 411.5 0.448104 0.00019449
  413 412.5 0.447726 0.000194326
  414 413.5 0.442322 0.00019198
  415 414.5 0.441008 0.00019141
  416 415.5 0.438518 0.000190329
  417 416.5 0.442012 0.000191845
  418 417.5 0.44263 0.000192114
  419 418.5 0.44151 0.000191628
  420 419.5 0.446038 0.000193593
  421 420.5 0.446152 0.000193642
  422 421.5 0.44746 0.00019421
  423 422.5 0.442904 0.000192233
  424 423.5 0.438714 0.000190414
  425 424.5 0.440592 0.000191229
  426 425.5 0.435866 0.000189178
  427 426.5 0.437756 0.000189998
  428 427.5 0.438512 0.000190326
  429 428.5 0.435586 0.000189056
  430 429.5 0.44181 0.000191758
  431 430.5 0.449962 0.000195296
  432 431.5 0.44337 0.000192435
  433 432.5 0.441526 0.000191635
  434 433.5 0.435682 0.000189098
  435 434.5 0.437528 0.000189899
  436 435.5 0.435734 0.000189121
  437 436.5 0.433024 0.000187944
  438 437.5 0.43333 0.000188077
  439 438.5 0.429788 0.00018654
  440 439.5 0.436052 0.000189259
  441 440.5 0.436832 0.000189597
  442 441.5 0.435562 0.000189046
  443 442.5 0.438002 0.000190105
  444 443.5 0.43696 0.000189653
  445 444.5 0.437594 0.000189928
  446 445.5 0.438992 0.000190535
  447 446.5 0.436 0.000189236
  448 447.5 0.432912 0.000187896
  449 448.5 0.432554 0.00018774
  450 449.5 0.43407 0.000188398
  451 450.5 0.440686 0.00019127
  452 451.5 0.43963 0.000190812
  453 452.5 0.437304 0.000189802
  454 453.5 0.441786 0.000191747
  455 454.5 0.43939 0.000190707
  456 455.5 0.439428 0.000190724
  457 456.5 0.441566 0.000191652
  458 457.5 0.443296 0.000192403
  459 458.5 0.443104 0.000192319
  460 459.5 0.437886 0.000190055
  461 460.5 0.43965 0.00019082
  462 461.5 0.43653 0.000189466
  463 462.5 0.439982 0.000190964
  464 463.5 0.44306 0.0001923
  465 464.5 0.442158 0.000191909
  466 465.5 0.435744 0.000189125
  467 466.5 0.438374 0.000190266
  468 467.5 0.439178 0.000190615
  469 468.5 0.444264 0.000192823
  470 469.5 0.444402 0.000192883
  471 470.5 0.446798 0.000193923
  472 471.5 0.457358 0.000198506
  473 472.5 0.471676 0.00020472
  474 473.5 0.484632 0.000210344
  475 474.5 0.500494 0.000217228
  476 475.5 0.51349 0.000222869
  477 476.5 0.537782 0.000233412
  478 477.5 0.566922 0.00024606
  479 478.5 0.600978 0.000260841
  480 479.5 0.645112 0.000279997
40000000 480 5817.000000000006
  1 0.5 0.782182 0.000339489
  2 1.5 0.868414 0.000376916
  3 2.5 0.971484 0.000421651
  4 3.5 1.0944 0.000474998
  5 4.5 1.23394 0.000535565
  6 5.5 1.39719 0.00060642
  7 6.5 1.57068 0.000681717
  8 7.5 1.76932 0.000767933
  9 8.5 1.98414 0.00086117
  10 9.5 2.19552 0.000952915
  11 10.5 2.41895 0.00104989
  12 11.5 2.64126 0.00114638
  13 12.5 2.86943 0.00124541
  14 13.5 3.08717 0.00133992
  15 14.5 3.2515 0.00141124
  16 15.5 3.41993 0.00148434
  17 16.5 3.58005 0.00155384
  18 17.5 3.70178 0.00160668
  19 18.5 3.80894 0.00165319
  20 19.5 3.90803 0.00169619
  21 20.5 3.97472 0.00172514
  22 21.5 4.01756 0.00174373
  23 22.5 4.05349 0.00175933
  24 23.5 4.08426 0.00177268
  25 24.5 4.09118 0.00177568
  26 25.5 4.10501 0.00178169
  27 26.5 4.10068 0.00177981
  28 27.5 4.09354 0.00177671
  29 28.5 4.11134 0.00178444
  30 29.5 4.11294 0.00178513
  31 30.5 4.12383 0.00178986
  32 31.5 4.14381 0.00179853
  33 32.5 4.15756 0.0018045
  34 33.5 4.14758 0.00180016
  35 34.5 4.15792 0.00180465
  36 35.5 4.17308 0.00181123
  37 36.5 4.17413 0.00181169
  38 37.5 4.15837 0.00180485
  39 38.5 4.15763 0.00180453
  40 39.5 4.16907 0.00180949
  41 40.5 4.17733 0.00181308
  42 41.5 4.19807 0.00182208
  43 42.5 4.20127 0.00182347
  44 43.5 4.18181 0.00181502
  45 44.5 4.191 0.00181901
  46 45.5 4.19211 0.00181949
  47 46.5 4.18676 0.00181717
  48 47.5 4.18731 0.00181741
  49 48.5 4.19009 0.00181861
  50 49.5 4.19611 0.00182123
  51 50.5 4.2131 0.0018286
  52 51.5 4.2026 0.00182405
  53 52.5 4.20777 0.00182629
  54 53.5 4.20007 0.00182295
  55 54.5 4.19292 0.00181984
  56 55.5 4.17868 0.00181366
  57 56.5 4.17332 0.00181134
  58 57.5 4.17294 0.00181117
  59 58.5 4.15542 0.00180357
  60 59.5 4.15274 0.0018024
  61 60.5 4.14788 0.0018003
  62 61.5 4.16021 0.00180564
  63 62.5 4.15124 0.00180176
  64 63.5 4.14528 0.00179917
  65 64.5 4.14862 0.00180062
  66 65.5 4.14343 0.00179836
  67 66.5 4.14802 0.00180036
  68 67.5 4.15331 0.00180265
  69 68.5 4.16092 0.00180596
  70 69.5 4.14996 0.0018012
  71 70.5 4.13535 0.00179486
  72 71.5 4.12035 0.00178835
  73 72.5 4.10022 0.00177961
  74 73.5 4.09556 0.00177759
  75 74.5 4.09036 0.00177533
  76 75.5 4.0877 0.00177418
  77 76.5 4.09845 0.00177884
  78 77.5 4.08707 0.0017739
  79 78.5 4.08323 0.00177224
  80 79.5 4.07863 0.00177024
  81 80.5 4.08888 0.00177469
  82 81.5 4.08297 0.00177212
  83 82.5 4.07217 0.00176744
  84 83.5 4.06643 0.00176495
  85 84.5 4.06111 0.00176263
  86 85.5 4.05624 0.00176052
  87 86.5 4.06 0.00176215
  88 87.5 4.04772 0.00175682
  89 88.5 4.04764 0.00175679
  90 89.5 4.06285 0.00176339
  91 90.5 4.07148 0.00176714
  92 91.5 4.07759 0.00176979
  93 92.5 4.08972 0.00177505
  94 93.5 4.10147 0.00178015
  95 94.5 4.08956 0.00177498
  96 95.5 4.08749 0.00177408
  97 96.5 4.10025 0.00177962
  98 97.5 4.11217 0.0017848
  99 98.5 4.10548 0.00178189
  100 99.5 4.1113 0.00178442
  101 100.5 4.10993 0.00178382
  102 101.5 4.10522 0.00178178
  103 102.5 4.10331 0.00178095
  104 103.5 4.07449 0.00176844
  105 104.5 4.06307 0.00176349
  106 105.5 4.06986 0.00176643
  107 106.5 4.07184 0.00176729
  108 107.5 4.04494 0.00175562
  109 108.5 4.04163 0.00175418
  110 109.5 4.01762 0.00174376
  111 110.5 3.98558 0.00172985
  112 111.5 3.9776 0.00172639
  113 112.5 3.97669 0.00172599
  114 113.5 3.97119 0.00172361
  115 114.5 3.99661 0.00173464
  116 115.5 4.00874 0.0017399
  117 116.5 4.02625 0.00174751
  118 117.5 4.02426 0.00174664
  119 118.5 4.02593 0.00174737
  120 119.5 4.05578 0.00176032
  121 120.5 4.06194 0.001763
  122 121.5 4.05311 0.00175916
  123 122.5 4.04911 0.00175743
  124 123.5 4.05624 0.00176052
  125 124.5 4.07204 0.00176738
  126 125.5 4.06146 0.00176279
  127 126.5 4.07167 0.00176722
  128 127.5 4.06289 0.00176341
  129 128.5 4.06524 0.00176443
  130 129.5 4.06814 0.00176569
  131 130.5 4.08304 0.00177215
  132 131.5 4.09458 0.00177716
  133 132.5 4.08786 0.00177424
  134 133.5 4.0952 0.00177743
  135 134.5 4.10952 0.00178365
  136 135.5 4.12525 0.00179047
  137 136.5 4.11819 0.00178741
  138 137.5 4.1434 0.00179835
  139 138.5 4.15331 0.00180265
  140 139.5 4.17168 0.00181063
  141 140.5 4.18913 0.0018182
  142 141.5 4.23344 0.00183743
  143 142.5 4.28229 0.00185863
  144 143.5 4.36751 0.00189562
  145 144.5 4.50336 0.00195459
  146 145.5 4.67223 0.00202788
  147 146.5 4.85529 0.00210733
  148 147.5 5.13425 0.00222841
  149 148.5 5.48516 0.00238071
  150 149.5 5.93835 0.00257741
  151 150.5 6.51281 0.00282674
  152 151.5 7.19659 0.00312352
  153 152.5 8.03585 0.00348778
  154 153.5 9.04064 0.00392389
  155 154.5 10.2026 0.00442819
  156 155.5 11.582 0.00502691
  157 156.5 13.072 0.00567363
  158 157.5 14.7205 0.00638912
  159 158.5 16.4513 0.0071403
  160 159.5 18.2363 0.00791508
  161 160.5 19.9825 0.00867295
  162 161.5 21.6933 0.00941549
  163 162.5 23.2681 0.010099
  164 163.5 24.7198 0.0107291
  165 164.5 25.9774 0.0112749
  166 165.5 27.1016 0.0117629
  167 166.5 28.0646 0.0121808
  168 167.5 28.7968 0.0124986
  169 168.5 29.3866 0.0127546
  170 169.5 29.9082 0.012981
  171 170.5 30.3595 0.0131769
  172 171.5 30.6724 0.0133127
  173 172.5 30.8871 0.0134059
  174 173.5 31.0802 0.0134897
  175 174.5 31.2632 0.0135691
  176 175.5 31.3256 0.0135962
  177 176.5 31.3449 0.0136046
  178 177.5 31.4979 0.013671
  179 178.5 31.5388 0.0136887
  180 179.5 31.5164 0.013679
  181 180.5 31.547 0.0136923
  182 181.5 31.6182 0.0137232
  183 182.5 31.596 0.0137135
  184 183.5 31.5675 0.0137012
  185 184.5 31.626 0.0137266
  186 185.5 31.6449 0.0137348
  187 186.5 31.6144 0.0137215
  188 187.5 31.621 0.0137244
  189 188.5 31.6737 0.0137472
  190 189.5 31.62 0.013724
  191 190.5 31.624 0.0137257
  192 191.5 31.6657 0.0137438
  193 192.5 31.682 0.0137509
  194 193.5 31.5789 0.0137061
  195 194.5 31.6503 0.0137371
  196 195.5 31.7069 0.0137617
  197 196.5 31.6346 0.0137303
  198 197.5 31.6818 0.0137508
  199 198.5 31.6933 0.0137558
  200 199.5 31.7042 0.0137605
  201 200.5 31.7051 0.0137609
  202 201.5 31.7097 0.0137629
  203 202.5 31.7124 0.0137641
  204 203.5 31.7475 0.0137793
  205 204.5 31.6921 0.0137553
  206 205.5 31.6855 0.0137524
  207 206.5 31.6807 0.0137503
  208 207.5 31.6909 0.0137547
  209 208.5 31.6948 0.0137564
  210 209.5 31.6768 0.0137486
  211 210.5 31.6625 0.0137424
  212 211.5 31.7027 0.0137599
  213 212.5 31.7006 0.0137589
  214 213.5 31.638 0.0137318
  215 214.5 31.7483 0.0137797
  216 215.5 31.7517 0.0137811
  217 216.5 31.7052 0.0137609
  218 217.5 31.7727 0.0137902
  219 218.5 31.8163 0.0138092
  220 219.5 31.8042 0.0138039
  221 220.5 31.8016 0.0138028
  222 221.5 31.8563 0.0138265
  223 222.5 31.8295 0.0138149
  224 223.5 31.8229 0.013812
  225 224.5 31.8066 0.013805
  226 225.5 31.7972 0.0138009
  227 226.5 31.815 0.0138086
  228 227.5 31.8085 0.0138058
  229 228.5 31.8238 0.0138124
  230 229.5 31.8411 0.0138199
  231 230.5 31.886 0.0138394
  232 231.5 31.885 0.013839
  233 232.5 31.9264 0.013857
  234 233.5 31.8852 0.0138391
  235 234.5 31.9077 0.0138488
  236 235.5 31.9188 0.0138536
  237 236.5 31.9137 0.0138514
  238 237.5 31.886 0.0138394
  239 238.5 31.9131 0.0138512
  240 239.5 31.9301 0.0138586
  241 240.5 31.9248 0.0138563
  242 241.5 31.9364 0.0138613
  243 242.5 31.9635 0.0138731
  244 243.5 31.9095 0.0138496
  245 244.5 31.9503 0.0138673
  246 245.5 31.9437 0.0138645
  247 246.5 31.9125 0.0138509
  248 247.5 31.9345 0.0138605
  249 248.5 31.9341 0.0138603
  250 249.5 31.9103 0.01385
  251 250.5 31.8828 0.013838
  252 251.5 31.9116 0.0138505
  253 252.5 31.8538 0.0138254
  254 253.5 31.8604 0.0138283
  255 254.5 31.8219 0.0138116
  256 255.5 31.8178 0.0138098
  257 256.5 31.8152 0.0138087
  258 257.5 31.7786 0.0137928
  259 258.5 31.7581 0.0137839
  260 259.5 31.7581 0.0137839
  261 260.5 31.7769 0.0137921
  262 261.5 31.7623 0.0137857
  263 262.5 31.7319 0.0137725
  264 263.5 31.8085 0.0138058
  265 264.5 31.8071 0.0138052
  266 265.5 31.7615 0.0137854
  267 266.5 31.7955 0.0138001
  268 267.5 31.8218 0.0138115
  269 268.5 31.7794 0.0137931
  270 269.5 31.8302 0.0138152
  271 270.5 31.8217 0.0138115
  272 271.5 31.8263 0.0138135
  273 272.5 31.7679 0.0137882
  274 273.5 31.7935 0.0137992
  275 274.5 31.7792 0.0137931
  276 275.5 31.7884 0.0137971
  277 276.5 31.7845 0.0137954
  278 277.5 31.801 0.0138025
  279 278.5 31.7634 0.0137862
  280 279.5 31.7443 0.0137779
  281 280.5 31.7849 0.0137955
  282 281.5 31.7662 0.0137874
  283 282.5 31.7348 0.0137738
  284 283.5 31.7409 0.0137764
  285 284.5 31.7583 0.013784
  286 285.5 31.766 0.0137873
  287 286.5 31.7444 0.0137779
  288 287.5 31.7468 0.013779
  289 288.5 31.8036 0.0138036
  290 289.5 31.7435 0.0137776
  291 290.5 31.7144 0.0137649
  292 291.5 31.742 0.0137769
  293 292.5 31.734 0.0137734
  294 293.5 31.726 0.01377
  295 294.5 31.7101 0.0137631
  296 295.5 31.7026 0.0137598
  297 296.5 31.6631 0.0137427
  298 297.5 31.6447 0.0137347
  299 298.5 31.6127 0.0137208
  300 299.5 31.5969 0.0137139
  301 300.5 31.5586 0.0136973
  302 301.5 31.442 0.0136467
  303 302.5 31.3645 0.0136131
  304 303.5 31.2708 0.0135724
  305 304.5 31.0849 0.0134917
  306 305.5 30.9084 0.0134151
  307 306.5 30.6899 0.0133203
  308 307.5 30.3801 0.0131858
  309 308.5 29.9278 0.0129895
  310 309.5 29.4511 0.0127826
  311 310.5 28.8534 0.0125232
  312 311.5 28.1448 0.0122156
  313 312.5 27.2046 0.0118075
  314 313.5 26.1448 0.0113476
  315 314.5 24.9037 0.0108089
  316 315.5 23.4594 0.0101821
  317 316.5 21.8128 0.00946738
  318 317.5 20.0799 0.00871523
  319 318.5 18.2594 0.0079251
  320 319.5 16.3925 0.00711478
  321 320.5 14.6007 0.0063371
  322 321.5 12.8937 0.00559624
  323 322.5 11.3013 0.00490507
  324 323.5 9.90028 0.004297
  325 324.5 8.68121 0.00376789
  326 325.5 7.64014 0.00331603
  327 326.5 6.73585 0.00292354
  328 327.5 6.00052 0.00260439
  329 328.5 5.3937 0.00234102
  330 329.5 4.87255 0.00211482
  331 330.5 4.42198 0.00191926
  332 331.5 4.05159 0.0017585
  333 332.5 3.72656 0.00161743
  334 333.5 3.41953 0.00148417
  335 334.5 3.1537 0.00136879
  336 335.5 2.86666 0.00124421
  337 336.5 2.59511 0.00112635
  338 337.5 2.32895 0.00101083
  339 338.5 2.06777 0.000897471
  340 339.5 1.82973 0.000794153
  341 340.5 1.61388 0.00070047
  342 341.5 1.42419 0.00061814
  343 342.5 1.25019 0.000542616
  344 343.5 1.08901 0.000472659
  345 344.5 0.964598 0.000418662
  346 345.5 0.85746 0.000372161
  347 346.5 0.767918 0.000333298
  348 347.5 0.696978 0.000302508
  349 348.5 0.642512 0.000278868
  350 349.5 0.595324 0.000258387
  351 350.5 0.562254 0.000244034
  352 351.5 0.534576 0.000232021
  353 352.5 0.517596 0.000224651
  354 353.5 0.503418 0.000218497
  355 354.5 0.493614 0.000214242
  356 355.5 0.483992 0.000210066
  357 356.5 0.48043 0.00020852
  358 357.5 0.47445 0.000205924
  359 358.5 0.474796 0.000206075
  360 359.5 0.475252 0.000206273
  361 360.5 0.4702 0.00020408
  362 361.5 0.468398 0.000203298
  363 362.5 0.46297 0.000200942
  364 363.5 0.466734 0.000202576
  365 364.5 0.460276 0.000199773
  366 365.5 0.457008 0.000198354
  367 366.5 0.454658 0.000197334
  368 367.5 0.45706 0.000198377
  369 368.5 0.458898 0.000199174
  370 369.5 0.456272 0.000198035
  371 370.5 0.45651 0.000198138
  372 371.5 0.460806 0.000200003
  373 372.5 0.464108 0.000201436
  374 373.5 0.465128 0.000201878
  375 374.5 0.46045 0.000199848
  376 375.5 0.457848 0.000198719
  377 376.5 0.45694 0.000198325
  378 377.5 0.458194 0.000198869
  379 378.5 0.464274 0.000201508
  380 379.5 0.465476 0.00020203
  381 380.5 0.465586 0.000202077
  382 381.5 0.464424 0.000201573
  383 382.5 0.464506 0.000201609
  384 383.5 0.466446 0.000202451
  385 384.5 0.4686 0.000203385
  386 385.5 0.466846 0.000202624
  387 386.5 0.461252 0.000200196
  388 387.5 0.460116 0.000199703
  389 388.5 0.46156 0.00020033
  390 389.5 0.459072 0.00019925
  391 390.5 0.460186 0.000199734
  392 391.5 0.460294 0.00019978
  393 392.5 0.45867 0.000199076
  394 393.5 0.453312 0.00019675
  395 394.5 0.455892 0.00019787
  396 395.5 0.452428 0.000196366
  397 396.5 0.457142 0.000198412
  398 397.5 0.458546 0.000199022
  399 398.5 0.45409 0.000197088
  400 399.5 0.452352 0.000196333
  401 400.5 0.44951 0.0001951
  402 401.5 0.4515 0.000195964
  403 402.5 0.449724 0.000195193
  404 403.5 0.453238 0.000196718
  405 404.5 0.452116 0.000196231
  406 405.5 0.449058 0.000194904
  407 406.5 0.448548 0.000194682
  408 407.5 0.449706 0.000195185
  409 408.5 0.451102 0.000195791
  410 409.5 0.45387 0.000196992
  411 410.5 0.456432 0.000198104
  412 411.5 0.455376 0.000197646
  413 412.5 0.460006 0.000199655
  414 413.5 0.453606 0.000196878
  415 414.5 0.452452 0.000196377
  416 415.5 0.449724 0.000195193
  417 416.5 0.45536 0.000197639
  418 417.5 0.456492 0.00019813
  419 418.5 0.457608 0.000198615
  420 419.5 0.457128 0.000198406
  421 420.5 0.458572 0.000199033
  422 421.5 0.455018 0.00019749
  423 422.5 0.45455 0.000197287
  424 423.5 0.45517 0.000197556
  425 424.5 0.455028 0.000197495
  426 425.5 0.455214 0.000197576
  427 426.5 0.456752 0.000198243
  428 427.5 0.45489 0.000197435
  429 428.5 0.455526 0.000197711
  430 429.5 0.45481 0.0001974
  431 430.5 0.45571 0.000197791
  432 431.5 0.454276 0.000197168
  433 432.5 0.457158 0.000198419
  434 433.5 0.45574 0.000197804
  435 434.5 0.453952 0.000197028
  436 435.5 0.451018 0.000195754
  437 436.5 0.455396 0.000197655
  438 437.5 0.458622 0.000199055
  439 438.5 0.455908 0.000197877
  440 439.5 0.453078 0.000196648
  441 440.5 0.45646 0.000198116
  442 441.5 0.450406 0.000195489
  443 442.5 0.44979 0.000195221
  444 443.5 0.452784 0.000196521
  445 444.5 0.450828 0.000195672
  446 445.5 0.450676 0.000195606
  447 446.5 0.453614 0.000196881
  448 447.5 0.455058 0.000197508
  449 448.5 0.453358 0.00019677
  450 449.5 0.454432 0.000197236
  451 450.5 0.454044 0.000197068
  452 451.5 0.45164 0.000196024
  453 452.5 0.45473 0.000197365
  454 453.5 0.456738 0.000198237
  455 454.5 0.456734 0.000198235
  456 455.5 0.460472 0.000199858
  457 456.5 0.466054 0.00020228
  458 457.5 0.457062 0.000198378
  459 458.5 0.453384 0.000196781
  460 459.5 0.458432 0.000198972
  461 460.5 0.460042 0.000199671
  462 461.5 0.459968 0.000199639
  463 462.5 0.455636 0.000197759
  464 463.5 0.454214 0.000197141
  465 464.5 0.453546 0.000196852
  466 465.5 0.454368 0.000197208
  467 466.5 0.45865 0.000199067
  468 467.5 0.463766 0.000201287
  469 468.5 0.469424 0.000203743
  470 469.5 0.470376 0.000204156
  471 470.5 0.476792 0.000206941
  472 471.5 0.483534 0.000209867
  473 472.5 0.489318 0.000212378
  474 473.5 0.505498 0.0002194
  475 474.5 0.524094 0.000227471
  476 475.5 0.548398 0.00023802
  477 476.5 0.579362 0.000251459
  478 477.5 0.61043 0.000264944
  479 478.5 0.658838 0.000285954
  480 479.5 0.712498 0.000309244
50000000 480 5816.999999999997
  1 0.5 0.519058 0.000225286
  2 1.5 0.540312 0.00023451
  3 2.5 0.569684 0.000247259
  4 3.5 0.600348 0.000260568
  5 4.5 0.639336 0.00027749
  6 5.5 0.695384 0.000301816
  7 6.5 0.758218 0.000329088
  8 7.5 0.846404 0.000367363
  9 8.5 0.948872 0.000411837
  10 9.5 1.06321 0.000461464
  11 10.5 1.18845 0.000515819
  12 11.5 1.33749 0.000580508
  13 12.5 1.5073 0.000654208
  14 13.5 1.68352 0.000730693
  15 14.5 1.8903 0.000820441
  16 15.5 2.09667 0.000910011
  17 16.5 2.30871 0.00100205
  18 17.5 2.52811 0.00109727
  19 18.5 2.73815 0.00118843
  20 19.5 2.93218 0.00127265
  21 20.5 3.11367 0.00135142
  22 21.5 3.28954 0.00142775
  23 22.5 3.44741 0.00149627
  24 23.5 3.59155 0.00155883
  25 24.5 3.70916 0.00160988
  26 25.5 3.79906 0.0016489
  27 26.5 3.87178 0.00168046
  28 27.5 3.93162 0.00170643
  29 28.5 3.98877 0.00173124
  30 29.5 4.0319 0.00174996
  31 30.5 4.06762 0.00176546
  32 31.5 4.0892 0.00177482
  33 32.5 4.10485 0.00178162
  34 33.5 4.12347 0.0017897
  35 34.5 4.14206 0.00179777
  36 35.5 4.1655 0.00180794
  37 36.5 4.17379 0.00181154
  38 37.5 4.19935 0.00182264
  39 38.5 4.20025 0.00182303
  40 39.5 4.1984 0.00182222
  41 40.5 4.21312 0.00182861
  42 41.5 4.20198 0.00182378
  43 42.5 4.20007 0.00182295
  44 43.5 4.21408 0.00182903
  45 44.5 4.23924 0.00183995
  46 45.5 4.26248 0.00185003
  47 46.5 4.27201 0.00185417
  48 47.5 4.28325 0.00185905
  49 48.5 4.29135 0.00186256
  50 49.5 4.28922 0.00186164
  51 50.5 4.28641 0.00186042
  52 51.5 4.31022 0.00187076
  53 52.5 4.30212 0.00186724
  54 53.5 4.30155 0.00186699
  55 54.5 4.31626 0.00187338
  56 55.5 4.30739 0.00186953
  57 56.5 4.31342 0.00187214
  58 57.5 4.33273 0.00188053
  59 58.5 4.33025 0.00187945
  60 59.5 4.32908 0.00187894
  61 60.5 4.35566 0.00189048
  62 61.5 4.35176 0.00188878
  63 62.5 4.34437 0.00188558
  64 63.5 4.34739 0.00188689
  65 64.5 4.34608 0.00188632
  66 65.5 4.33095 0.00187975
  67 66.5 4.32595 0.00187758
  68 67.5 4.32122 0.00187553
  69 68.5 4.33377 0.00188097
  70 69.5 4.33925 0.00188335
  71 70.5 4.32708 0.00187807
  72 71.5 4.30987 0.0018706
  73 72.5 4.29831 0.00186559
  74 73.5 4.32539 0.00187734
  75 74.5 4.33011 0.00187939
  76 75.5 4.33004 0.00187936
  77 76.5 4.30436 0.00186821
  78 77.5 4.30263 0.00186746
  79 78.5 4.30485 0.00186843
  80 79.5 4.30556 0.00186873
  81 80.5 4.30626 0.00186904
  82 81.5 4.31357 0.00187221
  83 82.5 4.29251 0.00186307
  84 83.5 4.27414 0.0018551
  85 84.5 4.26118 0.00184947
  86 85.5 4.2584 0.00184826
  87 86.5 4.23132 0.00183651
  88 87.5 4.23227 0.00183692
  89 88.5 4.24103 0.00184072
  90 89.5 4.25287 0.00184586
  91 90.5 4.2496 0.00184445
  92 91.5 4.24266 0.00184143
  93 92.5 4.24719 0.0018434
  94 93.5 4.23181 0.00183672
  95 94.5 4.23994 0.00184025
  96 95.5 4.22921 0.00183559
  97 96.5 4.21324 0.00182866
  98 97.5 4.19783 0.00182197
  99 98.5 4.21933 0.00183131
  100 99.5 4.2122 0.00182821
  101 100.5 4.20253 0.00182401
  102 101.5 4.20064 0.00182319
  103 102.5 4.21031 0.00182739
  104 103.5 4.20535 0.00182524
  105 104.5 4.19216 0.00181951
  106 105.5 4.18436 0.00181613
  107 106.5 4.19554 0.00182098
  108 107.5 4.19853 0.00182228
  109 108.5 4.20288 0.00182417
  110 109.5 4.21336 0.00182872
  111 110.5 4.21964 0.00183144
  112 111.5 4.20067 0.00182321
  113 112.5 4.20126 0.00182346
  114 113.5 4.19639 0.00182135
  115 114.5 4.19717 0.00182169
  116 115.5 4.19421 0.00182041
  117 116.5 4.18903 0.00181815
  118 117.5 4.17824 0.00181347
  119 118.5 4.17634 0.00181265
  120 119.5 4.18664 0.00181712
  121 120.5 4.19616 0.00182125
  122 121.5 4.22094 0.00183201
  123 122.5 4.22564 0.00183404
  124 123.5 4.20431 0.00182479
  125 124.5 4.20606 0.00182555
  126 125.5 4.20222 0.00182388
  127 126.5 4.19319 0.00181996
  128 127.5 4.18164 0.00181495
  129 128.5 4.18768 0.00181757
  130 129.5 4.19724 0.00182172
  131 130.5 4.19697 0.0018216
  132 131.5 4.18629 0.00181697
  133 132.5 4.17529 0.00181219
  134 133.5 4.17325 0.00181131
  135 134.5 4.18459 0.00181623
  136 135.5 4.17901 0.00181381
  137 136.5 4.1834 0.00181571
  138 137.5 4.19422 0.00182041
  139 138.5 4.19902 0.00182249
  140 139.5 4.20262 0.00182405
  141 140.5 4.21875 0.00183105
  142 141.5 4.2639 0.00185065
  143 142.5 4.26953 0.00185309
  144 143.5 4.30142 0.00186694
  145 144.5 4.3337 0.00188095
  146 145.5 4.37962 0.00190088
  147 146.5 4.43999 0.00192708
  148 147.5 4.53094 0.00196655
  149 148.5 4.6214 0.00200582
  150 149.5 4.7724 0.00207136
  151 150.5 4.94187 0.00214491
  152 151.5 5.19327 0.00225403
  153 152.5 5.5077 0.00239049
  154 153.5 5.89473 0.00255847
  155 154.5 6.42687 0.00278944
  156 155.5 7.00635 0.00304095
  157 156.5 7.77867 0.00337616
  158 157.5 8.68447 0.0037693
  159 158.5 9.74489 0.00422955
  160 159.5 10.9312 0.00474446
  161 160.5 12.2593 0.00532089
  162 161.5 13.7354 0.00596153
  163 162.5 15.3218 0.00665008
  164 163.5 16.9542 0.00735859
  165 164.5 18.5834 0.00806572
  166 165.5 20.2227 0.00877723
  167 166.5 21.8318 0.00947559
  168 167.5 23.3149 0.0101193
  169 168.5 24.6531 0.0107001
  170 169.5 25.848 0.0112187
  171 170.5 26.963 0.0117027
  172 171.5 27.8481 0.0120869
  173 172.5 28.643 0.0124319
  174 173.5 29.2895 0.0127125
  175 174.5 29.8178 0.0129417
  176 175.5 30.2423 0.013126
  177 176.5 30.6234 0.0132914
  178 177.5 30.9129 0.013417
  179 178.5 31.1038 0.0134999
  180 179.5 31.2587 0.0135672
  181 180.5 31.4375 0.0136447
  182 181.5 31.5047 0.0136739
  183 182.5 31.5991 0.0137149
  184 183.5 31.6824 0.0137511
  185 184.5 31.7172 0.0137661
  186 185.5 31.754 0.0137821
  187 186.5 31.7826 0.0137945
  188 187.5 31.79 0.0137977
  189 188.5 31.8227 0.013812
  190 189.5 31.8374 0.0138183
  191 190.5 31.848 0.0138229
  192 191.5 31.8585 0.0138275
  193 192.5 31.836 0.0138177
  194 193.5 31.8458 0.013822
  195 194.5 31.8282 0.0138143
  196 195.5 31.8185 0.0138101
  197 196.5 31.8702 0.0138326
  198 197.5 31.8894 0.0138409
  199 198.5 31.9177 0.0138532
  200 199.5 31.9064 0.0138483
  201 200.5 31.9767 0.0138788
  202 201.5 31.9683 0.0138751
  203 202.5 31.981 0.0138806
  204 203.5 31.9743 0.0138777
  205 204.5 31.9876 0.0138835
  206 205.5 31.9804 0.0138804
  207 206.5 31.9667 0.0138744
  208 207.5 31.9805 0.0138804
  209 208.5 31.9369 0.0138615
  210 209.5 32.0353 0.0139042
  211 210.5 31.9567 0.0138701
  212 211.5 31.9267 0.0138571
  213 212.5 31.9659 0.0138741
  214 213.5 32.0198 0.0138975
  215 214.5 31.9567 0.0138701
  216 215.5 31.9646 0.0138735
  217 216.5 32.0085 0.0138926
  218 217.5 32.0211 0.0138981
  219 218.5 31.9353 0.0138608
  220 219.5 32.0393 0.0139059
  221 220.5 32.0206 0.0138978
  222 221.5 31.9932 0.013886
  223 222.5 32.0302 0.013902
  224 223.5 32.0511 0.0139111
  225 224.5 32.0104 0.0138934
  226 225.5 31.9804 0.0138804
  227 226.5 32.0513 0.0139112
  228 227.5 32.0612 0.0139155
  229 228.5 32.0224 0.0138986
  230 229.5 32.0346 0.0139039
  231 230.5 32.0196 0.0138974
  232 231.5 32.0031 0.0138902
  233 232.5 31.9589 0.0138711
  234 233.5 31.9992 0.0138885
  235 234.5 31.9576 0.0138705
  236 235.5 31.8973 0.0138443
  237 236.5 31.9505 0.0138674
  238 237.5 31.9747 0.0138779
  239 238.5 31.9522 0.0138681
  240 239.5 31.9469 0.0138659
  241 240.5 31.9988 0.0138884
  242 241.5 31.9175 0.0138531
  243 242.5 31.9019 0.0138463
  244 243.5 31.9232 0.0138555
  245 244.5 31.9045 0.0138475
  246 245.5 31.91 0.0138498
  247 246.5 31.9106 0.0138501
  248 247.5 31.8922 0.0138421
  249 248.5 31.9051 0.0138477
  250 249.5 31.8846 0.0138388
  251 250.5 31.918 0.0138533
  252 251.5 31.9316 0.0138592
  253 252.5 31.9216 0.0138549
  254 253.5 31.9209 0.0138546
  255 254.5 31.9019 0.0138463
  256 255.5 31.9441 0.0138646
  257 256.5 31.9395 0.0138626
  258 257.5 31.9201 0.0138542
  259 258.5 31.9552 0.0138694
  260 259.5 31.9331 0.0138599
  261 260.5 31.9107 0.0138501
  262 261.5 31.9069 0.0138485
  263 262.5 31.8845 0.0138388
  264 263.5 31.9009 0.0138459
  265 264.5 31.9299 0.0138585
  266 265.5 31.9149 0.0138519
  267 266.5 31.9259 0.0138567
  268 267.5 31.9194 0.0138539
  269 268.5 31.8866 0.0138397
  270 269.5 31.8877 0.0138401
  271 270.5 31.8454 0.0138218
  272 271.5 31.8465 0.0138223
  273 272.5 31.8701 0.0138325
  274 273.5 31.8273 0.0138139
  275 274.5 31.8305 0.0138153
  276 275.5 31.8629 0.0138294
  277 276.5 31.8236 0.0138123
  278 277.5 31.796 0.0138004
  279 278.5 31.8125 0.0138075
  280 279.5 31.7757 0.0137915
  281 280.5 31.7652 0.013787
  282 281.5 31.7681 0.0137882
  283 282.5 31.7611 0.0137852
  284 283.5 31.7188 0.0137669
  285 284.5 31.6875 0.0137532
  286 285.5 31.7551 0.0137826
  287 286.5 31.7326 0.0137728
  288 287.5 31.7343 0.0137736
  289 288.5 31.7647 0.0137868
  290 289.5 31.8154 0.0138088
  291 290.5 31.8068 0.0138051
  292 291.5 31.8645 0.0138301
  293 292.5 31.8299 0.0138151
  294 293.5 31.8139 0.0138081
  295 294.5 31.8663 0.0138309
  296 295.5 31.8495 0.0138236
  297 296.5 31.8497 0.0138236
  298 297.5 31.8512 0.0138243
  299 298.5 31.8537 0.0138254
  300 299.5 31.8434 0.0138209
  301 300.5 31.8029 0.0138034
  302 301.5 31.744 0.0137778
  303 302.5 31.7396 0.0137759
  304 303.5 31.734 0.0137734
  305 304.5 31.6122 0.0137206
  306 305.5 31.5446 0.0136912
  307 306.5 31.4644 0.0136564
  308 307.5 31.3103 0.0135896
  309 308.5 31.1546 0.013522
  310 309.5 30.8915 0.0134078
  311 310.5 30.6145 0.0132875
  312 311.5 30.2156 0.0131144
  313 312.5 29.7426 0.0129091
  314 313.5 29.1955 0.0126717
  315 314.5 28.4367 0.0123423
  316 315.5 27.5722 0.0119671
  317 316.5 26.5336 0.0115163
  318 317.5 25.3662 0.0110096
  319 318.5 23.9925 0.0104134
  320 319.5 22.4594 0.00974798
  321 320.5 20.8424 0.00904617
  322 321.5 19.0752 0.00827916
  323 322.5 17.2874 0.0075032
  324 323.5 15.5376 0.00674374
  325 324.5 13.7887 0.0059847
  326 325.5 12.1625 0.00527886
  327 326.5 10.721 0.00465321
  328 327.5 9.40884 0.0040837
  329 328.5 8.30731 0.00360561
  330 329.5 7.35867 0.00319387
  331 330.5 6.57676 0.0028545
  332 331.5 5.92781 0.00257283
  333 332.5 5.40333 0.0023452
  334 333.5 4.97024 0.00215722
  335 334.5 4.61227 0.00200185
  336 335.5 4.29261 0.00186311
  337 336.5 4.03079 0.00174948
  338 337.5 3.75771 0.00163095
  339 338.5 3.52976 0.00153201
  340 339.5 3.30418 0.00143411
  341 340.5 3.0881 0.00134032
  342 341.5 2.8577 0.00124032
  343 342.5 2.62929 0.00114118
  344 343.5 2.41372 0.00104762
  345 344.5 2.19036 0.000950679
  346 345.5 1.9822 0.000860328
  347 346.5 1.77452 0.000770189
  348 347.5 1.57481 0.000683511
  349 348.5 1.38585 0.000601498
  350 349.5 1.22695 0.000532532
  351 350.5 1.08662 0.000471622
  352 351.5 0.956178 0.000415008
  353 352.5 0.861186 0.000373779
  354 353.5 0.78126 0.000339089
  355 354.5 0.702804 0.000305036
  356 355.5 0.64326 0.000279193
  357 356.5 0.600756 0.000260745
  358 357.5 0.566484 0.00024587
  359 358.5 0.542974 0.000235666
  360 359.5 0.52405 0.000227452
  361 360.5 0.50311 0.000218364
  362 361.5 0.49186 0.000213481
  363 362.5 0.487124 0.000211425
  364 363.5 0.48146 0.000208967
  365 364.5 0.47081 0.000204345
  366 365.5 0.462204 0.000200609
  367 366.5 0.458396 0.000198957
  368 367.5 0.457152 0.000198417
  369 368.5 0.456498 0.000198133
  370 369.5 0.454614 0.000197315
  371 370.5 0.452618 0.000196449
  372 371.5 0.448884 0.000194828
  373 372.5 0.452602 0.000196442
  374 373.5 0.454502 0.000197266
  375 374.5 0.450954 0.000195727
  376 375.5 0.454862 0.000197423
  377 376.5 0.454172 0.000197123
  378 377.5 0.459136 0.000199278
  379 378.5 0.459024 0.000199229
  380 379.5 0.458298 0.000198914
  381 380.5 0.455052 0.000197505
  382 381.5 0.455596 0.000197741
  383 382.5 0.45469 0.000197348
  384 383.5 0.459456 0.000199417
  385 384.5 0.457828 0.00019871
  386 385.5 0.45909 0.000199258
  387 386.5 0.463286 0.000201079
  388 387.5 0.463714 0.000201265
  389 388.5 0.463438 0.000201145
  390 389.5 0.458252 0.000198894
  391 390.5 0.463342 0.000201103
  392 391.5 0.462598 0.00020078
  393 392.5 0.463784 0.000201295
  394 393.5 0.459182 0.000199298
  395 394.5 0.462154 0.000200588
  396 395.5 0.46427 0.000201506
  397 396.5 0.463792 0.000201299
  398 397.5 0.460914 0.000200049
  399 398.5 0.462468 0.000200724
  400 399.5 0.462858 0.000200893
  401 400.5 0.458782 0.000199124
  402 401.5 0.46022 0.000199748
  403 402.5 0.460038 0.000199669
  404 403.5 0.460044 0.000199672
  405 404.5 0.464018 0.000201397
  406 405.5 0.463718 0.000201266
  407 406.5 0.462736 0.00020084
  408 407.5 0.462204 0.000200609
  409 408.5 0.459 0.000199219
  410 409.5 0.462292 0.000200648
  411 410.5 0.463102 0.000200999
  412 411.5 0.466688 0.000202556
  413 412.5 0.46589 0.000202209
  414 413.5 0.463604 0.000201217
  415 414.5 0.465644 0.000202102
  416 415.5 0.46682 0.000202613
  417 416.5 0.466302 0.000202388
  418 417.5 0.464482 0.000201598
  419 418.5 0.46282 0.000200877
  420 419.5 0.461962 0.000200504
  421 420.5 0.458716 0.000199095
  422 421.5 0.45616 0.000197986
  423 422.5 0.461284 0.00020021
  424 423.5 0.462352 0.000200674
  425 424.5 0.466772 0.000202592
  426 425.5 0.465762 0.000202154
  427 426.5 0.464712 0.000201698
  428 427.5 0.464714 0.000201699
  429 428.5 0.463046 0.000200975
  430 429.5 0.466722 0.00020257
  431 430.5 0.466464 0.000202458
  432 431.5 0.466622 0.000202527
  433 432.5 0.463874 0.000201334
  434 433.5 0.461814 0.00020044
  435 434.5 0.45617 0.00019799
  436 435.5 0.457422 0.000198534
  437 436.5 0.454288 0.000197174
  438 437.5 0.45431 0.000197183
  439 438.5 0.456952 0.00019833
  440 439.5 0.454472 0.000197253
  441 440.5 0.460534 0.000199885
  442 441.5 0.460524 0.00019988
  443 442.5 0.459864 0.000199594
  444 443.5 0.457834 0.000198713
  445 444.5 0.4568 0.000198264
  446 445.5 0.456848 0.000198285
  447 446.5 0.459402 0.000199393
  448 447.5 0.456342 0.000198065
  449 448.5 0.457244 0.000198457
  450 449.5 0.460384 0.000199819
  451 450.5 0.461082 0.000200122
  452 451.5 0.461042 0.000200105
  453 452.5 0.460698 0.000199956
  454 453.5 0.460154 0.00019972
  455 454.5 0.461842 0.000200452
  456 455.5 0.464242 0.000201494
  457 456.5 0.463454 0.000201152
  458 457.5 0.464602 0.00020165
  459 458.5 0.470342 0.000204141
  460 459.5 0.46744 0.000202882
  461 460.5 0.467238 0.000202794
  462 461.5 0.468252 0.000203234
  463 462.5 0.465208 0.000201913
  464 463.5 0.464904 0.000201781
  465 464.5 0.464566 0.000201635
  466 465.5 0.462052 0.000200543
  467 466.5 0.464908 0.000201783
  468 467.5 0.467112 0.00020274
  469 468.5 0.467808 0.000203042
  470 469.5 0.462822 0.000200878
  471 470.5 0.469352 0.000203712
  472 471.5 0.464126 0.000201444
  473 472.5 0.464432 0.000201576
  474 473.5 0.467526 0.000202919
  475 474.5 0.469602 0.00020382
  476 475.5 0.470652 0.000204276
  477 476.5 0.477752 0.000207358
  478 477.5 0.487778 0.000211709
  479 478.5 0.492658 0.000213827
  480 479.5 0.502542 0.000218117
